KYMOANALYSIS DATA

General Information :

Tiff path : E:\Google Drive\microtubule dynamics and cut7\20-15 screens and tests\gtb1-K5A\19-08-01&02 (gtb1-K5A, cut7-3GFP and MTs)\
Spindle type : Bipolar
Start frame : 1
End frame : 231
Start time (s) : 0.000
End time (s) : 2022.670
Time step (s) : 8.794
Num poles : 2
Num tracks : 9
Num tracks poleward : 1
Num tracks antipoleward : 1
Num tracks ambiguous : 7
Comments : {

}
Poles Information :


Pole number : 1

Time (s) : 21.530709,23.575463,27.612898,33.034583,38.115778,42.612783,47.435343,51.822574,55.260884,58.206165,61.343073,64.479982,67.425262,70.763105,74.700073,78.679807,82.175818,85.963925,90.192988,93.981094,97.477105,101.55731,106.14547,111.22667,116.65766,122.08865,127.27031,132.50968,138.33323,144.21448,149.74594,154.82714,159.71671,165.4491,172.72391,181.19134,189.45784,196.03306,201.28173,207.10528,212.97723,217.31607,220.46228,223.80012,227.93803,232.81829,237.89948,243.13885,248.9624,254.84365,260.47558,266.10751,272.08923,278.46351,284.8955,291.16931,296.70077,301.59034,306.67154,312.00206,316.98279,321.42209,326.11072,331.28308,335.77078,339.20909,342.15437,345.29128,348.42819,351.47393,355.06111,358.94037,362.33592,365.67376,369.16046,372.29737,374.69192,376.63621,378.48003,380.32385,382.16767,384.01149,385.95577,388.24986,390.83603,393.13012,395.0744,396.91822,398.76204,400.60586,402.44968,404.2935,406.23779,408.83327,413.27258,420.44692,429.85765,440.32707,451.13135,461.05004,469.26814,475.35033,479.68917,483.02701,485.97229,489.20967,492.89731,496.93474,500.91447,504.20955,507.09713,509.84148,512.62859,515.4734,518.71078,522.29795,525.98559,529.67323,533.36087,537.14897,541.28688,545.81734,550.40551,554.8355,558.62361,562.11962,566.30029,571.33872,577.16227,583.04353,588.67545,594.10644,599.08717,603.32554,607.01318,610.35102,613.84703,618.47797,624.25875,630.63304,637.06502,643.53977,650.07223,656.89677,663.62085,669.80351,675.8857,682.15952,688.14124,693.6727,698.75389,703.64346,709.07445,714.69707,719.3857,723.27428,727.06238,731.30075,736.18101,741.16174,745.95084,750.93157,755.71136,759.399,761.99449,764.28857,766.52495,768.62741,771.41452,775.00169,779.24006,784.22079,789.55131,794.53204,798.56947,801.55752,804.31117,808.29091,813.0707,817.75933,822.18933,825.97744,829.47345,833.55365,838.04135,842.67228,847.15998,851.34065,855.08599,858.61546,861.35981,863.50503,865.89958,868.93602,872.07293,875.01821,878.35605,882.39348,886.82348,891.06185,895.40069,900.28095,905.26168,909.95031,914.48077,918.51821,921.75559,924.2506,926.84609,930.43326,934.86326,939.45142,944.18282,949.42218,955.79647,962.87035,969.79536,976.42828,983.25283,989.87644,995.50837,1000.197,1004.2772,1007.6727,1010.9101,1013.9466,1016.4416,1018.9366,1022.0735,1025.6607,1029.4488,1033.5867,1038.1171,1042.9062,1048.3372,1054.0603,1059.2997,1064.3809,1069.1607,1072.8483,1075.3433,1077.3881,1079.6822,1082.1679,1084.1122,1085.7644,1087.7998,1089.4427

Position (um) : 6.5921,6.5909,6.5842,6.5697,6.554,6.5419,6.5305,6.5195,6.5093,6.5038,6.5026,6.5026,6.5026,6.5026,6.5014,6.4959,6.4857,6.4748,6.4646,6.4579,6.4512,6.441,6.4288,6.4131,6.3987,6.3908,6.3841,6.3739,6.3629,6.3515,6.3406,6.3291,6.3182,6.308,6.3013,6.2946,6.2856,6.2801,6.2789,6.2789,6.2789,6.2789,6.2789,6.2789,6.2789,6.2789,6.2789,6.2789,6.2789,6.2789,6.2789,6.2789,6.2789,6.2789,6.2789,6.2789,6.2789,6.2789,6.2789,6.2789,6.2789,6.2789,6.2789,6.2789,6.2789,6.2789,6.2789,6.2789,6.2789,6.2789,6.2789,6.2789,6.2789,6.2789,6.2789,6.2789,6.2789,6.2789,6.2789,6.2789,6.2777,6.2722,6.2632,6.2578,6.2565,6.2553,6.2499,6.2409,6.2354,6.2342,6.2342,6.2342,6.2342,6.2342,6.2342,6.2329,6.2263,6.2106,6.1906,6.1737,6.1616,6.1514,6.1459,6.1435,6.138,6.129,6.1235,6.1223,6.1223,6.1223,6.1223,6.1223,6.1223,6.1223,6.1223,6.1223,6.1223,6.1223,6.1223,6.1223,6.1223,6.1211,6.1156,6.1054,6.0945,6.083,6.0709,6.054,6.0328,6.0105,5.9881,5.9669,5.95,5.9367,5.921,5.9053,5.8919,5.8738,5.8472,5.8158,5.7867,5.7565,5.7196,5.6816,5.6471,5.6132,5.5787,5.5407,5.5026,5.4681,5.4355,5.4064,5.3774,5.346,5.317,5.2879,5.2553,5.2208,5.1815,5.1368,5.0853,5.0274,4.9736,4.9324,4.8986,4.8708,4.8459,4.8157,4.7722,4.716,4.6482,4.5673,4.485,4.4076,4.343,4.2946,4.2509,4.1972,4.1392,4.0878,4.043,4.0037,3.9692,3.9354,3.9009,3.8628,3.826,3.7957,3.7667,3.7353,3.7087,3.6906,3.676,3.6536,3.6222,3.5889,3.5551,3.5206,3.4813,3.4366,3.3864,3.3326,3.2812,3.2298,3.176,3.127,3.0878,3.0563,3.0193,2.9656,2.9009,2.8326,2.7575,2.6681,2.5629,2.4468,2.3235,2.1928,2.0496,1.9058,1.7837,1.691,1.618,1.5611,1.5139,1.4704,1.4311,1.3953,1.3561,1.3125,1.2678,1.2231,1.1783,1.1324,1.0822,1.0284,0.9782,0.93224,0.88872,0.85187,0.82828,0.81126,0.78465,0.75095,0.72544,0.70063,0.67169,0.65054

Intensity : 569.2357,567.6004,564.3472,565.3171,592.8204,632.3063,673.547,712.9796,717.8089,704.9376,690.2468,680.3183,671.3329,660.4982,642.3169,624.3595,641.3869,667.0466,685.7659,694.2355,704.1248,721.4135,740.5794,735.8454,734.2857,733.0387,746.0653,761.6386,764.6146,781.0775,804.2002,792.4457,787.419,791.9913,778.5565,777.166,782.4652,774.5766,753.6216,734.4125,724.0604,729.0668,732.3414,734.2367,736.5863,737.6086,738.6691,742.9777,750.2208,760.355,757.3485,756.6929,760.3517,785.7673,817.4972,849.5028,866.2903,863.8643,845.3732,804.645,759.877,705.593,648.85,589.8116,551.6376,540.6021,531.1491,517.9601,503.6663,489.788,486.026,483.1761,476.4167,465.9357,454.9872,444.6225,436.6843,430.2389,424.8136,422.5559,420.9577,421.5894,423.8298,424.0713,422.0811,420.2821,420.3522,424.7094,429.5169,432.7737,435.5888,438.404,431.6815,420.8814,402.4088,378.0192,364.1177,376.7155,383.1652,380.5035,393.4531,407.0076,425.914,439.9294,451.029,463.7905,476.1098,479.7082,482.8143,491.2298,499.2246,506.823,505.4484,503.2378,500.7222,499.1079,497.5004,480.185,449.9045,419.3963,388.9404,356.168,326.4342,303.865,307.9229,312.2199,335.9946,372.7521,447.5816,518.7875,578.919,597.9632,601.1579,586.5831,580.448,573.6897,564.872,563.7332,569.6127,573.4865,587.2053,602.5965,597.8277,564.429,536.5059,515.397,497.9781,482.3617,460.9646,441.7221,422.9558,409.8613,407.3962,398.1207,379.3617,369.2189,363.0961,351.3949,327.7863,319.4381,331.4451,342.9273,349.9321,356.5246,359.4624,360.246,352.3365,340.3364,327.3525,318.7612,314.7883,309.7,297.6471,283.8505,274.84,272.2382,271.6446,270.0016,268.4718,266.9121,271.8575,274.5931,273.6965,272.8503,276.001,285.7496,287.9588,286.0686,284.8088,284.3429,283.4787,283.3667,284.4403,288.0477,294.0569,299.002,306.5898,315.0418,319.7372,317.0434,312.1645,307.771,304.6613,307.8044,313.5642,311.1901,312.3456,314.0025,316.3146,322.0974,332.2496,339.7353,336.3847,323.9845,303.024,293.6338,282.3422,275.4921,289.6264,309.1266,314.0373,308.9746,306.3259,311.7064,319.1198,317.2651,314.1582,313.3562,314.3927,317.9003,321.5798,318.8367,323.7922,338.3384,356.9402,368.0637,374.4108,378.1096,360.8539,352.7858,338.543,328.6718,318.8265,310.282,300.3924,292.3785,284.4226,279.4734

Time pixel : 2.44828,2.680792,3.139893,3.756398,4.334186,4.845546,5.393924,5.892801,6.283775,6.618686,6.975387,7.332089,7.667,8.046549,8.494226,8.946766,9.344301,9.775051,10.25594,10.68669,11.08423,11.54819,12.06992,12.64771,13.26527,13.88283,14.47205,15.06782,15.73002,16.39879,17.02777,17.60556,18.16156,18.8134,19.64062,20.60346,21.54346,22.29113,22.88796,23.55017,24.21787,24.71125,25.06901,25.44855,25.91908,26.47402,27.05181,27.64758,28.30978,28.97855,29.61896,30.25937,30.93956,31.66439,32.39578,33.10918,33.73817,34.29416,34.87195,35.47809,36.04446,36.54925,37.0824,37.67056,38.18086,38.57183,38.90674,39.26345,39.62015,39.96648,40.37438,40.8155,41.20161,41.58116,41.97764,42.33434,42.60662,42.82771,43.03737,43.24704,43.4567,43.66636,43.88745,44.14831,44.44239,44.70325,44.92434,45.134,45.34366,45.55333,45.76299,45.97265,46.19374,46.48888,46.99367,47.80948,48.87958,50.07007,51.29863,52.4265,53.36099,54.0526,54.54598,54.92553,55.26044,55.62856,56.04789,56.50699,56.95953,57.33422,57.66256,57.97463,58.29155,58.61504,58.98317,59.39107,59.81039,60.22972,60.64904,61.07979,61.55032,62.06548,62.58721,63.09095,63.5217,63.91923,64.39462,64.96755,65.62975,66.29851,66.93892,67.55649,68.12285,68.6048,69.02413,69.40368,69.80121,70.3278,70.98514,71.70997,72.44135,73.17761,73.92042,74.69644,75.46105,76.16408,76.8557,77.5691,78.24929,78.87827,79.45606,80.01206,80.62963,81.26898,81.80213,82.2443,82.67505,83.157,83.71194,84.27831,84.82288,85.38924,85.93276,86.35208,86.64722,86.90808,87.16238,87.40146,87.71838,88.12628,88.60823,89.1746,89.78074,90.3471,90.8062,91.14598,91.4591,91.91164,92.45515,92.9883,93.49204,93.92279,94.32033,94.78429,95.29459,95.82118,96.33148,96.80687,97.23276,97.6341,97.94616,98.19009,98.46238,98.80766,99.16436,99.49927,99.87882,100.3379,100.8417,101.3236,101.817,102.3719,102.9383,103.4714,103.9866,104.4457,104.8138,105.0975,105.3927,105.8006,106.3043,106.826,107.3641,107.9598,108.6847,109.489,110.2765,111.0307,111.8067,112.5599,113.2003,113.7335,114.1974,114.5836,114.9517,115.297,115.5807,115.8644,116.2211,116.629,117.0597,117.5303,118.0454,118.59,119.2076,119.8583,120.4541,121.0319,121.5754,121.9947,122.2785,122.511,122.7718,123.0545,123.2756,123.4634,123.6949,123.8817

Position pixel : 61.7817,61.7703,61.7076,61.572,61.425,61.3112,61.2039,61.1015,61.0057,60.9545,60.943,60.943,60.943,60.943,60.9316,60.8804,60.7846,60.6822,60.5863,60.5237,60.4611,60.3652,60.2514,60.1044,59.9688,59.8947,59.8321,59.7363,59.6339,59.5266,59.4242,59.3169,59.2145,59.1187,59.0561,58.9934,58.909,58.8578,58.8464,58.8464,58.8464,58.8464,58.8464,58.8464,58.8464,58.8464,58.8464,58.8464,58.8464,58.8464,58.8464,58.8464,58.8464,58.8464,58.8464,58.8464,58.8464,58.8464,58.8464,58.8464,58.8464,58.8464,58.8464,58.8464,58.8464,58.8464,58.8464,58.8464,58.8464,58.8464,58.8464,58.8464,58.8464,58.8464,58.8464,58.8464,58.8464,58.8464,58.8464,58.8464,58.835,58.7838,58.6994,58.6482,58.6367,58.6253,58.5741,58.4897,58.4385,58.4271,58.4271,58.4271,58.4271,58.4271,58.4271,58.4156,58.353,58.206,58.0192,57.8607,57.7469,57.651,57.5998,57.577,57.5258,57.4414,57.3902,57.3788,57.3788,57.3788,57.3788,57.3788,57.3788,57.3788,57.3788,57.3788,57.3788,57.3788,57.3788,57.3788,57.3788,57.3673,57.3161,57.2203,57.1179,57.0106,56.8968,56.7383,56.5401,56.3304,56.1208,55.9225,55.7641,55.6388,55.4918,55.3448,55.2195,55.0496,54.8002,54.5061,54.2338,53.9501,53.6048,53.2481,52.9246,52.6077,52.2842,51.9275,51.5708,51.2473,50.9418,50.6696,50.3973,50.1032,49.8309,49.5586,49.2531,48.9296,48.5615,48.1422,47.6602,47.1167,46.613,46.2269,45.9099,45.6491,45.4166,45.1329,44.7249,44.1984,43.5628,42.8048,42.0336,41.3088,40.7026,40.249,39.8401,39.3363,38.7928,38.3109,37.8916,37.5234,37.1999,36.883,36.5595,36.2028,35.8575,35.5738,35.3016,35.0075,34.758,34.5881,34.4515,34.2418,33.9477,33.6357,33.3187,32.9953,32.6271,32.2078,31.7373,31.2335,30.7516,30.2696,29.7659,29.3068,28.9387,28.6435,28.2972,27.7935,27.1873,26.5469,25.8439,25.0052,24.0195,22.9315,21.7759,20.5511,19.2087,17.8608,16.7167,15.8486,15.1636,14.6304,14.1882,13.7803,13.4122,13.0773,12.7092,12.3013,11.882,11.4626,11.0433,10.6126,10.142,9.63829,9.16776,8.73701,8.32911,7.98383,7.76274,7.60322,7.35379,7.03792,6.79885,6.56633,6.29511,6.09687

Pole type : Curve
Start frame : 1
End frame : 231
Start time (s) : 0.000
End time (s) : 2022.670
Time step (s) : 8.794

Pole number : 2

Time (s) : 21.631177,24.025727,28.355257,33.585313,38.465574,42.153213,44.849165,47.894913,52.32491,57.554967,62.535695,66.774065,70.461704,73.799547,77.19509,81.174825,85.111792,88.349168,90.844185,93.339203,96.476111,99.962816,103.09972,105.49427,107.53903,109.83311,112.41929,114.71337,116.65766,118.60195,120.9965,124.23387,128.27131,132.7013,136.93967,141.17804,145.50757,149.29568,152.89216,157.32216,162.30288,167.44178,172.7146,177.40324,181.74207,186.17207,190.2095,193.64781,197.14383,201.77476,207.55554,213.82936,219.71062,224.89228,229.78185,235.51424,242.78905,251.15602,259.37412,267.1085,275.3266,283.69357,291.16931,297.9027,304.72725,311.35086,316.78185,320.67043,323.71617,326.85308,329.88952,332.38454,334.87956,338.01647,341.60364,345.29128,349.07938,353.31775,358.19801,362.97781,366.86638,370.46286,374.99332,380.22338,385.20411,389.44248,393.43152,398.12015,403.74277,408.97283,412.8614,416.00762,419.79572,424.57552,429.45578,433.69415,437.48225,441.27036,446.01107,453.14264,461.7347,468.22438,472.51482,476.20246,479.8901,483.57774,487.16491,490.30182,492.79684,495.19139,497.87803,500.62238,503.50996,506.80504,510.6843,514.17101,516.66602,518.61031,520.5546,522.84868,525.43486,527.62847,529.1225,530.22396,531.71798,534.01207,537.14897,540.73615,544.32332,547.56069,550.40551,553.19262,555.93696,558.62361,561.01816,563.41271,566.19982,569.59537,574.2263,579.90662,585.73017,590.96954,596.1512,601.48172,606.46245,610.80129,615.03966,619.57012,624.15829,628.78922,633.67879,639.66051,646.67668,653.55893,660.13415,666.46567,672.38969,677.72952,683.26098,688.8836,693.57223,697.36034,700.49724,702.99226,705.38681,708.07346,710.71734,712.95372,714.50544,716.09993,718.29355,721.08066,724.37574,728.35547,732.39291,736.18101,739.86865,743.55629,747.14346,750.28037,752.67492,754.61921,756.46303,758.30685,760.15067,761.99449,763.83831,765.68213,767.52594,769.36976,771.31405,773.60813,776.19431,778.58886,780.98341,783.77052,787.0656,791.04534,795.18324,799.52207,804.40233,809.18213,812.86977,815.36478,817.30907,819.15289,820.99671,822.84053,824.78482,827.17937,830.21581,833.25225,835.6468,837.69155,840.0861,843.12254,846.15899,848.654,851.14902,854.3864,858.42383,862.85383,867.0922,871.33057,875.76057,879.99893,884.2373,888.6673,892.8052,896.59331,900.38142,904.51932,908.94932,913.08722,916.97579,921.11369,925.64416,930.23232,934.86326,939.45142,943.98189,948.22026,952.55909,957.64029,963.32061,968.6939,973.09044,977.27111,981.30854,985.09665,988.78429,992.57239,996.60983,1000.7905,1005.187,1010.6608,1016.8918,1023.4671,1030.3493,1037.5664,1044.5491,1051.5746,1058.8494,1066.0238,1072.3981,1077.7379,1082.9195,1088.2501,1093.3313,1098.0199,1102.6508,1107.3395,1112.3202,1117.4014,1122.5403,1127.7126,1131.951,1135.7484,1140.7292,1146.9025,1153.435,1160.2595,1166.8831,1172.6155,1178.0558,1184.4301,1191.504,1198.429,1204.9614,1211.3357,1217.3174,1222.8489,1227.9301,1232.8197,1238.4516,1245.0752,1251.7993,1257.8815,1263.5134,1269.0449,1274.5763,1280.1078,1285.5388,1290.62,1295.3086,1299.9395,1304.5277,1309.0581,1313.1961,1316.9842,1320.5713,1323.8087,1326.8545,1330.5421,1335.0726,1340.2115,1345.9345,1351.466,1356.7054,1361.9782,1366.4659,1369.8037,1372.1983,1374.243,1376.6376,1379.7745,1383.4621,1387.801,1393.3324,1399.8556,1405.9285,1410.1668,1412.7623,1414.7066,1416.5504,1418.2938,1419.6873,1420.7888,1422.1823,1424.0262,1426.3202,1429.0069,1431.7512,1434.5383,1437.2827,1439.9693,1442.163,1443.657,1444.7584,1446.0515,1447.2441,1447.7949

Position (um) : 7.82251,7.82251,7.82251,7.82251,7.82251,7.82251,7.82251,7.82251,7.82251,7.82251,7.82373,7.82919,7.83942,7.85034,7.86179,7.87272,7.88294,7.88962,7.89631,7.90531,7.91199,7.91868,7.9289,7.93983,7.95127,7.9622,7.97243,7.97911,7.98579,7.9948,8.00026,8.00148,8.00148,8.0027,8.00816,8.01839,8.02931,8.04076,8.0529,8.06981,8.08974,8.10665,8.1188,8.13024,8.14239,8.15929,8.17923,8.19614,8.2095,8.22641,8.24756,8.26993,8.2923,8.31345,8.33158,8.35041,8.3751,8.39626,8.40962,8.42106,8.43199,8.44222,8.4489,8.4568,8.47249,8.49364,8.51601,8.53838,8.56075,8.58191,8.59881,8.61096,8.6224,8.63455,8.65146,8.67139,8.68952,8.70834,8.73426,8.75966,8.77778,8.79115,8.80927,8.83467,8.86058,8.87819,8.89086,8.903,8.91869,8.93316,8.94106,8.94774,8.95675,8.96221,8.96343,8.96343,8.96465,8.97011,8.98034,8.99249,9.00817,9.02386,9.03601,9.04623,9.0517,9.05292,9.05414,9.0596,9.06982,9.08075,9.0922,9.10434,9.12125,9.1424,9.16355,9.18046,9.19261,9.20405,9.2162,9.23188,9.24635,9.25426,9.26094,9.26994,9.27663,9.28331,9.29353,9.30446,9.31469,9.32137,9.32805,9.33706,9.34252,9.34374,9.34374,9.34374,9.34374,9.34496,9.35042,9.35943,9.36489,9.36611,9.36611,9.36611,9.36611,9.36611,9.36611,9.36611,9.36611,9.36611,9.36611,9.36611,9.36733,9.37279,9.3818,9.38726,9.38848,9.3897,9.39516,9.40539,9.41632,9.42776,9.43991,9.45559,9.47128,9.48343,9.49487,9.5058,9.51603,9.52271,9.52939,9.53962,9.55054,9.56199,9.57291,9.58436,9.5965,9.61219,9.62666,9.63456,9.64124,9.65025,9.65693,9.66362,9.67262,9.6793,9.68599,9.69499,9.70168,9.70836,9.71736,9.72283,9.72527,9.73073,9.73974,9.74642,9.75432,9.77001,9.79116,9.81353,9.8359,9.85705,9.87396,9.88611,9.89755,9.90848,9.91992,9.93085,9.94229,9.95444,9.97135,9.99128,10.007,10.0149,10.0228,10.0372,10.0517,10.0596,10.0663,10.0777,10.0941,10.1146,10.1322,10.1491,10.1648,10.1781,10.1951,10.215,10.2307,10.2386,10.2453,10.2543,10.2597,10.2622,10.2676,10.2779,10.2888,10.299,10.3057,10.3124,10.3226,10.3335,10.3438,10.3504,10.3571,10.3673,10.3783,10.3885,10.3952,10.4019,10.4109,10.4163,10.4188,10.4242,10.4332,10.4387,10.4411,10.4466,10.4568,10.4678,10.4792,10.4901,10.5004,10.5058,10.507,10.507,10.507,10.5083,10.5137,10.5227,10.5282,10.5294,10.5294,10.5306,10.5361,10.5451,10.5506,10.5518,10.5518,10.5518,10.5518,10.553,10.5585,10.5675,10.5729,10.5741,10.5741,10.5741,10.5754,10.5808,10.5898,10.5953,10.5965,10.5965,10.5965,10.5965,10.5965,10.5965,10.5965,10.5965,10.5965,10.5965,10.5965,10.5965,10.5965,10.5965,10.5965,10.5965,10.5965,10.5965,10.5965,10.5965,10.5965,10.5965,10.5953,10.5886,10.5741,10.5585,10.5451,10.5294,10.5149,10.5083,10.5058,10.5004,10.4901,10.4792,10.4678,10.4544,10.432,10.4019,10.3752,10.3583,10.3517,10.3504,10.3504,10.3492,10.3438,10.3347,10.3293,10.3268,10.3214,10.3124,10.3057,10.299,10.29,10.2845,10.2821,10.2766,10.2676,10.261,10.2543,10.2453

Intensity : 639.5776,655.26574,678.03928,697.47867,694.98198,685.54926,675.42783,656.44932,628.84535,610.34517,597.10238,596.94304,596.81784,619.8089,644.94627,665.29624,676.55428,684.90658,682.13659,674.25656,667.26689,616.20649,567.29631,530.74474,519.33906,508.24076,497.02663,489.34063,489.5203,490.69486,492.01989,498.65991,520.16295,538.52749,530.05177,519.84363,494.33305,471.93593,458.15174,444.5323,437.71713,436.00691,437.69596,432.31302,411.24126,394.57692,384.52758,375.76056,389.89377,406.50193,425.04766,446.50983,470.16083,472.81844,471.0268,462.13819,436.9234,422.63903,448.92354,470.21058,440.88151,379.81163,327.72894,335.99205,359.68346,399.57721,448.40223,496.78359,542.81247,587.30649,623.45574,653.10805,677.64895,687.61771,698.05386,715.08993,737.06102,757.64282,779.78784,795.69566,800.45384,800.16856,783.92139,778.5983,783.14831,787.64727,801.52762,816.20595,826.18399,794.90602,765.99277,741.57336,710.75825,680.59855,658.72599,658.17323,665.09697,664.16028,653.73718,641.46799,608.97054,579.33696,572.95618,571.6127,572.73164,573.47846,580.71213,589.63399,599.84995,598.15103,597.40051,597.79161,612.94139,639.9652,675.89957,698.41174,707.15289,714.06282,717.46456,723.78865,735.73494,748.6331,745.48588,745.17028,744.7969,744.61711,736.29828,717.46748,704.02924,706.5551,714.55438,725.07103,749.41527,777.02415,800.87072,827.45184,868.28526,918.93785,988.43532,1074.22,1099.1303,1096.4037,1060.299,1022.2075,986.14197,949.41179,913.09291,896.94989,883.81141,854.68256,822.98932,783.59422,765.82013,760.6318,753.13215,764.62427,763.35018,757.88278,755.38353,760.0244,769.4968,766.16562,760.55974,757.63642,744.1814,724.39817,704.32996,682.80593,670.58822,661.83945,652.77184,643.59948,631.2852,620.49162,623.35914,635.55279,648.74467,654.81896,658.59718,665.92743,672.03233,677.47787,681.93052,681.09912,680.50119,679.55562,678.55752,679.70701,685.31725,691.79407,694.52326,699.44105,692.63114,684.32787,676.23851,674.79464,686.0307,703.08751,707.72822,716.35558,727.80875,744.96136,711.4126,692.04694,679.1531,668.42173,659.27002,646.03916,632.21932,617.23472,594.93832,580.02977,574.9661,582.89434,592.99408,606.37785,615.50567,623.0279,631.78961,643.39683,656.72243,678.21187,702.34938,720.98864,737.43036,756.82306,781.28911,811.86323,833.05697,847.29697,861.69043,872.39891,885.01209,897.37234,893.21306,879.85786,861.65684,839.71462,827.12102,823.16262,853.09783,899.65538,932.8892,955.36655,984.50428,1006.9348,1000.3453,1004.5279,1030.0545,1053.915,1038.3963,1019.4732,1006.7116,1000.5141,995.02736,981.8025,999.23729,1013.4088,1022.4535,1018.5577,1038.5483,1050.2491,1046.8993,1028.2198,1005.6767,1003.0453,999.14781,985.90816,970.807,955.99028,945.64791,935.00564,938.42697,944.90695,948.67459,953.21179,952.37339,952.23532,959.98088,956.46375,944.72256,939.28659,908.374,891.07282,882.94192,886.94777,894.12226,899.27132,898.50369,875.07162,857.35235,843.81474,826.09568,815.53081,818.27956,821.40864,815.84409,800.23032,769.81686,751.34624,745.02683,740.49549,733.80201,721.96288,706.07313,686.29631,677.98733,675.77616,677.6927,681.06154,674.59937,655.75902,638.03389,617.24087,592.471,571.29061,555.60233,561.29797,552.87762,537.37905,529.07881,525.27236,522.93058,520.29539,517.67485,515.1147,518.58137,525.05961,525.1498,531.31812,543.36425,546.58815,546.73399,546.28719,545.34346,543.81529,540.6813,536.48242,533.38445,531.06458,528.94188,526.70103,525.70908,523.94619,520.9079,519.64644,519.28026,513.21511,509.51985,505.55767,502.67657,503.08565

Time pixel : 2.459705,2.731991,3.224307,3.819022,4.373962,4.793288,5.099847,5.446183,5.949922,6.544638,7.111002,7.592951,8.012277,8.391827,8.777937,9.230477,9.678154,10.04628,10.32999,10.6137,10.9704,11.36688,11.72358,11.99587,12.22838,12.48924,12.78332,13.04418,13.26527,13.48636,13.75864,14.12677,14.58587,15.08961,15.57156,16.05351,16.54582,16.97657,17.38553,17.88927,18.45564,19.03999,19.63956,20.17271,20.66609,21.16983,21.62893,22.0199,22.41744,22.94403,23.60137,24.31477,24.98353,25.57275,26.12874,26.78058,27.60781,28.55922,29.49371,30.3732,31.30769,32.2591,33.10918,33.87484,34.65087,35.40404,36.02161,36.46378,36.81012,37.16682,37.5121,37.79581,38.07952,38.43622,38.84412,39.26345,39.6942,40.17615,40.73108,41.2746,41.71677,42.12573,42.6409,43.23561,43.80198,44.28393,44.73752,45.27067,45.91003,46.50474,46.94692,47.30468,47.73543,48.27894,48.83388,49.31583,49.74658,50.17733,50.7164,51.52734,52.50435,53.2423,53.73017,54.1495,54.56882,54.98815,55.39605,55.75275,56.03646,56.30875,56.61425,56.92631,57.25466,57.62935,58.07047,58.46694,58.75065,58.97174,59.19283,59.45369,59.74777,59.99721,60.16709,60.29234,60.46223,60.72309,61.07979,61.48769,61.89559,62.26372,62.58721,62.90413,63.2162,63.5217,63.79398,64.06627,64.3832,64.76931,65.2959,65.94181,66.60401,67.19979,67.789,68.39514,68.9615,69.45488,69.93683,70.45199,70.97372,71.5003,72.0563,72.73649,73.53431,74.3169,75.06457,75.78453,76.45816,77.06536,77.69435,78.3337,78.86685,79.2976,79.6543,79.93801,80.2103,80.5158,80.81644,81.07074,81.24719,81.4285,81.67794,81.99486,82.36955,82.82209,83.28119,83.71194,84.13127,84.55059,84.95849,85.31519,85.58748,85.80857,86.01823,86.22789,86.43756,86.64722,86.85688,87.06655,87.27621,87.48587,87.70696,87.96782,88.2619,88.53418,88.80647,89.1234,89.49808,89.95062,90.42115,90.91452,91.46946,92.01298,92.4323,92.71601,92.9371,93.14676,93.35643,93.56609,93.78718,94.05946,94.40474,94.75002,95.0223,95.25482,95.5271,95.87238,96.21766,96.50137,96.78508,97.1532,97.61231,98.11604,98.59799,99.07994,99.58368,100.0656,100.5476,101.0513,101.5218,101.9526,102.3833,102.8539,103.3576,103.8281,104.2703,104.7408,105.256,105.7777,106.3043,106.826,107.3412,107.8232,108.3165,108.8943,109.5402,110.1512,110.6512,111.1266,111.5857,112.0164,112.4357,112.8665,113.3256,113.801,114.3009,114.9233,115.6319,116.3795,117.1621,117.9828,118.7768,119.5757,120.4029,121.2187,121.9435,122.5507,123.14,123.7461,124.3239,124.857,125.3836,125.9168,126.4831,127.0609,127.6453,128.2334,128.7154,129.1472,129.7135,130.4155,131.1583,131.9344,132.6875,133.3394,133.958,134.6828,135.4872,136.2747,137.0175,137.7423,138.4225,139.0515,139.6293,140.1853,140.8257,141.5789,142.3435,143.0351,143.6755,144.3045,144.9335,145.5624,146.18,146.7578,147.2909,147.8175,148.3393,148.8544,149.3249,149.7557,150.1636,150.5317,150.8781,151.2974,151.8125,152.3969,153.0477,153.6767,154.2724,154.872,155.3823,155.7619,156.0342,156.2667,156.539,156.8957,157.315,157.8084,158.4373,159.1791,159.8696,160.3516,160.6467,160.8678,161.0775,161.2757,161.4342,161.5594,161.7179,161.9276,162.1884,162.4939,162.806,163.1229,163.435,163.7405,163.9899,164.1598,164.285,164.4321,164.5677,164.6303

Position pixel : 73.3131,73.3131,73.3131,73.3131,73.3131,73.3131,73.3131,73.3131,73.3131,73.3131,73.3246,73.3758,73.4716,73.574,73.6813,73.7837,73.8795,73.9421,74.0047,74.0892,74.1518,74.2144,74.3102,74.4126,74.5199,74.6223,74.7181,74.7808,74.8434,74.9278,74.979,74.9904,74.9904,75.0019,75.0531,75.1489,75.2513,75.3586,75.4724,75.6308,75.8177,75.9761,76.0899,76.1972,76.311,76.4695,76.6563,76.8148,76.94,77.0985,77.2967,77.5064,77.716,77.9143,78.0842,78.2606,78.4921,78.6903,78.8156,78.9228,79.0252,79.1211,79.1837,79.2577,79.4048,79.603,79.8127,80.0223,80.232,80.4302,80.5887,80.7025,80.8098,80.9236,81.0821,81.2689,81.4388,81.6152,81.8581,82.0961,82.266,82.3912,82.5611,82.7991,83.042,83.2071,83.3257,83.4396,83.5866,83.7222,83.7963,83.8589,83.9433,83.9945,84.0059,84.0059,84.0173,84.0685,84.1644,84.2782,84.4253,84.5723,84.6861,84.782,84.8332,84.8446,84.856,84.9072,85.003,85.1054,85.2127,85.3265,85.485,85.6832,85.8815,86.0399,86.1538,86.261,86.3748,86.5219,86.6575,86.7315,86.7942,86.8786,86.9412,87.0038,87.0997,87.2021,87.2979,87.3605,87.4232,87.5076,87.5588,87.5702,87.5702,87.5702,87.5702,87.5816,87.6328,87.7172,87.7684,87.7799,87.7799,87.7799,87.7799,87.7799,87.7799,87.7799,87.7799,87.7799,87.7799,87.7799,87.7913,87.8425,87.9269,87.9781,87.9895,88.0009,88.0521,88.148,88.2504,88.3576,88.4715,88.6185,88.7655,88.8794,88.9866,89.089,89.1849,89.2475,89.3101,89.406,89.5084,89.6156,89.718,89.8253,89.9391,90.0861,90.2218,90.2958,90.3584,90.4428,90.5055,90.5681,90.6525,90.7151,90.7778,90.8622,90.9248,90.9874,91.0718,91.123,91.1459,91.1971,91.2815,91.3441,91.4182,91.5652,91.7634,91.9731,92.1828,92.381,92.5395,92.6533,92.7606,92.863,92.9702,93.0726,93.1799,93.2937,93.4522,93.639,93.786,93.8601,93.9341,94.0697,94.2053,94.2794,94.342,94.4493,94.6029,94.7946,94.9596,95.118,95.2651,95.3903,95.5488,95.7356,95.8827,95.9567,96.0193,96.1037,96.1549,96.1778,96.229,96.3248,96.4272,96.5231,96.5857,96.6483,96.7442,96.8466,96.9424,97.005,97.0676,97.1635,97.2659,97.3617,97.4243,97.487,97.5714,97.6226,97.6454,97.6966,97.781,97.8322,97.8551,97.9063,98.0021,98.1045,98.2118,98.3142,98.41,98.4612,98.4727,98.4727,98.4727,98.4841,98.5353,98.6197,98.6709,98.6823,98.6823,98.6937,98.7449,98.8294,98.8806,98.892,98.892,98.892,98.892,98.9034,98.9546,99.039,99.0902,99.1016,99.1016,99.1016,99.1131,99.1643,99.2487,99.2999,99.3113,99.3113,99.3113,99.3113,99.3113,99.3113,99.3113,99.3113,99.3113,99.3113,99.3113,99.3113,99.3113,99.3113,99.3113,99.3113,99.3113,99.3113,99.3113,99.3113,99.3113,99.3113,99.2999,99.2373,99.1016,98.9546,98.8294,98.6823,98.5467,98.4841,98.4612,98.41,98.3142,98.2118,98.1045,97.9793,97.7696,97.487,97.2375,97.0791,97.0164,97.005,97.005,96.9936,96.9424,96.858,96.8068,96.7839,96.7327,96.6483,96.5857,96.5231,96.4386,96.3874,96.3646,96.3134,96.229,96.1664,96.1037,96.0193

Pole type : Curve
Start frame : 1
End frame : 231
Start time (s) : 0.000
End time (s) : 2022.670
Time step (s) : 8.794

Feature Information :


Feature number : 1

Time (s) : 752.8759,753.6275,755.7207,758.5989,761.0512,763.2876,765.0309,766.2329,767.6264,769.3698,771.2136,772.9569,774.3505,775.452,776.745,778.0381,779.1396,780.5331,782.176,783.5696,784.6711,786.0646,787.808,789.6518,791.4956,793.239,794.6325,795.734,797.1275,798.8709,800.7147,802.659,804.9531,807.6397,810.3841,813.0707,815.4653,817.8598,820.446,822.7401,824.6843,826.5282,828.372,830.3163,832.6104,835.1965,837.5911,839.9856,842.5718,844.9664,847.3609,849.9471,852.3416,854.7362,857.3224,859.6165,861.6612,863.9553,866.5415,868.8356,870.7798,872.6237,874.4675,876.3113,878.1551,879.9989,881.8428,883.6866,885.5304,887.3742,889.218,891.0619,892.9057,894.649,896.0426,897.144,898.4371,899.7302,900.7312,901.6745,902.575,903.4179,903.8681,903.9686

Position (um) : 9.4924,9.4767,9.4556,9.4332,9.4121,9.3952,9.383,9.3716,9.3606,9.3492,9.3383,9.3268,9.3159,9.3057,9.299,9.2923,9.2821,9.2712,9.2597,9.2488,9.2386,9.2319,9.2252,9.215,9.2041,9.1926,9.1817,9.1715,9.1648,9.1569,9.1424,9.1267,9.1133,9.0977,9.0832,9.0753,9.0674,9.0529,9.0372,9.0251,9.0149,9.0082,9.0015,8.9925,8.9858,8.9791,8.9701,8.9647,8.9634,8.9634,8.9634,8.9634,8.9634,8.9634,8.9622,8.9568,8.9477,8.9423,8.9411,8.9411,8.9411,8.9411,8.9398,8.9344,8.9254,8.9199,8.9187,8.9187,8.9175,8.912,8.903,8.8975,8.8963,8.8951,8.8896,8.8806,8.8739,8.8673,8.857,8.8461,8.8347,8.8225,8.8068,8.7924

Intensity : 616.3068,613.3504,614.1379,612.377,610.736,611.3133,613.8585,610.4523,606.5418,602.1832,598.1524,595.0736,591.6228,586.6842,580.2969,574.1122,569.8333,563.4894,556.6889,552.57,550.308,546.4866,541.6516,537.7565,534.5736,530.093,527.2638,524.6121,519.3443,513.0778,507.5828,500.7252,491.5338,480.4425,470.2271,461.1713,453.2233,446.6504,447.263,447.656,448.0704,448.0056,450.868,454.8505,459.0996,464.0841,463.5527,461.269,457.4905,454.6607,454.1048,453.5045,452.9486,450.8443,448.239,446.7391,446.4247,444.5184,441.2715,438.146,435.4282,432.0814,429.1044,427.5461,427.4168,425.844,421.7004,417.1241,412.9661,410.238,406.946,400.9732,393.5679,386.5789,382.4252,380.503,375.9578,371.2285,368.8509,365.0134,361.3209,358.0453,357.2238,358.1325

Time pixel : 85.61033,85.6958,85.93382,86.26111,86.53996,86.79426,86.9925,87.12917,87.28763,87.48587,87.69553,87.89377,88.05223,88.17748,88.32452,88.47156,88.59681,88.75527,88.94209,89.10055,89.2258,89.38426,89.5825,89.79216,90.00182,90.20006,90.35852,90.48377,90.64224,90.84047,91.05014,91.27122,91.53209,91.83759,92.14965,92.45515,92.72744,92.99973,93.2938,93.55467,93.77575,93.98541,94.19508,94.41616,94.67703,94.9711,95.24339,95.51568,95.80976,96.08204,96.35433,96.64841,96.92069,97.19298,97.48706,97.74792,97.98043,98.24129,98.53537,98.79623,99.01732,99.22698,99.43665,99.64631,99.85597,100.0656,100.2753,100.485,100.6946,100.9043,101.1139,101.3236,101.5333,101.7315,101.89,102.0152,102.1623,102.3093,102.4231,102.5304,102.6328,102.7286,102.7798,102.7912

Position pixel : 88.9638,88.8167,88.6185,88.4088,88.2106,88.0521,87.9383,87.8311,87.7287,87.6214,87.519,87.4117,87.3093,87.2135,87.1509,87.0882,86.9924,86.89,86.7827,86.6803,86.5845,86.5219,86.4593,86.3634,86.261,86.1538,86.0514,85.9555,85.8929,85.8188,85.6832,85.5362,85.4109,85.2639,85.1283,85.0542,84.9802,84.8446,84.6975,84.5837,84.4879,84.4253,84.3626,84.2782,84.2156,84.153,84.0685,84.0173,84.0059,84.0059,84.0059,84.0059,84.0059,84.0059,83.9945,83.9433,83.8589,83.8077,83.7963,83.7963,83.7963,83.7963,83.7848,83.7336,83.6492,83.598,83.5866,83.5866,83.5752,83.524,83.4396,83.3884,83.3769,83.3655,83.3143,83.2299,83.1673,83.1047,83.0088,82.9064,82.7991,82.6853,82.5383,82.4027

Brightness max : 489.92
Brightness min : 214.00
Feature direction : Antipoleward
Feature speed : Slow
Feature type : Curve
Start frame : 1
End frame : 231
Start time (s) : 0.000
End time (s) : 2022.670
Time step (s) : 8.794

Feature number : 2

Time (s) : 889.9697,891.71305,894.19876,896.49284,898.5376,900.83168,903.41786,905.71194,907.65623,909.50005,911.34387,913.18769,915.03151,916.97579,919.26987,921.85605,924.15014,926.09442,927.93824,929.78206,931.62588,933.4697,935.31352,937.05687,938.45043,939.55189,940.94545,942.58833,943.98189,945.08335,946.4769,948.22026,950.06408,951.9079,953.75172,955.59553,957.43935,959.28317,961.12699,962.97081,964.81463,966.65845,968.50227,970.34609,972.18991,974.03373,975.87755,977.6209,979.01446,980.11592,981.50948,983.25283,985.09665,986.94047,988.78429,990.62811,992.47192,994.31574,996.15956,998.00338,999.8472,1001.691,1003.5348,1005.3787,1007.2225,1009.0663,1010.9101,1012.7539,1014.5978,1016.4416,1018.1849,1019.5785,1020.6799,1022.0735,1023.8169,1025.5602,1026.9538,1027.9548,1028.8981,1029.899,1031.1921,1032.3848,1033.036,1033.5867,1034.4295,1035.4305,1036.7236,1038.0167,1039.1181,1040.4112,1041.6039

Position (um) : 7.3303,7.3303,7.3316,7.337,7.3473,7.3594,7.3751,7.3896,7.3962,7.3987,7.4041,7.4132,7.4186,7.4211,7.4265,7.4355,7.441,7.4434,7.4489,7.4579,7.4646,7.4713,7.4803,7.4869,7.4936,7.5026,7.5081,7.5105,7.516,7.525,7.5317,7.5384,7.5486,7.5595,7.5697,7.5764,7.5831,7.5921,7.5976,7.5988,7.6,7.6055,7.6145,7.62,7.6224,7.6279,7.6369,7.6435,7.6502,7.6592,7.6647,7.6659,7.6659,7.6659,7.6659,7.6659,7.6659,7.6659,7.6659,7.6659,7.6659,7.6659,7.6659,7.6659,7.6647,7.6592,7.649,7.6381,7.6266,7.6157,7.6043,7.5933,7.5819,7.571,7.5595,7.5474,7.5317,7.516,7.5002,7.4736,7.4399,7.4156,7.3962,7.3751,7.3527,7.3316,7.3147,7.3013,7.2832,7.2578,7.2331

Intensity : 326.1696,327.7365,329.8878,331.6934,333.0455,334.5886,334.9659,335.0782,335.8363,337.1138,338.021,338.5286,338.9598,337.8274,336.0468,333.4221,331.1599,329.337,327.2243,324.7874,322.8327,322.5821,322.6928,323.0611,323.2063,322.8756,323.2106,326.4422,328.8664,330.3071,332.7123,335.9705,338.8929,340.1468,341.5062,343.1751,344.4926,343.9139,341.5117,339.7491,337.996,335.6892,332.7925,330.2823,328.175,325.7018,322.8172,322.1275,321.6677,320.8206,320.4752,320.7468,321.4989,325.7894,330.0798,334.3703,338.6607,341.532,341.2251,340.9183,340.6114,340.3046,338.5283,335.4958,332.605,330.1682,328.1645,323.7957,318.8126,313.8181,309.2583,305.8429,304.4894,303.3869,301.5612,299.9546,299.2545,299.2212,299.398,300.4899,300.0452,299.5498,299.5999,299.911,299.376,297.8486,296.5773,295.0816,292.2386,289.1434,285.5649

Time pixel : 101.1994,101.3977,101.6803,101.9412,102.1737,102.4345,102.7286,102.9895,103.2106,103.4202,103.6299,103.8396,104.0492,104.2703,104.5312,104.8253,105.0861,105.3072,105.5169,105.7265,105.9362,106.1459,106.3555,106.5538,106.7122,106.8375,106.9959,107.1827,107.3412,107.4665,107.6249,107.8232,108.0328,108.2425,108.4521,108.6618,108.8715,109.0811,109.2908,109.5005,109.7101,109.9198,110.1294,110.3391,110.5488,110.7584,110.9681,111.1663,111.3248,111.45,111.6085,111.8067,112.0164,112.2261,112.4357,112.6454,112.8551,113.0647,113.2744,113.484,113.6937,113.9034,114.113,114.3227,114.5324,114.742,114.9517,115.1613,115.371,115.5807,115.7789,115.9374,116.0626,116.2211,116.4193,116.6176,116.776,116.8899,116.9971,117.1109,117.258,117.3936,117.4676,117.5303,117.6261,117.7399,117.887,118.034,118.1593,118.3063,118.4419

Position pixel : 68.7005,68.7005,68.712,68.7632,68.859,68.9728,69.1199,69.2555,69.3181,69.341,69.3922,69.4766,69.5278,69.5506,69.6018,69.6862,69.7374,69.7603,69.8115,69.8959,69.9585,70.0211,70.1056,70.1682,70.2308,70.3152,70.3664,70.3893,70.4405,70.5249,70.5875,70.6501,70.746,70.8484,70.9442,71.0068,71.0695,71.1539,71.2051,71.2165,71.2279,71.2791,71.3635,71.4147,71.4376,71.4888,71.5732,71.6358,71.6984,71.7829,71.8341,71.8455,71.8455,71.8455,71.8455,71.8455,71.8455,71.8455,71.8455,71.8455,71.8455,71.8455,71.8455,71.8455,71.8341,71.7829,71.687,71.5846,71.4774,71.375,71.2677,71.1653,71.058,70.9556,70.8484,70.7345,70.5875,70.4405,70.2924,70.0429,69.7271,69.4994,69.3181,69.1199,68.9102,68.712,68.5535,68.4283,68.2584,68.0204,67.7889

Brightness max : 489.92
Brightness min : 214.00
Feature direction : Ambiguous
Feature speed : Slow
Feature type : Curve
Start frame : 1
End frame : 231
Start time (s) : 0.000
End time (s) : 2022.670
Time step (s) : 8.794

Feature number : 3

Time (s) : 614.5894,615.0397,615.8825,616.783,617.7263,618.7273,620.0204,621.3135,622.3145,623.2578,624.1583,625.0011,625.5518,626.1026,626.9454,627.8459,628.6888,629.2395,629.7902,630.633,631.634,632.9271,634.2202,635.3217,636.6148,637.9078,638.9088,639.8521,640.8531,642.1462,643.4393,644.4403,645.3836,646.3846,647.7781,649.5215,651.2648,652.6584,653.7599,655.053,656.346,657.347,658.1899,658.7406,659.3918,660.5844,661.8775,662.979,664.2721,665.5651,666.6666,667.9597,669.2528,670.3542,671.7478,673.3907,674.7842,675.7852,676.6281,677.1788,677.7295,678.5723,679.4729,680.3157

Position (um) : 7.5172,7.5329,7.5541,7.5764,7.5988,7.62,7.6381,7.6557,7.6761,7.6937,7.7119,7.733,7.7542,7.7711,7.7845,7.8014,7.8225,7.8437,7.8606,7.8739,7.8921,7.9187,7.9501,7.9779,8.0015,8.0238,8.0462,8.0686,8.091,8.1133,8.1357,8.1581,8.1792,8.1961,8.2095,8.2264,8.2476,8.2699,8.2935,8.3214,8.3515,8.3739,8.3885,8.4042,8.4211,8.4399,8.467,8.4991,8.5329,8.565,8.5921,8.611,8.6291,8.6502,8.6726,8.695,8.7161,8.733,8.7464,8.7621,8.7778,8.7899,8.8002,8.8056

Intensity : 290.6749,291.7515,293.4888,295.332,295.8787,296.6127,297.8664,299.2282,300.255,300.526,300.213,299.0303,297.7002,296.8476,296.6287,296.6808,296.7977,296.7539,296.9509,297.7317,298.7752,300.8289,304.1076,307.5108,311.7219,315.5522,318.666,321.7467,325.1427,328.6637,326.7972,325.9331,325.688,325.8502,326.3252,327.2666,329.3117,332.2973,335.3185,339.2297,341.7549,343.7974,345.5274,346.8572,348.4556,349.4507,350.6247,352.449,355.2821,361.4602,367.2265,372.2678,375.4489,379.4035,385.6005,392.5961,399.9201,406.1904,411.4724,419.6923,428.7971,436.823,444.2664,449.1479

Time pixel : 69.8856,69.9368,70.0327,70.1351,70.2423,70.3562,70.5032,70.6502,70.7641,70.8713,70.9737,71.0696,71.1322,71.1948,71.2906,71.393,71.4889,71.5515,71.6141,71.71,71.8238,71.9708,72.1179,72.2431,72.3902,72.5372,72.651,72.7583,72.8721,73.0191,73.1662,73.28,73.3873,73.5011,73.6596,73.8578,74.056,74.2145,74.3397,74.4868,74.6338,74.7476,74.8435,74.9061,74.9802,75.1158,75.2628,75.3881,75.5351,75.6821,75.8074,75.9544,76.1015,76.2267,76.3852,76.572,76.7304,76.8443,76.9401,77.0027,77.0654,77.1612,77.2636,77.3594

Position pixel : 70.4519,70.5989,70.7972,71.0068,71.2165,71.4147,71.5846,71.7496,71.9413,72.1064,72.2762,72.4745,72.6727,72.8312,72.9564,73.1149,73.3131,73.5114,73.6698,73.7951,73.965,74.2144,74.5085,74.7693,74.9904,75.2001,75.4098,75.6194,75.8291,76.0387,76.2484,76.4581,76.6563,76.8148,76.94,77.0985,77.2967,77.5064,77.7275,77.9883,78.271,78.4806,78.6173,78.7644,78.9228,79.0993,79.3536,79.6542,79.9711,80.2718,80.5261,80.7025,80.8724,81.0706,81.2803,81.49,81.6882,81.8467,81.9719,82.119,82.266,82.3798,82.4757,82.5269

Brightness max : 489.92
Brightness min : 214.00
Feature direction : Poleward
Feature speed : Slow
Feature type : Curve
Start frame : 1
End frame : 231
Start time (s) : 0.000
End time (s) : 2022.670
Time step (s) : 8.794

Feature number : 4

Time (s) : 255.5953,256.9889,259.1825,261.7687,264.0628,266.1075,268.4016,271.0882,273.8326,276.5192,278.8133,280.7576,282.6014,284.5457,286.8398,289.426,291.72,293.6643,295.5082,297.352,299.1958,301.1401,303.4342,306.0203,308.3144,310.2587,312.1025,313.9463,315.7902,317.634,319.5783,321.8724,324.4585,326.7526,328.7974,331.0915,333.6776,335.9717,337.916,339.7598,341.6036,343.4475,345.2913,347.1351,348.9789,350.8227,352.6666,354.5104,356.3542,358.198,360.0418,361.8857,363.7295,365.5733,367.4171,369.2609,371.1048,372.8481,374.1412,374.7924,375.3431,376.0855,376.5357,376.7367,377.1869,377.9293,378.48,379.0308,379.7731,380.2234,380.4243,380.8746,381.6169,382.1677,382.7184,383.5612,384.4618,385.3046,385.8553,386.406,387.2489,388.1494,389.0927,389.9932,390.836,391.3868,391.9375,392.7803,393.6808,394.5237,395.0744,395.6251,396.3675,396.9182,397.5694,398.762,399.9547,400.6059,401.1566,401.9994,402.8999,403.8432,404.8442,406.1373,407.4304,408.4314,409.2742,409.7245

Position (um) : 7.5764,7.5764,7.5764,7.5764,7.5764,7.5764,7.5764,7.5764,7.5764,7.5764,7.5776,7.5831,7.5921,7.5988,7.6055,7.6145,7.62,7.6212,7.6212,7.6212,7.6212,7.6212,7.6212,7.6212,7.6212,7.6224,7.6279,7.6369,7.6423,7.6435,7.6435,7.6435,7.6448,7.6502,7.6592,7.6647,7.6659,7.6659,7.6659,7.6659,7.6659,7.6659,7.6659,7.6659,7.6659,7.6659,7.6659,7.6659,7.6659,7.6659,7.6659,7.6659,7.6659,7.6659,7.6659,7.6659,7.6659,7.6647,7.658,7.6423,7.6212,7.5988,7.5764,7.5553,7.5384,7.525,7.5093,7.4936,7.4803,7.4634,7.4434,7.4265,7.4132,7.3962,7.3751,7.3539,7.337,7.3237,7.3068,7.2856,7.2632,7.2409,7.2185,7.1961,7.1738,7.1514,7.129,7.1054,7.0776,7.0462,7.0196,7.0015,6.9869,6.9621,6.921,6.8751,6.8406,6.8158,6.7934,6.7711,6.7487,6.7251,6.6973,6.6659,6.6381,6.6145,6.5933,6.5776

Intensity : 310.7448,310.1131,309.1188,307.9465,306.932,306.2249,305.4316,304.5026,302.7334,299.986,297.6023,295.4592,293.9157,292.6182,291.0065,288.941,288.0675,287.9588,287.9279,287.8969,287.919,288.4228,289.0172,289.6872,290.0725,289.7574,289.3046,288.6513,288.0488,288.2517,289.0556,290.004,291.0263,291.7192,292.1165,292.7177,293.5923,294.8374,295.9932,297.0891,298.1851,299.0372,299.182,299.3269,299.4718,299.6166,299.6047,299.4274,299.2501,299.0729,298.8956,298.2903,297.5165,296.7426,295.9687,295.1949,294.0995,293.0494,292.2599,291.8211,291.3893,290.7592,290.2903,289.4903,288.6413,287.7274,286.8345,285.8924,284.8414,284.0093,283.4529,282.7264,281.8005,280.9826,280.0852,278.94,277.8889,276.9956,276.3422,275.6838,274.7291,273.9451,273.4238,273.0357,272.789,272.8899,274.0813,275.3558,277.0872,279.3314,282.2805,284.3901,285.6502,288.3407,292.9522,297.6499,301.0982,303.8564,306.481,309.0501,311.7537,314.7928,318.7334,321.3514,323.1874,324.8876,327.3439,329.601

Time pixel : 29.064,29.2225,29.4719,29.766,30.0269,30.2594,30.5202,30.8257,31.1378,31.4433,31.7042,31.9253,32.1349,32.356,32.6169,32.9109,33.1718,33.3929,33.6026,33.8122,34.0219,34.243,34.5038,34.7979,35.0588,35.2799,35.4895,35.6992,35.9088,36.1185,36.3396,36.6005,36.8945,37.1554,37.3879,37.6488,37.9428,38.2037,38.4248,38.6345,38.8441,39.0538,39.2634,39.4731,39.6828,39.8924,40.1021,40.3118,40.5214,40.7311,40.9407,41.1504,41.3601,41.5697,41.7794,41.9891,42.1987,42.397,42.544,42.618,42.6807,42.7651,42.8163,42.8391,42.8903,42.9748,43.0374,43.1,43.1844,43.2356,43.2585,43.3097,43.3941,43.4567,43.5193,43.6152,43.7176,43.8134,43.876,43.9386,44.0345,44.1369,44.2442,44.3466,44.4424,44.505,44.5676,44.6635,44.7659,44.8617,44.9243,44.987,45.0714,45.134,45.2081,45.3437,45.4793,45.5533,45.616,45.7118,45.8142,45.9215,46.0353,46.1823,46.3294,46.4432,46.539,46.5902

Position pixel : 71.0068,71.0068,71.0068,71.0068,71.0068,71.0068,71.0068,71.0068,71.0068,71.0068,71.0183,71.0695,71.1539,71.2165,71.2791,71.3635,71.4147,71.4262,71.4262,71.4262,71.4262,71.4262,71.4262,71.4262,71.4262,71.4376,71.4888,71.5732,71.6244,71.6358,71.6358,71.6358,71.6472,71.6984,71.7829,71.8341,71.8455,71.8455,71.8455,71.8455,71.8455,71.8455,71.8455,71.8455,71.8455,71.8455,71.8455,71.8455,71.8455,71.8455,71.8455,71.8455,71.8455,71.8455,71.8455,71.8455,71.8455,71.8341,71.7714,71.6244,71.4262,71.2165,71.0068,70.8086,70.6501,70.5249,70.3778,70.2308,70.1056,69.9471,69.7603,69.6018,69.4766,69.3181,69.1199,68.9216,68.7632,68.6379,68.4795,68.2812,68.0716,67.8619,67.6522,67.4426,67.2329,67.0232,66.8136,66.5925,66.3316,66.0376,65.7881,65.6182,65.4816,65.249,64.864,64.4343,64.1108,63.8783,63.6686,63.459,63.2493,63.0282,62.7674,62.4733,62.2124,61.9913,61.7931,61.6461

Brightness max : 410.66
Brightness min : 214.00
Feature direction : Ambiguous
Feature speed : Slow
Feature type : Curve
Start frame : 1
End frame : 231
Start time (s) : 0.000
End time (s) : 2022.670
Time step (s) : 8.794

Feature number : 5

Time (s) : 468.0321,468.9611,470.4236,472.1477,473.6771,474.9733,476.2025,477.4317,478.6609,479.8901,481.1193,482.4155,483.9449,485.669,487.2654,488.7948,490.2187,491.2532,492.2492,493.4114,494.5737,495.5027,496.17,496.7989,497.4662,498.3953,499.5575,500.7867,501.949,502.878,503.6123,504.5413,505.6366,506.5656,507.2999,508.162,509.0241,509.7584,510.6874,511.7827,512.7117,513.446,514.3081,515.1701,515.9044,516.8335,517.9287,518.8578,519.5921,520.5211,521.6833,522.9126,524.1418,525.371,526.5332,527.3953

Position (um) : 7.4803,7.4856,7.4989,7.5153,7.5279,7.5391,7.5496,7.5585,7.569,7.5794,7.5883,7.5996,7.6137,7.6286,7.6435,7.6585,7.6726,7.6838,7.6927,7.7032,7.7137,7.7218,7.7294,7.7367,7.7443,7.7516,7.7592,7.7665,7.7741,7.7814,7.7882,7.7919,7.7935,7.7971,7.8031,7.8076,7.8121,7.8181,7.8217,7.8233,7.827,7.833,7.8374,7.8419,7.8479,7.8515,7.8532,7.8568,7.8628,7.8664,7.8673,7.8673,7.8681,7.8725,7.8822,7.8918

Intensity : 324.85,325.6505,326.877,328.0612,328.8644,329.3487,329.3973,329.5532,329.8129,329.7577,329.1634,328.4063,327.14,324.3297,322.5266,321.6075,321.5001,321.7868,321.5591,322.0477,322.7773,323.4415,323.9187,324.4064,324.9682,325.8636,327.0757,328.4416,328.7144,328.3857,328.1902,327.7085,327.2625,326.7878,326.3001,325.904,325.557,325.2336,323.6828,321.1858,319.0416,317.3243,315.3824,313.4731,311.8655,309.8825,307.5673,305.6367,305.2162,304.6427,303.8913,303.0901,302.2918,301.5004,300.7477,300.1748

Time pixel : 53.2204,53.3261,53.4924,53.6884,53.8623,54.0097,54.1495,54.2893,54.429,54.5688,54.7086,54.856,55.0299,55.226,55.4075,55.5814,55.7433,55.8609,55.9742,56.1064,56.2385,56.3442,56.42,56.4915,56.5674,56.6731,56.8052,56.945,57.0772,57.1828,57.2663,57.3719,57.4965,57.6021,57.6856,57.7837,57.8817,57.9652,58.0708,58.1954,58.301,58.3845,58.4825,58.5806,58.6641,58.7697,58.8942,58.9999,59.0834,59.189,59.3212,59.461,59.6007,59.7405,59.8727,59.9707

Position pixel : 70.1059,70.1553,70.2798,70.4341,70.5518,70.6574,70.7554,70.8389,70.9369,71.035,71.1185,71.2241,71.3563,71.496,71.6358,71.7756,71.9078,72.0134,72.0969,72.1949,72.293,72.3688,72.4403,72.5086,72.5801,72.6484,72.7199,72.7882,72.8597,72.9279,72.9918,73.026,73.0412,73.0753,73.1316,73.1734,73.2151,73.2714,73.3055,73.3207,73.3549,73.4112,73.4529,73.4947,73.5509,73.5851,73.6003,73.6344,73.6907,73.7248,73.7325,73.7325,73.7401,73.7818,73.8722,73.9626

Brightness max : 410.66
Brightness min : 214.00
Feature direction : Ambiguous
Feature speed : Slow
Feature type : Curve
Start frame : 1
End frame : 231
Start time (s) : 0.000
End time (s) : 2022.670
Time step (s) : 8.794

Feature number : 6

Time (s) : 550.506,551.3488,552.3498,553.7433,555.4867,557.3305,559.0739,560.4674,561.4684,562.4117,563.4127,564.7058,565.9989,566.9999,567.8427,568.3934,568.9442,569.6865,570.2373,570.788,571.6308,572.6318,574.0254,575.7687,577.5121,578.8052

Position (um) : 8.4725,8.4792,8.4949,8.5148,8.5317,8.5451,8.562,8.5831,8.6055,8.6279,8.6502,8.6726,8.6938,8.7107,8.724,8.7397,8.7554,8.7688,8.7845,8.8002,8.8135,8.8304,8.8504,8.866,8.8727,8.8739

Intensity : 351.0517,353.6476,357.3863,362.4865,365.8975,368.7085,372.0554,375.9663,379.9725,384.3049,386.3338,385.5556,384.9622,384.7599,384.6326,385.4073,386.553,387.6997,389.8179,392.2124,394.2144,396.8765,399.8901,404.1105,405.9012,405.6003

Time pixel : 62.5986,62.6945,62.8083,62.9668,63.165,63.3747,63.5729,63.7314,63.8452,63.9524,64.0663,64.2133,64.3603,64.4742,64.57,64.6326,64.6953,64.7797,64.8423,64.9049,65.0008,65.1146,65.273,65.4713,65.6695,65.8166

Position pixel : 79.4048,79.4674,79.6144,79.8012,79.9597,80.085,80.2434,80.4417,80.6513,80.861,81.0706,81.2803,81.4785,81.637,81.7623,81.9093,82.0563,82.1816,82.3286,82.4757,82.6009,82.7594,82.9462,83.0932,83.1559,83.1673

Brightness max : 410.66
Brightness min : 214.00
Feature direction : Ambiguous
Feature speed : Slow
Feature type : Curve
Start frame : 1
End frame : 231
Start time (s) : 0.000
End time (s) : 2022.670
Time step (s) : 8.794

Feature number : 7

Time (s) : 575.7687,575.8692,576.3194,577.1623,578.0628,579.0061,579.9066,580.8499,581.8509,583.2445,585.0883,587.3824,589.8681,591.7119,592.9138,594.2069,595.3995,596.0507,596.6015,597.4443,598.4453,599.7384,601.0315,602.0325,603.0762,604.427,606.1127,607.4634,608.5072,609.4077,610.351,611.352,612.6451,613.8377,614.3885

Position (um) : 8.0765,8.0922,8.1133,8.1345,8.1514,8.1635,8.175,8.1871,8.204,8.2252,8.2476,8.2711,8.299,8.3304,8.357,8.3751,8.3885,8.4054,8.4265,8.4477,8.4658,8.4846,8.5105,8.5372,8.5608,8.5831,8.6043,8.6212,8.6333,8.6448,8.6557,8.6659,8.6726,8.6793,8.6883

Intensity : 319.0529,321.1783,324.0014,326.535,328.6611,330.2963,331.885,333.1831,334.6496,335.9404,336.4587,337.2698,337.6003,336.4028,336.2046,335.8198,335.5831,336.7423,338.7746,340.3826,341.7279,343.0783,345.9733,349.7368,353.6704,357.6262,361.6759,365.2667,368.3462,371.6187,375.3638,379.1912,382.5223,385.9184,389.4102

Time pixel : 65.4713,65.4827,65.5339,65.6297,65.7321,65.8394,65.9418,66.0491,66.1629,66.3214,66.531,66.7919,67.0745,67.2842,67.4209,67.5679,67.7035,67.7776,67.8402,67.936,68.0499,68.1969,68.3439,68.4578,68.5765,68.7301,68.9217,69.0753,69.194,69.2964,69.4037,69.5175,69.6645,69.8002,69.8628

Position pixel : 75.6935,75.8405,76.0387,76.237,76.3954,76.5093,76.6165,76.7304,76.8888,77.0871,77.2967,77.5178,77.7787,78.0727,78.3222,78.4921,78.6173,78.7758,78.974,79.1723,79.3421,79.5186,79.7615,80.0109,80.232,80.4417,80.6399,80.7984,80.9122,81.0194,81.1218,81.2177,81.2803,81.3429,81.4273

Brightness max : 410.66
Brightness min : 214.00
Feature direction : Ambiguous
Feature speed : Slow
Feature type : Curve
Start frame : 1
End frame : 231
Start time (s) : 0.000
End time (s) : 2022.670
Time step (s) : 8.794

Feature number : 8

Time (s) : 153.6345,154.1852,155.3779,156.671,157.672,158.6152,159.6162,160.9093,162.1019,162.7531,163.3039,164.0462,164.4965,164.6974,165.1477,165.8901,166.3403,166.4408,166.5413,166.9915,167.7339,168.2846,168.8353,169.6782,170.5787,171.4215,171.9722,172.523,173.2653,173.7156

Position (um) : 7.7475,7.7318,7.7107,7.6883,7.6659,7.6435,7.62,7.5921,7.5607,7.5341,7.516,7.5026,7.4857,7.4646,7.4422,7.4198,7.3975,7.3751,7.3527,7.3303,7.308,7.2856,7.262,7.2342,7.2028,7.175,7.1526,7.1357,7.1235,7.1133

Intensity : 386.3483,383.0333,378.8759,375.645,374.8904,374.8879,374.8021,375.2285,376.2485,377.1932,377.973,378.7836,379.6316,380.2544,379.9768,379.8617,379.5342,378.9816,378.2502,377.4534,375.8688,374.3195,372.7131,371.2207,369.9309,368.9093,368.2705,369.3312,370.295,371.239

Time pixel : 17.4699,17.5326,17.6682,17.8152,17.929,18.0363,18.1501,18.2972,18.4328,18.5068,18.5695,18.6539,18.7051,18.7279,18.7791,18.8635,18.9147,18.9262,18.9376,18.9888,19.0732,19.1358,19.1984,19.2943,19.3967,19.4925,19.5552,19.6178,19.7022,19.7534

Position pixel : 72.6101,72.4631,72.2648,72.0552,71.8455,71.6358,71.4147,71.1539,70.8598,70.6104,70.4405,70.3152,70.1568,69.9585,69.7489,69.5392,69.3295,69.1199,68.9102,68.7005,68.4909,68.2812,68.0601,67.7993,67.5052,67.2443,67.0347,66.8762,66.7624,66.6665

Brightness max : 410.66
Brightness min : 214.00
Feature direction : Ambiguous
Feature speed : Slow
Feature type : Curve
Start frame : 1
End frame : 231
Start time (s) : 0.000
End time (s) : 2022.670
Time step (s) : 8.794

Feature number : 9

Time (s) : 194.0981,194.1985,194.6488,195.4916,196.3922,197.235,197.7857,198.3364,199.0788,199.5291,199.73,200.1803,201.0231,201.9236,202.7664,203.3172,203.8679,204.6103,205.0605,205.2615,205.7117,206.4541,207.0048,207.5555,208.2979,208.7482,208.9491,209.3994,210.2422,211.1427,212.086,212.9865,213.9298,214.9308,216.2239,217.4165

Position (um) : 7.0698,7.0855,7.1066,7.129,7.1514,7.175,7.2016,7.2275,7.2463,7.2645,7.2856,7.308,7.3303,7.3527,7.3751,7.3975,7.4198,7.4422,7.4646,7.4869,7.5093,7.5317,7.5541,7.5764,7.5988,7.6212,7.6435,7.6659,7.6883,7.7107,7.7318,7.7487,7.7609,7.7711,7.7765,7.7778

Intensity : 372.4638,370.9408,368.8245,366.3895,363.8958,362.461,360.8366,359.0939,357.438,356.2989,355.6643,354.8,353.6314,352.4564,350.6527,349.0073,347.5195,345.9385,344.9103,343.4822,341.7184,339.9093,338.4443,337.133,335.0066,333.0435,331.1758,329.3237,327.7088,326.5331,324.0275,321.987,320.2172,318.5582,316.7162,315.1211

Time pixel : 22.0711,22.0825,22.1337,22.2296,22.332,22.4278,22.4904,22.5531,22.6375,22.6887,22.7115,22.7627,22.8586,22.961,23.0568,23.1194,23.182,23.2665,23.3177,23.3405,23.3917,23.4761,23.5387,23.6014,23.6858,23.737,23.7598,23.811,23.9069,24.0093,24.1165,24.2189,24.3262,24.44,24.5871,24.7227

Position pixel : 66.2586,66.4057,66.6039,66.8136,67.0232,67.2443,67.4938,67.7366,67.9131,68.083,68.2812,68.4909,68.7005,68.9102,69.1199,69.3295,69.5392,69.7489,69.9585,70.1682,70.3778,70.5875,70.7972,71.0068,71.2165,71.4262,71.6358,71.8455,72.0552,72.2648,72.4631,72.6215,72.7353,72.8312,72.8824,72.8938

Brightness max : 410.66
Brightness min : 214.00
Feature direction : Ambiguous
Feature speed : Slow
Feature type : Curve
Start frame : 1
End frame : 231
Start time (s) : 0.000
End time (s) : 2022.670
Time step (s) : 8.794

