KYMOANALYSIS DATA

General Information :

Tiff path : E:\Google Drive\microtubule dynamics and cut7\20-15 screens and tests\gtb1-K5A\19-08-01&02 (gtb1-K5A, cut7-3GFP and MTs)\
Spindle type : Bipolar
Start frame : 1
End frame : 231
Start time (s) : 0.000
End time (s) : 2022.670
Time step (s) : 8.794
Num poles : 2
Num tracks : 9
Num tracks poleward : 0
Num tracks antipoleward : 0
Num tracks ambiguous : 9
Comments : {

}
Poles Information :


Pole number : 1

Time (s) : 19.586422,20.879511,22.622864,24.366216,25.86024,27.411964,29.648346,32.292224,35.079337,37.92415,41.161526,44.748698,48.33587,51.573245,54.618993,58.407099,63.186893,68.067154,72.305523,76.093629,79.982203,84.670836,90.393922,96.375644,102.45783,108.53072,113.51144,117.10792,120.6467,125.23486,130.75702,135.63728,139.43469,143.77353,149.39615,155.2774,160.80886,165.89005,170.77962,176.31108,182.48443,188.66709,195.19954,202.01478,207.64671,212.24418,217.16721,222.10517,226.83657,231.5252,236.50593,241.48665,246.27575,251.25648,256.13674,260.37511,264.26369,268.40159,272.93205,277.62069,282.60141,287.58214,292.37124,297.45244,302.78296,307.76369,312.00206,315.79017,319.4778,323.16544,326.95355,331.09145,335.42098,339.20909,342.80557,347.4365,353.21729,359.59157,366.32496,374.35143,384.01149,393.97294,403.45068,412.8614,421.32883,428.06222,433.79461,439.22561,444.20633,448.54517,452.88401,458.06567,464.69859,473.26649,483.22794,493.8983,505.15284,515.91436,525.13346,532.6092,538.69139,543.97352,549.21288,555.23737,562.22009,570.33772,578.50376,585.07897,590.32764,596.55307,604.52747,613.48793,622.41493,631.7345,641.59549,651.06391,659.48295,667.21733,675.43544,683.8024,691.37861,698.4618,705.67891,712.66162,719.48617,725.75999,731.20029,736.93268,743.65676,750.93157,758.30685,765.38072,771.30474,776.00268,781.28481,787.70749,793.98131,799.32114,804.5028,809.83333,814.81405,819.25336,824.04246,829.66508,834.9956,839.33444,843.02208,846.15899,848.654,851.04855,853.63473,856.02928,858.62477,862.21194,866.54147,870.77984,875.01821,879.4482,883.68657,887.92494,892.45541,897.14404,902.3257,908.30743,915.23244,923.05798,931.72635,941.04591,951.266,962.52055,973.63186,983.34399,991.6291,999.8472,1007.9648,1015.6992,1023.8169,1031.9345,1039.3675,1046.1343,1051.7235,1056.3544,1059.9416,1062.4366,1064.3809,1066.2247,1067.9681,1069.2611

Position (um) : 2.1611,2.1521,2.1466,2.1442,2.1387,2.1297,2.1243,2.1218,2.1164,2.1074,2.1007,2.094,2.0838,2.0729,2.0626,2.0559,2.0493,2.0403,2.0348,2.0324,2.0269,2.0179,2.0124,2.01,2.0045,1.9955,1.9901,1.9876,1.9809,1.9665,1.9508,1.9386,1.9272,1.915,1.8981,1.877,1.8546,1.8322,1.8099,1.7875,1.7651,1.7428,1.7216,1.7059,1.698,1.6901,1.6756,1.6612,1.6545,1.652,1.6466,1.6376,1.6321,1.6309,1.6309,1.6297,1.6242,1.6152,1.6097,1.6073,1.6018,1.5928,1.5862,1.5795,1.5705,1.565,1.5626,1.5571,1.5481,1.5426,1.5414,1.5414,1.5414,1.5414,1.5414,1.5402,1.5347,1.5245,1.5124,1.4942,1.4664,1.4296,1.3927,1.3637,1.3401,1.3189,1.302,1.2899,1.2796,1.273,1.2663,1.2573,1.2506,1.2427,1.227,1.2071,1.1902,1.1768,1.1611,1.1466,1.1387,1.1321,1.123,1.1176,1.1164,1.1164,1.1164,1.1164,1.1151,1.1097,1.1007,1.0952,1.0928,1.0873,1.0771,1.0662,1.0559,1.0492,1.0426,1.0336,1.0281,1.0257,1.0202,1.0112,1.0057,1.0033,0.99783,0.98882,0.98336,0.98214,0.98214,0.98214,0.98214,0.98214,0.98214,0.98092,0.97545,0.96645,0.96098,0.95977,0.95977,0.95977,0.95977,0.95977,0.95977,0.95977,0.95977,0.95977,0.95977,0.95977,0.95977,0.95977,0.95977,0.95977,0.95977,0.95977,0.95977,0.95977,0.96098,0.96645,0.97545,0.98214,0.98882,0.99904,1.01,1.0214,1.0323,1.0438,1.0559,1.0741,1.1007,1.1333,1.1666,1.1992,1.227,1.2518,1.2796,1.3122,1.3468,1.3836,1.415,1.435,1.4531,1.4731,1.4888,1.4967,1.5034,1.5124

Intensity : 802.20147,811.9187,818.67495,822.52074,829.48506,832.44199,826.91559,820.28477,813.88885,813.58691,813.18713,811.09128,802.82963,794.9957,795.36349,801.42804,802.21683,789.98768,787.14583,793.63912,797.7289,782.87997,766.71702,748.95082,745.87641,743.51862,742.23383,764.37107,791.59027,816.41743,835.71135,858.14185,880.1005,878.35497,860.63422,834.04979,809.48371,781.03826,755.56307,714.72382,656.15263,629.64141,632.51769,651.078,679.77363,696.87003,691.76863,682.3121,671.19891,658.80111,643.28426,634.78625,629.74861,630.70594,633.83253,642.6391,650.73316,652.88471,657.35699,687.35345,715.78592,720.91699,727.9019,738.03529,713.79446,679.5616,675.07387,672.05844,671.83315,671.77328,674.04714,681.0394,686.5017,687.24305,687.94689,684.10435,680.57675,673.98286,668.00731,685.21961,719.31312,766.34634,783.57482,796.98033,809.57462,856.24226,905.53509,955.28354,990.98012,1011.1653,1033.1543,1058.3513,1068.3162,1046.3231,1062.3747,1106.2325,1118.6542,1078.3292,1072.9844,1076.1662,1072.4285,1062.839,1054.1931,1044.9577,1050.5646,1051.0873,1082.8121,1089.3958,1090.9881,1109.9913,1095.6032,1085.484,1051.2076,1008.6679,974.96029,984.28964,1011.6431,1013.8073,1004.7516,982.38696,965.1599,937.03609,904.32217,891.06551,881.81481,885.85319,893.901,899.27037,893.97806,874.13569,840.91675,802.21306,790.63921,784.71283,782.5282,785.51223,778.47889,757.6247,748.01328,740.17258,741.88303,746.71919,759.76438,763.46009,757.39262,755.07936,753.37472,750.40981,747.28187,744.27989,743.13734,748.57625,754.47156,762.70612,773.53212,783.81912,785.76141,787.77339,786.77074,783.65226,778.85979,775.98801,787.05385,795.91179,801.40553,808.30376,772.44914,689.63764,593.82056,568.85864,565.37076,559.90559,553.53197,550.12603,544.32204,549.07454,556.64143,550.29137,549.41465,547.33393,544.07192,539.01082,517.67273,506.26491,497.65251,482.223,466.20069,454.62341

Time pixel : 2.227193,2.374232,2.57247,2.770709,2.940596,3.117044,3.371346,3.671984,3.988909,4.312396,4.680522,5.088423,5.496324,5.86445,6.210785,6.641535,7.18505,7.73999,8.221939,8.652689,9.094863,9.628013,10.27879,10.95898,11.65059,12.34115,12.90751,13.31647,13.71887,14.24059,14.86852,15.42346,15.85527,16.34864,16.988,17.65676,18.28575,18.86354,19.41954,20.04852,20.7505,21.45354,22.19635,22.97132,23.61173,24.13452,24.69432,25.25582,25.79383,26.32698,26.89335,27.45971,28.00428,28.57065,29.12559,29.60754,30.04971,30.52024,31.0354,31.56855,32.13491,32.70128,33.24585,33.82364,34.42978,34.99614,35.47809,35.90884,36.32817,36.74749,37.17824,37.64877,38.14108,38.57183,38.98079,39.50738,40.16472,40.88955,41.65521,42.56791,43.66636,44.79909,45.87681,46.94692,47.90976,48.67542,49.32726,49.94482,50.51118,51.00456,51.49793,52.08714,52.84138,53.81565,54.94837,56.16171,57.44148,58.66518,59.7135,60.56357,61.25518,61.85582,62.45159,63.13664,63.93066,64.85372,65.78229,66.52996,67.1268,67.8347,68.74147,69.76038,70.77548,71.83522,72.95652,74.03318,74.99052,75.87001,76.8045,77.75591,78.61741,79.42285,80.24351,81.03753,81.81355,82.52696,83.14558,83.79741,84.56202,85.38924,86.22789,87.03227,87.7059,88.24011,88.84074,89.57107,90.28448,90.89167,91.48089,92.08703,92.65339,93.15819,93.70276,94.34212,94.94826,95.44163,95.86095,96.21766,96.50137,96.77365,97.06773,97.34002,97.63515,98.04305,98.53537,99.01732,99.49927,100.003,100.485,100.9669,101.4821,102.0152,102.6044,103.2846,104.0721,104.9619,105.9476,107.0074,108.1695,109.4493,110.7127,111.8171,112.7592,113.6937,114.6168,115.4963,116.4193,117.3424,118.1876,118.9571,119.5926,120.1192,120.5271,120.8108,121.0319,121.2416,121.4398,121.5868

Position pixel : 20.2541,20.1697,20.1185,20.0957,20.0445,19.9601,19.9089,19.886,19.8348,19.7504,19.6878,19.6252,19.5293,19.4269,19.3311,19.2685,19.2058,19.1214,19.0702,19.0474,18.9962,18.9118,18.8606,18.8377,18.7865,18.7021,18.6509,18.628,18.5654,18.4298,18.2828,18.1689,18.0617,17.9479,17.7894,17.5912,17.3815,17.1718,16.9622,16.7525,16.5428,16.3332,16.1349,15.9879,15.9139,15.8398,15.7042,15.5686,15.506,15.4831,15.4319,15.3475,15.2963,15.2849,15.2849,15.2734,15.2222,15.1378,15.0866,15.0638,15.0126,14.9282,14.8655,14.8029,14.7185,14.6673,14.6445,14.5933,14.5088,14.4576,14.4462,14.4462,14.4462,14.4462,14.4462,14.4348,14.3836,14.2878,14.1739,14.004,13.7432,13.3979,13.0526,12.7803,12.5593,12.361,12.2026,12.0887,11.9929,11.9303,11.8676,11.7832,11.7206,11.6466,11.4995,11.3127,11.1542,11.029,10.882,10.7463,10.6723,10.6097,10.5252,10.474,10.4626,10.4626,10.4626,10.4626,10.4512,10.4,10.3156,10.2644,10.2415,10.1903,10.0945,9.9921,9.89626,9.83364,9.77101,9.6866,9.6354,9.61255,9.56135,9.47694,9.42574,9.40289,9.35169,9.26727,9.21607,9.20465,9.20465,9.20465,9.20465,9.20465,9.20465,9.19322,9.14202,9.05761,9.00641,8.99499,8.99499,8.99499,8.99499,8.99499,8.99499,8.99499,8.99499,8.99499,8.99499,8.99499,8.99499,8.99499,8.99499,8.99499,8.99499,8.99499,8.99499,8.99499,9.00641,9.05761,9.14202,9.20465,9.26727,9.36311,9.46551,9.57277,9.67517,9.78244,9.89626,10.0661,10.3156,10.6211,10.9332,11.2387,11.4995,11.732,11.9929,12.2984,12.6219,12.9672,13.2612,13.4491,13.619,13.8058,13.9528,14.0269,14.0895,14.1739

Pole type : Curve
Start frame : 1
End frame : 231
Start time (s) : 0.000
End time (s) : 2022.670
Time step (s) : 8.794

Pole number : 2

Time (s) : 15.89878,17.19187,19.03569,21.43024,24.46668,27.60359,30.54887,33.68578,36.82269,39.76797,43.10581,47.14325,51.57325,55.71115,59.39879,62.63616,65.38051,67.61689,69.26908,71.21337,73.69908,76.09363,78.48818,81.07436,83.46891,85.86346,88.5501,91.29445,94.08156,96.92637,100.1638,103.7509,107.3381,110.5755,113.5208,116.6577,119.6941,122.0886,124.0329,125.9772,128.3718,131.4082,134.4447,136.8392,138.884,141.178,143.7642,146.0583,148.1031,150.4976,153.534,156.671,159.5158,162.4034,165.598,169.1274,172.322,175.2096,177.954,180.7411,183.4854,186.2725,189.0169,191.7035,193.9976,195.9419,197.7857,199.6295,201.5738,203.8679,206.4541,208.7482,210.6925,212.4358,213.8294,214.9308,216.2239,217.517,218.6185,220.012,221.7554,223.8001,226.6449,230.4237,234.0109,237.2576,241.3955,246.4674,250.9551,254.3934,257.4391,261.3277,266.7587,273.2818,279.4552,284.2443,288.0324,291.1693,293.6643,296.0589,298.846,302.2415,306.6715,311.4513,315.6897,319.3773,322.6147,325.4595,328.2466,331.0915,334.2284,337.3653,340.2101,342.8967,345.2913,347.6858,350.3725,353.2173,356.4547,360.0418,363.7295,367.4171,371.0043,374.2417,377.2874,380.8746,384.7538,388.0489,391.037,394.332,398.1108,401.3482,404.0014,406.9801,409.624,411.6688,413.6131,416.0076,419.0441,422.181,425.1262,428.2632,431.2996,433.6941,435.6384,437.5827,439.8768,442.3625,444.3068,446.0595,448.7461,452.1323,455.3697,458.2145,461.0016,463.746,466.5331,469.3779,472.6153,476.3029,480.4408,484.8708,488.9083,492.2461,495.0909,497.7776,500.0716,502.1164,504.4105,507.0971,509.9419,512.9784,515.5646,517.2168,518.6103,519.9034,521.1053,522.9491,525.4349,527.8294,530.224,532.8101,535.1042,537.149,539.5435,542.6804,546.2676,550.0557,554.1936,558.6236,562.7615,566.4492,569.5861,571.8801,573.3742,574.5761,576.6208,580.1076,584.4371,588.4745,591.7119,594.1064,596.0507,597.7941,599.1876,600.3896,602.1329,604.2688,606.3713,609.1584,612.5446,615.6815,618.0761,619.9199,621.3135,622.4149,623.909,626.203,629.2395,632.2759,634.6705,636.6148,638.4586,640.2019,641.5955,642.6969,644.191,646.3846,648.9708,651.1644,652.6584,653.7599,655.053,656.346,657.4475,658.8411,660.5844,662.4282,664.3725,666.6666,669.2528,671.5469,673.5916,675.8857,678.5723,681.3167,684.1038,686.9486,690.0855,693.2224,696.1677,699.4051,702.8918,706.1292,708.974,711.6606,713.9547,715.9995,718.2935,720.8797,723.1738,725.1181,726.9619,728.8057,730.6496,732.5938,734.8879,737.4741,739.7682,741.7125,743.5563,745.4001,747.2439,749.0877,750.9316,752.6749,753.968

Position (um) : 5.32211,5.32211,5.32211,5.32211,5.32211,5.32211,5.32211,5.32211,5.32211,5.32211,5.32211,5.32211,5.32211,5.32211,5.32211,5.32211,5.32333,5.32879,5.3378,5.34448,5.35117,5.36017,5.36564,5.36807,5.37354,5.38376,5.39469,5.40491,5.4116,5.41828,5.4285,5.44065,5.45634,5.47203,5.48417,5.49562,5.50654,5.51677,5.52223,5.52467,5.53135,5.54704,5.56819,5.58935,5.60503,5.61294,5.62084,5.63653,5.65646,5.67459,5.69341,5.71933,5.74594,5.77075,5.79859,5.82996,5.8578,5.88139,5.90376,5.92613,5.9485,5.97087,5.99324,6.01439,6.0313,6.04467,6.06157,6.08273,6.1051,6.12625,6.14316,6.15652,6.17221,6.1879,6.20004,6.21027,6.21695,6.22485,6.23932,6.25501,6.26838,6.2865,6.31312,6.3445,6.37233,6.39836,6.43287,6.47994,6.52649,6.56153,6.58825,6.62451,6.67896,6.74718,6.81063,6.85659,6.88686,6.91045,6.93283,6.95642,6.98547,7.02353,7.06705,7.11301,7.162,7.20907,7.24358,7.26839,7.29198,7.31981,7.35241,7.38571,7.41831,7.44492,7.46427,7.48309,7.51023,7.54231,7.57612,7.61064,7.6487,7.68676,7.72127,7.75509,7.79082,7.83557,7.88932,7.94498,8.00117,8.05806,8.11849,8.1777,8.22912,8.27387,8.31193,8.3422,8.37125,8.40385,8.43715,8.46974,8.49758,8.52117,8.54354,8.56469,8.58282,8.60164,8.62756,8.65417,8.67898,8.70804,8.7461,8.78962,8.83436,8.8791,8.92385,8.96859,9.01333,9.05807,9.10281,9.14877,9.19776,9.24605,9.28603,9.32106,9.35436,9.38817,9.42147,9.45529,9.49102,9.53698,9.59741,9.66633,9.72909,9.77029,9.79631,9.81869,9.84228,9.87011,9.90271,9.93722,9.97528,10.0121,10.04,10.0593,10.0781,10.104,10.1307,10.1543,10.1766,10.1978,10.2147,10.2268,10.2371,10.2437,10.2516,10.2661,10.2842,10.3097,10.3489,10.3845,10.4046,10.4172,10.4282,10.4396,10.4505,10.462,10.4741,10.491,10.5122,10.5346,10.5569,10.5793,10.6005,10.6174,10.6295,10.641,10.6531,10.6712,10.6978,10.7292,10.757,10.7806,10.8018,10.8199,10.8375,10.8592,10.8823,10.9082,10.9293,10.9439,10.9596,10.9741,10.982,10.9887,10.9989,11.0098,11.02,11.0267,11.0346,11.0491,11.0636,11.0715,11.0781,11.0872,11.0926,11.0938,11.094,11.0947,11.0959,11.0966,11.0968,11.0968,11.0968,11.0968,11.0968,11.0968,11.0968,11.0968,11.0968,11.0968,11.0968,11.0968,11.0968,11.0968,11.0968,11.0968,11.0968,11.0968,11.0968,11.0968,11.0968,11.0968,11.0968,11.0968,11.0968,11.0968,11.0968

Intensity : 469.4012,475.483,480.6396,486.0853,492.9909,497.1973,496.8332,496.4455,495.0316,492.8311,490.3374,496.7431,506.5915,524.1423,542.7952,555.7764,560.9474,564.9783,565.9964,564.8087,564.0584,561.7249,561.8619,549.3572,531.8558,513.5226,496.3628,483.9943,473.2072,463.1438,456.1934,450.4053,444.3115,440.8201,438.45,446.7462,458.6263,467.9819,476.1676,484.8091,494.9,506.7946,514.6897,520.4684,527.3077,537.5353,544.0275,549.5084,555.1585,554.6035,552.3557,552.5063,546.5301,526.8914,502.317,470.3195,438.3548,409.9192,388.1453,372.0607,360.8723,359.8894,364.5345,371.0222,378.2759,385.3793,393.0291,401.5897,405.4785,406.0911,405.343,404.8939,403.9407,395.9929,386.4425,378.982,371.9884,364.9702,357.5664,349.1829,338.5965,326.654,310.8594,291.1948,273.4055,259.6955,251.9718,243.9841,246.2666,248.4293,252.8133,260.5119,283.4779,334.5436,400.7316,443.0582,468.736,479.9785,467.4903,447.4528,425.588,392.6212,345.6978,312.5602,294.2881,295.02,300.3567,304.0585,320.5437,337.6172,357.1613,378.4877,396.0249,414.1485,422.53,428.0166,430.7283,432.7372,441.7406,448.3,448.3661,457.7283,457.1685,454.6595,457.192,445.7593,443.3845,429.8428,412.3676,398.9462,391.2045,383.0734,379.2291,372.2178,369.5258,366.9418,362.5481,359.6619,364.1569,369.9626,374.2912,385.4598,398.1957,404.9667,412.5406,422.1681,435.0325,436.3069,435.9734,437.7315,448.6008,457.7769,478.8044,488.9743,481.9381,485.4463,478.9741,469.9754,467.5399,465.2281,458.2572,457.5738,462.6925,471.923,468.6952,476.1173,483.0844,492.8449,502.6472,508.9295,530.8711,506.1761,487.9682,468.696,459.9953,447.113,431.2617,415.8298,404.0794,395.0726,374.7243,360.5487,353.1021,348.2858,344.7966,342.1441,339.6969,330.4176,324.1803,339.0497,356.6246,377.4953,398.2529,413.5587,417.725,423.084,432.7364,451.9227,467.8697,479.8547,477.8168,474.3903,473.4908,474.9391,478.6844,481.4776,481.9107,484.979,492.1477,489.3466,484.4204,478.0166,472.0482,469.6141,468.6421,469.405,469.828,468.8929,460.9656,459.8868,456.6992,450.2538,437.4922,427.8728,422.0616,419.2013,415.5321,401.7039,389.676,381.5678,375.5354,371.2967,367.1079,363.1818,359.0639,354.2314,348.9786,343.8536,338.3117,331.1764,323.5621,317.9001,312.8294,306.8912,306.8698,313.2473,319.8526,328.1341,340.5027,352.95,365.6414,380.7346,396.9901,418.8617,439.5649,459.1169,471.198,480.266,490.4396,501.9086,516.0412,528.4221,540.1632,551.9043,555.433,545.9263,534.7092,522.0639,508.4499,494.5214,481.3127,468.1039,454.8952,434.144,412.1294,391.3144,375.8754

Time pixel : 1.80787,1.95491,2.16457,2.43686,2.78213,3.13883,3.47375,3.83045,4.18715,4.52206,4.90161,5.36071,5.86445,6.33498,6.7543,7.12243,7.43449,7.68879,7.87666,8.09775,8.3804,8.65269,8.92498,9.21905,9.49134,9.76363,10.0691,10.3812,10.6981,11.0216,11.3897,11.7976,12.2055,12.5737,12.9086,13.2653,13.6105,13.8828,14.1039,14.325,14.5973,14.9426,15.2878,15.5601,15.7926,16.0535,16.3476,16.6084,16.841,17.1132,17.4585,17.8152,18.1387,18.4671,18.8303,19.2317,19.5949,19.9233,20.2353,20.5523,20.8643,21.1813,21.4933,21.7988,22.0597,22.2808,22.4904,22.7001,22.9212,23.182,23.4761,23.737,23.9581,24.1563,24.3148,24.44,24.5871,24.7341,24.8593,25.0178,25.216,25.4486,25.772,26.2017,26.6096,26.9788,27.4493,28.0261,28.5364,28.9273,29.2737,29.7159,30.3334,31.0752,31.7772,32.3217,32.7525,33.1092,33.3929,33.6652,33.9821,34.3682,34.872,35.4155,35.8974,36.3167,36.6849,37.0084,37.3253,37.6488,38.0055,38.3622,38.6857,38.9912,39.2634,39.5357,39.8412,40.1647,40.5328,40.9407,41.3601,41.7794,42.1873,42.5554,42.9018,43.3097,43.7508,44.1255,44.4652,44.8399,45.2696,45.6377,45.9394,46.2782,46.5788,46.8113,47.0324,47.3047,47.65,48.0067,48.3416,48.6983,49.0435,49.3158,49.5369,49.758,50.0189,50.3015,50.5226,50.7219,51.0274,51.4125,51.7806,52.1041,52.421,52.7331,53.05,53.3735,53.7416,54.1609,54.6314,55.1352,55.5943,55.9738,56.2973,56.6028,56.8637,57.0962,57.3571,57.6626,57.9861,58.3313,58.6254,58.8133,58.9717,59.1188,59.2555,59.4651,59.7478,60.0201,60.2923,60.5864,60.8473,61.0798,61.3521,61.7088,62.1167,62.5474,63.018,63.5217,63.9922,64.4115,64.7682,65.0291,65.199,65.3357,65.5682,65.9647,66.457,66.9161,67.2842,67.5565,67.7776,67.9758,68.1343,68.2709,68.4692,68.7121,68.9511,69.2681,69.6531,70.0098,70.2821,70.4918,70.6502,70.7755,70.9454,71.2062,71.5515,71.8968,72.1691,72.3902,72.5998,72.7981,72.9565,73.0818,73.2517,73.5011,73.7952,74.0446,74.2145,74.3397,74.4868,74.6338,74.7591,74.9175,75.1158,75.3254,75.5465,75.8074,76.1015,76.3623,76.5948,76.8557,77.1612,77.4733,77.7902,78.1137,78.4704,78.8271,79.162,79.5301,79.9266,80.2947,80.6182,80.9237,81.1846,81.4171,81.6779,81.972,82.2329,82.454,82.6636,82.8733,83.083,83.304,83.5649,83.859,84.1198,84.3409,84.5506,84.7603,84.9699,85.1796,85.3892,85.5875,85.7345

Position pixel : 49.87922,49.87922,49.87922,49.87922,49.87922,49.87922,49.87922,49.87922,49.87922,49.87922,49.87922,49.87922,49.87922,49.87922,49.87922,49.87922,49.89064,49.94184,50.02625,50.08888,50.1515,50.23592,50.28712,50.30997,50.36117,50.457,50.5594,50.65524,50.71787,50.78049,50.87633,50.99015,51.13719,51.28423,51.39805,51.50532,51.60772,51.70356,51.75476,51.7776,51.84023,51.98727,52.18551,52.38374,52.53078,52.60483,52.67888,52.82592,53.01273,53.18262,53.35907,53.60195,53.85138,54.08389,54.34476,54.63883,54.8997,55.12078,55.33045,55.54011,55.74977,55.95943,56.1691,56.36734,56.5258,56.65105,56.80951,57.00775,57.21741,57.41565,57.57411,57.69936,57.8464,57.99344,58.10726,58.2031,58.26572,58.33977,58.47539,58.62243,58.74767,58.91756,59.167,59.46108,59.72194,59.96587,60.28936,60.73048,61.16673,61.49508,61.74558,62.08535,62.59565,63.23501,63.82972,64.26047,64.54418,64.76527,64.97493,65.19602,65.46831,65.82501,66.23291,66.66366,67.12276,67.56387,67.88736,68.11987,68.34096,68.60182,68.90732,69.21939,69.52489,69.77433,69.95564,70.13209,70.38639,70.68702,71.00395,71.32744,71.68414,72.04084,72.36433,72.68125,73.01616,73.43549,73.93923,74.46095,74.98754,75.52069,76.08706,76.642,77.12394,77.54327,77.89997,78.18368,78.45597,78.76147,79.07353,79.37903,79.6399,79.86098,80.07065,80.26889,80.43877,80.61522,80.8581,81.10754,81.34005,81.61233,81.96904,82.37694,82.79626,83.21559,83.63491,84.05424,84.47356,84.89289,85.31222,85.74296,86.20207,86.65461,87.02929,87.35764,87.6697,87.98663,88.29869,88.61562,88.95053,89.38128,89.94764,90.59356,91.18171,91.56782,91.81176,92.02142,92.24251,92.50337,92.80887,93.13236,93.48906,93.83434,94.0952,94.27651,94.45296,94.69584,94.94528,95.16636,95.37603,95.57426,95.73273,95.84655,95.94239,96.00501,96.07906,96.21468,96.38456,96.62364,96.9907,97.32456,97.51243,97.63112,97.73352,97.84078,97.94318,98.05044,98.16427,98.32273,98.52097,98.73063,98.94029,99.14995,99.34819,99.50666,99.62048,99.72774,99.84157,100.0115,100.2609,100.555,100.8158,101.0369,101.2352,101.405,101.5701,101.7732,101.9894,102.2323,102.4305,102.5672,102.7142,102.8498,102.9239,102.9865,103.0823,103.1847,103.2806,103.3432,103.4173,103.5529,103.6885,103.7625,103.8252,103.9096,103.9608,103.9722,103.9737,103.9805,103.9917,103.9985,104,104,104,104,104,104,104,104,104,104,104,104,104,104,104,104,104,104,104,104,104,104,104,104,104,104,104

Pole type : Curve
Start frame : 1
End frame : 231
Start time (s) : 0.000
End time (s) : 2022.670
Time step (s) : 8.794

Feature Information :


Feature number : 1

Time (s) : 227.938,229.2311,230.874,232.2676,233.369,234.7626,236.5059,238.4502,240.9452,244.3315,247.7605,250.3132,252.5496,254.2929,255.4949,256.9889,259.1825,261.7687,264.0628,266.007,267.8509,269.6947,271.5385,273.3823,275.2261,277.07,278.9138,280.7576,282.6014,284.4452,286.2891,288.1329,289.9767,291.8205,293.7648,296.0589,298.6451,300.9391,302.8834,304.7272,306.5711,308.5154,310.8094,313.3956,315.5892,317.0833,318.0842,319.0275,319.9281,320.8714,321.8724,323.1654,324.3581,325.0093,325.6605,326.8531,328.1462,329.1472,330.0905,330.991,331.9343,332.9353,334.2284,335.5214,336.5224,337.3653,337.916,338.4667,339.2091,339.7598,340.3105,341.0529,341.5032,341.6036

Position (um) : 3.0403,3.0403,3.0391,3.0336,3.0246,3.0179,3.0112,3.001,2.9888,2.9719,2.952,2.9363,2.9284,2.9217,2.9127,2.906,2.8994,2.8904,2.8849,2.8837,2.8837,2.8837,2.8837,2.8837,2.8837,2.8825,2.877,2.868,2.8625,2.8613,2.8613,2.8601,2.8546,2.8456,2.8389,2.8322,2.822,2.8111,2.7997,2.7887,2.7785,2.7706,2.7585,2.7392,2.7216,2.7047,2.689,2.6769,2.6654,2.6533,2.6364,2.6152,2.5928,2.5705,2.5469,2.5178,2.481,2.4429,2.4084,2.3734,2.3322,2.2784,2.2217,2.1757,2.14,2.1074,2.0795,2.0547,2.0269,1.9943,1.961,1.9284,1.9018,1.8849

Intensity : 388.2065,394.7996,401.323,406.4228,409.9006,414.6128,420.5205,426.7046,435.0798,448.1819,453.4284,449.7367,446.5195,443.9099,442.0973,440.5812,438.6253,436.5077,434.0847,426.5569,419.4174,412.278,405.1386,400.3441,398.8819,397.4368,396.1475,394.8378,395.1353,396.4067,397.6476,398.9549,400.5594,403.0218,405.6969,408.9711,413.2827,415.27,417.4985,420.1967,423.2879,425.1568,426.1519,428.9921,432.5668,434.7567,435.0133,434.925,434.7425,433.4877,432.8405,432.2862,432.544,434.3472,434.2268,430.9355,428.2102,426.1264,422.9272,420.6814,418.9313,417.6394,418.5586,415.9807,413.8162,414.0868,415.1015,415.6061,415.5053,420.3638,425.027,428.2268,436.4632,443.963

Time pixel : 25.9191,26.0661,26.2529,26.4114,26.5366,26.6951,26.8933,27.1144,27.3981,27.7832,28.1731,28.4634,28.7177,28.9159,29.0526,29.2225,29.4719,29.766,30.0269,30.2479,30.4576,30.6673,30.8769,31.0866,31.2963,31.5059,31.7156,31.9253,32.1349,32.3446,32.5542,32.7639,32.9736,33.1832,33.4043,33.6652,33.9593,34.2201,34.4412,34.6509,34.8605,35.0816,35.3425,35.6366,35.886,36.0559,36.1697,36.277,36.3794,36.4866,36.6005,36.7475,36.8831,36.9572,37.0312,37.1668,37.3139,37.4277,37.5349,37.6373,37.7446,37.8584,38.0055,38.1525,38.2663,38.3622,38.4248,38.4874,38.5718,38.6345,38.6971,38.7815,38.8327,38.8441

Position pixel : 28.4936,28.4936,28.4822,28.431,28.3466,28.284,28.2213,28.1255,28.0117,27.8532,27.6664,27.5194,27.4453,27.3827,27.2983,27.2356,27.173,27.0886,27.0374,27.026,27.026,27.026,27.026,27.026,27.026,27.0146,26.9634,26.8789,26.8277,26.8163,26.8163,26.8049,26.7537,26.6693,26.6067,26.544,26.4482,26.3458,26.2385,26.1361,26.0403,25.9662,25.8524,25.6722,25.5071,25.3487,25.2016,25.0878,24.9806,24.8667,24.7083,24.51,24.3004,24.0907,23.8696,23.5973,23.2521,22.8953,22.5719,22.2435,21.8574,21.3537,20.8216,20.3908,20.0559,19.7504,19.4895,19.257,18.9962,18.6907,18.3786,18.0731,17.8237,17.6652

Brightness max : 400.96
Brightness min : 208.00
Feature direction : Ambiguous
Feature speed : Slow
Feature type : Curve
Start frame : 1
End frame : 231
Start time (s) : 0.000
End time (s) : 2022.670
Time step (s) : 8.794

Feature number : 2

Time (s) : 237.2576,239.2019,242.7891,247.5688,252.3486,256.0363,258.5313,260.4756,262.4199,264.7139,267.3001,269.5942,271.438,272.8316,273.933,275.2261,276.5192,277.6207,279.0142,280.7576,282.6014,284.4452,286.2891,288.2333,290.5274,293.1136,295.3072,296.8012,297.9027,299.1958,300.4889,301.4899,302.4332,303.3337,304.1765,304.6268

Position (um) : 3.1521,3.1521,3.1521,3.1521,3.1521,3.1521,3.1521,3.1521,3.1521,3.1521,3.1533,3.1588,3.169,3.18,3.1902,3.1969,3.2048,3.2192,3.2349,3.2471,3.2585,3.2707,3.2876,3.3087,3.3311,3.3522,3.3692,3.3813,3.3927,3.4049,3.4206,3.4363,3.4484,3.4599,3.4708,3.481

Intensity : 441.1961,447.8088,459.5696,470.9408,471.1688,469.356,464.5329,460.7744,457.0159,451.1307,442.1349,435.033,430.5642,428.2053,427.7875,426.0409,424.2516,423.8186,422.9645,420.8455,418.1957,415.5181,413.5994,412.0096,408.2731,404.5656,401.591,399.7671,398.7682,397.4051,395.2159,393.123,390.985,388.8928,386.9026,385.9763

Time pixel : 26.9788,27.1999,27.6078,28.1513,28.6948,29.1142,29.3979,29.619,29.84,30.1009,30.395,30.6559,30.8655,31.024,31.1492,31.2963,31.4433,31.5685,31.727,31.9253,32.1349,32.3446,32.5542,32.7753,33.0362,33.3303,33.5797,33.7496,33.8748,34.0219,34.1689,34.2827,34.39,34.4924,34.5882,34.6394

Position pixel : 29.5419,29.5419,29.5419,29.5419,29.5419,29.5419,29.5419,29.5419,29.5419,29.5419,29.5534,29.6046,29.7004,29.8028,29.8986,29.9613,30.0353,30.1709,30.318,30.4318,30.539,30.6529,30.8113,31.0096,31.2192,31.4175,31.5759,31.6898,31.797,31.9108,32.0579,32.2049,32.3187,32.426,32.5284,32.6242

Brightness max : 400.96
Brightness min : 208.00
Feature direction : Ambiguous
Feature speed : Slow
Feature type : Curve
Start frame : 1
End frame : 231
Start time (s) : 0.000
End time (s) : 2022.670
Time step (s) : 8.794

Feature number : 3

Time (s) : 358.8492,360.1423,361.8857,363.7295,365.5733,367.4171,369.2609,371.1048,372.9486,374.7924,376.6362,378.48,380.3238,382.1677,384.0115,385.8553,387.6991,389.5429,391.3868,393.2306,395.0744,396.9182,398.762,400.6059,402.4497,404.2935,406.1373,407.9811,409.825,411.6688,413.5126,415.4569,417.751,420.2367,422.0805,423.2824,424.5755,425.8686,426.8696,427.7124

Position (um) : 3.6588,3.6443,3.6298,3.6219,3.6152,3.605,3.5941,3.5839,3.5772,3.5705,3.5615,3.5548,3.5481,3.5391,3.5324,3.5257,3.5167,3.5113,3.5101,3.5101,3.5101,3.5101,3.5101,3.5101,3.5101,3.5101,3.5101,3.5101,3.5101,3.5101,3.5113,3.5167,3.527,3.5391,3.5548,3.5693,3.5772,3.5839,3.5929,3.5983

Intensity : 358.8961,359.0595,356.8097,354.3954,352.4656,350.9194,349.9946,350.0954,350.34,350.7947,351.6692,352.2816,351.7258,351.6993,351.6002,351.7112,353.2908,356.2324,358.9422,361.5666,364.191,365.5401,366.1691,366.7981,367.4271,368.0561,368.6662,369.2735,369.8808,370.4881,370.7163,368.1508,364.2374,359.4688,355.031,349.3242,344.6706,340.4031,336.7373,334.051

Time pixel : 40.8051,40.9522,41.1504,41.3601,41.5697,41.7794,41.9891,42.1987,42.4084,42.618,42.8277,43.0374,43.247,43.4567,43.6664,43.876,44.0857,44.2954,44.505,44.7147,44.9243,45.134,45.3437,45.5533,45.763,45.9727,46.1823,46.392,46.6016,46.8113,47.021,47.2421,47.5029,47.7856,47.9952,48.1319,48.2789,48.426,48.5398,48.6356

Position pixel : 34.2901,34.1545,34.0189,33.9448,33.8822,33.7864,33.684,33.5881,33.5255,33.4629,33.3785,33.3159,33.2532,33.1688,33.1062,33.0436,32.9592,32.908,32.8965,32.8965,32.8965,32.8965,32.8965,32.8965,32.8965,32.8965,32.8965,32.8965,32.8965,32.8965,32.908,32.9592,33.055,33.1688,33.3159,33.4515,33.5255,33.5881,33.6726,33.7238

Brightness max : 400.96
Brightness min : 208.00
Feature direction : Ambiguous
Feature speed : Slow
Feature type : Curve
Start frame : 1
End frame : 231
Start time (s) : 0.000
End time (s) : 2022.670
Time step (s) : 8.794

Feature number : 4

Time (s) : 472.5148,472.6153,473.166,474.3586,475.6517,476.8537,478.6975,481.1832,483.3768,484.8708,485.8718,486.8151,487.8161,489.1092,490.4023,491.4033,492.3466,493.2471,494.1904,495.1914,496.4845,497.7776,498.7786,499.7219,500.7228,502.0159,503.309,504.4105,505.804,507.4469,508.8405,509.8415,510.7848,511.6853,512.5281,512.9784

Position (um) : 4.9563,4.9406,4.9182,4.8904,4.8566,4.8166,4.7671,4.7126,4.6589,4.6154,4.5851,4.5615,4.5391,4.5168,4.4944,4.472,4.4496,4.4273,4.4061,4.388,4.3692,4.3445,4.3233,4.3087,4.2918,4.2707,4.2483,4.2259,4.2036,4.1812,4.1588,4.1364,4.1153,4.0984,4.0862,4.076

Intensity : 311.2528,315.2432,320.8389,325.6354,328.7428,331.7266,329.5862,324.162,315.8868,308.9838,304.4381,300.5543,296.8125,292.7788,288.8684,285.7498,283.35,281.2156,279.3904,277.9345,276.7073,276.1607,276.0427,276.082,276.3512,275.7337,274.2387,273.3808,272.5659,271.9807,272.075,272.5041,272.3007,271.7307,271.0496,270.9575

Time pixel : 53.7302,53.7416,53.8042,53.9398,54.0869,54.2235,54.4332,54.7159,54.9653,55.1352,55.249,55.3563,55.4701,55.6171,55.7642,55.878,55.9853,56.0877,56.1949,56.3087,56.4558,56.6028,56.7167,56.8239,56.9377,57.0848,57.2318,57.3571,57.5155,57.7023,57.8608,57.9746,58.0819,58.1843,58.2801,58.3313

Position pixel : 46.4506,46.3035,46.0939,45.833,45.5161,45.1414,44.6774,44.1671,43.6634,43.2555,42.9718,42.7507,42.541,42.3314,42.1217,41.912,41.7024,41.4927,41.2945,41.1246,40.9481,40.7167,40.5184,40.3818,40.2233,40.0251,39.8154,39.6057,39.3961,39.1864,38.9768,38.7671,38.5689,38.4104,38.2966,38.2007

Brightness max : 400.96
Brightness min : 208.00
Feature direction : Ambiguous
Feature speed : Slow
Feature type : Curve
Start frame : 1
End frame : 231
Start time (s) : 0.000
End time (s) : 2022.670
Time step (s) : 8.794

Feature number : 5

Time (s) : 349.831,352.1251,355.8035,359.2902,361.7852,363.7295,365.4728,366.8664,367.9678,369.2609,370.554,371.6555,373.049,374.7924,376.6362,378.48,380.3238,382.1677,384.0115,385.7548,387.1484,388.2499,389.6434,391.3868,393.2306,395.0744,396.9182,398.762,400.6059,402.4497,404.2935,406.2378,408.4314,410.5673,412.119,413.5126,414.8057,415.9071,417.2002,418.4933,419.4943,420.3371

Position (um) : 2.302,2.302,2.302,2.3032,2.3087,2.3177,2.3244,2.3311,2.3413,2.3534,2.3691,2.3848,2.3982,2.4151,2.435,2.4519,2.4653,2.4822,2.5034,2.5257,2.5469,2.5638,2.5759,2.5874,2.5995,2.6164,2.6376,2.6587,2.6757,2.689,2.7059,2.7259,2.7428,2.7561,2.7718,2.7875,2.8009,2.8178,2.8389,2.8601,2.8758,2.8825

Intensity : 382.1066,380.8463,380.8032,380.8568,382.3222,384.8575,387.1467,389.2635,391.7183,393.6156,388.6035,384.1854,379.1449,373.3432,367.8695,362.495,354.0319,345.7409,338.0612,331.5789,327.2158,324.8709,321.7092,318.1547,314.86,312.366,312.9717,315.2334,316.6681,317.395,318.2584,318.214,318.3651,318.8195,319.7246,319.074,315.6821,312.8069,309.6628,306.8102,304.8053,303.2015

Time pixel : 39.7797,40.0405,40.4588,40.8553,41.139,41.3601,41.5583,41.7168,41.842,41.9891,42.1361,42.2613,42.4198,42.618,42.8277,43.0374,43.247,43.4567,43.6664,43.8646,44.0231,44.1483,44.3068,44.505,44.7147,44.9243,45.134,45.3437,45.5533,45.763,45.9727,46.1937,46.4432,46.6861,46.8625,47.021,47.168,47.2933,47.4403,47.5873,47.7012,47.797

Position pixel : 21.5747,21.5747,21.5747,21.5862,21.6374,21.7218,21.7844,21.847,21.9429,22.0567,22.2037,22.3508,22.476,22.6345,22.8213,22.9798,23.105,23.2635,23.4617,23.6714,23.8696,24.0281,24.1419,24.2492,24.363,24.5215,24.7197,24.9179,25.0764,25.2016,25.3601,25.5469,25.7054,25.8306,25.9777,26.1247,26.25,26.4084,26.6067,26.8049,26.9519,27.0146

Brightness max : 400.96
Brightness min : 208.00
Feature direction : Ambiguous
Feature speed : Slow
Feature type : Curve
Start frame : 1
End frame : 231
Start time (s) : 0.000
End time (s) : 2022.670
Time step (s) : 8.794

Feature number : 6

Time (s) : 116.6577,116.6577,116.6577,116.6577,116.7246,117.0248,117.5197,117.8869,118.254,118.8159,119.4163,120.0451,120.6455,121.2743,121.8747,122.4366,122.8707,123.538,124.5278,125.1282,125.3291,125.6963,126.4914,127.3534,128.0877,129.0837,130.5462,132.2703,133.8666,135.463,137.1871,138.7165,140.0127,141.3089,142.8383,144.6294,146.4589,148.25,149.7794,151.0756,152.2379,153.1669,153.9012,154.7633,155.6253,156.3596,157.2887,158.4509,159.6801,160.9093,162.0716,163.0006,163.7349,164.6639,165.8262,166.9884,167.9175,168.6518,169.5808,170.6761,171.6051,172.3394,173.2015,174.0635,174.7978,175.7269,176.8891,178.1183,179.3475,180.5767,181.739,182.668,183.3353,183.8972,184.1974

Position (um) : 4.7501,4.7397,4.7256,4.7106,4.6957,4.68,4.6614,4.6397,4.6175,4.5958,4.5764,4.557,4.5361,4.5176,4.5018,4.4869,4.4712,4.4526,4.4317,4.4132,4.3983,4.3862,4.3736,4.3563,4.3386,4.3221,4.3043,4.287,4.2737,4.2588,4.2431,4.2342,4.2281,4.2185,4.208,4.1999,4.1923,4.185,4.1774,4.1701,4.1625,4.1552,4.1484,4.1439,4.1395,4.1326,4.1245,4.1141,4.1036,4.0947,4.0834,4.0693,4.0544,4.0395,4.0254,4.0141,4.006,3.9976,3.9867,3.973,3.9613,3.95,3.9396,3.9307,3.9194,3.9045,3.8851,3.8605,3.836,3.8166,3.8009,3.7868,3.7755,3.7674,3.7606

Intensity : 310.3644,309.7243,308.8612,307.9484,307.15,307.0503,307.1989,307.0104,306.8045,306.9482,307.2922,307.6944,307.9695,308.3481,308.7583,309.1167,309.1321,308.2055,306.3576,305.1662,304.5144,303.8832,303.0366,301.9617,301.1888,300.6735,300.514,301.01,302.0338,302.7935,303.4386,304.1628,304.828,305.3476,306.1618,307.5311,309.3056,311.4016,313.2211,313.3925,313.6391,313.5768,313.5447,313.3885,313.2568,313.3152,313.407,313.6358,314.099,314.5212,315.1464,316.0236,316.9981,316.8829,316.882,316.9868,315.9995,315.1537,314.1423,313.042,312.186,311.5923,310.5312,309.5623,308.8148,308.0956,307.9935,308.2778,308.7283,308.8522,309.0789,309.3096,309.5065,309.6994,309.8079

Time pixel : 13.2653,13.2653,13.2653,13.2653,13.2729,13.307,13.3633,13.405,13.4468,13.5107,13.579,13.6505,13.7187,13.7902,13.8585,13.9224,13.9718,14.0476,14.1602,14.2285,14.2513,14.2931,14.3835,14.4815,14.565,14.6783,14.8445,15.0406,15.2221,15.4036,15.5997,15.7736,15.921,16.0684,16.2423,16.446,16.654,16.8577,17.0316,17.179,17.3111,17.4168,17.5003,17.5983,17.6963,17.7798,17.8855,18.0176,18.1574,18.2972,18.4293,18.535,18.6185,18.7241,18.8563,18.9884,19.0941,19.1776,19.2832,19.4078,19.5134,19.5969,19.6949,19.793,19.8765,19.9821,20.1143,20.254,20.3938,20.5336,20.6657,20.7714,20.8473,20.9112,20.9453

Position pixel : 44.5184,44.4204,44.2882,44.1484,44.0087,43.8613,43.6874,43.4837,43.2757,43.072,42.8905,42.7089,42.5129,42.339,42.1916,42.0518,41.9044,41.7305,41.5345,41.3605,41.2208,41.1075,40.9899,40.828,40.6617,40.5067,40.3404,40.1785,40.0532,39.9134,39.7667,39.6832,39.6263,39.5359,39.4378,39.3619,39.2904,39.2222,39.1507,39.0824,39.0109,38.9426,38.8787,38.837,38.7952,38.7313,38.6555,38.5574,38.4594,38.3759,38.2703,38.1381,37.9983,37.8586,37.7264,37.6208,37.5449,37.4657,37.3633,37.2356,37.1255,37.0199,36.9219,36.8384,36.7327,36.593,36.4114,36.1813,35.9511,35.7695,35.6222,35.49,35.3843,35.3085,35.2446

Brightness max : 400.96
Brightness min : 208.00
Feature direction : Ambiguous
Feature speed : Slow
Feature type : Curve
Start frame : 1
End frame : 231
Start time (s) : 0.000
End time (s) : 2022.670
Time step (s) : 8.794

Feature number : 7

Time (s) : 205.161,205.161,205.161,205.161,205.161,205.161,205.161,205.161,205.161,205.161,205.161,205.161,205.161,205.161,205.161,205.2615,205.7117,206.4541,206.9043,207.1053,207.5555,208.2979,208.7482,208.8486,208.9491,209.3994,210.1417,210.592,210.6925,210.6925,210.6925,210.6925,210.6925,210.6925,210.6925,210.6925,210.6925,210.6925,210.7929,211.2432,212.086,212.9865,213.9298,214.8304,215.7736,216.6742,217.517,217.9673,218.1682,218.6185,219.4613,220.3618,221.3051,222.2056,223.0485,223.4987

Position (um) : 5.5603,5.5446,5.5235,5.4999,5.4708,5.434,5.3959,5.3614,5.3276,5.2943,5.2605,5.2247,5.18,5.1275,5.0785,5.0392,5.0101,4.9853,4.9575,4.9249,4.8916,4.859,4.8287,4.7918,4.738,4.6758,4.622,4.5851,4.5548,4.5234,4.4956,4.472,4.4484,4.4206,4.388,4.3547,4.3221,4.2943,4.2695,4.2404,4.2036,4.1667,4.1377,4.1141,4.0929,4.076,4.0627,4.0457,4.0258,4.0089,3.9968,3.9853,3.972,3.9496,3.9206,3.8995

Intensity : 355.5785,354.6346,352.4565,350.0274,347.0357,343.0228,338.0244,333.4915,329.6996,328.238,326.7536,325.4419,326.6945,328.1652,332.095,335.5713,338.0828,339.1988,340.28,341.366,341.93,342.0496,342.0223,341.0978,337.6744,334.7985,334.0846,333.6029,333.9896,334.296,334.5678,334.7944,335.0155,335.2764,335.5819,335.1362,334.2069,333.4133,332.7973,331.4296,329.7549,328.9228,329.889,331.4404,333.439,335.6089,337.8106,339.8939,342.0375,344.5098,347.5169,349.5854,351.0919,353.6275,356.6441,358.7801

Time pixel : 23.3291,23.3291,23.3291,23.3291,23.3291,23.3291,23.3291,23.3291,23.3291,23.3291,23.3291,23.3291,23.3291,23.3291,23.3291,23.3405,23.3917,23.4761,23.5273,23.5502,23.6014,23.6858,23.737,23.7484,23.7598,23.811,23.8954,23.9466,23.9581,23.9581,23.9581,23.9581,23.9581,23.9581,23.9581,23.9581,23.9581,23.9581,23.9695,24.0207,24.1165,24.2189,24.3262,24.4286,24.5359,24.6383,24.7341,24.7853,24.8081,24.8593,24.9552,25.0576,25.1648,25.2672,25.3631,25.4143

Position pixel : 52.1115,51.9644,51.7662,51.5451,51.2728,50.9275,50.5708,50.2473,49.9304,49.6184,49.3014,48.9665,48.5472,48.0549,47.5958,47.2276,46.9554,46.7229,46.462,46.1565,45.8444,45.5389,45.2552,44.9089,44.4051,43.8218,43.3181,42.9718,42.6881,42.394,42.1331,41.912,41.6909,41.4301,41.1246,40.8125,40.507,40.2462,40.0136,39.7414,39.3961,39.0508,38.7785,38.5574,38.3592,38.2007,38.0755,37.917,37.7302,37.5717,37.4579,37.3507,37.2254,37.0157,36.7445,36.5463

Brightness max : 400.96
Brightness min : 208.00
Feature direction : Ambiguous
Feature speed : Slow
Feature type : Curve
Start frame : 1
End frame : 231
Start time (s) : 0.000
End time (s) : 2022.670
Time step (s) : 8.794

Feature number : 8

Time (s) : 338.5672,339.8603,341.6036,343.4475,345.2913,347.1351,348.9789,350.7223,352.1158,353.2173,354.6108,356.2537,357.6473,358.6483,359.5916,360.5926,361.9861,363.7295,365.5733,367.4171,369.1605,370.554,371.7559,373.5998,376.0855,378.2791,379.7731,380.8746,382.2681,384.0115,385.8553,387.6991,389.4425,390.7356,391.3868,391.9375,392.7803,393.7813,395.1749,396.8178,398.2113,399.2123,400.1556,401.0561,401.9994,403.0004,404.2935,405.4861,406.1373,406.6881,407.5309,408.5319,409.9254,411.6688,413.5126,415.3564,417.2002,419.0441,420.8879,422.6312,424.0248,425.1262,426.5198,428.2632,430.107,431.9508,433.7946,435.6384,437.4823,439.3261,441.1699,443.0137,444.8575,446.7014,448.5452,450.389,452.2328,454.0766,455.82,457.1131

Position (um) : 3.9799,3.9799,3.9811,3.9878,4.0022,4.0179,4.0301,4.0415,4.0524,4.0639,4.0748,4.0862,4.0972,4.1086,4.1195,4.1298,4.1364,4.1443,4.1588,4.1733,4.1812,4.1879,4.1981,4.209,4.2193,4.2259,4.2326,4.2416,4.2483,4.255,4.2652,4.2761,4.2876,4.2997,4.3154,4.3311,4.3445,4.3614,4.3825,4.4049,4.4273,4.4496,4.4708,4.4877,4.5011,4.5168,4.5324,4.5458,4.5615,4.5772,4.5906,4.6087,4.6353,4.6655,4.6878,4.7024,4.7193,4.7392,4.7549,4.7628,4.7695,4.7785,4.7852,4.7919,4.8009,4.8064,4.8076,4.8076,4.8076,4.8076,4.8076,4.8076,4.8076,4.8088,4.8143,4.8245,4.8354,4.8456,4.8511,4.8523

Intensity : 350.0991,350.4231,350.802,351.0882,351.6649,352.3599,353.3711,354.4602,355.144,355.0115,354.8337,354.5253,354.0732,353.4618,352.7876,352.086,352.4883,353.1009,353.5414,354.2021,355.116,355.9904,356.624,357.8037,359.5987,361.3139,362.7177,363.7652,365.2711,367.2895,369.6002,371.4822,372.3986,373.0623,373.46,373.782,374.1363,374.499,374.2394,369.5616,364.232,360.1938,356.6024,353.2266,349.8115,346.3168,342.602,342.3882,342.3661,342.4366,343.3308,344.362,346.0688,348.847,352.1253,351.1391,349.4179,347.6677,346.6111,345.8193,344.0318,342.2788,340.4503,338.2873,335.7925,332.0426,327.7691,323.6475,319.526,315.4044,315.3548,316.3793,317.4037,318.3186,318.8611,320.4459,321.7932,323.051,324.6177,326.0969

Time pixel : 38.4988,38.6459,38.8441,39.0538,39.2634,39.4731,39.6828,39.881,40.0395,40.1647,40.3232,40.51,40.6685,40.7823,40.8895,41.0034,41.1618,41.3601,41.5697,41.7794,41.9776,42.1361,42.2728,42.4824,42.7651,43.0145,43.1844,43.3097,43.4681,43.6664,43.876,44.0857,44.2839,44.431,44.505,44.5676,44.6635,44.7773,44.9358,45.1226,45.281,45.3949,45.5021,45.6045,45.7118,45.8256,45.9727,46.1083,46.1823,46.2449,46.3408,46.4546,46.6131,46.8113,47.021,47.2306,47.4403,47.65,47.8596,48.0579,48.2163,48.3416,48.5,48.6983,48.9079,49.1176,49.3273,49.5369,49.7466,49.9562,50.1659,50.3756,50.5852,50.7949,51.0046,51.2142,51.4239,51.6335,51.8318,51.9788

Position pixel : 37.2995,37.2995,37.3109,37.3735,37.5091,37.6562,37.77,37.8772,37.9796,38.0869,38.1893,38.2966,38.399,38.5062,38.6086,38.7045,38.7671,38.8411,38.9768,39.1124,39.1864,39.249,39.3449,39.4473,39.5431,39.6057,39.6684,39.7528,39.8154,39.878,39.9739,40.0763,40.1835,40.2974,40.4444,40.5914,40.7167,40.8751,41.0734,41.283,41.4927,41.7024,41.9006,42.0591,42.1843,42.3314,42.4784,42.6036,42.7507,42.8977,43.023,43.1929,43.4423,43.7249,43.9346,44.0713,44.2297,44.4166,44.5636,44.6376,44.7003,44.7847,44.8473,44.9099,44.9943,45.0455,45.057,45.057,45.057,45.057,45.057,45.057,45.057,45.0684,45.1196,45.2154,45.3178,45.4137,45.4649,45.4763

Brightness max : 400.96
Brightness min : 208.00
Feature direction : Ambiguous
Feature speed : Slow
Feature type : Curve
Start frame : 1
End frame : 231
Start time (s) : 0.000
End time (s) : 2022.670
Time step (s) : 8.794

Feature number : 9

Time (s) : 258.6318,258.7005,259.6411,260.9582,262.5317,264.3404,266.301,267.7345,268.6575,269.2413,270.0525,271.501,272.2917,273.4381,274.471,275.3267,276.3387,277.4767,278.1876,278.6238,279.4243,280.7281,280.8715,280.9792,281.2044,281.6763,282.3501,282.9891,283.7132,284.4285

Position (um) : 2.6823,2.673,2.6625,2.6478,2.6292,2.6095,2.5897,2.5698,2.5497,2.5306,2.5154,2.5033,2.4844,2.4607,2.4354,2.4098,2.3838,2.3577,2.3316,2.3059,2.2811,2.2573,2.2311,2.2063,2.1817,2.155,2.1204,2.0709,2.0121,1.9664

Intensity : 435.0212,434.3462,433.5186,431.5556,429.7682,427.6075,422.81,419.5833,416.7679,414.1444,412.4826,411.9741,410.9549,407.9802,404.0299,400.4333,396.7636,393.1263,390.1116,387.4518,384.4622,381.0504,378.7313,376.3058,373.7402,370.2402,367.1275,368.14,376.3678,396.1711

Time pixel : 29.4093,29.4171,29.5241,29.6738,29.8528,30.0584,30.2814,30.4444,30.5493,30.6157,30.708,30.8727,30.9626,31.0929,31.2104,31.3077,31.4228,31.5522,31.633,31.6826,31.7736,31.9219,31.9382,31.9504,31.9761,32.0297,32.1063,32.179,32.2613,32.3427

Position pixel : 25.139,25.0517,24.9534,24.8156,24.641,24.4561,24.2707,24.0842,23.8959,23.7167,23.5744,23.4612,23.2839,23.062,22.8249,22.5845,22.3414,22.0966,21.852,21.6112,21.3784,21.1556,20.9102,20.6778,20.4474,20.197,19.8723,19.4085,18.8573,18.4291

Brightness max : 400.96
Brightness min : 208.00
Feature direction : Ambiguous
Feature speed : Slow
Feature type : Curve
Start frame : 1
End frame : 231
Start time (s) : 0.000
End time (s) : 2022.670
Time step (s) : 8.794

