KYMOANALYSIS DATA

General Information :

Tiff path : E:\Google Drive\microtubule dynamics and cut7\20-15 screens and tests\gtb1-K5A\19-08-01&02 (gtb1-K5A, cut7-3GFP and MTs)\
Spindle type : Bipolar
Start frame : 1
End frame : 180
Start time (s) : 0.000
End time (s) : 1491.560
Time step (s) : 8.333
Num poles : 2
Num tracks : 8
Num tracks poleward : 0
Num tracks antipoleward : 0
Num tracks ambiguous : 8
Comments : {

}
Poles Information :


Pole number : 1

Time (s) : 13.5718,14.52535,15.88502,17.57672,19.40974,20.8435,22.06186,23.71102,25.66067,27.64186,29.40765,31.17344,33.15463,35.17837,37.23365,39.33147,41.6447,44.10609,46.86799,49.94404,52.3739,54.36195,56.67517,59.32043,62.11386,65.31341,69.24425,73.39049,76.7739,79.30939,81.55539,84.34882,87.94763,91.95256,96.03157,100.1106,104.1896,108.2686,112.4217,116.8328,121.4592,125.7221,129.2852,132.6755,136.9699,141.7061,145.7851,149.0588,152.1101,155.0449,157.5488,160.0102,162.6555,165.3748,168.0942,170.8135,173.4588,175.772,177.6119,179.3777,181.2848,182.9765,184.4843,186.176,188.1572,190.181,192.1622,193.8539,195.2876,196.6473,198.007,199.3666,200.7263,202.0119,203.0395,203.8518,204.8794,206.165,207.4506,208.4782,209.2905,210.3181,211.6037,212.9633,214.323,215.6827,217.1165,218.8082,220.7893,222.9613,225.6806,228.7992,231.5185,233.7645,236.0778,238.3169,240.0827,241.5905,243.2822,245.1894,246.8811,248.3148,249.6745,251.0342,252.3938,253.7535,255.1132,256.4728,257.8325,259.1181,260.1457,260.958,261.9856,263.2712,264.6309,265.9905,267.4243,269.116,271.0231,272.7889,274.6288,276.942,279.5132,281.8264,283.5922,285.026,286.3856,287.7453,289.105,290.3906,291.4182,292.3786,294.0703,296.4508,298.5486,300.3885,302.2956,303.9873,305.421,306.7807,308.1404,309.5,310.8597,312.2194,313.5791,314.9387,316.2984,317.6581,319.0178,320.4515,322.0691,323.7183,325.1946,326.9178,328.9416,331.3289,333.9001,336.2874,338.4593,340.7725,343.0116,344.7033,345.8051,346.6173,347.6449,348.9305,350.2902,351.6499,353.0836,354.7753,356.6824,358.3741,359.8079,361.1676,362.5272,363.8869,365.2466,366.6063,367.8919,368.9195,369.7317,370.7594,371.9709,372.9244,373.3305

Position (um) : 2.5682,2.5682,2.5673,2.563,2.5551,2.5466,2.5377,2.5292,2.5203,2.5108,2.4986,2.4864,2.476,2.4638,2.4516,2.4402,2.4238,2.4036,2.3847,2.3636,2.3429,2.3245,2.3061,2.2845,2.2601,2.2365,2.2096,2.1782,2.1523,2.133,2.1156,2.0972,2.0755,2.0502,2.0243,1.9989,1.9763,1.9537,1.9293,1.9076,1.8892,1.8728,1.8596,1.8492,1.8361,1.8205,1.8074,1.797,1.7848,1.7726,1.7622,1.749,1.7325,1.7151,1.6977,1.6813,1.6681,1.6586,1.6497,1.6403,1.6271,1.6116,1.5985,1.5881,1.5749,1.5584,1.541,1.5246,1.5114,1.5019,1.493,1.4836,1.4714,1.4592,1.4497,1.4408,1.4314,1.4182,1.4017,1.3853,1.3721,1.3617,1.3486,1.333,1.3199,1.3095,1.2963,1.2799,1.2625,1.245,1.2267,1.206,1.1858,1.1712,1.157,1.1415,1.1284,1.1189,1.11,1.1015,1.0936,1.0893,1.0874,1.0831,1.0761,1.0719,1.0709,1.0709,1.0709,1.07,1.0657,1.0587,1.0545,1.0535,1.0535,1.0535,1.0526,1.0483,1.0413,1.0371,1.0361,1.0361,1.0361,1.0361,1.0361,1.0352,1.0309,1.0239,1.0197,1.0178,1.0135,1.0055,0.9961,0.98389,0.97168,0.96222,0.95332,0.94481,0.93686,0.9326,0.93166,0.93166,0.93166,0.93166,0.93166,0.93166,0.93071,0.92646,0.9185,0.90999,0.90109,0.89258,0.88368,0.87422,0.86106,0.8446,0.82719,0.80978,0.79332,0.78016,0.77071,0.7618,0.7533,0.74534,0.74014,0.73494,0.72698,0.71753,0.70437,0.68791,0.6705,0.65404,0.64088,0.63143,0.62252,0.61402,0.60511,0.5966,0.5877,0.57919,0.57029,0.56178,0.55288,0.54437,0.53641

Intensity : 557.65225,556.48396,555.2157,554.16387,552.39864,551.27778,550.99054,550.2857,546.91903,538.81069,533.60865,529.3281,524.18165,526.25853,528.22721,526.09584,525.56666,522.27462,522.43575,527.89613,551.81808,574.54739,607.25674,654.24402,716.73629,794.42084,854.85637,924.54983,970.79573,993.00211,997.44012,1000.7102,995.06432,1002.6889,983.67515,939.97944,925.90591,922.41322,930.28168,927.47181,901.32178,879.1892,845.8761,817.64249,811.76184,821.67316,840.40058,852.26099,853.19349,851.99328,853.94791,845.40155,833.55816,825.15731,809.08385,791.2361,779.94105,773.80754,773.19552,775.26973,783.35424,798.11822,800.55505,787.23357,774.97574,768.11607,760.78521,743.84687,729.41907,713.32433,696.44481,673.94541,652.92304,633.51916,618.69486,608.10313,594.58378,579.3523,567.21654,560.14909,551.64807,541.73966,531.17272,522.6931,515.79722,509.72022,509.01585,517.31911,522.3591,532.95203,550.03811,570.31074,594.5599,614.19289,626.18555,639.05039,650.04254,659.24176,650.37968,639.00513,628.95656,619.58388,609.99511,606.7826,606.15392,604.71117,602.22265,599.42462,596.6266,592.4711,588.62595,582.66572,576.97351,571.43479,565.91081,560.38682,557.92964,558.01281,557.96042,558.60497,559.95216,537.44517,507.57128,480.69443,460.57475,445.94885,432.11675,418.42023,404.79972,391.9266,381.7873,372.6099,356.5538,334.51499,315.88069,303.41623,302.95698,302.55936,302.34564,301.86199,301.0651,303.6464,306.72696,309.80753,312.88809,315.96866,319.20668,319.4095,319.03019,318.67581,318.18889,317.62382,317.98167,322.55943,328.91757,336.62282,344.24805,349.70822,356.23443,363.24481,368.16338,371.83187,375.21989,377.94583,378.87845,379.99688,380.90882,379.9507,379.62659,379.77556,380.26894,381.10145,377.02934,370.97025,365.18767,359.79464,354.82007,350.21654,348.28887,346.99006,346.23291,345.04727,343.60039,342.68434,342.81516

Time pixel : 1.62873,1.74317,1.90634,2.10936,2.32934,2.5014,2.64761,2.84553,3.0795,3.31726,3.52917,3.74108,3.97884,4.22171,4.46836,4.72011,4.99772,5.29311,5.62456,5.99371,6.28532,6.5239,6.80151,7.11896,7.4542,7.83817,8.3099,8.80749,9.21353,9.51781,9.78735,10.1226,10.5545,11.0351,11.5246,12.0141,12.5036,12.9932,13.4916,14.0209,14.5761,15.0877,15.5153,15.9222,16.4376,17.006,17.4955,17.8883,18.2545,18.6067,18.9072,19.2026,19.5201,19.8464,20.1727,20.4991,20.8165,21.0941,21.3149,21.5269,21.7557,21.9587,22.1397,22.3427,22.5805,22.8233,23.0611,23.2641,23.4362,23.5994,23.7625,23.9257,24.0889,24.2432,24.3665,24.464,24.5873,24.7416,24.8958,25.0192,25.1167,25.24,25.3943,25.5574,25.7206,25.8838,26.0558,26.2589,26.4966,26.7573,27.0836,27.4579,27.7842,28.0538,28.3314,28.6001,28.812,28.9929,29.196,29.4248,29.6278,29.7999,29.9631,30.1263,30.2894,30.4526,30.6158,30.7789,30.9421,31.0964,31.2197,31.3172,31.4405,31.5948,31.758,31.9211,32.0932,32.2962,32.5251,32.737,32.9578,33.2354,33.544,33.8216,34.0335,34.2056,34.3687,34.5319,34.6951,34.8494,34.9727,35.0879,35.291,35.5766,35.8284,36.0492,36.2781,36.4811,36.6531,36.8163,36.9795,37.1427,37.3058,37.469,37.6322,37.7954,37.9585,38.1217,38.2849,38.4569,38.6511,38.849,39.0261,39.2329,39.4758,39.7623,40.0709,40.3574,40.618,40.8956,41.1643,41.3674,41.4996,41.5971,41.7204,41.8747,42.0378,42.201,42.3731,42.5761,42.805,43.008,43.18,43.3432,43.5064,43.6696,43.8327,43.9959,44.1502,44.2735,44.371,44.4943,44.6397,44.7541,44.8029

Position pixel : 24.0697,24.0697,24.0608,24.021,23.9464,23.8667,23.7832,23.7035,23.6201,23.5315,23.417,23.3026,23.2051,23.0907,22.9763,22.8699,22.7156,22.5266,22.3494,22.1515,21.9574,21.7853,21.6133,21.4102,21.1814,20.9606,20.7088,20.4142,20.1714,19.9904,19.8273,19.6552,19.4522,19.2144,18.9715,18.7338,18.5219,18.31,18.0811,17.8781,17.706,17.5517,17.4284,17.3309,17.2076,17.0622,16.9389,16.8414,16.727,16.6125,16.5151,16.3917,16.2375,16.0743,15.9111,15.7568,15.6335,15.5449,15.4615,15.3729,15.2495,15.1042,14.9808,14.8833,14.76,14.6057,14.4426,14.2883,14.165,14.0764,13.9929,13.9043,13.7899,13.6754,13.5869,13.5034,13.4148,13.2915,13.1372,12.9829,12.8596,12.7621,12.6388,12.4934,12.3701,12.2726,12.1493,11.995,11.8318,11.6686,11.4966,11.3025,11.1134,10.9761,10.8439,10.6985,10.5752,10.4866,10.4031,10.3234,10.2488,10.209,10.1912,10.1514,10.0857,10.0458,10.0369,10.0369,10.0369,10.028,9.98818,9.92248,9.88264,9.87375,9.87375,9.87375,9.86486,9.82501,9.75931,9.71947,9.71057,9.71057,9.71057,9.71057,9.71057,9.70168,9.66184,9.59614,9.55629,9.53851,9.49866,9.42408,9.33549,9.22106,9.10662,9.01804,8.93456,8.85487,8.78028,8.74043,8.73154,8.73154,8.73154,8.73154,8.73154,8.73154,8.72265,8.6828,8.60822,8.52852,8.44504,8.36535,8.28187,8.19329,8.06996,7.91568,7.75251,7.58933,7.43505,7.31173,7.22314,7.13966,7.05997,6.98538,6.93665,6.88791,6.81332,6.72474,6.60141,6.44713,6.28396,6.12967,6.00635,5.91776,5.83429,5.75459,5.67111,5.59142,5.50794,5.42825,5.34477,5.26508,5.1816,5.1019,5.02732

Pole type : Curve
Start frame : 1
End frame : 180
Start time (s) : 0.000
End time (s) : 1491.560
Time step (s) : 8.333

Pole number : 2

Time (s) : 13.5718,14.52535,15.81093,17.1706,18.53028,19.88995,21.32371,23.01541,24.92251,26.61422,28.12207,29.73968,31.31475,32.53311,33.96687,35.87398,37.89772,39.95299,42.05082,44.36404,46.67726,48.84918,51.23649,54.02992,57.48742,61.55957,65.15838,67.73641,69.79169,71.63156,73.72939,76.3321,79.09399,82.17691,85.48623,88.90118,92.35868,96.10566,99.96241,103.3774,106.2874,109.2963,112.1995,114.6609,116.8328,119.3683,122.6776,126.5659,130.3554,134.1024,137.7012,140.9007,144.0262,147.293,150.4925,154.0982,158.5765,163.1288,167.2147,171.6998,176.7996,181.6168,186.2501,191.1345,195.6869,199.2925,202.4921,205.6848,208.33,210.0958,211.1976,212.0839,213.4436,215.2766,216.8942,218.07,219.2884,221.1955,223.2864,224.7202,225.6065,226.6342,227.9197,229.2794,230.565,231.5926,232.4049,233.3584,234.312,235.1242,236.1519,237.4374,238.723,239.7507,240.5629,241.5165,242.47,243.3563,244.7901,246.9551,249.1943,251.0342,252.7259,254.3009,255.4452,256.5469,257.8325,259.1922,260.6259,262.3177,264.2248,265.9905,267.8304,270.0696,272.3828,274.4806,276.5359,278.5596,280.4667,281.8264,282.7127,283.7404,285.026,286.3856,287.7453,289.105,290.4646,291.8243,293.184,294.5437,295.9033,297.263,298.6227,299.9823,301.342,302.7017,304.1354,305.8272,307.8083,309.758,311.4072,312.5514,313.6532,314.9387,316.2984,317.6581,319.0178,320.3774,321.7371,323.0227,324.0503,324.8626,325.8902,327.1758,328.5355,329.821,330.8487,331.735,333.1688,335.4079,338.0532,340.7725,343.4178,345.731,347.4968,348.8564,349.8841,350.6222,351.3178,351.9819,352.6775,353.4157,354.4433,355.7289,357.0886,358.3741,359.4018,360.214,361.2417,362.4532,363.4808,364.219,364.8405,365.1725,365.2466

Position (um) : 6.5378,6.5378,6.5378,6.5378,6.5378,6.5378,6.5388,6.543,6.55,6.5543,6.5552,6.5562,6.5604,6.5675,6.5727,6.5779,6.5849,6.591,6.6005,6.6154,6.6291,6.6423,6.6545,6.6649,6.6781,6.6936,6.7058,6.7119,6.7171,6.7241,6.7284,6.7303,6.7355,6.7477,6.7642,6.7816,6.7999,6.8207,6.8408,6.8555,6.8696,6.8851,6.8983,6.9077,6.9157,6.9209,6.928,6.9444,6.9679,6.9896,7.007,7.0192,7.0253,7.0315,7.0427,7.0549,7.0644,7.0733,7.0818,7.0907,7.1002,7.1133,7.1307,7.1524,7.1759,7.1942,7.2098,7.23,7.2498,7.2639,7.2733,7.2822,7.2917,7.3039,7.3161,7.3256,7.3345,7.343,7.3519,7.3604,7.3683,7.3735,7.3797,7.3909,7.4032,7.4126,7.4206,7.4258,7.431,7.4389,7.4474,7.4554,7.4606,7.4658,7.4728,7.478,7.4832,7.4912,7.4997,7.5076,7.5119,7.5128,7.5138,7.518,7.525,7.5293,7.5312,7.5354,7.5434,7.5519,7.5608,7.5693,7.5782,7.5867,7.5956,7.6041,7.613,7.6215,7.6304,7.6389,7.6469,7.6512,7.6531,7.6573,7.6653,7.6738,7.6817,7.6869,7.6921,7.6991,7.7043,7.7095,7.7165,7.7217,7.7269,7.734,7.7382,7.7401,7.7444,7.7523,7.7608,7.7688,7.774,7.7792,7.7871,7.7956,7.8036,7.8088,7.814,7.822,7.8305,7.8384,7.8436,7.8488,7.8558,7.861,7.8662,7.8742,7.8836,7.8968,7.9133,7.9307,7.9481,7.9645,7.9768,7.9829,7.9881,7.9961,8.0046,8.0135,8.022,8.0309,8.0394,8.0483,8.0568,8.0657,8.0742,8.0831,8.0916,8.1005,8.109,8.1179,8.1255,8.1292,8.1264

Intensity : 993.248,993.0297,992.7353,990.5232,985.0956,979.6679,973.9257,967.4051,960.9183,950.3363,940.5639,930.2553,922.1289,918.6477,914.5293,910.3078,908.716,907.9983,911.9677,919.6939,914.5275,912.9412,909.2669,899.2916,887.2013,852.9424,817.2587,787.3342,760.534,736.043,704.4244,672.1934,643.5395,613.2905,592.9144,580.2666,573.4463,576.7714,573.5482,578.5224,584.009,595.1111,616.4904,636.5486,655.7701,681.0685,716.266,752.4254,779.1608,809.7424,826.2195,844.4203,850.9969,855.7013,863.7829,847.3508,830.6586,793.4563,760.2064,709.9409,657.0973,616.3502,594.8475,582.0612,552.8259,531.4915,517.9528,508.1405,502.5674,492.0548,483.9961,477.5951,469.2539,459.0419,451.9349,452.1109,452.8832,455.0983,458.3851,461.3569,460.1638,459.573,459.4827,458.559,458.2689,458.8919,459.7704,461.95,462.6398,462.9685,463.935,465.8608,468.3447,470.5129,470.6735,470.7044,467.8925,463.6175,458.8089,453.9266,450.7,442.584,430.6985,418.837,409.4972,401.3444,392.6325,386.2131,380.736,374.5393,367.8053,361.6721,353.8974,343.6026,333.6171,325.0911,320.8764,318.0599,315.3452,313.1466,311.3986,310.3052,309.7714,308.8775,307.4311,305.8802,304.3842,303.0939,302.542,301.7091,301.3301,301.0306,300.4916,300.3686,301.6969,303.106,305.2754,308.3093,312.007,317.2329,322.7984,327.3689,331.8835,337.3971,344.1898,350.3746,356.4983,362.6066,368.9535,375.7293,381.8221,387.1107,387.7722,387.5919,387.8612,387.8797,388.2256,389.489,390.8075,390.7569,388.0193,387.0058,380.9471,373.4359,367.87,363.1231,359.6888,360.4728,361.2356,360.4407,359.7211,359.0356,358.3621,357.7155,357.1953,356.6175,353.4187,350.8865,347.7632,344.142,341.1017,338.1426,335.6785,334.4094,334.4526

Time pixel : 1.62873,1.74317,1.89745,2.06062,2.22379,2.38696,2.55903,2.76205,2.99092,3.19393,3.37489,3.56902,3.75804,3.90425,4.07632,4.30519,4.54805,4.7947,5.04646,5.32407,5.60167,5.86232,6.14882,6.48405,6.89898,7.38768,7.81956,8.12895,8.3756,8.5964,8.84816,9.16051,9.49196,9.86193,10.2591,10.6689,11.0838,11.5335,11.9963,12.4062,12.7554,13.1165,13.4649,13.7603,14.0209,14.3252,14.7224,15.189,15.6438,16.0934,16.5253,16.9093,17.2844,17.6764,18.0604,18.4931,19.0305,19.5769,20.0672,20.6055,21.2175,21.7956,22.3516,22.9378,23.4841,23.9168,24.3008,24.6839,25.0014,25.2133,25.3455,25.4519,25.6151,25.835,26.0292,26.1703,26.3165,26.5454,26.7963,26.9684,27.0747,27.198,27.3523,27.5155,27.6698,27.7931,27.8906,28.005,28.1194,28.2169,28.3402,28.4945,28.6488,28.7721,28.8696,28.984,29.0985,29.2048,29.3769,29.6367,29.9055,30.1263,30.3293,30.5183,30.6556,30.7878,30.9421,31.1053,31.2774,31.4804,31.7092,31.9211,32.1419,32.4107,32.6883,32.94,33.1867,33.4295,33.6584,33.8216,33.928,34.0513,34.2056,34.3687,34.5319,34.6951,34.8582,35.0214,35.1846,35.3478,35.5109,35.6741,35.8373,36.0005,36.1636,36.3268,36.4989,36.7019,36.9396,37.1736,37.3715,37.5089,37.6411,37.7954,37.9585,38.1217,38.2849,38.448,38.6112,38.7655,38.8888,38.9863,39.1096,39.2639,39.4271,39.5814,39.7047,39.811,39.9831,40.2518,40.5693,40.8956,41.2131,41.4907,41.7026,41.8658,41.9891,42.0777,42.1612,42.2408,42.3243,42.4129,42.5362,42.6905,42.8537,43.008,43.1313,43.2288,43.3521,43.4975,43.6208,43.7094,43.784,43.8238,43.8327

Position pixel : 61.273,61.273,61.273,61.273,61.273,61.273,61.2819,61.3218,61.3875,61.4273,61.4362,61.4451,61.4849,61.5506,61.5994,61.6481,61.7138,61.7714,61.86,62.0003,62.1287,62.2521,62.3665,62.464,62.5873,62.7327,62.8471,62.9047,62.9535,63.0192,63.059,63.0768,63.1255,63.24,63.3943,63.5574,63.7295,63.9236,64.1126,64.25,64.3822,64.5276,64.6509,64.7395,64.8141,64.8628,64.9293,65.0836,65.3036,65.5066,65.6698,65.7842,65.8418,65.8995,66.005,66.1194,66.208,66.2915,66.3712,66.4547,66.5433,66.6666,66.8298,67.0328,67.2528,67.4248,67.571,67.7601,67.9453,68.0775,68.1661,68.2496,68.3382,68.4526,68.567,68.6556,68.7391,68.8188,68.9023,68.982,69.0565,69.1053,69.1629,69.2685,69.3829,69.4715,69.5461,69.5948,69.6435,69.7181,69.7978,69.8724,69.9211,69.9699,70.0356,70.0843,70.1331,70.2076,70.2873,70.3619,70.4018,70.4107,70.4196,70.4594,70.5251,70.5649,70.5827,70.6226,70.6972,70.7769,70.8603,70.94,71.0235,71.1032,71.1867,71.2664,71.3499,71.4295,71.513,71.5927,71.6673,71.7072,71.7249,71.7648,71.8394,71.9191,71.9937,72.0424,72.0911,72.1568,72.2056,72.2543,72.32,72.3687,72.4175,72.4832,72.523,72.5408,72.5806,72.6552,72.7349,72.8095,72.8582,72.907,72.9816,73.0613,73.1359,73.1846,73.2333,73.3079,73.3876,73.4622,73.5109,73.5597,73.6254,73.6741,73.7228,73.7974,73.886,74.0093,74.1636,74.3268,74.49,74.6443,74.7587,74.8163,74.8651,74.9396,75.0193,75.1028,75.1825,75.266,75.3457,75.4292,75.5089,75.5923,75.672,75.7555,75.8352,75.9187,75.9984,76.0818,76.1527,76.1874,76.1615

Pole type : Curve
Start frame : 1
End frame : 180
Start time (s) : 0.000
End time (s) : 1491.560
Time step (s) : 8.333

Feature Information :


Feature number : 1

Time (s) : 164.6435,166.4093,169.602,173.5329,177.4637,180.7305,182.9024,184.4102,185.844,187.5357,189.4428,191.2086,192.9744,194.8815,196.5732,198.007,199.3666,200.7263,202.086,203.5197,205.2114,207.1185,208.8102,210.244,211.6037,212.9633,214.323,215.7568,217.4485,219.3556,221.1214,222.8872,224.7202,226.1539,227.3723,228.9474,230.565,231.9988,233.4325,235.1242,237.0313,238.723,240.1568,241.5165,242.8761,244.2358,245.5955,246.9551,248.3889,250.1547,252.3938,254.633,256.3988,257.8325,259.1922,260.6259,262.3177,264.2248,265.9905,267.8304,270.0696,272.3087,274.0745,275.5083,276.8679,278.2276,279.5873,280.9469,282.3807,284.1465,286.4597,289.0309,291.4182,293.516,295.4972,297.1889,298.6227,300.0564,301.8222,304.1354,306.7807,309.5,312.2194,314.9387,317.6581,320.3774,323.0968,325.8902,328.9416,332.1343,334.7795,336.6935,338.4593,340.4405,342.5383,344.9256,347.4968,349.81,351.5758,353.0836,354.7753,356.7565,358.8544,361.3158,364.293,367.4857,370.2051,372.4511,374.7643,377.0775,379.1753,381.1565,382.9964,385.0942,387.771,390.865,394.4212,397.7305,400.524,402.8372,404.6771,406.517,408.7561,411.0693,413.1671,415.2224,417.2462,419.2273,420.9931,422.7589,424.666,426.3577,427.7915,429.1512,430.5108,431.8705,433.1561,434.1837,434.996,436.0236,437.3092,438.6689,439.9545,440.9821,441.7943,442.822,444.1076,445.4672,446.8269,448.1866,449.5462,450.9059,452.2656,453.6993,455.3911,457.2982,458.9899,460.4236,461.7833,463.143,464.4286,465.3821

Position (um) : 4.2039,4.1996,4.1917,4.1832,4.1752,4.171,4.17,4.1691,4.1648,4.1578,4.1535,4.1516,4.1474,4.1404,4.1361,4.1352,4.1342,4.13,4.123,4.1178,4.1126,4.1056,4.1013,4.1004,4.0994,4.0952,4.0882,4.0839,4.083,4.083,4.083,4.083,4.082,4.0778,4.0707,4.0665,4.0655,4.0655,4.0655,4.0655,4.0655,4.0655,4.0655,4.0655,4.0655,4.0655,4.0655,4.0655,4.0655,4.0655,4.0655,4.0655,4.0665,4.0707,4.0778,4.0839,4.0934,4.1083,4.123,4.1413,4.1639,4.1813,4.1917,4.1996,4.2039,4.2058,4.21,4.217,4.2213,4.2222,4.2232,4.2274,4.2344,4.2387,4.2406,4.2448,4.2519,4.2561,4.2571,4.2571,4.2571,4.2571,4.2571,4.2571,4.2571,4.2571,4.2571,4.2571,4.2571,4.2571,4.2571,4.2571,4.2571,4.2571,4.2571,4.2571,4.2571,4.2571,4.2571,4.2571,4.2571,4.2571,4.2571,4.2571,4.2571,4.2571,4.2571,4.2571,4.2571,4.2571,4.2571,4.2571,4.2571,4.2571,4.2561,4.2509,4.2396,4.2274,4.218,4.21,4.2048,4.1996,4.1926,4.1884,4.1865,4.1822,4.1752,4.171,4.1691,4.1648,4.1568,4.1483,4.1394,4.1309,4.122,4.1135,4.1046,4.0961,4.0872,4.0787,4.0698,4.0603,4.0472,4.0307,4.0133,3.9959,3.9794,3.9663,3.9559,3.9427,3.9272,3.914,3.9046,3.8957,3.8862,3.8731,3.8576,3.8444,3.835,3.826,3.8175,3.8096

Intensity : 525.3026,541.7972,562.81,588.0119,601.6976,606.6058,609.22,612.1197,616.6728,621.7347,626.0548,630.102,635.3834,642.0914,648.0491,652.699,657.1662,663.6262,671.8555,680.0743,689.6547,701.0195,709.9105,715.1281,720.1319,726.512,734.234,741.2776,741.2732,732.4082,724.2,715.9918,707.8982,705.8744,706.3186,704.771,701.6094,698.4063,694.8365,685.7006,675.4015,666.2656,658.5228,651.18,651.9683,653.6377,655.307,656.9764,658.7367,661.0396,665.5388,670.038,673.329,675.2006,677.4856,681.2166,686.0244,692.3005,699.5923,700.799,696.6556,689.5946,685.5042,683.2123,682.4792,682.1036,681.3929,680.3002,679.6158,677.0046,670.1163,661.905,653.6506,654.5237,656.6206,657.9193,658.374,659.0076,653.826,647.2702,639.7735,633.08,627.6911,622.3023,617.5001,613.6843,609.8686,607.6804,609.1827,610.7546,609.5871,607.3138,605.2164,602.8632,605.3925,615.9341,627.2876,637.5021,642.4768,646.4763,650.9636,656.2187,663.2735,676.5129,692.5273,707.5804,715.3875,721.8357,728.4769,730.5529,732.0247,733.4146,734.7054,733.998,733.0267,733.6242,729.0722,724.4072,724.6456,738.2877,748.425,758.4333,768.3474,767.3429,765.534,764.7837,767.0194,772.4479,776.6313,782.3997,787.9852,778.7258,769.396,761.4013,754.2853,747.9748,742.956,742.6231,743.99,745.7916,748.5669,752.7788,755.0069,753.9709,752.1769,743.0119,733.712,725.6072,718.7249,710.5849,698.3198,687.7271,678.9949,670.9843,662.8453,654.913,648.2146,641.8189,632.6669,622.4299,613.062,605.5606

Time pixel : 19.7586,19.9705,20.3537,20.8254,21.2972,21.6892,21.9499,22.1308,22.3029,22.5059,22.7348,22.9467,23.1586,23.3875,23.5905,23.7625,23.9257,24.0889,24.2521,24.4241,24.6271,24.856,25.059,25.2311,25.3943,25.5574,25.7206,25.8927,26.0957,26.3246,26.5365,26.7484,26.9684,27.1404,27.2866,27.4756,27.6698,27.8418,28.0139,28.2169,28.4458,28.6488,28.8209,28.984,29.1472,29.3104,29.4736,29.6367,29.8088,30.0207,30.2894,30.5581,30.7701,30.9421,31.1053,31.2774,31.4804,31.7092,31.9211,32.1419,32.4107,32.6794,32.8913,33.0634,33.2265,33.3897,33.5529,33.716,33.8881,34.1,34.3776,34.6862,34.9727,35.2244,35.4622,35.6652,35.8373,36.0093,36.2213,36.4989,36.8163,37.1427,37.469,37.7954,38.1217,38.448,38.7744,39.1096,39.4758,39.859,40.1764,40.4061,40.618,40.8558,41.1075,41.394,41.7026,41.9802,42.1921,42.3731,42.5761,42.8138,43.0656,43.361,43.7183,44.1014,44.4278,44.6973,44.9749,45.2525,45.5043,45.7421,45.9629,46.2146,46.5359,46.9071,47.3339,47.7311,48.0663,48.3439,48.5647,48.7855,49.0542,49.3318,49.5836,49.8303,50.0731,50.3109,50.5228,50.7347,50.9636,51.1666,51.3387,51.5018,51.665,51.8282,51.9824,52.1058,52.2033,52.3266,52.4809,52.644,52.7983,52.9216,53.0191,53.1424,53.2967,53.4599,53.6231,53.7862,53.9494,54.1126,54.2758,54.4478,54.6508,54.8797,55.0827,55.2548,55.418,55.5811,55.7354,55.8498

Position pixel : 39.399,39.3592,39.2846,39.2049,39.1303,39.0905,39.0816,39.0727,39.0328,38.9672,38.9273,38.9095,38.8697,38.804,38.7641,38.7552,38.7464,38.7065,38.6408,38.5921,38.5433,38.4776,38.4378,38.4289,38.42,38.3802,38.3145,38.2746,38.2657,38.2657,38.2657,38.2657,38.2568,38.217,38.1513,38.1114,38.1026,38.1026,38.1026,38.1026,38.1026,38.1026,38.1026,38.1026,38.1026,38.1026,38.1026,38.1026,38.1026,38.1026,38.1026,38.1026,38.1114,38.1513,38.217,38.2746,38.3632,38.5035,38.6408,38.8129,39.024,39.1871,39.2846,39.3592,39.399,39.4168,39.4567,39.5224,39.5622,39.5711,39.58,39.6198,39.6855,39.7254,39.7432,39.783,39.8487,39.8886,39.8974,39.8974,39.8974,39.8974,39.8974,39.8974,39.8974,39.8974,39.8974,39.8974,39.8974,39.8974,39.8974,39.8974,39.8974,39.8974,39.8974,39.8974,39.8974,39.8974,39.8974,39.8974,39.8974,39.8974,39.8974,39.8974,39.8974,39.8974,39.8974,39.8974,39.8974,39.8974,39.8974,39.8974,39.8974,39.8974,39.8886,39.8398,39.7343,39.6198,39.5313,39.4567,39.4079,39.3592,39.2935,39.2536,39.2359,39.196,39.1303,39.0905,39.0727,39.0328,38.9583,38.8786,38.7951,38.7154,38.6319,38.5522,38.4687,38.3891,38.3056,38.2259,38.1424,38.0538,37.9305,37.7762,37.613,37.4499,37.2956,37.1723,37.0748,36.9515,36.8061,36.6827,36.5942,36.5107,36.4221,36.2988,36.1534,36.0301,35.9415,35.858,35.7783,35.7037

Brightness max : 411.26
Brightness min : 18.00
Feature direction : Ambiguous
Feature speed : Slow
Feature type : Curve
Start frame : 1
End frame : 180
Start time (s) : 0.000
End time (s) : 1491.560
Time step (s) : 8.333

Feature number : 2

Time (s) : 27.7063,27.24976,27.68429,28.7662,30.19343,31.83535,33.62743,35.42798,37.0616,38.76984,41.07664,43.51697,45.34141,46.43233,47.10629,47.90006,48.90165,49.98302,51.13228,52.48749,54.29352,56.5612,58.97542,61.56641,62.70905,63.69914,64.99552,66.76924,68.84096,71.05938,73.34666,75.63097,77.85227,79.96653,82.02257,84.19867,86.46576,88.42354,90.0736,91.65332,93.29469,95.05471,96.98433,99.04973,101.0731,101.8839,102.9473,104.3979,106.0417,107.7915,109.6315,111.5444,113.5118,115.4415,117.1322,118.6106,120.2196,121.8067,123.1481,124.4111,125.6781,127.1221,128.5302,129.7656,131.1173,132.4514,133.5608,134.6271,135.7438,137.2399,139.2748,141.554,143.3189,144.3146

Position (um) : 3.8966,3.89,3.8861,3.8848,3.8811,3.8747,3.8712,3.87,3.8666,3.8604,3.8569,3.8568,3.8567,3.8533,3.8472,3.8438,3.8436,3.8444,3.8451,3.8458,3.8463,3.8468,3.8472,3.8483,3.8505,3.8552,3.857,3.8554,3.8536,3.855,3.8589,3.8609,3.8627,3.8672,3.872,3.8762,3.8776,3.8789,3.8832,3.8882,3.8931,3.8947,3.8935,3.8931,3.8963,3.9012,3.9046,3.9083,3.9142,3.9184,3.9229,3.9294,3.9331,3.9345,3.9383,3.9447,3.9492,3.9534,3.9603,3.9675,3.9739,3.9775,3.9808,3.9859,3.9892,3.9925,3.9987,4.0056,4.0133,4.0218,4.0336,4.0459,4.0559,4.065

Intensity : 475.2353,474.3586,473.9847,474.0264,473.8735,473.4678,472.452,466.7469,461.3406,455.486,448.1207,448.8195,451.2773,452.6823,453.5562,454.7299,456.2599,457.8904,458.6984,459.6402,460.9002,462.4856,464.7812,468.9766,470.6964,471.9432,473.8652,476.8198,479.8655,482.8549,485.8292,489.5691,494.7139,499.5552,504.3117,509.1132,513.7632,517.8768,521.7088,525.7155,524.75,523.2541,521.2632,519.2231,517.8809,517.8737,517.5169,516.9451,516.5699,515.9552,516.4275,517.4372,517.9369,518.1052,518.5245,519.4715,520.1172,520.1258,519.7096,519.2205,517.7363,515.5209,513.3999,511.3198,509.3487,507.423,504.4627,498.0028,491.4068,482.9923,472.0522,460.5035,458.1662,455.6998

Time pixel : 3.32499,3.27021,3.32235,3.45219,3.62347,3.82051,4.03558,4.25166,4.44771,4.65271,4.92955,5.22241,5.44136,5.57228,5.65316,5.74842,5.86862,5.99839,6.13631,6.29895,6.51569,6.78783,7.07756,7.3885,7.52562,7.64444,7.80002,8.01288,8.26151,8.52774,8.80223,9.07637,9.34294,9.59667,9.84341,10.1046,10.3766,10.6116,10.8096,10.9992,11.1962,11.4074,11.639,11.8868,12.1296,12.2269,12.3546,12.5286,12.7259,12.9359,13.1567,13.3863,13.6224,13.854,14.0569,14.2343,14.4274,14.6179,14.7788,14.9304,15.0825,15.2557,15.4247,15.573,15.7352,15.8953,16.0284,16.1564,16.2904,16.47,16.7142,16.9877,17.1995,17.319

Position pixel : 36.5196,36.4571,36.4212,36.4082,36.3738,36.3142,36.281,36.2702,36.2377,36.1796,36.1476,36.1466,36.1457,36.1138,36.056,36.0239,36.0226,36.0298,36.0365,36.0426,36.0481,36.0528,36.0565,36.0666,36.0868,36.1312,36.1483,36.133,36.1163,36.1291,36.1662,36.1848,36.202,36.2435,36.2887,36.3279,36.3408,36.3538,36.3937,36.4408,36.4861,36.501,36.4904,36.486,36.5167,36.562,36.594,36.629,36.6837,36.7239,36.7659,36.8262,36.8614,36.8748,36.9099,36.97,37.0118,37.052,37.1162,37.1836,37.2441,37.277,37.3087,37.3564,37.387,37.4179,37.476,37.541,37.6126,37.6928,37.8031,37.918,38.0123,38.0979

Brightness max : 411.26
Brightness min : 18.00
Feature direction : Ambiguous
Feature speed : Slow
Feature type : Curve
Start frame : 1
End frame : 180
Start time (s) : 0.000
End time (s) : 1491.560
Time step (s) : 8.333

Feature number : 3

Time (s) : 363.0075,363.961,365.2466,366.6804,368.3721,370.2792,371.9709,373.4046,374.7643,376.124,377.4836,378.8433,380.203,381.5627,382.9223,384.2079,385.2356,386.0478,387.0754,388.361,389.7207,391.0804,392.3659,393.3936,394.2058,395.2335,396.519,397.9528,399.6445,401.5516,403.2433,404.6771,406.0367,407.3964,408.7561,410.1158,411.4754,412.8351,414.1948,415.5545,416.84,417.8677,418.6799,419.7076,420.9931,422.3528,423.7125,425.0722,426.4318,427.7915,429.1512,430.5108,431.8705,433.2302,434.5899,435.9495,437.3092,438.5948,439.5483

Position (um) : 5.0231,5.0231,5.0231,5.0231,5.0231,5.0231,5.0231,5.0231,5.0231,5.0231,5.0231,5.0231,5.0241,5.0283,5.0353,5.0405,5.0457,5.0527,5.0579,5.0631,5.0702,5.0744,5.0763,5.0806,5.0876,5.0918,5.0928,5.0928,5.0928,5.0928,5.0928,5.0928,5.0928,5.0928,5.0928,5.0928,5.0928,5.0928,5.0928,5.0928,5.0937,5.098,5.105,5.1092,5.1102,5.1102,5.1102,5.1102,5.1102,5.1102,5.1102,5.1102,5.1102,5.1102,5.1102,5.1102,5.1083,5.0998,5.0858

Intensity : 438.7556,443.5442,450.0002,457.1577,463.8417,471.3767,478.0607,483.7255,489.0976,491.2297,492.7737,494.3177,495.8862,497.5881,499.4901,499.2401,498.5357,498.3416,497.9606,497.5463,497.5332,497.3561,495.6015,493.8791,493.2207,491.6074,488.801,485.4713,481.5426,479.5893,478.3109,477.2273,476.1998,475.1723,475.2691,477.6241,479.9791,482.3341,484.6891,487.0441,489.1029,489.9664,490.663,491.352,492.1107,492.9032,493.6957,494.2245,491.5205,488.8165,486.1124,483.4084,480.7044,478.0004,474.2865,470.5161,466.8794,463.8986,462.1958

Time pixel : 43.564,43.6784,43.8327,44.0048,44.2078,44.4367,44.6397,44.8118,44.9749,45.1381,45.3013,45.4644,45.6276,45.7908,45.954,46.1082,46.2316,46.329,46.4524,46.6067,46.7698,46.933,47.0873,47.2106,47.3081,47.4314,47.5857,47.7578,47.9608,48.1896,48.3927,48.5647,48.7279,48.8911,49.0542,49.2174,49.3806,49.5438,49.7069,49.8701,50.0244,50.1477,50.2452,50.3685,50.5228,50.686,50.8491,51.0123,51.1755,51.3387,51.5018,51.665,51.8282,51.9913,52.1545,52.3177,52.4809,52.6351,52.7496

Position pixel : 47.077,47.077,47.077,47.077,47.077,47.077,47.077,47.077,47.077,47.077,47.077,47.077,47.0859,47.1258,47.1915,47.2402,47.2889,47.3546,47.4034,47.4521,47.5178,47.5577,47.5754,47.6153,47.681,47.7208,47.7297,47.7297,47.7297,47.7297,47.7297,47.7297,47.7297,47.7297,47.7297,47.7297,47.7297,47.7297,47.7297,47.7297,47.7386,47.7785,47.8442,47.884,47.8929,47.8929,47.8929,47.8929,47.8929,47.8929,47.8929,47.8929,47.8929,47.8929,47.8929,47.8929,47.8751,47.7954,47.664

Brightness max : 411.26
Brightness min : 18.00
Feature direction : Ambiguous
Feature speed : Slow
Feature type : Curve
Start frame : 1
End frame : 180
Start time (s) : 0.000
End time (s) : 1491.560
Time step (s) : 8.333

Feature number : 4

Time (s) : 251.0342,251.0342,251.1082,251.4403,252.0618,252.7259,253.3474,253.6794,253.7535,253.7535,253.7535,253.8276,254.1596,254.7071,255.0391,255.1132,255.1132,255.1132,255.1132,255.1132,255.1132,255.1132,255.1132,255.1873,255.5193,256.1408,256.8049,257.5005,258.1646,258.8602,259.5242,260.2198,260.8839,261.5795,262.2436,262.9392,263.6032,264.2988,265.037,266.0646,267.3502,268.6358,269.6634,270.4016,271.0972,271.7613,272.4569,273.195,274.2227,275.5083,276.7938,277.8215,278.5596,279.2552,279.9934,281.021,282.3066,283.6663,285.026,286.3856,287.6712,288.6989,289.5852,290.8708,292.3717,293.516,294.6177,295.9033,297.1889,298.2166,299.0288,300.0564,301.342,302.6276,303.6552,304.3934,305.089,305.7531,306.4487,307.1127,307.7343

Position (um) : 6.248,6.2602,6.2757,6.2889,6.2983,6.3072,6.3167,6.3299,6.3463,6.3637,6.3811,6.3985,6.4169,6.4386,6.463,6.4847,6.503,6.5204,6.5388,6.5604,6.5849,6.6065,6.6249,6.6423,6.6597,6.6771,6.6945,6.711,6.7241,6.7345,6.7477,6.7642,6.7816,6.798,6.8112,6.8216,6.8348,6.8503,6.8644,6.879,6.8992,6.9199,6.9373,6.9505,6.9609,6.974,6.9905,7.0079,7.0253,7.0427,7.0601,7.0766,7.0898,7.1002,7.1133,7.1298,7.1472,7.1646,7.182,7.1985,7.2116,7.222,7.2352,7.2517,7.2681,7.2813,7.2917,7.3039,7.3161,7.3256,7.3354,7.3491,7.3693,7.39,7.4074,7.4206,7.43,7.4389,7.4474,7.4554,7.4596

Intensity : 434.8472,436.6637,439.0355,441.2733,442.989,444.2031,445.3463,446.4822,447.651,448.8396,450.0283,451.2275,450.5219,448.9842,447.117,445.4761,444.1123,441.6193,438.3764,434.55,430.2365,426.4101,423.0582,419.7117,416.1817,412.5691,409.1304,406.0475,403.8008,402.3537,400.6094,398.5347,396.4213,394.45,392.8811,391.625,390.0907,388.3246,386.7943,385.3005,382.8336,380.3616,378.7804,377.6239,376.7813,375.8768,374.9099,374.0556,373.4461,372.1824,368.6996,366.0284,364.2193,362.8329,361.3908,359.806,358.4276,355.9481,352.3869,349.3643,347.0426,345.4376,344.1005,342.6259,339.461,336.0503,333.0894,329.8938,326.9806,324.8542,323.3215,321.5834,319.1308,316.6197,314.667,313.2986,311.9845,310.7419,309.4408,308.2084,307.0078

Time pixel : 30.1263,30.1263,30.1351,30.175,30.2496,30.3293,30.4039,30.4437,30.4526,30.4526,30.4526,30.4615,30.5013,30.567,30.6069,30.6158,30.6158,30.6158,30.6158,30.6158,30.6158,30.6158,30.6158,30.6247,30.6645,30.7391,30.8188,30.9023,30.982,31.0654,31.1451,31.2286,31.3083,31.3918,31.4715,31.555,31.6347,31.7181,31.8067,31.93,32.0843,32.2386,32.3619,32.4505,32.534,32.6137,32.6972,32.7857,32.9091,33.0634,33.2176,33.341,33.4295,33.513,33.6016,33.7249,33.8792,34.0424,34.2056,34.3687,34.523,34.6463,34.7527,34.907,35.0871,35.2244,35.3567,35.5109,35.6652,35.7885,35.886,36.0093,36.1636,36.3179,36.4412,36.5298,36.6133,36.693,36.7765,36.8562,36.9308

Position pixel : 58.5567,58.6712,58.8165,58.9399,59.0285,59.1119,59.2005,59.3238,59.4781,59.6413,59.8045,59.9676,60.1397,60.3427,60.5716,60.7746,60.9467,61.1098,61.2819,61.4849,61.7138,61.9168,62.0889,62.2521,62.4152,62.5784,62.7416,62.8958,63.0192,63.1167,63.24,63.3943,63.5574,63.7117,63.835,63.9325,64.0558,64.2012,64.3334,64.4708,64.6598,64.8539,65.0171,65.1404,65.2379,65.3612,65.5155,65.6787,65.8418,66.005,66.1682,66.3225,66.4458,66.5433,66.6666,66.8209,66.984,67.1472,67.3104,67.4647,67.588,67.6855,67.8088,67.9631,68.1174,68.2407,68.3382,68.4526,68.567,68.6556,68.748,68.8764,69.0654,69.2596,69.4227,69.5461,69.6347,69.7181,69.7978,69.8724,69.9123

Brightness max : 411.26
Brightness min : 18.00
Feature direction : Ambiguous
Feature speed : Slow
Feature type : Curve
Start frame : 1
End frame : 180
Start time (s) : 0.000
End time (s) : 1491.560
Time step (s) : 8.333

Feature number : 5

Time (s) : 277.3481,278.3017,279.5873,280.9469,282.3066,283.7404,285.4321,287.4133,289.437,291.4923,293.516,295.5713,297.595,299.5762,301.2679,302.7017,304.0614,305.421,306.7807,308.1404,309.5,310.8597,312.2194,313.6532,315.4189,317.7322,320.3033,322.6166,324.3824,325.8161,327.2499,328.9416,330.8487,332.5404,333.9741,335.3338,336.7676,338.5334,340.8466,343.4918,346.2112,348.9305,351.5758,353.889,355.6548,357.1626,358.8544,360.7615,362.4532,363.961,365.6527,367.5598,369.2515,370.6853,372.045,373.4046,374.7643,376.124,377.4836,378.8433,380.1289,381.1565,381.9688,382.9964,384.2079,385.2356,386.0478,387.0754,388.4351,390.1268,392.108,394.0576,395.6327

Position (um) : 6.1548,6.1548,6.1548,6.1548,6.1548,6.1548,6.1548,6.1548,6.1548,6.1548,6.1548,6.1548,6.1548,6.1557,6.16,6.167,6.1713,6.1722,6.1722,6.1722,6.1722,6.1722,6.1722,6.1732,6.1774,6.1844,6.1887,6.1896,6.1896,6.1896,6.1896,6.1896,6.1896,6.1896,6.1896,6.1896,6.1896,6.1896,6.1896,6.1896,6.1906,6.1948,6.2018,6.2061,6.207,6.208,6.2122,6.2192,6.2235,6.2244,6.2254,6.2296,6.2376,6.2461,6.255,6.2635,6.2724,6.2809,6.2898,6.2983,6.3072,6.3157,6.3237,6.328,6.3299,6.3341,6.3411,6.3454,6.3454,6.3411,6.3332,6.3247,6.3167

Intensity : 400.9869,398.1701,394.3725,390.356,386.3395,383.0887,381.9891,380.7014,379.386,378.0501,376.5925,375.1004,373.6311,372.1407,373.8543,376.2368,378.7594,381.374,383.9853,386.5966,388.2418,389.7483,391.2547,392.9339,395.3485,396.9821,396.2346,395.0044,394.1527,390.941,385.9446,380.0492,373.4033,367.508,362.6787,358.2824,353.6466,347.9372,340.4577,336.547,334.4582,331.8993,330.5241,330.4816,330.7721,331.0006,331.2757,332.2988,333.4188,334.8341,336.4268,336.1909,334.0627,332.2314,330.6186,329.2954,328.1674,328.9937,330.3055,331.7493,332.9773,333.916,334.6133,336.0232,334.0949,331.1854,328.7033,325.9029,322.5328,318.4953,313.3549,307.097,302.1684

Time pixel : 33.2842,33.3986,33.5529,33.716,33.8792,34.0513,34.2543,34.4921,34.7349,34.9816,35.2244,35.4711,35.714,35.9517,36.1547,36.3268,36.49,36.6531,36.8163,36.9795,37.1427,37.3058,37.469,37.6411,37.853,38.1306,38.4391,38.7168,38.9287,39.1007,39.2728,39.4758,39.7047,39.9077,40.0798,40.2429,40.415,40.6269,40.9045,41.222,41.5483,41.8747,42.1921,42.4697,42.6816,42.8626,43.0656,43.2945,43.4975,43.6784,43.8815,44.1103,44.3134,44.4854,44.6486,44.8118,44.9749,45.1381,45.3013,45.4644,45.6187,45.7421,45.8395,45.9629,46.1082,46.2316,46.329,46.4524,46.6155,46.8186,47.0563,47.2903,47.4793

Position pixel : 57.6832,57.6832,57.6832,57.6832,57.6832,57.6832,57.6832,57.6832,57.6832,57.6832,57.6832,57.6832,57.6832,57.6921,57.732,57.7977,57.8375,57.8464,57.8464,57.8464,57.8464,57.8464,57.8464,57.8553,57.8951,57.9608,58.0007,58.0096,58.0096,58.0096,58.0096,58.0096,58.0096,58.0096,58.0096,58.0096,58.0096,58.0096,58.0096,58.0096,58.0185,58.0583,58.124,58.1639,58.1727,58.1816,58.2215,58.2872,58.327,58.3359,58.3448,58.3847,58.4592,58.5389,58.6224,58.7021,58.7856,58.8653,58.9488,59.0285,59.1119,59.1916,59.2662,59.3061,59.3238,59.3637,59.4294,59.4692,59.4692,59.4294,59.3548,59.2751,59.2005

Brightness max : 411.26
Brightness min : 18.00
Feature direction : Ambiguous
Feature speed : Slow
Feature type : Curve
Start frame : 1
End frame : 180
Start time (s) : 0.000
End time (s) : 1491.560
Time step (s) : 8.333

Feature number : 6

Time (s) : 220.2419,221.1955,222.6292,224.653,227.1075,229.1312,230.6391,231.9988,233.4325,235.1242,237.0313,238.723,240.1568,241.5165,242.9502,244.6419,246.549,248.2407,249.6745,251.0342,252.3938,253.7535,255.1873,256.879,258.7861,260.4778,261.9856,263.6773,265.5844,267.2761,268.7099,270.0696,271.4292,272.7889,274.1486,275.5083,276.8679,278.3017,279.9934,281.9005,283.6663,285.4321,287.3392,289.0309,290.4646,291.8243,293.184,294.5437,295.9033,297.1889,298.1425

Position (um) : 5.1092,5.105,5.097,5.0885,5.0806,5.0763,5.0754,5.0754,5.0754,5.0754,5.0754,5.0754,5.0754,5.0754,5.0754,5.0754,5.0754,5.0754,5.0754,5.0754,5.0754,5.0754,5.0754,5.0754,5.0754,5.0754,5.0754,5.0763,5.0806,5.0876,5.0918,5.0928,5.0937,5.098,5.105,5.1092,5.1102,5.1102,5.1111,5.1154,5.1224,5.1266,5.1276,5.1276,5.1276,5.1276,5.1276,5.1276,5.1276,5.1276,5.1276

Intensity : 396.3914,397.5955,399.4826,401.8778,404.3003,405.9722,407.083,408.0565,409.2364,412.6877,416.5785,420.0298,422.9549,425.7288,426.7129,427.64,428.6851,429.6122,430.398,432.9318,435.9886,439.0454,442.2688,446.0722,449.6622,450.9614,452.1194,453.4262,454.9921,456.8727,458.8849,460.7065,462.528,464.4425,466.4345,467.3839,466.724,465.9989,465.1807,464.406,463.4876,460.8982,458.7236,456.9306,455.411,453.6319,449.6167,445.6014,441.5861,437.7896,434.9737

Time pixel : 26.4309,26.5454,26.7174,26.9603,27.2548,27.4977,27.6787,27.8418,28.0139,28.2169,28.4458,28.6488,28.8209,28.984,29.1561,29.3591,29.588,29.791,29.9631,30.1263,30.2894,30.4526,30.6247,30.8277,31.0565,31.2596,31.4405,31.6435,31.8724,32.0754,32.2475,32.4107,32.5738,32.737,32.9002,33.0634,33.2265,33.3986,33.6016,33.8305,34.0424,34.2543,34.4832,34.6862,34.8582,35.0214,35.1846,35.3478,35.5109,35.6652,35.7797

Position pixel : 47.884,47.8442,47.7696,47.6899,47.6153,47.5754,47.5665,47.5665,47.5665,47.5665,47.5665,47.5665,47.5665,47.5665,47.5665,47.5665,47.5665,47.5665,47.5665,47.5665,47.5665,47.5665,47.5665,47.5665,47.5665,47.5665,47.5665,47.5754,47.6153,47.681,47.7208,47.7297,47.7386,47.7785,47.8442,47.884,47.8929,47.8929,47.9018,47.9416,48.0073,48.0472,48.0561,48.0561,48.0561,48.0561,48.0561,48.0561,48.0561,48.0561,48.0561

Brightness max : 411.26
Brightness min : 18.00
Feature direction : Ambiguous
Feature speed : Slow
Feature type : Curve
Start frame : 1
End frame : 180
Start time (s) : 0.000
End time (s) : 1491.560
Time step (s) : 8.333

Feature number : 7

Time (s) : 173.853,174.5381,175.6659,177.1587,178.7008,180.0994,181.4201,182.4986,183.2824,183.9959,184.874,185.8088,186.9082,188.036,189.2132,190.4846,191.6124,192.5189,193.204,193.7949,194.7013,195.9233,197.0511,198.007,198.9134,199.8199,200.7263,201.6327,202.4898,203.1749,203.7164,204.4015,205.2585,206.1156,206.8501,207.6129,208.7124,210.0615,211.6037,213.1458,214.5444,215.8652,216.993,217.9488,218.8059,219.491,219.9831,220.3974,220.6188,220.6682

Position (um) : 3.1503,3.1409,3.1236,3.0992,3.0738,3.0506,3.0308,3.0157,3.0029,2.9884,2.9715,2.9536,2.9332,2.9106,2.8881,2.8677,2.8491,2.8294,2.8097,2.7898,2.7632,2.7284,2.6942,2.6641,2.6355,2.6089,2.5822,2.5549,2.5317,2.5132,2.4963,2.4812,2.4655,2.4464,2.426,2.4046,2.3796,2.3541,2.3303,2.3065,2.2804,2.2531,2.2306,2.2149,2.2026,2.1916,2.1829,2.1759,2.1678,2.1603

Intensity : 344.8989,343.0526,338.6831,332.0784,325.9023,320.9003,317.1172,314.5612,312.5631,310.1405,308.1528,306.2391,304.2532,302.2569,300.5119,300.3176,300.9704,303.1321,304.7845,306.1786,308.251,311.0403,313.6925,315.9657,317.9211,320.0106,319.5961,318.5166,317.5701,317.0068,316.6762,316.4245,316.2822,316.0386,315.5413,315.3067,315.0935,314.0437,311.7418,309.3773,307.3309,305.6383,302.8289,298.3844,294.8248,292.0325,290.0507,288.4835,287.3493,286.6926

Time pixel : 20.8639,20.9461,21.0814,21.2606,21.4456,21.6135,21.772,21.9014,21.9955,22.0811,22.1865,22.2986,22.4306,22.5659,22.7072,22.8598,22.9951,23.1039,23.1861,23.257,23.3658,23.5125,23.6478,23.7625,23.8713,23.9801,24.0889,24.1977,24.3005,24.3827,24.4477,24.5299,24.6328,24.7356,24.8238,24.9153,25.0473,25.2092,25.3943,25.5793,25.7472,25.9057,26.041,26.1557,26.2586,26.3408,26.3999,26.4496,26.4761,26.4821

Position pixel : 29.5248,29.4366,29.2747,29.0459,28.8077,28.5901,28.405,28.2638,28.1431,28.0078,27.8493,27.6814,27.4904,27.2788,27.0672,26.8762,26.7024,26.5173,26.3322,26.1466,25.8966,25.5708,25.2504,24.9678,24.7005,24.4505,24.2004,23.945,23.7274,23.5537,23.3951,23.2539,23.1067,22.9275,22.7365,22.5362,22.3014,22.0632,21.8397,21.6162,21.3721,21.1167,20.905,20.7578,20.6431,20.5403,20.458,20.3931,20.3168,20.2464

Brightness max : 411.26
Brightness min : 18.00
Feature direction : Ambiguous
Feature speed : Slow
Feature type : Curve
Start frame : 1
End frame : 180
Start time (s) : 0.000
End time (s) : 1491.560
Time step (s) : 8.333

Feature number : 8

Time (s) : 210.3181,210.7983,212.0098,213.5849,215.1353,217.1165,219.2815,220.9732,222.0749,222.9613,224.3209,226.1539,227.8457,229.2794,230.6391,231.9988,233.3584,234.7181,236.0778,237.4374,238.8712,240.4888,242.0639,243.3563,245.1221,247.5767,249.9324,251.9877,253.7535,255.5193,257.5005,259.4501,261.0993,262.2436,263.4194,265.037,266.9441,268.6358,270.1437,271.9835,274.6288,277.7474,280.4667,282.6386,284.6198,286.3115,287.7453,289.105,290.5387,292.3045,294.5437,296.7828,298.6227,300.3885,302.2956,303.9132,304.9408

Position (um) : 3.2769,3.2689,3.2595,3.2463,3.2298,3.2124,3.196,3.1828,3.1724,3.1592,3.1428,3.1254,3.1089,3.0958,3.0854,3.0731,3.0609,3.0505,3.0374,3.0209,3.0035,2.9861,2.9687,2.9503,2.9287,2.9033,2.8774,2.852,2.8303,2.812,2.7946,2.7772,2.7607,2.7475,2.7371,2.724,2.7075,2.6901,2.6727,2.6543,2.6327,2.6083,2.5866,2.5682,2.5508,2.5344,2.5212,2.5118,2.5029,2.4943,2.4854,2.4769,2.468,2.4595,2.4506,2.4421,2.4342

Intensity : 371.446,371.5543,371.793,371.631,370.7077,369.0571,367.6992,367.5698,367.5235,367.5391,367.5817,365.2685,361.4177,357.7397,354.1452,350.4328,346.6975,344.6084,342.3756,339.9634,337.363,334.4332,331.5021,330.0607,329.4826,330.7712,334.2466,334.1204,333.3567,331.9216,329.6833,329.8817,330.7906,331.0798,331.3953,331.7166,330.7451,324.656,319.2311,312.0437,302.6393,302.2147,303.7053,305.4225,303.674,300.9514,299.1543,297.8719,296.8261,296.5306,297.9276,299.6998,301.6161,302.3191,297.4976,292.7496,289.6311

Time pixel : 25.24,25.2976,25.443,25.632,25.8181,26.0558,26.3157,26.5187,26.6509,26.7573,26.9204,27.1404,27.3434,27.5155,27.6787,27.8418,28.005,28.1682,28.3314,28.4945,28.6666,28.8607,29.0497,29.2048,29.4168,29.7113,29.994,30.2407,30.4526,30.6645,30.9023,31.1362,31.3342,31.4715,31.6126,31.8067,32.0356,32.2386,32.4196,32.6404,32.9578,33.3321,33.6584,33.9191,34.1568,34.3598,34.5319,34.6951,34.8671,35.0791,35.3478,35.6165,35.8373,36.0492,36.2781,36.4722,36.5955

Position pixel : 30.7111,30.6365,30.5479,30.4246,30.2703,30.1071,29.9528,29.8295,29.732,29.6087,29.4544,29.2912,29.137,29.0136,28.9162,28.8017,28.6873,28.5898,28.4665,28.3122,28.149,27.9859,27.8227,27.6506,27.4476,27.2099,26.967,26.7292,26.5262,26.3541,26.191,26.0278,25.8735,25.7502,25.6527,25.5294,25.3751,25.2119,25.0488,24.8767,24.6737,24.4448,24.2418,24.0697,23.9066,23.7523,23.629,23.5404,23.4569,23.3772,23.2937,23.214,23.1305,23.0509,22.9674,22.8877,22.8131

Brightness max : 411.26
Brightness min : 18.00
Feature direction : Ambiguous
Feature speed : Slow
Feature type : Curve
Start frame : 1
End frame : 180
Start time (s) : 0.000
End time (s) : 1491.560
Time step (s) : 8.333

