KYMOANALYSIS DATA

General Information :

Tiff path : E:\Google Drive\microtubule dynamics and cut7\20-15 screens and tests\gtb1-K5A\19-08-01&02 (gtb1-K5A, cut7-3GFP and MTs)\
Spindle type : Bipolar
Start frame : 1
End frame : 251
Start time (s) : 0.000
End time (s) : 1748.330
Time step (s) : 6.993
Num poles : 2
Num tracks : 4
Num tracks poleward : 0
Num tracks antipoleward : 0
Num tracks ambiguous : 4
Comments : {

}
Poles Information :


Pole number : 1

Time (s) : 14.16514,21.2273,28.28945,35.35161,42.41377,49.47593,56.53809,63.60024,70.6624,77.72456,84.78672,91.84887,98.91103,105.9732,113.0353,120.0975,127.1597,134.2218,141.284,148.3461,155.4083,162.4705,169.5326,176.5948,183.6569,190.7191,197.7812,204.8434,211.9056,218.9677,226.0299,233.092,240.1542,247.2163,254.2785,261.3407,268.4028,275.465,282.5271,289.5893,296.6514,303.7136,310.7758,317.8379,324.9001,331.9622,339.0244,346.0866,353.1487,360.2109,367.273,374.3352,381.3973,388.4595,395.5217,402.5838,409.646,416.7081,423.7703,430.8324,437.8946,444.9568,452.0189,459.0811,466.1432,473.2054,480.2676,487.3297,494.3919,501.454,508.5162,515.5783,522.6405,529.7027,536.7648,543.827,550.8891,557.9513,565.0134,572.0756,579.1378,586.1999,593.2621,600.3242,607.3864,614.4485,621.5107,628.5729,635.635,642.6972,649.7593,656.8215,663.8837,670.9458,678.008,685.0701,692.1323,699.1944,706.2566,713.3188,720.3809,727.4431,734.5052,741.5674,748.6295,755.6917,762.7539,769.816,776.8782,783.9403

Position (um) : 1.1836,1.1801,1.1765,1.1729,1.1693,1.1658,1.1622,1.1586,1.1551,1.1515,1.1479,1.1444,1.1408,1.1372,1.1336,1.1301,1.1265,1.1229,1.1194,1.1158,1.1122,1.1087,1.1051,1.1015,1.098,1.0944,1.0908,1.0872,1.0837,1.0801,1.0765,1.073,1.0694,1.0658,1.0623,1.0587,1.0551,1.0516,1.048,1.0444,1.0408,1.0373,1.0337,1.0301,1.0266,1.023,1.0194,1.0159,1.0123,1.0087,1.0052,1.0016,0.99801,0.99444,0.99088,0.98731,0.98374,0.98017,0.9766,0.97303,0.96946,0.96589,0.96232,0.95875,0.95518,0.95161,0.94804,0.94447,0.9409,0.93733,0.93377,0.9302,0.92663,0.92306,0.91949,0.91592,0.91235,0.90878,0.90521,0.90164,0.89807,0.8945,0.89093,0.88736,0.88379,0.88022,0.87666,0.87309,0.86952,0.86595,0.86238,0.85881,0.85524,0.85167,0.8481,0.84453,0.84096,0.83739,0.83382,0.83025,0.82668,0.82311,0.81955,0.81598,0.81241,0.80884,0.80527,0.8017,0.79813,0.79456

Intensity : 891.54736,766.25512,778.62263,737.67785,902.53665,1173.7678,1304.1068,1136.3265,1217.5109,1145.1439,1169.8606,1143.6335,1392.5806,1421.8784,1181.3593,1102.6561,1093.2867,1088.288,1044.3172,1154.0214,1063.0628,1022.3611,986.21119,996.36873,1137.2109,1143.9497,1113.4043,1199.4365,1350.9635,1446.4767,1393.5352,1370.5821,1330.3613,1461.0858,1502.9342,1378.4149,1413.5876,1485.2626,1453.2411,1413.996,1364.8097,1309.4321,1304.4753,1316.1824,1356.9867,1427.9757,1476.9425,1467.0716,1384.6044,1408.1633,1526.1796,1563.8725,1578.197,1689.1718,1789.7493,1666.0622,1576.8117,1606.8776,1431.5097,1413.4349,1510.0232,1425.2137,1546.5812,1739.6101,1598.8981,1066.4939,799.786,851.57891,892.47808,793.87421,972.32532,948.191,787.58349,806.92222,859.56652,855.22221,905.30299,865.94463,906.74289,829.41066,862.78743,830.56169,767.9485,649.87424,643.97785,652.74406,680.35133,734.64603,735.56256,659.23291,751.53925,828.7451,848.43363,866.66337,954.90191,1015.8429,846.78964,854.6082,740.54131,659.93005,664.68608,632.56916,540.44109,428.63955,396.62848,367.50753,465.97299,575.44192,658.1815,665.4947

Time pixel : 2.025524,3.035368,4.045211,5.055054,6.064898,7.074741,8.084584,9.094428,10.10427,11.11411,12.12396,13.1338,14.14364,15.15349,16.16333,17.17317,18.18302,19.19286,20.2027,21.21255,22.22239,23.23223,24.24208,25.25192,26.26176,27.27161,28.28145,29.29129,30.30114,31.31098,32.32082,33.33067,34.34051,35.35036,36.3602,37.37004,38.37989,39.38973,40.39957,41.40942,42.41926,43.4291,44.43895,45.44879,46.45863,47.46848,48.47832,49.48816,50.49801,51.50785,52.51769,53.52754,54.53738,55.54722,56.55707,57.56691,58.57675,59.5866,60.59644,61.60628,62.61613,63.62597,64.63581,65.64566,66.6555,67.66534,68.67519,69.68503,70.69487,71.70472,72.71456,73.7244,74.73425,75.74409,76.75393,77.76378,78.77362,79.78346,80.79331,81.80315,82.81299,83.82284,84.83268,85.84252,86.85237,87.86221,88.87205,89.8819,90.89174,91.90158,92.91143,93.92127,94.93111,95.94096,96.9508,97.96064,98.97049,99.98033,100.9902,102,103.0099,104.0197,105.0295,106.0394,107.0492,108.0591,109.0689,110.0788,111.0886,112.0985

Position pixel : 11.093,11.0595,11.0261,10.9926,10.9592,10.9257,10.8923,10.8588,10.8254,10.7919,10.7585,10.725,10.6916,10.6581,10.6246,10.5912,10.5577,10.5243,10.4908,10.4574,10.4239,10.3905,10.357,10.3236,10.2901,10.2567,10.2232,10.1898,10.1563,10.1229,10.0894,10.056,10.0225,9.98905,9.9556,9.92215,9.8887,9.85524,9.82179,9.78834,9.75489,9.72143,9.68798,9.65453,9.62108,9.58762,9.55417,9.52072,9.48727,9.45381,9.42036,9.38691,9.35346,9.32001,9.28655,9.2531,9.21965,9.1862,9.15274,9.11929,9.08584,9.05239,9.01893,8.98548,8.95203,8.91858,8.88512,8.85167,8.81822,8.78477,8.75132,8.71786,8.68441,8.65096,8.61751,8.58405,8.5506,8.51715,8.4837,8.45024,8.41679,8.38334,8.34989,8.31643,8.28298,8.24953,8.21608,8.18262,8.14917,8.11572,8.08227,8.04882,8.01536,7.98191,7.94846,7.91501,7.88155,7.8481,7.81465,7.7812,7.74774,7.71429,7.68084,7.64739,7.61393,7.58048,7.54703,7.51358,7.48013,7.44667

Pole type : Line
Start frame : 1
End frame : 251
Start time (s) : 0.000
End time (s) : 1748.330
Time step (s) : 6.993

Pole number : 2

Time (s) : 15.75888,21.57307,27.38726,33.20145,39.01564,44.82983,50.64402,56.45821,62.2724,68.08659,73.90078,79.71497,85.52916,91.34335,97.15754,102.9717,108.7859,114.6001,120.4143,126.2285,132.0427,137.8569,143.6711,149.4853,155.2994,161.1136,166.9278,172.742,178.5562,184.3704,190.1846,195.9988,201.813,207.6272,213.4413,219.2555,225.0697,230.8839,236.6981,242.5123,248.3265,254.1407,259.9549,265.7691,271.5833,277.3974,283.2116,289.0258,294.84,300.6542,306.4684,312.2826,318.0968,323.911,329.7252

Position (um) : 7.60313,7.66572,7.72831,7.7909,7.8535,7.91609,7.97868,8.04127,8.10386,8.16646,8.22905,8.29164,8.35423,8.41682,8.47942,8.54201,8.6046,8.66719,8.72978,8.79238,8.85497,8.91756,8.98015,9.04274,9.10534,9.16793,9.23052,9.29311,9.3557,9.4183,9.48089,9.54348,9.60607,9.66866,9.73126,9.79385,9.85644,9.91903,9.98162,10.0442,10.1068,10.1694,10.232,10.2946,10.3572,10.4198,10.4824,10.545,10.6075,10.6701,10.7327,10.7953,10.8579,10.9205,10.9831

Intensity : 368.3537,352.9383,374.247,377.5279,355.5916,317.6387,275.5754,267.881,276.0951,299.3354,347.4745,365.1319,344.0237,345.5864,314.8673,339.1026,364.6921,371.5769,396.9604,427.2445,399.3563,394.564,400.806,392.6437,414.5528,385.6987,428.0271,439.5033,399.8879,354.8879,359.6375,342.9679,309.3594,306.8274,298.2174,288.885,266.6638,255.9486,263.9923,280.7411,328.2121,363.8057,335.0642,310.4287,304.8373,294.2029,303.2361,293.7781,259.8906,335.2086,322.1802,339.4106,318.6329,303.3369,295.9985

Time pixel : 2.25342,3.08481,3.9162,4.74759,5.57899,6.41038,7.24177,8.07316,8.90455,9.73595,10.5673,11.3987,12.2301,13.0615,13.8929,14.7243,15.5557,16.3871,17.2185,18.0499,18.8813,19.7127,20.544,21.3754,22.2068,23.0382,23.8696,24.701,25.5324,26.3638,27.1952,28.0266,28.858,29.6894,30.5207,31.3521,32.1835,33.0149,33.8463,34.6777,35.5091,36.3405,37.1719,38.0033,38.8347,39.6661,40.4975,41.3288,42.1602,42.9916,43.823,44.6544,45.4858,46.3172,47.1486

Position pixel : 71.25706,71.84368,72.4303,73.01691,73.60353,74.19015,74.77676,75.36338,75.95,76.53662,77.12323,77.70985,78.29647,78.88308,79.4697,80.05632,80.64293,81.22955,81.81617,82.40278,82.9894,83.57602,84.16263,84.74925,85.33587,85.92248,86.5091,87.09572,87.68233,88.26895,88.85557,89.44218,90.0288,90.61542,91.20203,91.78865,92.37527,92.96188,93.5485,94.13512,94.72173,95.30835,95.89497,96.48158,97.0682,97.65482,98.24143,98.82805,99.41467,100.0013,100.5879,101.1745,101.7611,102.3477,102.9344

Pole type : Line
Start frame : 1
End frame : 251
Start time (s) : 0.000
End time (s) : 1748.330
Time step (s) : 6.993

Feature Information :


Feature number : 1

Time (s) : 14.72801,15.84572,17.43945,19.42238,21.65779,23.64072,25.3213,27.00188,28.98481,31.22022,33.20315,34.97057,36.9535,39.1889,41.17183,42.85241,44.44615,46.12673,48.10966,50.43191,52.89087,55.60231,58.31375,60.77272,63.09497,65.0779,66.75847,68.35221,70.03279,72.1894,75.2032,78.55631,81.40446,83.90039,86.27252,88.59477,90.5777,92.34512,94.32805,96.56345,98.54638,100.227,101.8207,103.4144,105.095,107.0779,109.4002,111.7723,114.1814,116.5535,118.8758,121.0324,123.5782,126.8445,129.8583,132.0149,133.8691,136.2413,139.2052,142.0533,144.9385,147.9522,150.7505,153.3832,156.5706,160.313,163.8896,167.1639,170.3514,173.452,176.2503,178.7961,181.5944,184.695,187.9694,191.6329,195.7644,199.6804,203.1782,207.0074,210.8365,214.2475,217.6875,220.7013,222.9447,225.1882,228.3757,232.594,237.2884,241.9828,246.2879,249.9514,253.2258,256.4132,259.5139,262.3121,264.7711,267.0065,268.6003,269.6392,270.8437,272.2638,273.4683,274.5941,276.6638,279.8433,282.8571,285.1005,287.0834,288.8428

Position (um) : 2.6183,2.6183,2.6196,2.6255,2.6367,2.6485,2.661,2.6729,2.6853,2.6972,2.7096,2.7215,2.7339,2.7458,2.7582,2.7701,2.7812,2.7885,2.7958,2.8069,2.8201,2.8371,2.8529,2.8614,2.8687,2.8785,2.8858,2.893,2.9041,2.9173,2.9357,2.9587,2.983,3.0073,3.0303,3.0487,3.0619,3.0744,3.0862,3.0987,3.1105,3.1217,3.1276,3.1303,3.1362,3.1473,3.1592,3.1703,3.1776,3.1848,3.1946,3.2019,3.2105,3.2262,3.2419,3.2505,3.2578,3.2689,3.2808,3.2932,3.3064,3.3235,3.3392,3.3478,3.355,3.3662,3.3794,3.3964,3.4121,3.4207,3.428,3.4391,3.451,3.4621,3.468,3.4694,3.4694,3.4694,3.4707,3.4766,3.4864,3.4923,3.4937,3.4937,3.495,3.5023,3.5193,3.541,3.558,3.5666,3.5752,3.5909,3.608,3.6225,3.6396,3.6566,3.6698,3.6823,3.6941,3.7053,3.7112,3.7138,3.7198,3.7322,3.75,3.7723,3.7901,3.8038,3.8157,3.8268

Intensity : 661.1604,653.6251,643.2264,631.833,627.1414,635.5311,643.3831,647.7771,645.3405,641.3294,639.4765,639.5001,631.8583,624.9955,620.9971,651.1826,701.7229,753.146,814.0191,816.9634,782.5003,748.8635,726.3071,708.9648,693.077,673.4563,654.3832,635.3985,617.4125,650.4131,695.9219,712.519,694.9212,674.9869,680.5432,687.2899,693.7491,720.0626,755.6998,789.9481,779.158,724.3635,685.4465,654.1735,623.9271,630.5284,640.0589,651.4338,664.4791,678.2876,690.646,709.4636,728.7494,727.0241,671.0902,634.7748,626.5512,639.8798,660.2836,643.89,619.1756,616.5899,660.5621,707.0357,716.5249,722.461,694.9649,656.7681,648.6927,654.1675,663.2921,670.3222,676.9921,652.999,632.5686,641.3775,661.626,603.1722,561.4568,624.0984,656.24,617.3585,591.5251,597.2528,601.6553,596.5893,588.5478,593.3695,627.2168,571.8608,524.2193,504.8539,479.4573,445.5335,419.849,422.4698,427.8154,443.7403,461.3129,474.0625,486.7647,500.3819,500.5013,495.0513,474.3672,440.9582,416.8516,402.8602,391.4762,374.9722

Time pixel : 2.10601,2.26584,2.49373,2.77728,3.09693,3.38047,3.62078,3.8611,4.14464,4.46429,4.74784,5.00057,5.28411,5.60376,5.88731,6.12762,6.35552,6.59583,6.87937,7.21144,7.56306,7.95077,8.33849,8.69011,9.02218,9.30572,9.54603,9.77393,10.0142,10.3226,10.7536,11.233,11.6403,11.9972,12.3364,12.6685,12.952,13.2048,13.4883,13.808,14.0915,14.3318,14.5597,14.7876,15.0279,15.3115,15.6435,15.9827,16.3272,16.6664,16.9985,17.3069,17.6709,18.1379,18.5689,18.8773,19.1424,19.4816,19.9054,20.3127,20.7253,21.1562,21.5564,21.9328,22.3886,22.9237,23.4352,23.9034,24.3592,24.8025,25.2027,25.5667,25.9668,26.4102,26.8784,27.4023,27.9931,28.553,29.0532,29.6007,30.1483,30.636,31.1279,31.5589,31.8797,32.2005,32.6563,33.2595,33.9307,34.602,35.2176,35.7415,36.2097,36.6655,37.1088,37.509,37.8606,38.1802,38.4081,38.5567,38.7289,38.932,39.1042,39.2652,39.5612,40.0158,40.4467,40.7675,41.0511,41.3027

Position pixel : 24.5387,24.5387,24.5512,24.6068,24.711,24.8223,24.9389,25.0502,25.1668,25.2781,25.3947,25.506,25.6226,25.7339,25.8505,25.9618,26.0659,26.134,26.2021,26.3062,26.43,26.5898,26.7372,26.8177,26.8858,26.9775,27.0456,27.1136,27.2178,27.3415,27.5138,27.7293,27.9572,28.1851,28.4005,28.5728,28.6965,28.8131,28.9244,29.041,29.1523,29.2565,29.3121,29.3369,29.3926,29.4968,29.6081,29.7122,29.7803,29.8484,29.9401,30.0082,30.0887,30.2361,30.3835,30.464,30.5321,30.6362,30.7475,30.8641,30.9879,31.1477,31.2951,31.3756,31.4436,31.5478,31.6715,31.8314,31.9788,32.0593,32.1273,32.2315,32.3428,32.447,32.5026,32.515,32.515,32.515,32.5275,32.5831,32.6749,32.7305,32.7429,32.7429,32.7554,32.8234,32.9832,33.1863,33.3461,33.4266,33.5071,33.6545,33.8143,33.9505,34.1103,34.2701,34.3938,34.5104,34.6217,34.7259,34.7816,34.8064,34.8621,34.9786,35.1456,35.3539,35.5209,35.6499,35.7612,35.8654

Brightness max : 418.87
Brightness min : 208.00
Feature direction : Ambiguous
Feature speed : Slow
Feature type : Curve
Start frame : 1
End frame : 251
Start time (s) : 0.000
End time (s) : 1748.330
Time step (s) : 6.993

Feature number : 2

Time (s) : 14.81485,16.32175,18.55716,20.92928,23.33837,25.79733,28.50878,31.13338,33.20315,34.88373,36.47746,37.98436,39.27575,40.53016,41.98719,43.24161,44.44615,45.56385,46.51592,47.72047,49.22736,50.90794,52.89087,55.12628,57.10921,58.87663,60.77272,62.70577,64.43623,66.45612,68.74141,71.23734,73.99865,77.04941,79.81073,82.21982,84.28959,86.35936,88.68161,91.05373,93.37598,95.35891,97.12633,99.10926,101.3447,103.3276,105.095,107.1648,109.7894,112.5008,115.0466,117.8449,120.8587,123.5701,125.6399,127.4073,129.564,132.5777,136.0177,139.255,142.3926,145.2408,148.1259,151.2266,154.414,157.6015,160.789,163.9765,167.1639,170.3514,173.6257,177.2892,181.5076,185.8128,189.7786,193.3054,196.2404,199.1255,202.313,205.8028,209.1559,211.7017,213.9452,216.8303,220.7093,225.1802,229.0592,232.0311,234.4901,236.8992,239.3582,242.2433,245.7331,249.5623,253.0521,255.9372,258.3962,260.7184,262.7013,264.3819,266.0625,268.0454,270.194,271.8746,273.2158,274.586

Position (um) : 3.2505,3.2505,3.2505,3.2505,3.2518,3.2591,3.2761,3.2978,3.3162,3.3307,3.3478,3.3648,3.378,3.3905,3.4023,3.4135,3.4207,3.428,3.4391,3.451,3.4634,3.4753,3.4877,3.4996,3.512,3.5239,3.5364,3.5482,3.5607,3.5739,3.5909,3.608,3.6225,3.6409,3.6626,3.6809,3.6955,3.7125,3.7296,3.7441,3.7612,3.7782,3.7927,3.8098,3.8268,3.8414,3.8584,3.8755,3.89,3.9084,3.93,3.9484,3.9629,3.98,3.9957,4.0043,4.0116,4.0227,4.0359,4.0529,4.07,4.0845,4.1016,4.1186,4.1318,4.1443,4.1575,4.1745,4.1903,4.1988,4.2061,4.2159,4.2218,4.2232,4.2245,4.2304,4.2402,4.2462,4.2488,4.2547,4.2645,4.2718,4.2804,4.2974,4.3204,4.3447,4.3691,4.3934,4.4177,4.442,4.4663,4.492,4.5222,4.5563,4.5866,4.6122,4.6365,4.6595,4.6779,4.6924,4.7095,4.7265,4.7411,4.7594,4.7811,4.7982

Intensity : 417.0836,426.056,439.3662,453.4904,434.3442,412.5729,392.9554,403.5049,414.1381,422.9841,413.618,403.5004,394.9018,386.4841,377.2484,380.4404,384.5646,389.3403,394.3379,402.4401,411.2166,404.4984,397.1386,389.3203,394.6812,406.907,417.3871,427.8804,420.353,407.3686,391.1949,381.2405,382.324,386.9379,394.385,400.3043,403.4209,401.1474,400.6866,399.3592,401.9657,403.0517,403.1576,402.8435,404.7236,408.2478,404.7552,391.0183,378.0326,374.187,396.6419,424.5809,432.097,429.6617,427.5803,410.4892,387.8067,357.2254,337.206,316.7738,318.475,323.4271,316.9546,300.9617,292.753,303.0268,314.611,302.8316,290.0257,294.4155,304.0252,313.2478,322.8531,291.9877,268.8397,271.2978,273.9056,279.8046,286.681,297.0268,309.124,294.0705,273.2799,247.5381,254.4914,263.8364,279.0865,281.4079,274.3058,269.4069,273.5147,285.4856,291.2101,275.909,266.5807,267.6175,268.6668,270.4799,270.3404,268.8994,265.8406,259.434,252.7655,247.8315,246.6626,249.6919

Time pixel : 2.11843,2.33391,2.65355,2.99275,3.33724,3.68885,4.07657,4.45187,4.74784,4.98815,5.21604,5.43152,5.61618,5.79555,6.0039,6.18327,6.35552,6.51534,6.65148,6.82372,7.0392,7.27951,7.56306,7.88271,8.16625,8.41898,8.69011,8.96652,9.21397,9.5028,9.82958,10.1865,10.5813,11.0176,11.4124,11.7569,12.0529,12.3488,12.6809,13.0201,13.3522,13.6357,13.8884,14.172,14.4916,14.7752,15.0279,15.3239,15.6992,16.0869,16.4509,16.8511,17.282,17.6697,17.9657,18.2184,18.5268,18.9578,19.4497,19.9126,20.3612,20.7685,21.1811,21.6244,22.0802,22.536,22.9918,23.4476,23.9034,24.3592,24.8274,25.3512,25.9544,26.57,27.1371,27.6414,28.0611,28.4737,28.9295,29.4285,29.908,30.272,30.5928,31.0053,31.56,32.1993,32.754,33.179,33.5306,33.8751,34.2267,34.6392,35.1383,35.6858,36.1848,36.5974,36.949,37.2811,37.5646,37.8049,38.0452,38.3288,38.636,38.8763,39.0681,39.264

Position pixel : 30.464,30.464,30.464,30.464,30.4764,30.5445,30.7043,30.9074,31.0796,31.2157,31.3756,31.5354,31.6591,31.7757,31.887,31.9912,32.0593,32.1273,32.2315,32.3428,32.4594,32.5707,32.6873,32.7986,32.9152,33.0265,33.1431,33.2544,33.371,33.4947,33.6545,33.8143,33.9505,34.1227,34.3258,34.498,34.6342,34.794,34.9538,35.0899,35.2498,35.4096,35.5457,35.7056,35.8654,36.0015,36.1613,36.3212,36.4573,36.6296,36.8326,37.0049,37.141,37.3008,37.4482,37.5287,37.5968,37.701,37.8247,37.9845,38.1443,38.2805,38.4403,38.6001,38.7238,38.8404,38.9641,39.124,39.2714,39.3519,39.4199,39.5117,39.5673,39.5798,39.5922,39.6478,39.7396,39.7952,39.8201,39.8757,39.9675,40.0356,40.116,40.2759,40.4913,40.7192,40.9471,41.175,41.4029,41.6308,41.8587,42.099,42.3826,42.7022,42.9858,43.2261,43.454,43.6694,43.8417,43.9778,44.1376,44.2975,44.4336,44.6059,44.8089,44.9687

Brightness max : 418.87
Brightness min : 208.00
Feature direction : Ambiguous
Feature speed : Slow
Feature type : Curve
Start frame : 1
End frame : 251
Start time (s) : 0.000
End time (s) : 1748.330
Time step (s) : 6.993

Feature number : 3

Time (s) : 13.22112,14.81485,17.43945,20.45325,23.07785,24.75843,25.79733,27.00188,28.50878,30.10251,31.69625,33.28999,34.88373,36.39062,37.59517,38.54723,39.75178,41.25868,42.85241,44.44615,46.03989,47.63363,49.22736,50.8211,52.41484,54.00858,55.68915,57.67208,59.90749,61.89042,63.571,65.16474,66.84532,68.82825,71.06365,73.13342,75.2032,77.4386,79.50837,81.75183,84.85246,88.59477,92.08459,94.88288,96.95265,98.80691,101.179,104.2298,107.554,111.47,115.611,119.418,122.2004,124.5137,126.8347,129.4667,132.3611,135.0144,137.4654,140.2338,143.6609,147.4096,150.9642,154.2029,157.4171,160.6212,163.8902,167.1508,170.3898,173.4904,176.9186,180.7869,184.168,187.0433,190.0528,193.3121,196.3072,198.9783,201.5299,204.1245,206.9658,210.0792,213.2507,216.7592,220.7734,225.0197,228.8126,231.7947,234.2327,237.3549,240.8173,243.6988,246.0763,248.9025,252.4717,255.7299,258.079,259.9072,261.6114,263.2864,264.9403,266.6684,268.7811,271.4519,274.1334,276.3646,278.6196,281.3719,284.158,286.4265,288.3455,290.3054,292.6953,295.7668,299.2648,302.9704,307.0073,311.3199,315.3096,318.703,321.7571,324.9673,328.0716,330.5918,332.77,335.1138,337.6503,339.8648,341.6984,343.3584,344.9243,346.39,347.7505,348.9153,349.5797

Position (um) : 4.6149,4.6281,4.6549,4.6825,4.7022,4.7154,4.7279,4.7411,4.7581,4.7752,4.7884,4.8008,4.8127,4.8251,4.837,4.8481,4.8554,4.8626,4.8738,4.8856,4.8981,4.91,4.9224,4.9343,4.9467,4.9586,4.971,4.9829,4.994,5,5.0026,5.0085,5.0197,5.0315,5.044,5.0559,5.0683,5.0802,5.0926,5.1058,5.1242,5.1459,5.1642,5.1774,5.1899,5.2018,5.2142,5.2274,5.2458,5.2688,5.2939,5.3223,5.346,5.3647,5.3827,5.4002,5.4183,5.436,5.4543,5.4736,5.4995,5.5334,5.5694,5.6013,5.6318,5.6581,5.6852,5.7159,5.7468,5.7734,5.7963,5.8219,5.8477,5.871,5.8969,5.9215,5.9389,5.956,5.98,6.005,6.0269,6.0521,6.0813,6.1123,6.1471,6.1861,6.2236,6.2547,6.2783,6.3104,6.3476,6.3771,6.3974,6.4197,6.4461,6.4719,6.4927,6.508,6.5222,6.5369,6.5553,6.5749,6.5966,6.6247,6.6478,6.6593,6.6697,6.6888,6.7142,6.7399,6.7601,6.7722,6.7847,6.806,6.8322,6.8555,6.8752,6.9002,6.9333,6.9671,6.9931,7.0182,7.0451,7.0684,7.0862,7.1027,7.118,7.1319,7.1412,7.1497,7.1597,7.1649,7.1659,7.169,7.1749

Intensity : 362.1858,361.845,355.2722,345.1199,346.7797,350.6675,353.249,356.5904,357.059,350.4058,344.5209,339.3934,335.0594,342.062,347.6818,351.7613,355.8927,360.4531,362.2519,363.676,367.355,372.4957,374.2512,373.1788,372.0267,370.8516,369.5623,374.6958,380.9428,386.3862,385.5657,375.9964,365.7506,354.4552,342.7359,330.9608,319.4928,311.2512,315.4212,320.1774,324.9894,325.2929,327.9411,331.2557,333.1349,328.6661,315.7962,300.3274,292.6573,287.8237,282.8238,287.8299,301.5059,309.5998,312.5103,310.481,309.8548,303.6738,295.5055,286.412,284.1292,281.1333,265.7113,254.3407,258.4172,262.6932,273.9504,283.3788,277.7135,271.7995,273.5787,280.2164,277.4829,275.4863,276.4891,278.0087,275.5243,270.5361,269.1699,272.4341,269.8274,264.1443,264.5091,266.0189,267.8037,277.2618,290.3288,300.34,309.0466,315.4305,307.5363,297.0041,287.8147,279.5332,268.6418,274.8263,278.7085,280.6798,283.1161,285.7322,288.5699,292.3367,299.6619,312.1466,315.3012,311.2441,306.3526,303.8848,306.4363,308.9912,302.9714,296.9263,291.3793,300.0181,312.4628,313.3472,317.1747,295.9038,271.3834,272.0788,274.281,267.4619,262.7772,259.8084,259.0524,259.2178,252.8995,247.058,243.445,242.2158,242.8826,243.3543,243.6982,244.0143,244.2255

Time pixel : 1.89053,2.11843,2.49373,2.92468,3.29998,3.5403,3.68885,3.8611,4.07657,4.30447,4.53236,4.76026,4.98815,5.20363,5.37587,5.51201,5.68425,5.89973,6.12762,6.35552,6.58341,6.8113,7.0392,7.26709,7.49499,7.72288,7.96319,8.24674,8.56639,8.84993,9.09025,9.31814,9.55845,9.842,10.1616,10.4576,10.7536,11.0732,11.3692,11.69,12.1334,12.6685,13.1675,13.5676,13.8636,14.1288,14.468,14.9042,15.3795,15.9395,16.5316,17.076,17.4739,17.8047,18.1365,18.5129,18.9268,19.3062,19.6567,20.0525,20.5426,21.0786,21.5869,22.05,22.5096,22.9678,23.4352,23.9015,24.3646,24.808,25.2982,25.8514,26.3348,26.746,27.1763,27.6424,28.0707,28.4526,28.8175,29.1885,29.5948,30.04,30.4935,30.9952,31.5692,32.1764,32.7187,33.1452,33.4938,33.9402,34.4353,34.8474,35.1873,35.5915,36.1018,36.5677,36.9036,37.1651,37.4088,37.6483,37.8848,38.1319,38.434,38.8159,39.1993,39.5184,39.8408,40.2344,40.6328,40.9572,41.2316,41.5118,41.8536,42.2928,42.793,43.3228,43.9001,44.5168,45.0873,45.5725,46.0092,46.4683,46.9121,47.2725,47.584,47.9191,48.2818,48.5985,48.8607,49.098,49.322,49.5316,49.7261,49.8926,49.9877

Position pixel : 43.2509,43.3746,43.6262,43.8849,44.0696,44.1933,44.3099,44.4336,44.5934,44.7533,44.877,44.9936,45.1049,45.2215,45.3328,45.4369,45.505,45.5731,45.6773,45.7886,45.9052,46.0165,46.133,46.2443,46.3609,46.4722,46.5888,46.7001,46.8043,46.86,46.8848,46.9404,47.0446,47.1559,47.2725,47.3838,47.5004,47.6117,47.7283,47.852,48.0243,48.2273,48.3996,48.5233,48.6399,48.7512,48.8678,48.9915,49.1637,49.3792,49.6149,49.8806,50.1035,50.2785,50.447,50.6108,50.7808,50.9464,51.1184,51.2987,51.5413,51.8596,52.1973,52.4955,52.7814,53.0282,53.2825,53.57,53.8597,54.1084,54.3231,54.5632,54.8048,55.0236,55.2666,55.497,55.6594,55.8202,56.0452,56.279,56.4847,56.721,56.9942,57.285,57.6111,57.9769,58.3283,58.6196,58.8408,59.1415,59.4904,59.7664,59.9571,60.166,60.413,60.6554,60.8504,60.9933,61.1263,61.2641,61.4365,61.6205,61.8238,62.0874,62.3035,62.4112,62.5086,62.6879,62.9259,63.1672,63.3562,63.4695,63.5864,63.786,64.032,64.2501,64.4345,64.6694,64.9796,65.2957,65.5395,65.7751,66.0272,66.2458,66.4121,66.5667,66.7106,66.8409,66.9279,67.007,67.1013,67.1503,67.159,67.1885,67.2441

Brightness max : 418.87
Brightness min : 208.00
Feature direction : Ambiguous
Feature speed : Slow
Feature type : Curve
Start frame : 1
End frame : 251
Start time (s) : 0.000
End time (s) : 1748.330
Time step (s) : 6.993

Feature number : 4

Time (s) : 96.00862,97.21317,99.1961,101.9075,104.9213,107.5459,109.2265,110.3523,112.0328,114.6574,117.6712,120.3827,122.4524,124.133,125.6399,126.8445,127.7097,128.525,129.3903,130.7685,133.1406,136.4937,139.9836,143.2579,146.3585,149.1568,151.6158,153.938,156.0078,158.0775,160.2261,161.8198,162.8588,164.0633,165.5702,167.1639,168.7577,170.3514,171.9451,173.5389,175.2195,177.2024,179.4378,181.4207,183.1013,184.7819,186.678,188.611,190.3415,192.3614,194.5598,196.4929,197.8341,199.1255,200.6324,202.2262,203.8199,205.3268,206.5313,207.4834,208.688,210.1948,211.7886,213.3823,214.8892,216.0938,217.0458,218.2504,219.6704,220.7881

Position (um) : 6.4603,6.4603,6.4629,6.4761,6.5016,6.5246,6.5391,6.5516,6.5648,6.5845,6.6134,6.6462,6.6705,6.685,6.6975,6.7094,6.7218,6.7337,6.7461,6.7606,6.785,6.8177,6.848,6.875,6.9052,6.9393,6.9696,6.9952,7.0195,7.0439,7.0682,7.0912,7.1095,7.1241,7.1424,7.1654,7.1884,7.2068,7.2213,7.2397,7.2627,7.287,7.3113,7.3356,7.36,7.3856,7.4159,7.45,7.4815,7.5131,7.5472,7.5775,7.6031,7.6274,7.6531,7.682,7.7102,7.7306,7.7504,7.7733,7.7977,7.822,7.8463,7.8706,7.8949,7.9179,7.9376,7.9568,7.9777,7.9895

Intensity : 288.0387,287.446,296.1843,316.4947,339.9452,350.498,356.6499,360.8301,365.7353,360.5095,359.4787,359.1552,362.7955,366.9805,371.8241,376.1153,380.5348,384.4721,388.8772,395.1023,405.1755,395.8135,379.8902,373.4754,365.6046,373.8146,379.6897,381.888,372.8849,365.6822,361.0928,358.3316,357.538,357.1994,358.3996,362.0384,369.1494,375.9157,381.8218,388.8856,394.8873,388.0639,372.9693,352.8108,342.161,342.6786,342.8843,342.023,340.829,345.07,350.7529,357.8468,361.003,364.9366,370.17,377.3362,376.3729,368.644,362.533,358.5479,349.6812,337.0661,330.0099,322.4343,314.6369,304.9895,295.9229,284.5953,272.9011,265.3899

Time pixel : 13.7286,13.9009,14.1844,14.5721,15.0031,15.3784,15.6187,15.7797,16.02,16.3953,16.8262,17.214,17.5099,17.7502,17.9657,18.1379,18.2617,18.3783,18.502,18.6991,19.0383,19.5177,20.0168,20.485,20.9283,21.3285,21.6801,22.0121,22.3081,22.6041,22.9113,23.1392,23.2878,23.46,23.6755,23.9034,24.1313,24.3592,24.5871,24.8149,25.0553,25.3388,25.6585,25.942,26.1823,26.4226,26.6938,26.9702,27.2176,27.5064,27.8208,28.0972,28.289,28.4737,28.6892,28.917,29.1449,29.3604,29.5327,29.6688,29.841,30.0565,30.2844,30.5123,30.7278,30.9,31.0362,31.2084,31.4115,31.5713

Position pixel : 60.546,60.546,60.5709,60.6946,60.9338,61.1492,61.2854,61.402,61.5257,61.7103,61.9815,62.2887,62.5166,62.6527,62.7693,62.8806,62.9972,63.1085,63.2251,63.3613,63.5891,63.8964,64.1799,64.4327,64.7162,65.0359,65.3194,65.5597,65.7876,66.0155,66.2434,66.4589,66.6311,66.7672,66.9395,67.155,67.3704,67.5427,67.6788,67.8511,68.0665,68.2944,68.5223,68.7502,68.9781,69.2184,69.502,69.8216,70.1176,70.4136,70.7332,71.0168,71.2571,71.485,71.7253,71.9964,72.2604,72.4522,72.6368,72.8523,73.0802,73.3081,73.536,73.7639,73.9918,74.2073,74.3919,74.5713,74.7672,74.8785

Brightness max : 418.87
Brightness min : 208.00
Feature direction : Ambiguous
Feature speed : Slow
Feature type : Curve
Start frame : 1
End frame : 251
Start time (s) : 0.000
End time (s) : 1748.330
Time step (s) : 6.993

