KYMOANALYSIS DATA

General Information :

Tiff path : E:\Google Drive\microtubule dynamics and cut7\20-15 screens and tests\gtb1-K5A\19-08-01&02 (gtb1-K5A, cut7-3GFP and MTs)\
Spindle type : Bipolar
Start frame : 1
End frame : 242
Start time (s) : 0.000
End time (s) : 2006.010
Time step (s) : 8.324
Num poles : 1
Num tracks : 5
Num tracks poleward : 0
Num tracks antipoleward : 0
Num tracks ambiguous : 5
Comments : {

}
Poles Information :


Pole number : 1

Time (s) : 11.81212,13.64075,16.55254,19.56397,21.9388,23.96671,26.34154,29.35297,32.3644,34.73923,36.6675,38.49613,40.4244,42.79923,45.81066,49.02137,52.58823,57.52793,63.35151,68.29122,72.05735,76.36045,82.0364,88.31577,94.53791,99.92417,104.3269,108.5304,112.9239,117.1273,121.4304,126.3701,131.7564,137.2423,142.6286,147.5683,151.971,156.621,161.8504,166.7477,170.9936,174.9073,179.4005,184.2405,188.8906,193.3837,197.4875,201.2444,204.9017,208.4593,211.7697,215.0376,218.6377,222.3521,226.2991,229.8567,232.977,236.7339,241.4744,246.3144,250.6175,254.821,259.1148,262.7721,265.9921,270.1955,275.5725,280.313,283.4333,285.9077,288.6719,292.0395,296.3333,300.6272,304.2937,308.5968,314.1731,320.0059,325.4918,330.7304,336.4728,343.5309,350.993,357.7614,363.4465,368.9417,375.8096,384.1077,392.8043,401.8571,411.9837,421.8539,429.425,435.3094,440.6957,445.5357,449.2926,452.4129,456.2695,461.4565,467.1324,472.229,476.9214,481.3721,485.3191,488.1405,490.1684,491.997,493.8257,495.6543,497.5826,499.8577,502.4226,504.6978,506.6261,508.4547,510.2834,512.112,513.9406,515.7692,517.5979,519.4265,521.2551,523.0838,524.9124,526.741,528.5697,530.4979,532.8728,535.8842,539.0949,542.4625,546.1105,548.5758,549.0316

Position (um) : 1.6172,1.6146,1.6032,1.583,1.5659,1.5539,1.5469,1.5399,1.5304,1.5234,1.5164,1.507,1.5,1.493,1.4823,1.4708,1.4601,1.4531,1.4461,1.4367,1.4309,1.4297,1.4284,1.4227,1.4132,1.4075,1.4062,1.4062,1.4062,1.4049,1.3992,1.3898,1.3828,1.3758,1.3663,1.3593,1.3523,1.3416,1.3302,1.3195,1.3137,1.3124,1.3124,1.3124,1.3112,1.3054,1.296,1.2903,1.289,1.289,1.289,1.289,1.289,1.289,1.289,1.289,1.289,1.289,1.289,1.289,1.289,1.289,1.2877,1.282,1.2726,1.2668,1.2643,1.2586,1.2491,1.2434,1.2421,1.2421,1.2421,1.2421,1.2421,1.2434,1.2491,1.2586,1.2643,1.2656,1.2668,1.2726,1.282,1.2877,1.289,1.289,1.2903,1.296,1.3067,1.3195,1.3372,1.3593,1.3828,1.4062,1.4284,1.4461,1.4588,1.4708,1.4835,1.5013,1.5221,1.5386,1.5456,1.5481,1.5539,1.5633,1.569,1.5716,1.5773,1.5867,1.5925,1.595,1.6007,1.6102,1.6172,1.6242,1.6336,1.6393,1.6406,1.6406,1.6406,1.6406,1.6406,1.6406,1.6406,1.6419,1.6476,1.6571,1.6628,1.6641,1.6641,1.6641,1.6641,1.6641,1.6641

Intensity : 918.36461,912.32634,917.32992,926.6813,938.25056,947.4045,955.28066,968.85701,988.30055,1002.2863,1015.8891,1035.0327,1050.3335,1065.703,1079.6066,1098.8628,1104.8022,1097.7512,1103.5678,1104.2289,1082.4098,1046.742,997.21731,958.0951,946.81895,947.64259,944.79508,939.89042,944.3729,951.51309,967.20428,1001.3704,1047.7098,1072.5933,1096.9583,1109.4033,1113.2474,1116.0641,1133.036,1155.085,1176.0991,1183.7738,1187.3863,1192.7432,1206.8122,1226.2378,1246.2776,1260.0645,1267.2467,1269.0283,1261.9532,1254.9688,1257.1456,1265.7107,1274.0684,1280.5758,1286.2832,1286.5124,1286.6844,1291.2239,1294.2372,1293.4394,1302.7093,1340.0968,1378.6081,1433.1494,1492.0246,1533.7698,1567.2527,1564.6216,1551.4438,1532.7348,1510.0256,1488.6548,1474.3006,1461.3496,1481.9683,1461.9648,1436.2095,1456.7722,1440.0059,1390.7601,1344.1041,1265.9055,1232.2835,1209.8042,1183.9355,1127.698,1086.9057,1072.501,1106.8121,1069.4832,986.60814,939.7505,932.96622,972.64187,1008.6244,1026.2207,1049.1618,1034.7175,987.92108,941.40179,915.67073,898.70563,880.72729,864.52059,856.11052,850.66158,842.14871,832.19286,825.60804,820.98719,815.47069,802.27379,792.7599,780.90986,762.49025,748.45808,739.13393,731.09161,724.9742,719.23412,713.49404,707.75396,701.51434,692.7856,679.72719,662.55875,647.47964,641.81816,637.1238,626.81871,607.68379,594.75297,592.36226

Time pixel : 1.4191,1.63879,1.98861,2.3504,2.6357,2.87934,3.16465,3.52644,3.88823,4.17354,4.4052,4.62489,4.85655,5.14186,5.50365,5.88938,6.3179,6.91135,7.61099,8.20444,8.6569,9.17387,9.85577,10.6102,11.3577,12.0048,12.5337,13.0387,13.5666,14.0716,14.5885,15.182,15.8291,16.4881,17.1352,17.7287,18.2576,18.8163,19.4445,20.0329,20.543,21.0132,21.553,22.1345,22.6931,23.2329,23.726,24.1773,24.6167,25.0441,25.4418,25.8344,26.2669,26.7132,27.1873,27.6148,27.9896,28.441,29.0105,29.592,30.1089,30.6139,31.1298,31.5692,31.956,32.461,33.107,33.6765,34.0514,34.3487,34.6807,35.0853,35.6012,36.117,36.5575,37.0745,37.7444,38.4452,39.1043,39.7336,40.4235,41.2714,42.1679,42.9811,43.6641,44.3243,45.1494,46.1463,47.1911,48.2787,49.4953,50.6811,51.5907,52.2976,52.9447,53.5262,53.9776,54.3524,54.8158,55.4389,56.1208,56.7331,57.2969,57.8316,58.3057,58.6447,58.8883,59.108,59.3277,59.5474,59.7791,60.0524,60.3605,60.6339,60.8655,61.0852,61.3049,61.5246,61.7443,61.964,62.1837,62.4034,62.6231,62.8428,63.0624,63.2821,63.5018,63.7335,64.0188,64.3806,64.7663,65.1709,65.6092,65.9053,65.9601

Position pixel : 15.1563,15.1324,15.0251,14.8362,14.6753,14.5629,14.4973,14.4316,14.3432,14.2776,14.212,14.1235,14.0579,13.9923,13.8918,13.7845,13.6841,13.6185,13.5529,13.4644,13.4108,13.3988,13.3868,13.3332,13.2447,13.1911,13.1791,13.1791,13.1791,13.1672,13.1135,13.0251,12.9594,12.8938,12.8054,12.7397,12.6741,12.5737,12.4664,12.366,12.3123,12.3004,12.3004,12.3004,12.2884,12.2347,12.1463,12.0926,12.0807,12.0807,12.0807,12.0807,12.0807,12.0807,12.0807,12.0807,12.0807,12.0807,12.0807,12.0807,12.0807,12.0807,12.0687,12.0151,11.9266,11.873,11.849,11.7954,11.7069,11.6533,11.6413,11.6413,11.6413,11.6413,11.6413,11.6533,11.7069,11.7954,11.849,11.861,11.873,11.9266,12.0151,12.0687,12.0807,12.0807,12.0926,12.1463,12.2467,12.366,12.532,12.7397,12.9594,13.1791,13.3868,13.5529,13.6722,13.7845,13.9038,14.0699,14.2656,14.4197,14.4853,14.5092,14.5629,14.6513,14.705,14.7289,14.7826,14.871,14.9247,14.9486,15.0023,15.0907,15.1563,15.222,15.3104,15.3641,15.376,15.376,15.376,15.376,15.376,15.376,15.376,15.388,15.4416,15.5301,15.5837,15.5957,15.5957,15.5957,15.5957,15.5957,15.5957

Pole type : Curve
Start frame : 1
End frame : 242
Start time (s) : 0.000
End time (s) : 2006.010
Time step (s) : 8.324

Feature Information :


Feature number : 1

Time (s) : 145.2027,146.4851,148.2141,149.9431,151.4248,152.8641,154.5359,155.9752,157.4569,159.1859,161.0145,162.9428,165.218,167.8825,170.6042,173.2688,175.5439,177.4722,179.3008,181.2291,183.5043,186.0692,188.3444,190.3723,192.6475,195.2123,197.4875,199.4158,201.2444,203.0731,205.0013,207.2765,209.8414,212.1166,214.0449,215.8735,217.7021,219.5308,221.3594,223.188,225.1163,227.3915,229.9564,232.2316,234.2595,236.5347,239.0995,241.2751,242.7568,243.8492,245.2313,246.8606,248.2427,249.3351,250.6175,251.9,252.9923,254.2748,255.5572,256.6496,258.0317,259.7607,261.5893,263.4179,265.2466,267.0752,268.9038,270.7325,272.5611,274.3897,276.1187,277.6005,279.1394,281.2577,283.4333,285.3615,287.2898,289.565,292.1299,294.4051,296.3333,298.2616,300.6364,303.6479,306.6593,309.1338,311.5086,314.0735,316.3487,318.3766,320.851,324.4087,328.6029,332.2602,335.1812,337.8457,340.1209,342.0491,343.8778,345.7064,347.535,349.4633,351.8381,355.0489,358.9534,362.9004,366.2679,369.4786,372.4901,374.8649,376.8928,379.2676,382.2791,385.2905,387.6653,389.5936,391.4222,393.2509,395.1791,397.7532,401.6578,406.2413,409.9558,412.8196,415.0948,417.1227,419.4976,422.509,425.5204,427.8952,429.7239,431.106,432.1983,433.5804,435.3094,437.2377,439.5129,442.0777,444.3529,446.2812,448.0102,449.3923,450.4847,451.8667,453.5957,455.4244,457.253,459.0816,460.9103,462.7389,464.5675,466.3962,468.1252,469.5072,470.5,471.4355,472.3286,473.2641,474.1573,474.9931,475.4397

Position (um) : 3.7972,3.7972,3.7972,3.7959,3.7902,3.7795,3.768,3.7573,3.7503,3.7433,3.7326,3.7199,3.7034,3.6883,3.68,3.673,3.6635,3.6578,3.6565,3.6565,3.6565,3.6565,3.6565,3.6565,3.6565,3.6565,3.6565,3.6565,3.6565,3.6565,3.6565,3.6565,3.6565,3.6565,3.6565,3.6565,3.6565,3.6565,3.6578,3.6635,3.673,3.6787,3.68,3.68,3.68,3.6787,3.673,3.6623,3.6508,3.6388,3.6274,3.6154,3.6039,3.5919,3.5792,3.5615,3.5406,3.5229,3.5089,3.4912,3.469,3.4456,3.4234,3.407,3.3987,3.3904,3.3753,3.3588,3.3461,3.3354,3.3284,3.3214,3.3119,3.3049,3.2979,3.2885,3.2828,3.2815,3.2815,3.2815,3.2815,3.2815,3.2815,3.2815,3.2815,3.2815,3.2815,3.2828,3.2885,3.2992,3.3119,3.3284,3.3448,3.3575,3.3682,3.374,3.3765,3.3823,3.3917,3.3974,3.3987,3.3987,3.4,3.4057,3.4164,3.4279,3.4398,3.4513,3.462,3.4677,3.4703,3.476,3.4855,3.4925,3.4995,3.5089,3.5146,3.5159,3.5159,3.5159,3.5159,3.5146,3.5089,3.4995,3.4925,3.4842,3.4677,3.4469,3.4291,3.4164,3.4044,3.393,3.381,3.3695,3.3575,3.3448,3.3271,3.3062,3.2885,3.2758,3.2638,3.2523,3.2403,3.2276,3.2099,3.1877,3.1643,3.1421,3.1244,3.1104,3.0927,3.0705,3.0471,3.0249,3.0072,2.9945,2.9825,2.9685,2.945,2.9147,2.8925

Intensity : 479.9177,487.2071,497.0348,506.4193,506.2868,508.4941,511.6017,515.4249,518.1891,520.1666,522.3127,519.1199,517.0367,514.1647,510.5238,508.445,509.934,512.178,512.806,512.9393,513.833,518.9407,523.4714,527.5098,526.9622,521.2383,516.1608,511.8576,510.7974,510.4593,510.1029,509.6823,512.1096,515.4633,518.3057,521.0011,531.3743,544.9862,557.9049,568.1938,575.6291,582.3705,592.9986,603.1599,608.7777,613.4644,622.7733,636.8246,643.9631,652.4432,659.4548,657.7927,657.7407,659.36,656.5012,654.2594,655.7332,655.9661,646.3744,637.254,628.6855,620.6752,618.2503,615.6755,613.8811,609.9413,601.3164,596.4174,594.4556,594.7459,599.3843,605.4861,614.2223,622.7927,631.03,641.3382,651.5372,661.8798,675.1691,691.3443,705.0532,718.762,735.5916,756.8358,778.0801,792.4558,802.8869,813.234,819.3289,820.8965,822.6337,821.0384,837.2859,858.4118,866.0314,874.7468,884.4324,889.9455,892.0147,895.7899,900.4516,905.4787,894.505,878.949,863.0403,849.7223,839.1666,825.9304,814.1342,807.15,803.1047,797.2667,790.0946,773.8076,758.39,744.7212,733.5576,726.5224,719.5839,710.3215,697.3901,683.8682,673.6887,667.2687,661.9449,660.6873,664.826,668.1915,663.2687,651.7773,636.7433,624.8276,615.8613,611.4456,613.786,620.166,633.5085,644.5201,630.5273,625.9806,627.0606,632.3541,635.7148,640.5679,651.5997,660.2262,669.7536,676.6308,684.6161,696.4582,715.9562,718.9483,706.1548,702.0039,702.9804,704.7406,702.4492,693.3763,683.1142,664.9223,652.1091

Time pixel : 17.4445,17.5986,17.8063,18.014,18.192,18.3649,18.5658,18.7387,18.9167,19.1244,19.3441,19.5758,19.8491,20.1692,20.4962,20.8163,21.0897,21.3213,21.541,21.7727,22.046,22.3542,22.6275,22.8711,23.1445,23.4526,23.726,23.9576,24.1773,24.397,24.6287,24.902,25.2101,25.4835,25.7151,25.9348,26.1545,26.3742,26.5939,26.8136,27.0452,27.3186,27.6267,27.9001,28.1437,28.417,28.7252,28.9865,29.1646,29.2958,29.4618,29.6576,29.8236,29.9549,30.1089,30.263,30.3942,30.5483,30.7024,30.8336,30.9997,31.2074,31.4271,31.6468,31.8665,32.0861,32.3058,32.5255,32.7452,32.9649,33.1726,33.3506,33.5355,33.79,34.0514,34.283,34.5147,34.788,35.0962,35.3695,35.6012,35.8328,36.1182,36.4799,36.8417,37.139,37.4243,37.7325,38.0058,38.2494,38.5467,38.9741,39.478,39.9174,40.2683,40.5884,40.8618,41.0934,41.3131,41.5328,41.7525,41.9842,42.2695,42.6552,43.1243,43.5985,44.0031,44.3888,44.7506,45.0359,45.2795,45.5648,45.9266,46.2884,46.5737,46.8054,47.0251,47.2448,47.4764,47.7857,48.2548,48.8054,49.2517,49.5957,49.8691,50.1127,50.398,50.7598,51.1216,51.4069,51.6266,51.7926,51.9239,52.0899,52.2976,52.5293,52.8026,53.1108,53.3841,53.6158,53.8235,53.9895,54.1208,54.2868,54.4945,54.7142,54.9339,55.1536,55.3733,55.593,55.8127,56.0324,56.2401,56.4061,56.5254,56.6378,56.7451,56.8575,56.9648,57.0652,57.1188

Position pixel : 35.5875,35.5875,35.5875,35.5755,35.5219,35.4215,35.3142,35.2138,35.1481,35.0825,34.9821,34.8628,34.7088,34.5667,34.4891,34.4234,34.335,34.2813,34.2694,34.2694,34.2694,34.2694,34.2694,34.2694,34.2694,34.2694,34.2694,34.2694,34.2694,34.2694,34.2694,34.2694,34.2694,34.2694,34.2694,34.2694,34.2694,34.2694,34.2813,34.335,34.4234,34.4771,34.4891,34.4891,34.4891,34.4771,34.4234,34.323,34.2157,34.1033,33.996,33.8836,33.7763,33.6639,33.5447,33.3786,33.1829,33.0168,32.8856,32.7196,32.5119,32.2922,32.0844,31.9304,31.8528,31.7752,31.6331,31.479,31.3598,31.2593,31.1937,31.1281,31.0396,30.974,30.9084,30.8199,30.7663,30.7543,30.7543,30.7543,30.7543,30.7543,30.7543,30.7543,30.7543,30.7543,30.7543,30.7663,30.8199,30.9204,31.0396,31.1937,31.3478,31.467,31.5675,31.6211,31.6451,31.6987,31.7872,31.8408,31.8528,31.8528,31.8648,31.9184,32.0188,32.1261,32.2385,32.3458,32.4462,32.4999,32.5238,32.5775,32.6659,32.7315,32.7972,32.8856,32.9393,32.9512,32.9512,32.9512,32.9512,32.9393,32.8856,32.7972,32.7315,32.654,32.4999,32.3041,32.1381,32.0188,31.9064,31.7991,31.6867,31.5794,31.467,31.3478,31.1817,30.986,30.8199,30.7007,30.5883,30.481,30.3686,30.2493,30.0833,29.8756,29.6559,29.4482,29.2821,29.1509,28.9848,28.7771,28.5574,28.3497,28.1837,28.0644,27.952,27.8208,27.6011,27.3169,27.1092

Brightness max : 1189.36
Brightness min : 212.00
Feature direction : Ambiguous
Feature speed : Slow
Feature type : Curve
Start frame : 1
End frame : 242
Start time (s) : 0.000
End time (s) : 2006.010
Time step (s) : 8.324

Feature number : 2

Time (s) : 12.0114,14.53386,18.12467,21.10291,24.06635,27.52434,31.1816,34.73923,37.94994,40.77132,43.43583,45.71102,47.83857,50.56032,53.86144,56.68282,59.25692,62.368,66.02526,70.22872,74.96914,79.36265,82.73023,85.59403,88.41541,91.62612,95.18374,98.84101,102.3986,105.5097,108.0838,111.0048,114.6529,117.6643,119.5022,121.5301,124.4419,127.4533,129.9278,132.5019,136.1591,140.9992,146.1862,150.8786,155.3386,160.6676,166.2015,170.7943,174.3611,178.118,182.5116,187.0619,191.5551,195.6589,199.4158,203.0731,206.7303,210.3876,214.0449,217.6025,220.7136,223.0884,224.917,226.2991,227.3915,228.7736,230.3033,231.1392,230.9491

Position (um) : 4.266,4.2673,4.273,4.2837,4.2952,4.3059,4.3129,4.3199,4.3306,4.3421,4.354,4.3655,4.3762,4.3819,4.3832,4.3832,4.3845,4.3902,4.3997,4.4067,4.4137,4.4244,4.4358,4.4478,4.4593,4.4713,4.4827,4.4947,4.5061,4.5181,4.5309,4.5473,4.5637,4.5765,4.5872,4.5929,4.5942,4.5942,4.5942,4.5955,4.6012,4.6106,4.6163,4.6176,4.6189,4.6246,4.6341,4.6398,4.6423,4.6481,4.6588,4.6702,4.6809,4.6879,4.6949,4.7044,4.7101,4.7127,4.7184,4.7291,4.7405,4.7513,4.7583,4.7653,4.7747,4.7804,4.7817,4.7817,4.7817

Intensity : 1131.8006,1137.5472,1145.0968,1152.659,1162.0902,1157.4635,1146.6517,1143.9334,1154.4331,1167.745,1175.1271,1180.8352,1185.4306,1179.3226,1177.4347,1176.158,1170.1549,1154.3988,1138.3967,1138.1142,1142.2617,1128.0956,1122.2346,1117.7031,1113.5286,1109.3294,1104.1576,1087.733,1074.1811,1064.5528,1058.6267,1054.4634,1050.5879,1047.0582,1045.6535,1035.686,1026.474,1036.661,1047.4553,1057.9557,1053.8821,1045.844,1015.9036,981.5368,929.3902,877.22622,834.9951,823.13118,813.5457,802.65533,792.87477,777.83032,761.13188,723.40397,687.99989,651.62839,613.6987,580.06882,550.44263,525.79682,510.42488,498.91543,489.95971,485.93677,483.78806,479.7648,474.14497,470.90148,471.63893

Time pixel : 1.44304,1.74608,2.17748,2.53528,2.89131,3.30675,3.74613,4.17354,4.55927,4.89822,5.21834,5.49168,5.74728,6.07426,6.47086,6.80982,7.11907,7.49283,7.93221,8.43721,9.00672,9.53455,9.93913,10.2832,10.6221,11.0079,11.4353,11.8747,12.3021,12.6758,12.9851,13.336,13.7743,14.1361,14.3569,14.6005,14.9503,15.3121,15.6094,15.9186,16.358,16.9395,17.5627,18.1264,18.6622,19.3024,19.9673,20.5191,20.9476,21.3989,21.9268,22.4734,23.0132,23.5063,23.9576,24.397,24.8364,25.2758,25.7151,26.1425,26.5163,26.8016,27.0213,27.1873,27.3186,27.4846,27.6684,27.7688,27.746

Position pixel : 39.9813,39.9933,40.0469,40.1474,40.2547,40.3551,40.4207,40.4863,40.5867,40.694,40.8064,40.9137,41.0141,41.0678,41.0798,41.0798,41.0917,41.1454,41.2338,41.2995,41.3651,41.4655,41.5728,41.6852,41.7925,41.9049,42.0122,42.1246,42.2319,42.3443,42.4635,42.6176,42.7717,42.8909,42.9914,43.045,43.057,43.057,43.057,43.0689,43.1226,43.211,43.2647,43.2767,43.2886,43.3423,43.4307,43.4844,43.5083,43.562,43.6624,43.7697,43.8701,43.9357,44.0014,44.0898,44.1435,44.1674,44.221,44.3215,44.4288,44.5292,44.5948,44.6604,44.7489,44.8025,44.8145,44.8145,44.8145

Brightness max : 1189.36
Brightness min : 212.00
Feature direction : Ambiguous
Feature speed : Slow
Feature type : Curve
Start frame : 1
End frame : 242
Start time (s) : 0.000
End time (s) : 2006.010
Time step (s) : 8.324

Feature number : 3

Time (s) : 11.61284,12.44872,13.54111,15.36974,17.83498,20.11017,22.03844,23.96671,26.2419,28.80677,31.1816,33.55643,36.1213,38.49613,40.87096,43.43583,45.9103,48.73168,52.0328,54.85419,57.32865,59.89353,62.26836,64.64318,67.3077,70.02944,72.69396,75.06878,77.44361,80.00849,82.28367,84.31159,86.58677,89.15165,91.42684,93.35511,95.18374,97.01238,98.94065,101.2158,103.7807,106.0559,107.9842,109.8128,111.6414,113.5697,115.8449,118.4098,120.685,122.6132,124.4419,126.3701,128.6453,131.3098,134.1312,137.3419,140.7999,144.0106,146.832,149.5962,152.4175,155.7279,159.7321,164.0259,167.7829,171.2501,175.0974,178.5554,181.0298,183.0577,185.3329,187.9975,190.7192,193.3837,195.5593,197.041,198.1334,199.4158,200.5986,201.1448

Position (um) : 5.132,5.1263,5.1169,5.1112,5.1099,5.1099,5.1099,5.1099,5.1099,5.1099,5.1099,5.1099,5.1099,5.1099,5.1099,5.1099,5.1099,5.1099,5.1099,5.1099,5.1099,5.1112,5.1169,5.1263,5.1333,5.1403,5.151,5.1625,5.1745,5.1859,5.1966,5.2024,5.2049,5.2106,5.2201,5.2258,5.2271,5.2271,5.2284,5.2341,5.2435,5.2505,5.2575,5.267,5.274,5.281,5.2904,5.2961,5.2974,5.2974,5.2987,5.3044,5.3138,5.3196,5.3208,5.3221,5.3278,5.3373,5.343,5.3443,5.3443,5.3456,5.3513,5.362,5.3735,5.3842,5.3899,5.3924,5.3982,5.4076,5.4146,5.4216,5.4311,5.4368,5.4393,5.4451,5.4545,5.4589,5.4545,5.4451

Intensity : 1124.1683,1137.0651,1149.9626,1157.8346,1166.2435,1172.6898,1178.1532,1183.6165,1178.0465,1161.0614,1145.3348,1130.8663,1126.2138,1121.9061,1117.5984,1108.217,1097.2897,1084.8304,1082.8196,1087.3199,1091.2667,1089.7185,1088.5598,1084.8116,1077.994,1077.2069,1076.2617,1075.1928,1060.1642,1045.7578,1034.2219,1029.8663,1030.5185,1032.7325,1037.6282,1039.1351,1038.9825,1038.2057,1038.3017,1037.5705,1039.5157,1043.5898,1048.0486,1042.0606,1035.7852,1030.0169,1024.3302,1011.5559,997.76768,985.96861,975.03427,954.56042,927.36672,894.19348,862.51557,836.04375,808.02225,787.85091,768.68447,753.64249,746.31386,737.86395,726.95883,717.11426,705.18435,685.06898,663.66976,644.71024,632.44859,624.16768,613.95506,601.7182,590.15713,568.97808,548.19567,533.56309,521.18019,508.12621,498.32572,494.85778

Time pixel : 1.39515,1.49558,1.62682,1.84651,2.14268,2.41601,2.64768,2.87934,3.15267,3.46082,3.74613,4.03144,4.33958,4.62489,4.9102,5.21834,5.51562,5.85457,6.25117,6.59013,6.88741,7.19555,7.48086,7.76617,8.08628,8.41327,8.73338,9.01869,9.304,9.61214,9.88548,10.1291,10.4024,10.7106,10.9839,11.2156,11.4353,11.655,11.8866,12.16,12.4681,12.7414,12.9731,13.1928,13.4125,13.6441,13.9175,14.2256,14.499,14.7306,14.9503,15.182,15.4553,15.7754,16.1144,16.5001,16.9156,17.3013,17.6402,17.9723,18.3113,18.709,19.19,19.7059,20.1573,20.5738,21.036,21.4515,21.7487,21.9924,22.2657,22.5858,22.9128,23.2329,23.4943,23.6723,23.8035,23.9576,24.0997,24.1653

Position pixel : 48.0979,48.0442,47.9558,47.9021,47.8902,47.8902,47.8902,47.8902,47.8902,47.8902,47.8902,47.8902,47.8902,47.8902,47.8902,47.8902,47.8902,47.8902,47.8902,47.8902,47.8902,47.9021,47.9558,48.0442,48.1098,48.1755,48.2759,48.3832,48.4956,48.6029,48.7033,48.7569,48.7809,48.8345,48.923,48.9766,48.9886,48.9886,49.0006,49.0542,49.1427,49.2083,49.2739,49.3624,49.428,49.4936,49.5821,49.6357,49.6477,49.6477,49.6596,49.7133,49.8017,49.8554,49.8674,49.8793,49.933,50.0214,50.0751,50.0871,50.0871,50.099,50.1527,50.2531,50.3604,50.4608,50.5145,50.5384,50.5921,50.6805,50.7461,50.8117,50.9002,50.9538,50.9778,51.0314,51.1199,51.1616,51.1199,51.0314

Brightness max : 1189.36
Brightness min : 212.00
Feature direction : Ambiguous
Feature speed : Slow
Feature type : Curve
Start frame : 1
End frame : 242
Start time (s) : 0.000
End time (s) : 2006.010
Time step (s) : 8.324

Feature number : 4

Time (s) : 326.4366,328.6121,331.9132,335.0815,337.8457,340.1209,342.1488,344.3243,346.4427,347.882,348.9171,349.9099,351.1923,352.4748,353.5671,355.0489,357.1248,359.3427,361.3282,363.5462,365.6221,367.1038,368.1962,369.4786,370.7611,371.8535,373.2355,374.9645,376.7932,378.6218,380.4504,382.2791,384.1077,385.9363,387.765,389.5936,391.4222,393.2509,395.0795,396.9081,398.7368,400.4658,401.8478,402.9402,404.2227,405.5051,406.4978,407.4334,408.3265,409.262,410.1551,411.0906,412.0834,413.3658,414.6483,415.641,416.5907,417.6796,419.1588,420.8865,422.3682,423.462,424.5003,425.5977,427.0868,428.9254,430.8666,432.8111,434.7594,436.7117,438.6684,440.6295,442.5954,444.5659,446.5409,448.6196,451.0488,453.7706,456.2044,458.1923,459.7328,460.8816,461.9689,463.0076,464.0806,465.2006,466.5982,467.9817,469.1594,470.5099,471.8419,472.8647,473.7107

Position (um) : 4.503,4.5157,4.5416,4.5695,4.5929,4.6106,4.6233,4.6353,4.6468,4.6588,4.6702,4.6809,4.6879,4.6949,4.7057,4.7171,4.7291,4.7405,4.7525,4.764,4.776,4.7874,4.7981,4.8051,4.8121,4.8229,4.8343,4.8463,4.8578,4.8685,4.8755,4.8825,4.8919,4.8976,4.8989,4.8989,4.8989,4.8989,4.8989,4.8976,4.8919,4.8812,4.8685,4.852,4.8356,4.8229,4.8109,4.7994,4.7874,4.776,4.764,4.7525,4.7405,4.7278,4.7114,4.6949,4.6825,4.6727,4.6635,4.6537,4.6445,4.6348,4.6257,4.6173,4.614,4.6152,4.6178,4.6204,4.6231,4.6259,4.6288,4.6318,4.6349,4.6381,4.6414,4.6448,4.6483,4.6518,4.6554,4.6603,4.6696,4.6838,4.6987,4.714,4.7298,4.7492,4.7682,4.7832,4.7959,4.8044,4.8125,4.8226,4.8286

Intensity : 410.9645,425.3012,449.8993,467.8172,481.0665,489.8843,496.8181,502.4807,509.5377,516.0833,522.1444,526.6894,525.9577,525.4452,522.1503,518.7289,515.3007,517.442,522.2784,528.2281,534.4017,535.0825,533.5236,529.4806,523.9256,517.4702,510.4417,505.1431,508.7392,513.8296,520.8239,528.6255,529.347,527.5416,526.161,524.737,522.8433,517.3034,511.7636,505.9504,499.3148,486.9542,474.5718,466.5797,459.8148,455.0297,453.3192,452.809,451.8044,451.5315,453.2375,456.343,461.4034,469,481.8518,497.0557,504.8505,511.0079,518.803,529.1514,540.229,551.9431,564.108,564.5192,557.6318,544.0953,528.4435,512.5568,508.1853,504.0989,500.1795,496.4375,486.328,474.2902,462.7994,451.4425,436.9461,420.3398,406.2161,393.7883,380.3132,371.7052,364.655,358.6359,354.3029,352.4591,355.2063,365.0661,374.6222,383.5018,391.3411,398.637,404.466

Time pixel : 39.2178,39.4791,39.8757,40.2564,40.5884,40.8618,41.1054,41.3668,41.6213,41.7942,41.9185,42.0378,42.1919,42.346,42.4772,42.6552,42.9046,43.1711,43.4096,43.6761,43.9255,44.1035,44.2347,44.3888,44.5429,44.6741,44.8401,45.0479,45.2675,45.4872,45.7069,45.9266,46.1463,46.366,46.5857,46.8054,47.0251,47.2448,47.4644,47.6841,47.9038,48.1115,48.2776,48.4088,48.5629,48.717,48.8362,48.9486,49.0559,49.1683,49.2756,49.388,49.5073,49.6613,49.8154,49.9347,50.0488,50.1796,50.3573,50.5649,50.7429,50.8743,50.999,51.1309,51.3098,51.5307,51.7639,51.9975,52.2316,52.4661,52.7012,52.9368,53.173,53.4097,53.647,53.8967,54.1885,54.5155,54.8079,55.0468,55.2318,55.3698,55.5005,55.6253,55.7542,55.8887,56.0566,56.2228,56.3643,56.5266,56.6866,56.8095,56.9111

Position pixel : 42.2022,42.3214,42.5639,42.8253,43.045,43.211,43.3303,43.4427,43.55,43.6624,43.7697,43.8701,43.9357,44.0014,44.1018,44.2091,44.3215,44.4288,44.5412,44.6485,44.7608,44.8681,44.9686,45.0342,45.0998,45.2002,45.3075,45.4199,45.5272,45.6276,45.6933,45.7589,45.8473,45.901,45.9129,45.9129,45.9129,45.9129,45.9129,45.901,45.8473,45.7469,45.6276,45.4736,45.3195,45.2002,45.0878,44.9805,44.8681,44.7608,44.6485,44.5412,44.4288,44.3095,44.1554,44.0014,43.8851,43.7931,43.7064,43.6148,43.5286,43.4376,43.3521,43.2739,43.2429,43.2542,43.278,43.3026,43.3279,43.3541,43.3813,43.4093,43.4384,43.4685,43.4995,43.5314,43.564,43.5973,43.6309,43.6766,43.7638,43.8973,44.0368,44.18,44.3284,44.5094,44.6879,44.8286,44.9471,45.0271,45.1033,45.1981,45.2539

Brightness max : 1189.36
Brightness min : 212.00
Feature direction : Ambiguous
Feature speed : Slow
Feature type : Curve
Start frame : 1
End frame : 242
Start time (s) : 0.000
End time (s) : 2006.010
Time step (s) : 8.324

Feature number : 5

Time (s) : 14.82355,15.36974,16.65218,18.38117,20.20981,22.03844,23.76743,25.14951,26.2419,27.62398,29.35297,31.1816,33.01023,34.83887,36.6675,38.49613,40.32476,42.1534,44.08167,46.35686,48.92173,51.19692,53.12519,54.95383,56.78246,58.61109,60.43972,62.26836,64.09699,66.02526,68.40009,71.41152,74.72187,78.536,83.2192,87.57029,90.88064,93.35511,95.72994,98.29481,100.57,102.4983,104.3269,106.1555,107.8845,109.167

Position (um) : 6.1014,6.1121,6.1248,6.1413,6.1577,6.1704,6.1824,6.1939,6.2046,6.2116,6.2186,6.228,6.2338,6.235,6.235,6.235,6.235,6.235,6.235,6.235,6.235,6.235,6.235,6.235,6.235,6.235,6.235,6.235,6.235,6.235,6.235,6.235,6.235,6.235,6.2363,6.242,6.2515,6.2572,6.2585,6.2585,6.2585,6.2585,6.2585,6.2585,6.2585,6.2585

Intensity : 553.4567,551.0198,550.5224,549.5062,550.2655,553.3162,557.3155,557.8738,551.1697,546.6831,542.4327,537.5403,534.8253,529.7502,524.382,519.0138,513.6456,508.3893,503.132,496.9288,489.9357,488.1432,489.664,491.1062,492.5484,493.7256,493.7644,493.8031,493.8419,493.8828,490.3863,484.5508,478.1361,460.8115,438.5598,423.441,410.9504,406.3978,404.5859,402.928,400.5542,396.7677,393.1768,389.586,386.1908,382.0913

Time pixel : 1.78089,1.84651,2.00058,2.2083,2.42799,2.64768,2.85539,3.02144,3.15267,3.31872,3.52644,3.74613,3.96582,4.18551,4.4052,4.62489,4.84458,5.06427,5.29593,5.56927,5.87741,6.15075,6.38241,6.6021,6.82179,7.04148,7.26117,7.48086,7.70055,7.93221,8.21752,8.57931,8.97701,9.43524,9.99787,10.5206,10.9183,11.2156,11.5009,11.809,12.0824,12.314,12.5337,12.7534,12.9611,13.1152

Position pixel : 57.1828,57.2832,57.4024,57.5565,57.7106,57.8299,57.9422,58.0495,58.15,58.2156,58.2812,58.3697,58.4233,58.4353,58.4353,58.4353,58.4353,58.4353,58.4353,58.4353,58.4353,58.4353,58.4353,58.4353,58.4353,58.4353,58.4353,58.4353,58.4353,58.4353,58.4353,58.4353,58.4353,58.4353,58.4472,58.5009,58.5893,58.643,58.655,58.655,58.655,58.655,58.655,58.655,58.655,58.655

Brightness max : 1189.36
Brightness min : 212.00
Feature direction : Ambiguous
Feature speed : Slow
Feature type : Curve
Start frame : 1
End frame : 242
Start time (s) : 0.000
End time (s) : 2006.010
Time step (s) : 8.324

