KYMOANALYSIS DATA

General Information :

Tiff path : E:\Google Drive\microtubule dynamics and cut7\20-15 screens and tests\gtb1-K5A\19-08-01&02 (gtb1-K5A, cut7-3GFP and MTs)\
Spindle type : Bipolar
Start frame : 1
End frame : 242
Start time (s) : 0.000
End time (s) : 2006.010
Time step (s) : 8.324
Num poles : 2
Num tracks : 2
Num tracks poleward : 0
Num tracks antipoleward : 0
Num tracks ambiguous : 2
Comments : {

}
Poles Information :


Pole number : 1

Time (s) : 125.48626,128.65455,133.97436,139.51748,145.20266,151.32516,157.15797,162.29696,166.94697,171.6394,176.63633,181.96536,187.06193,192.10127,197.04098,201.79063,206.73033,211.5704,215.77386,219.73004,224.28042,229.41017,234.06018,238.46292,243.30299,248.14305,252.24687,255.55722,258.47824,261.68895,265.14694,268.35765,271.17903,273.84355,276.41765,279.98451,285.66046,292.57643,299.64368,307.21472,315.9021,324.49907,332.51666,340.51021,347.78232,354.30338,360.33548,366.56685,373.88138,382.17943,390.32984,397.90088,405.70438,413.81238,421.86315,429.07804,435.20977,440.79531,446.38085,452.3133,458.53544,464.56754,470.59963,476.82177,482.85386,488.88595,495.00846,500.49435,505.14437,509.2906,513.30401,518.24372,523.91966,529.46279,534.89146,539.98803,545.12701,550.61291,556.94392,565.15156,575.02174,584.51182,593.11801,601.61534,609.66612,616.59132,622.66583,628.50787,635.2762,642.68114,649.80563,657.51872,667.00879,678.071,689.29007,699.81531,709.30539,717.55544,724.58028,730.80243,735.74213,739.50826,743.81136,749.28803,754.77393,759.97014,765.29917,770.59502,776.52747,783.0393,789.02898,794.55729,799.45458,803.70046,807.41495,811.01499,814.28292,817.59327,821.1509,824.80816,828.46543,832.12269,835.77996,839.53687,843.64068,848.23347,853.2304,858.55944,863.75564,869.34118,875.46368,881.2965,886.33584,890.43966,893.65037,896.0252,897.95347,899.7821,901.71037,904.0852,907.09663,910.2077,913.22836,916.78599,920.63331,924.00088,927.31123,930.86886,934.52612,938.08375,941.19482,943.66929,946.04411,948.60899,950.88418,952.91209,955.28692,958.49763,962.50181,966.99496,971.64497,976.68431,981.97093,986.91063,991.11409,994.77136,997.98207,1000.9031,1004.0142,1007.1252,1010.0463,1013.257,1016.9142,1021.0181,1025.4116,1029.5154,1033.1726,1036.3834,1039.3044,1042.6147,1046.6189,1051.1121,1055.7621,1060.8014,1066.088,1071.0277,1075.3308,1079.5343,1084.0274,1088.4782,1092.6244,1096.4385,1100.6844,1105.6813,1111.4569,1117.2897,1122.9749,1128.8077,1134.4837,1139.0341,1142.444,1145.2654,1147.9299,1150.2051,1152.3327,1155.1541,1159.101,1163.5518,1168.0449,1172.348,1176.998,1182.1278,1186.6781,1190.4351,1193.4465,1195.2751

Position (um) : 4.3449,4.317,4.2746,4.2328,4.1903,4.1447,4.0991,4.0592,4.0288,4.0041,3.9806,3.9572,3.9337,3.9103,3.8881,3.8704,3.8564,3.8387,3.8178,3.8001,3.7861,3.7697,3.7532,3.7392,3.7228,3.7063,3.6936,3.6829,3.6759,3.6676,3.6525,3.636,3.6233,3.6126,3.6043,3.5903,3.5644,3.5353,3.5035,3.4624,3.4123,3.3605,3.3116,3.2597,3.2096,3.1685,3.1368,3.105,3.0652,3.0208,2.9797,2.9435,2.9093,2.8802,2.8555,2.8333,2.8169,2.8086,2.8003,2.7851,2.7687,2.756,2.744,2.7313,2.7135,2.6927,2.6749,2.6622,2.6515,2.6458,2.6432,2.6375,2.6281,2.6223,2.6198,2.6141,2.6046,2.5989,2.5963,2.5906,2.5799,2.5684,2.5577,2.552,2.5495,2.5437,2.5343,2.5286,2.5273,2.526,2.5203,2.5109,2.5051,2.5039,2.5039,2.5039,2.5039,2.5039,2.5039,2.5039,2.5039,2.5039,2.5039,2.5039,2.5039,2.5039,2.5039,2.5039,2.5039,2.5039,2.5039,2.5039,2.5039,2.5039,2.5039,2.5039,2.5039,2.5051,2.5109,2.5203,2.526,2.5273,2.5273,2.5273,2.5286,2.5343,2.5437,2.5495,2.5507,2.5507,2.5507,2.5507,2.5507,2.5507,2.5507,2.5507,2.5507,2.5507,2.5507,2.5507,2.5507,2.5507,2.5507,2.552,2.5577,2.5672,2.5729,2.5742,2.5742,2.5742,2.5742,2.5742,2.5742,2.5742,2.5742,2.5742,2.5742,2.5742,2.5742,2.5742,2.5729,2.5659,2.5507,2.5356,2.5273,2.5203,2.5109,2.5051,2.5039,2.5039,2.5039,2.5039,2.5039,2.5026,2.4968,2.4874,2.4817,2.4804,2.4804,2.4804,2.4804,2.4804,2.4804,2.4804,2.4804,2.4804,2.4804,2.4804,2.4804,2.4804,2.4804,2.4804,2.4804,2.4804,2.4804,2.4804,2.4804,2.4804,2.4804,2.4804,2.4804,2.4804,2.4804,2.4804,2.4791,2.4734,2.464,2.4582,2.4557,2.4487,2.4335,2.4184,2.4114,2.4088,2.4031,2.3936

Intensity : 1680.7215,1920.1664,2299.4495,2385.159,2277.8515,2060.0832,1874.8003,1868.7307,1860.1625,1800.3489,1684.2655,1493.9602,1346.2345,1237.4565,1178.2622,1141.7565,1114.6161,1045.1895,964.61725,912.92486,884.00369,878.72865,874.01847,842.1204,790.37685,722.54484,672.42468,635.38787,608.66113,594.12852,579.52651,568.7879,560.38985,553.22727,549.82972,547.92035,553.76542,574.4012,587.50227,581.145,573.84896,614.19346,686.29639,702.99398,718.51981,716.87637,710.41587,695.32063,627.34884,607.91588,576.40922,523.71658,472.57147,452.67418,449.34053,451.33733,452.61041,455.85474,461.41748,463.54368,466.78736,466.74186,464.92982,461.24688,451.54231,447.72428,452.94875,457.95761,454.12454,456.92167,466.92954,475.99134,482.98191,504.25341,522.72597,530.54455,527.88865,529.33316,545.36638,571.30306,623.46885,622.58499,629.40625,658.18182,709.86585,753.56261,779.92397,803.77322,828.02313,844.06112,847.21298,840.07842,854.06443,875.17144,900.41189,917.51782,913.04365,905.72088,897.86548,909.33044,919.39744,927.45283,929.46626,928.15508,929.91,922.47212,904.88754,917.41991,928.73557,934.93233,971.05765,971.25848,958.36599,949.35331,941.43414,926.38143,912.71733,913.89134,930.82548,951.00737,961.78134,968.24237,974.26157,980.5021,980.9738,981.1237,986.55684,993.12957,1008.3545,1015.6163,1019.1096,1023.0496,1014.5946,1005.2735,999.25914,994.87182,991.30948,989.56971,989.84509,990.18423,990.61429,995.85923,1001.248,1006.9896,1012.9854,1012.2294,997.27748,984.65235,976.13962,969.94276,965.9701,967.45568,968.88145,970.42132,974.67752,978.85045,983.73725,988.06974,989.15508,990.82897,994.09409,1010.5107,1025.1913,1017.0689,1013.9518,1010.7293,1005.853,995.55175,985.00336,975.56292,974.92942,974.36383,969.79617,956.77074,938.4829,917.28411,900.15482,886.6538,875.25582,875.79669,885.20035,895.80596,906.83353,915.03501,920.3275,912.88096,908.43071,907.53143,912.01519,923.50773,931.56804,936.87209,938.18395,933.40597,897.04601,854.32699,820.03602,799.7626,786.14405,779.47154,773.09352,767.10366,761.44684,755.46171,749.89301,744.68323,741.07922,737.53364,728.8668,718.4868,693.4367,662.03674,645.67928,631.36611,618.89112,614.24963

Time pixel : 15.07579,15.45643,16.09554,16.76149,17.4445,18.18005,18.8808,19.49819,20.05684,20.62058,21.22091,21.86113,22.47343,23.07885,23.6723,24.24292,24.83637,25.41785,25.92285,26.39814,26.94482,27.5611,28.11975,28.64869,29.23017,29.81165,30.30468,30.70238,31.05331,31.43904,31.85448,32.24021,32.57917,32.89929,33.20854,33.63705,34.31896,35.14983,35.99889,36.90846,37.95216,38.98499,39.94821,40.90855,41.78221,42.56565,43.29034,44.03897,44.91773,45.91465,46.89383,47.80341,48.74091,49.715,50.68221,51.549,52.28566,52.9567,53.62774,54.34046,55.08798,55.81267,56.53736,57.28488,58.00957,58.73426,59.46981,60.12888,60.68753,61.18565,61.66782,62.26127,62.94318,63.60912,64.26132,64.87361,65.491,66.15007,66.91068,67.89673,69.08253,70.22265,71.25659,72.27746,73.24467,74.07665,74.80644,75.5083,76.32144,77.21106,78.06699,78.99363,80.13376,81.46276,82.81061,84.0751,85.21523,86.20638,87.05034,87.79786,88.39131,88.84377,89.36074,90.0187,90.67777,91.30204,91.94226,92.5785,93.29122,94.07355,94.79314,95.4573,96.04566,96.55575,97.00201,97.43452,97.82712,98.22482,98.65223,99.09161,99.53099,99.97037,100.4098,100.8611,101.3541,101.9059,102.5062,103.1465,103.7707,104.4418,105.1773,105.8781,106.4835,106.9765,107.3622,107.6476,107.8792,108.0989,108.3306,108.6159,108.9777,109.3514,109.7143,110.1417,110.6039,111.0085,111.4062,111.8336,112.273,112.7004,113.0742,113.3715,113.6568,113.9649,114.2383,114.4819,114.7672,115.1529,115.634,116.1738,116.7324,117.3379,117.973,118.5664,119.0714,119.5108,119.8966,120.2475,120.6212,120.995,121.3459,121.7317,122.171,122.6641,123.1919,123.6849,124.1243,124.51,124.861,125.2587,125.7397,126.2795,126.8382,127.4436,128.0787,128.6722,129.1892,129.6942,130.234,130.7687,131.2668,131.725,132.2351,132.8354,133.5293,134.2301,134.9131,135.6138,136.2957,136.8424,137.2521,137.591,137.9111,138.1845,138.4401,138.779,139.2532,139.7879,140.3277,140.8447,141.4033,142.0196,142.5663,143.0177,143.3794,143.5991

Position pixel : 40.7203,40.4589,40.0623,39.6697,39.272,38.8446,38.4172,38.0434,37.7581,37.5264,37.3067,37.0871,36.8674,36.6477,36.44,36.2739,36.1427,35.9766,35.7809,35.6148,35.4836,35.3295,35.1755,35.0442,34.8902,34.7361,34.6168,34.5164,34.4508,34.3732,34.2311,34.077,33.9577,33.8573,33.7797,33.6485,33.406,33.1326,32.8354,32.4496,31.9805,31.4944,31.0362,30.55,30.0809,29.6952,29.3979,29.1006,28.7269,28.3114,27.9257,27.5867,27.2666,26.9933,26.7616,26.5539,26.3998,26.3222,26.2447,26.1026,25.9485,25.8292,25.7168,25.5976,25.4315,25.2358,25.0697,24.9505,24.85,24.7964,24.7724,24.7188,24.6303,24.5767,24.5528,24.4991,24.4107,24.357,24.3331,24.2794,24.179,24.0717,23.9713,23.9176,23.8937,23.84,23.7516,23.6979,23.686,23.674,23.6203,23.5319,23.4782,23.4663,23.4663,23.4663,23.4663,23.4663,23.4663,23.4663,23.4663,23.4663,23.4663,23.4663,23.4663,23.4663,23.4663,23.4663,23.4663,23.4663,23.4663,23.4663,23.4663,23.4663,23.4663,23.4663,23.4663,23.4782,23.5319,23.6203,23.674,23.686,23.686,23.686,23.6979,23.7516,23.84,23.8937,23.9057,23.9057,23.9057,23.9057,23.9057,23.9057,23.9057,23.9057,23.9057,23.9057,23.9057,23.9057,23.9057,23.9057,23.9057,23.9176,23.9713,24.0597,24.1134,24.1253,24.1253,24.1253,24.1253,24.1253,24.1253,24.1253,24.1253,24.1253,24.1253,24.1253,24.1253,24.1253,24.1134,24.0478,23.9057,23.7636,23.686,23.6203,23.5319,23.4782,23.4663,23.4663,23.4663,23.4663,23.4663,23.4543,23.4007,23.3122,23.2586,23.2466,23.2466,23.2466,23.2466,23.2466,23.2466,23.2466,23.2466,23.2466,23.2466,23.2466,23.2466,23.2466,23.2466,23.2466,23.2466,23.2466,23.2466,23.2466,23.2466,23.2466,23.2466,23.2466,23.2466,23.2466,23.2466,23.2466,23.2346,23.181,23.0925,23.0389,23.0149,22.9493,22.8072,22.6651,22.5995,22.5755,22.5219,22.4334

Pole type : Curve
Start frame : 1
End frame : 242
Start time (s) : 0.000
End time (s) : 2006.010
Time step (s) : 8.324

Pole number : 2

Time (s) : 132.5019,134.2309,136.8954,140.3626,145.3023,151.1259,156.1652,160.2783,164.8711,170.058,175.0974,179.7474,184.3402,188.7909,192.7379,195.7585,198.7792,202.6265,206.7303,210.9338,215.4269,219.8777,223.9243,227.4911,231.7942,237.2709,242.6572,247.6061,252.9923,258.7679,264.4107,270.5848,277.9566,286.644,295.0417,302.1661,308.5876,314.6197,320.6518,326.8739,332.906,339.237,346.8984,355.6855,364.24,371.9439,378.7214,386.0452,395.2788,405.1065,413.4562,420.1914,426.4559,431.9991,437.3373,443.2698,449.9385,456.6072,462.5396,467.6786,472.4283,477.6669,483.9463,491.0043,497.8298,504.3509,510.7299,517.1513,523.5303,529.9518,536.4304,543.2984,550.4136,557.869,566.9523,575.5513,583.4917,591.2972,598.927,605.8463,612.1,618.442,625.7449,633.4328,640.5262,646.7729,652.434,658.4977,665.5483,672.9207,680.7619,690.0081,700.2595,709.8665,718.9226,728.2474,736.9253,744.6187,752.9374,762.7149,773.1776,783.659,793.5721,803.3539,814.209,826.2382,838.6751,850.3766,860.7773,869.799,877.733,885.7714,894.2361,902.4742,910.4501,918.0803,924.9162,931.4544,937.8752,943.661,948.401,952.3655,955.8843,959.0429,961.8298,964.1371,965.6129

Position (um) : 4.4026,4.4026,4.4026,4.4026,4.4026,4.4026,4.4038,4.4096,4.419,4.4247,4.4273,4.433,4.4437,4.4552,4.4659,4.4716,4.4729,4.4742,4.4799,4.4893,4.4963,4.5033,4.5128,4.5185,4.5198,4.521,4.5268,4.5362,4.5419,4.5445,4.5502,4.5597,4.5654,4.5679,4.5737,4.5831,4.5901,4.5971,4.6078,4.6193,4.6313,4.6427,4.6547,4.6661,4.6781,4.6909,4.7073,4.7237,4.7377,4.7555,4.7763,4.7941,4.8068,4.8188,4.8302,4.8409,4.8479,4.8549,4.8644,4.8701,4.8727,4.8784,4.8878,4.8935,4.8948,4.8974,4.9088,4.929,4.9462,4.9594,4.9722,4.9899,5.012,5.0351,5.0567,5.0783,5.0999,5.1215,5.1431,5.1633,5.1791,5.1912,5.2057,5.2189,5.2251,5.2301,5.2387,5.2481,5.2579,5.2672,5.2769,5.2861,5.2944,5.2978,5.2966,5.2941,5.2915,5.2888,5.2861,5.2834,5.2806,5.2777,5.2748,5.2718,5.2689,5.2659,5.2628,5.2598,5.2568,5.2538,5.2509,5.2468,5.2382,5.2261,5.2178,5.214,5.2117,5.2095,5.2075,5.2057,5.2041,5.2028,5.2016,5.2007,5.2001,5.1997,5.1996

Intensity : 1884.0122,1946.4421,2013.845,2101.5534,2085.9333,2013.7712,1934.1171,1917.2176,1951.785,1986.5173,2019.2891,1980.3362,1911.3529,1806.4373,1732.2064,1680.7787,1634.4292,1616.2178,1614.8167,1647.4343,1697.0205,1799.3923,1913.6518,1984.088,2050.606,2061.0399,2066.3378,2107.7968,2134.2206,2154.9117,2222.8608,2214.2171,2102.3723,1863.3732,1648.7484,1603.4898,1646.582,1702.869,1697.7126,1661.7928,1618.0673,1555.391,1505.5976,1409.642,1334.4434,1300.3186,1287.1588,1285.7066,1329.8816,1436.542,1490.5339,1477.4919,1415.1367,1338.0323,1288.4795,1249.9356,1229.9126,1255.9129,1251.369,1254.0843,1281.767,1307.7056,1346.7229,1427.2807,1411.1103,1419.6384,1422.553,1383.5941,1376.5559,1351.6496,1314.9319,1270.7927,1224.0248,1137.813,1119.8522,1085.4269,998.38501,935.48837,875.31445,860.7108,850.06454,824.53783,780.281,763.99334,731.19576,731.99687,739.87954,753.1711,766.20846,753.65174,703.69643,655.84687,616.69696,590.56332,527.13542,484.15393,461.51511,475.64977,508.89103,555.13941,562.33475,574.55532,528.8073,462.65316,408.23816,391.13888,387.63073,381.05648,355.97661,324.91907,309.09596,319.34168,338.76934,337.21055,321.3277,302.30065,297.26259,285.83851,291.46703,296.95068,300.23469,312.83031,325.20718,329.26166,328.3168,327.57865,327.38349

Time pixel : 15.91864,16.12636,16.44647,16.86302,17.45647,18.15611,18.76153,19.25567,19.80744,20.4306,21.03602,21.59467,22.14644,22.68115,23.15533,23.51823,23.88113,24.34334,24.83637,25.34137,25.88117,26.41588,26.90203,27.33055,27.84752,28.50548,29.15258,29.74714,30.39424,31.08812,31.76603,32.50779,33.39342,34.43712,35.44601,36.30193,37.0734,37.79809,38.52278,39.2703,39.99499,40.75559,41.67603,42.73169,43.75942,44.68496,45.49921,46.37908,47.48839,48.66909,49.67221,50.48137,51.23398,51.89993,52.54126,53.25398,54.05515,54.85632,55.56904,56.18643,56.75705,57.38641,58.14081,58.98875,59.80877,60.5922,61.35857,62.13003,62.8964,63.66786,64.4462,65.27131,66.12613,67.02182,68.11307,69.14614,70.1001,71.03784,71.95448,72.78575,73.53707,74.299,75.17635,76.09997,76.95216,77.70264,78.38276,79.11125,79.95829,80.84401,81.78604,82.89687,84.12847,85.28264,86.37063,87.4909,88.53345,89.45773,90.45714,91.63179,92.88877,94.14799,95.33894,96.51412,97.81824,99.26342,100.7576,102.1634,103.4129,104.4968,105.45,106.4157,107.4326,108.4223,109.3805,110.2972,111.1185,111.904,112.6754,113.3705,113.9399,114.4162,114.839,115.2184,115.5533,115.8305,116.0077

Position pixel : 41.2612,41.2612,41.2612,41.2612,41.2612,41.2612,41.2731,41.3268,41.4152,41.4689,41.4928,41.5465,41.6469,41.7542,41.8546,41.9083,41.9202,41.9322,41.9859,42.0743,42.1399,42.2055,42.294,42.3476,42.3596,42.3716,42.4252,42.5137,42.5673,42.5913,42.6449,42.7334,42.787,42.811,42.8646,42.9531,43.0187,43.0843,43.1847,43.292,43.4044,43.5117,43.6241,43.7314,43.8438,43.9631,44.1171,44.2712,44.4024,44.5685,44.7642,44.9303,45.0495,45.1619,45.2692,45.3697,45.4353,45.5009,45.5893,45.643,45.6669,45.7206,45.809,45.8627,45.8747,45.8986,46.0059,46.1948,46.3557,46.4801,46.5993,46.7654,46.9731,47.1891,47.3918,47.5943,47.7967,47.9989,48.2011,48.391,48.5392,48.6523,48.788,48.9116,48.9703,49.0168,49.0978,49.1853,49.2775,49.3642,49.4556,49.5414,49.6198,49.6509,49.6398,49.6162,49.592,49.5673,49.542,49.5162,49.4898,49.463,49.4357,49.4081,49.3802,49.352,49.3238,49.2955,49.2673,49.2394,49.2119,49.173,49.0931,48.9792,48.9012,48.866,48.8441,48.8238,48.8051,48.7883,48.7734,48.7606,48.7499,48.7415,48.7355,48.7318,48.7306

Pole type : Curve
Start frame : 1
End frame : 242
Start time (s) : 0.000
End time (s) : 2006.010
Time step (s) : 8.324

Feature Information :


Feature number : 1

Time (s) : 411.6368,412.2827,414.0117,416.4769,418.6524,420.1342,421.1269,422.0624,423.0552,424.4373,426.0666,427.4487,428.6407,430.3697,432.3884,433.8277,434.8629,435.756,436.5919,437.138,437.7839,439.0663,440.7953,442.5243,444.006,445.6446,448.4088,452.2137,455.9613,458.4358,460.174,462.392,465.0141,467.7782,470.5,473.1645,475.5393,477.9142,480.479,482.7542,484.6825,486.5111,488.3398,490.1684,491.997,493.726,495.1081,496.1008,496.9367

Position (um) : 4.8149,4.7902,4.7472,4.6966,4.649,4.6054,4.5762,4.5597,4.5407,4.5128,4.4786,4.4437,4.4083,4.3734,4.3405,4.3171,4.3018,4.2841,4.2619,4.2385,4.215,4.1903,4.1612,4.1283,4.0991,4.0744,4.0497,4.0218,3.9946,3.9762,3.9629,3.9515,3.9395,3.9267,3.9103,3.8951,3.8869,3.8799,3.8704,3.8647,3.8634,3.8621,3.8564,3.847,3.8413,3.8387,3.833,3.8235,3.8178

Intensity : 1503.8877,1502.2485,1460.3455,1402.6436,1321.0354,1253.7252,1214.1071,1193.7048,1171.9242,1142.5307,1121.3325,1120.7395,1120.3214,1124.2072,1127.6245,1126.3321,1123.9981,1119.7062,1113.3909,1107.1074,1100.1319,1091.3674,1078.5162,1055.604,1034.5573,1015.2614,991.86134,945.12469,900.54008,876.70516,865.41334,855.74522,844.56809,841.92717,845.38713,852.21148,857.27797,857.91176,858.98272,861.05672,854.92681,849.10055,843.18772,837.60497,828.30201,814.82759,803.30421,794.03035,786.8451

Time pixel : 49.4536,49.5312,49.7389,50.0351,50.2965,50.4745,50.5938,50.7062,50.8254,50.9915,51.1872,51.3533,51.4965,51.7042,51.9467,52.1196,52.244,52.3513,52.4517,52.5173,52.5949,52.749,52.9567,53.1644,53.3424,53.5393,53.8714,54.3285,54.7787,55.076,55.2848,55.5513,55.8663,56.1984,56.5254,56.8455,57.1308,57.4161,57.7243,57.9976,58.2293,58.449,58.6686,58.8883,59.108,59.3157,59.4818,59.6011,59.7015

Position pixel : 45.126,44.8944,44.4909,44.0167,43.5705,43.1619,42.8886,42.7334,42.5554,42.294,41.9739,41.6469,41.3148,40.9878,40.6797,40.46,40.3168,40.1507,39.943,39.7233,39.5036,39.272,38.9986,38.6905,38.4172,38.1855,37.9538,37.6925,37.438,37.2651,37.1407,37.0334,36.921,36.8017,36.6477,36.5056,36.428,36.3624,36.2739,36.2203,36.2083,36.1963,36.1427,36.0542,36.0006,35.9766,35.923,35.8345,35.7809

Brightness max : 1567.24
Brightness min :  0.00
Feature direction : Ambiguous
Feature speed : Slow
Feature type : Curve
Start frame : 1
End frame : 242
Start time (s) : 0.000
End time (s) : 2006.010
Time step (s) : 8.324

Feature number : 2

Time (s) : 353.6668,354.9492,356.6782,358.5068,360.4351,362.7103,365.2752,367.5504,369.5783,371.8535,374.4183,376.6935,378.6218,380.4504,382.2791,384.1077,385.9363,387.765,389.5936,391.4222,393.2509,395.0795,396.9081,398.7368,400.5654,402.394,404.2227,406.0513,407.8799,409.7086,411.5372,413.3658,415.1945,416.9234,418.3055,419.3979,420.8796,423.0552,425.5204,427.349,428.5411,429.9232,431.6521,433.4808,435.3094,437.138,438.9667,440.7953,442.5243,443.8067

Position (um) : 4.3474,4.3322,4.3158,4.3018,4.2841,4.2619,4.2398,4.222,4.208,4.1903,4.1694,4.1517,4.139,4.1283,4.1213,4.1143,4.1048,4.0991,4.0978,4.0978,4.0978,4.0978,4.0978,4.0978,4.0978,4.0978,4.0978,4.0978,4.0978,4.0978,4.0978,4.0978,4.0978,4.0966,4.0908,4.0814,4.0744,4.0674,4.0567,4.0452,4.0345,4.0288,4.0275,4.0275,4.0275,4.0275,4.0275,4.0275,4.0275,4.0275

Intensity : 1099.7079,1096.0416,1094.5464,1093.0071,1085.9939,1081.3707,1082.1588,1089.7476,1099.9257,1112.7143,1128.9073,1133.0294,1134.188,1136.4381,1140.2931,1136.9006,1129.0699,1122.1071,1116.2479,1110.4783,1102.8781,1095.278,1087.6778,1080.0777,1069.8837,1057.6701,1045.4564,1033.2428,1021.2038,1025.823,1030.4422,1035.0614,1039.6806,1041.3131,1038.4572,1034.2845,1030.4626,1025.7568,1021.969,1018.8486,1014.0993,1012.616,1014.5457,1014.3449,1008.4065,1002.468,996.52957,990.59113,986.20814,983.19779

Time pixel : 42.4892,42.6432,42.851,43.0706,43.3023,43.5756,43.8838,44.1571,44.4008,44.6741,44.9822,45.2556,45.4872,45.7069,45.9266,46.1463,46.366,46.5857,46.8054,47.0251,47.2448,47.4644,47.6841,47.9038,48.1235,48.3432,48.5629,48.7826,49.0023,49.222,49.4417,49.6613,49.881,50.0888,50.2548,50.386,50.5641,50.8254,51.1216,51.3413,51.4845,51.6505,51.8582,52.0779,52.2976,52.5173,52.737,52.9567,53.1644,53.3185

Position pixel : 40.7442,40.6021,40.448,40.3168,40.1507,39.943,39.7353,39.5693,39.438,39.272,39.0762,38.9102,38.7909,38.6905,38.6249,38.5593,38.4708,38.4172,38.4052,38.4052,38.4052,38.4052,38.4052,38.4052,38.4052,38.4052,38.4052,38.4052,38.4052,38.4052,38.4052,38.4052,38.4052,38.3932,38.3396,38.2511,38.1855,38.1199,38.0195,37.9122,37.8117,37.7581,37.7461,37.7461,37.7461,37.7461,37.7461,37.7461,37.7461,37.7461

Brightness max : 1567.24
Brightness min :  0.00
Feature direction : Ambiguous
Feature speed : Slow
Feature type : Curve
Start frame : 1
End frame : 242
Start time (s) : 0.000
End time (s) : 2006.010
Time step (s) : 8.324

