KYMOANALYSIS DATA

General Information :

Tiff path : E:\Google Drive\microtubule dynamics and cut7\20-15 screens and tests\gtb1-K5A\19-08-01&02 (gtb1-K5A, cut7-3GFP and MTs)\
Spindle type : Bipolar
Start frame : 1
End frame : 251
Start time (s) : 0.000
End time (s) : 1748.330
Time step (s) : 6.993
Num poles : 2
Num tracks : 5
Num tracks poleward : 0
Num tracks antipoleward : 0
Num tracks ambiguous : 5
Comments : {

}
Poles Information :


Pole number : 1

Time (s) : 183.75102,185.25792,187.49333,189.95229,192.75058,195.76437,198.64949,201.67133,205.50048,209.63197,213.29548,216.65664,220.23331,224.06245,227.72596,231.30263,234.74258,237.59074,239.99983,241.98276,243.75017,245.81995,248.61823,252.02121,255.46117,258.39616,261.19445,263.90589,266.36485,268.77394,271.2329,274.03119,277.13182,280.3193,283.50677,286.6074,289.40569,291.95149,294.74977,297.76357,300.64869,303.67053,307.49967,311.71801,315.94439,320.72561,326.06165,331.14521,335.36355,338.24867,340.23965,342.64874,345.57569,348.37397,350.91978,353.71806,356.90553,360.56904,364.78738,369.00572,372.58239,375.46751,378.01331,380.72476,383.60988,387.02091,391.57857,396.83581,402.95828,409.96686,416.16813,420.7837,424.39734,427.33234,430.21746,433.31809,436.50557,439.69304,442.96736,446.71771,451.58576,457.87387,465.27968,473.07469,480.39366,486.46626,491.55787,496.59156,501.11225,504.56024,507.66892,511.67175,516.66847,522.1782,528.172,535.80137,545.13219,554.18162,562.1503,568.86457,574.51906,580.59165,587.34775,593.80954,599.93201,605.99657,611.16697,615.4802,619.87222,624.56659,629.26096,633.65298,637.87936,642.66057,648.08346,653.7299,659.97617,667.34502,675.42947,683.10872,690.72518,698.2677,705.93404,713.81589,721.78457,729.66642,737.24591,744.57293,752.06559,759.64508,767.36129,775.58245,783.76665,791.60667,799.97259,810.08985,821.23797,831.96797,841.95655,851.2665,860.35289,869.13693,877.80521,887.05724,895.62258,901.9557,907.05536,913.38043,921.00176,928.70992,935.42419,940.99183,946.5884,952.31363,957.48404,961.78922,965.15037,968.17221,971.61216,975.27567,979.41521,984.27522,988.96959,993.19598,997.50116,1001.8063,1006.0327,1010.8139,1016.2368,1021.7964,1027.5667,1034.1652,1042.3863,1051.6882,1061.2507,1070.6394,1079.3366,1087.0528,1094.0694,1099.9683,1104.5839,1108.6736,1112.6394,1116.5554,1120.1321,1123.4933,1127.1568,1131.5488,1136.8929,1143.657,1151.444,1158.9816,1167.4055,1179.1454,1192.5788,1206.1151,1220.2352,1234.1446,1246.158,1255.2025,1262.4588,1270.8537,1280.6235,1289.8386,1297.1158,1302.8571,1309.1034,1316.7247,1324.7722,1331.9255,1338.0849,1343.8182,1349.6303,1355.0532,1359.6688,1364.1476,1368.842,1373.5364,1377.7547,1381.029,1383.8353,1387.4988,1392.3589,1397.4424,1402.3973,1407.5677,1413.0774,1418.637,1423.9731,1428.2783,1431.5606,1435.311,1440.171,1445.3414,1450.5986,1456.1952,1462.2308,1468.7714,1474.9727,1480.1431,1484.2328,1487.9043,1492.946,1500.0045,1507.6628,1514.6505,1521.3647,1527.566,1532.9101,1537.7782,1542.3857,1546.3017,1549.3235,1552.2086,1555.3961,1558.9728,1562.9756,1567.678,1574.2267,1583.0525,1592.9961,1602.4717,1610.9164,1618.4091,1624.6103,1629.0023,1631.5481,1632.9264,1633.7916,1634.5201,1634.9961,1635.4722,1636.1138,1636.503

Position (um) : 4.9871,4.9871,4.9858,4.9799,4.9701,4.9641,4.9628,4.9628,4.9628,4.9628,4.9628,4.9628,4.9628,4.9615,4.9556,4.9458,4.9385,4.9312,4.9214,4.9155,4.9142,4.9129,4.9069,4.8971,4.8912,4.8885,4.8826,4.8728,4.8669,4.8655,4.8655,4.8655,4.8655,4.8655,4.8642,4.8583,4.8485,4.8412,4.834,4.8242,4.8169,4.8083,4.7926,4.7742,4.7538,4.7256,4.6967,4.6723,4.654,4.6408,4.6283,4.6164,4.604,4.5921,4.581,4.5738,4.5665,4.5554,4.5435,4.5311,4.5192,4.5081,4.5021,4.5008,4.5008,4.4995,4.4935,4.4838,4.4765,4.4679,4.4522,4.4364,4.4292,4.4265,4.4206,4.4108,4.4049,4.4035,4.4022,4.3963,4.3852,4.3733,4.3608,4.349,4.3379,4.3306,4.3233,4.3122,4.3003,4.2892,4.282,4.2734,4.2563,4.2346,4.2149,4.1945,4.1676,4.1446,4.1301,4.119,4.1117,4.1045,4.0947,4.0888,4.0874,4.0874,4.0874,4.0874,4.0874,4.0874,4.0874,4.0861,4.0788,4.0618,4.0388,4.0145,3.9888,3.9586,3.9232,3.887,3.8515,3.8199,3.7897,3.7615,3.7411,3.7227,3.7056,3.6911,3.6727,3.6497,3.6254,3.6024,3.584,3.5682,3.5439,3.5098,3.4723,3.4309,3.3895,3.3507,3.3093,3.2679,3.2291,3.1877,3.1477,3.1161,3.0891,3.0576,3.0175,2.9761,2.9373,2.8959,2.8546,2.817,2.7816,2.7514,2.7244,2.6928,2.6528,2.6114,2.5726,2.5299,2.4839,2.4412,2.4037,2.3682,2.338,2.311,2.2808,2.2466,2.2151,2.1822,2.1421,2.1021,2.0692,2.0389,2.0107,1.9903,1.9719,1.9549,1.9417,1.9292,1.9173,1.9049,1.893,1.8806,1.8674,1.8503,1.8333,1.8201,1.8076,1.7958,1.7833,1.7714,1.7603,1.7544,1.7531,1.7531,1.7531,1.7531,1.7531,1.7531,1.7531,1.7531,1.7531,1.7531,1.7531,1.7531,1.7517,1.7458,1.736,1.7301,1.7274,1.7215,1.7104,1.6985,1.6874,1.6814,1.6801,1.6801,1.6801,1.6788,1.6728,1.6631,1.6571,1.6558,1.6558,1.6558,1.6558,1.6558,1.6558,1.6558,1.6558,1.6558,1.6558,1.6558,1.6558,1.6558,1.6558,1.6558,1.6558,1.6558,1.6558,1.6558,1.6571,1.6631,1.6742,1.686,1.6998,1.719,1.7458,1.7675,1.7774,1.7846,1.7958,1.8076,1.8187,1.826,1.8346,1.8517,1.8733,1.8917,1.9062,1.9233,1.939,1.9463,1.9489,1.9549,1.966,1.9792,1.9962,2.0133,2.0265,2.0376

Intensity : 238.965,239.0772,239.3506,236.984,230.5731,223.3585,235.7839,249.0091,253.6002,253.0234,253.4999,253.9805,254,254.0198,254.3133,254.5732,254.1494,253.8102,253.9154,253.9727,253.9919,254,254,254.0374,254.5293,254.949,254.6509,254.2631,254.0885,254.433,254.7846,255,255,255,255,255,255,255,254.9103,254.7542,254.7137,254.5032,254.0295,254.1467,254.5458,254.9601,254.3862,254.3401,254.2413,254.3593,254.5665,254.995,254.9381,254.9692,254.9336,254.8655,254.8046,254.8648,255,255,254.8212,254.4829,254.2374,254.5428,254.8804,255,255,255,254.9825,255,254.6302,254.5193,254.8397,254.9456,254.7046,254.3637,254.2827,254.2703,254.4232,254.725,254.902,254.9937,254.4072,253.8441,254.3479,254.2572,253.8606,253.4144,253.3031,253.1989,253.1308,253.3736,254.5809,253.8739,254.2614,254.311,254.9534,233.834,249.3952,254.0713,251.1835,233.6297,172.1072,134.3984,228.1611,236.6421,237.6568,254.0067,254.4415,254.5735,254.3152,253.6869,253.3915,253.9033,254.0995,254.675,255,254.6166,253.9031,254.3885,253.5136,252.0405,254.4285,254.7647,255,255,255,254.8092,254.1081,254.4032,254.9837,254.977,254.3799,253.3247,251.1679,253.7749,241.8232,252.8965,252.5608,253.0882,254.9853,254.7321,254.6165,254.1244,254.4656,254.0208,253.3309,253.5335,251.8856,243.7608,242,246.7832,253.5151,251.7256,245.1385,230.1079,226.0757,238.6091,248.4607,251.7347,254.4813,253.8681,254.6742,254.8789,254.5273,254.1952,254.0756,254.6968,254.8816,254.9442,254.7598,254.4514,255,255,255,254.8028,254.9475,254.8063,254.5551,254.2884,254.9484,254.957,254.9969,254.9028,254.7859,254.8696,255,255,255,254.4953,254.0206,253.3967,254.8827,254.3898,253.7023,253.6409,254.5142,254.4298,253.2913,252.7106,253.6841,254.8813,254.3778,254.4387,251.5148,248.4943,250.3367,251.6632,250.6553,238.0225,235.2454,249.6093,254.7427,250.5353,251.5303,253.6505,250.5429,226.7217,193.5854,192.1591,190.9365,197.9457,207.9909,190.4459,207.7114,227.4682,226.2193,220.7993,235.5693,246.2187,248.1304,250.4479,253.6638,253.9881,252.8798,252.1944,255,255,255,255,254.6506,253.8727,254,254.7548,254.4139,254.3432,254.8593,254.9143,253.4749,249.2445,243.897,234.0776,214.1038,196.6829,220.8412,249.134,253.5638,254.1135,254.2376,254.5516,252.9042,251.0715,250.6642,252.8877,252.9776,251.1538,236.0954,227.9029,225.7495,226.3868,230.9509,236.6029,241.2023,241.2731

Time pixel : 26.27522,26.4907,26.81035,27.16196,27.5621,27.99305,28.40561,28.83771,29.38525,29.97603,30.49989,30.98051,31.49195,32.0395,32.56335,33.0748,33.56669,33.97395,34.31844,34.60199,34.85471,35.15068,35.55082,36.03742,36.52931,36.949,37.34913,37.73685,38.08847,38.43295,38.78457,39.18471,39.62808,40.08387,40.53965,40.98302,41.38316,41.74719,42.14733,42.57828,42.99084,43.42294,43.97049,44.57368,45.17803,45.86171,46.62473,47.35165,47.95484,48.3674,48.65209,48.99658,49.41511,49.81525,50.17928,50.57942,51.03521,51.55907,52.16226,52.76546,53.2769,53.68945,54.05348,54.4412,54.85376,55.34151,55.99323,56.74498,57.62046,58.62264,59.50938,60.16938,60.6861,61.10579,61.51834,61.96171,62.4175,62.87329,63.3415,63.87777,64.57387,65.47303,66.53202,67.64665,68.69322,69.56156,70.28963,71.00941,71.65584,72.14889,72.59341,73.16579,73.88028,74.66814,75.52522,76.61617,77.95041,79.24442,80.3839,81.34399,82.15255,83.02089,83.98697,84.91096,85.78644,86.65363,87.39297,88.00973,88.63776,89.30902,89.98029,90.60832,91.21267,91.89635,92.67179,93.47919,94.37237,95.42607,96.58209,97.68017,98.76928,99.84781,100.944,102.0711,103.2106,104.3376,105.4214,106.4692,107.5406,108.6244,109.7278,110.9033,112.0736,113.1947,114.391,115.8377,117.4318,118.9661,120.3944,121.7257,123.025,124.281,125.5205,126.8435,128.0683,128.9739,129.7031,130.6076,131.6974,132.7996,133.7597,134.5558,135.3561,136.1748,136.9141,137.5297,138.0103,138.4424,138.9343,139.4582,140.0501,140.7451,141.4163,142.0207,142.6363,143.2519,143.8562,144.5399,145.3154,146.1103,146.9355,147.879,149.0546,150.3847,151.7521,153.0946,154.3382,155.4416,156.4449,157.2884,157.9484,158.5332,159.1003,159.6603,160.1717,160.6523,161.1762,161.8042,162.5684,163.5356,164.6491,165.727,166.9315,168.6102,170.5311,172.4667,174.4858,176.4748,178.1926,179.4859,180.5235,181.7239,183.121,184.4387,185.4793,186.3002,187.1934,188.2832,189.4339,190.4568,191.3376,192.1574,192.9885,193.7639,194.4239,195.0644,195.7356,196.4069,197.0101,197.4783,197.8796,198.4035,199.0984,199.8253,200.5338,201.2732,202.061,202.856,203.619,204.2346,204.704,205.2403,205.9352,206.6746,207.4263,208.2266,209.0896,210.0249,210.9117,211.651,212.2358,212.7608,213.4817,214.491,215.5861,216.5853,217.5454,218.4322,219.1963,219.8924,220.5513,221.1112,221.5433,221.9559,222.4117,222.9231,223.4955,224.1679,225.1043,226.3664,227.7882,229.1432,230.3507,231.4221,232.3089,232.9369,233.3009,233.498,233.6217,233.7259,233.794,233.8621,233.9538,234.0095

Position pixel : 46.7397,46.7397,46.7273,46.6717,46.5799,46.5243,46.5119,46.5119,46.5119,46.5119,46.5119,46.5119,46.5119,46.4994,46.4438,46.352,46.284,46.2159,46.1241,46.0685,46.0561,46.0436,45.988,45.8962,45.8406,45.8158,45.7601,45.6683,45.6127,45.6003,45.6003,45.6003,45.6003,45.6003,45.5879,45.5322,45.4404,45.3724,45.3043,45.2126,45.1445,45.064,44.9166,44.7443,44.5526,44.2886,44.0174,43.7895,43.6173,43.4936,43.377,43.2657,43.1491,43.0378,42.9336,42.8655,42.7975,42.6933,42.582,42.4654,42.3541,42.2499,42.1943,42.1819,42.1819,42.1694,42.1138,42.022,41.954,41.8735,41.7261,41.5787,41.5106,41.4858,41.4301,41.3384,41.2827,41.2703,41.2579,41.2022,41.098,40.9867,40.8701,40.7588,40.6547,40.5866,40.5185,40.4144,40.3031,40.1989,40.1308,40.0503,39.8905,39.6874,39.5028,39.311,39.0594,38.8439,38.7078,38.6036,38.5356,38.4675,38.3757,38.3201,38.3077,38.3077,38.3077,38.3077,38.3077,38.3077,38.3077,38.2952,38.2272,38.0673,37.8519,37.624,37.3837,37.1001,36.768,36.4289,36.0968,35.8008,35.5173,35.2533,35.0615,34.8892,34.7294,34.5933,34.421,34.2056,33.9777,33.7622,33.5899,33.4414,33.2135,32.8938,32.5422,32.1545,31.7668,31.4028,31.015,30.6273,30.2633,29.8756,29.5003,29.2043,28.9516,28.6556,28.2803,27.8926,27.5286,27.1408,26.7531,26.4015,26.0694,25.7859,25.5332,25.2372,24.8619,24.4742,24.1101,23.71,23.2791,22.8789,22.5273,22.1952,21.9117,21.659,21.3754,21.0558,20.7598,20.4514,20.0761,19.7008,19.3924,19.1089,18.8449,18.6531,18.4809,18.321,18.1973,18.0807,17.9694,17.8528,17.7415,17.6249,17.5012,17.3414,17.1816,17.0578,16.9412,16.8299,16.7134,16.6021,16.4979,16.4422,16.4298,16.4298,16.4298,16.4298,16.4298,16.4298,16.4298,16.4298,16.4298,16.4298,16.4298,16.4298,16.4174,16.3617,16.27,16.2143,16.1895,16.1338,16.0297,15.9184,15.8142,15.7585,15.7461,15.7461,15.7461,15.7337,15.6781,15.5863,15.5306,15.5182,15.5182,15.5182,15.5182,15.5182,15.5182,15.5182,15.5182,15.5182,15.5182,15.5182,15.5182,15.5182,15.5182,15.5182,15.5182,15.5182,15.5182,15.5182,15.5306,15.5863,15.6905,15.8018,15.9308,16.1102,16.3617,16.5648,16.6577,16.7258,16.8299,16.9412,17.0454,17.1135,17.194,17.3538,17.5569,17.7291,17.8652,18.0251,18.1725,18.2405,18.2654,18.321,18.4252,18.5489,18.7088,18.8686,18.9923,19.0965

Pole type : Curve
Start frame : 1
End frame : 251
Start time (s) : 0.000
End time (s) : 1748.330
Time step (s) : 6.993

Pole number : 2

Time (s) : 11.71422,13.61031,16.48739,19.33554,22.13383,24.93211,27.86711,31.30706,34.79688,38.0712,41.25868,44.44615,47.63363,50.8211,54.00858,57.10921,59.73381,61.50123,62.92933,64.86239,67.14767,69.46992,71.45285,73.30711,75.67923,78.64315,81.40446,84.07408,87.48511,92.34512,97.59432,102.0362,105.7367,108.974,112.1985,115.6095,120.1752,126.116,132.0937,136.5356,139.6812,142.703,146.619,151.1397,155.4449,159.1084,162.5564,166.4354,170.6039,174.4041,178.5806,183.6642,189.5631,195.7644,201.5764,206.3577,210.108,213.4692,217.2195,221.827,226.8607,231.7787,237.0729,242.9348,249.0862,254.7327,260.1636,265.9757,271.8746,277.6079,283.5068,289.3188,294.5761,299.4441,304.399,310.0455,316.5861,323.2634,329.5515,335.0612,339.6768,344.1556,348.6763,352.6792,356.5244,361.9971,368.9558,375.8647,384.1808,394.6792,405.5748,415.5265,424.1368,430.9878,436.245,440.3347,443.9194,448.3114,453.5606,458.6442,463.1231,467.2626,471.5678,475.873,479.9257,484.1022,488.8464,493.9589,497.9248,500.9048,504.6551,509.9043,515.5427,520.4976,525.0264,529.584,533.6367,537.6476,543.2522,552.0861,564.6993,580.5129,598.5039,615.4191,627.6061,634.1628,637.056,638.521,639.9491,642.3582,645.848,650.1532,654.8476,659.4551,663.2843,665.9169,668.0735,670.3089,672.2919,673.9724,675.5662,677.1599,678.7537,680.3474,681.9411,683.448,684.5657

Position (um) : 6.7635,6.7695,6.7806,6.7925,6.8036,6.8095,6.8109,6.8109,6.8122,6.8181,6.8279,6.8338,6.8365,6.8424,6.8522,6.8582,6.8608,6.8668,6.8765,6.8838,6.8911,6.9022,6.9141,6.9265,6.9397,6.9568,6.9738,6.9883,7.0067,7.0297,7.0527,7.0711,7.0843,7.0967,7.1086,7.121,7.1342,7.1513,7.1683,7.1815,7.1927,7.1986,7.1999,7.1999,7.1999,7.2012,7.2072,7.217,7.2242,7.2315,7.2426,7.2558,7.2742,7.2959,7.3129,7.3202,7.3228,7.3288,7.3399,7.3531,7.3701,7.3872,7.4017,7.4201,7.4418,7.4601,7.4733,7.4844,7.4904,7.4917,7.4917,7.4917,7.4917,7.4917,7.4917,7.493,7.499,7.5088,7.5147,7.5174,7.5233,7.5331,7.539,7.5417,7.5476,7.5587,7.5719,7.5903,7.6133,7.6376,7.6619,7.6862,7.7106,7.7362,7.7665,7.8019,7.8394,7.8821,7.9281,7.9694,8.001,8.0267,8.0497,8.068,8.0826,8.0996,8.1167,8.1299,8.141,8.1483,8.1555,8.1653,8.1712,8.1726,8.1726,8.1726,8.1726,8.1712,8.1613,8.1311,8.0799,8.0194,7.9537,7.8907,7.8434,7.8177,7.8078,7.8006,7.7908,7.7848,7.7835,7.7835,7.7835,7.7835,7.7835,7.7835,7.7835,7.7835,7.7835,7.7835,7.7835,7.7835,7.7835,7.7835,7.7835,7.7835,7.7835

Intensity : 251.9455,251.2255,248.9195,246.3521,242.1468,235.7038,229.0787,221.0489,212.927,213.2314,215.5387,219.0831,221.9552,231.0314,244.0718,252.0781,253.2788,254.041,254.5486,254.2266,254.0159,254.0797,254.4408,254.7876,254.993,254.6567,253.8999,252.987,252.6674,253.3747,252.9507,253.4797,253.9275,253.7151,253.334,249.6739,246.7147,250.8411,173.8754,205.671,240.5536,245.8845,249.7258,252.1385,253.5219,253.5095,253.5874,253.8719,253.7209,253.2734,254.1283,254.997,254.2325,252.3876,246.5089,248.3575,249.2347,230.5502,216.042,238.9486,248.5212,247.1388,238.4525,241.2216,235.3114,237.229,247.0568,240.1935,223.5561,227.5363,239.4165,240.9028,233.1091,249.6813,254.5271,254.4063,249.0555,241.818,250.7981,253.2032,253.5189,254.0558,254.854,254.7252,254.4836,254.1614,254.7046,254.219,254.6058,251.8667,252.0308,254.4176,254.8288,254.8127,254.4351,254.7687,254.255,254.7795,254.1002,254,254,253.9582,254.2406,254.4145,254.7196,254.7765,254.0844,254.1424,254.0467,254.4527,254.8375,254.0869,254,253.8263,253.6245,253.8892,253.2716,251.9528,253.0447,253.2376,254.9309,254.8415,254.1516,254.0488,254.5087,254.7668,254.7485,254.1521,253.49,252.5372,251.0455,249.1018,246.7789,243.0944,238.628,240.2278,244.2044,248.3264,244.6718,234.6039,225.0562,215.5086,208.08,206.9415,205.8029,204.7264,203.928

Time pixel : 1.67506,1.94619,2.35759,2.76486,3.165,3.56513,3.98482,4.47671,4.97573,5.44394,5.89973,6.35552,6.8113,7.26709,7.72288,8.16625,8.54155,8.79428,8.99849,9.27491,9.60169,9.93375,10.2173,10.4824,10.8216,11.2455,11.6403,12.0221,12.5098,13.2048,13.9554,14.5905,15.1197,15.5826,16.0437,16.5314,17.1843,18.0338,18.8885,19.5237,19.9735,20.4056,20.9656,21.612,22.2276,22.7515,23.2445,23.7992,24.3953,24.9387,25.5359,26.2628,27.1063,27.9931,28.8241,29.5078,30.0441,30.5247,31.061,31.7198,32.4396,33.1429,33.8999,34.7381,35.6177,36.4251,37.2017,38.0328,38.8763,39.6961,40.5397,41.3707,42.1225,42.8186,43.5271,44.3345,45.2698,46.2246,47.1238,47.9116,48.5716,49.2121,49.8585,50.4309,50.9807,51.7633,52.7583,53.7463,54.9354,56.4366,57.9946,59.4176,60.6489,61.6285,62.3802,62.965,63.4776,64.1057,64.8563,65.5832,66.2236,66.8156,67.4312,68.0468,68.6263,69.2235,69.9019,70.633,71.2001,71.6262,72.1625,72.9131,73.7193,74.4278,75.0754,75.7271,76.3066,76.8802,77.6816,78.9448,80.7484,83.0096,85.5822,88.001,89.7437,90.6812,91.0949,91.3044,91.5086,91.8531,92.3521,92.9678,93.639,94.2979,94.8454,95.2219,95.5302,95.8499,96.1334,96.3737,96.6016,96.8295,97.0574,97.2853,97.5132,97.7287,97.8885

Position pixel : 63.3884,63.4441,63.5483,63.6596,63.7637,63.8194,63.8318,63.8318,63.8442,63.8999,63.9916,64.0473,64.0721,64.1278,64.2195,64.2752,64.3,64.3557,64.4474,64.5155,64.5836,64.6877,64.799,64.9156,65.0394,65.1992,65.359,65.4951,65.6674,65.8829,66.0983,66.2706,66.3943,66.5109,66.6222,66.7388,66.8625,67.0223,67.1822,67.3059,67.4101,67.4657,67.4781,67.4781,67.4781,67.4905,67.5462,67.6379,67.706,67.7741,67.8783,68.002,68.1742,68.3773,68.5371,68.6052,68.63,68.6857,68.7898,68.9136,69.0734,69.2332,69.3693,69.5416,69.7446,69.9169,70.0406,70.1448,70.2004,70.2129,70.2129,70.2129,70.2129,70.2129,70.2129,70.2253,70.2809,70.3727,70.4283,70.4532,70.5088,70.6006,70.6562,70.6811,70.7367,70.8409,70.9646,71.1368,71.3523,71.5802,71.8081,72.036,72.2639,72.5042,72.7878,73.1198,73.4714,73.8716,74.3025,74.6903,74.9862,75.2265,75.442,75.6142,75.7504,75.9102,76.07,76.1938,76.2979,76.366,76.4341,76.5258,76.5815,76.5939,76.5939,76.5939,76.5939,76.5815,76.4886,76.205,75.7255,75.1585,74.5428,73.9521,73.5087,73.2684,73.1755,73.1074,73.0157,72.96,72.9476,72.9476,72.9476,72.9476,72.9476,72.9476,72.9476,72.9476,72.9476,72.9476,72.9476,72.9476,72.9476,72.9476,72.9476,72.9476,72.9476

Pole type : Curve
Start frame : 1
End frame : 251
Start time (s) : 0.000
End time (s) : 1748.330
Time step (s) : 6.993

Feature Information :


Feature number : 1

Time (s) : 694.5378,695.86516,698.69185,703.28887,708.34435,712.62233,716.01897,718.38719,720.25665,722.54123,725.39577,728.13882,730.83384,733.36158,735.4386,737.51563,740.12701,743.19685,746.64153,750.32936,753.85767,757.38598,761.15745,765.0606,769.2069,773.18593,776.25577,778.5837,781.49402,785.79985,790.52854,794.75848,798.20315,801.06544,803.97576,807.57996,811.18416,814.09448,816.87313,819.85934,822.92918,826.08266,829.61097,833.75727,838.27841,842.88317,847.48794,851.92544,855.78054,859.14933,862.9208,867.0671,871.42871,876.27664,881.33987,886.9452,893.53561,900.12602,905.64772,910.25249,914.10759,917.47638,921.33149,925.68535,929.91529,933.90206,938.21563,943.02796,947.70862,951.15329,953.39759,955.47461,958.16963,961.6143,965.7606,970.1981,974.42804,978.33118,982.10265,985.54732,988.78444,992.22911,995.91695,999.44526,1003.0572,1007.1199,1011.3498,1015.7951,1020.9342,1026.0733,1030.6858,1035.9163,1042.4231,1048.9299,1054.1604,1058.7729,1064.0793,1070.0517,1076.1077,1081.8726,1087.227,1092.2422,1096.895,1101.3681,1105.2713,1108.9669,1113.1132,1117.5507,1121.697,1125.1416,1127.8366,1129.9137,1131.9907,1134.5184,1137.0462,1139.0396,1140.8254,1143.1936,1146.423,1149.7004,1152.3954,1154.3888,1156.0073,1157.5423,1159.0772,1160.6121,1162.147,1163.682,1165.2169,1166.8354,1168.9125,1172.0659,1176.4198,1181.0168,1184.4615,1186.6222,1188.2407,1189.7756,1191.2269,1192.3034

Position (um) : 4.1916,4.1916,4.1916,4.1929,4.1986,4.208,4.215,4.222,4.2315,4.2385,4.2455,4.2562,4.2676,4.2783,4.284,4.2853,4.2853,4.2866,4.2923,4.3017,4.3074,4.3087,4.3087,4.3087,4.3087,4.3087,4.31,4.3157,4.3251,4.3309,4.3321,4.3321,4.3321,4.3321,4.3321,4.3321,4.3321,4.3321,4.3321,4.3334,4.3391,4.3486,4.3543,4.3556,4.3556,4.3556,4.3556,4.3556,4.3556,4.3556,4.3556,4.3556,4.3556,4.3556,4.3556,4.3568,4.3625,4.372,4.3777,4.379,4.379,4.379,4.379,4.379,4.379,4.379,4.3777,4.372,4.3625,4.3568,4.3556,4.3556,4.3543,4.3473,4.3309,4.3087,4.2853,4.2619,4.2397,4.222,4.2093,4.1986,4.1916,4.1846,4.1739,4.1625,4.1505,4.1378,4.1214,4.1062,4.0992,4.0979,4.0992,4.1049,4.1144,4.1214,4.1284,4.1378,4.1422,4.1352,4.1131,4.0815,4.0537,4.0347,4.0207,4.0043,3.9878,3.9751,3.9631,3.9517,3.941,3.9353,3.934,3.934,3.934,3.934,3.934,3.934,3.934,3.934,3.934,3.934,3.934,3.934,3.934,3.934,3.934,3.934,3.934,3.9327,3.9257,3.9093,3.8872,3.865,3.8486,3.8416,3.8403,3.8403,3.8403,3.8403

Intensity : 253.5371,253.4293,253.1996,249.9475,248.9111,252.3836,253.7723,254.4495,254.9842,255,255,255,255,254.9035,254.7113,254.4525,254.1396,254.2724,254.765,255,255,254.885,254.6792,254.524,254.3835,254.5144,254.6064,254.369,254.1168,254.3643,254.9515,254.2276,253.8032,253.8032,253.8032,253.9942,254.1998,253.1349,252.1014,252.2261,253.4629,254.51,254.6172,253.2467,249.1854,251.4799,254.1966,253.9037,253.8205,253.8205,254.2831,254.9824,254.3913,254.2478,254.7992,254.1436,254.6822,254.9927,254.986,254.9936,254.9715,254.7822,254.2751,253.6583,253.0292,253.0217,253.1869,253.847,253.9412,253.8325,253.8205,253.8205,253.823,254.3774,254.9198,254.0945,252.6502,251.3246,251.3256,251.7333,252.9016,253.8355,253.7671,253.6003,253.2818,252.9787,253.6942,254,254,254,252.3077,250.4025,254.9652,254.4769,254.4713,254.2254,253.8319,252.6752,253.8192,254.1712,253.4289,253.7866,254.1324,254,253.983,253.9675,253.9565,252.5082,251.1762,250.2548,251.3025,252.7339,254.2069,254.2428,253.2525,252.4716,248.7536,240.0071,228.08,236.4197,246.1725,251.7682,252.2913,252.7874,253.2835,253.7797,253.5574,253.1756,252.7938,252.3995,251.2703,248.8248,248.6641,253.0841,230.6869,210.5633,195.5445,182.4409,170.6861,161.9672

Time pixel : 99.31446,99.50426,99.90846,100.5658,101.2887,101.9004,102.3861,102.7248,102.9921,103.3188,103.727,104.1192,104.5046,104.866,105.163,105.46,105.8334,106.2724,106.765,107.2923,107.7968,108.3013,108.8406,109.3988,109.9917,110.5606,110.9996,111.3325,111.7486,112.3643,113.0405,113.6454,114.1379,114.5472,114.9634,115.4788,115.9941,116.4103,116.8076,117.2346,117.6736,118.1245,118.6291,119.222,119.8684,120.5269,121.1854,121.8199,122.3711,122.8529,123.3922,123.985,124.6087,125.302,126.026,126.8275,127.7699,128.7123,129.5018,130.1603,130.7115,131.1933,131.7445,132.3671,132.9719,133.542,134.1588,134.847,135.5163,136.0088,136.3298,136.6268,137.0121,137.5047,138.0976,138.7321,139.337,139.8951,140.4344,140.927,141.3898,141.8824,142.4097,142.9143,143.4308,144.0117,144.6165,145.2522,145.9871,146.7219,147.3815,148.1294,149.0598,149.9903,150.7382,151.3977,152.1565,153.0105,153.8765,154.7009,155.4665,156.1836,156.849,157.4886,158.0467,158.5752,159.1681,159.8026,160.3955,160.8881,161.2734,161.5704,161.8674,162.2289,162.5903,162.8754,163.1307,163.4694,163.9311,164.3998,164.7852,165.0702,165.3017,165.5211,165.7406,165.9601,166.1796,166.3991,166.6186,166.85,167.147,167.5979,168.2205,168.8778,169.3704,169.6794,169.9108,170.1303,170.3378,170.4918

Position pixel : 39.2842,39.2842,39.2842,39.2961,39.3497,39.4381,39.5036,39.5692,39.6576,39.7231,39.7887,39.889,39.9962,40.0965,40.1501,40.1621,40.1621,40.174,40.2276,40.316,40.3696,40.3816,40.3816,40.3816,40.3816,40.3816,40.3935,40.4471,40.5355,40.5891,40.6011,40.6011,40.6011,40.6011,40.6011,40.6011,40.6011,40.6011,40.6011,40.613,40.6666,40.755,40.8086,40.8205,40.8205,40.8205,40.8205,40.8205,40.8205,40.8205,40.8205,40.8205,40.8205,40.8205,40.8205,40.8325,40.8861,40.9745,41.0281,41.04,41.04,41.04,41.04,41.04,41.04,41.04,41.0281,40.9745,40.8861,40.8325,40.8205,40.8205,40.8086,40.743,40.5891,40.3816,40.1621,39.9426,39.7351,39.5692,39.45,39.3497,39.2842,39.2186,39.1183,39.0111,38.8988,38.7796,38.6257,38.4837,38.4182,38.4062,38.4182,38.4718,38.5601,38.6257,38.6913,38.7796,38.8213,38.7557,38.5482,38.2523,37.9912,37.8133,37.6822,37.5283,37.3744,37.2552,37.1429,37.0357,36.9354,36.8818,36.8698,36.8698,36.8698,36.8698,36.8698,36.8698,36.8698,36.8698,36.8698,36.8698,36.8698,36.8698,36.8698,36.8698,36.8698,36.8698,36.8698,36.8579,36.7923,36.6384,36.4309,36.2233,36.0694,36.0039,35.9919,35.9919,35.9919,35.9919

Brightness max : 188.29
Brightness min : 28.00
Feature direction : Ambiguous
Feature speed : Slow
Feature type : Curve
Start frame : 1
End frame : 251
Start time (s) : 0.000
End time (s) : 1748.330
Time step (s) : 6.993

Feature number : 2

Time (s) : 645.9349,647.6155,650.7161,654.8476,659.0659,662.6426,665.4409,667.5107,669.1912,670.785,672.3787,674.0593,676.0422,678.2776,680.3474,682.4172,684.7394,687.1115,689.5206,691.9796,694.691,697.4893,700.4243,703.7774,706.7912,708.9478,710.6284,712.309,714.3788,717.177,720.7537,724.972,729.1904,732.8539,736.2151,739.7917,743.534,746.7215,749.3541,752.0656,754.777,757.3228,760.1211,763.2217,766.4092,769.5099,772.2213,774.4648,777.0974,781.0134,785.9233,790.8701,794.836,797.8079,800.2669,802.676,805.135,807.9332,810.947,813.7453,816.2911,818.9157,821.0643,822.0164

Position (um) : 6.0341,6.0413,6.0584,6.0814,6.1044,6.1227,6.1359,6.1471,6.1543,6.1616,6.1727,6.1859,6.2029,6.22,6.2332,6.2456,6.2575,6.27,6.2832,6.3015,6.3232,6.3416,6.3561,6.3732,6.3902,6.4034,6.4159,6.4277,6.4402,6.4534,6.4718,6.4947,6.5191,6.5434,6.5664,6.5847,6.5993,6.6176,6.6393,6.6577,6.6709,6.6833,6.6965,6.7149,6.7366,6.755,6.7682,6.7806,6.7938,6.8122,6.8352,6.8595,6.8825,6.8995,6.9068,6.9081,6.9081,6.9094,6.9154,6.9252,6.9311,6.9338,6.9397,6.9495

Intensity : 185.7454,194.4327,212.4579,228.011,235.8147,236.7592,232.5892,223.4175,216.0898,209.2781,211.1273,218.2702,226.1266,234.7158,229.3706,224.5478,220.1018,216.709,213.4055,209.0329,187.2163,161.8514,138.5277,120.0169,113.3538,142.9824,169.1974,196.3898,216.8842,224.0229,226.8847,218.2319,202.61,179.9469,181.7024,201.2154,207.0685,203.7263,195.5783,185.3442,176.158,170.3581,164.5395,160.1175,158.8636,154.843,140.2293,129.4892,122.5764,125.8264,126.0303,122.6242,122.8393,123.8448,123.3856,122.5679,123.3408,127.4357,132.2458,123.325,114.3412,105.5507,99.86164,97.30983

Time pixel : 92.36456,92.60487,93.04824,93.63902,94.24221,94.75365,95.15379,95.44975,95.69006,95.91796,96.14585,96.38616,96.66971,96.98936,97.28532,97.58129,97.91335,98.25255,98.59704,98.94865,99.33637,99.73651,100.1562,100.6357,101.0666,101.375,101.6153,101.8556,102.1516,102.5517,103.0632,103.6664,104.2696,104.7934,105.274,105.7855,106.3206,106.7764,107.1528,107.5406,107.9283,108.2923,108.6925,109.1358,109.5916,110.035,110.4227,110.7435,111.12,111.6799,112.382,113.0894,113.6565,114.0814,114.433,114.7775,115.1291,115.5293,115.9602,116.3604,116.7244,117.0997,117.4069,117.5431

Position pixel : 56.5516,56.6197,56.7795,56.995,57.2105,57.3827,57.5064,57.6106,57.6787,57.7467,57.8509,57.9746,58.1345,58.2943,58.418,58.5346,58.6459,58.7625,58.8862,59.0585,59.2615,59.4338,59.5699,59.7297,59.8895,60.0133,60.1299,60.2412,60.3577,60.4815,60.6537,60.8692,61.0971,61.325,61.5405,61.7127,61.8488,62.0211,62.2241,62.3964,62.5201,62.6367,62.7604,62.9327,63.1357,63.308,63.4317,63.5483,63.672,63.8442,64.0597,64.2876,64.5031,64.6629,64.731,64.7434,64.7434,64.7558,64.8115,64.9032,64.9589,64.9837,65.0394,65.1311

Brightness max : 188.29
Brightness min : 28.00
Feature direction : Ambiguous
Feature speed : Slow
Feature type : Curve
Start frame : 1
End frame : 251
Start time (s) : 0.000
End time (s) : 1748.330
Time step (s) : 6.993

Feature number : 3

Time (s) : 556.1227,556.6856,558.1925,560.2618,564.0046,564.644,565.0894,565.7682,566.4794,567.1256,567.4198,567.4019,567.2903,567.1744,567.0568,566.9397,566.8246,566.7129,566.6053,566.5025,566.4044,566.3109,566.2217,566.1363,566.0543,566.0618,566.3741,567.0275,567.7323,568.3885,568.7065

Position (um) : 5.7454,5.6902,5.5804,5.4372,5.0358,4.9648,4.9285,4.9065,4.8835,4.8539,4.8259,4.8077,4.7962,4.7867,4.7773,4.7679,4.7582,4.7481,4.7375,4.7262,4.7144,4.702,4.689,4.6755,4.6617,4.6474,4.6329,4.6181,4.6032,4.5894,4.5814

Intensity : 117.193,119.7097,127.8247,153.6036,187.8785,198.9399,206.6536,213.2433,215.2918,214.4386,214.177,214.0006,213.8332,213.6799,213.4746,213.2193,212.9152,212.5623,212.1599,211.7075,211.627,211.9156,214.1706,218.8603,223.5714,227.9736,231.5604,236.5222,241.2035,244.8421,245.398

Time pixel : 79.522,79.6025,79.818,80.1138,80.649,80.7405,80.8042,80.9012,81.0029,81.0953,81.1374,81.1348,81.1189,81.1023,81.0855,81.0687,81.0523,81.0363,81.0209,81.0062,80.9922,80.9788,80.9661,80.9539,80.9421,80.9432,80.9879,81.0813,81.1821,81.2759,81.3214

Position pixel : 53.8466,53.3287,52.2998,50.9577,47.1955,46.5301,46.1901,45.9842,45.7684,45.4912,45.2291,45.058,44.9508,44.861,44.7732,44.685,44.5943,44.4996,44.3999,44.2946,44.1836,44.0671,43.9456,43.8194,43.6894,43.556,43.4198,43.2815,43.1413,43.012,42.937

Brightness max : 188.29
Brightness min : 28.00
Feature direction : Ambiguous
Feature speed : Slow
Feature type : Curve
Start frame : 1
End frame : 251
Start time (s) : 0.000
End time (s) : 1748.330
Time step (s) : 6.993

Feature number : 4

Time (s) : 482.724,482.724,482.724,482.8108,483.2,483.9285,484.7069,485.4354,485.8246,485.9983,486.3875,487.0291,487.4183,487.592,487.9812,488.6229,489.0121,489.1857,489.5749,490.2166,490.6058,490.6926,490.7795,491.1687,491.8103

Position (um) : 6.0458,6.0169,5.973,5.9269,5.871,5.8054,5.7522,5.7179,5.6923,5.668,5.6437,5.6194,5.595,5.5694,5.5378,5.4964,5.4491,5.4005,5.3532,5.3118,5.2803,5.2546,5.2316,5.2146,5.2073

Intensity : 148.0344,153.9276,162.55,164.8754,165.4503,162.7959,158.7364,155.5294,154.8324,155.6826,156.5677,157.891,160.9801,165.4956,169.6511,170.1478,170.2711,170.6299,168.8683,177.3287,186.0056,191.8353,197.1543,204.5704,210.3448

Time pixel : 69.0264,69.0264,69.0264,69.0389,69.0945,69.1987,69.31,69.4142,69.4698,69.4946,69.5503,69.642,69.6977,69.7225,69.7782,69.8699,69.9256,69.9504,70.0061,70.0978,70.1535,70.1659,70.1783,70.234,70.3257

Position pixel : 56.6618,56.3906,55.9792,55.5471,55.0233,54.4088,53.9098,53.589,53.3487,53.1208,52.8929,52.665,52.4371,52.1968,51.9008,51.5131,51.0697,50.6139,50.1706,49.7829,49.4869,49.2466,49.0311,48.8713,48.8032

Brightness max : 188.29
Brightness min : 28.00
Feature direction : Ambiguous
Feature speed : Slow
Feature type : Curve
Start frame : 1
End frame : 251
Start time (s) : 0.000
End time (s) : 1748.330
Time step (s) : 6.993

Feature number : 5

Time (s) : 309.0066,309.0934,309.4826,310.2111,311.0763,312.194,313.3117,314.177,314.9055,315.3815,315.8576,316.4992,316.8884,316.9753,316.9753,316.9753,316.9753,316.9753,316.9753,316.9753,316.9753,316.9753,316.9753,316.9753,316.9753,316.9753,316.9753,316.9753

Position (um) : 6.3331,6.3502,6.3745,6.4047,6.4402,6.479,6.529,6.5907,6.6478,6.6866,6.7136,6.7379,6.7622,6.7865,6.8109,6.8352,6.8595,6.8838,6.9081,6.9338,6.964,6.9994,7.037,7.0797,7.1256,7.167,7.1973,7.2156

Intensity : 176.1607,178.1959,181.0045,184.2801,184.3422,185.2568,188.2525,193.1024,201.9517,209.1071,213.6129,214.8789,217.0957,221.1135,225.5594,229.5139,232.0841,234.6543,237.2245,239.9347,242.3371,245.0939,248.0129,247.4896,246.3472,246.0496,246.5177,246.802

Time pixel : 44.186,44.1984,44.254,44.3582,44.4819,44.6418,44.8016,44.9253,45.0295,45.0975,45.1656,45.2574,45.313,45.3254,45.3254,45.3254,45.3254,45.3254,45.3254,45.3254,45.3254,45.3254,45.3254,45.3254,45.3254,45.3254,45.3254,45.3254

Position pixel : 59.3544,59.5142,59.7421,60.0257,60.3577,60.7218,61.19,61.7683,62.3035,62.6675,62.9202,63.1481,63.376,63.6039,63.8318,64.0597,64.2876,64.5155,64.7434,64.9837,65.2672,65.5993,65.9509,66.3511,66.782,67.1697,67.4533,67.6255

Brightness max : 188.29
Brightness min : 28.00
Feature direction : Ambiguous
Feature speed : Slow
Feature type : Curve
Start frame : 1
End frame : 251
Start time (s) : 0.000
End time (s) : 1748.330
Time step (s) : 6.993

