KYMOANALYSIS DATA

General Information :

Tiff path : E:\Google Drive\microtubule dynamics and cut7\20-15 screens and tests\gtb1-K5A\19-08-01&02 (gtb1-K5A, cut7-3GFP and MTs)\
Spindle type : Bipolar
Start frame : 1
End frame : 242
Start time (s) : 0.000
End time (s) : 2006.010
Time step (s) : 8.324
Num poles : 2
Num tracks : 7
Num tracks poleward : 1
Num tracks antipoleward : 0
Num tracks ambiguous : 6
Comments : {

}
Poles Information :


Pole number : 1

Time (s) : 15.270101,16.305265,18.191123,21.244968,24.959459,29.452608,34.292672,38.942686,43.435835,47.639295,51.942394,56.882098,62.168716,67.208059,71.858073,76.351222,80.355402,83.765393,87.132969,91.079923,95.084103,98.841008,102.49827,106.15554,110.01208,114.6621,120.13877,124.97883,128.64532,132.40223,136.79574,141.34611,146.03854,150.93583,155.81831,160.07899,164.22523,168.22941,172.08595,176.18977,180.58328,184.58746,187.99745,191.46467,195.85818,200.79788,205.99409,211.5704,216.31082,219.53076,222.7507,227.69041,234.06018,240.28233,245.57817,250.61752,255.45758,259.66104,263.51759,267.72104,272.66075,278.14665,284.0791,290.40088,296.68025,302.45583,307.20549,311.60823,316.64757,322.7793,330.44075,339.32741,348.42816,357.21517,364.33043,369.379,373.6821,378.17525,382.72562,387.21877,391.22295,394.63294,398.10016,402.59331,407.78028,412.91927,418.21512,424.43726,431.00631,437.03841,442.72358,448.65604,454.77854,460.36408,465.56028,470.88932,475.98589,481.02523,486.06457,491.26078,496.93673,502.22335,506.62609,510.72991,514.57722,517.3986,519.52615,521.90098,525.11169,529.41479,535.34724,542.75218,550.31399,557.08233,562.56822,566.87132,570.72787,574.83169,579.32484,583.97485,589.11383,594.94665,601.06915,606.35577,610.11267,612.68678,615.16125,618.37196,622.2765,626.22345,629.49139,632.35518,635.2762,639.03311,643.87317,649.15979,654.0995,658.30295,662.1595,666.26332,670.65683,674.86029,679.16339,684.00345,689.04279,694.33864,700.46115,706.68329,712.42569,718.20128,723.38826,727.14516,729.61963,731.64754,733.92273,736.58724,739.40862,742.61934,746.2766,750.48006,755.5194,761.45186,768.22019,775.2358,781.45795,786.2076,790.06414,793.72141,797.47831,801.78141,807.16767,813.38981,819.66918,825.54441,830.64098,835.43305,840.52961,846.50448,853.2304,860.08915,865.57505,869.78774,874.28089,879.02131,883.32441,887.62751,892.66685,898.49966,904.82145,911.30009,917.96879,924.19093,929.38714,934.07957,938.5303,942.47726,945.29864,947.32655,949.15518,950.98382,952.81245,954.74072,957.11555,960.32626,964.2308,968.27739,972.19116,976.78395,981.87129,986.36444,989.83166,993.14201,996.89891,1001.5489,1007.2249,1013.0577,1018.5436,1023.3836,1027.1406,1030.1612,1033.2723,1036.3834,1039.3044,1042.5151,1046.0727,1049.73,1053.3872,1057.0445,1060.7018,1064.2594,1067.4701,1070.3911,1073.6018,1077.0598,1080.1709,1082.6454,1085.0202,1087.5851,1089.8603,1091.8882,1094.1634,1096.7282,1099.0034,1101.0313,1103.3065,1105.8714,1108.1466,1110.0749,1111.9035,1113.8318,1116.2066,1119.218,1122.5284,1126.4421,1131.6715,1137.4047,1142.8906,1147.8303,1151.9341,1155.2445,1158.1655,1161.3762,1164.9338,1168.5911,1172.2484,1175.806,1179.1163,1182.3843,1185.8847,1189.2523,1192.9095,1196.5576,1198.8327,1199.5782

Position (um) : 4.0707,4.065,4.0556,4.0498,4.0473,4.0416,4.0321,4.0264,4.0251,4.0239,4.0181,4.0074,3.996,3.9827,3.9655,3.9441,3.9269,3.9136,3.9009,3.8845,3.868,3.8553,3.8446,3.8389,3.8363,3.8306,3.8212,3.8154,3.8142,3.8142,3.8129,3.8072,3.7977,3.792,3.7894,3.7837,3.7743,3.7686,3.766,3.7603,3.7508,3.7438,3.7368,3.7261,3.7147,3.7027,3.69,3.6735,3.6571,3.6443,3.6324,3.6196,3.6032,3.5868,3.574,3.562,3.5493,3.5329,3.5164,3.5024,3.4847,3.4638,3.4461,3.4334,3.4214,3.4099,3.3992,3.3922,3.3852,3.3758,3.3701,3.3688,3.3688,3.3688,3.3688,3.3675,3.3618,3.3523,3.3453,3.3383,3.3289,3.3232,3.3219,3.3206,3.3149,3.3042,3.2927,3.282,3.2763,3.275,3.2737,3.268,3.2586,3.2516,3.2446,3.2339,3.2211,3.2034,3.1813,3.1578,3.1344,3.1122,3.0945,3.0805,3.0641,3.0476,3.0349,3.0229,3.0102,2.9912,2.9633,2.9304,2.9012,2.8765,2.8544,2.8366,2.8226,2.8062,2.7898,2.777,2.765,2.7536,2.7429,2.7359,2.7289,2.7194,2.7124,2.7042,2.689,2.6726,2.6598,2.6478,2.6351,2.6174,2.5952,2.5718,2.5496,2.5319,2.5179,2.5002,2.4793,2.4616,2.4476,2.4299,2.4077,2.383,2.3551,2.3279,2.3082,2.2892,2.2683,2.2506,2.2379,2.2259,2.2145,2.2025,2.1897,2.1733,2.1556,2.1359,2.1074,2.0738,2.0397,2.0105,1.987,1.9693,1.9566,1.9446,1.9319,1.9142,1.892,1.8686,1.8464,1.8287,1.816,1.804,1.7912,1.7735,1.7514,1.7292,1.7128,1.7045,1.6975,1.688,1.6823,1.681,1.681,1.681,1.681,1.6798,1.674,1.6646,1.6589,1.6576,1.6576,1.6576,1.6576,1.6576,1.6576,1.6576,1.6576,1.6576,1.6576,1.6576,1.6576,1.6576,1.6576,1.6576,1.6589,1.6659,1.681,1.6975,1.7115,1.7292,1.7526,1.7818,1.8134,1.8368,1.8521,1.8686,1.885,1.899,1.9167,1.9389,1.9623,1.9858,2.0105,2.0397,2.0738,2.1087,2.1429,2.172,2.198,2.2272,2.2601,2.2892,2.3139,2.3387,2.3678,2.4007,2.4299,2.4546,2.4767,2.4945,2.5085,2.5262,2.5471,2.5648,2.5788,2.5965,2.6187,2.6421,2.6668,2.696,2.7302,2.765,2.7979,2.8214,2.8354,2.8461,2.8518,2.8531,2.8531,2.8531,2.8531,2.8531,2.8531,2.8531,2.8518,2.8461,2.8366,2.8296,2.8226,2.8132

Intensity : 1016.8065,1026.7009,1047.9951,1063.7086,1078.197,1111.1601,1156.6143,1191.556,1204.1264,1199.1071,1193.1623,1178.2817,1151.9993,1127.2257,1121.1076,1119.0281,1100.1429,1082.3378,1056.1207,1025.5762,978.54759,930.50706,887.92638,843.98823,801.06594,755.83589,713.89449,682.47432,659.03281,634.69073,609.75128,587.06018,589.10842,594.58426,611.47002,641.12782,688.61615,725.17316,748.33725,770.64698,785.02411,783.19489,763.29949,740.7123,701.23955,656.58364,613.87366,581.85542,563.92189,553.20397,542.25362,515.85838,475.29681,433.52316,416.00295,406.4197,409.54582,416.65578,427.73554,435.14212,436.63644,437.35899,434.11385,420.50827,408.63312,397.92081,389.13159,382.2581,375.1265,373.85419,375.84263,387.70373,398.37794,405.07257,399.41747,392.70539,385.8641,377.22533,368.36826,359.8338,352.58455,346.24993,339.77305,332.24581,324.45324,320.42913,317.67067,316.43233,316.2539,316.18503,316.59833,317.8504,323.53754,329.56069,335.40054,338.86519,339.19258,333.55065,325.28042,316.35262,307.9037,304.11771,303.87013,305.1022,307.0799,309.30794,311.64846,314.54841,317.78303,318.14838,315.54781,309.60415,303.07975,302.82359,307.07663,311.87342,318.36805,325.88327,337.64294,348.48492,353.51532,353.61969,348.14454,336.71645,329.03727,323.81281,319.08189,312.61625,304.79869,299.77535,297.3654,295.36689,292.60462,289.39092,289.19973,292.4374,294.53014,297.38906,304.93222,313.12698,318.87651,324.46795,329.43818,334.29233,341.27808,360.348,394.14395,432.85373,464.72579,490.74489,508.16823,517.44163,522.65323,524.33121,528.29626,535.18331,544.36522,557.83926,576.22035,597.29617,604.39536,601.17799,587.34616,555.88061,535.69964,529.63403,528.01987,530.22032,534.32333,533.59939,525.1253,514.01128,506.36033,501.81096,498.31158,486.33299,470.46018,441.88827,415.36078,397.29659,388.93244,387.0672,384.0809,378.03809,372.75298,367.11926,361.24471,355.28164,349.88192,345.24327,339.97231,333.60231,328.81944,325.96701,324.86007,324.70136,325.22169,325.59569,325.91659,326.13628,326.35597,326.58763,326.87294,326.68667,326.43566,328.31812,331.1393,337.81016,347.50213,358.70623,369.17713,377.11654,384.36006,390.19209,397.57344,406.46309,417.09938,423.01042,425.08375,427.02601,428.17896,427.31077,426.63096,423.74747,420.52724,417.32912,413.51552,408.77823,413.72736,419.69263,429.27892,437.70958,447.11438,465.35423,477.38871,482.44395,487.27461,492.72561,492.7275,486.47824,482.89818,483.16557,483.25788,483.12374,486.30893,489.78939,488.66003,486.44032,485.78018,484.60258,483.29648,484.24872,489.30411,485.88454,484.50104,489.39761,490.79809,490.92996,497.25884,503.31888,507.68416,510.55465,513.93574,518.42018,523.02265,526.51587,529.17761,532.10143,538.22099,547.20956,548.61888,543.64635,540.95344,541.43219

Time pixel : 1.834534,1.958898,2.185463,2.552349,2.998604,3.538406,4.119887,4.678535,5.218337,5.723336,6.240306,6.833757,7.468886,8.074308,8.632956,9.172758,9.653816,10.06349,10.46807,10.94225,11.42331,11.87466,12.31404,12.75342,13.21674,13.77539,14.43335,15.01483,15.45532,15.90667,16.4345,16.98118,17.54492,18.13328,18.71985,19.23173,19.72985,20.21091,20.67423,21.16726,21.69509,22.17615,22.58582,23.00237,23.5302,24.12365,24.74792,25.41785,25.98736,26.3742,26.76104,27.35449,28.11975,28.86727,29.50351,30.10893,30.69041,31.19541,31.65873,32.16373,32.75718,33.41626,34.12897,34.88847,35.64286,36.33674,36.90735,37.4363,38.04172,38.77838,39.69882,40.76645,41.8598,42.91547,43.77029,44.37682,44.89379,45.43359,45.98027,46.52007,47.00113,47.4108,47.82735,48.36715,48.99031,49.6077,50.24394,50.99146,51.78066,52.50535,53.18836,53.90108,54.63663,55.30767,55.93194,56.57216,57.18446,57.78988,58.3953,59.01957,59.70147,60.3366,60.86554,61.35857,61.82078,62.15974,62.41534,62.70065,63.08638,63.60335,64.31607,65.2057,66.11416,66.9273,67.58637,68.10334,68.56667,69.05969,69.5995,70.15814,70.77554,71.47628,72.21184,72.84696,73.29832,73.60757,73.90485,74.29058,74.75967,75.23385,75.62645,75.97051,76.32144,76.77279,77.35427,77.9894,78.58285,79.08785,79.55117,80.0442,80.57203,81.07703,81.594,82.17548,82.7809,83.41714,84.15269,84.90021,85.5901,86.28397,86.90713,87.35848,87.65576,87.89939,88.17273,88.49284,88.8318,89.21753,89.65691,90.16191,90.76733,91.48005,92.29319,93.13604,93.88356,94.45418,94.9175,95.35688,95.80823,96.3252,96.9723,97.71982,98.47422,99.18007,99.79236,100.3681,100.9804,101.6982,102.5062,103.3302,103.9893,104.4954,105.0352,105.6047,106.1217,106.6387,107.2441,107.9448,108.7043,109.4827,110.2838,111.0314,111.6556,112.2194,112.7541,113.2283,113.5672,113.8108,114.0305,114.2502,114.4699,114.7016,114.9869,115.3726,115.8417,116.3279,116.7981,117.3498,117.961,118.5008,118.9174,119.3151,119.7664,120.3251,121.007,121.7077,122.3668,122.9483,123.3996,123.7625,124.1363,124.51,124.861,125.2467,125.6741,126.1135,126.5529,126.9923,127.4316,127.859,128.2448,128.5957,128.9814,129.3969,129.7706,130.0679,130.3532,130.6614,130.9347,131.1783,131.4517,131.7598,132.0332,132.2768,132.5501,132.8583,133.1316,133.3633,133.583,133.8146,134.0999,134.4617,134.8594,135.3296,135.9579,136.6466,137.3057,137.8992,138.3922,138.7899,139.1408,139.5266,139.954,140.3933,140.8327,141.2601,141.6578,142.0504,142.471,142.8756,143.3149,143.7532,144.0265,144.1161

Position pixel : 38.1512,38.0976,38.0091,37.9555,37.9315,37.8779,37.7894,37.7358,37.7238,37.7118,37.6582,37.5578,37.4505,37.3261,37.1651,36.9643,36.8034,36.679,36.5597,36.4057,36.2516,36.1323,36.0319,35.9782,35.9543,35.9007,35.8122,35.7586,35.7466,35.7466,35.7346,35.681,35.5925,35.5389,35.5149,35.4613,35.3728,35.3192,35.2952,35.2416,35.1531,35.0875,35.0219,34.9215,34.8142,34.7018,34.5825,34.4284,34.2744,34.1551,34.0427,33.9234,33.7694,33.6153,33.496,33.3836,33.2644,33.1103,32.9562,32.825,32.659,32.4632,32.2972,32.1779,32.0655,31.9582,31.8578,31.7922,31.7265,31.6381,31.5844,31.5725,31.5725,31.5725,31.5725,31.5605,31.5069,31.4184,31.3528,31.2872,31.1987,31.1451,31.1331,31.1211,31.0675,30.967,30.8598,30.7593,30.7057,30.6937,30.6817,30.6281,30.5396,30.474,30.4084,30.308,30.1887,30.0227,29.8149,29.5953,29.3756,29.1679,29.0018,28.8706,28.7165,28.5624,28.4432,28.3308,28.2115,28.0335,27.7721,27.464,27.1906,26.959,26.7513,26.5852,26.454,26.2999,26.1458,26.0266,25.9142,25.8069,25.7065,25.6408,25.5752,25.4868,25.4211,25.3436,25.2015,25.0474,24.9281,24.8157,24.6965,24.5304,24.3227,24.103,23.8953,23.7292,23.598,23.432,23.2362,23.0702,22.9389,22.7729,22.5652,22.3335,22.0721,21.8177,21.6328,21.4548,21.259,21.093,20.9737,20.8613,20.754,20.6416,20.5223,20.3683,20.2022,20.0173,19.7509,19.4359,19.1158,18.8424,18.6227,18.4567,18.3374,18.225,18.1058,17.9397,17.732,17.5123,17.3046,17.1385,17.0193,16.9069,16.7876,16.6216,16.4139,16.2061,16.0521,15.9745,15.9089,15.8204,15.7668,15.7548,15.7548,15.7548,15.7548,15.7428,15.6892,15.6007,15.5471,15.5351,15.5351,15.5351,15.5351,15.5351,15.5351,15.5351,15.5351,15.5351,15.5351,15.5351,15.5351,15.5351,15.5351,15.5351,15.5471,15.6127,15.7548,15.9089,16.0401,16.2061,16.4258,16.6992,16.9953,17.215,17.3582,17.5123,17.6664,17.7976,17.9637,18.1714,18.3911,18.6108,18.8424,19.1158,19.4359,19.7629,20.083,20.3563,20.5999,20.8733,21.1814,21.4548,21.6864,21.9181,22.1914,22.4996,22.7729,23.0046,23.2123,23.3783,23.5096,23.6756,23.8713,24.0374,24.1686,24.3347,24.5424,24.7621,24.9937,25.2671,25.5872,25.9142,26.2223,26.442,26.5732,26.6737,26.7273,26.7393,26.7393,26.7393,26.7393,26.7393,26.7393,26.7393,26.7273,26.6737,26.5852,26.5196,26.454,26.3655

Pole type : Curve
Start frame : 1
End frame : 242
Start time (s) : 0.000
End time (s) : 2006.010
Time step (s) : 8.324

Pole number : 2

Time (s) : 15.46938,17.39765,21.05492,26.54082,33.65607,41.40792,48.17626,53.47211,58.0649,62.16872,65.92562,69.58289,73.14051,76.25158,78.72605,81.20052,84.21195,87.32302,90.24404,93.45475,96.91274,100.0238,102.4983,104.9727,108.0838,111.6414,115.1991,118.5094,121.9766,126.2705,130.9629,136.316,143.0179,149.098,153.6003,157.3573,161.0145,164.7714,168.8752,173.3684,178.0184,183.0577,188.444,193.9299,199.4158,204.8021,209.7418,214.0449,218.2483,222.7415,227.3915,232.4308,237.7174,242.7568,247.5064,252.5458,257.7328,262.1263,265.1469,267.721,270.8321,274.4894,278.7925,284.2784,290.8474,297.4165,302.8027,306.5597,309.1338,311.6082,314.6197,317.7307,320.6518,323.8625,327.4201,330.9777,334.2881,337.6556,341.6026,345.6068,349.4633,353.5671,358.0603,362.6107,367.1038,371.3073,375.4111,379.358,382.626,385.3901,387.8646,390.686,394.0867,397.3547,400.5654,403.6765,406.3982,408.7158,410.8009,413.4655,416.4769,419.2983,421.9628,424.3376,426.7124,429.377,432.0987,434.8629,437.5846,440.2491,442.5243,444.5522,446.927,449.9385,453.0495,455.9706,459.1813,462.7389,466.3962,470.0534,473.8103,478.0138,482.9535,488.3398,493.726,498.9646,504.6074,511.0196,516.8524,521.7017,526.2945,530.7452,534.8915,538.9049,543.7449,548.8747,553.235,557.3812,561.2858,564.4965,566.8713,568.7996,570.6282,572.5565,574.9313,578.142,582.1462,586.5397,590.7432,594.9466,599.2405,602.8978,605.9184,609.1292,612.6868,616.4437,620.5475,625.1403,630.5358,637.651,645.7922,653.164,659.4858,664.4255,667.8927,670.7565,673.6775,677.534,683.1196,690.8807,700.5608,710.7871,720.3768,728.8742,735.5428,739.8459,742.4201,744.448,746.7232,749.288,751.5632,753.3919,754.7739,755.8663,757.2484,758.9774,760.806,762.6347,764.4633,766.1923,767.5744,768.6667,769.9492,771.2316,772.324,773.6065,774.8889,775.8816,776.8172,777.8099,779.0923,780.2751,780.8213

Position (um) : 6.463,6.4643,6.47,6.4807,6.4934,6.5111,6.532,6.5485,6.5555,6.558,6.5638,6.5732,6.5789,6.5802,6.5802,6.5802,6.5802,6.5802,6.5802,6.5802,6.5815,6.5872,6.5966,6.6024,6.6036,6.6036,6.6036,6.6036,6.6036,6.6049,6.6106,6.6201,6.6258,6.6283,6.6341,6.6435,6.6492,6.6505,6.6505,6.6518,6.6575,6.667,6.6727,6.674,6.674,6.674,6.674,6.674,6.6752,6.681,6.6904,6.6961,6.6974,6.6974,6.6974,6.6974,6.6974,6.6974,6.6974,6.6987,6.7044,6.7138,6.7196,6.7208,6.7221,6.7278,6.7373,6.743,6.7443,6.7456,6.7513,6.7607,6.7664,6.7677,6.7677,6.7677,6.7677,6.769,6.7747,6.7842,6.7912,6.7994,6.8159,6.8368,6.8545,6.8672,6.8792,6.8919,6.9096,6.9318,6.9552,6.9787,7.0008,7.0186,7.0326,7.0503,7.0724,7.0959,7.1193,7.1428,7.1675,7.1967,7.2295,7.2587,7.2834,7.3069,7.3303,7.3537,7.3759,7.3936,7.4076,7.4253,7.4488,7.4779,7.5108,7.5413,7.573,7.6116,7.6515,7.6876,7.7243,7.765,7.8111,7.8587,7.9093,7.9549,7.9936,8.0335,8.0734,8.1096,8.145,8.1799,8.2141,8.2458,8.2819,8.3268,8.3731,8.4193,8.4586,8.4883,8.5081,8.5258,8.5422,8.5562,8.5739,8.5961,8.6196,8.643,8.6664,8.6899,8.7133,8.7355,8.7532,8.7672,8.7849,8.8071,8.8305,8.8552,8.8857,8.9243,8.9642,9.0016,9.0402,9.0731,9.0928,9.1061,9.1201,9.1448,9.186,9.2443,9.3171,9.3918,9.4621,9.5242,9.5711,9.6015,9.6205,9.6358,9.658,9.6838,9.7023,9.7156,9.727,9.7377,9.7447,9.7517,9.7624,9.7739,9.7846,9.7916,9.7986,9.808,9.815,9.822,9.8315,9.8385,9.8455,9.8562,9.8676,9.8784,9.8854,9.8924,9.9018

Intensity : 609.77246,599.44601,572.93896,535.96515,497.39454,508.01388,539.52143,557.6319,572.7755,571.98807,569.63768,587.07405,609.35271,636.5906,665.61997,694.64934,734.89792,787.09361,836.10077,868.35237,886.37573,899.74243,892.94176,887.61327,883.43871,864.54444,845.11621,839.65736,842.84583,853.98596,880.52212,901.18358,928.45505,955.1756,960.97403,958.8782,966.99751,983.33512,998.07627,1009.4014,1026.2085,1047.2164,1113.6017,1190.6783,1276.4139,1344.2281,1385.7259,1387.7434,1378.7287,1351.4067,1310.8258,1264.9349,1225.7704,1191.6016,1163.3292,1138.6242,1117.4306,1107.2668,1100.6738,1093.6414,1083.1158,1071.1216,1064.4206,1055.424,1036.377,1023.538,1001.6235,983.03989,972.54227,962.56467,947.65918,923.63026,896.37414,869.7622,840.63755,811.38162,783.3085,753.15041,719.00279,703.56638,689.15172,683.93633,676.82387,671.35788,660.71954,643.71197,627.2051,607.93761,590.09543,574.00317,554.80835,535.0296,518.06028,504.82405,493.07679,477.87895,461.48997,446.40593,432.6983,419.42491,405.8162,390.91655,376.02919,364.06349,353.76807,344.04573,334.84337,323.8949,315.09352,308.77856,303.26756,297.84477,292.03385,287.08052,287.76681,289.43586,293.13402,300.70595,309.35695,314.85981,318.9749,317.34367,311.60335,299.09182,288.51802,281.7404,282.11796,284.32327,287.17877,285.64668,285.56718,287.93345,290.8472,294.62507,301.1658,311.31915,315.96098,322.15898,325.34127,328.82402,330.40335,330.10298,329.43868,327.76111,326.47459,325.50987,324.161,324.29414,322.44119,320.66601,318.35981,314.83419,311.27445,305.07341,297.41071,290.45224,286.47475,283.54219,281.41134,282.25443,286.20917,288.15594,290.62426,293.34872,292.06899,289.81807,287.8253,287.52474,288.36713,292.21655,307.5618,314.86573,306.57911,298.78343,297.65526,299.16023,299.5967,300.34279,302.32465,305.4283,305.35754,304.75532,304.15562,303.99338,303.4489,303.01834,303.11936,303.53114,304.08096,304.19281,304.13195,304.68886,304.79031,304.70069,305.07974,305.18111,305.89282,307.4606,309.19347,310.90537,312.21043,313.55058,315.14322

Time pixel : 1.85848,2.09014,2.52952,3.18859,4.04341,4.97471,5.78785,6.42408,6.97586,7.46889,7.92024,8.35962,8.78703,9.16079,9.45807,9.75535,10.1171,10.4909,10.8418,11.2276,11.643,12.0168,12.314,12.6113,12.9851,13.4125,13.8399,14.2376,14.6541,15.17,15.7338,16.3769,17.182,17.9125,18.4534,18.9047,19.3441,19.7955,20.2885,20.8283,21.387,21.9924,22.6395,23.2985,23.9576,24.6047,25.1982,25.7151,26.2201,26.7599,27.3186,27.924,28.5591,29.1646,29.7352,30.3406,30.9638,31.4916,31.8545,32.1637,32.5375,32.9769,33.4938,34.1529,34.9421,35.7313,36.3784,36.8298,37.139,37.4363,37.7981,38.1718,38.5228,38.9085,39.3359,39.7633,40.161,40.5656,41.0398,41.5208,41.9842,42.4772,43.017,43.5637,44.1035,44.6085,45.1015,45.5757,45.9683,46.3004,46.5977,46.9366,47.3452,47.7378,48.1235,48.4973,48.8243,49.1027,49.3532,49.6733,50.0351,50.3741,50.6942,50.9795,51.2648,51.5849,51.9119,52.244,52.571,52.8911,53.1644,53.4081,53.6934,54.0552,54.4289,54.7798,55.1656,55.593,56.0324,56.4717,56.9231,57.4281,58.0215,58.6686,59.3157,59.9451,60.623,61.3934,62.0941,62.6767,63.2285,63.7632,64.2613,64.7435,65.325,65.9412,66.4651,66.9632,67.4323,67.818,68.1033,68.335,68.5547,68.7864,69.0717,69.4574,69.9385,70.4663,70.9713,71.4763,71.9921,72.4315,72.7944,73.1802,73.6076,74.0589,74.5519,75.1037,75.7519,76.6067,77.5848,78.4705,79.2299,79.8234,80.2399,80.584,80.9349,81.3982,82.0693,83.0017,84.1647,85.3932,86.5453,87.5662,88.3674,88.8843,89.1936,89.4372,89.7106,90.0187,90.292,90.5117,90.6778,90.809,90.9751,91.1828,91.4025,91.6222,91.8418,92.0496,92.2156,92.3468,92.5009,92.655,92.7862,92.9403,93.0944,93.2136,93.326,93.4453,93.5994,93.7415,93.8071

Position pixel : 60.5716,60.5835,60.6372,60.7376,60.8569,61.0229,61.2187,61.3727,61.4383,61.4623,61.5159,61.6044,61.658,61.67,61.67,61.67,61.67,61.67,61.67,61.67,61.682,61.7356,61.8241,61.8777,61.8897,61.8897,61.8897,61.8897,61.8897,61.9017,61.9553,62.0438,62.0974,62.1214,62.175,62.2635,62.3171,62.3291,62.3291,62.341,62.3947,62.4832,62.5368,62.5488,62.5488,62.5488,62.5488,62.5488,62.5607,62.6144,62.7028,62.7565,62.7685,62.7685,62.7685,62.7685,62.7685,62.7685,62.7685,62.7804,62.8341,62.9225,62.9762,62.9881,63.0001,63.0538,63.1422,63.1959,63.2078,63.2198,63.2735,63.3619,63.4156,63.4275,63.4275,63.4275,63.4275,63.4395,63.4931,63.5816,63.6472,63.7248,63.8789,64.0746,64.2407,64.3599,64.4723,64.5916,64.7576,64.9654,65.1851,65.4047,65.6125,65.7785,65.9097,66.0758,66.2835,66.5032,66.7229,66.9426,67.1742,67.4476,67.7557,68.0291,68.2607,68.4804,68.7001,68.9198,69.1275,69.2935,69.4248,69.5908,69.8105,70.0839,70.392,70.6773,70.9746,71.3364,71.7101,72.0491,72.3931,72.7738,73.2063,73.6525,74.1267,74.5541,74.917,75.2908,75.6646,76.0035,76.3356,76.6626,76.9827,77.28,77.6189,78.0395,78.4738,78.9063,79.2749,79.5534,79.7382,79.9043,80.0584,80.1896,80.3556,80.5634,80.783,81.0027,81.2224,81.4421,81.6618,81.8695,82.0356,82.1668,82.3328,82.5406,82.7603,82.9919,83.2772,83.639,84.0128,84.3637,84.7255,85.0336,85.2185,85.3429,85.4741,85.7058,86.0915,86.6382,87.3201,88.0208,88.6799,89.2614,89.7008,89.9861,90.1641,90.3073,90.515,90.7575,90.9305,91.0548,91.1621,91.2625,91.3282,91.3938,91.4942,91.6015,91.7019,91.7675,91.8332,91.9216,91.9872,92.0529,92.1413,92.2069,92.2725,92.373,92.4803,92.5807,92.6463,92.7119,92.8004

Pole type : Curve
Start frame : 1
End frame : 242
Start time (s) : 0.000
End time (s) : 2006.010
Time step (s) : 8.324

Feature Information :


Feature number : 1

Time (s) : 512.8575,514.5865,517.4502,521.7109,527.5769,533.4097,538.8052,544.5808,550.4136,555.8995,560.9389,565.4892,569.5358,572.9034,576.2138,579.7714,583.4287,586.9863,590.197,593.0184,595.6829,598.0577,600.5322,603.6433,607.1012,610.312,613.233,616.4437,620.1009,624.1051,628.1517,632.0655,636.459,640.8525,644.9656,649.9053,655.3819,659.9323,663.3423,666.4626,670.7657,676.6889,682.6121,686.9152,690.1352,693.7924,698.0863,702.1901,705.8474,709.0581,711.9791,715.1898,718.7475,722.4047,726.1616,730.3651,735.2052,739.9456,743.8021,747.369,751.6629,756.0564,760.1694,765.1091,770.6854,775.8816,780.7217,784.8679,788.5917,793.3745,798.6611,803.8573,809.0867,813.7367,818.1395,823.2785,829.5578,836.4166,842.349,847.298,852.3373,857.5243,861.7185,863.5471,863.1098,862.0267

Position (um) : 5.3378,5.3378,5.3404,5.3531,5.379,5.4081,5.4399,5.4785,5.5171,5.5475,5.571,5.5874,5.5957,5.6027,5.6121,5.6178,5.6191,5.6204,5.6261,5.6356,5.6413,5.6438,5.6496,5.659,5.6647,5.6673,5.673,5.6824,5.6882,5.6907,5.6964,5.7059,5.7116,5.7129,5.7129,5.7129,5.7129,5.7142,5.7199,5.7293,5.735,5.7363,5.7376,5.7433,5.7528,5.7585,5.7598,5.7598,5.7598,5.7598,5.7598,5.7598,5.7598,5.7598,5.7598,5.761,5.7668,5.7762,5.7819,5.7845,5.7902,5.7996,5.8079,5.8219,5.8478,5.8757,5.9004,5.9238,5.9486,5.9777,6.0119,6.0468,6.0809,6.1101,6.1348,6.1608,6.1957,6.238,6.2729,6.2989,6.3236,6.3528,6.3844,6.4053,6.4078,6.3997

Intensity : 475.6123,479.5754,484.1363,487.9201,496.7875,508.975,528.8274,549.2571,571.3376,589.1872,596.203,600.7417,599.4988,597.7866,594.8544,592.1634,590.5294,589.2972,587.3759,589.0402,592.5875,596.1768,599.9732,604.4369,609.9529,614.5332,616.987,617.5767,616.0197,615.9409,618.1744,619.2807,623.2231,628.8657,638.19,648.2581,650.6974,652.9556,653.9056,653.4868,651.3896,651.8797,654.8707,654.7429,653.585,653.38,654.2006,657.3756,660.9075,662.7024,663.0533,663.439,664.5322,665.8083,665.2011,662.4098,662.4358,664.7245,663.0258,661.0264,657.6742,653.8001,650.3708,647.2041,655.0054,664.7971,673.2534,676.2349,677.1626,673.4274,672.9043,674.4254,677.64,685.0824,692.5937,701.4485,707.2213,706.2167,697.5567,676.4551,642.8976,610.2006,580.5164,567.7538,569.8216,579.5815

Time pixel : 61.61417,61.82189,62.16595,62.67782,63.38256,64.0833,64.73151,65.42539,66.12613,66.7852,67.39063,67.9373,68.42346,68.82803,69.22574,69.65314,70.09253,70.51993,70.90567,71.24462,71.56474,71.85005,72.14733,72.52109,72.93653,73.32226,73.67319,74.05892,74.4983,74.97936,75.46551,75.93571,76.46354,76.99137,77.48551,78.07896,78.73692,79.2836,79.69327,80.06814,80.58511,81.29672,82.00833,82.5253,82.91214,83.35152,83.86738,84.36041,84.79979,85.18552,85.53645,85.92218,86.34959,86.78897,87.24032,87.74532,88.3268,88.89631,89.35963,89.78815,90.30401,90.83184,91.32598,91.91943,92.58936,93.21363,93.79511,94.29324,94.7406,95.3152,95.95033,96.5746,97.20285,97.7615,98.29044,98.90784,99.66223,100.4862,101.199,101.7935,102.3989,103.0221,103.526,103.7457,103.6931,103.563

Position pixel : 50.0264,50.0264,50.0504,50.1696,50.4122,50.6855,50.9828,51.3446,51.7064,51.9917,52.2114,52.3654,52.443,52.5086,52.5971,52.6507,52.6627,52.6747,52.7283,52.8168,52.8704,52.8944,52.948,53.0365,53.0901,53.1141,53.1677,53.2562,53.3098,53.3338,53.3874,53.4759,53.5295,53.5415,53.5415,53.5415,53.5415,53.5534,53.6071,53.6955,53.7492,53.7612,53.7731,53.8268,53.9152,53.9689,53.9809,53.9809,53.9809,53.9809,53.9809,53.9809,53.9809,53.9809,53.9809,53.9928,54.0465,54.1349,54.1886,54.2125,54.2662,54.3546,54.4322,54.5634,54.806,55.0673,55.299,55.5187,55.7503,56.0237,56.3438,56.6708,56.9909,57.2642,57.4959,57.7395,58.0665,58.4631,58.7901,59.0337,59.2654,59.5387,59.8349,60.0306,60.0546,59.9781

Brightness max : 486.39
Brightness min : 213.00
Feature direction : Ambiguous
Feature speed : Slow
Feature type : Curve
Start frame : 1
End frame : 242
Start time (s) : 0.000
End time (s) : 2006.010
Time step (s) : 8.324

Feature number : 2

Time (s) : 548.048,550.1664,552.9877,556.7446,561.3854,565.7789,569.3458,573.0031,576.7507,579.6718,582.1462,584.7111,587.0859,589.5604,592.5718,595.5833,597.9581,600.0856,602.8074,606.3078,610.0223,614.0689,618.073,621.9296,626.0334,630.5266,635.0769,639.6697,644.1204,648.167,651.5346,654.7453,657.8564,660.6778,663.6412,667.555,673.1313,679.0545,683.9038,688.3066,693.1466,697.887,701.6439,704.565,707.3291,710.1505,713.2616,716.3726,719.194,721.8585,724.333,727.254,731.1013,735.0059,738.4159,741.7835,745.83,750.3804,755.5194,761.3522,767.5744,773.6065,779.9375,787.4993,795.4412,801.3736,805.2394,809.0959,813.8364,818.7761,823.5257,828.3658,832.8589,836.5734,839.6273,841.7124,843.7403,846.2056,848.7797,852.0476,855.9853,858.4082,857.862,854.2563,849.682

Position (um) : 6.2755,6.2755,6.2755,6.2755,6.2767,6.2825,6.2932,6.3046,6.3153,6.3211,6.3223,6.3223,6.3223,6.3223,6.3223,6.3223,6.3223,6.3223,6.3223,6.3211,6.3153,6.3059,6.3002,6.2989,6.2989,6.2989,6.2976,6.2919,6.2825,6.2767,6.2755,6.2742,6.2685,6.259,6.2533,6.252,6.252,6.252,6.252,6.252,6.252,6.252,6.252,6.252,6.252,6.252,6.252,6.252,6.252,6.252,6.252,6.252,6.252,6.252,6.252,6.252,6.252,6.252,6.252,6.252,6.252,6.252,6.2533,6.259,6.2685,6.2742,6.2767,6.2837,6.2989,6.3153,6.3281,6.3401,6.3528,6.3705,6.3914,6.4078,6.4148,6.4161,6.4174,6.4231,6.4313,6.4262,6.39,6.3236,6.2617

Intensity : 522.9067,526.4066,533.3986,542.7091,554.8035,566.4844,572.5728,576.8378,577.1587,576.3293,576.3632,573.5281,570.1767,566.6847,563.2014,560.4037,558.1975,556.969,557.0519,557.3399,560.8241,566.5491,573.4116,580.9672,588.6256,596.7226,605.1078,613.6434,616.9757,618.694,621.8116,625.534,629.3911,633.5917,637.8828,644.4553,655.9705,659.5048,660.0143,658.657,656.8393,654.7009,655.1253,656.3304,657.4707,659.9525,662.791,666.2947,672.3768,678.1207,683.5001,690.5651,699.8704,709.257,717.4273,723.3217,723.9914,724.2054,722.8367,723.3454,729.7247,747.254,765.7352,786.0421,796.3731,797.7989,797.4042,797.3556,795.8681,787.0745,779.8516,765.6011,751.2792,735.1543,721.7638,706.2233,688.2007,671.3618,653.8753,631.7694,605.3557,593.5314,608.8876,630.5844,643.8845

Time pixel : 65.84193,66.09643,66.43538,66.88673,67.44427,67.97211,68.40062,68.84,69.29025,69.64117,69.93845,70.2466,70.53191,70.82919,71.19098,71.55277,71.83807,72.09368,72.42066,72.8412,73.28745,73.77361,74.25467,74.71799,75.21102,75.75082,76.2975,76.84927,77.38398,77.87013,78.27471,78.66044,79.0342,79.37316,79.72918,80.19938,80.86931,81.58092,82.16351,82.69245,83.27393,83.84344,84.29479,84.64572,84.9778,85.31676,85.69052,86.06428,86.40324,86.72335,87.02063,87.37156,87.83377,88.30286,88.71253,89.11711,89.60326,90.14994,90.76733,91.46808,92.2156,92.94029,93.70089,94.60936,95.56349,96.27621,96.74064,97.20396,97.77347,98.36692,98.93754,99.51902,100.0588,100.5051,100.872,101.1225,101.3661,101.6623,101.9715,102.3641,102.8372,103.1283,103.0627,102.6295,102.0799

Position pixel : 58.814,58.814,58.814,58.814,58.826,58.8797,58.9801,59.0874,59.1878,59.2414,59.2534,59.2534,59.2534,59.2534,59.2534,59.2534,59.2534,59.2534,59.2534,59.2414,59.1878,59.0993,59.0457,59.0337,59.0337,59.0337,59.0218,58.9681,58.8797,58.826,58.814,58.8021,58.7484,58.66,58.6063,58.5943,58.5943,58.5943,58.5943,58.5943,58.5943,58.5943,58.5943,58.5943,58.5943,58.5943,58.5943,58.5943,58.5943,58.5943,58.5943,58.5943,58.5943,58.5943,58.5943,58.5943,58.5943,58.5943,58.5943,58.5943,58.5943,58.5943,58.6063,58.66,58.7484,58.8021,58.826,58.8916,59.0337,59.1878,59.3071,59.4195,59.5387,59.7048,59.9005,60.0546,60.1202,60.1322,60.1441,60.1978,60.2743,60.2264,59.8874,59.2654,58.685

Brightness max : 486.39
Brightness min : 213.00
Feature direction : Ambiguous
Feature speed : Slow
Feature type : Curve
Start frame : 1
End frame : 242
Start time (s) : 0.000
End time (s) : 2006.010
Time step (s) : 8.324

Feature number : 3

Time (s) : 494.7704,497.7911,503.515,509.7279,514.0883,517.0517,519.4265,521.8013,524.3662,526.6414,528.5697,530.3983,532.2269,534.0556,535.8842,537.8125,540.0877,542.8518,546.0201,549.5205,552.6888,555.453,557.7282,559.6564,561.4851,563.4133,565.6885,568.2534,570.5286,572.3572,573.7393,574.8317,576.2138,577.9428,579.7714,581.6,583.4287,585.2573,587.0859,588.9146,590.7432,592.5718,594.4005,596.2291,598.257,600.9787,604.2799,607.0016,609.1292,611.4043,614.0689,616.7906,619.4551,621.7303,623.6586,625.4872,627.3158,629.2441,631.6189,634.73,638.188,641.2991,643.6739,645.6022,647.6301,650.4515,654.2988,658.4026,662.6061,666.9996,671.1034,674.7606,677.9714,680.8924,684.0035,687.1145,690.0355,693.2463,696.7042,699.915,702.9356,706.5929,710.9864,715.5368,720.0299,724.1337,727.791,731.0017,733.8231,736.5872,739.2093,741.5269,743.6121,746.3762,749.9339,754.0377,758.5308,763.0812,767.4747,771.0323,773.5068,775.4351,777.2637,779.192,781.5668,784.6779,788.2355,791.8928,795.3508,798.0153,799.6539,800.9363,801.6725,801.4825

Position (um) : 4.2291,4.2171,4.1999,4.1798,4.1671,4.1588,4.1493,4.1436,4.1423,4.1423,4.1411,4.1353,4.1259,4.1202,4.1189,4.1189,4.1189,4.1202,4.1272,4.1436,4.1658,4.1879,4.2044,4.2127,4.2209,4.2374,4.2595,4.283,4.3051,4.3229,4.3369,4.3533,4.3685,4.3767,4.385,4.4015,4.4223,4.4401,4.4528,4.4635,4.4692,4.4705,4.4705,4.4705,4.4705,4.4705,4.4705,4.4705,4.4705,4.4705,4.4705,4.4705,4.4705,4.4705,4.4705,4.4705,4.4705,4.4705,4.4705,4.4705,4.4705,4.4705,4.4705,4.4705,4.4705,4.4705,4.4705,4.4705,4.4705,4.4705,4.4705,4.4705,4.4705,4.4705,4.4705,4.4705,4.4705,4.4718,4.4775,4.4869,4.4927,4.4939,4.4952,4.5022,4.5174,4.5326,4.5408,4.5478,4.5585,4.57,4.582,4.5947,4.6124,4.6346,4.658,4.6815,4.7062,4.7341,4.7612,4.781,4.7987,4.8151,4.8291,4.8468,4.869,4.8924,4.9159,4.9393,4.9628,4.9849,5.0014,5.0071,5.0026,4.9932

Intensity : 428.5079,433.1174,439.8436,445.1661,446.2871,446.0077,443.3914,441.0187,438.7779,438.5156,438.1959,437.4184,436.1156,437.1306,439.3487,441.8554,444.813,452.8022,465.8158,482.7442,495.8164,505.5713,514.1109,518.1192,522.436,529.198,539.083,545.5869,551.8253,558.3837,564.4018,571.6596,581.1436,590.1907,598.1089,606.58,615.3687,623.7486,631.9907,640.2151,648.2031,654.0987,659.6358,665.1729,671.3135,674.067,673.2334,672.546,667.468,660.0041,651.2631,640.1109,624.2947,610.7894,599.3435,587.5157,575.1906,562.194,546.1875,529.3379,512.7204,498.5803,492.3035,487.2069,481.847,477.311,476.481,477.0521,483.514,490.1895,496.2065,501.1652,503.4796,505.5851,504.7408,500.4083,496.3404,487.5339,476.7465,465.7056,454.8904,442.7266,424.4246,404.672,390.5973,379.3549,368.2093,358.5512,352.6663,349.1481,346.0337,342.8213,339.5256,335.4795,331.3515,330.0833,328.4319,326.9238,326.6374,327.0582,327.8471,326.7304,325.2627,323.7632,322.1207,320.2845,318.5817,317.1649,316.7484,316.4703,316.3232,316.37,316.5418,316.6959

Time pixel : 59.4412,59.8041,60.4918,61.2382,61.762,62.1181,62.4034,62.6887,62.9968,63.2702,63.5018,63.7215,63.9412,64.1609,64.3806,64.6122,64.8856,65.2177,65.5983,66.0188,66.3995,66.7316,67.0049,67.2366,67.4562,67.6879,67.9612,68.2694,68.5427,68.7624,68.9285,69.0597,69.2257,69.4335,69.6531,69.8728,70.0925,70.3122,70.5319,70.7516,70.9713,71.191,71.4107,71.6304,71.874,72.201,72.5976,72.9246,73.1802,73.4535,73.7736,74.1006,74.4207,74.694,74.9257,75.1454,75.3651,75.5967,75.8821,76.2558,76.6713,77.045,77.3303,77.562,77.8056,78.1446,78.6068,79.0998,79.6048,80.1326,80.6257,81.0651,81.4508,81.8017,82.1755,82.5492,82.9002,83.2859,83.7013,84.0871,84.45,84.8893,85.4172,85.9639,86.5037,86.9967,87.4361,87.8218,88.1608,88.4928,88.8079,89.0863,89.3368,89.6689,90.0963,90.5893,91.1291,91.6758,92.2036,92.631,92.9283,93.16,93.3797,93.6113,93.8966,94.2704,94.6978,95.1372,95.5526,95.8727,96.0696,96.2237,96.3121,96.2893

Position pixel : 39.6354,39.523,39.362,39.1732,39.0539,38.9763,38.8879,38.8342,38.8222,38.8222,38.8103,38.7566,38.6682,38.6145,38.6026,38.6026,38.6026,38.6145,38.6801,38.8342,39.0419,39.2497,39.4037,39.4813,39.5589,39.713,39.9207,40.1404,40.3481,40.5141,40.6454,40.7995,40.9416,41.0191,41.0967,41.2508,41.4466,41.6126,41.7319,41.8323,41.8859,41.8979,41.8979,41.8979,41.8979,41.8979,41.8979,41.8979,41.8979,41.8979,41.8979,41.8979,41.8979,41.8979,41.8979,41.8979,41.8979,41.8979,41.8979,41.8979,41.8979,41.8979,41.8979,41.8979,41.8979,41.8979,41.8979,41.8979,41.8979,41.8979,41.8979,41.8979,41.8979,41.8979,41.8979,41.8979,41.8979,41.9099,41.9635,42.052,42.1056,42.1176,42.1296,42.1952,42.3373,42.4794,42.557,42.6226,42.723,42.8303,42.9427,43.062,43.228,43.4357,43.6554,43.8751,44.1068,44.3681,44.6226,44.8075,44.9736,45.1276,45.2589,45.4249,45.6326,45.8523,46.072,46.2917,46.5114,46.7191,46.8732,46.9268,46.8852,46.7967

Brightness max : 486.39
Brightness min : 213.00
Feature direction : Ambiguous
Feature speed : Slow
Feature type : Curve
Start frame : 1
End frame : 242
Start time (s) : 0.000
End time (s) : 2006.010
Time step (s) : 8.324

Feature number : 4

Time (s) : 848.68003,849.32586,851.1545,854.16593,857.62391,860.73498,863.20945,865.58428,868.14915,870.42434,872.35261,874.18125,876.00988,877.93815,880.31298,883.32441,886.33584,888.71067,890.63894,892.46757,894.2962,896.12484,898.05311,900.42794,903.63865,907.54319,911.3905,914.21188,916.33944,918.71426,921.82533,925.38296,929.13986,933.14404,937.19064,941.00477,945.05136,949.05554,952.81245,956.46971,960.12698,963.6846,967.09459,971.00837,976.13812,981.42474,986.07475,990.02171,992.84309,994.871,996.59999,997.98207,998.97482,999.91034,1000.8035,1001.6393

Position (um) : 7.9468,7.9575,7.9689,7.9796,7.9854,7.9879,7.9936,8.0031,8.0101,8.0171,8.0265,8.0335,8.0405,8.0512,8.064,8.0804,8.0968,8.1096,8.1216,8.1343,8.1507,8.1672,8.1812,8.1989,8.2211,8.2432,8.2609,8.2737,8.2857,8.2971,8.3091,8.3218,8.3395,8.3617,8.3851,8.4099,8.439,8.4719,8.5011,8.5258,8.5505,8.5797,8.6138,8.65,8.6899,8.7298,8.7659,8.7988,8.8222,8.8362,8.8482,8.8597,8.8717,8.8831,8.8938,8.8996

Intensity : 280.7144,281.2304,281.8844,282.8088,283.5481,282.1512,281.0721,280.0493,279.5451,279.1297,278.8432,278.6648,279.6148,280.7711,282.3075,284.3746,286.415,288.0814,289.2325,289.8976,290.9031,292.1795,293.6449,294.7545,295.5796,296.5996,298.8592,300.8832,302.2392,302.5066,302.8617,302.6757,300.4328,298.2921,294.4353,291.8092,290.6157,289.2806,288.3785,287.7051,286.5759,285.2558,283.7873,281.4274,279.0933,280.3696,283.7468,287.8534,291.172,293.319,295.2049,296.5457,296.7772,296.1381,295.5521,295.0498

Time pixel : 101.9596,102.0371,102.2568,102.6186,103.0341,103.4078,103.7051,103.9904,104.2986,104.5719,104.8036,105.0232,105.2429,105.4746,105.7599,106.1217,106.4835,106.7688,107.0005,107.2201,107.4398,107.6595,107.8912,108.1765,108.5622,109.0313,109.4935,109.8325,110.0881,110.3734,110.7472,111.1746,111.6259,112.107,112.5931,113.0514,113.5375,114.0186,114.4699,114.9093,115.3487,115.7761,116.1858,116.656,117.2722,117.9074,118.466,118.9402,119.2792,119.5228,119.7305,119.8966,120.0158,120.1282,120.2355,120.3359

Position pixel : 74.4777,74.5781,74.6854,74.7858,74.8394,74.8634,74.917,75.0055,75.0711,75.1367,75.2252,75.2908,75.3564,75.4568,75.5761,75.7302,75.8842,76.0035,76.1159,76.2352,76.3892,76.5433,76.6746,76.8406,77.0483,77.256,77.4221,77.5413,77.6537,77.761,77.8734,77.9927,78.1587,78.3665,78.5861,78.8178,79.0911,79.3993,79.6726,79.9043,80.1359,80.4093,80.7294,81.0684,81.4421,81.8159,82.1548,82.463,82.6827,82.8139,82.9263,83.0336,83.146,83.2533,83.3537,83.4074

Brightness max : 486.39
Brightness min : 213.00
Feature direction : Ambiguous
Feature speed : Slow
Feature type : Curve
Start frame : 1
End frame : 242
Start time (s) : 0.000
End time (s) : 2006.010
Time step (s) : 8.324

Feature number : 5

Time (s) : 135.9453,136.9447,138.8155,141.0373,144.0562,147.3697,149.6906,150.6542,151.2104,152.1671,153.3826,154.4137,155.303,156.5928,158.1732,159.6544,161.2347,162.5246,163.4139,164.5193,166.1423,168.0557,169.7531,171.1916,172.5558,173.9944,175.766,178.087,180.6667,182.9133,184.3519,185.1668,185.8647,186.531,187.2289,187.9696,189.0006,190.2905,191.6547,192.9446,193.9756,194.7162,195.4142,196.0804,196.704,197.0372

Position (um) : 5.4648,5.4388,5.3931,5.3348,5.264,5.1961,5.1506,5.126,5.1109,5.0962,5.0759,5.0551,5.0357,5.013,4.9833,4.9492,4.9152,4.8855,4.8609,4.8329,4.7961,4.7588,4.7281,4.7044,4.6817,4.6553,4.6231,4.582,4.5409,4.5087,4.4823,4.4605,4.4431,4.4298,4.4194,4.4062,4.3896,4.3722,4.3547,4.3372,4.3206,4.3074,4.2979,4.289,4.2805,4.2725

Intensity : 461.11,453.1854,442.3572,428.7971,411.8582,395.775,385.7504,379.8522,376.2322,372.3502,367.4083,362.8428,358.8926,354.471,349.5239,343.3106,337.9395,333.9718,331.2641,328.7445,326.277,322.1034,319.6554,318.6969,318.0781,317.5117,317.6136,319.2766,323.1698,327.8264,330.295,333.3067,336.0292,338.421,340.6786,343.4612,347.3482,352.3902,358.7592,362.3043,365.8046,368.6742,370.6636,372.5477,374.3651,376.1985

Time pixel : 16.3323,16.4524,16.6772,16.9441,17.3068,17.7048,17.9837,18.0994,18.1663,18.2812,18.4272,18.5511,18.6579,18.8129,19.0028,19.1807,19.3706,19.5255,19.6324,19.7652,19.9602,20.19,20.394,20.5668,20.7307,20.9035,21.1164,21.3952,21.7051,21.975,22.1478,22.2458,22.3296,22.4096,22.4935,22.5825,22.7063,22.8613,23.0252,23.1802,23.304,23.393,23.4769,23.5569,23.6318,23.6718

Position pixel : 51.2168,50.9729,50.5442,49.9985,49.3348,48.6979,48.2722,48.0415,47.8998,47.7618,47.572,47.377,47.1952,46.9824,46.7035,46.3847,46.0658,45.787,45.5563,45.2945,44.9497,44.5997,44.312,44.0902,43.8773,43.6296,43.3278,42.9429,42.5581,42.2562,42.0085,41.8046,41.6407,41.5168,41.4189,41.295,41.1401,40.9762,40.8123,40.6484,40.4934,40.3696,40.2806,40.1967,40.1167,40.0418

Brightness max : 486.39
Brightness min : 213.00
Feature direction : Ambiguous
Feature speed : Slow
Feature type : Curve
Start frame : 1
End frame : 242
Start time (s) : 0.000
End time (s) : 2006.010
Time step (s) : 8.324

Feature number : 6

Time (s) : 105.4528,106.1696,107.1917,108.5191,110.1467,111.5803,112.4962,113.2687,113.9855,114.5404,115.0076,115.2572,115.3686,115.6182,116.0297,116.335,116.6403,117.0518,117.3571,117.6624,118.1296,118.6288,119.1517,119.6509,120.1738,120.673,121.1959,121.6951,122.218,122.7172,123.1844,123.4897,123.795,124.2065

Position (um) : 5.3767,5.3364,5.2804,5.2068,5.1147,5.0125,4.9126,4.8234,4.7554,4.7108,4.6817,4.6569,4.6279,4.5967,4.5684,4.5475,4.5283,4.5035,4.4767,4.4558,4.4373,4.4157,4.3942,4.3764,4.3587,4.3371,4.3148,4.2946,4.2755,4.2592,4.2454,4.2323,4.2199,4.2107

Intensity : 443.9725,431.945,417.1834,399.8096,383.6193,373.9003,368.9324,364.4364,360.1499,356.9173,355.1095,353.7555,352.0333,350.2077,350.4283,351.1162,351.5633,351.815,353.0163,356.6922,359.6303,363.0343,366.3063,368.8108,374.5501,381.9766,389.3781,395.8018,401.5219,407.8897,414.2347,420.4905,426.1942,429.5995

Time pixel : 12.669,12.7551,12.8779,13.0374,13.2329,13.4051,13.5152,13.608,13.6941,13.7608,13.8169,13.8469,13.8603,13.8902,13.9397,13.9764,14.013,14.0625,14.0992,14.1358,14.192,14.2519,14.3148,14.3747,14.4376,14.4975,14.5604,14.6203,14.6831,14.7431,14.7992,14.8359,14.8726,14.922

Position pixel : 50.3908,50.0135,49.4885,48.7983,47.9355,46.9771,46.0409,45.2053,44.568,44.1496,43.8772,43.6444,43.3727,43.0805,42.8155,42.6193,42.4398,42.2076,41.9559,41.7597,41.5869,41.3847,41.1825,41.0163,40.8501,40.6479,40.439,40.2495,40.0706,39.9178,39.7883,39.6656,39.5494,39.4633

Brightness max : 486.39
Brightness min : 213.00
Feature direction : Ambiguous
Feature speed : Slow
Feature type : Curve
Start frame : 1
End frame : 242
Start time (s) : 0.000
End time (s) : 2006.010
Time step (s) : 8.324

Feature number : 7

Time (s) : 807.2235,810.5266,816.0528,820.7435,823.2539,825.3036,827.7954,830.095,832.044,833.8923,835.7406,837.5889,839.4372,841.1848,842.5817,843.6859,845.0828,846.7297,848.2273,849.8835,852.476,855.5198,858.4722,861.7175,865.1119,867.9058,870.0134,872.2552,874.4541,876.5038,879.0049,882.7015,887.4929,892.2843,895.9809,898.482,900.3303,901.7272,902.932,904.9818,908.5776,913.2683,917.6084,920.6615,923.2633,926.5085,930.5558,934.8958,938.4917,941.0935,943.4938,946.0863,948.3859,950.4357,952.7353,955.3278,957.6274,959.5764,961.324,962.7209,963.8251,965.222,966.9696,968.7172,970.2148,971.6696,973.2587

Position (um) : 3.6559,3.6431,3.6169,3.59,3.5708,3.5567,3.5388,3.5177,3.4997,3.4856,3.4677,3.4453,3.4229,3.405,3.3908,3.3729,3.3518,3.3339,3.3184,3.2922,3.2474,3.193,3.1456,3.1052,3.0591,3.0106,2.974,2.9464,2.9157,2.8754,2.828,2.7722,2.7024,2.6257,2.563,2.5238,2.4976,2.4739,2.4502,2.4252,2.3944,2.3554,2.3164,2.2856,2.2593,2.2299,2.1966,2.1672,2.1435,2.1256,2.1114,2.0948,2.0782,2.064,2.0474,2.0308,2.0179,2.0071,2,1.9916,1.9763,1.9597,1.9468,1.9347,1.9219,1.9052,1.8899

Intensity : 269.0137,267.8703,266.3907,265.9605,265.9553,266.031,266.2714,266.6669,266.8709,267.3921,268.2053,269.2879,270.4638,271.5412,272.6651,273.9137,275.5478,277.2882,278.9406,281.1028,284.3397,287.9064,289.0051,289.4183,289.8899,289.8841,290.194,290.6913,291.3874,292.8075,295.5906,300.2166,307.9323,317.7027,324.7555,327.7516,329.9367,332.0598,334.0282,334.989,336.2056,337.5152,337.5893,337.0976,336.5101,337.3773,339.4828,341.4818,343.02,344.3997,346.7298,349.2215,351.3965,351.8091,351.7506,351.8121,351.3226,349.6936,348.3846,347.2481,346.0249,344.637,343.4322,342.516,341.8928,341.3387,341.0414

Time pixel : 96.97901,97.37584,98.03976,98.60329,98.90489,99.15114,99.4505,99.72677,99.96092,100.183,100.405,100.6271,100.8491,101.0591,101.2269,101.3596,101.5274,101.7252,101.9052,102.1041,102.4156,102.7813,103.136,103.5259,103.9337,104.2693,104.5225,104.7919,105.056,105.3023,105.6028,106.0469,106.6225,107.1981,107.6422,107.9427,108.1648,108.3326,108.4773,108.7236,109.1556,109.7191,110.2405,110.6073,110.9199,111.3098,111.796,112.3174,112.7494,113.062,113.3504,113.6618,113.9381,114.1844,114.4607,114.7721,115.0484,115.2825,115.4925,115.6603,115.793,115.9608,116.1707,116.3807,116.5606,116.7354,116.9263

Position pixel : 34.2637,34.1431,33.898,33.6459,33.466,33.3334,33.1655,32.9677,32.7998,32.6672,32.4994,32.2894,32.0795,31.9116,31.779,31.6112,31.4133,31.2455,31.1007,30.8545,30.4346,29.9253,29.4812,29.1023,28.6703,28.2152,27.8726,27.6142,27.3258,26.9481,26.504,25.9814,25.3274,24.6081,24.0204,23.6536,23.4073,23.1853,22.9632,22.7291,22.4407,22.075,21.7093,21.421,21.1747,20.8984,20.587,20.3107,20.0886,19.9208,19.7882,19.6324,19.4767,19.3441,19.1883,19.0326,18.9121,18.8105,18.7442,18.6658,18.5222,18.3664,18.2459,18.1323,18.0117,17.856,17.7124

Brightness max : 356.30
Brightness min : 213.00
Feature direction : Poleward
Feature speed : Slow
Feature type : Curve
Start frame : 1
End frame : 242
Start time (s) : 0.000
End time (s) : 2006.010
Time step (s) : 8.324

