KYMOANALYSIS DATA

General Information :

Tiff path : E:\Google Drive\microtubule dynamics and cut7\20-15 screens and tests\gtb1-K5A\19-08-01&02 (gtb1-K5A, cut7-3GFP and MTs)\
Spindle type : Bipolar
Start frame : 1
End frame : 185
Start time (s) : 0.000
End time (s) : 1617.730
Time step (s) : 8.792
Num poles : 2
Num tracks : 3
Num tracks poleward : 1
Num tracks antipoleward : 0
Num tracks ambiguous : 1
Comments : {

}
Poles Information :


Pole number : 1

Time (s) : 12.9192,13.83435,15.87601,19.65274,24.03515,27.73896,30.45472,32.7642,35.03948,37.62873,40.49775,43.36677,45.95602,48.31165,50.9009,53.76992,56.71929,59.66866,62.69839,65.92752,69.11051,71.82627,74.49587,77.36489,80.2339,82.82316,85.17879,87.76804,90.5567,93.14595,95.50159,98.09084,100.8795,103.4688,105.744,107.9732,110.2484,112.7573,115.2662,117.6219,120.1308,122.5593,124.4745,126.0295,127.5042,129.0592,130.894,132.9625,134.7973,136.4327,138.2675,140.4162,142.6915,145.2004,147.7093,149.9846,152.1334,153.9682,155.5232,157.0783,158.9934,161.5023,164.291,166.8802,169.2359,171.7448,174.2537,176.5289,178.6777,180.5125,182.1479,184.0631,186.6523,189.8815,193.3442,196.3739,199.17,202.2727,205.0613,207.0569,208.6119,210.0866,211.5613,212.9556,214.0702,214.9511,216.0657,217.46,218.9347,220.5701,223.0864,227.3498,232.6399,236.9836,239.9404,242.5297,245.0386,247.3942,249.9834,252.9328,256.2423,259.7854,263.0949,266.205,269.5948,273.5784,277.8418,281.9057,285.5753,288.919,291.9949,295.3386,299.0082,302.9918,307.0557,311.2461,315.9038,320.688,325.5525,330.6507,335.795,340.8128,345.1565,348.707,352.0969,355.64,358.9495,361.9792,364.8482,367.4375,369.7931,372.3823,375.2514,378.2007,381.2305,384.5399,388.0831,391.3925,394.4223,397.2913,399.8805,402.1558,404.3849,406.6602,409.2495,412.1185,415.0679,418.0172,421.047,424.4368,428.34,432.3236,436.0736,439.7774,443.447,446.9901,449.8591,451.935,453.8502,455.9186,457.7534,459.3084,460.8635,462.6983,464.9274,467.4825,470.225,472.4199,474.1356,475.8901,477.5984,478.9198,480.5552,482.823,485.0522,487.2545,490.5179,494.6205,498.6845,502.4344,506.0579,509.287,511.8763,513.7914,515.3465,516.9015,518.7363,520.8851,523.1604,525.83,529.0591,532.6022,535.8314,538.501,540.8566,543.4459,546.3149,549.2642,552.1333,554.6422,556.5573,558.1124,559.587,561.0617,562.5364,564.0111,565.4858,566.9605,568.4352,569.9098,571.3845,572.9396,574.9351,577.9648,582.4692,588.5674,595.4929,601.6714,606.5359,610.2397,613.0358,615.7055,618.5745,621.4435,624.0327,626.3884,628.8169,630.805,631.7663,632.2871,632.9612,633.7618,634.796,635.7499,636.1903,636.2707

Position (um) : 2.6602,2.6538,2.6359,2.6065,2.5716,2.5368,2.5064,2.4831,2.4643,2.4464,2.4285,2.4106,2.3927,2.3748,2.3569,2.339,2.3211,2.3022,2.28,2.2548,2.2326,2.2137,2.1958,2.1779,2.16,2.1421,2.1242,2.1063,2.0884,2.0705,2.0526,2.0347,2.0159,1.9946,1.9738,1.9578,1.9389,1.9148,1.8925,1.8737,1.8558,1.8379,1.82,1.8031,1.7895,1.7788,1.7653,1.7474,1.7261,1.7054,1.6903,1.6758,1.6589,1.642,1.6285,1.6187,1.6096,1.6008,1.5917,1.583,1.5738,1.5641,1.5515,1.539,1.5293,1.5201,1.5114,1.5032,1.4988,1.4978,1.4969,1.4925,1.4853,1.4809,1.4799,1.479,1.4746,1.4674,1.463,1.462,1.462,1.462,1.462,1.4611,1.4567,1.4495,1.4451,1.4441,1.4441,1.4441,1.4422,1.4325,1.4137,1.3968,1.3851,1.3726,1.36,1.3503,1.3421,1.3368,1.3304,1.3189,1.3063,1.2966,1.2874,1.2777,1.2652,1.2526,1.2419,1.2294,1.2168,1.2061,1.1926,1.1757,1.1578,1.1399,1.122,1.1041,1.0862,1.0683,1.0504,1.0335,1.02,1.0103,1.0021,0.9977,0.99673,0.99673,0.99673,0.99673,0.99673,0.99673,0.99673,0.99673,0.99673,0.99673,0.99673,0.99673,0.9977,1.0021,1.0093,1.0146,1.02,1.0281,1.0379,1.0504,1.063,1.0727,1.0818,1.0916,1.1051,1.121,1.1346,1.1443,1.1534,1.1631,1.1757,1.1882,1.198,1.2071,1.2159,1.225,1.2347,1.2483,1.2652,1.2831,1.301,1.3179,1.3304,1.3368,1.3421,1.3493,1.3537,1.3556,1.361,1.3726,1.3851,1.3948,1.404,1.4137,1.4262,1.4378,1.4432,1.4451,1.4495,1.4567,1.462,1.4674,1.4756,1.4863,1.5051,1.5336,1.5621,1.581,1.5936,1.6125,1.642,1.6768,1.7116,1.743,1.7707,1.7967,1.819,1.8379,1.8558,1.8737,1.8916,1.9104,1.9317,1.9534,1.9719,1.9912,2.0179,2.0682,2.146,2.2413,2.3379,2.4129,2.4623,2.5001,2.5378,2.5853,2.6505,2.7264,2.799,2.8677,2.9348,2.9866,3.0161,3.0316,3.0443,3.0675,3.1032,3.137,3.1603,3.1738

Intensity : 613.6316,617.4124,631.0026,647.238,661.9471,667.7399,674.4146,681.567,688.142,681.4151,669.0223,661.7745,661.0426,665.1587,672.7379,677.1079,678.9117,688.184,699.3114,704.6052,704.3608,694.7106,689.2514,688.6206,687.2491,682.3341,674.468,664.8252,666.4792,673.5197,684.9373,684.9205,664.3861,646.9168,638.8381,633.6666,633.7875,638.7854,636.9592,633.9345,636.4923,645.8491,662.4475,673.8143,682.0037,690.7954,703.7304,713.3597,720.9994,730.262,724.0056,720.0503,713.0585,707.795,704.8469,699.6017,683.9636,672.3137,657.8997,645.0493,633.6103,626.0004,622.2024,623.4221,616.477,608.9518,602.5619,600.4478,600.4619,597.8103,595.5933,596.0238,594.4177,589.0529,580.5947,586.9133,596.7544,610.5428,619.2589,623.2538,625.5111,627.6517,629.0419,630.343,635.5984,644.0343,648.967,649.8504,649.5963,649.2191,650.633,660.2854,671.7656,681.5506,685.7277,683.9105,683.652,683.6798,683.8938,683.0198,680.755,679.1229,681.1137,683.0805,685.5803,685.7402,678.883,674.9619,670.4611,670.9763,677.5733,685.4534,697.8956,722.0958,737.8598,747.2429,758.724,765.8911,773.4776,769.4186,751.2225,732.5218,717.3704,706.8404,697.7983,694.5403,691.7013,689.9824,689.1148,688.3319,687.0359,683.3942,679.3591,675.3546,674.1105,672.7515,669.7418,664.2149,659.2948,654.7866,651.09,647.8069,644.7103,636.8679,627.9386,618.4398,612.2843,603.0302,590.8549,574.358,554.4558,537.6702,527.8656,521.9545,526.7968,532.9049,537.3823,535.6548,536.1916,538.4883,538.9397,535.2815,532.626,530.8644,531.2379,528.3372,517.3527,510.4532,506.8469,502.1288,496.3712,491.98,486.9724,480.2825,469.8626,457.5071,438.6753,422.4737,414.4427,409.4681,409.8303,411.1797,416.7414,422.3951,426.8996,431.7532,438.4105,440.6784,444.864,452.4445,457.843,461.8836,474.6614,474.8526,472.6081,470.0458,464.9682,455.7222,448.9974,433.6896,420.7132,412.5687,404.4383,392.7736,382.8799,370.4483,358.5279,347.5938,336.1578,324.8952,315.5528,309.7948,303.3639,293.0902,299.4031,337.5608,339.1735,341.0288,348.5109,329.2408,318.4838,312.9877,307.2877,305.3588,305.588,307.0241,306.2005,307.2117,306.347,306.13,306.3431,303.1112,298.8787,294.1831,292.088,291.3166

Time pixel : 1.46942,1.57351,1.80573,2.2353,2.73375,3.15502,3.46391,3.72659,3.98538,4.27988,4.6062,4.93252,5.22702,5.49495,5.78945,6.11577,6.45123,6.78669,7.13129,7.49857,7.8606,8.16949,8.47313,8.79945,9.12577,9.42027,9.6882,9.9827,10.2999,10.5944,10.8623,11.1568,11.474,11.7685,12.0273,12.2808,12.5396,12.825,13.1103,13.3783,13.6636,13.9398,14.1577,14.3345,14.5023,14.6791,14.8878,15.1231,15.3318,15.5178,15.7265,15.9709,16.2297,16.515,16.8004,17.0592,17.3036,17.5123,17.6892,17.866,18.0839,18.3692,18.6864,18.9809,19.2488,19.5342,19.8195,20.0783,20.3227,20.5314,20.7174,20.9353,21.2298,21.597,21.9909,22.3355,22.6535,23.0064,23.3236,23.5506,23.7274,23.8952,24.0629,24.2215,24.3483,24.4485,24.5752,24.7338,24.9015,25.0876,25.3738,25.8587,26.4604,26.9544,27.2907,27.5852,27.8706,28.1385,28.433,28.7685,29.1449,29.5479,29.9243,30.2781,30.6636,31.1167,31.6016,32.0638,32.4812,32.8615,33.2114,33.5917,34.0091,34.4622,34.9244,35.401,35.9308,36.4749,37.0282,37.6081,38.1932,38.7639,39.258,39.6618,40.0474,40.4504,40.8268,41.1714,41.4977,41.7922,42.0601,42.3546,42.6809,43.0164,43.361,43.7374,44.1404,44.5168,44.8614,45.1878,45.4823,45.7411,45.9946,46.2534,46.5479,46.8742,47.2097,47.5451,47.8897,48.2753,48.7192,49.1723,49.5988,50.0201,50.4375,50.8405,51.1668,51.4029,51.6207,51.856,52.0647,52.2416,52.4184,52.6271,52.8807,53.1713,53.4832,53.7329,53.928,54.1276,54.3219,54.4722,54.6582,54.9161,55.1697,55.4201,55.7913,56.258,56.7202,57.1467,57.5588,57.9261,58.2206,58.4384,58.6153,58.7922,59.0009,59.2453,59.5041,59.8077,60.175,60.578,60.9453,61.2489,61.5168,61.8113,62.1376,62.4731,62.7994,63.0848,63.3026,63.4795,63.6472,63.8149,63.9827,64.1504,64.3181,64.4859,64.6536,64.8213,64.9891,65.1659,65.3929,65.7375,66.2498,66.9434,67.7311,68.4339,68.9872,69.4084,69.7265,70.0301,70.3564,70.6827,70.9772,71.2452,71.5214,71.7475,71.8569,71.9161,71.9928,72.0838,72.2015,72.3099,72.36,72.3692

Position pixel : 24.9312,24.8719,24.7042,24.428,24.1016,23.7753,23.49,23.2721,23.0953,22.9275,22.7598,22.5921,22.4243,22.2566,22.0889,21.9211,21.7534,21.5765,21.3679,21.1326,20.9239,20.747,20.5793,20.4116,20.2438,20.0761,19.9084,19.7407,19.5729,19.4052,19.2375,19.0697,18.8929,18.6933,18.499,18.3487,18.1718,17.9457,17.737,17.5602,17.3924,17.2247,17.057,16.8984,16.7716,16.6714,16.5446,16.3769,16.1774,15.9831,15.8419,15.706,15.5474,15.3888,15.262,15.171,15.0852,15.0033,14.9174,14.8355,14.7497,14.6587,14.541,14.4234,14.3323,14.2465,14.1646,14.0879,14.047,14.0378,14.0287,13.9877,13.9202,13.8792,13.8701,13.861,13.82,13.7525,13.7115,13.7024,13.7024,13.7024,13.7024,13.6932,13.6523,13.5847,13.5438,13.5346,13.5346,13.5346,13.5164,13.4253,13.2493,13.0907,12.9814,12.8637,12.7461,12.655,12.5784,12.5283,12.469,12.3605,12.2429,12.1518,12.066,11.975,11.8573,11.7397,11.6395,11.5219,11.4042,11.304,11.1773,11.0187,10.851,10.6832,10.5155,10.3478,10.18,10.0123,9.84458,9.68599,9.55922,9.46816,9.39148,9.35052,9.34139,9.34139,9.34139,9.34139,9.34139,9.34139,9.34139,9.34139,9.34139,9.34139,9.34139,9.34139,9.35052,9.39148,9.45902,9.50912,9.55922,9.63589,9.72695,9.84458,9.96221,10.0533,10.1391,10.2301,10.3569,10.5064,10.6331,10.7242,10.81,10.9011,11.0187,11.1363,11.2274,11.3132,11.3951,11.4809,11.572,11.6987,11.8573,12.0251,12.1928,12.3514,12.469,12.5283,12.5784,12.6459,12.6868,12.7051,12.7552,12.8637,12.9814,13.0724,13.1582,13.2493,13.3669,13.4754,13.5255,13.5438,13.5847,13.6523,13.7024,13.7525,13.8291,13.9293,14.1062,14.3733,14.6404,14.8172,14.9357,15.1126,15.3888,15.7151,16.0415,16.336,16.5947,16.8391,17.0478,17.2247,17.3924,17.5602,17.7279,17.9048,18.1043,18.3078,18.4807,18.6615,18.912,19.3834,20.1127,21.0058,21.9112,22.6139,23.077,23.4307,23.7845,24.2293,24.8409,25.552,26.232,26.8764,27.5055,27.9904,28.2675,28.4125,28.531,28.7488,29.0834,29.4006,29.6185,29.7452

Pole type : Curve
Start frame : 1
End frame : 185
Start time (s) : 0.000
End time (s) : 1617.730
Time step (s) : 8.792

Pole number : 2

Time (s) : 12.99955,14.27482,17.07093,22.08873,28.4592,33.99038,37.22696,39.02306,40.5781,42.41291,44.56169,46.75661,48.90539,50.74019,52.37559,54.29075,56.79964,59.58831,62.17756,64.53319,67.12244,69.99146,73.02118,76.33068,79.87378,83.10292,85.77253,88.12816,90.71741,93.58643,96.45544,98.96434,100.8795,102.4345,103.9092,105.3839,106.939,108.7738,110.9225,113.1175,115.3466,117.5415,119.7706,122.0459,124.6352,127.4238,129.9327,131.8479,133.4833,135.3181,137.4669,139.6618,141.8106,143.6454,145.2808,147.2763,150.065,153.1676,155.9637,158.9934,162.3758,165.3252,167.6808,169.8296,171.7448,173.6599,175.8087,178.084,180.5929,183.1018,185.377,187.5258,189.3606,191.0764,193.432,196.8948,200.798,204.6283,208.6923,213.1163,217.9808,223.4391,229.2575,234.9955,240.2544,245.4061,251.6188,258.6709,265.5235,271.4222,276.3671,280.7911,284.7747,288.0842,290.7538,293.1094,295.6183,298.1272,300.5632,303.4322,306.4545,308.8905,311.4069,314.8696,318.6925,322.243,326.1537,331.0911,336.3084,340.8128,344.8038,349.1475,353.7248,357.9153,361.9792,366.0431,370.1532,374.5311,378.921,383.2989,387.2483,390.592,393.2274,395.5368,397.7318,399.9609,402.3165,405.3463,409.2495,413.5128,417.4964,420.8059,423.4755,425.8311,428.4204,431.4501,435.2804,440.1375,444.9946,448.9053,452.2951,455.4781,458.1135,460.423,462.6983,465.2875,468.1565,471.1863,474.6565,479.0002,483.9376,488.5611,492.4256,496.0223,500.3199,504.863,508.9269,512.4775,516.2274,520.525,525.0755,530.0933,535.1111,539.6617,544.12,548.5902,553.2478,557.5112,561.0617,564.5319,568.4352,572.3384,575.7282,578.758,581.7877,585.0972,588.7206,592.3902,596.0137,599.3232,602.4333,605.7428,609.2859,612.515,615.1043,616.9391,618.0536

Position (um) : 8.5313,8.5332,8.5429,8.5637,8.5884,8.6091,8.6188,8.6208,8.6217,8.6261,8.6333,8.6387,8.644,8.6512,8.6566,8.6619,8.6691,8.6745,8.6798,8.688,8.6977,8.7103,8.7228,8.7335,8.747,8.763,8.7765,8.7872,8.8007,8.8167,8.8302,8.8399,8.8491,8.8588,8.8713,8.8829,8.8892,8.8946,8.9027,8.9115,8.9206,8.9294,8.9376,8.9429,8.9492,8.9608,8.9734,8.9831,8.9922,9.001,9.0101,9.0189,9.027,9.0324,9.0377,9.0449,9.0493,9.0513,9.0566,9.0682,9.0807,9.0914,9.104,9.1156,9.1219,9.1272,9.1364,9.1495,9.1659,9.1799,9.1935,9.205,9.2114,9.2177,9.2293,9.2418,9.2515,9.2597,9.2641,9.2651,9.2651,9.2651,9.2651,9.2651,9.2651,9.2651,9.2651,9.2641,9.2597,9.2525,9.2481,9.2472,9.2472,9.2472,9.2472,9.2472,9.2472,9.2472,9.2472,9.2472,9.2472,9.2472,9.2472,9.2472,9.2472,9.2472,9.2472,9.2472,9.2472,9.2472,9.2472,9.2472,9.2472,9.2472,9.2472,9.2472,9.2472,9.2472,9.2472,9.2472,9.2472,9.2472,9.2472,9.2481,9.2525,9.2597,9.2651,9.2704,9.2776,9.282,9.2829,9.2829,9.2829,9.2829,9.2829,9.2829,9.2829,9.2829,9.2829,9.2829,9.2829,9.2829,9.2829,9.2829,9.2829,9.2829,9.2829,9.2829,9.2829,9.2829,9.282,9.2776,9.2694,9.2597,9.2472,9.2346,9.2239,9.2104,9.1935,9.1756,9.1577,9.1398,9.1219,9.105,9.0924,9.0871,9.0861,9.0861,9.0851,9.0807,9.0735,9.0692,9.0672,9.0628,9.0556,9.0513,9.0503,9.0493,9.0449,9.0377,9.0324,9.027,9.0189,9.0101,9.0019,8.9976,8.9966

Intensity : 607.033,613.53505,625.18673,652.99978,691.26516,715.94192,722.92847,722.7834,722.47183,724.41302,728.52632,730.73162,732.58446,731.95789,732.44134,732.42942,734.056,737.01621,741.10311,747.00988,756.33374,771.50063,781.32994,789.72516,802.02798,801.04944,802.70819,806.3976,819.73001,839.17506,859.23668,862.83832,868.21118,873.8568,874.20055,876.33148,876.16293,875.45158,877.13012,880.64971,884.67433,888.46858,893.19448,895.86957,896.89898,902.93579,899.47132,896.77722,891.77296,887.02246,882.74765,879.85295,873.15934,863.14729,855.23524,846.94974,832.82969,821.0604,814.92288,816.93142,811.80153,809.14512,811.57179,816.18626,818.9386,821.90129,829.44974,830.72568,834.1845,831.61688,824.86623,828.97455,833.14965,837.67585,845.45387,856.09614,867.89937,890.46652,920.45706,938.13451,940.44224,952.20622,972.81327,1017.4065,1041.8978,1052.5367,1060.7226,1056.0535,1042.4587,1039.5085,1029.6864,1022.1971,1000.3483,980.01967,965.96092,960.41611,954.51054,948.60498,944.85603,941.58627,938.14185,936.07565,934.73475,932.88953,930.26969,927.42865,926.00394,931.96225,951.34186,983.42133,1004.0106,1017.1795,1027.263,1032.1913,1035.4823,1036.2473,1037.8974,1043.0386,1047.3094,1047.9717,1047.3273,1037.4469,1029.6594,1025.4136,1040.8704,1064.439,1083.3695,1102.2065,1123.0336,1136.4736,1138.5602,1138.1837,1128.7521,1113.7464,1097.2525,1081.0177,1074.9167,1066.5695,1053.3086,1043.7978,1042.2529,1040.8023,1033.1549,1016.0757,999.2496,980.10157,975.24969,975.58848,975.97652,984.16719,989.98939,962.74005,933.03065,888.16521,835.3205,787.74016,750.30701,736.42389,732.28402,742.60774,759.5427,783.5983,810.92268,834.2757,864.03812,874.41401,880.99333,911.85212,941.07605,954.57562,955.16195,951.59073,933.39816,913.76324,880.08071,836.93179,794.82276,773.21338,750.95589,738.34091,739.84807,741.94048,725.52056,705.65444,690.13031,682.78734,679.69078

Time pixel : 1.47856,1.62361,1.94164,2.51236,3.23694,3.86605,4.23418,4.43847,4.61534,4.82403,5.06843,5.31808,5.56248,5.77117,5.95718,6.17501,6.46037,6.77755,7.07205,7.33998,7.63448,7.9608,8.3054,8.68182,9.08481,9.45209,9.75573,10.0237,10.3182,10.6445,10.9708,11.2562,11.474,11.6509,11.8186,11.9863,12.1632,12.3719,12.6163,12.8659,13.1195,13.3691,13.6227,13.8815,14.176,14.4931,14.7785,14.9963,15.1823,15.391,15.6354,15.8851,16.1295,16.3382,16.5242,16.7511,17.0683,17.4212,17.7393,18.0839,18.4686,18.804,19.072,19.3164,19.5342,19.752,19.9964,20.2552,20.5406,20.8259,21.0847,21.3291,21.5378,21.733,22.0009,22.3947,22.8387,23.2743,23.7366,24.2398,24.7931,25.4139,26.0757,26.7283,27.3264,27.9124,28.619,29.4211,30.2005,30.8715,31.4339,31.9371,32.3902,32.7666,33.0702,33.3382,33.6235,33.9089,34.1859,34.5123,34.856,35.1331,35.4193,35.8132,36.248,36.6518,37.0966,37.6582,38.2516,38.7639,39.2179,39.7119,40.2325,40.7091,41.1714,41.6336,42.1011,42.599,43.0983,43.5963,44.0455,44.4258,44.7255,44.9882,45.2379,45.4914,45.7593,46.1039,46.5479,47.0328,47.4859,47.8623,48.1659,48.4339,48.7284,49.073,49.5086,50.0611,50.6135,51.0583,51.4439,51.8059,52.1057,52.3683,52.6271,52.9216,53.2479,53.5925,53.9872,54.4813,55.0429,55.5688,56.0083,56.4174,56.9062,57.4229,57.8852,58.289,58.7155,59.2043,59.7219,60.2926,60.8633,61.3809,61.888,62.3964,62.9262,63.4111,63.8149,64.2096,64.6536,65.0976,65.4831,65.8277,66.1723,66.5487,66.9609,67.3782,67.7904,68.1668,68.5205,68.897,69.2999,69.6672,69.9617,70.1704,70.2972

Position pixel : 79.9558,79.9741,80.0651,80.2594,80.4908,80.6851,80.7762,80.7944,80.8036,80.8445,80.9121,80.9622,81.0123,81.0798,81.1299,81.18,81.2475,81.2976,81.3477,81.4244,81.5155,81.6331,81.7507,81.8509,81.9777,82.1271,82.2539,82.3541,82.4809,82.6303,82.7571,82.8482,82.934,83.025,83.1427,83.2512,83.3104,83.3605,83.4372,83.5191,83.6049,83.6868,83.7635,83.8136,83.8728,83.9813,84.0989,84.19,84.2758,84.3577,84.4435,84.5255,84.6021,84.6522,84.7023,84.7699,84.8108,84.8291,84.8792,84.9877,85.1053,85.2055,85.3232,85.4316,85.4909,85.541,85.6268,85.7497,85.903,86.035,86.1618,86.2703,86.3295,86.3888,86.4973,86.6149,86.706,86.7826,86.8236,86.8327,86.8327,86.8327,86.8327,86.8327,86.8327,86.8327,86.8327,86.8236,86.7826,86.7151,86.6741,86.665,86.665,86.665,86.665,86.665,86.665,86.665,86.665,86.665,86.665,86.665,86.665,86.665,86.665,86.665,86.665,86.665,86.665,86.665,86.665,86.665,86.665,86.665,86.665,86.665,86.665,86.665,86.665,86.665,86.665,86.665,86.665,86.6741,86.7151,86.7826,86.8327,86.8828,86.9504,86.9913,87.0005,87.0005,87.0005,87.0005,87.0005,87.0005,87.0005,87.0005,87.0005,87.0005,87.0005,87.0005,87.0005,87.0005,87.0005,87.0005,87.0005,87.0005,87.0005,87.0005,86.9913,86.9504,86.8737,86.7826,86.665,86.5474,86.4472,86.3204,86.1618,85.9941,85.8263,85.6586,85.4909,85.3323,85.2147,85.1646,85.1554,85.1554,85.1463,85.1053,85.0378,84.9968,84.9786,84.9376,84.8701,84.8291,84.82,84.8108,84.7699,84.7023,84.6522,84.6021,84.5255,84.4435,84.3669,84.3259,84.3168

Pole type : Curve
Start frame : 1
End frame : 185
Start time (s) : 0.000
End time (s) : 1617.730
Time step (s) : 8.792

Feature Information :


Feature number : 1

Time (s) : 10.21089,11.96534,14.70786,17.86408,21.76731,25.8238,28.89968,31.28952,33.48444,35.63322,37.54838,39.46354,41.53196,43.36677,44.92181,46.39649,47.95153,49.86669,52.37559,55.16425,57.7535,60.10913,62.61803,65.04658,67.04209,68.95725,71.10602,73.30095,75.44973,77.28453,78.91993,80.75473,82.82316,84.65796,86.37371,88.72934,92.27245,96.37509,99.99855,102.7143,105.0238,107.2187,109.3675,111.2827,113.1978,115.3466,117.5415,119.6903,121.6055,123.5206,125.6694,128.025,131.0547,134.958,139.2213,143.2853,147.0352,150.6587,153.9682,156.9979,159.8669,162.3758,164.3713,166.2865,168.4353,170.7909,173.7403,177.1227,179.9917,181.9872,183.5422,185.0973,187.0124,189.441,191.8695,193.7847,195.3397,196.8144,198.2891,199.7638,201.2385,202.7132,204.1075,205.1417,205.5822,205.6625

Position (um) : 5.4342,5.4298,5.4206,5.4065,5.3868,5.3699,5.3592,5.351,5.3466,5.3447,5.3403,5.3331,5.3287,5.3278,5.3278,5.3278,5.3278,5.3268,5.3224,5.3152,5.3099,5.3045,5.2973,5.292,5.2856,5.2741,5.2625,5.2562,5.2508,5.2436,5.2392,5.2383,5.2383,5.2383,5.2383,5.2383,5.2383,5.2383,5.2383,5.2383,5.2373,5.2329,5.2257,5.2204,5.2141,5.2025,5.1899,5.1802,5.172,5.1677,5.1667,5.1667,5.1667,5.1667,5.1667,5.1667,5.1657,5.1604,5.1488,5.1372,5.1319,5.1309,5.1309,5.1309,5.1309,5.1309,5.1309,5.1309,5.1309,5.1309,5.1309,5.1309,5.1309,5.1309,5.1309,5.1309,5.1319,5.1362,5.1434,5.1478,5.1488,5.1468,5.1371,5.1154,5.0864,5.0584

Intensity : 485.3125,486.5533,488.2919,489.5221,487.0924,484.3162,481.9844,480.3203,478.932,477.7747,477.328,476.9057,476.2624,475.8991,477.4742,480.0472,482.7603,486.1049,490.5684,487.3886,483.4419,480.0957,477.6923,476.4125,475.7338,476.0117,475.3601,472.0735,468.8259,466.6047,464.337,464.7382,465.5099,466.1945,466.8346,466.4568,462.2762,457.4355,455.368,453.9881,453.0498,451.1007,449.0252,446.3908,443.9007,445.1188,450.2757,455.1494,459.4866,461.8473,457.7838,453.229,447.3708,444.8874,443.6581,440.5314,436.824,436.656,442.8832,449.3329,454.216,457.4719,459.85,462.1324,459.0548,452.2866,443.8125,434.887,428.4174,423.9176,420.411,416.587,410.9614,403.8277,396.694,390.5408,383.4253,375.8433,367.8111,360.7082,354.4373,348.772,344.7045,342.0893,337.4543,334.4473

Time pixel : 1.16138,1.36093,1.67287,2.03185,2.47581,2.93719,3.28704,3.55886,3.80851,4.05291,4.27074,4.48857,4.72383,4.93252,5.10939,5.27712,5.45399,5.67182,5.95718,6.27436,6.56886,6.83679,7.12215,7.39837,7.62534,7.84317,8.08757,8.33722,8.58162,8.79031,8.97632,9.18501,9.42027,9.62896,9.82411,10.092,10.495,10.9617,11.3738,11.6827,11.9454,12.195,12.4394,12.6572,12.8751,13.1195,13.3691,13.6135,13.8314,14.0492,14.2936,14.5615,14.9061,15.3501,15.835,16.2972,16.7237,17.1359,17.5123,17.8569,18.1832,18.4686,18.6955,18.9134,19.1578,19.4257,19.7612,20.1459,20.4722,20.6992,20.876,21.0529,21.2707,21.5469,21.8232,22.041,22.2179,22.3856,22.5533,22.7211,22.8888,23.0565,23.2151,23.3327,23.3828,23.392

Position pixel : 50.9293,50.8884,50.8026,50.6705,50.4854,50.3268,50.2266,50.1499,50.109,50.0907,50.0497,49.9822,49.9412,49.9321,49.9321,49.9321,49.9321,49.9229,49.882,49.8145,49.7644,49.7143,49.6467,49.5966,49.5374,49.4289,49.3204,49.2612,49.2111,49.1435,49.1026,49.0934,49.0934,49.0934,49.0934,49.0934,49.0934,49.0934,49.0934,49.0934,49.0843,49.0433,48.9758,48.9257,48.8665,48.758,48.6403,48.5493,48.4726,48.4317,48.4225,48.4225,48.4225,48.4225,48.4225,48.4225,48.4134,48.3633,48.2548,48.1463,48.0962,48.0871,48.0871,48.0871,48.0871,48.0871,48.0871,48.0871,48.0871,48.0871,48.0871,48.0871,48.0871,48.0871,48.0871,48.0871,48.0962,48.1372,48.2047,48.2456,48.2548,48.2365,48.1454,47.942,47.6697,47.4078

Brightness max : 587.39
Brightness min : 225.00
Feature direction : Ambiguous
Feature speed : Slow
Feature type : Curve
Start frame : 1
End frame : 185
Start time (s) : 0.000
End time (s) : 1617.730
Time step (s) : 8.792

Feature number : 2

Time (s) : 79.28005,80.11485,81.79639,84.97938,89.08202,92.90489,95.49414,96.81556,97.63484,98.1805,99.03251,100.0735,100.9002,101.3927,101.8137,102.252,102.9761,103.9588,105.0154,106.0075,106.7638,107.3606,108.2117,109.1827,110.113,111.2912,112.5523,113.6455,114.7378,115.8208,116.8641,117.5859,118.0108,118.3335,118.7139,119.3533,120.2087,120.8169,121.135,121.3653,121.5899

Position (um) : 5.692,5.7075,5.7385,5.7843,5.8313,5.8709,5.8975,5.913,5.9231,5.9385,5.9537,5.9695,5.9853,6.002,6.0199,6.0423,6.0688,6.0968,6.1249,6.1527,6.1794,6.2042,6.2266,6.2461,6.2628,6.2771,6.2914,6.3109,6.3349,6.3526,6.3634,6.3725,6.3819,6.3919,6.4015,6.4082,6.4124,6.4199,6.431,6.4423,6.4493

Intensity : 339.1331,336.9059,332.1089,325.297,318.3845,311.2979,307.1663,304.9638,303.4272,301.9512,300.2983,298.5943,296.988,295.5622,294.2064,292.6768,290.9897,288.87,286.3802,283.97,281.8472,280.5404,279.7459,279.1762,278.778,278.6022,278.5289,278.6536,278.2083,276.982,275.8381,275.0126,274.465,274.005,273.4849,272.7987,271.9155,271.2817,270.939,270.6896,270.4581

Time pixel : 9.01728,9.11223,9.30349,9.66552,10.1322,10.567,10.8615,11.0118,11.1049,11.167,11.2639,11.3823,11.4763,11.5324,11.5802,11.6301,11.7125,11.8242,11.9444,12.0573,12.1433,12.2112,12.308,12.4184,12.5242,12.6582,12.8017,12.926,13.0502,13.1734,13.2921,13.3742,13.4225,13.4592,13.5025,13.5752,13.6725,13.7417,13.7779,13.804,13.8296

Position pixel : 53.3459,53.491,53.7816,54.2112,54.6512,55.0224,55.272,55.4171,55.5117,55.6561,55.7983,55.9468,56.0949,56.2514,56.4191,56.6291,56.8774,57.1396,57.4034,57.6635,57.9135,58.1465,58.3563,58.5386,58.695,58.8296,58.9635,59.146,59.3711,59.5375,59.6387,59.7233,59.8119,59.9055,59.9952,60.0578,60.0979,60.1677,60.2717,60.3774,60.4434

Brightness max : 
Brightness min : 
Feature direction : 
Feature speed : 
Feature type : Curve
Start frame : 1
End frame : 185
Start time (s) : 0.000
End time (s) : 1617.730
Time step (s) : 8.792

Feature number : 3

Time (s) : 26.5128,28.547,31.7642,35.6065,40.2909,44.0796,46.3161,47.8712,49.3459,50.7402,51.8548,52.7357,53.8503,55.2446,56.7193,58.194,59.6687,61.1433,62.618,64.0927,65.5674,67.0421,68.5971,70.4319,72.5004,74.4155,76.3307,78.3991,80.1536,81.3485,82.1491,82.8232,83.1833

Position (um) : 6.4045,6.4186,6.4524,6.5106,6.5906,6.6578,6.6985,6.7227,6.7406,6.7542,6.7639,6.773,6.7818,6.7909,6.8006,6.8142,6.8311,6.849,6.8659,6.8804,6.8955,6.9162,6.9375,6.9564,6.9743,6.9931,7.0164,7.0449,7.07,7.085,7.0952,7.1039,7.1121

Intensity : 302.0067,302.6536,302.7804,300.1653,288.4925,281.7522,280.099,279.5361,278.9447,278.6535,278.5508,278.521,278.2058,277.8702,277.5745,277.3484,277.1613,276.65,276.0655,275.5837,275.2353,275.0224,274.9629,274.7497,273.6069,272.929,272.7351,273.0997,272.5605,271.8862,271.4348,271.0567,270.8876

Time pixel : 3.0156,3.2469,3.6128,4.0499,4.5827,5.0136,5.268,5.4448,5.6126,5.7712,5.8979,5.9981,6.1249,6.2835,6.4512,6.619,6.7867,6.9544,7.1222,7.2899,7.4576,7.6253,7.8022,8.0109,8.2462,8.464,8.6818,8.9171,9.1166,9.2525,9.3436,9.4203,9.4612

Position pixel : 60.0233,60.1553,60.472,61.0175,61.7673,62.3978,62.7789,63.0059,63.1736,63.3004,63.3915,63.4773,63.5592,63.645,63.7361,63.8628,64.0214,64.1892,64.3477,64.4837,64.6248,64.8191,65.0187,65.1955,65.3633,65.5401,65.758,66.025,66.2603,66.4015,66.4964,66.5783,66.655

Brightness max : 412.50
Brightness min : 225.00
Feature direction : Poleward
Feature speed : Slow
Feature type : Curve
Start frame : 1
End frame : 185
Start time (s) : 0.000
End time (s) : 1617.730
Time step (s) : 8.792

