KYMOANALYSIS DATA

General Information :

Tiff path : E:\Google Drive\microtubule dynamics and cut7\20-15 screens and tests\gtb1-K5A\19-08-01&02 (gtb1-K5A, cut7-3GFP and MTs)\
Spindle type : Bipolar
Start frame : 1
End frame : 208
Start time (s) : 0.000
End time (s) : 1822.090
Time step (s) : 8.802
Num poles : 2
Num tracks : 8
Num tracks poleward : 0
Num tracks antipoleward : 0
Num tracks ambiguous : 2
Comments : {

}
Poles Information :


Pole number : 1

Time (s) : 701.45675,704.29097,710.16724,717.6961,724.2495,729.15031,733.32201,737.04957,740.46203,743.78398,747.10593,750.42788,753.74983,757.07178,760.48423,764.2118,768.29299,772.42617,776.50737,780.14443,783.06076,785.30836,787.46545,789.79517,791.95226,794.19986,797.02569,800.25714,803.57909,806.90104,810.3135,813.95055,817.53563,820.59446,823.6918,827.41937,831.90618,836.7986,841.78152,846.67395,851.25126,855.47494,859.55614,863.3742,867.10177,870.59634,873.15905,875.00103,876.66201,878.32298,879.98396,881.64493,883.39641,885.55351,888.28883,891.02416,893.18126,894.93274,896.50321,897.75857,898.7508,900.00617,901.57664,903.23761,904.89859,906.55956,908.22054,909.88151,911.54249,913.20347,914.95495,917.02153,919.44175,922.00446,924.9208,928.06174,931.15909,934.53302,938.38123,941.75516,944.762,947.58783,950.15054,952.66126,955.13346,957.55368,959.71078,961.86787,964.19759,966.26417,968.19666,970.75937,974.34445,978.38712,982.55882,986.692,990.77319,994.50076,997.82271,1000.6485,1002.8961,1004.9627,1006.8868,1008.2847,1009.6305,1011.201,1012.862,1014.6135,1016.6801,1019.0098,1021.0764,1022.8278,1024.5793,1026.7364,1029.4717,1032.2976,1034.8603,1037.2805,1039.3471,1041.1891,1043.1652,1045.1798,1047.0737,1049.675,1053.2215,1057.3027,1061.4359,1065.4266,1068.7485,1071.4017,1073.822,1075.9791,1078.1361,1080.5564,1083.0286,1085.4488,1087.6059,1089.944,1093.1754,1097.1661,1101.4803,1106.4632,1111.9339,1116.7358,1120.2388,1123.073,1126.3949,1130.2046,1133.5266,1136.1798,1138.6905,1141.2532,1144.3506,1148.3932,1153.2337,1158.2686,1163.6956,1169.2183,1174.1492,1178.0193,1181.2892,1183.7614,1185.5129,1186.7683,1187.851,1189.512,1191.7512,1193.8178,1195.5693,1197.3208,1199.3873,1201.7171,1203.7837,1205.5351,1207.2866,1209.3532,1211.6829,1213.84,1216.0876,1219.0039,1222.641,1226.8127,1231.442,1236.6881,1241.8956,1246.4729,1250.3815,1254.1995,1258.1902,1262.0083,1265.8264,1269.9076,1274.0407,1278.2124,1282.2551,1285.9307,1289.1705,1292.9886,1297.648,1302.1868,1306.3585,1310.0861,1313.3175,1315.7377,1317.3166,1319.0681,1321.3073,1323.3739,1325.1254,1326.7863,1328.4473,1330.1083,1331.8598,1333.9264,1336.3466,1338.9093,1341.9161,1345.5532,1349.5439,1353.3619,1357.18,1361.1707,1364.8983,1368.2202,1371.0461,1373.2031,1374.9546,1376.6156,1378.3671,1380.4337,1382.7634,1384.83,1386.5815,1388.3329,1390.49,1393.2254,1396.0512,1398.7044,1401.5302,1404.2656,1406.4227,1408.1741,1409.8351,1411.4961,1413.1571,1414.9085,1417.0656,1419.8915,1423.2134,1426.941,1430.8412,1434.0726,1436.3202,1438.0717,1439.7327,1441.3936,1443.1451,1445.3022,1448.2185,1451.8556,1455.8463,1459.6644,1463.4824,1467.4731,1471.2007,1474.7037,1478.4312,1482.6029,1487.3227,1493.0649,1499.4373,1505.4946,1510.387,1513.9804,1517.2203,1521.1205,1525.0206,1528.0795,1530.5902,1532.6568,1534.4083,1536.1597,1538.3168,1541.0522,1543.9685,1546.8463,1549.8917,1553.5891,1559.0983,1565.3802,1571.4458,1577.5031,1583.1548,1587.8746,1592.1368,1596.1795,1599.855,1603.0044,1606.4168,1610.4075,1614.6312,1619.299,1624.597,1630.2487,1635.5468,1640.2146,1644.4382,1648.5194,1652.1565,1655.1633,1657.7261,1660.2368,1662.7995,1665.8063,1669.4434,1673.3436,1676.6655,1679.4997,1682.9122,1687.218,1691.6143,1695.3419,1698.2582,1700.4153,1702.1668,1704.0088,1706.5715,1710.1565,1714.2897,1718.9575,1724.3461,1730.4939,1737.0473,1743.6007,1749.6579,1754.7314,1759.1361,1763.6229,1768.2907,1773.5066,1780.0985,1787.7782,1795.7596,1802.6281,1807.7016,1811.114,1813.3616,1815.1131,1816.7741,1818.4351,1820.0055,1821.1704,1821.6665

Position (um) : 3.1819,3.1819,3.1819,3.1819,3.1819,3.1819,3.1819,3.1819,3.1819,3.1808,3.1748,3.1618,3.1477,3.1357,3.1215,3.1085,3.1025,3.1014,3.1014,3.1014,3.1014,3.1014,3.1014,3.1014,3.1014,3.1014,3.1014,3.1014,3.1014,3.1003,3.0954,3.0873,3.0824,3.0813,3.0802,3.0753,3.0671,3.0622,3.0611,3.0611,3.0611,3.0611,3.0611,3.0611,3.06,3.0551,3.047,3.0421,3.041,3.041,3.0421,3.047,3.0551,3.06,3.0611,3.0611,3.0611,3.0611,3.06,3.0551,3.047,3.0421,3.0399,3.035,3.0269,3.022,3.0209,3.0198,3.0149,3.0067,3.0007,2.9947,2.9866,2.9806,2.9746,2.9654,2.9544,2.9403,2.9273,2.9202,2.9142,2.905,2.8951,2.8848,2.875,2.8647,2.8549,2.8457,2.8397,2.8336,2.8244,2.8135,2.7972,2.7732,2.745,2.72,2.6976,2.6726,2.6454,2.6253,2.6133,2.603,2.5931,2.5828,2.573,2.5627,2.5529,2.5426,2.5316,2.5164,2.4985,2.4844,2.4772,2.4701,2.456,2.437,2.4179,2.4038,2.3967,2.3907,2.3815,2.3706,2.3564,2.3412,2.3243,2.301,2.277,2.2569,2.2417,2.2296,2.2155,2.2014,2.1894,2.1741,2.1551,2.1361,2.1209,2.1077,2.0876,2.0594,2.0294,1.999,1.969,1.9407,1.9195,1.9015,1.8781,1.8553,1.8401,1.8341,1.833,1.833,1.833,1.8319,1.827,1.8177,1.8079,1.7976,1.7878,1.7786,1.7737,1.7726,1.7715,1.7665,1.7584,1.7524,1.7464,1.7372,1.7274,1.7182,1.7133,1.7111,1.7061,1.698,1.6931,1.692,1.692,1.692,1.6909,1.686,1.6779,1.673,1.6719,1.6719,1.6719,1.6719,1.6719,1.6719,1.6719,1.6719,1.6719,1.6719,1.6719,1.6719,1.6719,1.6719,1.6708,1.6659,1.6578,1.6529,1.6518,1.6518,1.6507,1.6457,1.6376,1.6316,1.6256,1.6175,1.6126,1.6104,1.6055,1.5974,1.5914,1.5853,1.5761,1.5663,1.556,1.5462,1.5359,1.526,1.5168,1.5108,1.5048,1.4967,1.4918,1.4907,1.4907,1.4907,1.4907,1.4907,1.4918,1.4967,1.5048,1.5108,1.5168,1.526,1.537,1.5511,1.5652,1.5761,1.5853,1.5903,1.5914,1.5914,1.5914,1.5914,1.5914,1.5914,1.5914,1.5914,1.5914,1.5914,1.5914,1.5914,1.5914,1.5925,1.5974,1.6055,1.6104,1.6126,1.6175,1.6256,1.6305,1.6316,1.6316,1.6327,1.6376,1.6457,1.6518,1.6589,1.6719,1.686,1.6969,1.7061,1.7122,1.7182,1.7263,1.7312,1.7323,1.7323,1.7323,1.7312,1.7263,1.7182,1.7133,1.7111,1.7061,1.6969,1.6871,1.6768,1.667,1.6567,1.6457,1.6305,1.6126,1.5974,1.5853,1.5712,1.5571,1.5451,1.5299,1.5108,1.4907,1.4706,1.4515,1.4363,1.4243,1.4091,1.3911,1.3759,1.365,1.3558,1.3498,1.3426,1.3285,1.3106,1.2965,1.2893,1.2822,1.2681,1.2502,1.2361,1.2289,1.2229,1.2148,1.2088,1.2028,1.1936,1.1838,1.1735,1.1636,1.1533,1.1435,1.1332,1.1234,1.1142,1.1081,1.1021,1.094,1.088,1.082,1.0739,1.069,1.0679,1.0679,1.0679,1.0679,1.0679,1.0679,1.0679,1.0668,1.0619,1.0538

Intensity : 593.1732,615.3383,632.7434,651.8937,662.9119,666.153,669.1109,671.8482,670.6874,661.8503,653.6942,643.125,630.8577,618.0112,602.6394,585.4794,578.0681,578.0678,586.0565,601.4828,613.8522,623.8308,633.4863,643.9146,653.5702,657.1152,660.497,664.3642,666.8641,669.4041,674.567,680.2542,686.1705,691.8995,697.4213,702.675,696.6395,691.2932,684.972,683.1655,688.8506,696.7839,708.5193,719.2564,728.4167,735.6704,736.0251,735.4125,735.9859,736.9294,738.243,738.0711,738.1869,736.5429,732.7941,725.2992,718.3715,712.7464,707.4988,702.65,697.4973,691.9258,685.6536,678.834,671.9312,665.5562,659.15,652.7802,646.5168,640.6391,634.7369,629.1949,623.3077,615.3656,607.3428,599.895,593.1074,588.7858,587.8599,587.4743,586.3594,585.0952,583.832,582.535,578.7722,573.4724,568.3621,561.1507,555.4422,550.5041,545.1447,536.1417,524.8369,512.5157,496.214,485.2785,474.4808,468.8486,465.452,465.1715,466.6952,467.4757,468.2108,469.5203,471.1443,473.2889,473.5521,473.7684,474.4553,475.4804,476.6628,475.3971,474.5532,473.7347,473.0611,465.8977,459.3594,454.9406,451.3216,446.145,440.4802,434.8415,429.54,419.3712,404.4459,387.8728,372.4063,358.8011,350.483,344.6049,339.687,338.0645,337.0753,336.4925,336.3285,334.7621,334.599,334.506,333.2725,329.6132,324.6726,317.091,313.3022,313.8686,316.0918,318.0577,320.1425,322.2712,324.6123,326.2366,326.4112,326.5983,326.8404,328.6834,331.3335,339.8676,349.8382,362.1318,374.8581,386.3176,397.0661,405.4152,411.4793,417.1934,423.5917,432.1814,443.6664,456.0948,467.902,479.6987,489.6674,499.3962,508.9595,515.3063,517.0804,517.7438,518.539,519.2753,516.134,508.424,498.3858,480.0827,458.206,442.4709,429.9821,425.8107,423.3115,428.944,434.8311,434.8943,434.0236,430.9459,426.2538,417.6956,404.8394,393.3289,383.8301,372.7877,360.6173,349.0365,341.4885,335.1365,330.3975,327.528,325.9337,323.9616,321.2325,318.6947,316.3979,314.081,311.8547,310.1624,308.6897,307.1398,305.4338,304.8901,306.6389,309.205,313.1513,317.6797,320.9058,321.7368,322.8692,325.338,327.0834,328.1518,329.9658,331.6861,333.5001,335.6405,338.782,342.1666,343.7297,345.6474,348.2003,347.5462,346.0221,343.4503,339.3316,335.5405,332.485,330.7381,329.4586,328.3858,327.3129,326.1816,324.7884,324.5291,324.3027,324.2569,324.8394,325.3219,326.2253,327.135,327.9976,328.8474,329.7557,330.4026,331.7262,334.0286,338.5425,342.8158,346.7883,350.9562,355.6463,361.3454,367.3421,377.906,390.6887,411.5663,431.8165,446.5189,442.1813,438.9779,432.3202,424.3506,419.798,418.8716,418.7713,422.6594,429.0853,435.7534,444.794,456.5303,467.2904,477.2857,487.5391,495.6154,504.7493,501.643,492.556,476.7047,451.1254,425.4298,402.2104,381.0398,361.1034,348.4297,342.3567,335.3874,338.2824,343.2605,349.0575,349.7913,343.3576,335.216,327.1245,322.1866,320.2914,320.5787,325.2466,329.8954,333.8384,340.1549,351.2522,365.383,378.1119,386.9522,396.2555,409.3607,423.5496,432.1391,436.8002,438.8486,441.4365,442.6234,442.8164,436.6741,425.0095,412.3616,396.7299,381.3035,375.4402,381.8681,392.522,404.3414,415.3537,422.2732,427.8261,428.6914,427.926,427.7037,431.4855,438.7804,439.5645,438.3983,437.5127,434.135,430.9318,427.7286,425.0534,423.4352,423.5378

Time pixel : 79.68956,80.01154,80.67912,81.53444,82.27895,82.83571,83.30964,83.73311,84.12078,84.49818,84.87557,85.25296,85.63036,86.00775,86.39542,86.8189,87.28254,87.7521,88.21574,88.62893,88.96025,89.21559,89.46065,89.72532,89.97037,90.22571,90.54674,90.91386,91.29125,91.66864,92.05632,92.46951,92.87679,93.22429,93.57617,93.99964,94.50937,95.06518,95.63127,96.18707,96.70708,97.18692,97.65057,98.08432,98.50779,98.9048,99.19594,99.4052,99.59389,99.78259,99.97129,100.16,100.359,100.604,100.9148,101.2255,101.4706,101.6696,101.848,101.9906,102.1033,102.2459,102.4243,102.613,102.8017,102.9904,103.1791,103.3678,103.5565,103.7452,103.9442,104.179,104.4539,104.7451,105.0764,105.4332,105.7851,106.1684,106.6056,106.9889,107.3304,107.6515,107.9426,108.2278,108.5087,108.7837,109.0287,109.2738,109.5384,109.7732,109.9928,110.2839,110.6912,111.1505,111.6244,112.0939,112.5576,112.9811,113.3585,113.6795,113.9348,114.1696,114.3882,114.547,114.6999,114.8783,115.067,115.266,115.5008,115.7654,116.0002,116.1992,116.3982,116.6432,116.954,117.275,117.5661,117.8411,118.0759,118.2851,118.5096,118.7385,118.9537,119.2492,119.6521,120.1157,120.5853,121.0386,121.416,121.7175,121.9924,122.2375,122.4825,122.7575,123.0383,123.3133,123.5583,123.824,124.1911,124.6444,125.1346,125.7006,126.3221,126.8677,127.2656,127.5876,127.965,128.3978,128.7752,129.0766,129.3619,129.653,130.0049,130.4641,131.014,131.586,132.2026,132.83,133.3902,133.8298,134.2013,134.4822,134.6811,134.8238,134.9468,135.1355,135.3899,135.6246,135.8236,136.0226,136.2574,136.522,136.7568,136.9558,137.1548,137.3895,137.6542,137.8993,138.1546,138.4859,138.8991,139.373,139.899,140.4949,141.0865,141.6066,142.0506,142.4843,142.9377,143.3715,143.8052,144.2689,144.7384,145.2124,145.6716,146.0892,146.4573,146.891,147.4203,147.936,148.4099,148.8334,149.2005,149.4754,149.6548,149.8538,150.1082,150.343,150.5419,150.7306,150.9193,151.108,151.307,151.5418,151.8167,152.1079,152.4495,152.8627,153.316,153.7498,154.1835,154.6369,155.0604,155.4378,155.7588,156.0038,156.2028,156.3915,156.5905,156.8253,157.0899,157.3247,157.5237,157.7227,157.9677,158.2785,158.5995,158.9009,159.222,159.5327,159.7778,159.9768,160.1655,160.3541,160.5428,160.7418,160.9869,161.3079,161.6853,162.1088,162.5519,162.919,163.1743,163.3733,163.562,163.7507,163.9497,164.1947,164.526,164.9392,165.3926,165.8263,166.2601,166.7135,167.1369,167.5349,167.9584,168.4323,168.9685,169.6208,170.3448,171.0329,171.5887,171.997,172.365,172.8081,173.2512,173.5987,173.8839,174.1187,174.3177,174.5167,174.7617,175.0725,175.4038,175.7307,176.0767,176.4967,177.1226,177.8363,178.5254,179.2135,179.8556,180.3918,180.876,181.3353,181.7528,182.1106,182.4983,182.9516,183.4315,183.9618,184.5637,185.2057,185.8076,186.3379,186.8177,187.2814,187.6946,188.0362,188.3273,188.6125,188.9037,189.2453,189.6585,190.1015,190.4789,190.8009,191.1886,191.6778,192.1772,192.6007,192.932,193.177,193.376,193.5853,193.8764,194.2837,194.7533,195.2836,195.8957,196.5941,197.3387,198.0832,198.7713,199.3477,199.8481,200.3578,200.8881,201.4806,202.2295,203.102,204.0087,204.789,205.3654,205.7531,206.0084,206.2074,206.3961,206.5848,206.7632,206.8955,206.9519

Position pixel : 29.8213,29.8213,29.8213,29.8213,29.8213,29.8213,29.8213,29.8213,29.8213,29.811,29.7547,29.6326,29.5003,29.3876,29.2552,29.1332,29.0768,29.0665,29.0665,29.0665,29.0665,29.0665,29.0665,29.0665,29.0665,29.0665,29.0665,29.0665,29.0665,29.0563,29.0102,28.9342,28.8881,28.8778,28.8676,28.8215,28.7455,28.6994,28.6892,28.6892,28.6892,28.6892,28.6892,28.6892,28.6789,28.6328,28.5568,28.5107,28.5005,28.5005,28.5107,28.5568,28.6328,28.6789,28.6892,28.6892,28.6892,28.6892,28.6789,28.6328,28.5568,28.5107,28.4902,28.4441,28.3681,28.322,28.3118,28.3015,28.2554,28.1794,28.1231,28.0667,27.9907,27.9344,27.878,27.7917,27.6893,27.557,27.4349,27.3683,27.3119,27.2257,27.1335,27.037,26.9448,26.8483,26.7561,26.6699,26.6135,26.5571,26.4709,26.3684,26.2155,25.991,25.7264,25.4916,25.2823,25.0476,24.7932,24.6045,24.4918,24.3952,24.3031,24.2065,24.1144,24.0178,23.9257,23.8291,23.7267,23.5841,23.4159,23.2836,23.217,23.1503,23.018,22.8396,22.6611,22.5288,22.4622,22.4058,22.3196,22.2171,22.0848,21.9422,21.7834,21.5648,21.3403,21.1516,21.009,20.8962,20.7639,20.6316,20.5188,20.3762,20.1978,20.0194,19.8768,19.7538,19.5651,19.3004,19.0196,18.7343,18.4535,18.1888,17.9898,17.8207,17.6021,17.3879,17.2453,17.189,17.1787,17.1787,17.1787,17.1684,17.1223,17.0361,16.9439,16.8474,16.7552,16.6689,16.6229,16.6126,16.6023,16.5562,16.4802,16.4239,16.3675,16.2813,16.1891,16.1029,16.0568,16.0362,15.9901,15.9142,15.8681,15.8578,15.8578,15.8578,15.8475,15.8014,15.7255,15.6794,15.6691,15.6691,15.6691,15.6691,15.6691,15.6691,15.6691,15.6691,15.6691,15.6691,15.6691,15.6691,15.6691,15.6691,15.6588,15.6127,15.5368,15.4907,15.4804,15.4804,15.4701,15.424,15.3481,15.2917,15.2353,15.1594,15.1133,15.0927,15.0466,14.9707,14.9143,14.858,14.7717,14.6795,14.583,14.4908,14.3943,14.3021,14.2159,14.1595,14.1032,14.0272,13.9811,13.9708,13.9708,13.9708,13.9708,13.9708,13.9811,14.0272,14.1032,14.1595,14.2159,14.3021,14.4046,14.5369,14.6693,14.7717,14.858,14.904,14.9143,14.9143,14.9143,14.9143,14.9143,14.9143,14.9143,14.9143,14.9143,14.9143,14.9143,14.9143,14.9143,14.9246,14.9707,15.0466,15.0927,15.1133,15.1594,15.2353,15.2814,15.2917,15.2917,15.302,15.3481,15.424,15.4804,15.547,15.6691,15.8014,15.9039,15.9901,16.0465,16.1029,16.1788,16.2249,16.2352,16.2352,16.2352,16.2249,16.1788,16.1029,16.0568,16.0362,15.9901,15.9039,15.8117,15.7152,15.623,15.5265,15.424,15.2814,15.1133,14.9707,14.858,14.7256,14.5933,14.4806,14.3379,14.1595,13.9708,13.7821,13.6037,13.4611,13.3484,13.2058,13.0376,12.895,12.7926,12.7063,12.65,12.5833,12.451,12.2828,12.1505,12.0839,12.0172,11.8849,11.7168,11.5844,11.5178,11.4614,11.3854,11.3291,11.2727,11.1865,11.0943,10.9978,10.9056,10.8091,10.7169,10.6204,10.5282,10.442,10.3856,10.3292,10.2533,10.1969,10.1405,10.0646,10.0185,10.0082,10.0082,10.0082,10.0082,10.0082,10.0082,10.0082,9.99792,9.95184,9.87587

Pole type : Curve
Start frame : 1
End frame : 208
Start time (s) : 0.000
End time (s) : 1822.090
Time step (s) : 8.802

Pole number : 2

Time (s) : 702.84621,704.01107,705.58154,707.24252,708.90349,710.56447,712.22544,713.88642,715.45689,716.71225,717.70449,718.95985,720.53032,722.1913,723.85227,725.51325,727.17422,728.8352,730.49617,732.15715,733.81812,735.4791,737.14007,738.80105,740.46203,742.123,743.78398,745.44495,747.10593,748.7669,750.42788,752.08885,753.74983,755.4108,757.07178,758.73275,760.39373,762.05471,763.71568,765.37666,767.03763,768.69861,770.35958,772.02056,773.68153,775.34251,777.00348,778.66446,780.41594,782.48253,784.81224,786.87883,788.63031,790.29129,791.95226,793.70374,795.77033,798.19055,800.75326,803.57909,806.40492,808.96763,811.38785,813.45444,815.20592,816.86689,818.52787,820.27935,822.34594,824.67565,826.74224,828.49372,830.2452,832.31179,834.64151,836.70809,838.45957,840.30156,842.86426,846.35884,849.90539,852.82173,854.97882,856.7303,858.39128,860.05225,861.71323,863.46471,865.5313,867.86101,870.01811,872.2657,875.09154,878.32298,881.64493,884.87638,887.79272,890.35542,892.77564,894.84223,896.59371,898.25469,899.91566,901.66714,903.73373,906.06345,908.13004,909.88151,911.54249,913.20347,914.86444,916.52542,918.18639,919.84737,921.59885,923.66543,926.08566,928.55786,930.97808,933.04467,934.79615,936.36662,937.62198,938.70472,940.36569,942.5144,944.26588,945.75423,947.67834,949.74492,951.90202,954.32224,956.88494,959.71078,962.53661,965.09932,967.51954,969.67663,971.92423,974.75006,977.891,980.71684,982.87393,984.62541,986.28638,987.94736,989.60833,991.26931,992.83978,994.09514,995.08738,996.34274,997.82271,999.07807,1000.0703,1001.3257,1002.8961,1004.5571,1006.2181,1007.8791,1009.54,1011.201,1012.862,1014.523,1016.1839,1017.8449,1019.4154,1020.6707,1021.663,1022.9183,1024.4888,1026.1498,1027.8108,1029.4717,1031.2232,1033.3803,1036.2061,1039.4376,1042.7595,1045.991,1048.8168,1050.9739,1052.7254,1054.3864,1056.1379,1058.2949,1061.2113,1064.9388,1069.3352,1073.641,1077.1439,1080.3837,1084.3744,1088.6802,1092.4078,1095.3241,1097.4812,1099.3232,1101.4803,1104.3061,1107.4471,1110.4539,1113.4222,1116.6922,1119.9756,1123.2456,1126.1234,1128.7247,1131.1969,1133.7076,1136.1798,1138.6,1140.6666,1142.5991,1145.0713,1148.2507,1151.7152,1155.8869,1160.6888,1165.5812,1170.1585,1174.2917,1178.0578,1181.7032,1186.3711,1192.1568,1197.899,1203.1149,1208.4515,1213.659,1218.1458,1221.5583,1224.302,1227.1278,1229.8631,1232.1107,1234.3583,1237.0937,1240.01,1243.0688,1246.6539,1250.2005,1253.2073,1255.8605,1258.6863,1261.4217,1263.5788,1265.4208,1267.5778,1270.4037,1273.5446,1276.461,1279.1142,1281.94,1284.7658,1287.3285,1289.7488,1291.8153,1293.5668,1295.3183,1297.4754,1300.2107,1303.0366,1305.5993,1308.0195,1310.0861,1311.8376,1313.4985,1315.25,1317.3166,1319.6463,1321.7129,1323.4644,1325.1254,1326.8768,1328.9434,1331.3637,1334.0169,1337.5198,1342.5027,1348.8751,1355.4201,1360.4936,1364.32,1368.3107,1372.1204,1374.7736,1376.6156,1378.3671,1380.3432,1382.4483,1384.7479,1387.8368,1390.8873,1393.1348,1394.8863,1396.5473,1398.2083,1399.8693,1401.5302,1403.1912,1404.8522,1406.5132,1408.0836,1409.339,1410.4217,1412.1732,1414.9085,1418.321,1422.5447,1427.7002,1432.9078,1437.5756,1441.7087,1445.3843,1448.4432,1451.3595,1454.1853,1456.8385,1459.7549,1463.0768,1466.8044,1470.7951,1474.6131,1478.3407,1481.9258,1484.9846,1488.082,1491.719,1495.8002,1500.0239,1504.6917,1510.1708,1516.6336,1523.5407,1530.2366,1536.8285,1543.0282,1548.8609,1554.34,1559.819,1565.4707,1570.9497,1576.5193,1582.3955,1587.6416,1591.7832,1596.1359,1601.3434,1606.9951,1612.5646,1618.4493,1625.1317,1632.7293,1641.2889,1649.0072,1655.5773,1663.1615,1672.1787,1680.8808,1687.7057,1693.3742,1700.1991,1708.9012,1717.8279,1725.0064,1730.7268,1737.4093,1745.1711,1752.5743,1759.0456,1765.3743,1771.8372,1777.985,1783.2831,1787.4548,1790.6946,1794.107,1798.0072,1801.8253,1805.8244,1810.8073,1816.8646,1823.1012,1827.9635,1830.2823,1830.8471

Position (um) : 3.2412,3.2363,3.2282,3.2233,3.2222,3.2222,3.2222,3.2222,3.2233,3.2282,3.2363,3.2412,3.2423,3.2423,3.2423,3.2423,3.2423,3.2423,3.2423,3.2423,3.2423,3.2423,3.2423,3.2423,3.2423,3.2423,3.2423,3.2423,3.2423,3.2423,3.2423,3.2423,3.2423,3.2423,3.2423,3.2423,3.2423,3.2412,3.2363,3.2282,3.2222,3.2162,3.207,3.1972,3.1879,3.183,3.1819,3.1819,3.1819,3.1819,3.1819,3.1819,3.1819,3.1819,3.1819,3.1819,3.1819,3.1819,3.1819,3.1808,3.1759,3.1667,3.1569,3.1477,3.1428,3.1417,3.1417,3.1417,3.1417,3.1417,3.1417,3.1417,3.1417,3.1417,3.1417,3.1417,3.1417,3.1406,3.1357,3.1275,3.1215,3.1155,3.1074,3.1025,3.1014,3.1014,3.1014,3.1014,3.1014,3.1014,3.1014,3.1014,3.1014,3.1025,3.1074,3.1155,3.1204,3.1226,3.1275,3.1357,3.1417,3.1477,3.1558,3.1618,3.1678,3.1759,3.1819,3.1879,3.1961,3.2021,3.2081,3.2162,3.2222,3.2282,3.2374,3.2473,3.2576,3.2685,3.2837,3.3016,3.3158,3.3229,3.3289,3.337,3.3419,3.3441,3.349,3.3582,3.3681,3.3773,3.3833,3.3904,3.4034,3.4175,3.4285,3.4388,3.4497,3.4638,3.479,3.496,3.5193,3.5432,3.5634,3.5775,3.5846,3.5906,3.5998,3.6097,3.62,3.6298,3.6401,3.6499,3.6602,3.6701,3.6804,3.6913,3.7054,3.7195,3.7305,3.7397,3.7457,3.7517,3.7598,3.7658,3.7718,3.7799,3.786,3.792,3.8001,3.805,3.8061,3.8061,3.8061,3.8072,3.8121,3.8202,3.8251,3.8262,3.8262,3.8273,3.8322,3.8403,3.8453,3.8475,3.8524,3.8616,3.8725,3.8877,3.9057,3.9209,3.9318,3.9421,3.9519,3.9622,3.9721,3.9813,3.9862,3.9884,3.9933,4.0014,4.0063,4.0074,4.0074,4.0074,4.0074,4.0074,4.0074,4.0074,4.0074,4.0085,4.0134,4.0215,4.0265,4.0276,4.0276,4.0276,4.0276,4.0287,4.0336,4.0417,4.0466,4.0477,4.0477,4.0488,4.0537,4.0618,4.0678,4.0738,4.0819,4.0869,4.088,4.088,4.088,4.0891,4.094,4.1021,4.107,4.1092,4.1141,4.1222,4.1271,4.1282,4.1293,4.1342,4.1423,4.1473,4.1484,4.1484,4.1495,4.1544,4.1625,4.1674,4.1696,4.1745,4.1826,4.1875,4.1886,4.1886,4.1886,4.1897,4.1946,4.2028,4.2077,4.2088,4.2088,4.2088,4.2088,4.2088,4.2088,4.2099,4.2148,4.2229,4.2278,4.2289,4.23,4.2349,4.243,4.2479,4.249,4.2501,4.255,4.2632,4.2681,4.2703,4.2752,4.2833,4.2882,4.2893,4.2893,4.2904,4.2953,4.3034,4.3083,4.3105,4.3154,4.3236,4.3285,4.3296,4.3296,4.3296,4.3296,4.3296,4.3296,4.3285,4.3236,4.3154,4.3094,4.3023,4.2893,4.2752,4.2643,4.254,4.2441,4.2349,4.2289,4.2229,4.2148,4.2099,4.2088,4.2088,4.2088,4.2088,4.2088,4.2088,4.2088,4.2088,4.2088,4.2088,4.2088,4.2088,4.2088,4.2088,4.2088,4.2099,4.2148,4.2229,4.2278,4.23,4.2349,4.243,4.249,4.255,4.2643,4.2741,4.2833,4.2893,4.2953,4.3034,4.3094,4.3154,4.3247,4.3356,4.3508,4.3687,4.3829,4.39,4.396,4.4052,4.415,4.4242,4.4302,4.4373,4.4504,4.4634,4.4705,4.4765,4.4857,4.4956,4.5059,4.5157,4.5249,4.5298,4.532,4.5369,4.545,4.551,4.5571,4.5652,4.5701,4.5723,4.5772,4.5864,4.5973,4.6125,4.6305,4.6446,4.6506

Intensity : 570.30339,582.27884,593.57283,601.89945,607.12785,611.43277,615.7377,619.63542,621.97637,620.06324,614.53175,612.44359,614.55799,617.36645,618.49863,619.63081,620.76299,621.89517,623.02735,624.47421,625.94129,627.40838,628.87546,630.34255,628.46688,624.7117,620.95652,617.20134,613.44616,608.98001,603.1373,597.29459,591.45188,585.60917,579.70022,572.24421,564.78821,558.10165,553.99834,551.87405,553.21968,556.39067,561.831,565.67433,566.20425,569.00172,574.78517,580.40581,586.33271,593.32592,601.65878,609.31437,615.80266,621.95568,628.1087,629.96396,631.1967,632.64038,634.16906,634.60474,636.56294,640.68792,647.91548,655.8882,661.42731,664.97402,667.97287,670.92549,674.39556,678.30745,681.77752,682.24363,681.1381,679.83367,678.36315,676.65623,674.09182,672.02133,671.10948,674.05194,681.29253,687.99611,697.24288,705.19399,710.56138,715.25368,719.94598,724.84342,730.55617,736.9963,742.95923,747.403,749.20042,750.69079,747.28284,738.60126,732.2438,725.03533,714.81086,704.77064,696.73273,688.77544,679.16682,670.01709,659.70671,647.8402,636.14964,625.40686,614.46519,604.00844,593.12425,582.23869,572.6345,563.17921,552.3747,540.27629,527.48841,514.78721,501.31205,488.72539,486.88721,486.98308,487.14122,487.05324,487.89013,491.03587,496.27769,500.51985,506.3607,512.94943,520.53004,529.28588,538.17359,546.72611,547.2814,547.36799,546.88654,541.77484,534.40922,525.62024,514.77978,501.96732,492.72295,486.68239,483.03328,479.74268,475.94671,472.28664,468.89713,465.95227,462.62317,459.24928,455.85144,452.9775,450.38819,447.7709,444.79343,440.55067,436.20055,431.82441,428.0283,424.4449,420.01295,414.88667,409.93056,404.87132,400.49224,396.97896,393.52207,389.41778,384.80523,380.03054,375.25585,370.43672,365.3229,359.16311,351.4149,344.06785,341.21419,338.49299,337.81198,338.74838,339.11537,339.45163,339.75743,341.58694,344.12267,347.11977,349.58011,352.32369,359.30724,366.58547,378.37389,394.87843,408.9643,419.04879,426.61417,433.18711,439.44416,446.24365,454.10977,458.44793,458.71413,459.0074,457.28449,454.3986,451.85881,445.93672,439.32034,432.65436,426.36814,420.58283,415.50479,410.60595,403.89886,394.15123,383.52996,374.11044,365.06931,353.78217,342.69745,335.1231,328.59459,322.99315,316.62564,320.46197,331.46148,349.07357,365.03512,378.36519,379.67786,378.29643,375.53389,368.27708,361.02824,354.88423,352.08591,349.36294,346.49058,348.23944,353.74761,359.58538,368.26811,376.37316,385.53751,391.27177,395.43854,398.86911,402.96542,400.92621,398.8544,395.73405,389.75307,383.44095,377.24522,373.38977,369.98192,367.05011,364.56533,365.47708,367.9569,371.35145,375.07172,380.49287,385.53397,389.83849,393.3464,395.98815,398.77385,402.17381,406.38607,409.60069,411.64071,413.21357,414.84703,416.95587,417.57936,417.73494,417.65893,417.92435,417.13208,414.06636,411.17835,408.36822,398.7326,389.21073,381.92277,376.84381,372.18678,366.83584,360.96651,354.7324,347.05221,339.87971,337.95916,336.94311,335.93692,334.64898,333.797,335.47359,337.15019,338.82678,340.50338,341.90527,342.34478,342.14468,343.06218,344.99589,346.57235,348.40678,348.03904,340.16979,333.55264,328.19122,323.89537,320.49753,317.66133,316.71822,316.54678,316.25201,315.44099,314.12386,312.54206,310.37329,308.25593,304.08727,300.26477,296.64351,293.98056,290.99242,292.65399,295.36394,306.50536,319.97981,331.72638,332.69501,327.95563,326.4771,330.22012,351.48245,378.46074,414.96976,448.26907,479.24568,504.72725,524.09903,538.29657,554.0976,573.36073,591.66081,613.49458,640.45875,675.85137,720.55127,759.41788,783.12043,797.92439,805.7644,808.44882,833.42282,872.92881,914.06862,968.07555,1011.276,1018.1356,1009.1454,1000.5614,986.70429,975.59389,967.37401,958.0638,948.92209,933.98143,907.07069,876.54862,854.79767,842.67604,829.62346,828.43312,835.88077,846.04644,865.86667,880.62819,884.34885,868.64666,852.66147,844.92758

Time pixel : 79.84741,79.97974,80.15816,80.34686,80.53555,80.72425,80.91294,81.10164,81.28006,81.42267,81.5354,81.67801,81.85643,82.04512,82.23382,82.42252,82.61121,82.79991,82.98861,83.1773,83.366,83.55469,83.74339,83.93209,84.12078,84.30948,84.49818,84.68687,84.87557,85.06427,85.25296,85.44166,85.63036,85.81905,86.00775,86.19644,86.38514,86.57384,86.76253,86.95123,87.13993,87.32862,87.51732,87.70602,87.89471,88.08341,88.27211,88.4608,88.65978,88.89456,89.15923,89.394,89.59298,89.78168,89.97037,90.16935,90.40413,90.67908,90.97022,91.29125,91.61228,91.90342,92.17837,92.41315,92.61212,92.80082,92.98952,93.1885,93.42327,93.68794,93.92272,94.1217,94.32067,94.55545,94.82012,95.0549,95.25387,95.46313,95.75427,96.15128,96.55419,96.8855,97.13056,97.32954,97.51823,97.70693,97.89562,98.0946,98.32938,98.59405,98.83911,99.09445,99.41548,99.78259,100.16,100.5271,100.8584,101.1495,101.4245,101.6593,101.8582,102.0469,102.2356,102.4346,102.6694,102.9341,103.1688,103.3678,103.5565,103.7452,103.9339,104.1226,104.3113,104.5,104.699,104.9338,105.2087,105.4896,105.7645,105.9993,106.1983,106.3767,106.5193,106.6423,106.831,107.0751,107.2741,107.4432,107.6618,107.8965,108.1416,108.4165,108.7077,109.0287,109.3497,109.6409,109.9158,110.1609,110.4162,110.7373,111.0941,111.4151,111.6602,111.8592,112.0479,112.2366,112.4253,112.6139,112.7924,112.935,113.0477,113.1903,113.3585,113.5011,113.6138,113.7564,113.9348,114.1235,114.3122,114.5009,114.6896,114.8783,115.067,115.2557,115.4444,115.6331,115.8115,115.9541,116.0668,116.2095,116.3879,116.5766,116.7653,116.954,117.1529,117.398,117.719,118.0861,118.4635,118.8306,119.1517,119.3967,119.5957,119.7844,119.9834,120.2284,120.5598,120.9832,121.4827,121.9718,122.3698,122.7379,123.1912,123.6804,124.1039,124.4352,124.6802,124.8895,125.1346,125.4556,125.8124,126.154,126.4912,126.8627,127.2357,127.6072,127.9342,128.2297,128.5105,128.7958,129.0766,129.3516,129.5863,129.8059,130.0867,130.4479,130.8415,131.3155,131.861,132.4168,132.9368,133.4064,133.8342,134.2483,134.7786,135.4359,136.0883,136.6808,137.2871,137.8787,138.3884,138.7761,139.0878,139.4088,139.7196,139.9749,140.2303,140.541,140.8723,141.2198,141.6271,142.03,142.3716,142.673,142.9941,143.3048,143.5499,143.7591,144.0042,144.3252,144.6821,145.0134,145.3148,145.6358,145.9569,146.248,146.5229,146.7577,146.9567,147.1557,147.4007,147.7115,148.0325,148.3237,148.5986,148.8334,149.0324,149.2211,149.42,149.6548,149.9195,150.1543,150.3532,150.5419,150.7409,150.9757,151.2506,151.5521,151.95,152.5161,153.24,153.9836,154.56,154.9947,155.448,155.8808,156.1823,156.3915,156.5905,156.815,157.0541,157.3154,157.6663,158.0129,158.2682,158.4672,158.6559,158.8446,159.0333,159.222,159.4107,159.5994,159.7881,159.9665,160.1091,160.2321,160.4311,160.7418,161.1295,161.6093,162.195,162.7866,163.3169,163.7865,164.204,164.5515,164.8829,165.2039,165.5053,165.8366,166.214,166.6375,167.0909,167.5246,167.9481,168.3554,168.7029,169.0547,169.4679,169.9316,170.4114,170.9417,171.5642,172.2984,173.0831,173.8438,174.5926,175.297,175.9596,176.582,177.2045,177.8466,178.469,179.1017,179.7693,180.3653,180.8358,181.3303,181.9219,182.564,183.1967,183.8652,184.6244,185.4875,186.4599,187.3368,188.0832,188.9448,189.9692,190.9578,191.7332,192.3771,193.1525,194.1411,195.1552,195.9707,196.6206,197.3798,198.2616,199.1026,199.8378,200.5568,201.291,201.9894,202.5913,203.0652,203.4333,203.821,204.2641,204.6978,205.1521,205.7182,206.4064,207.1149,207.6673,207.9307,207.9949

Position pixel : 30.3771,30.3311,30.2551,30.209,30.1987,30.1987,30.1987,30.1987,30.209,30.2551,30.3311,30.3771,30.3874,30.3874,30.3874,30.3874,30.3874,30.3874,30.3874,30.3874,30.3874,30.3874,30.3874,30.3874,30.3874,30.3874,30.3874,30.3874,30.3874,30.3874,30.3874,30.3874,30.3874,30.3874,30.3874,30.3874,30.3874,30.3771,30.3311,30.2551,30.1987,30.1424,30.0561,29.9639,29.8777,29.8316,29.8213,29.8213,29.8213,29.8213,29.8213,29.8213,29.8213,29.8213,29.8213,29.8213,29.8213,29.8213,29.8213,29.811,29.765,29.6787,29.5866,29.5003,29.4542,29.4439,29.4439,29.4439,29.4439,29.4439,29.4439,29.4439,29.4439,29.4439,29.4439,29.4439,29.4439,29.4337,29.3876,29.3116,29.2552,29.1989,29.1229,29.0768,29.0665,29.0665,29.0665,29.0665,29.0665,29.0665,29.0665,29.0665,29.0665,29.0768,29.1229,29.1989,29.245,29.2655,29.3116,29.3876,29.4439,29.5003,29.5763,29.6326,29.689,29.765,29.8213,29.8777,29.9537,30.01,30.0664,30.1424,30.1987,30.2551,30.3413,30.4335,30.53,30.6325,30.7751,30.9432,31.0756,31.1422,31.1986,31.2745,31.3206,31.3412,31.3873,31.4735,31.5657,31.6519,31.7083,31.7749,31.897,32.0293,32.1318,32.2283,32.3307,32.4631,32.6057,32.7645,32.9831,33.2076,33.3963,33.5286,33.5953,33.6516,33.7379,33.83,33.9266,34.0187,34.1153,34.2074,34.304,34.3961,34.4927,34.5951,34.7274,34.8598,34.9622,35.0485,35.1048,35.1612,35.2372,35.2935,35.3499,35.4259,35.4822,35.5386,35.6146,35.6606,35.6709,35.6709,35.6709,35.6812,35.7273,35.8033,35.8493,35.8596,35.8596,35.8699,35.916,35.992,36.038,36.0586,36.1047,36.1909,36.2934,36.436,36.6041,36.7467,36.8492,36.9457,37.0379,37.1344,37.2266,37.3128,37.3589,37.3795,37.4256,37.5015,37.5476,37.5579,37.5579,37.5579,37.5579,37.5579,37.5579,37.5579,37.5579,37.5682,37.6142,37.6902,37.7363,37.7466,37.7466,37.7466,37.7466,37.7569,37.8029,37.8789,37.925,37.9353,37.9353,37.9456,37.9916,38.0676,38.124,38.1803,38.2563,38.3024,38.3127,38.3127,38.3127,38.323,38.369,38.445,38.4911,38.5116,38.5577,38.6337,38.6798,38.6901,38.7003,38.7464,38.8224,38.8685,38.8788,38.8788,38.889,38.9351,39.0111,39.0572,39.0777,39.1238,39.1998,39.2459,39.2562,39.2562,39.2562,39.2664,39.3125,39.3885,39.4346,39.4448,39.4448,39.4448,39.4448,39.4448,39.4448,39.4551,39.5012,39.5772,39.6233,39.6335,39.6438,39.6899,39.7659,39.812,39.8222,39.8325,39.8786,39.9546,40.0007,40.0212,40.0673,40.1433,40.1894,40.1996,40.1996,40.2099,40.256,40.332,40.378,40.3986,40.4447,40.5207,40.5667,40.577,40.577,40.577,40.577,40.577,40.577,40.5667,40.5207,40.4447,40.3883,40.3217,40.1996,40.0673,39.9649,39.8683,39.7762,39.6899,39.6335,39.5772,39.5012,39.4551,39.4448,39.4448,39.4448,39.4448,39.4448,39.4448,39.4448,39.4448,39.4448,39.4448,39.4448,39.4448,39.4448,39.4448,39.4448,39.4551,39.5012,39.5772,39.6233,39.6438,39.6899,39.7659,39.8222,39.8786,39.9649,40.057,40.1433,40.1996,40.256,40.332,40.3883,40.4447,40.5309,40.6334,40.776,40.9441,41.0765,41.1431,41.1995,41.2857,41.3779,41.4641,41.5205,41.5872,41.7092,41.8313,41.8979,41.9543,42.0405,42.1327,42.2292,42.3214,42.4076,42.4537,42.4743,42.5204,42.5963,42.6527,42.7091,42.785,42.8311,42.8517,42.8977,42.984,43.0864,43.2291,43.3972,43.5295,43.5859

Pole type : Curve
Start frame : 1
End frame : 208
Start time (s) : 0.000
End time (s) : 1822.090
Time step (s) : 8.802

Feature Information :


Feature number : 1

Time (s) : 966.35468,967.55688,969.23859,971.08237,973.08443,975.55482,978.66,981.81474,984.43322,986.68021,988.86291,991.06416,993.27674,995.49406,997.71033,999.92061,1002.1209,1004.3081,1006.4801,1008.6355,1010.7736,1012.8945,1014.9988,1017.0873,1019.0708,1020.7259,1022.1062,1023.7394,1025.5882,1027.2048,1028.5517,1030.1562,1032.0709,1034.0718,1036.0689,1037.7766,1039.4376,1041.0986,1042.7595,1044.33,1045.5854,1046.5776,1047.7425,1048.9073,1049.8996,1051.1549,1052.7254,1054.2959,1055.5512,1056.5435,1057.7988,1059.2788,1060.5342,1061.5264,1062.7818,1064.3522,1066.0132,1067.6742,1069.3352,1070.9961,1072.6571,1074.3181,1075.9791,1077.64,1079.301,1080.962,1082.623,1084.2839,1085.9449,1087.6059,1089.2669,1091.0183,1093.0849,1095.4146,1097.4812,1099.3232,1101.3898,1103.7195,1105.7861,1107.5376,1109.1986,1110.8595,1112.5205,1114.1815,1115.933,1117.9996,1120.3293,1122.3959,1124.1473,1125.8083,1127.4693,1129.1303,1130.7912,1132.4522,1134.1132,1135.7742,1137.3446,1138.5095,1139.0056

Position (um) : 3.2826,3.2838,3.2891,3.2977,3.3044,3.3114,3.3205,3.3267,3.3291,3.3305,3.3321,3.3336,3.3352,3.3368,3.3384,3.34,3.3416,3.3431,3.3446,3.3461,3.3474,3.3488,3.3501,3.3513,3.3514,3.3476,3.3407,3.3368,3.3357,3.3319,3.3248,3.3198,3.3148,3.3065,3.2977,3.2875,3.2766,3.2625,3.2494,3.2423,3.2363,3.2282,3.2222,3.2162,3.207,3.1972,3.1879,3.1819,3.1759,3.1678,3.1629,3.1607,3.1558,3.1466,3.1368,3.1275,3.1215,3.1155,3.1074,3.1025,3.1014,3.1014,3.1014,3.1014,3.1014,3.1014,3.1014,3.1014,3.1014,3.1014,3.1003,3.0954,3.0873,3.0824,3.0813,3.0813,3.0813,3.0813,3.0802,3.0753,3.0671,3.0622,3.0611,3.0611,3.0611,3.0611,3.0611,3.0611,3.0611,3.0611,3.0611,3.0611,3.0611,3.0611,3.0611,3.0611,3.06,3.0551,3.047

Intensity : 560.5413,561.5941,560.469,557.2248,553.7765,549.3017,541.5452,532.2736,524.7981,518.8107,513.6341,508.4259,503.2046,498.4991,494.662,490.8357,487.0276,483.2434,479.4733,475.7136,471.9667,467.7988,462.5978,457.4049,452.5601,448.9746,446.3498,442.7327,438.2531,434.8674,432.8429,430.0942,427.5233,425.4812,422.8361,421.1332,420.8376,422.301,423.8012,424.5813,425.3262,426.5133,427.7075,430.011,432.7061,435.2392,437.2252,439.1966,440.8334,442.117,443.1775,444.348,445.5037,446.7226,448.2753,450.1721,450.9759,450.9614,451.115,451.0679,450.7568,450.2661,449.4862,448.7063,447.9264,447.1465,446.3666,446.1416,445.9403,445.7391,445.6483,445.9425,447.3521,449.5118,451.5504,453.4082,454.4196,454.4843,454.503,454.4012,454.1684,452.9382,451.8294,450.7431,449.5977,448.0214,441.2044,435.1573,430.0323,425.1722,419.8226,413.9016,407.9806,402.0597,396.1387,389.9524,382.8822,377.9537,376.3274

Time pixel : 109.7835,109.9201,110.1111,110.3206,110.548,110.8287,111.1815,111.5399,111.8373,112.0926,112.3406,112.5906,112.842,113.0939,113.3457,113.5968,113.8468,114.0952,114.342,114.5868,114.8297,115.0707,115.3098,115.547,115.7724,115.9604,116.1172,116.3027,116.5128,116.6964,116.8494,117.0317,117.2492,117.4766,117.7034,117.8974,118.0861,118.2748,118.4635,118.642,118.7846,118.8973,119.0296,119.162,119.2747,119.4173,119.5957,119.7741,119.9167,120.0295,120.1721,120.3402,120.4828,120.5956,120.7382,120.9166,121.1053,121.294,121.4827,121.6714,121.8601,122.0488,122.2375,122.4262,122.6149,122.8036,122.9923,123.1809,123.3696,123.5583,123.747,123.946,124.1808,124.4455,124.6802,124.8895,125.1243,125.3889,125.6237,125.8227,126.0114,126.2001,126.3888,126.5775,126.7765,127.0112,127.2759,127.5107,127.7097,127.8984,128.0871,128.2758,128.4644,128.6531,128.8418,129.0305,129.209,129.3413,129.3976

Position pixel : 30.7648,30.7761,30.8252,30.9062,30.9693,31.0342,31.1203,31.1777,31.2006,31.2141,31.2282,31.2429,31.2579,31.2731,31.2882,31.3031,31.3178,31.3321,31.346,31.3595,31.3724,31.3849,31.397,31.4086,31.4096,31.3744,31.309,31.2732,31.2626,31.2264,31.16,31.1132,31.0662,30.9892,30.9062,30.8109,30.7085,30.5761,30.4541,30.3874,30.3311,30.2551,30.1987,30.1424,30.0561,29.9639,29.8777,29.8213,29.765,29.689,29.6429,29.6224,29.5763,29.49,29.3979,29.3116,29.2552,29.1989,29.1229,29.0768,29.0665,29.0665,29.0665,29.0665,29.0665,29.0665,29.0665,29.0665,29.0665,29.0665,29.0563,29.0102,28.9342,28.8881,28.8778,28.8778,28.8778,28.8778,28.8676,28.8215,28.7455,28.6994,28.6892,28.6892,28.6892,28.6892,28.6892,28.6892,28.6892,28.6892,28.6892,28.6892,28.6892,28.6892,28.6892,28.6892,28.6789,28.6328,28.5568

Brightness max : 465.50
Brightness min : 222.00
Feature direction : Ambiguous
Feature speed : Slow
Feature type : Curve
Start frame : 1
End frame : 208
Start time (s) : 0.000
End time (s) : 1822.090
Time step (s) : 8.802

Feature number : 2

Time (s) : 1253.7939,1254.29,1255.5454,1257.5215,1259.8512,1262.0083,1264.2559,1266.9912,1269.8171,1272.2893,1274.3039,1275.7922,1277.4532,1279.2868,1280.6846,1282.0305,1283.601,1285.3525,1287.419,1289.6583,1291.3192,1292.402,1293.6623,1295.2877,1297.0048,1298.723,1300.4428,1302.1646,1303.8889,1305.6163,1307.3473,1309.0823,1310.8217,1312.5653,1314.3127,1316.063,1317.8147,1319.5657,1321.3136,1323.0553,1324.8784,1327.0045,1329.3789,1331.4732,1333.234,1334.9782,1336.9328,1338.8219,1340.1725,1341.4608,1342.9652,1344.6442,1346.6339,1348.8844,1350.8711,1352.5435,1354.1273,1355.8043,1357.7995,1360.0613,1362.1537,1364.2493,1366.5203,1368.5306,1370.2279,1371.8363,1373.4461,1375.0571,1376.5784,1377.6949

Position (um) : 3.7397,3.7305,3.7195,3.7043,3.6853,3.6651,3.645,3.6249,3.6058,3.5906,3.5797,3.5705,3.5645,3.5585,3.5504,3.5454,3.5443,3.5432,3.5383,3.5291,3.5193,3.5101,3.5053,3.5039,3.4999,3.4926,3.4886,3.4885,3.4894,3.4894,3.4855,3.4786,3.4749,3.4739,3.4704,3.4636,3.4601,3.4604,3.4617,3.463,3.463,3.459,3.4516,3.4471,3.4461,3.446,3.4468,3.4512,3.4596,3.4686,3.4768,3.4817,3.4865,3.4934,3.4982,3.503,3.5099,3.5136,3.5136,3.5126,3.5116,3.5106,3.5097,3.5089,3.508,3.5072,3.5064,3.5057,3.5049,3.5042

Intensity : 355.7062,357.1018,360.0125,364.816,369.6915,373.2828,377.1482,381.4312,384.3347,387.2552,389.8784,392.0165,393.6961,395.2385,396.6756,397.9398,399.1434,400.4843,402.349,404.8323,406.8318,407.3217,408.169,407.2604,405.7711,404.3167,403.0026,401.7364,400.3244,398.8512,397.5036,396.3582,395.1677,393.7182,392.3295,391.172,389.84,388.2557,387.329,387.0226,386.7965,386.7766,386.6335,384.2463,382.0708,379.8741,377.383,374.5984,372.2769,370.1163,367.7139,365.1542,362.1891,358.4994,355.2642,352.5816,350.1099,347.5372,344.8487,341.7917,338.9724,336.1577,332.7937,329.7965,327.2625,324.8582,322.2964,318.995,315.8769,313.5867

Time pixel : 142.4383,142.4946,142.6372,142.8617,143.1264,143.3715,143.6268,143.9376,144.2586,144.5394,144.7683,144.9374,145.1261,145.3344,145.4932,145.6461,145.8245,146.0235,146.2583,146.5127,146.7014,146.8244,146.9675,147.1522,147.3473,147.5425,147.7379,147.9335,148.1294,148.3256,148.5222,148.7193,148.9169,149.115,149.3136,149.5124,149.7114,149.9103,150.1089,150.3068,150.5139,150.7554,151.0252,151.2631,151.4631,151.6613,151.8833,152.0979,152.2514,152.3977,152.5686,152.7594,152.9854,153.2411,153.4668,153.6568,153.8367,154.0272,154.2539,154.5109,154.7486,154.9866,155.2446,155.473,155.6658,155.8486,156.0315,156.2145,156.3873,156.5141

Position pixel : 35.0485,34.9622,34.8598,34.7172,34.5387,34.35,34.1613,33.9727,33.7942,33.6516,33.5492,33.4629,33.4066,33.3502,33.2742,33.2281,33.2179,33.2076,33.1615,33.0753,32.9831,32.8968,32.8515,32.8389,32.8009,32.7332,32.6956,32.6941,32.7033,32.7026,32.6667,32.6014,32.5666,32.558,32.5245,32.4614,32.4284,32.4312,32.4437,32.4554,32.4555,32.418,32.3485,32.3064,32.2975,32.2964,32.3036,32.3446,32.4241,32.5079,32.5846,32.6305,32.6757,32.7402,32.785,32.83,32.8948,32.9301,32.9301,32.9202,32.9109,32.902,32.8935,32.8854,32.8775,32.8699,32.8625,32.8553,32.8482,32.8412

Brightness max : 
Brightness min : 
Feature direction : 
Feature speed : 
Feature type : Curve
Start frame : 1
End frame : 208
Start time (s) : 0.000
End time (s) : 1822.090
Time step (s) : 8.802

Feature number : 3

Time (s) : 1306.9451,1307.5318,1309.1927,1311.9281,1315.069,1317.8948,1320.0519,1321.8034,1323.4644,1325.1254,1326.7863,1328.4473,1330.1083,1331.7693,1333.4302,1335.0912,1336.7522,1338.4132,1340.0741,1341.7351,1343.3961,1345.0571,1346.718,1348.379,1350.04,1351.701,1353.3619,1355.0229,1356.6839,1358.3449,1360.0058,1361.6668,1363.3278,1364.9888,1366.6497,1368.3107,1369.9717,1371.6327,1373.2936,1374.8641,1376.1195,1377.1117,1378.2766,1379.4414,1380.4337,1381.689,1383.169,1384.4244,1385.3261,1386.1758,1386.9871,1387.8368,1388.648,1389.4978,1390.309,1391.0683,1391.5644,1392.0605,1392.7292,1393.2254,1393.7215,1394.3902,1394.8863,1395.3824,1396.0512,1396.4568,1396.6378,1397.0434,1397.7122,1398.1178,1398.2083,1398.2988,1398.7044,1399.3731,1399.7787,1399.8693,1399.9598,1400.3654,1401.0341,1401.5302,1402.0263,1402.6951,1403.1007,1403.1912,1403.1912

Position (um) : 2.7531,2.7428,2.727,2.7036,2.6797,2.6596,2.6443,2.6334,2.6242,2.6193,2.6182,2.6182,2.6182,2.6182,2.6171,2.6122,2.6041,2.5991,2.5981,2.5981,2.5981,2.5981,2.5981,2.5981,2.597,2.592,2.5839,2.579,2.5768,2.5719,2.5638,2.5589,2.5567,2.5518,2.5437,2.5387,2.5366,2.5316,2.5235,2.5175,2.5115,2.5034,2.4974,2.4914,2.4822,2.4723,2.462,2.4522,2.4419,2.4321,2.4218,2.4119,2.4016,2.3907,2.3755,2.3564,2.3374,2.3222,2.3102,2.296,2.2819,2.2699,2.2547,2.2356,2.2155,2.1954,2.1763,2.1611,2.1491,2.1328,2.1088,2.0817,2.0615,2.0484,2.0332,2.0142,1.9951,1.9799,1.9679,1.9527,1.9336,1.9135,1.8934,1.8743,1.8602

Intensity : 373.1386,373.8408,375.9321,379.0846,380.0616,380.9709,381.4475,380.2549,378.9359,377.7403,376.5813,375.4206,373.6199,371.3413,369.0932,366.9727,364.9984,362.4767,358.5479,354.5763,350.6047,346.6332,342.6616,337.5966,332.5738,327.8016,323.2386,318.4663,313.8969,309.6908,305.6939,301.3688,296.8626,292.8369,289.659,286.5123,283.3447,280.3179,277.6242,276.3735,275.4485,274.8999,274.0946,273.3042,272.8655,272.2371,271.6018,271.0951,270.6483,270.267,269.963,269.6529,269.4201,269.2194,269.2392,269.3657,269.2087,268.7537,268.1559,267.7617,267.3973,266.8994,266.6073,266.3871,266.1335,266.153,266.341,266.3933,266.3308,266.522,266.9907,267.5506,267.9979,268.3828,268.6922,269.4198,270.2592,270.7225,270.8827,271.3206,271.9636,272.8745,274.4996,276.2058,277.5055

Time pixel : 148.4766,148.5432,148.7319,149.0426,149.3995,149.7205,149.9656,150.1645,150.3532,150.5419,150.7306,150.9193,151.108,151.2967,151.4854,151.6741,151.8628,152.0515,152.2402,152.4289,152.6176,152.8063,152.995,153.1837,153.3724,153.5611,153.7498,153.9385,154.1272,154.3159,154.5046,154.6933,154.882,155.0706,155.2593,155.448,155.6367,155.8254,156.0141,156.1925,156.3352,156.4479,156.5802,156.7126,156.8253,156.9679,157.136,157.2786,157.3811,157.4776,157.5698,157.6663,157.7585,157.855,157.9472,158.0334,158.0898,158.1462,158.2221,158.2785,158.3348,158.4108,158.4672,158.5235,158.5995,158.6456,158.6662,158.7122,158.7882,158.8343,158.8446,158.8549,158.9009,158.9769,159.023,159.0333,159.0436,159.0896,159.1656,159.222,159.2783,159.3543,159.4004,159.4107,159.4107

Position pixel : 25.8023,25.7058,25.5573,25.3387,25.1142,24.9255,24.7829,24.6804,24.5942,24.5481,24.5378,24.5378,24.5378,24.5378,24.5275,24.4815,24.4055,24.3594,24.3491,24.3491,24.3491,24.3491,24.3491,24.3491,24.3389,24.2928,24.2168,24.1707,24.1502,24.1041,24.0281,23.982,23.9615,23.9154,23.8394,23.7933,23.7728,23.7267,23.6507,23.5943,23.538,23.462,23.4057,23.3493,23.263,23.1709,23.0743,22.9822,22.8856,22.7935,22.6969,22.6048,22.5082,22.4058,22.2632,22.0848,21.9064,21.7637,21.651,21.5187,21.3864,21.2736,21.131,20.9526,20.7639,20.5752,20.3968,20.2542,20.1415,19.9886,19.7641,19.5097,19.321,19.198,19.0554,18.8769,18.6985,18.5559,18.4432,18.3006,18.1222,17.9335,17.7448,17.5663,17.434

Brightness max : 
Brightness min : 
Feature direction : 
Feature speed : 
Feature type : Curve
Start frame : 1
End frame : 208
Start time (s) : 0.000
End time (s) : 1822.090
Time step (s) : 8.802

Feature number : 4

Time (s) : 1524.3402,1525.3872,1526.9403,1528.5884,1530.2622,1531.9104,1533.5842,1535.172,1536.5151,1537.3866,1538.0738,1538.9454,1540.3488,1542.207,1544.2663,1545.9144,1547.0821,1547.919,1548.5805,1549.4777,1550.7348,1552.0175,1552.8891,1553.5159,1554.0567,1554.5629,1554.8333

Position (um) : 3.0321,3.0215,2.9991,2.9693,2.9335,2.8968,2.8598,2.825,2.7982,2.78,2.7651,2.7469,2.7194,2.6813,2.6404,2.607,2.5827,2.5652,2.5511,2.5369,2.5202,2.5014,2.4847,2.4713,2.4611,2.4538,2.4477

Intensity : 259.0565,260.006,261.8136,264.1349,267.0443,270.0441,270.7497,270.715,270.6615,270.6337,270.5264,270.4187,270.5135,271.6328,273.4501,275.485,277.2344,278.6376,279.8579,281.297,282.9365,284.6931,286.0697,287.126,287.97,288.6545,289.0735

Time pixel : 173.1739,173.2928,173.4693,173.6565,173.8467,174.0339,174.2241,174.4044,174.557,174.656,174.7341,174.8331,174.9926,175.2037,175.4376,175.6249,175.7575,175.8526,175.9277,176.0297,176.1725,176.3182,176.4172,176.4884,176.5499,176.6074,176.6381

Position pixel : 28.417,28.318,28.1079,27.8285,27.4926,27.1489,26.8022,26.4761,26.2245,26.0543,25.9147,25.7445,25.4861,25.1292,24.7456,24.4326,24.2049,24.0415,23.9088,23.7762,23.6197,23.4432,23.2867,23.1609,23.0658,22.9975,22.94

Brightness max : 
Brightness min : 
Feature direction : 
Feature speed : 
Feature type : Curve
Start frame : 1
End frame : 208
Start time (s) : 0.000
End time (s) : 1822.090
Time step (s) : 8.802

Feature number : 5

Time (s) : 1564.3963,1564.9829,1566.4629,1568.2965,1569.6944,1571.0402,1572.5202,1573.7756,1574.6773,1575.4365,1575.8421,1575.9326,1575.9326,1575.9326,1575.9326,1575.9326,1575.9326,1575.9326,1575.9326,1576.0231,1576.4288,1577.0975,1577.5936,1578.0897,1578.7585,1579.2546,1579.7507,1580.4195,1580.9156,1581.4117,1582.0804,1582.486,1582.6671,1583.0727,1583.7414,1584.147,1584.2375

Position (um) : 2.4027,2.4152,2.4409,2.4815,2.5202,2.5529,2.5839,2.6204,2.6656,2.7178,2.765,2.7983,2.8288,2.8729,2.9272,2.9713,2.9996,3.0209,3.041,3.06,3.0753,3.0873,3.1025,3.1215,3.1417,3.1618,3.1819,3.2021,3.2211,3.2363,3.2484,3.2636,3.2815,3.2967,3.3088,3.3229,3.3359

Intensity : 292.8469,292.8106,292.9337,291.8235,290.8264,290.0859,288.9642,287.9297,287.1315,286.5302,285.9327,285.5874,285.3313,284.9616,285.3439,285.7716,285.9338,285.9407,285.9474,285.9401,285.8922,285.8216,285.7166,285.5361,285.358,285.2158,285.0949,284.9954,284.9248,284.8866,284.8817,284.8708,284.8492,284.8621,284.9329,285.115,285.2485

Time pixel : 177.7245,177.7911,177.9593,178.1676,178.3264,178.4793,178.6474,178.79,178.8925,178.9787,179.0248,179.0351,179.0351,179.0351,179.0351,179.0351,179.0351,179.0351,179.0351,179.0454,179.0915,179.1674,179.2238,179.2802,179.3561,179.4125,179.4689,179.5448,179.6012,179.6575,179.7335,179.7796,179.8002,179.8462,179.9222,179.9683,179.9786

Position pixel : 22.5185,22.6356,22.8763,23.2571,23.6199,23.9257,24.2168,24.5584,24.9819,25.471,25.9141,26.2258,26.512,26.9252,27.434,27.8472,28.1128,28.3118,28.5005,28.6789,28.8215,28.9342,29.0768,29.2552,29.4439,29.6326,29.8213,30.01,30.1884,30.3311,30.4438,30.5864,30.7545,30.8971,31.0099,31.1422,31.2643

Brightness max : 
Brightness min : 
Feature direction : 
Feature speed : 
Feature type : Curve
Start frame : 1
End frame : 208
Start time (s) : 0.000
End time (s) : 1822.090
Time step (s) : 8.802

Feature number : 6

Time (s) : 1603.0949,1604.3502,1606.3263,1608.5655,1610.2265,1611.2187,1612.0685,1612.8797,1613.7295,1614.5407,1615.2999,1615.7961,1616.2922,1617.0514,1617.8626,1618.7124,1619.5236,1620.2829,1620.779,1621.2751,1622.0343,1622.8456,1623.6048,1624.1009,1624.597,1625.3563,1626.1675,1626.9268,1627.4229,1627.919,1628.5877,1629.0839,1629.6705,1630.7448,1631.9097,1632.8114,1633.5707,1634.0668,1634.5629,1635.3221,1636.1334,1636.9831,1637.8849,1639.1402,1640.6202,1641.966,1643.3639,1645.288,1647.2641,1648.9251,1650.1804,1651.1727,1652.428,1653.908,1655.1633,1656.1556,1657.4109,1658.8909,1660.1463,1661.1385,1662.3034,1663.4682,1664.4605,1665.6253,1666.6997,1667.1958

Position (um) : 3.5182,3.509,3.4981,3.4828,3.4649,3.4497,3.4377,3.4224,3.4034,3.3833,3.362,3.3381,3.3148,3.2978,3.2815,3.2625,3.2423,3.2222,3.2032,3.1869,3.1699,3.1466,3.1226,3.1014,3.0813,3.06,3.035,3.0067,2.9817,2.9605,2.9403,2.9202,2.9001,2.8799,2.8609,2.8457,2.8336,2.8184,2.7994,2.7804,2.7651,2.7531,2.739,2.7249,2.7117,2.6927,2.6694,2.6475,2.6242,2.6052,2.5931,2.5828,2.573,2.5627,2.5529,2.5426,2.5327,2.5224,2.5126,2.5023,2.4914,2.4772,2.4642,2.4571,2.4511,2.443

Intensity : 279.4991,278.9222,278.1482,277.4704,277.2201,277.1195,276.8623,276.6867,276.4226,276.1398,275.9607,275.9874,276.0573,275.9572,275.8974,275.9846,276.2321,276.6469,277.084,277.2604,277.5107,277.9226,278.4445,278.9279,279.339,279.9046,280.6499,281.5318,282.1374,282.333,282.5475,282.3413,282.1544,281.9592,281.2103,280.6773,280.3021,279.8214,279.2436,278.7624,278.3132,277.9475,277.301,276.5723,275.9141,275.0544,274.076,273.219,271.878,270.5446,269.6595,268.9573,268.1982,267.3747,266.3799,265.002,263.401,261.5903,260.0449,258.7641,257.3227,255.8181,254.2511,252.6003,251.1014,250.2535

Time pixel : 182.1209,182.2635,182.488,182.7424,182.9311,183.0438,183.1403,183.2325,183.329,183.4212,183.5074,183.5638,183.6202,183.7064,183.7986,183.8951,183.9873,184.0735,184.1299,184.1863,184.2725,184.3647,184.4509,184.5073,184.5637,184.6499,184.7421,184.8283,184.8847,184.941,185.017,185.0734,185.14,185.2621,185.3944,185.4969,185.5831,185.6395,185.6958,185.7821,185.8742,185.9708,186.0732,186.2158,186.384,186.5369,186.6957,186.9143,187.1388,187.3275,187.4701,187.5828,187.7254,187.8935,188.0362,188.1489,188.2915,188.4596,188.6023,188.715,188.8473,188.9796,189.0924,189.2247,189.3468,189.4031

Position pixel : 32.9728,32.8866,32.7841,32.6415,32.4734,32.3307,32.218,32.0754,31.897,31.7083,31.5093,31.2848,31.0662,30.9074,30.7545,30.5761,30.3874,30.1987,30.0203,29.8674,29.7086,29.49,29.2655,29.0665,28.8778,28.6789,28.4441,28.1794,27.9446,27.7457,27.557,27.3683,27.1796,26.9909,26.8125,26.6699,26.5571,26.4145,26.2361,26.0577,25.9151,25.8023,25.67,25.5377,25.4147,25.2363,25.0177,24.8128,24.5942,24.4158,24.3031,24.2065,24.1144,24.0178,23.9257,23.8291,23.737,23.6404,23.5483,23.4517,23.3493,23.217,23.0949,23.0283,22.9719,22.8959

Brightness max : 
Brightness min : 
Feature direction : 
Feature speed : 
Feature type : Curve
Start frame : 1
End frame : 208
Start time (s) : 0.000
End time (s) : 1822.090
Time step (s) : 8.802

Feature number : 7

Time (s) : 1737.1378,1737.5434,1738.3026,1739.2043,1740.3692,1741.5341,1742.5263,1743.6912,1744.7655,1745.3521,1745.8483,1746.6075,1747.4187,1748.2685,1749.0797,1749.8389,1750.2446

Position (um) : 1.7644,1.7453,1.7171,1.6871,1.6578,1.6327,1.6115,1.5914,1.5712,1.5511,1.531,1.5119,1.4967,1.4847,1.4695,1.4515,1.4374

Intensity : 258.9211,261.1081,264.3704,268.2197,272.2014,275.6206,278.519,280.8342,283.1566,285.7969,288.5254,291.0344,293.0133,294.9616,297.7948,301.3265,304.216

Time pixel : 197.3489,197.395,197.4813,197.5837,197.716,197.8484,197.9611,198.0934,198.2155,198.2821,198.3385,198.4247,198.5169,198.6134,198.7056,198.7919,198.8379

Position pixel : 16.5357,16.3572,16.0926,15.8117,15.5368,15.302,15.103,14.9143,14.7256,14.5369,14.3482,14.1698,14.0272,13.9145,13.7719,13.6037,13.4714

Brightness max : 
Brightness min : 
Feature direction : 
Feature speed : 
Feature type : Curve
Start frame : 1
End frame : 208
Start time (s) : 0.000
End time (s) : 1822.090
Time step (s) : 8.802

Feature number : 8

Time (s) : 1642.8678,1643.627,1644.4382,1645.288,1646.0992,1646.8585,1647.2641,1647.4451,1647.8507,1648.6099,1649.4212,1650.2709,1651.0822,1651.9319,1652.7431,1653.5024,1653.9985,1654.4946,1655.1633,1655.569,1655.75,1656.1556,1656.8243,1657.3204,1657.8166,1658.4853,1658.9814,1659.4775,1660.2368,1661.1385,1662.3939,1663.9643,1665.6253,1667.2863,1668.9473,1670.6082,1672.2692,1673.8397,1675.0951,1676.0873,1677.2521,1678.417,1679.4092,1680.5741,1681.739,1682.6407,1683.3999,1683.896,1684.3922,1685.0609,1685.557,1686.0531,1686.8124,1687.6236,1688.3829,1688.7885,1688.9695,1689.3751,1690.0438,1690.5399,1691.0361,1691.7048,1692.2009,1692.697,1693.4563,1694.358,1695.5229,1696.6877,1697.68,1698.9353,1700.5058,1702.2573,1704.3239,1706.6536,1708.7202,1710.4717,1712.1326,1713.7936,1715.4546,1717.1156,1718.7765,1720.4375,1722.0985,1723.7595,1725.3299,1726.5853,1727.5775,1728.8329,1730.4034,1731.9738,1733.2292,1734.2214,1735.3863,1736.5511,1737.5434,1738.7987,1740.3692,1742.0302,1743.6007,1744.856,1745.8483,1747.0131,1748.178,1749.1702,1750.4256,1751.996,1753.657,1755.318,1756.979,1758.6399,1760.3009,1761.9619,1763.6229,1765.2838,1766.8543,1768.1097,1769.0114,1769.8612,1770.6724,1771.5221,1772.3334,1773.0926,1773.5887,1774.0848,1774.8441,1775.6553,1776.5051,1777.3163,1778.166,1778.9773,1779.827,1780.6382,1781.488,1782.2992,1783.149,1784.0507,1785.306,1786.8765,1788.5375,1790.1985,1791.8594,1793.5204,1795.1814,1796.8424,1798.5033,1800.1643,1801.8253,1803.4863,1805.1472,1806.8082,1808.4692,1810.1302,1811.7006,1812.956,1813.9482,1815.2036,1816.7741,1818.3445,1819.5999,1820.5016,1821.2609

Position (um) : 3.9198,3.9068,3.8926,3.8806,3.8654,3.8464,3.8262,3.8061,3.786,3.7658,3.7446,3.7195,3.6913,3.6673,3.651,3.639,3.6227,3.5987,3.5705,3.5454,3.5253,3.5101,3.4981,3.4839,3.4698,3.4578,3.4437,3.4296,3.4175,3.4034,3.3904,3.3844,3.3833,3.3833,3.3833,3.3833,3.3833,3.3844,3.3893,3.3985,3.4094,3.4246,3.4437,3.4638,3.4828,3.4981,3.5112,3.5324,3.5645,3.5976,3.6238,3.645,3.6651,3.6853,3.7054,3.7256,3.7446,3.7598,3.7718,3.786,3.8001,3.8121,3.8262,3.8403,3.8513,3.8605,3.8665,3.8725,3.8806,3.8855,3.8866,3.8866,3.8866,3.8866,3.8866,3.8866,3.8866,3.8866,3.8866,3.8866,3.8866,3.8855,3.8795,3.8665,3.8524,3.8403,3.8251,3.8072,3.7931,3.786,3.7799,3.7718,3.7658,3.7598,3.7517,3.7468,3.7457,3.7468,3.7528,3.7658,3.7788,3.786,3.7931,3.8061,3.8202,3.8322,3.8464,3.8594,3.8654,3.8665,3.8676,3.8725,3.8806,3.8855,3.8855,3.8795,3.8654,3.8464,3.8262,3.8072,3.792,3.7799,3.7658,3.7517,3.7408,3.7305,3.7206,3.7103,3.6994,3.6842,3.6662,3.651,3.6401,3.6298,3.62,3.6097,3.5998,3.5906,3.5857,3.5846,3.5846,3.5846,3.5846,3.5857,3.5906,3.5987,3.6047,3.6108,3.6189,3.6249,3.632,3.645,3.6591,3.6701,3.6804,3.6913,3.7054,3.7195,3.7316,3.7457,3.7587

Intensity : 329.8754,326.2431,322.2967,319.0433,314.7073,308.6382,304.2313,300.5233,296.8572,293.2827,289.586,286.5529,284.1548,282.257,281.1082,280.3668,279.3804,278.4896,277.4593,276.4697,275.6085,275.24,275.1061,274.7864,274.422,274.1383,273.6799,273.1767,272.7544,272.0083,271.1853,270.5584,269.4773,268.4788,267.4802,266.4817,265.4832,263.9326,262.9474,262.5874,262.1498,261.8927,262.0143,262.0119,261.9218,261.8217,261.7111,262.3644,263.6604,264.8546,265.8652,267.3353,268.6259,269.929,271.352,273.1684,275.7592,278.087,279.6567,281.9111,284.2131,286.1025,288.4985,290.9392,294.5735,297.7512,299.7316,301.7717,304.7161,306.4626,307.1987,307.5375,307.9373,308.388,308.9083,309.4461,309.9561,310.4661,310.9761,311.7517,312.9361,313.5926,311.8449,306.5854,300.5786,295.3819,291.9438,287.885,284.8915,283.6745,282.5983,280.7793,279.0688,277.3584,275.1184,273.6855,273.2192,273.3184,274.4402,277.1832,280.0009,281.1649,282.2935,284.9616,287.6779,289.7847,294.2649,300.3036,302.9134,303.1575,303.3939,307.1409,312.5552,316.4626,317.9942,316.4493,310.8462,303.5611,299.2795,296.3795,294.2362,292.7047,290.1192,287.489,286.0691,285.1949,284.9432,284.4769,283.8337,281.8637,279.3801,277.299,275.991,274.7306,273.9622,273.2548,272.8629,272.7713,272.2714,272.3058,272.4945,272.6832,272.8719,272.2372,271.6575,271.3957,270.7799,270.0789,269.4212,268.3457,267.6555,268.1905,268.9619,269.4843,270.1936,270.7115,271.349,271.8921,272.3733,274.7965,277.3588

Time pixel : 186.6393,186.7256,186.8177,186.9143,187.0064,187.0927,187.1388,187.1593,187.2054,187.2917,187.3838,187.4804,187.5725,187.6691,187.7612,187.8475,187.9038,187.9602,188.0362,188.0822,188.1028,188.1489,188.2249,188.2812,188.3376,188.4136,188.4699,188.5263,188.6125,188.715,188.8576,189.036,189.2247,189.4134,189.6021,189.7908,189.9795,190.1579,190.3005,190.4132,190.5456,190.6779,190.7906,190.923,191.0553,191.1577,191.244,191.3004,191.3567,191.4327,191.4891,191.5454,191.6317,191.7238,191.8101,191.8562,191.8767,191.9228,191.9988,192.0552,192.1115,192.1875,192.2438,192.3002,192.3865,192.4889,192.6212,192.7536,192.8663,193.0089,193.1873,193.3863,193.6211,193.8858,194.1205,194.3195,194.5082,194.6969,194.8856,195.0743,195.263,195.4517,195.6404,195.8291,196.0075,196.1501,196.2628,196.4055,196.5839,196.7623,196.9049,197.0176,197.15,197.2823,197.395,197.5376,197.716,197.9047,198.0832,198.2258,198.3385,198.4708,198.6032,198.7159,198.8585,199.0369,199.2256,199.4143,199.603,199.7917,199.9804,200.1691,200.3578,200.5465,200.7249,200.8675,200.97,201.0665,201.1587,201.2552,201.3474,201.4336,201.49,201.5463,201.6326,201.7247,201.8213,201.9134,202.01,202.1021,202.1987,202.2908,202.3874,202.4795,202.5761,202.6785,202.8211,202.9995,203.1882,203.3769,203.5656,203.7543,203.943,204.1317,204.3204,204.5091,204.6978,204.8865,205.0752,205.2639,205.4526,205.6413,205.8197,205.9623,206.075,206.2177,206.3961,206.5745,206.7171,206.8196,206.9058

Position pixel : 36.7365,36.6144,36.4821,36.3693,36.2267,36.0483,35.8596,35.6709,35.4822,35.2935,35.0945,34.8598,34.5951,34.3706,34.2177,34.105,33.9521,33.7276,33.4629,33.2281,33.0395,32.8968,32.7841,32.6518,32.5194,32.4067,32.2744,32.142,32.0293,31.897,31.7749,31.7186,31.7083,31.7083,31.7083,31.7083,31.7083,31.7186,31.7647,31.8509,31.9534,32.096,32.2744,32.4631,32.6415,32.7841,32.9071,33.1061,33.4066,33.7173,33.9624,34.1613,34.35,34.5387,34.7274,34.9161,35.0945,35.2372,35.3499,35.4822,35.6146,35.7273,35.8596,35.992,36.0944,36.1806,36.237,36.2934,36.3693,36.4154,36.4257,36.4257,36.4257,36.4257,36.4257,36.4257,36.4257,36.4257,36.4257,36.4257,36.4257,36.4154,36.3591,36.237,36.1047,35.992,35.8493,35.6812,35.5489,35.4822,35.4259,35.3499,35.2935,35.2372,35.1612,35.1151,35.1048,35.1151,35.1715,35.2935,35.4156,35.4822,35.5489,35.6709,35.8033,35.916,36.0483,36.1704,36.2267,36.237,36.2473,36.2934,36.3693,36.4154,36.4154,36.3591,36.2267,36.0483,35.8596,35.6812,35.5386,35.4259,35.2935,35.1612,35.0588,34.9622,34.8701,34.7735,34.6711,34.5285,34.3603,34.2177,34.1153,34.0187,33.9266,33.83,33.7379,33.6516,33.6055,33.5953,33.5953,33.5953,33.5953,33.6055,33.6516,33.7276,33.784,33.8403,33.9163,33.9727,34.0393,34.1613,34.2937,34.3961,34.4927,34.5951,34.7274,34.8598,34.9725,35.1048,35.2269

Brightness max : 465.50
Brightness min : 222.00
Feature direction : Ambiguous
Feature speed : Slow
Feature type : Curve
Start frame : 1
End frame : 208
Start time (s) : 0.000
End time (s) : 1822.090
Time step (s) : 8.802

