KYMOANALYSIS DATA

General Information :

Tiff path : E:\Google Drive\microtubule dynamics and cut7\20-15 screens and tests\gtb1-K5A\19-08-01&02 (gtb1-K5A, cut7-3GFP and MTs)\
Spindle type : Bipolar
Start frame : 1
End frame : 208
Start time (s) : 0.000
End time (s) : 1822.090
Time step (s) : 8.802
Num poles : 2
Num tracks : 17
Num tracks poleward : 0
Num tracks antipoleward : 0
Num tracks ambiguous : 3
Comments : {

}
Poles Information :


Pole number : 1

Time (s) : 238.13512,241.19394,247.10874,254.60746,262.00223,267.39076,270.8116,273.72794,276.55378,279.11648,281.62721,284.09941,286.51963,288.67672,290.92432,293.65965,296.48548,299.13869,301.96452,304.79036,307.44357,310.45041,314.17797,318.57428,322.97058,326.96966,331.19334,335.76227,339.58034,342.82017,346.40525,349.9518,353.04915,356.28898,360.68528,365.75033,370.47013,375.04744,379.35324,382.8562,386.18653,390.58284,395.55738,399.78106,403.28402,406.60597,409.92792,413.15937,415.9852,418.1423,419.98428,422.05087,424.38058,426.44717,428.19865,429.85963,431.61111,433.6777,436.00741,438.1645,440.4121,443.23794,446.37888,449.29522,451.94842,454.86476,458.00571,460.92204,463.48475,465.99547,468.55818,471.38401,474.11934,476.27643,478.11842,480.27551,483.10134,486.24229,489.15863,491.72133,494.23206,496.79476,499.7111,502.85204,505.85888,508.8272,512.00667,514.88448,517.39521,519.5523,521.70939,524.12961,526.78282,530.10477,534.18597,538.81526,544.15182,549.76496,555.01102,559.05369,561.65492,563.14327,564.48914,566.15011,568.30721,571.13304,574.45499,578.18255,582.17325,585.90081,589.22276,592.1391,594.7018,597.12203,599.36962,602.11334,606.19453,611.49257,617.45934,622.93,626.83857,629.67279,632.58913,635.91108,639.72915,644.21596,649.19888,654.58742,660.32959,666.03324,671.2793,675.50298,679.00594,682.32789,685.55933,688.47567,691.03838,693.4586,695.61569,697.77278,700.193,702.6652,705.17593,707.64813,710.15886,712.90257,716.72064,721.60467,726.09148,730.00844,735.08187,741.71739,748.49539,754.23756,758.55175,762.05471,765.37666,768.78911,772.69768,777.4996,782.65515,787.37495,791.86176,795.94295,799.49789,803.17348,806.81054,810.22299,813.54494,816.77639,819.69273,822.25543,824.76616,827.32886,830.1547,832.98053,835.63374,838.45957,841.37591,844.43473,848.01981,851.74738,855.47494,859.06002,862.11884,865.12568,868.26663,871.18296,873.83617,876.66201,879.57835,882.72767,886.80887,891.70129,897.08983,902.65099,907.45291,910.95587,913.60908,916.0293,918.18639,920.34348,922.6732,924.73979,926.49127,928.15224,929.90372,932.24182,935.78838,939.9517,943.32563,946.01736,948.67057,951.99252,956.07372,961.15553,968.42965,977.07139,984.08238,989.11222,993.51691,998.49983,1004.061,1009.4495,1014.523,1019.5964,1024.9849,1030.8176,1037.1079,1044.1054,1051.47,1058.8732,1065.9227,1072.6571,1079.2105,1085.3583,1090.7468,1095.3241,1099.1422,1102.5547,1105.8766,1109.2891,1113.1071,1117.4129,1121.4036,1124.6435,1128.2369,1133.2198,1139.7732,1147.401,1155.3003,1163.342,1171.91,1180.349,1187.7521,1193.7273,1198.8007,1203.378,1207.6017,1211.9544,1217.1703,1223.9869,1231.7051,1239.6564,1247.7283,1255.0929,1261.4217,1266.9007,1271.9741,1276.8666,1281.3534,1285.0809,1288.0878,1290.741,1293.7478,1297.3849,1301.5566,1306.2764,1312.1091,1319.0681,1326.9673,1335.4063,1343.2067,1348.8668,1353.2798,1358.5259,1364.4927,1370.3773,1376.1195,1381.5985,1387.0776,1392.8197,1398.4329,1403.3638,1407.6864,1413.3464,1421.1468,1429.4953,1436.8984,1442.8736,1447.947,1452.4338,1456.2519,1459.7549,1463.5729,1468.1503,1473.5388,1479.5961,1485.7439,1491.538,1496.7841,1501.0982,1505.0973,1509.4936,1513.9804,1518.2946,1522.8719,1527.8549,1533.3339,1539.5722,1546.4407,1553.3477,1559.9095,1567.0495,1574.6689,1580.9977,1586.4935,1594.0777,1604.1692,1614.6228,1623.9199,1632.3153,1639.9431,1645.9098,1649.3223,1650.4955

Position (um) : 6.0136,6.0136,6.0136,6.0136,6.0136,6.0136,6.0136,6.0136,6.0136,6.0136,6.0136,6.0136,6.0125,6.0076,5.9984,5.9885,5.9793,5.9733,5.9673,5.9592,5.9543,5.9521,5.9472,5.939,5.9341,5.933,5.933,5.9319,5.927,5.9189,5.914,5.9129,5.9118,5.9058,5.8928,5.8786,5.8677,5.8574,5.8476,5.8373,5.8264,5.8122,5.7981,5.7872,5.7769,5.767,5.7578,5.7518,5.7458,5.7377,5.7328,5.7306,5.7257,5.7176,5.7127,5.7105,5.7055,5.6974,5.6925,5.6903,5.6854,5.6762,5.6664,5.6561,5.6451,5.631,5.6169,5.6049,5.5897,5.5717,5.5565,5.5445,5.5293,5.5113,5.4961,5.4841,5.4689,5.4498,5.4308,5.4156,5.4035,5.3883,5.3693,5.3502,5.335,5.323,5.3078,5.2898,5.2746,5.2626,5.2485,5.2344,5.2223,5.206,5.1821,5.1538,5.1277,5.1015,5.0744,5.0543,5.0422,5.033,5.027,5.021,5.0118,5.002,4.9917,4.9807,4.9655,4.9476,4.9324,4.9214,4.9111,4.9013,4.891,4.8812,4.8709,4.861,4.8518,4.8469,4.8458,4.8458,4.8458,4.8458,4.8458,4.8458,4.8458,4.8458,4.8458,4.8458,4.8458,4.8458,4.8458,4.8458,4.8458,4.8458,4.8458,4.8458,4.8447,4.8398,4.8317,4.8257,4.8197,4.8116,4.8066,4.8044,4.7995,4.7914,4.7854,4.7794,4.7702,4.7604,4.7511,4.7462,4.744,4.7391,4.731,4.725,4.7179,4.7038,4.6847,4.6646,4.6456,4.6303,4.6183,4.6031,4.5841,4.5639,4.5449,4.5297,4.5187,4.5084,4.4986,4.4883,4.4774,4.4633,4.4491,4.4371,4.4219,4.4029,4.3838,4.3675,4.3517,4.3333,4.3174,4.3011,4.2821,4.2619,4.2429,4.2277,4.2156,4.2004,4.1814,4.1602,4.1351,4.108,4.0889,4.0818,4.0807,4.0807,4.0796,4.0747,4.0666,4.0617,4.0606,4.0606,4.0606,4.0606,4.0606,4.0595,4.0546,4.0465,4.0415,4.0404,4.0394,4.0333,4.0203,4.0073,4.0002,3.9942,3.9861,3.9811,3.9789,3.974,3.9659,3.9599,3.9539,3.9447,3.9349,3.9235,3.9087,3.8903,3.8745,3.8592,3.8451,3.8342,3.8239,3.8141,3.8049,3.7988,3.7928,3.7836,3.7738,3.7635,3.7537,3.7434,3.7324,3.7172,3.6982,3.6791,3.6628,3.647,3.6286,3.6127,3.5975,3.5845,3.5774,3.5714,3.5632,3.5572,3.5512,3.542,3.5322,3.523,3.517,3.511,3.5028,3.4968,3.4908,3.4827,3.4778,3.4756,3.4707,3.4626,3.4577,3.4555,3.4506,3.4424,3.4375,3.4364,3.4364,3.4364,3.4364,3.4364,3.4364,3.4364,3.4364,3.4364,3.4364,3.4364,3.4364,3.4364,3.4364,3.4364,3.4364,3.4375,3.4424,3.4506,3.4555,3.4566,3.4566,3.4566,3.4566,3.4555,3.4506,3.4413,3.4293,3.4103,3.3881,3.37,3.3499,3.3277,3.3107,3.2944,3.2754,3.2552,3.2351,3.2139,3.1888,3.1584,3.1235,3.085,3.049,3.0136,2.9805,2.9532,2.9238,2.8786,2.8172,2.7541,2.6986,2.6523,2.6131,2.5838,2.5669,2.5566

Intensity : 764.51764,818.08742,920.70588,1040.7269,1138.1811,1162.3702,1159.7933,1151.5644,1129.4892,1109.4696,1089.856,1072.2293,1055.9876,1045.0216,1040.1133,1046.3375,1050.5118,1048.9544,1058.933,1067.2451,1076.2463,1087.1628,1097.8876,1111.2079,1132.7312,1151.1878,1162.0112,1169.4861,1165.2536,1158.4905,1144.366,1131.9489,1128.0331,1135.7114,1140.087,1153.2525,1167.9185,1170.6911,1169.3223,1146.9629,1125.8131,1100.9023,1082.4745,1053.3784,1028.0918,1016.2937,1013.6374,1014.2446,999.07051,979.96286,968.45897,961.69975,949.87807,934.87783,925.51579,920.12225,909.62995,883.53303,860.13705,841.40842,823.96245,827.19199,833.57555,840.53859,838.74426,838.32573,841.2354,842.96888,843.44058,843.12007,827.94962,805.37744,777.67446,755.31781,739.79131,725.42688,706.81478,680.53412,650.79057,625.03877,608.20399,595.69896,583.25892,571.56909,560.26679,554.67878,559.7793,575.47084,591.65959,605.70489,606.24991,606.76841,606.27374,609.70876,619.6896,626.82568,626.54318,650.57057,688.26721,723.85912,747.31123,761.98171,775.67937,792.6225,814.94258,842.04074,869.59971,898.70972,926.53412,944.89502,963.72249,958.27143,950.22817,941.66027,933.87491,923.00146,908.04122,878.70855,845.57394,824.54898,803.90596,785.93725,767.4479,768.95233,784.99374,813.05829,861.93394,904.33517,941.6544,967.10676,965.0699,937.17475,911.99668,884.51099,857.77412,829.48606,802.64695,777.30006,757.19728,754.16301,751.70345,747.15021,746.76572,754.16452,759.61057,764.00143,755.28909,743.42285,717.18484,693.17117,681.06493,667.97297,656.50945,673.24,679.25077,674.23497,668.99407,668.73857,668.58365,655.37312,629.67279,622.86357,619.24044,632.80377,647.98487,670.1258,698.40452,725.24536,736.31717,748.39922,755.07055,754.24648,753.92141,754.20311,752.92862,751.74285,753.51951,755.49994,759.8407,768.06817,775.10079,779.646,775.32017,763.73554,754.6766,729.20383,702.53373,679.87198,669.21709,663.65268,661.28601,652.82148,642.1974,644.16438,644.08679,607.3192,572.23912,556.4885,542.22558,529.77661,522.00589,515.37192,508.49551,506.18102,516.84606,526.69887,537.08855,550.95803,581.8431,622.08832,653.025,668.35343,684.23904,687.63528,658.49427,630.76376,621.01496,606.18547,673.18296,685.69537,680.24363,683.36723,690.8365,709.60031,731.65817,755.91248,796.31895,837.02853,811.22026,798.56915,777.65752,750.38087,735.01043,712.53427,708.00601,710.14782,715.23844,700.466,687.37131,671.23794,652.41075,632.57161,603.92878,573.50187,563.32414,559.87429,551.36333,526.57727,527.55905,547.26645,573.5483,617.14571,638.61327,607.48532,574.0196,552.22669,532.69938,514.87615,507.32305,510.55658,509.17563,503.31383,535.86639,556.46741,555.42863,551.92561,550.08996,554.6352,576.22886,599.96693,617.41,632.45652,629.57427,626.63357,623.42098,637.36131,654.42711,668.16187,684.13202,704.45954,712.80006,704.24286,707.26729,703.48366,685.39642,663.77799,638.74611,598.45295,574.04255,564.21185,558.06352,558.32839,569.9384,566.01316,558.83402,565.67157,551.8289,522.08566,506.24459,486.34317,480.55316,477.01206,473.12923,470.1978,475.07407,487.35622,506.74709,532.08143,521.75799,505.47056,492.54042,481.69115,469.73678,472.22841,478.85196,483.37081,492.37661,510.19498,523.79172,524.22482,514.87412,492.30844,458.88049,425.52727,409.43884,415.71807,424.16283,431.01036,417.72317,404.40323,401.17198,394.69794,389.96707,394.10912,398.65437,399.79423

Time pixel : 27.05353,27.40103,28.07299,28.92489,29.76497,30.37714,30.76577,31.09708,31.41811,31.70925,31.99449,32.27534,32.55029,32.79535,33.05069,33.36144,33.68247,33.98389,34.30492,34.62595,34.92737,35.26897,35.69244,36.19189,36.69133,37.14565,37.62549,38.14454,38.5783,38.94636,39.35365,39.75656,40.10843,40.4765,40.97594,41.55136,42.08756,42.60757,43.09673,43.49469,43.87303,44.37248,44.93761,45.41745,45.81541,46.1928,46.57019,46.9373,47.25833,47.50339,47.71265,47.94743,48.2121,48.44687,48.64585,48.83455,49.03353,49.2683,49.53297,49.77803,50.03337,50.3544,50.71123,51.04254,51.34396,51.67528,52.03211,52.36342,52.65456,52.93979,53.23093,53.55196,53.86271,54.10777,54.31703,54.56209,54.88312,55.23995,55.57126,55.8624,56.14763,56.43877,56.77008,57.12691,57.46851,57.80572,58.16693,58.49387,58.7791,59.02416,59.26921,59.54417,59.84559,60.22298,60.68663,61.21254,61.81881,62.45649,63.05247,63.51174,63.80726,63.97634,64.12924,64.31794,64.563,64.88403,65.26142,65.68489,66.13826,66.56173,66.93913,67.27044,67.56158,67.83653,68.09187,68.40357,68.86722,69.4691,70.14697,70.76846,71.2125,71.53448,71.8658,72.24319,72.67694,73.18667,73.75276,74.36493,75.01727,75.66524,76.26122,76.74106,77.13902,77.51641,77.88352,78.21483,78.50597,78.78092,79.02598,79.27104,79.54599,79.82685,80.11208,80.39293,80.67817,80.98987,81.42362,81.97848,82.48821,82.9332,83.50957,84.2634,85.03342,85.68576,86.17588,86.57384,86.95123,87.33891,87.78294,88.32847,88.91417,89.45036,89.96009,90.42374,90.8276,91.24517,91.65836,92.04603,92.42343,92.79054,93.12185,93.41299,93.69822,93.98936,94.31039,94.63142,94.93284,95.25387,95.58519,95.93269,96.33997,96.76345,97.18692,97.5942,97.9417,98.2833,98.64013,98.97144,99.27286,99.59389,99.92521,100.283,100.7466,101.3024,101.9146,102.5464,103.0919,103.4899,103.7913,104.0662,104.3113,104.5564,104.821,105.0558,105.2548,105.4435,105.6425,105.9081,106.311,106.784,107.1673,107.4731,107.7745,108.1519,108.6155,109.1928,110.0192,111.001,111.7975,112.3689,112.8693,113.4354,114.0672,114.6793,115.2557,115.8321,116.4442,117.1069,117.8215,118.6164,119.4531,120.2941,121.095,121.8601,122.6046,123.303,123.9152,124.4352,124.8689,125.2566,125.634,126.0217,126.4554,126.9446,127.398,127.766,128.1743,128.7404,129.4849,130.3514,131.2488,132.1624,133.1358,134.0945,134.9355,135.6143,136.1907,136.7107,137.1906,137.6851,138.2776,139.052,139.9289,140.8322,141.7492,142.5858,143.3048,143.9273,144.5036,145.0595,145.5692,145.9927,146.3342,146.6357,146.9773,147.3905,147.8644,148.4006,149.0632,149.8538,150.7512,151.7099,152.5961,153.2391,153.7404,154.3364,155.0143,155.6828,156.3352,156.9576,157.5801,158.2324,158.8701,159.4303,159.9213,160.5644,161.4505,162.399,163.24,163.9188,164.4952,165.0049,165.4387,165.8366,166.2704,166.7904,167.4026,168.0907,168.7891,169.4474,170.0434,170.5335,170.9878,171.4872,171.997,172.4871,173.0071,173.5732,174.1956,174.9043,175.6846,176.4693,177.2148,178.0259,178.8915,179.6105,180.2349,181.0965,182.2429,183.4305,184.4867,185.4405,186.307,186.9849,187.3726,187.5059

Position pixel : 56.3596,56.3596,56.3596,56.3596,56.3596,56.3596,56.3596,56.3596,56.3596,56.3596,56.3596,56.3596,56.3493,56.3033,56.217,56.1248,56.0386,55.9822,55.9259,55.8499,55.8038,55.7832,55.7372,55.6612,55.6151,55.6048,55.6048,55.5945,55.5485,55.4725,55.4264,55.4161,55.4059,55.3495,55.2274,55.0951,54.9927,54.8961,54.804,54.7074,54.605,54.4727,54.3403,54.2379,54.1413,54.0492,53.9629,53.9066,53.8502,53.7742,53.7281,53.7076,53.6615,53.5855,53.5395,53.5189,53.4728,53.3968,53.3508,53.3302,53.2841,53.1979,53.1057,53.0092,52.9067,52.7744,52.642,52.5293,52.3867,52.2186,52.076,51.9632,51.8206,51.6525,51.5099,51.3971,51.2545,51.0761,50.8977,50.7551,50.6424,50.4997,50.3213,50.1429,50.0003,49.8876,49.745,49.5768,49.4342,49.3215,49.1892,49.0568,48.9441,48.7912,48.5667,48.302,48.057,47.8119,47.5575,47.3688,47.2561,47.1699,47.1135,47.0571,46.9709,46.8787,46.7822,46.6797,46.5371,46.369,46.2264,46.1239,46.0274,45.9352,45.8387,45.7465,45.65,45.5578,45.4716,45.4255,45.4152,45.4152,45.4152,45.4152,45.4152,45.4152,45.4152,45.4152,45.4152,45.4152,45.4152,45.4152,45.4152,45.4152,45.4152,45.4152,45.4152,45.4152,45.4049,45.3589,45.2829,45.2265,45.1702,45.0942,45.0481,45.0275,44.9815,44.9055,44.8491,44.7928,44.7065,44.6144,44.5281,44.482,44.4615,44.4154,44.3394,44.283,44.2164,44.0841,43.9057,43.717,43.5385,43.3959,43.2832,43.1406,42.9622,42.7735,42.5951,42.4524,42.35,42.2535,42.1613,42.0648,41.9623,41.83,41.6977,41.5849,41.4423,41.2639,41.0855,40.9326,40.7841,40.6116,40.463,40.3101,40.1317,39.943,39.7646,39.622,39.5093,39.3667,39.1882,38.9893,38.7545,38.5001,38.3217,38.255,38.2448,38.2448,38.2345,38.1884,38.1124,38.0663,38.0561,38.0561,38.0561,38.0561,38.0561,38.0458,37.9997,37.9237,37.8776,37.8674,37.8571,37.8007,37.6787,37.5566,37.49,37.4336,37.3576,37.3116,37.291,37.2449,37.1689,37.1126,37.0562,36.97,36.8778,36.771,36.6327,36.4602,36.3117,36.1691,36.0368,35.9343,35.8378,35.7456,35.6594,35.603,35.5466,35.4604,35.3682,35.2717,35.1795,35.083,34.9806,34.8379,34.6595,34.4811,34.3282,34.1797,34.0072,33.8587,33.716,33.594,33.5273,33.471,33.395,33.3387,33.2823,33.196,33.1039,33.0176,32.9613,32.9049,32.8289,32.7726,32.7162,32.6402,32.5941,32.5736,32.5275,32.4515,32.4055,32.3849,32.3388,32.2628,32.2168,32.2065,32.2065,32.2065,32.2065,32.2065,32.2065,32.2065,32.2065,32.2065,32.2065,32.2065,32.2065,32.2065,32.2065,32.2065,32.2065,32.2168,32.2628,32.3388,32.3849,32.3952,32.3952,32.3952,32.3952,32.3849,32.3388,32.2526,32.1398,31.9614,31.7531,31.584,31.3953,31.187,31.0282,30.8753,30.6969,30.5082,30.3195,30.1205,29.8858,29.6005,29.2736,28.9124,28.5752,28.2438,27.9331,27.6778,27.4019,26.9784,26.403,25.8114,25.2913,24.8576,24.4905,24.2155,24.0567,23.9602

Pole type : Curve
Start frame : 1
End frame : 208
Start time (s) : 0.000
End time (s) : 1822.090
Time step (s) : 8.802

Pole number : 2

Time (s) : 246.25899,248.50659,252.9934,259.36578,266.31641,271.96808,275.61352,278.21475,280.28134,282.03282,283.7843,285.85089,288.1806,290.24719,291.99867,293.65965,295.32062,296.9816,298.64257,300.30355,301.96452,303.6255,305.37698,307.44357,309.95429,312.92261,316.50769,320.05424,322.97058,325.21818,327.37527,329.70499,331.77158,333.61356,335.68015,338.00986,340.07645,341.82793,343.48891,345.14988,346.81086,348.47183,350.13281,351.79378,353.45476,355.20624,357.27283,359.60254,361.66913,363.51112,365.75871,369.26167,374.74072,382.36847,391.16108,399.78106,407.68033,414.54883,419.79489,422.94421,424.8767,426.62818,428.78527,431.61111,434.84255,438.1645,441.39595,444.22179,446.46938,448.71698,451.63332,455.36088,459.84769,464.64961,469.04591,472.36786,474.70596,476.95356,479.77939,483.19185,487.59654,493.65382,500.87596,508.33108,515.73423,522.69324,528.93153,534.41057,539.484,544.37643,548.95374,553.17742,557.34912,561.4823,565.56349,569.20055,572.20739,575.04161,578.76918,583.33811,587.47128,591.06474,594.79231,598.783,602.42006,605.4269,608.08011,611.17746,615.49164,621.63943,629.17667,636.89493,644.03495,650.76935,657.32275,663.56104,669.4457,675.18787,680.4859,685.06322,688.70028,691.211,692.69935,694.04522,695.61569,697.36717,699.43376,701.76347,703.83006,705.58154,707.24252,709.0845,711.82821,716.22452,721.87619,728.16646,734.80197,740.27263,743.60297,746.03157,748.94791,752.85648,758.24502,765.06155,772.42617,779.64831,785.61509,789.52366,791.86176,793.61324,795.36472,797.43131,799.76102,802.00862,804.66183,808.24691,812.47059,817.45351,823.01468,828.40322,833.47665,838.36907,842.76537,846.08732,848.33492,850.0864,851.83788,854.08548,857.40743,861.89424,867.28278,873.43056,879.98396,886.62786,893.18126,899.23854,904.22146,908.13004,911.54249,914.95495,918.68251,922.76371,926.98739,931.6552,936.95324,942.69541,948.58007,954.90886,962.04888,970.35375,979.82349,990.01395,1000.0619,1008.6819,1015.5068,1021.1669,1026.6459,1032.3881,1038.4537,1045.8653,1055.9216,1068.7569,1083.1576,1098.0293,1112.7753,1125.0211,1133.8717,1139.5962,1144.0148,1148.336,1152.3956,1156.2321,1160.3855,1165.2093,1170.3501,1175.1777,1179.3386,1183.0961,1186.7655,1190.5277,1194.6983,1199.7213,1205.9641,1213.4571,1220.9534,1227.2062,1232.2459,1236.4398,1240.3227,1244.6156,1249.8064,1255.3556,1260.7455,1267.3055,1276.1922,1286.707,1297.6716,1307.883,1316.8014,1324.7858,1331.957,1337.5724,1342.6245,1349.4613,1357.8618,1366.7565,1377.0554,1387.2785,1397.1408,1409.2097,1422.3202,1434.2495,1444.6738,1452.3374,1457.865,1463.7334,1470.2354,1476.658,1482.8497,1488.3741,1493.2304,1497.9442,1502.6185,1507.3296,1512.1803,1517.7866,1524.3721,1531.4478,1538.5168,1545.1721,1551.0592,1556.1249,1560.42,1564.3874,1568.5659,1572.9926,1577.1403,1580.9558,1584.6627,1588.4408,1592.6043,1597.5058,1603.1963,1609.5325,1616.0258,1622.6369,1629.6584,1636.1192,1640.8488,1643.7179,1645.6577,1647.2983,1648.5054,1649.0156

Position (um) : 6.0941,6.0941,6.093,6.0881,6.0789,6.0691,6.0599,6.0549,6.0538,6.0527,6.0478,6.0397,6.0348,6.0337,6.0337,6.0337,6.0337,6.0337,6.0337,6.0337,6.0337,6.0326,6.0277,6.0196,6.0136,6.0076,5.9984,5.9885,5.9793,5.9744,5.9733,5.9733,5.9733,5.9733,5.9733,5.9733,5.9733,5.9733,5.9733,5.9733,5.9733,5.9733,5.9733,5.9733,5.9733,5.9733,5.9733,5.9733,5.9733,5.9733,5.9733,5.9733,5.9733,5.9733,5.9733,5.9733,5.9733,5.9733,5.9733,5.9733,5.9733,5.9733,5.9733,5.9733,5.9733,5.9733,5.9733,5.9733,5.9733,5.9733,5.9733,5.9733,5.9733,5.9733,5.9733,5.9733,5.9744,5.9804,5.9934,6.0076,6.0196,6.0348,6.0538,6.074,6.0941,6.1131,6.1284,6.1404,6.1556,6.1746,6.1937,6.2078,6.2149,6.222,6.235,6.2492,6.2601,6.2704,6.2813,6.2954,6.3096,6.3216,6.3357,6.3498,6.3619,6.376,6.389,6.3961,6.4043,6.4245,6.4576,6.4968,6.536,6.5713,6.6024,6.6328,6.6628,6.6932,6.7232,6.7514,6.7715,6.7836,6.7928,6.7977,6.801,6.8108,6.8281,6.844,6.8603,6.8782,6.8934,6.9044,6.9147,6.9267,6.9468,6.974,6.999,7.0192,7.0333,7.0404,7.0475,7.0616,7.0818,7.1079,7.1411,7.1742,7.1993,7.2156,7.2265,7.2357,7.2417,7.2478,7.2559,7.2619,7.2679,7.2771,7.288,7.3032,7.3223,7.3424,7.3625,7.3827,7.4017,7.4158,7.4218,7.4229,7.4229,7.4229,7.4229,7.424,7.429,7.4371,7.442,7.4431,7.4431,7.4442,7.4491,7.4572,7.4621,7.4632,7.4632,7.4632,7.4632,7.4632,7.4632,7.4632,7.4632,7.4632,7.4632,7.4632,7.4632,7.4632,7.4643,7.4692,7.4773,7.4822,7.4833,7.4844,7.4894,7.4986,7.5084,7.5187,7.5307,7.5498,7.5709,7.5835,7.5922,7.6018,7.6083,7.6121,7.6186,7.6283,7.6348,7.6375,7.6391,7.6408,7.6424,7.644,7.6468,7.6534,7.6632,7.6698,7.6726,7.6743,7.6761,7.6778,7.6796,7.6814,7.6832,7.6851,7.6869,7.6888,7.6907,7.6926,7.6957,7.7026,7.7127,7.7197,7.7228,7.7249,7.727,7.7292,7.7314,7.7336,7.7359,7.7392,7.7465,7.7569,7.7653,7.7737,7.7853,7.7976,7.8093,7.8167,7.8203,7.824,7.8315,7.8421,7.8496,7.8533,7.8559,7.8585,7.8611,7.8637,7.8662,7.8688,7.8713,7.8738,7.8763,7.8787,7.8811,7.8834,7.8857,7.8879,7.89,7.8921,7.8941,7.8961,7.8979,7.8996,7.9013,7.9028,7.9043,7.9056,7.9079,7.9151,7.9291,7.944,7.9557,7.9666,7.9769,7.9875,7.9976,8.0068

Intensity : 844.47675,876.94973,942.93009,1037.8308,1109.8461,1105.6047,1092.5054,1077.9252,1063.602,1051.708,1043.7296,1036.3558,1024.2313,1010.5486,1009.4727,1010.0871,1010.7015,1011.316,1011.9304,1018.51,1028.809,1039.7565,1053.3887,1070.4406,1085.3515,1101.1076,1121.3781,1146.2422,1169.5252,1185.3947,1190.8249,1195.8959,1200.3943,1204.4037,1206.0529,1205.5471,1205.0984,1204.7181,1203.9045,1199.7163,1195.528,1191.3398,1187.1516,1182.9634,1189.122,1198.03,1208.5407,1220.3897,1231.1007,1240.9471,1252.9617,1271.6869,1287.5558,1281.2454,1239.9932,1181.124,1120.0881,1079.3383,1031.7127,1005.2158,997.06936,989.68594,980.59265,967.61887,942.37472,916.42354,896.37545,885.79284,877.3757,868.95855,857.06321,841.76549,823.68763,804.73969,787.89367,775.44642,766.48071,760.26397,751.39643,740.25844,735.76117,731.14664,730.2621,708.32378,682.09106,655.23146,633.84379,635.04336,642.83519,657.89635,654.20265,641.59971,621.59938,596.53147,559.18108,519.37824,489.57847,468.88256,442.94574,426.61703,422.3074,423.09804,431.1716,443.14414,470.44338,495.38204,517.09684,535.28811,560.52163,569.33526,553.32072,512.06465,466.27443,462.14342,479.58816,487.90386,486.43027,464.51456,447.68903,432.51704,431.28813,434.09987,437.53878,439.70052,441.26427,445.54809,454.24372,459.68932,466.74149,474.73943,481.69764,486.98718,492.4167,497.25869,502.38219,510.77141,496.53195,475.1445,464.49373,456.2515,445.50313,435.78013,426.18532,413.89019,393.52909,383.40162,387.77177,398.50803,405.75079,411.38214,416.69161,423.02241,430.66672,434.21312,437.13805,441.24174,451.6224,469.38188,478.05554,489.04037,514.35746,525.87697,534.49119,543.0919,551.5953,559.13556,566.91865,576.50339,586.03333,598.82355,610.33217,623.00209,633.30429,646.66364,674.62821,708.62839,737.44281,759.0535,773.72061,787.21024,783.01086,775.33004,760.38392,739.6738,707.74435,673.39724,659.21305,647.17194,642.30902,652.16236,677.92018,705.80232,680.11991,651.90765,646.89159,661.51376,660.78313,669.58934,692.24825,731.91525,819.26288,874.62739,880.02516,852.1063,843.09188,860.25809,869.02198,851.87424,836.28792,821.38071,804.86633,802.7896,808.42084,821.24958,836.94588,848.55542,858.13425,843.07071,826.36121,816.83842,812.85279,812.03722,814.86257,859.35823,885.11156,900.00017,910.00283,913.49388,915.5109,904.92517,889.37036,814.10466,742.41895,661.39367,622.11672,715.24635,745.7661,720.61166,691.1352,691.07346,707.55007,719.09694,744.1755,766.03188,767.15891,767.10518,769.41872,779.6054,785.84143,788.27502,754.94053,744.33025,761.59886,757.70751,740.47665,733.47413,736.24711,735.48503,738.80348,743.62624,744.95441,746.01702,745.92928,747.87702,752.72154,765.23905,779.11869,777.43487,782.54666,747.3293,712.32551,701.59888,685.31046,665.22209,654.09853,656.94015,661.97645,669.88214,676.17151,674.69642,673.35221,653.35757,622.52085,566.69195,528.45155,499.29032,474.2977,451.14756,433.67919,423.4325,417.18997,414.12888,412.52118,411.13625

Time pixel : 27.97645,28.23179,28.74152,29.46546,30.25509,30.89715,31.3113,31.60681,31.84159,32.04057,32.23954,32.47432,32.73899,32.97377,33.17274,33.36144,33.55014,33.73883,33.92753,34.11623,34.30492,34.49362,34.6926,34.92737,35.21261,35.54982,35.95711,36.36002,36.69133,36.94667,37.19173,37.4564,37.69118,37.90044,38.13521,38.39988,38.63466,38.83364,39.02233,39.21103,39.39973,39.58842,39.77712,39.96582,40.15451,40.35349,40.58827,40.85294,41.08771,41.29697,41.55231,41.95027,42.57272,43.43928,44.43817,45.41745,46.31485,47.09515,47.69114,48.04892,48.26846,48.46744,48.7125,49.03353,49.40064,49.77803,50.14514,50.46617,50.72151,50.97685,51.30817,51.73164,52.24137,52.78689,53.28634,53.66373,53.92935,54.18469,54.50572,54.8934,55.3938,56.08194,56.90242,57.74936,58.5904,59.38099,60.08969,60.71214,61.28851,61.84432,62.36433,62.84417,63.3181,63.78765,64.2513,64.66449,65.00608,65.32806,65.75154,66.27059,66.74015,67.14839,67.57186,68.02522,68.43842,68.78001,69.08143,69.43331,69.92342,70.62185,71.47812,72.35496,73.16611,73.93118,74.67568,75.38439,76.05292,76.70526,77.30715,77.82716,78.24035,78.52558,78.69467,78.84757,79.02598,79.22496,79.45973,79.7244,79.95918,80.15816,80.34686,80.55612,80.86782,81.36726,82.00932,82.72394,83.47777,84.09927,84.47761,84.75352,85.08483,85.52887,86.14104,86.91543,87.7521,88.57257,89.25043,89.69447,89.96009,90.15907,90.35805,90.59282,90.85749,91.11283,91.41425,91.82154,92.30137,92.86746,93.49924,94.11141,94.68778,95.24359,95.74304,96.12043,96.37577,96.57475,96.77373,97.02907,97.40646,97.91619,98.52836,99.22678,99.97129,100.7261,101.4706,102.1587,102.7248,103.1688,103.5565,103.9442,104.3677,104.8313,105.3111,105.8414,106.4433,107.0957,107.7642,108.4832,109.2943,110.2378,111.3136,112.4713,113.6128,114.5921,115.3675,116.0105,116.6329,117.2853,117.9744,118.8164,119.9588,121.417,123.053,124.7425,126.4177,127.8089,128.8144,129.4647,129.9667,130.4576,130.9188,131.3547,131.8265,132.3745,132.9586,133.507,133.9797,134.4066,134.8234,135.2509,135.7247,136.2953,137.0045,137.8558,138.7074,139.4177,139.9903,140.4667,140.9079,141.3956,141.9853,142.6157,143.228,143.9733,144.9828,146.1774,147.423,148.5831,149.5963,150.5034,151.318,151.956,152.5299,153.3066,154.261,155.2715,156.4415,157.6029,158.7233,160.0944,161.5838,162.9391,164.1233,164.994,165.6219,166.2886,167.0273,167.7569,168.4603,169.0879,169.6396,170.1752,170.7062,171.2414,171.7925,172.4294,173.1775,173.9814,174.7844,175.5405,176.2093,176.7848,177.2728,177.7235,178.1982,178.7011,179.1723,179.6058,180.0269,180.4561,180.9291,181.4859,182.1324,182.8522,183.5899,184.341,185.1386,185.8726,186.41,186.7359,186.9563,187.1427,187.2798,187.3377

Position pixel : 57.1144,57.1144,57.1041,57.058,56.9718,56.8796,56.7934,56.7473,56.737,56.7267,56.6806,56.6047,56.5586,56.5483,56.5483,56.5483,56.5483,56.5483,56.5483,56.5483,56.5483,56.538,56.492,56.416,56.3596,56.3033,56.217,56.1248,56.0386,55.9925,55.9822,55.9822,55.9822,55.9822,55.9822,55.9822,55.9822,55.9822,55.9822,55.9822,55.9822,55.9822,55.9822,55.9822,55.9822,55.9822,55.9822,55.9822,55.9822,55.9822,55.9822,55.9822,55.9822,55.9822,55.9822,55.9822,55.9822,55.9822,55.9822,55.9822,55.9822,55.9822,55.9822,55.9822,55.9822,55.9822,55.9822,55.9822,55.9822,55.9822,55.9822,55.9822,55.9822,55.9822,55.9822,55.9822,55.9925,56.0489,56.1709,56.3033,56.416,56.5586,56.737,56.9257,57.1144,57.2928,57.4354,57.5482,57.6908,57.8692,58.0476,58.1799,58.2466,58.3132,58.4353,58.5676,58.6701,58.7666,58.869,59.0014,59.1337,59.2464,59.3788,59.5111,59.6238,59.7562,59.8782,59.9448,60.0218,60.2105,60.5212,60.8883,61.2554,61.5868,61.8779,62.1631,62.444,62.7292,63.0101,63.2747,63.4634,63.5762,63.6624,63.7085,63.7393,63.8315,63.9937,64.1423,64.2951,64.4633,64.6059,64.7083,64.8049,64.9176,65.1063,65.3607,65.5955,65.7842,65.9165,65.9831,66.0498,66.1821,66.3708,66.6159,66.9266,67.2374,67.4721,67.625,67.7275,67.8137,67.8701,67.9265,68.0024,68.0588,68.1152,68.2014,68.3039,68.4465,68.6249,68.8136,69.0023,69.191,69.3694,69.5017,69.5581,69.5684,69.5684,69.5684,69.5684,69.5787,69.6247,69.7007,69.7468,69.7571,69.7571,69.7673,69.8134,69.8894,69.9355,69.9458,69.9458,69.9458,69.9458,69.9458,69.9458,69.9458,69.9458,69.9458,69.9458,69.9458,69.9458,69.9458,69.956,70.0021,70.0781,70.1242,70.1345,70.1447,70.1908,70.2771,70.3692,70.4658,70.5785,70.7569,70.9549,71.0729,71.1542,71.2448,71.3056,71.341,71.4019,71.4929,71.554,71.5793,71.5945,71.6098,71.6251,71.6406,71.6664,71.7281,71.8199,71.8819,71.9082,71.9244,71.9407,71.9572,71.9738,71.9907,72.0077,72.0249,72.0423,72.0599,72.0778,72.0959,72.1245,72.1891,72.2839,72.3491,72.3788,72.3984,72.4183,72.4386,72.4591,72.4799,72.501,72.5326,72.6004,72.6983,72.7769,72.8557,72.9648,73.0799,73.1894,73.2589,73.2929,73.3269,73.397,73.4971,73.5673,73.6018,73.6261,73.6504,73.6746,73.6988,73.7228,73.7467,73.7703,73.7937,73.8168,73.8395,73.8618,73.8837,73.9051,73.9259,73.9461,73.9656,73.9844,74.0024,74.0197,74.0361,74.0515,74.066,74.0796,74.092,74.1137,74.1804,74.3117,74.452,74.5613,74.6634,74.76,74.8596,74.9537,75.0406

Pole type : Curve
Start frame : 1
End frame : 208
Start time (s) : 0.000
End time (s) : 1822.090
Time step (s) : 8.802

Feature Information :


Feature number : 1

Time (s) : 1106.4632,1107.7186,1109.6042,1111.5283,1112.9261,1114.272,1115.8425,1117.4129,1118.6683,1119.6605,1120.9159,1122.3959,1123.6512,1124.553,1125.4027,1126.2139,1127.0637,1127.9654,1129.1303,1130.2951,1131.1969,1132.0466,1132.8578,1133.7076,1134.6093,1135.8647,1137.3446,1138.6,1139.5922,1140.8476,1142.3276,1143.5829,1144.5752,1145.74,1146.9049,1147.8971,1149.1525,1150.7229,1152.2934,1153.5488,1154.541,1155.7964,1157.3668,1159.0278,1160.6888,1162.2593,1163.5146,1164.5069,1165.7622,1167.2422,1168.4976,1169.3993,1170.1585

Position (um) : 7.2548,7.2395,7.2156,7.1863,7.1563,7.127,7.1019,7.0807,7.0605,7.0404,7.0203,7.0001,6.98,6.9599,6.9408,6.9256,6.9136,6.8984,6.8793,6.8603,6.8451,6.8341,6.8238,6.8129,6.7977,6.7787,6.7585,6.7395,6.7243,6.7122,6.697,6.6791,6.6639,6.6518,6.6366,6.6187,6.6035,6.5925,6.5822,6.5713,6.5572,6.5431,6.531,6.5169,6.5028,6.4908,6.4767,6.4625,6.4516,6.4413,6.4315,6.4223,6.4173

Intensity : 540.5411,522.5866,494.2507,459.3742,425.7424,404.7526,391.3065,381.3514,370.2729,359.2301,353.0938,347.4821,343.0327,339.6087,336.9054,335.0401,333.2909,330.7003,327.626,324.7878,322.7148,321.1495,319.5572,317.7584,315.6195,313.142,311.1134,309.9396,309.4736,309.5863,310.0844,310.8574,311.2779,310.2971,309.5009,309.0646,307.4989,305.8089,304.2909,302.7317,300.8966,298.8434,296.5966,294.3781,292.0199,289.3945,286.5589,284.3256,281.9617,279.4345,277.3948,275.9758,274.8845

Time pixel : 125.7006,125.8433,126.0575,126.2761,126.4349,126.5878,126.7662,126.9446,127.0872,127.1999,127.3426,127.5107,127.6533,127.7557,127.8523,127.9444,128.041,128.1434,128.2758,128.4081,128.5105,128.6071,128.6992,128.7958,128.8982,129.0408,129.209,129.3516,129.4643,129.6069,129.775,129.9177,130.0304,130.1627,130.2951,130.4078,130.5504,130.7288,130.9072,131.0498,131.1626,131.3052,131.4836,131.6723,131.861,132.0394,132.182,132.2947,132.4374,132.6055,132.7481,132.8505,132.9368

Position pixel : 67.9922,67.8495,67.625,67.3501,67.0692,66.7943,66.5595,66.3605,66.1718,65.9831,65.7944,65.6057,65.417,65.2284,65.0499,64.9073,64.7946,64.652,64.4736,64.2951,64.1525,64.0501,63.9536,63.8511,63.7085,63.5301,63.3414,63.163,63.0204,62.9076,62.765,62.5969,62.4543,62.3415,62.1989,62.0308,61.8882,61.7857,61.6892,61.5868,61.4544,61.3221,61.2094,61.077,60.9447,60.832,60.6996,60.5673,60.4649,60.3683,60.2762,60.1899,60.1438

Brightness max : 
Brightness min : 
Feature direction : 
Feature speed : 
Feature type : Curve
Start frame : 1
End frame : 208
Start time (s) : 0.000
End time (s) : 1822.090
Time step (s) : 8.802

Feature number : 2

Time (s) : 1268.5617,1268.1561,1267.4873,1267.0817,1266.9912,1266.9912,1266.9912,1266.9912,1266.9912,1267.0817,1267.4873,1268.1561,1268.6522,1269.1483,1269.8171,1270.3132,1270.8093,1271.5685,1272.3798,1273.139,1273.5446,1273.7256,1274.1312,1274.8,1275.2961,1275.7922,1276.5515,1277.4532,1278.6181,1279.7829,1280.6846,1281.4439,1281.94,1282.4361,1283.1954,1284.0066,1284.8563,1285.6676,1286.4268,1286.9229,1287.419,1288.1783,1288.9895,1289.7488,1290.2449,1290.8315,1291.9059,1292.9802

Position (um) : 7.2526,7.2275,7.1874,7.1493,7.1198,7.0888,7.0524,7.0225,7.0001,6.9811,6.9659,6.9539,6.9375,6.9136,6.8853,6.8592,6.833,6.8048,6.7798,6.7585,6.7384,6.7194,6.7041,6.6921,6.678,6.6639,6.6507,6.6317,6.6084,6.5876,6.5681,6.5523,6.5371,6.5218,6.506,6.4876,6.4717,6.4554,6.4364,6.4173,6.4021,6.3901,6.3749,6.3558,6.3368,6.3216,6.3107,6.3015

Intensity : 489.388,477.0947,455.8618,432.1887,418.0134,403.1293,385.7143,373.5409,365.3145,358.5254,353.9665,349.6234,343.7276,336.6896,328.8085,321.6924,314.7696,309.3399,305.0345,301.5603,298.02,294.6404,292.9619,292.0308,290.6094,289.188,287.5752,283.4414,279.0044,275.7115,273.2377,271.4527,270.1248,268.9416,267.7508,266.5722,265.6774,264.5578,263.2749,262.2767,261.4543,260.6404,259.8072,259.0369,258.4961,258.0571,257.5976,257.2453

Time pixel : 144.116,144.0699,143.9939,143.9478,143.9376,143.9376,143.9376,143.9376,143.9376,143.9478,143.9939,144.0699,144.1263,144.1826,144.2586,144.3149,144.3713,144.4576,144.5497,144.636,144.6821,144.7026,144.7487,144.8247,144.881,144.9374,145.0237,145.1261,145.2584,145.3908,145.4932,145.5795,145.6358,145.6922,145.7784,145.8706,145.9671,146.0593,146.1456,146.2019,146.2583,146.3445,146.4367,146.5229,146.5793,146.646,146.768,146.8901

Position pixel : 67.9716,67.7368,67.3604,67.0035,66.7276,66.4365,66.0959,65.815,65.6057,65.4273,65.2847,65.172,65.0191,64.7946,64.5299,64.2849,64.0398,63.7751,63.5404,63.3414,63.1527,62.9743,62.8317,62.7189,62.5866,62.4543,62.3313,62.1528,61.9343,61.7397,61.5569,61.4083,61.2657,61.1231,60.9746,60.8021,60.6536,60.5007,60.3222,60.1438,60.0012,59.8885,59.7459,59.5675,59.389,59.2464,59.144,59.0577

Brightness max : 
Brightness min : 
Feature direction : 
Feature speed : 
Feature type : Curve
Start frame : 1
End frame : 208
Start time (s) : 0.000
End time (s) : 1822.090
Time step (s) : 8.802

Feature number : 3

Time (s) : 901.896,902.2761,903.0159,904.3693,905.922,907.0744,907.7277,908.1242,908.6152,909.0907,909.3861,909.6584,909.9371,910.2958,910.763,911.5425,912.3851,913.1712,913.7943,914.3661,914.7744,915.1663,915.6982,916.2222,916.6759,916.9374,917.2704,917.9713,918.7436,919.2823,919.7371,920.6038,921.6115,922.4999,923.3227,923.9157,924.3476,924.9082,925.6201,926.1947,926.8116,927.7405,928.6602,929.188

Position (um) : 4.9256,4.9201,4.9053,4.8791,4.8476,4.8206,4.8015,4.7864,4.7719,4.7573,4.7428,4.7283,4.7138,4.6996,4.6857,4.6713,4.6525,4.6294,4.6065,4.5884,4.5735,4.5592,4.5447,4.5299,4.515,4.4993,4.4804,4.4573,4.4348,4.4162,4.3945,4.3635,4.3265,4.2899,4.2602,4.2413,4.2295,4.2217,4.2158,4.2068,4.1919,4.1714,4.1517,4.1398

Intensity : 353.3677,356.0772,362.4965,372.7373,386.0948,395.5585,400.1319,402.3075,404.623,407.2645,410.1255,413.1509,416.336,419.7763,422.1033,424.5313,427.8697,432.0417,436.3018,440.285,440.8481,441.3876,440.4788,437.4987,434.9264,433.1869,431.0725,426.6347,422.578,419.9376,417.679,417.2634,422.9943,429.3423,436.5759,444.2456,449.1547,454.0107,458.625,464.6601,474.304,488.8378,501.5283,507.7101

Time pixel : 102.4606,102.5038,102.5878,102.7416,102.918,103.0489,103.1231,103.1682,103.224,103.278,103.3115,103.3425,103.3741,103.4149,103.468,103.5565,103.6522,103.7416,103.8123,103.8773,103.9237,103.9682,104.0286,104.0882,104.1397,104.1694,104.2072,104.2869,104.3746,104.4358,104.4875,104.5859,104.7004,104.8013,104.8948,104.9622,105.0112,105.0749,105.1558,105.2211,105.2912,105.3967,105.5012,105.5612

Position pixel : 46.1628,46.1118,45.9724,45.7275,45.4316,45.179,45.0002,44.8583,44.7225,44.5861,44.4496,44.3135,44.1785,44.0454,43.915,43.7799,43.6038,43.387,43.1724,43.0026,42.8632,42.7293,42.5932,42.4548,42.3147,42.1674,41.9909,41.7742,41.5632,41.3893,41.1857,40.8946,40.5479,40.2054,39.9265,39.7493,39.6396,39.5659,39.5104,39.4264,39.2865,39.095,38.9097,38.7984

Brightness max : 
Brightness min : 
Feature direction : 
Feature speed : 
Feature type : Curve
Start frame : 1
End frame : 208
Start time (s) : 0.000
End time (s) : 1822.090
Time step (s) : 8.802

Feature number : 4

Time (s) : 1002.9866,1003.5733,1005.1437,1007.2924,1008.8629,1009.54,1010.0362,1010.7049,1011.201,1011.6971,1012.3659,1012.862,1013.3581,1014.0268,1014.4325,1014.6135,1015.0191,1015.6878,1016.0934,1016.2744,1016.6801,1017.3488,1017.7544,1017.9354,1018.341,1019.0098,1019.4154

Position (um) : 7.2515,7.2182,7.1541,7.0819,7.0307,7.0012,6.98,6.9599,6.9397,6.9185,6.8924,6.8592,6.826,6.7999,6.7776,6.7525,6.7232,6.6921,6.6579,6.6258,6.6035,6.5854,6.5621,6.5381,6.5169,6.4979,6.4838

Intensity : 530.5762,495.544,427.8751,374.4156,343.636,334.1889,327.5629,321.5235,315.5725,312.1661,308.8453,303.9002,299.5133,298.2633,297.3341,296.3879,295.3498,295.107,294.832,294.5521,293.9416,293.1722,292.1253,291.0234,290.0746,288.7516,287.4743

Time pixel : 113.9451,114.0117,114.1902,114.4343,114.6127,114.6896,114.746,114.8219,114.8783,114.9347,115.0106,115.067,115.1234,115.1993,115.2454,115.266,115.3121,115.388,115.4341,115.4547,115.5008,115.5767,115.6228,115.6434,115.6895,115.7654,115.8115

Position pixel : 67.9613,67.6496,67.0487,66.3718,65.8919,65.616,65.417,65.2284,65.0397,64.8407,64.5956,64.2849,63.9741,63.7291,63.5198,63.285,63.0101,62.7189,62.3979,62.0974,61.8882,61.7191,61.5005,61.276,61.077,60.8986,60.7663

Brightness max : 
Brightness min : 
Feature direction : 
Feature speed : 
Feature type : Curve
Start frame : 1
End frame : 208
Start time (s) : 0.000
End time (s) : 1822.090
Time step (s) : 8.802

Feature number : 5

Time (s) : 1554.34,1554.521,1555.4227,1557.2563,1559.1419,1560.4877,1561.3895,1562.1487,1562.6448,1563.141,1563.9002,1564.7114,1565.4707,1565.9668,1566.4629,1567.2222,1568.0334,1568.9736,1570.1905,1571.709,1572.9258,1573.7756,1574.1812,1574.3622,1574.7678,1575.4365,1575.8421,1575.9326,1575.9326,1575.9326,1575.9326,1575.9326

Position (um) : 3.9528,3.9354,3.8994,3.844,3.7869,3.7406,3.7053,3.6791,3.659,3.6438,3.6307,3.6105,3.5834,3.5583,3.536,3.5099,3.4767,3.4413,3.4054,3.3679,3.338,3.3156,3.2955,3.2765,3.2612,3.2492,3.234,3.215,3.1948,3.1747,3.1557,3.1415

Intensity : 260.6463,261.4835,263.5818,267.9861,270.9769,273.2504,276.6904,279.7935,282.3147,284.4284,286.6736,291.2493,297.5219,303.1969,308.4206,314.8787,323.5121,332.301,341.2164,351.754,359.6612,365.3697,370.8684,376.3031,379.9931,382.0034,385.7781,391.3958,396.7899,400.6235,404.2481,406.9366

Time pixel : 176.582,176.6026,176.705,176.9134,177.1276,177.2805,177.3829,177.4692,177.5255,177.5819,177.6681,177.7603,177.8466,177.9029,177.9593,178.0455,178.1377,178.2445,178.3828,178.5553,178.6935,178.79,178.8361,178.8567,178.9028,178.9787,179.0248,179.0351,179.0351,179.0351,179.0351,179.0351

Position pixel : 37.0459,36.8828,36.5455,36.0265,35.4912,35.0575,34.7262,34.4811,34.2924,34.1498,34.0268,33.8381,33.5837,33.3489,33.1397,32.8946,32.5839,32.2526,31.9153,31.5644,31.2836,31.0743,30.8856,30.7072,30.5646,30.4518,30.3092,30.1308,29.9421,29.7534,29.575,29.4427

Brightness max : 
Brightness min : 
Feature direction : 
Feature speed : 
Feature type : Curve
Start frame : 1
End frame : 208
Start time (s) : 0.000
End time (s) : 1822.090
Time step (s) : 8.802

Feature number : 6

Time (s) : 1013.043,1013.9447,1015.7783,1017.8449,1020.002,1022.3317,1024.3983,1026.0593,1027.3147,1028.2164,1029.0661,1029.8774,1030.7271,1031.6288,1032.8842,1034.4547,1036.1156,1037.6861,1038.9415,1039.8432,1040.693,1041.5042,1042.3539,1043.2557,1044.511,1046.0815,1047.652,1048.9073,1049.8091,1050.6588,1051.47,1052.3198,1053.131,1053.8903,1054.2959

Position (um) : 5.0177,4.9948,4.9634,4.9355,4.904,4.867,4.8328,4.8066,4.7854,4.7653,4.7451,4.725,4.7049,4.6836,4.6575,4.6243,4.5901,4.559,4.5308,4.5106,4.4975,4.4823,4.4633,4.4431,4.4219,4.3968,4.3686,4.3447,4.3283,4.3174,4.3071,4.2973,4.287,4.2771,4.2679

Intensity : 288.263,289.5138,291.439,293.3967,295.4941,295.8169,294.4552,293.22,292.3387,291.9885,291.8395,291.8673,291.6112,291.4486,291.3495,291.8415,293.0306,295.5073,298.47,300.9869,302.8609,305.1639,308.9148,313.11,317.9781,324.1676,332.2678,340.514,346.2562,349.9033,353.4189,356.778,360.4717,364.0955,367.8632

Time pixel : 115.0876,115.19,115.3983,115.6331,115.8781,116.1428,116.3776,116.5663,116.7089,116.8113,116.9079,117,117.0966,117.199,117.3416,117.5201,117.7088,117.8872,118.0298,118.1322,118.2288,118.3209,118.4175,118.5199,118.6625,118.8409,119.0193,119.162,119.2644,119.3609,119.4531,119.5496,119.6418,119.7281,119.7741

Position pixel : 47.0263,46.8121,46.5175,46.2563,45.9607,45.6142,45.2932,45.0481,44.8491,44.6604,44.4717,44.283,44.0943,43.8954,43.6503,43.3396,43.0185,42.7274,42.4627,42.274,42.151,42.0084,41.83,41.6413,41.4423,41.2075,40.9429,40.7184,40.5655,40.463,40.3665,40.2743,40.1778,40.0856,39.9994

Brightness max : 
Brightness min : 
Feature direction : 
Feature speed : 
Feature type : Curve
Start frame : 1
End frame : 208
Start time (s) : 0.000
End time (s) : 1822.090
Time step (s) : 8.802

Feature number : 7

Time (s) : 886.7184,887.124,887.7927,888.1983,888.2888,888.3793,888.785,889.5442,890.3554,891.2052,892.0164,892.8661,893.6774,894.5271,895.3383,896.1881,896.9993,897.7586,898.2547,898.7508,899.5101,900.4118,901.5766,902.7415,903.7337,904.8986,906.0634,906.9652,907.8149,908.6262,909.4759,910.3776,911.5425,912.7073,913.6996,914.8644,916.0293,917.0215,918.1864,919.2607

Position (um) : 5.3775,5.3965,5.4248,5.4547,5.4863,5.5223,5.5646,5.6038,5.6359,5.6664,5.6963,5.7257,5.7507,5.7709,5.7861,5.7981,5.8133,5.8335,5.8574,5.8807,5.8988,5.92,5.9472,5.9733,5.9995,6.0277,6.0516,6.068,6.0789,6.0892,6.1001,6.1142,6.1284,6.1393,6.1485,6.1545,6.1605,6.1697,6.1796,6.1888

Intensity : 283.636,284.254,285.3341,286.1204,286.423,286.7791,286.9881,285.5795,283.8209,282.2584,281.0724,279.982,279.0941,278.4101,277.9433,277.5596,277.2441,277.0187,277.1957,277.1288,277.1354,277.3747,278.0499,279.1351,278.547,278.0828,278.1179,277.8225,276.9164,275.7913,274.5271,273.0287,271.6311,270.6499,269.9084,269.5083,269.018,268.2568,267.546,266.9889

Time pixel : 100.7364,100.7824,100.8584,100.9045,100.9148,100.925,100.9711,101.0574,101.1495,101.2461,101.3382,101.4348,101.5269,101.6235,101.7156,101.8122,101.9043,101.9906,102.0469,102.1033,102.1896,102.292,102.4243,102.5567,102.6694,102.8017,102.9341,103.0365,103.133,103.2252,103.3217,103.4242,103.5565,103.6889,103.8016,103.9339,104.0662,104.179,104.3113,104.4334

Position pixel : 50.3983,50.5767,50.8413,51.1222,51.4177,51.7549,52.1519,52.519,52.8205,53.1057,53.3866,53.6615,53.8963,54.085,54.2276,54.3403,54.4829,54.6716,54.8961,55.1147,55.2838,55.4828,55.7372,55.9822,56.2273,56.492,56.7164,56.8693,56.9718,57.0683,57.1708,57.3031,57.4354,57.5379,57.6241,57.6805,57.7369,57.8231,57.9153,58.0015

Brightness max : 
Brightness min : 
Feature direction : 
Feature speed : 
Feature type : Curve
Start frame : 1
End frame : 208
Start time (s) : 0.000
End time (s) : 1822.090
Time step (s) : 8.802

Feature number : 8

Time (s) : 948.0839,948.1745,948.5801,949.3393,950.1505,951.0003,951.8115,952.5708,953.0669,953.563,954.2317,954.7279,955.224,955.8927,956.2983,956.4793,956.8849,957.5537,957.9593,958.1403,958.5459,959.2147,959.7108,960.2069,960.8756,961.3718,961.8679,962.6271,963.4383,964.2881,965.0993,965.9491,966.8508,968.0157,969.09,969.6766,970.1727,970.932,971.7432,972.593,973.4042,974.2539,975.0652,975.9149,976.7261,977.4854,977.891

Position (um) : 5.8655,5.8481,5.8132,5.765,5.7258,5.7006,5.6762,5.6523,5.631,5.6109,5.5908,5.5717,5.5565,5.5445,5.5293,5.5113,5.4961,5.4841,5.4689,5.4498,5.4297,5.4096,5.3905,5.3753,5.3633,5.3481,5.329,5.3089,5.2888,5.2697,5.2545,5.2425,5.2283,5.2142,5.2022,5.1881,5.174,5.163,5.1527,5.1429,5.1326,5.1228,5.1125,5.1026,5.0923,5.0825,5.0733

Intensity : 284.5354,285.2544,286.7226,288.7278,289.579,290.0348,290.2897,290.683,291.4782,292.2704,293.0895,293.9235,294.6173,295.2564,296.2925,297.5396,298.6948,299.7736,301.0746,302.6234,304.0757,305.6111,306.5301,306.7754,306.7047,307.1496,307.6995,307.6213,307.7358,308.0236,308.3713,308.7069,309.3171,308.7662,307.4259,306.4367,305.5957,304.5058,303.3959,302.2806,301.242,300.1979,298.4597,296.6574,294.8924,293.2357,292.0854

Time pixel : 107.7078,107.7181,107.7642,107.8505,107.9426,108.0392,108.1313,108.2176,108.2739,108.3303,108.4063,108.4626,108.519,108.595,108.641,108.6616,108.7077,108.7837,108.8297,108.8503,108.8964,108.9724,109.0287,109.0851,109.161,109.2174,109.2738,109.36,109.4522,109.5487,109.6409,109.7374,109.8399,109.9722,110.0942,110.1609,110.2173,110.3035,110.3957,110.4922,110.5844,110.6809,110.7731,110.8696,110.9618,111.048,111.0941

Position pixel : 54.9721,54.8089,54.482,54.0296,53.6625,53.4267,53.1979,52.9734,52.7744,52.5857,52.397,52.2186,52.076,51.9632,51.8206,51.6525,51.5099,51.3971,51.2545,51.0761,50.8874,50.6987,50.5203,50.3777,50.265,50.1224,49.9439,49.7552,49.5665,49.3881,49.2455,49.1328,49.0005,48.8681,48.7554,48.6231,48.4907,48.3883,48.2917,48.1996,48.1031,48.0109,47.9144,47.8222,47.7257,47.6335,47.5472

Brightness max : 
Brightness min : 
Feature direction : 
Feature speed : 
Feature type : Curve
Start frame : 1
End frame : 208
Start time (s) : 0.000
End time (s) : 1822.090
Time step (s) : 8.802

Feature number : 9

Time (s) : 687.3108,687.3108,687.4013,687.8069,688.5662,689.3774,690.2272,691.1289,692.2937,693.4586,694.3603,695.1196,695.6157,696.1118,696.8711,697.6823,698.4415,698.9376,699.4338,700.1025,700.5081,700.6891,701.0947,701.7635,702.2596,702.7557,703.4245,703.8301,704.0111,704.4167,705.0854,705.491,705.672,706.0777,706.7464

Position (um) : 6.0266,6.0125,5.9934,5.9733,5.9543,5.939,5.9259,5.9047,5.8726,5.8395,5.8133,5.7921,5.772,5.7518,5.7317,5.7105,5.6843,5.6512,5.618,5.5919,5.5706,5.5516,5.5364,5.5243,5.5091,5.4901,5.47,5.4498,5.4297,5.4096,5.3894,5.3693,5.3502,5.3361,5.3301

Intensity : 410.5935,413.0192,416.2105,419.4521,423.0886,425.803,427.9957,431.9041,437.9066,442.8612,446.697,449.8261,452.7298,454.3742,454.5996,454.8873,455.7933,458.182,462.7903,466.2671,469.4601,472.6189,476.5478,479.8633,484.485,490.544,497.1943,504.0954,512.0951,521.1534,530.8539,540.3525,549.0968,556.1419,560.3279

Time pixel : 78.0825,78.0825,78.0928,78.1389,78.2251,78.3173,78.4138,78.5163,78.6486,78.7809,78.8834,78.9696,79.026,79.0823,79.1686,79.2608,79.347,79.4034,79.4597,79.5357,79.5818,79.6024,79.6484,79.7244,79.7808,79.8371,79.9131,79.9592,79.9797,80.0258,80.1018,80.1479,80.1684,80.2145,80.2905

Position pixel : 56.4817,56.3493,56.1709,55.9822,55.8038,55.6612,55.5382,55.3392,55.0387,54.728,54.4829,54.284,54.0953,53.9066,53.7179,53.5189,53.2738,52.9631,52.6523,52.4073,52.2083,52.0299,51.8873,51.7745,51.6319,51.4535,51.2648,51.0761,50.8874,50.6987,50.51,50.3213,50.1429,50.0106,49.9542

Brightness max : 
Brightness min : 
Feature direction : 
Feature speed : 
Feature type : Curve
Start frame : 1
End frame : 208
Start time (s) : 0.000
End time (s) : 1822.090
Time step (s) : 8.802

Feature number : 10

Time (s) : 1024.4888,1024.4888,1024.5793,1024.9849,1025.7442,1026.6459,1027.9013,1029.4717,1031.1327,1032.7032,1033.9586,1034.8603,1035.71,1036.5213,1037.371,1038.2727,1039.4376,1040.6025,1041.5042,1042.3539,1043.1652,1044.0149,1044.8261,1045.5854,1045.991,1046.0815

Position (um) : 5.0744,5.0896,5.1147,5.1478,5.1821,5.2131,5.2436,5.2735,5.3029,5.3279,5.3481,5.3633,5.3742,5.3845,5.3954,5.4107,5.4297,5.4498,5.47,5.4901,5.5102,5.5293,5.5445,5.5565,5.5706,5.5836

Intensity : 290.2977,290.2017,290.0398,289.7813,289.8376,290.3693,291.6333,293.8129,295.1534,296.0794,296.4637,296.5661,296.6627,296.7548,296.8514,296.9538,296.4637,295.4275,294.1101,292.7561,291.3611,289.9064,288.5751,286.8879,285.0636,283.6387

Time pixel : 116.3879,116.3879,116.3982,116.4442,116.5305,116.6329,116.7756,116.954,117.1427,117.3211,117.4637,117.5661,117.6627,117.7548,117.8514,117.9538,118.0861,118.2185,118.3209,118.4175,118.5096,118.6062,118.6983,118.7846,118.8306,118.8409

Position pixel : 47.5575,47.7001,47.9349,48.2457,48.5667,48.8578,49.1431,49.4239,49.6989,49.9337,50.1224,50.265,50.3674,50.4639,50.5664,50.709,50.8874,51.0761,51.2648,51.4535,51.6422,51.8206,51.9632,52.076,52.2083,52.3303

Brightness max : 
Brightness min : 
Feature direction : 
Feature speed : 
Feature type : Curve
Start frame : 1
End frame : 208
Start time (s) : 0.000
End time (s) : 1822.090
Time step (s) : 8.802

Feature number : 11

Time (s) : 1073.6622,1074.8298,1077.1048,1080.7575,1085.7094,1087.1968,1091.3656,1094.3716,1096.576,1098.5251,1100.4844,1102.7014,1105.1373,1107.6315,1110.116,1112.5258,1114.6488,1116.3099,1117.6863,1118.9905,1120.2855,1121.5131,1122.4651,1122.9671

Position (um) : 5.4083,5.4217,5.4453,5.4802,5.5274,5.5117,5.5464,5.5679,5.5849,5.6021,5.6198,5.638,5.6571,5.6786,5.7029,5.7273,5.7511,5.7716,5.7894,5.8063,5.8237,5.8435,5.8647,5.8804

Intensity : 275.5828,276.4854,277.5618,276.758,276.4334,277.2066,279.8412,278.528,277.6896,277.1988,277.2,279.6453,282.4751,285.2234,287.3469,288.1682,288.8917,289.1313,289.1313,288.5535,287.875,287.1953,286.57,285.9964

Time pixel : 121.9743,122.1069,122.3654,122.7803,123.3429,123.5119,123.9855,124.327,124.5774,124.7988,125.0214,125.2733,125.55,125.8334,126.1156,126.3894,126.6306,126.8193,126.9757,127.1238,127.2709,127.4104,127.5185,127.5756

Position pixel : 50.6871,50.8129,51.0338,51.3605,51.8035,51.6558,51.9815,52.1824,52.342,52.5029,52.6696,52.8399,53.0185,53.2207,53.448,53.6769,53.8993,54.0922,54.2589,54.4168,54.5801,54.7661,54.9643,55.1112

Brightness max : 
Brightness min : 
Feature direction : 
Feature speed : 
Feature type : Curve
Start frame : 1
End frame : 208
Start time (s) : 0.000
End time (s) : 1822.090
Time step (s) : 8.802

Feature number : 12

Time (s) : 1062.8723,1063.774,1065.6076,1067.4932,1068.7146,1068.5114,1067.8744,1067.1945,1066.7654,1066.5128,1065.8983,1064.8826,1063.7403,1062.7437,1062.2384,1062.297,1062.4875

Position (um) : 6.4076,6.4436,6.5071,6.5729,6.6232,6.6492,6.6651,6.6784,6.6912,6.7032,6.7143,6.7247,6.7347,6.7442,6.7514,6.7569,6.7642

Intensity : 288.49,291.7127,296.8633,295.2498,293.8747,292.0319,290.7151,289.489,288.3396,287.29,286.0901,284.6695,283.013,281.5147,280.6281,280.4136,280.2529

Time pixel : 120.7485,120.8509,121.0592,121.2734,121.4122,121.3891,121.3167,121.2395,121.1907,121.162,121.0922,120.9768,120.8471,120.7339,120.6764,120.6831,120.7047

Position pixel : 60.0526,60.3898,60.9849,61.602,62.0731,62.3167,62.4657,62.5907,62.7103,62.8228,62.9271,63.0243,63.1185,63.207,63.2742,63.3262,63.3947

Brightness max : 
Brightness min : 
Feature direction : 
Feature speed : 
Feature type : Curve
Start frame : 1
End frame : 208
Start time (s) : 0.000
End time (s) : 1822.090
Time step (s) : 8.802

Feature number : 13

Time (s) : 1182.2396,1183.6173,1185.8263,1187.9203,1189.4187,1190.5863,1191.6937,1192.801,1193.9083,1195.0156,1196.1229,1197.2302,1198.3376,1199.4449,1200.5522,1201.6595,1202.7668,1203.8741,1204.9815,1206.1491,1207.5268,1209.08,1210.4577,1211.6254,1212.7327,1213.9003,1215.2781,1216.8312,1218.2089,1219.3766,1220.4839,1221.5912,1222.6985,1223.7885,1224.744,1225.6973,1226.6481,1227.5961,1228.5405,1229.5411,1230.7466,1232.1215,1233.314,1234.2885,1235.1336,1235.7594,1236.2606,1237.1381,1238.3929,1239.5256,1240.4438,1241.3,1242.1584,1243.0836,1244.2906,1245.8995,1247.5303,1248.8024,1249.8356,1250.9041,1252.1608,1253.4231,1254.3689,1255.3678,1256.6928,1258.0686,1259.1169,1260.1516,1261.3544,1262.6935,1264.2554,1266.0024,1267.5809,1268.9535,1270.2675,1271.5812,1272.8926,1274.2003,1275.5032,1276.74,1277.7606,1278.5994,1279.5469,1280.4882,1281.2482,1281.9682,1282.7179,1283.699,1284.8863,1286.191,1287.703,1289.3276,1290.5646,1291.4144,1292.3172,1293.1584

Position (um) : 5.074,5.0747,5.078,5.0834,5.0874,5.0914,5.0968,5.1001,5.1008,5.1008,5.1016,5.1048,5.1102,5.1135,5.1143,5.1143,5.1143,5.1143,5.1143,5.1143,5.1143,5.1143,5.1143,5.1143,5.1143,5.1143,5.1143,5.1143,5.1143,5.1143,5.1143,5.1143,5.1143,5.114,5.1115,5.1091,5.1066,5.104,5.1014,5.0987,5.096,5.0939,5.0942,5.0965,5.0973,5.0979,5.1005,5.1034,5.1057,5.1051,5.1018,5.0978,5.0938,5.0899,5.0862,5.0828,5.0797,5.077,5.0749,5.0733,5.0731,5.076,5.0816,5.0856,5.0881,5.0929,5.1002,5.1056,5.1096,5.1163,5.128,5.1405,5.1517,5.1644,5.1771,5.1885,5.2011,5.2138,5.2249,5.2381,5.2537,5.27,5.2869,5.3055,5.3236,5.3373,5.3499,5.3616,5.3718,5.3842,5.3983,5.4105,5.4199,5.4281,5.4334,5.4361

Intensity : 254.3082,254.2347,254.1157,254.0162,255.1638,256.3905,257.5389,258.6846,259.8378,260.9944,262.145,263.1182,262.6774,262.264,261.8729,261.4869,261.1008,260.7148,260.3287,259.8996,259.2843,258.5907,257.9754,257.4539,256.9593,256.4379,255.8096,255.0796,254.4319,253.8831,253.3626,252.8421,252.3216,251.8128,251.3667,250.9263,250.4917,250.0632,249.6412,249.2001,248.677,248.0892,247.9426,247.8954,247.8548,247.827,247.8235,247.8135,247.7948,247.7466,247.6579,247.4822,247.0435,246.5858,246.0211,245.3036,244.5932,244.0437,243.6029,243.7672,244.0505,244.365,244.6326,244.8965,245.2214,245.5787,246.1687,247.2472,248.4953,249.9504,251.4766,253.0109,254.4437,254.5511,254.7524,255.0686,255.4767,255.9895,256.5956,256.5975,255.8787,255.2591,254.6607,254.0984,253.6446,253.3094,252.959,252.6253,252.3287,251.1642,249.77,248.5149,247.7016,247.2401,246.7648,246.3151

Time pixel : 134.3093,134.4658,134.7168,134.9546,135.1249,135.2575,135.3833,135.5091,135.6349,135.7607,135.8865,136.0123,136.1381,136.2639,136.3897,136.5155,136.6413,136.7671,136.8929,137.0255,137.1821,137.3585,137.515,137.6477,137.7735,137.9061,138.0626,138.2391,138.3956,138.5283,138.6541,138.7799,138.9057,139.0295,139.138,139.2463,139.3543,139.462,139.5693,139.683,139.82,139.9762,140.1116,140.2223,140.3183,140.3894,140.4464,140.5461,140.6886,140.8173,140.9216,141.0189,141.1164,141.2215,141.3586,141.5414,141.7267,141.8712,141.9886,142.11,142.2527,142.3961,142.5036,142.6171,142.7676,142.9239,143.043,143.1605,143.2972,143.4493,143.6267,143.8252,144.0045,144.1605,144.3098,144.459,144.608,144.7566,144.9046,145.0451,145.161,145.2563,145.364,145.4709,145.5572,145.639,145.7242,145.8357,145.9705,146.1188,146.2905,146.4751,146.6156,146.7122,146.8147,146.9103

Position pixel : 47.5538,47.5606,47.5914,47.642,47.6796,47.7172,47.7678,47.7985,47.8054,47.8054,47.8122,47.843,47.8936,47.9243,47.9312,47.9312,47.9312,47.9312,47.9312,47.9312,47.9312,47.9312,47.9312,47.9312,47.9312,47.9312,47.9312,47.9312,47.9312,47.9312,47.9312,47.9312,47.9312,47.9286,47.9058,47.8827,47.8592,47.8353,47.8109,47.7858,47.76,47.7401,47.743,47.7647,47.772,47.7779,47.8023,47.8292,47.851,47.845,47.8144,47.7767,47.7394,47.703,47.6684,47.6362,47.6072,47.5823,47.5622,47.5473,47.545,47.5727,47.6254,47.6624,47.6863,47.7309,47.7991,47.8504,47.8875,47.9508,48.0598,48.1771,48.2823,48.4013,48.5206,48.6267,48.7455,48.8638,48.9683,49.0918,49.2383,49.3907,49.549,49.7234,49.893,50.0219,50.1392,50.2491,50.3453,50.4609,50.5932,50.708,50.7958,50.8725,50.9221,50.9477

Brightness max : 
Brightness min : 
Feature direction : 
Feature speed : 
Feature type : Curve
Start frame : 1
End frame : 208
Start time (s) : 0.000
End time (s) : 1822.090
Time step (s) : 8.802

Feature number : 14

Time (s) : 1318.4814,1318.5418,1318.8122,1319.3184,1319.8592,1320.3653,1320.6961,1321.0268,1321.4727,1321.7431,1321.8637,1322.1341,1322.58,1322.8504,1322.9107,1322.9107,1322.9107,1322.9107,1322.9107,1322.9107,1322.9711,1323.2415,1323.6873,1323.9577,1324.018,1324.018,1324.0784,1324.3488,1324.7946,1325.065,1325.1253,1325.1857,1325.4561,1325.9019,1326.2327,1326.6237,1327.34,1328.1166,1328.7177,1329.3445,1330.2161,1331.4385,1332.4855,1333.2073,1334.0442,1335.0912,1336.1382,1336.9751,1337.6366,1338.4735,1339.5205,1340.5675,1341.4647,1342.4569,1344.0704,1346.0437,1347.6572,1348.6494,1349.4863,1350.2629,1350.9244,1351.8216,1353.139,1354.7525,1356.461,1358.4052,1360.5595,1362.7138,1364.5977,1365.9754,1366.8123

Position (um) : 4.9915,5.0009,5.0136,5.0277,5.0444,5.0633,5.0792,5.0908,5.1021,5.1177,5.1329,5.1438,5.1518,5.162,5.1747,5.1881,5.2015,5.2149,5.2283,5.2418,5.2552,5.2686,5.282,5.2969,5.3169,5.3411,5.3604,5.372,5.38,5.3902,5.4028,5.4155,5.4257,5.4337,5.4446,5.4605,5.4794,5.4961,5.5102,5.5244,5.5411,5.5606,5.5799,5.5962,5.6075,5.6176,5.627,5.6358,5.6499,5.6713,5.6934,5.7108,5.725,5.7391,5.7558,5.7747,5.7914,5.8055,5.8189,5.8316,5.8425,5.8545,5.8734,5.8947,5.9122,5.9271,5.9438,5.9626,5.9786,5.9887,5.9927

Intensity : 260.213,260.5462,261.2103,261.9709,262.7447,263.4404,263.1848,262.9046,262.5017,262.375,262.5348,262.4792,262.1821,262.1363,262.3799,262.7046,263.0292,263.3538,263.6776,263.7506,263.7723,263.6245,263.3528,263.2522,263.362,263.4457,263.2242,262.9311,262.5521,262.2727,262.1126,261.9525,261.6731,261.2941,260.9129,260.2214,259.3141,258.5096,257.9191,257.2802,256.1751,254.4723,252.9463,251.9049,251.0203,250.1131,249.3088,248.7097,248.2025,247.4079,246.4136,245.5719,244.942,244.3324,243.4685,242.2678,241.4007,240.9962,240.7238,240.5356,240.4252,240.3304,240.2048,239.801,239.4287,238.9829,238.56,238.21,237.9642,237.9529,237.9953

Time pixel : 149.7871,149.794,149.8247,149.8822,149.9437,150.0012,150.0387,150.0763,150.127,150.1577,150.1714,150.2021,150.2528,150.2835,150.2903,150.2903,150.2903,150.2903,150.2903,150.2903,150.2972,150.3279,150.3786,150.4093,150.4161,150.4161,150.423,150.4537,150.5044,150.5351,150.5419,150.5488,150.5795,150.6302,150.6677,150.7122,150.7935,150.8817,150.95,151.0213,151.1203,151.2591,151.3781,151.4601,151.5552,151.6741,151.7931,151.8881,151.9633,152.0584,152.1773,152.2962,152.3982,152.5109,152.6942,152.9184,153.1017,153.2144,153.3095,153.3977,153.4729,153.5748,153.7244,153.9077,154.1018,154.3227,154.5675,154.8122,155.0262,155.1827,155.2778

Position pixel : 46.7805,46.8688,46.9877,47.1203,47.2769,47.4533,47.603,47.7118,47.8176,47.9634,48.1062,48.2081,48.2832,48.3783,48.4973,48.6231,48.7489,48.8747,49.0005,49.1263,49.2521,49.3778,49.5036,49.6432,49.8304,50.0575,50.2379,50.3467,50.4218,50.5169,50.6358,50.7548,50.8498,50.925,51.0269,51.1766,51.353,51.5096,51.6422,51.7749,51.9314,52.1147,52.2951,52.4476,52.5535,52.6486,52.7368,52.8188,52.9515,53.1518,53.3589,53.5223,53.655,53.7876,53.9441,54.1206,54.2771,54.4098,54.5356,54.6545,54.7564,54.8691,55.0456,55.2459,55.4093,55.5488,55.7053,55.8818,56.0314,56.1265,56.1641

Brightness max : 
Brightness min : 
Feature direction : 
Feature speed : 
Feature type : Curve
Start frame : 1
End frame : 208
Start time (s) : 0.000
End time (s) : 1822.090
Time step (s) : 8.802

Feature number : 15

Time (s) : 560.0023,561.0767,562.2415,563.2338,564.3986,565.5635,566.5557,567.8111,569.3816,571.0425,572.7035,574.3645,576.0255,577.6864,579.3474,581.0084,582.6694,584.3303,585.9913,587.6523,589.3133,591.0647,593.1313,595.461,597.5276,599.2791,600.9401,602.6011,604.1715,605.4269,606.4191,607.6745,609.245,610.9059,612.4764,613.7318,614.724,615.8889,616.9632,617.5498,618.046,618.8052,619.7069,620.9623,622.5328,624.1937,625.8547,627.5157,629.1767,630.7471,632.0025,632.9947,634.1596,635.415,636.8128,638.6464,640.2169,641.2996,642.4645,643.6293,644.6216,645.8769,647.4474,649.1084,650.7694,652.4303,654.0913,655.7523,657.4133,659.0742,660.7352,662.3962,664.0572,665.6276,666.883,667.8752,669.1306,670.6106,671.8659,672.7676,673.7079,675.0152,676.9393,678.9154,680.6669,682.3279,683.9889,685.6498,687.3108,688.9718,690.6328,692.2937,693.9547,695.6157,697.2767,698.9376,700.5986,702.1691,703.4245,704.3262,705.2664,706.4833,708.0018,709.2186,710.1589,710.9701,711.8198,712.7216,713.9769,715.4569,716.7123,717.7045,718.8693,720.0342,721.0264,722.1913,723.3562,724.3484,725.5132,726.6781,727.6703,728.9257,730.4962,732.1571,733.7276,734.983,735.9752,737.1401,738.3049,739.2972,740.5525,742.0325,743.2879,744.2801,745.445,746.6098,747.5115,748.3613,749.263,750.4279,751.5927,752.4945,753.2537,753.7498,754.2459,754.9147,755.4108,755.9069,756.6662,757.4774,758.3271,759.2289,760.4842,762.0547,763.7157,765.3767,767.0376,768.6986,770.3596,772.0206,773.6815,775.252,776.5074,777.4091,778.2588,779.1606,780.3254,781.4903,782.392,783.2418,784.1435,785.3989,786.9693,788.6303,790.2913,791.8618,793.1171,794.0189,794.8686,795.7703,797.0257,798.5962,800.1666,801.422,802.4142,803.7601,805.7362,807.9754,809.6364,810.7191,811.9745,813.4544,814.7098,815.6115,816.5518,817.8591,819.7832,821.7593,823.5108,825.1718,826.7422,827.9976,828.9898,830.2452,831.8157,833.4766,835.1376,836.7986,838.4596,840.1205,841.7815,843.4425,845.013,846.2683,847.2606,848.5159,849.9959,851.2513,852.153,853.0027,853.814,854.6637,855.4749,856.3247,857.1359,857.9857,858.8874,860.1428,861.7132,863.4647,865.5313,867.861,869.9276,871.6791,873.2496,874.5049,875.4066,876.2564,877.1581,878.4135,879.984,881.5544,882.8098,883.802,884.9669,886.1317,887.0335,887.8832,888.785,890.0403,891.6108,893.2718,894.9327,896.5937,898.2547,899.8252,900.99,901.4861

Position (um) : 5.2686,5.2697,5.2746,5.2827,5.2888,5.2948,5.3029,5.3078,5.3089,5.3089,5.3089,5.3089,5.3089,5.3089,5.3089,5.3089,5.3089,5.3089,5.3089,5.31,5.3149,5.323,5.3279,5.329,5.329,5.329,5.329,5.329,5.3279,5.323,5.3149,5.31,5.3078,5.3029,5.2937,5.2838,5.2735,5.2626,5.2474,5.2294,5.2142,5.2033,5.1941,5.1892,5.1881,5.1881,5.1881,5.1881,5.1881,5.1892,5.1941,5.2022,5.2082,5.2153,5.2283,5.2425,5.2534,5.2626,5.2686,5.2746,5.2827,5.2888,5.2948,5.3029,5.3078,5.3089,5.3089,5.3089,5.3089,5.3089,5.3089,5.3089,5.3089,5.3078,5.3029,5.2937,5.2838,5.2735,5.2637,5.2534,5.2436,5.2333,5.2223,5.2071,5.1892,5.174,5.163,5.1538,5.1489,5.1478,5.1478,5.1478,5.1478,5.1478,5.1478,5.1478,5.1478,5.1489,5.1538,5.163,5.174,5.1892,5.2082,5.2283,5.2474,5.2626,5.2746,5.2898,5.3078,5.323,5.335,5.3492,5.3633,5.3742,5.3834,5.3894,5.3954,5.4035,5.4096,5.4156,5.4248,5.4346,5.4438,5.4487,5.4487,5.4438,5.4357,5.4297,5.4237,5.4145,5.4046,5.3943,5.3845,5.3753,5.3693,5.3633,5.3541,5.3442,5.3339,5.323,5.3078,5.2888,5.2686,5.2496,5.2344,5.2223,5.2082,5.1941,5.1821,5.1668,5.1489,5.1348,5.1277,5.1217,5.1136,5.1086,5.1075,5.1075,5.1075,5.1086,5.1136,5.1228,5.1326,5.1429,5.1527,5.163,5.174,5.1881,5.2022,5.2131,5.2223,5.2273,5.2283,5.2273,5.2223,5.2131,5.2022,5.187,5.1679,5.1478,5.1277,5.1075,5.0874,5.0684,5.0521,5.0351,5.0118,4.9878,4.9677,4.9525,4.9405,4.9252,4.9073,4.8921,4.8801,4.8648,4.8469,4.8317,4.8197,4.8055,4.7914,4.7805,4.7713,4.7653,4.7593,4.7511,4.7462,4.7451,4.7451,4.744,4.7391,4.731,4.725,4.719,4.7109,4.706,4.7038,4.6989,4.6896,4.6798,4.6695,4.6597,4.6494,4.6395,4.6292,4.6194,4.6102,4.6042,4.5982,4.589,4.578,4.5628,4.5438,4.5248,4.5095,4.4986,4.4883,4.4774,4.4622,4.4442,4.429,4.417,4.4029,4.3887,4.3767,4.3626,4.3485,4.3375,4.3272,4.3163,4.3011,4.2821,4.2619,4.2418,4.2228,4.2075,4.1966,4.1874

Intensity : 634.5672,639.0674,642.2174,642.9641,643.0167,642.4236,639.9277,639.2938,641.2455,644.002,646.3547,647.8907,649.4266,650.9626,652.4986,654.0057,654.6219,655.2381,655.8544,655.4864,651.7239,646.374,645.0823,647.5602,650.5443,649.425,643.385,637.345,632.2564,630.3357,630.8624,627.6721,618.6794,610.2334,603.9816,599.6926,597.0443,593.1061,595.9458,601.8509,606.1995,608.9259,611.0564,611.5041,610.3908,608.813,610.5825,615.2753,619.968,624.014,625.8324,625.8238,626.7612,626.665,624.1648,621.1597,618.4624,615.4891,613.8592,612.5441,609.4494,607.3528,605.0356,600.6967,597.9171,597.3979,597.5286,597.6592,597.7899,597.9205,597.0906,594.3605,591.6303,589.9772,592.0259,598.0122,603.4111,603.756,604.2899,606.6697,608.0237,606.871,601.5479,601.1874,604.9616,606.6722,605.2392,602.3585,600.6911,601.8488,602.4417,603.0345,603.6273,604.7101,608.8614,613.0128,617.1641,620.7602,622.4232,622.1051,622.3459,621.9853,620.9661,617.9726,610.8897,605.0922,600.8555,594.7257,586.7597,580.232,575.0552,568.9074,562.8198,558.2908,554.385,553.0622,553.1907,551.7894,552.1372,552.5894,550.9792,550.0419,550.5824,549.8559,551.3419,554.9494,559.8118,563.8013,567.7908,573.1778,576.7808,579.9255,582.8873,585.7175,586.7534,587.67,590.1998,592.9022,595.4145,596.7737,599.3686,603.5214,608.163,612.9156,616.4331,617.8245,619.2816,620.7834,621.3828,621.8725,622.2581,621.7219,618.6249,614.1991,610.838,606.709,606.3912,607.4442,608.4973,609.1034,608.0256,606.2871,605.9773,604.253,602.2704,599.891,597.3446,592.8937,587.5438,583.2309,577.2839,572.0135,567.8895,564.7038,563.6669,565.4189,568.9464,575.5305,584.2201,593.2156,601.1052,607.8164,614.6785,620.5073,623.4816,624.7377,625.5021,624.2785,626.1014,628.3913,627.8121,627.5022,629.6425,632.027,632.9767,634.0287,632.0459,627.2449,622.3474,619.3339,617.9835,617.3096,617.2338,613.4899,607.9419,603.5342,597.0264,588.8836,582.0015,575.9465,572.7818,572.0505,570.1322,571.3827,574.8562,575.1788,572.8332,573.0605,576.8628,580.8168,585.1567,588.0975,591.3788,594.1239,597.2272,599.7943,601.6693,600.0282,596.9632,589.6087,574.0756,556.8335,542.727,530.2938,516.2468,504.0725,496.0888,489.8702,487.7258,483.2532,473.5533,464.8679,461.145,459.8932,455.0166,456.1961,461.3409,463.8561,465.3111,473.0811,486.7212,503.1798,520.5785,539.8416,555.4936,559.3404,560.5823,565.3279

Time pixel : 63.61952,63.74157,63.8739,63.98663,64.11896,64.2513,64.36402,64.50664,64.68505,64.87375,65.06244,65.25114,65.43984,65.62853,65.81723,66.00593,66.19462,66.38332,66.57201,66.76071,66.94941,67.14839,67.38316,67.64783,67.88261,68.08159,68.27028,68.45898,68.63739,68.78001,68.89273,69.03535,69.21376,69.40246,69.58088,69.72349,69.83622,69.96855,70.0906,70.15725,70.21361,70.29986,70.40231,70.54492,70.72334,70.91203,71.10073,71.28943,71.47812,71.65654,71.79915,71.91188,72.04421,72.18683,72.34563,72.55394,72.73235,72.85536,72.98769,73.12003,73.23275,73.37537,73.55378,73.74248,73.93118,74.11987,74.30857,74.49727,74.68596,74.87466,75.06335,75.25205,75.44075,75.61916,75.76178,75.8745,76.01712,76.18525,76.32787,76.43031,76.53713,76.68565,76.90424,77.12873,77.32771,77.51641,77.7051,77.8938,78.0825,78.27119,78.45989,78.64859,78.83728,79.02598,79.21468,79.40337,79.59207,79.77048,79.9131,80.01554,80.12236,80.2606,80.43311,80.57135,80.67817,80.77033,80.86686,80.96931,81.11192,81.28006,81.42267,81.5354,81.66773,81.80006,81.91279,82.04512,82.17746,82.29018,82.42252,82.55485,82.66757,82.81019,82.98861,83.1773,83.35572,83.49833,83.61106,83.74339,83.87573,83.98845,84.13107,84.2992,84.44182,84.55454,84.68687,84.81921,84.92165,85.01819,85.12063,85.25296,85.3853,85.48774,85.57399,85.63036,85.68672,85.76269,85.81905,85.87541,85.96167,86.05383,86.15036,86.25281,86.39542,86.57384,86.76253,86.95123,87.13993,87.32862,87.51732,87.70602,87.89471,88.07313,88.21574,88.31819,88.41472,88.51716,88.6495,88.78183,88.88428,88.98081,89.08325,89.22587,89.40428,89.59298,89.78168,89.96009,90.10271,90.20515,90.30169,90.40413,90.54674,90.72516,90.90357,91.04619,91.15891,91.31181,91.53631,91.79069,91.97939,92.1024,92.24501,92.41315,92.55576,92.6582,92.76502,92.91354,93.13213,93.35663,93.55561,93.7443,93.92272,94.06533,94.17806,94.32067,94.49909,94.68778,94.87648,95.06518,95.25387,95.44257,95.63127,95.81996,95.99838,96.14099,96.25372,96.39633,96.56447,96.70708,96.80953,96.90606,96.99822,97.09476,97.18692,97.28346,97.37562,97.47215,97.57459,97.71721,97.89562,98.0946,98.32938,98.59405,98.82882,99.0278,99.20622,99.34883,99.45128,99.54781,99.65025,99.79287,99.97129,100.1497,100.2923,100.405,100.5374,100.6697,100.7722,100.8687,100.9711,101.1137,101.2922,101.4809,101.6696,101.8582,102.0469,102.2254,102.3577,102.4141

Position pixel : 49.3778,49.3881,49.4342,49.5102,49.5665,49.6229,49.6989,49.745,49.7552,49.7552,49.7552,49.7552,49.7552,49.7552,49.7552,49.7552,49.7552,49.7552,49.7552,49.7655,49.8116,49.8876,49.9337,49.9439,49.9439,49.9439,49.9439,49.9439,49.9337,49.8876,49.8116,49.7655,49.745,49.6989,49.6126,49.5205,49.4239,49.3215,49.1789,49.0107,48.8681,48.7657,48.6794,48.6333,48.6231,48.6231,48.6231,48.6231,48.6231,48.6333,48.6794,48.7554,48.8118,48.8784,49.0005,49.1328,49.2352,49.3215,49.3778,49.4342,49.5102,49.5665,49.6229,49.6989,49.745,49.7552,49.7552,49.7552,49.7552,49.7552,49.7552,49.7552,49.7552,49.745,49.6989,49.6126,49.5205,49.4239,49.3318,49.2352,49.1431,49.0465,48.9441,48.8015,48.6333,48.4907,48.3883,48.302,48.256,48.2457,48.2457,48.2457,48.2457,48.2457,48.2457,48.2457,48.2457,48.256,48.302,48.3883,48.4907,48.6333,48.8118,49.0005,49.1789,49.3215,49.4342,49.5768,49.745,49.8876,50.0003,50.1326,50.265,50.3674,50.4537,50.51,50.5664,50.6424,50.6987,50.7551,50.8413,50.9335,51.0198,51.0658,51.0658,51.0198,50.9438,50.8874,50.8311,50.7448,50.6526,50.5561,50.4639,50.3777,50.3213,50.265,50.1787,50.0866,49.99,49.8876,49.745,49.5665,49.3778,49.1994,49.0568,48.9441,48.8118,48.6794,48.5667,48.4241,48.256,48.1236,48.057,48.0006,47.9246,47.8786,47.8683,47.8683,47.8683,47.8786,47.9246,48.0109,48.1031,48.1996,48.2917,48.3883,48.4907,48.6231,48.7554,48.8578,48.9441,48.9902,49.0005,48.9902,48.9441,48.8578,48.7554,48.6128,48.4344,48.2457,48.057,47.8683,47.6796,47.5012,47.3483,47.1895,46.9709,46.7464,46.5577,46.4151,46.3023,46.1597,45.9916,45.849,45.7363,45.5936,45.4255,45.2829,45.1702,45.0378,44.9055,44.8031,44.7168,44.6604,44.6041,44.5281,44.482,44.4717,44.4717,44.4615,44.4154,44.3394,44.283,44.2267,44.1507,44.1046,44.0841,44.038,43.9517,43.8596,43.763,43.6709,43.5743,43.4822,43.3856,43.2935,43.2072,43.1509,43.0945,43.0082,42.9058,42.7632,42.5848,42.4064,42.2637,42.1613,42.0648,41.9623,41.8197,41.6516,41.509,41.3962,41.2639,41.1316,41.0188,40.8865,40.7542,40.6517,40.5552,40.4528,40.3101,40.1317,39.943,39.7543,39.5759,39.4333,39.3309,39.2446

Brightness max : 657.16
Brightness min : 216.00
Feature direction : Ambiguous
Feature speed : Slow
Feature type : Curve
Start frame : 1
End frame : 208
Start time (s) : 0.000
End time (s) : 1822.090
Time step (s) : 8.802

Feature number : 16

Time (s) : 557.8151,558.0855,558.652,559.5235,560.8063,562.1237,563.2913,564.3986,565.5663,566.944,568.4368,569.4838,569.9352,570.3263,571.0425,571.7588,572.0895,572.1499,572.1499,572.1499,572.1499,572.2102,572.4806,572.9868,573.5276,574.0337,574.3042,574.3645

Position (um) : 5.9477,5.9343,5.9122,5.8853,5.8559,5.827,5.803,5.7812,5.7565,5.7243,5.6902,5.6633,5.6444,5.627,5.6075,5.5875,5.5679,5.5512,5.5371,5.5229,5.5062,5.4859,5.4612,5.4304,5.4029,5.3869,5.376,5.3673

Intensity : 609.1614,604.3176,596.549,588.0065,582.7942,583.6419,586.5532,586.2282,587.148,588.4716,590.9377,593.8947,594.7977,594.3385,593.4452,592.5222,592.0864,592.0055,592.1115,592.2439,592.4001,592.4188,591.9966,595.0169,603.6433,608.827,612.6041,615.7828

Time pixel : 63.371,63.4018,63.4661,63.5651,63.7108,63.8605,63.9932,64.119,64.2516,64.4081,64.5777,64.6967,64.7479,64.7924,64.8737,64.9551,64.9927,64.9995,64.9995,64.9995,64.9995,65.0064,65.0371,65.0946,65.1561,65.2136,65.2443,65.2511

Position pixel : 55.7422,55.6164,55.4093,55.1577,54.8822,54.6107,54.3859,54.182,53.9504,53.6481,53.3289,53.0773,52.9002,52.7368,52.5535,52.3663,52.183,52.0265,51.8938,51.7611,51.6046,51.4145,51.1828,50.8943,50.6365,50.4862,50.3842,50.3029

Brightness max : 657.16
Brightness min : 216.00
Feature direction : Ambiguous
Feature speed : Slow
Feature type : Curve
Start frame : 1
End frame : 208
Start time (s) : 0.000
End time (s) : 1822.090
Time step (s) : 8.802

Feature number : 17

Time (s) : 598.7657,598.9862,599.5039,600.2019,600.9401,601.6381,602.1558,602.4165,602.6772,603.1547,603.6725,604.0732,604.4107,604.5909,604.6312,604.6714,604.8517,605.1489,605.3694,605.5899,605.9273,606.2879,606.6655,607.1065,607.8849,609.0604,610.2761,611.1946,611.7526,611.973

Position (um) : 5.4865,5.4938,5.5076,5.5296,5.5572,5.5849,5.6072,5.6249,5.6435,5.6669,5.6909,5.7129,5.7303,5.7424,5.7518,5.7608,5.7702,5.7813,5.7934,5.8028,5.8109,5.8212,5.8319,5.8423,5.8561,5.8754,5.8962,5.9133,5.9231,5.9281

Intensity : 582.7438,580.3365,575.5999,568.5387,561.9331,559.4123,557.7985,556.8712,556.0296,555.9835,557.2067,558.6699,560.0557,561.0876,561.8351,562.5584,561.8701,560.9858,559.9415,559.2392,558.9317,558.4735,558.0916,557.9375,555.3007,547.5489,536.4039,527.6734,522.6552,520.2952

Time pixel : 68.0233,68.0483,68.1071,68.1864,68.2703,68.3496,68.4084,68.438,68.4676,68.5219,68.5807,68.6262,68.6646,68.685,68.6896,68.6942,68.7147,68.7484,68.7735,68.7985,68.8369,68.8778,68.9207,68.9708,69.0593,69.1928,69.3309,69.4353,69.4986,69.5237

Position pixel : 51.4202,51.4882,51.6176,51.8236,52.082,52.3423,52.551,52.7165,52.8915,53.1108,53.3354,53.5415,53.7046,53.8181,53.9066,53.9904,54.0789,54.1832,54.2963,54.3847,54.4599,54.557,54.6568,54.7544,54.8837,55.0648,55.2597,55.4203,55.5113,55.5588

Brightness max : 657.16
Brightness min : 216.00
Feature direction : Ambiguous
Feature speed : Slow
Feature type : Curve
Start frame : 1
End frame : 208
Start time (s) : 0.000
End time (s) : 1822.090
Time step (s) : 8.802

