KYMOANALYSIS DATA

General Information :

Tiff path : E:\Google Drive\microtubule dynamics and cut7\20-15 screens and tests\gtb1-K5A\19-08-01&02 (gtb1-K5A, cut7-3GFP and MTs)\
Spindle type : Bipolar
Start frame : 1
End frame : 242
Start time (s) : 0.000
End time (s) : 2006.020
Time step (s) : 8.324
Num poles : 2
Num tracks : 5
Num tracks poleward : 0
Num tracks antipoleward : 0
Num tracks ambiguous : 5
Comments : {

}
Poles Information :


Pole number : 1

Time (s) : 17.09882,18.13399,20.1195,23.52027,27.42483,31.38104,36.03107,41.50777,46.34786,49.91473,53.52402,58.42133,64.28736,69.28431,73.4398,78.08983,83.76581,89.59865,95.08458,100.1239,104.8736,110.0126,115.7458,121.6211,127.2639,133.1391,139.1713,145.7496,153.3538,161.5615,170.1585,178.8552,188.0076,198.6805,210.1321,220.7719,230.7934,239.9938,249.089,259.0257,269.7411,280.1243,289.7565,298.61,307.4063,316.4499,325.2942,332.8984,338.7405,344.1784,350.5575,358.1617,366.3694,374.8668,382.8179,389.4959,395.7273,402.695,410.9026,420.1363,429.1798,437.4871,445.49,454.1534,464.9684,477.2707,489.4254,500.2976,509.5404,517.4012,524.1696,529.7551,534.6044,539.5442,544.4839,549.2336,554.2729,559.8585,566.4368,574.6869,584.6236,595.8851,607.4512,618.2662,627.7655,637.108,646.8878,656.4776,666.0194,676.4026,687.1087,695.9622,703.4853,711.6358,720.4801,728.8778,735.7458,741.0417,745.5348,749.1921,752.1132,754.7777,757.0529,759.0808,761.4557,764.5667,768.0247,771.1358,773.5107,775.4389,777.2676,779.1959,781.5707,784.8811,789.3318,794.5613,799.5582,804.151,808.2549,811.9121,815.0232,817.4977,819.9722,822.9836,826.1944,829.6616,834.0551,838.9949,844.1911,849.9667,855.7995,861.3851,866.6718,871.1649,874.5325,877.2967,879.5719,881.6995,884.5208,888.4678,892.9186,897.5114,902.0618,906.6546,911.205,915.6982,919.802,923.4593,926.5704,929.0449,931.3201,933.538,935.5235,937.7415,940.0167,942.4912,945.5026,948.5141,950.8889,952.8172,954.6458,956.3748,957.7569,958.8493,960.2314,961.9604,963.789,965.6177,967.546,969.8212,972.3861,974.6613,976.4899,977.872,978.9644,980.3465,981.9758,983.3579,984.4503,985.8324,987.5614,989.2904,990.5728,991.119,991.2187,991.2187

Position (um) : 3.4104,3.4033,3.3869,3.366,3.3483,3.3343,3.3166,3.2944,3.271,3.2475,3.2228,3.1937,3.1608,3.1316,3.1056,3.0765,3.0436,3.0144,2.991,2.9733,2.9592,2.9403,2.9136,2.8865,2.8668,2.8478,2.8243,2.7952,2.7623,2.7318,2.7014,2.6672,2.6324,2.5982,2.5678,2.5373,2.5032,2.467,2.4258,2.3815,2.3403,2.3042,2.2687,2.2339,2.1997,2.1705,2.1458,2.1224,2.0989,2.0755,2.0521,2.0273,1.9969,1.9596,1.9254,1.8987,1.8703,1.8411,1.8094,1.7708,1.7309,1.6947,1.6593,1.6218,1.575,1.5186,1.4603,1.4027,1.3514,1.3102,1.2798,1.2551,1.2303,1.2012,1.1696,1.1449,1.1239,1.0967,1.0675,1.0358,0.99593,0.95033,0.90345,0.85657,0.80968,0.76408,0.72292,0.68548,0.64304,0.59171,0.53667,0.48979,0.45235,0.41691,0.38202,0.34787,0.31998,0.30099,0.28826,0.27754,0.27182,0.27054,0.27054,0.26927,0.26354,0.2541,0.24838,0.2471,0.2471,0.2471,0.2471,0.2471,0.2471,0.2471,0.2471,0.2471,0.2471,0.2471,0.2471,0.2471,0.2471,0.2471,0.2471,0.2471,0.2471,0.2471,0.2471,0.2471,0.2471,0.2471,0.24838,0.2541,0.26354,0.26927,0.27182,0.27754,0.28698,0.29398,0.30226,0.31743,0.33386,0.34659,0.35858,0.37131,0.38903,0.41119,0.43335,0.45107,0.46507,0.48151,0.49795,0.51195,0.52839,0.54483,0.55884,0.57655,0.59872,0.62216,0.64432,0.66204,0.67476,0.68676,0.6982,0.7102,0.72165,0.73364,0.74509,0.75708,0.77108,0.79325,0.81912,0.83757,0.85084,0.86229,0.87428,0.88573,0.89772,0.90917,0.91989,0.92689,0.93389,0.94461,0.95733,0.97505,0.99593,1.0124

Intensity : 1132.294,1136.4987,1151.2671,1157.8365,1141.2443,1109.3948,1119.1622,1168.4575,1205.4368,1243.0393,1255.6706,1251.6733,1201.7768,1164.4576,1136.6238,1104.6551,1076.7163,1071.7373,1097.1463,1126.8737,1141.6768,1149.9929,1144.6055,1107.1912,1067.1775,1041.8413,1042.6335,1021.2837,991.85243,990.32,1022.3474,1042.4425,1018.877,968.578,983.6966,1026.1958,1049.2378,1018.8957,1021.3727,1146.3397,1261.7534,1252.4544,1230.0618,1219.3476,1167.3822,1145.7996,1145.8851,1100.0185,1076.9298,1057.792,1034.2381,1020.0863,1000.6831,994.6885,1036.6627,1005.1313,997.2214,995.96393,1015.7316,1059.2834,1103.2822,1135.0326,1164.2588,1204.5811,1190.7666,1160.1192,1160.4316,1222.3947,1232.5433,1217.8082,1265.67,1271.6255,1293.2287,1337.94,1364.5715,1346.6099,1373.4465,1416.9213,1468.3923,1486.8805,1477.624,1513.4008,1529.535,1540.0538,1524.798,1581.659,1660.1983,1658.1516,1701.5626,1599.5141,1677.981,1643.3954,1591.3009,1545.4256,1542.3297,1594.588,1621.3823,1573.091,1503.8951,1450.5039,1401.8696,1369.3375,1344.3599,1348.2931,1355.0048,1365.5758,1359.0758,1344.2118,1333.9096,1328.492,1324.6066,1320.5096,1315.4638,1280.623,1220.6518,1201.3575,1204.7412,1238.5135,1262.1777,1261.1353,1260.2486,1266.2877,1275.0019,1285.6071,1280.8588,1267.1128,1246.6106,1217.9686,1182.9563,1130.3324,1018.7692,958.72509,915.66871,867.62453,840.15255,844.25485,849.11069,854.42243,853.98684,852.90329,843.92791,836.97851,815.04591,785.31574,759.05008,731.72897,722.53445,711.0108,709.51057,706.86159,705.73199,700.09409,691.12349,681.33034,674.89151,660.13063,645.60054,639.27624,625.84626,610.52795,600.93094,594.4187,587.10402,577.59613,567.33195,556.42069,546.83516,535.0416,531.72337,529.48877,530.52112,530.04544,524.29757,516.3105,508.34138,500.30691,492.18091,487.09771,483.2864,480.47188,477.74614,474.82987,472.19159,463.88476,455.88968,449.91975

Time pixel : 2.054225,2.178588,2.417124,2.825688,3.294775,3.770067,4.328715,4.986676,5.568157,5.996675,6.430289,7.018644,7.723379,8.323705,8.822939,9.381586,10.06349,10.76424,11.42331,12.02873,12.59935,13.21674,13.90552,14.61136,15.28928,15.99512,16.71981,17.51012,18.42368,19.40974,20.44257,21.48737,22.58693,23.86916,25.24494,26.52318,27.72715,28.83247,29.92516,31.11893,32.40626,33.65368,34.81088,35.87452,36.9313,38.01778,39.08031,39.99388,40.69573,41.34904,42.11541,43.02897,44.01503,45.03589,45.99113,46.79341,47.54204,48.37912,49.36518,50.47449,51.56097,52.559,53.52044,54.56126,55.86055,57.33853,58.79877,60.10494,61.21536,62.15974,62.97288,63.64392,64.22651,64.81996,65.41341,65.98403,66.58945,67.2605,68.0508,69.04196,70.23573,71.58868,72.9782,74.2775,75.41874,76.54113,77.71606,78.86816,80.01449,81.26192,82.54813,83.61178,84.51559,85.49477,86.55731,87.5662,88.39131,89.02755,89.56735,90.00673,90.35766,90.67777,90.95111,91.19474,91.48005,91.85381,92.26925,92.64301,92.92832,93.15998,93.37967,93.61133,93.89664,94.29434,94.82905,95.4573,96.05763,96.6094,97.10243,97.54181,97.91557,98.21285,98.51013,98.87192,99.25765,99.6742,100.202,100.7955,101.4198,102.1136,102.8144,103.4854,104.1205,104.6603,105.0649,105.397,105.6703,105.9259,106.2649,106.7391,107.2738,107.8256,108.3722,108.924,109.4707,110.0105,110.5035,110.9429,111.3167,111.6139,111.8873,112.1537,112.3923,112.6587,112.9321,113.2294,113.5912,113.9529,114.2383,114.4699,114.6896,114.8973,115.0634,115.1946,115.3606,115.5684,115.7881,116.0077,116.2394,116.5127,116.8209,117.0942,117.3139,117.48,117.6112,117.7772,117.973,118.139,118.2703,118.4363,118.644,118.8517,119.0058,119.0714,119.0834,119.0834

Position pixel : 31.962,31.8964,31.7424,31.5466,31.3806,31.2493,31.0833,30.8756,30.6559,30.4362,30.2045,29.9312,29.623,29.3497,29.1061,28.8327,28.5246,28.2513,28.0316,27.8655,27.7343,27.5563,27.3069,27.0524,26.8675,26.6895,26.4698,26.1965,25.8883,25.603,25.3177,24.9976,24.6706,24.3505,24.0652,23.7799,23.4598,23.1208,22.7351,22.3196,21.9339,21.5949,21.2629,20.9359,20.6158,20.3424,20.1108,19.8911,19.6714,19.4517,19.232,19.0003,18.715,18.3652,18.0451,17.7946,17.5281,17.2548,16.9575,16.5957,16.222,15.883,15.5509,15.2,14.7606,14.2328,13.6861,13.1463,12.6652,12.2795,11.9942,11.7625,11.5309,11.2575,10.9614,10.7297,10.5328,10.2784,10.005,9.70773,9.33397,8.90656,8.46718,8.0278,7.58842,7.16101,6.77528,6.42435,6.02665,5.54559,5.02973,4.59035,4.23942,3.90734,3.58035,3.26024,2.99887,2.82086,2.70159,2.60117,2.54752,2.53555,2.53555,2.52358,2.46993,2.38148,2.32783,2.31586,2.31586,2.31586,2.31586,2.31586,2.31586,2.31586,2.31586,2.31586,2.31586,2.31586,2.31586,2.31586,2.31586,2.31586,2.31586,2.31586,2.31586,2.31586,2.31586,2.31586,2.31586,2.31586,2.32783,2.38148,2.46993,2.52358,2.54752,2.60117,2.68962,2.75524,2.83283,2.97493,3.129,3.24827,3.36066,3.47993,3.64597,3.85369,4.06141,4.22745,4.35869,4.51276,4.66683,4.79807,4.95214,5.10621,5.23745,5.40349,5.61121,5.8309,6.03862,6.20466,6.32393,6.43632,6.54362,6.65601,6.76331,6.8757,6.983,7.09539,7.22663,7.43435,7.67687,7.84979,7.97415,8.08145,8.19384,8.30114,8.41353,8.52083,8.62125,8.68687,8.75249,8.85291,8.97218,9.13822,9.33397,9.48804

Pole type : Curve
Start frame : 1
End frame : 242
Start time (s) : 0.000
End time (s) : 2006.020
Time step (s) : 8.324

Pole number : 2

Time (s) : 15.36982,16.85154,19.5733,23.42063,27.42483,31.2814,35.38524,39.77877,43.88261,47.63953,51.29682,54.9541,58.61138,62.36831,66.47215,70.86568,74.96952,78.72644,82.48337,86.68685,91.52693,96.36702,100.5705,104.3274,108.0844,112.1882,116.4821,120.0397,122.5142,124.6418,127.4632,131.2109,134.8681,138.3354,142.4816,147.3789,152.6084,157.0591,160.5688,164.036,168.4295,173.17,177.3735,181.23,185.3339,190.0263,195.4698,201.4355,206.4324,210.4883,214.5921,218.9857,223.0895,226.7468,229.8579,232.5316,236.2978,242.6676,250.0633,255.7061,259.6623,262.9727,266.3403,270.2873,274.2915,277.9488,281.1595,284.0805,287.2912,290.7492,293.7607,295.7886,297.5268,300.1914,303.6494,307.207,310.3181,312.8922,315.9129,320.2068,325.0469,329.7966,334.7363,339.676,344.3261,348.7196,352.4765,356.143,361.0827,367.006,372.4919,377.4409,383.1261,390.2414,397.794,403.5696,406.9464,409.9099,413.2682,416.5786,420.0458,424.4394,429.1798,433.3833,437.1402,440.7975,444.4548,448.1121,451.869,455.9728,460.3664,464.3706,467.6809,470.7016,474.2593,478.007,480.928,483.5021,486.8125,491.3629,496.8396,501.58,504.6007,506.7283,509.0035,511.5683,513.8435,515.9711,518.8921,523.2857,528.373,532.7666,535.7872,538.5606,542.5648,547.4953,551.4995,554.0737,556.0019,557.8306,559.7589,562.0341,564.599,566.8741,568.8024,570.5314,571.8139

Position (um) : 6.85617,6.85044,6.84101,6.83528,6.834,6.834,6.834,6.834,6.834,6.834,6.834,6.834,6.834,6.834,6.834,6.834,6.834,6.834,6.83528,6.84101,6.85044,6.85744,6.86445,6.87516,6.88661,6.8986,6.91005,6.92077,6.92649,6.92904,6.93605,6.95249,6.97465,6.99681,7.01581,7.03553,7.06141,7.08358,7.09886,7.11657,7.13874,7.16218,7.18434,7.20206,7.21606,7.23505,7.26294,7.29454,7.31798,7.33326,7.35098,7.37187,7.38958,7.40359,7.4213,7.44475,7.47646,7.52079,7.57011,7.61072,7.64171,7.66716,7.69815,7.73621,7.77535,7.80781,7.84324,7.88057,7.91101,7.93573,7.95917,7.98261,8.00605,8.02949,8.05421,8.0821,8.10925,8.12898,8.14925,8.17714,8.21129,8.24746,8.28606,8.32022,8.34695,8.3741,8.39754,8.41983,8.45398,8.49703,8.53819,8.57563,8.61935,8.6764,8.74088,8.79221,8.82521,8.84992,8.87336,8.89808,8.92853,8.96841,9.01273,9.05389,9.09133,9.13249,9.17682,9.21798,9.25542,9.29786,9.34791,9.39723,9.43467,9.46767,9.50755,9.55187,9.59303,9.63175,9.67991,9.74196,9.80972,9.87177,9.91865,9.95165,9.98337,10.022,10.0593,10.0853,10.1076,10.1417,10.1848,10.2234,10.2468,10.2525,10.2411,10.2165,10.1956,10.1873,10.1861,10.1873,10.1943,10.2108,10.2317,10.2481,10.2551,10.2564,10.2564

Intensity : 1329.5823,1361.4432,1434.1215,1524.35,1617.756,1710.104,1764.0218,1776.0072,1762.518,1731.804,1702.1426,1672.8862,1644.5453,1624.4546,1602.5088,1584.3134,1566.7763,1505.7997,1444.4337,1380.5749,1310.0805,1233.6986,1171.8871,1141.6628,1113.096,1099.3099,1089.6475,1061.2854,1042.7016,1025.9569,997.79305,947.16492,891.02757,833.12439,778.62048,739.96529,697.84512,671.96447,659.17362,648.98149,646.93795,656.77458,677.18407,709.05319,750.97308,811.89254,871.70648,902.73978,895.38009,876.4431,851.72836,800.50641,734.65773,688.63254,658.77295,640.53487,620.62463,594.84198,625.85583,634.15582,642.14601,645.43639,647.18893,621.18495,614.18488,614.94243,620.92887,635.51778,637.81988,639.05469,643.84758,651.3998,659.84241,658.57336,649.54997,652.20588,666.17377,669.04652,681.46668,685.6355,711.23282,724.11286,750.43831,770.32511,758.0869,748.46497,736.89959,729.11731,715.8406,715.67657,723.73693,722.03631,744.33857,753.38634,774.88414,754.55336,747.70647,749.08144,744.7015,746.32398,748.57483,767.72049,759.15022,769.87335,771.66629,792.27123,814.05861,821.35233,834.77748,846.69643,867.64679,896.65445,898.911,905.09214,921.88284,925.33107,949.08001,947.64109,946.63953,957.46165,971.79928,989.39057,1024.0804,1029.6762,1026.1173,1022.0282,998.69284,992.19678,1007.6649,1058.4937,1067.4587,1098.571,1109.4825,1130.5391,1154.2653,1123.903,1077.6571,1045.545,1026.5785,1011.7967,1002.292,1005.244,1015.1595,1019.4225,1009.5553,995.27582,983.6217

Time pixel : 1.84651,2.02452,2.3515,2.81372,3.29478,3.7581,4.25113,4.77896,5.27199,5.72334,6.16272,6.6021,7.04148,7.49283,7.98586,8.51369,9.00672,9.45807,9.90942,10.4144,10.9959,11.5774,12.0824,12.5337,12.9851,13.4781,13.994,14.4214,14.7187,14.9743,15.3132,15.7635,16.2028,16.6194,17.1175,17.7059,18.3341,18.8688,19.2905,19.707,20.2349,20.8044,21.3094,21.7727,22.2657,22.8295,23.4834,24.2001,24.8005,25.2877,25.7808,26.3086,26.8016,27.241,27.6148,27.936,28.3884,29.1537,30.0422,30.7201,31.1954,31.5931,31.9977,32.4719,32.9529,33.3923,33.778,34.129,34.5147,34.9301,35.2919,35.5356,35.7444,36.0645,36.4799,36.9074,37.2811,37.5904,37.9533,38.4691,39.0506,39.6212,40.2147,40.8081,41.3668,41.8946,42.346,42.7864,43.3799,44.0915,44.7506,45.3451,46.0281,46.883,47.7903,48.4842,48.8899,49.2459,49.6494,50.0471,50.4636,50.9915,51.561,52.066,52.5173,52.9567,53.3961,53.8355,54.2868,54.7798,55.3077,55.7887,56.1864,56.5493,56.9767,57.427,57.7779,58.0872,58.4849,59.0315,59.6895,60.259,60.6219,60.8775,61.1509,61.459,61.7323,61.9879,62.3389,62.8667,63.4779,64.0057,64.3686,64.7018,65.1829,65.7752,66.2563,66.5655,66.7972,67.0169,67.2485,67.5219,67.83,68.1033,68.335,68.5427,68.6968

Position pixel : 64.2565,64.2028,64.1144,64.0607,64.0488,64.0488,64.0488,64.0488,64.0488,64.0488,64.0488,64.0488,64.0488,64.0488,64.0488,64.0488,64.0488,64.0488,64.0607,64.1144,64.2028,64.2685,64.3341,64.4345,64.5418,64.6542,64.7615,64.8619,64.9156,64.9395,65.0051,65.1592,65.3669,65.5746,65.7526,65.9375,66.1801,66.3878,66.531,66.697,66.9047,67.1244,67.3321,67.4982,67.6294,67.8074,68.0688,68.365,68.5847,68.7279,68.8939,69.0897,69.2557,69.387,69.553,69.7727,70.07,70.4854,70.9476,71.3282,71.6187,71.8572,72.1476,72.5043,72.8712,73.1753,73.5074,73.8572,74.1425,74.3742,74.5939,74.8136,75.0333,75.253,75.4846,75.746,76.0005,76.1854,76.3754,76.6367,76.9568,77.2958,77.6576,77.9777,78.2282,78.4827,78.7024,78.9112,79.2313,79.6348,80.0205,80.3715,80.7811,81.3158,81.9201,82.4012,82.7105,82.9421,83.1618,83.3935,83.6788,84.0525,84.468,84.8537,85.2046,85.5904,86.0058,86.3915,86.7425,87.1402,87.6093,88.0715,88.4224,88.7316,89.1054,89.5208,89.9066,90.2695,90.7208,91.3023,91.9374,92.5189,92.9583,93.2675,93.5648,93.9266,94.2764,94.5201,94.7289,95.049,95.4525,95.8143,96.034,96.0876,95.9803,95.7498,95.554,95.4764,95.4644,95.4764,95.542,95.6961,95.8919,96.0459,96.1115,96.1235,96.1235

Pole type : Curve
Start frame : 1
End frame : 242
Start time (s) : 0.000
End time (s) : 2006.020
Time step (s) : 8.324

Feature Information :


Feature number : 1

Time (s) : 189.2901,191.4656,194.8664,198.6805,203.0741,207.2683,210.289,212.7635,215.428,218.1498,220.9139,223.7353,226.8464,229.8579,232.2327,234.161,235.9896,237.8183,239.8462,242.6676,246.5149,250.5191,254.1764,257.3871,260.3082,263.5189,266.9769,270.088,272.4628,274.4907,276.7659,279.4305,282.2519,285.4626,289.0202,292.5779,295.7886,298.8093,302.3669,306.2143,309.5819,312.7926,315.804,318.2785,320.6533,323.2182,325.4934,327.5214,329.7966,332.3614,334.6366,336.5649,338.3936,340.2222,342.0509,343.8795,345.7081,347.5368,349.3654,351.1941,353.0227,354.951,357.2262,359.7911,362.0663,363.8949,365.277,366.3694,367.8511,370.1263,373.1378,376.1492,378.6237,380.9985,383.5634,385.8386,387.7669,389.6952,391.9704,394.5353,396.9101,399.2849,401.9495,404.8705,408.5278,412.8217,416.9255,420.6824,424.4394,428.5432,432.9367,436.9409,440.1517,442.6262,445.001,447.5659,449.9407,452.3156,455.0797,458.3477,462.195,465.653,468.1275,470.2551,473.0765,476.9238,480.928,484.5853,487.796,490.717,493.8281,496.8396,499.2144,501.043,502.4251,503.5175,504.8996,506.529,507.8114

Position (um) : 4.348,4.3423,4.3328,4.3271,4.3258,4.3258,4.3245,4.3188,4.3094,4.3037,4.3024,4.3024,4.3024,4.3024,4.3024,4.3024,4.3024,4.3024,4.3037,4.3094,4.3201,4.3315,4.3435,4.355,4.3657,4.3714,4.374,4.3797,4.3891,4.3949,4.3961,4.3961,4.3961,4.3961,4.3961,4.3961,4.3961,4.3961,4.3961,4.3961,4.3961,4.3961,4.3961,4.3961,4.3961,4.3961,4.3961,4.3961,4.3961,4.3961,4.3961,4.3961,4.3961,4.3961,4.3949,4.3891,4.3797,4.374,4.3727,4.3727,4.3727,4.3727,4.3727,4.374,4.3797,4.3904,4.4019,4.4151,4.4336,4.4607,4.4874,4.5064,4.5204,4.5368,4.552,4.5602,4.5672,4.578,4.5894,4.6014,4.6128,4.6236,4.6293,4.6318,4.6376,4.647,4.6527,4.654,4.654,4.654,4.6553,4.661,4.6704,4.6762,4.6774,4.6774,4.6774,4.6774,4.6774,4.6774,4.6774,4.6774,4.6774,4.6774,4.6787,4.6844,4.6952,4.7066,4.7186,4.7313,4.749,4.7699,4.7864,4.7946,4.8016,4.8111,4.8168,4.8181,4.8181

Intensity : 551.395,547.5449,552.467,557.9916,561.4658,563.8584,571.3024,579.593,588.5724,590.7431,588.8584,586.8246,592.5869,601.8648,609.1814,611.8673,612.0723,612.2774,612.4795,619.6913,640.5715,656.4341,651.7447,648.2912,654.8144,664.9648,674.0983,674.0526,673.3815,673.457,675.2881,677.7203,680.2957,680.8041,680.5421,678.272,672.8659,667.7799,671.5676,678.9584,684.5417,688.9359,693.0574,695.1672,696.8833,698.7368,700.9641,703.7922,706.9651,710.542,718.1755,725.9623,733.3467,740.7312,748.4966,757.5488,767.8081,777.1759,785.2415,787.3261,788.5663,789.874,791.417,786.3025,778.9602,772.824,768.5791,765.9769,767.4751,772.1027,779.0719,785.7723,794.9891,803.9878,814.0022,821.5076,827.8708,833.6772,837.2642,830.5773,823.5142,816.2083,810.4105,805.9908,796.1649,770.397,751.6802,752.2806,753.7408,730.8261,705.237,682.7903,663.3286,644.5857,625.1584,604.6853,588.5046,583.9067,578.5551,573.1038,571.8676,570.7564,576.4883,582.7536,590.9005,598.9254,605.2401,604.5643,602.9975,601.8735,580.2302,557.3992,541.2016,531.1719,524.0154,514.2769,506.0393,499.5603,494.7551

Time pixel : 22.741,23.0024,23.4109,23.8692,24.397,24.9009,25.2638,25.5611,25.8812,26.2082,26.5402,26.8792,27.253,27.6148,27.9001,28.1317,28.3514,28.5711,28.8147,29.1537,29.6159,30.097,30.5363,30.9221,31.273,31.6587,32.0742,32.4479,32.7332,32.9769,33.2502,33.5703,33.9093,34.295,34.7224,35.1498,35.5356,35.8985,36.3259,36.7881,37.1927,37.5784,37.9402,38.2375,38.5228,38.8309,39.1043,39.3479,39.6212,39.9294,40.2027,40.4344,40.6541,40.8737,41.0934,41.3131,41.5328,41.7525,41.9722,42.1919,42.4116,42.6432,42.9166,43.2247,43.4981,43.7177,43.8838,44.015,44.193,44.4664,44.8282,45.19,45.4872,45.7725,46.0807,46.354,46.5857,46.8173,47.0907,47.3988,47.6841,47.9694,48.2896,48.6405,49.0799,49.5957,50.0888,50.5401,50.9915,51.4845,52.0123,52.4934,52.8791,53.1764,53.4617,53.7698,54.0552,54.3405,54.6725,55.0651,55.5274,55.9428,56.2401,56.4957,56.8346,57.2969,57.7779,58.2173,58.603,58.954,59.3277,59.6895,59.9748,60.1945,60.3605,60.4918,60.6578,60.8536,61.0076

Position pixel : 40.7497,40.696,40.6076,40.5539,40.5419,40.5419,40.53,40.4763,40.3879,40.3342,40.3222,40.3222,40.3222,40.3222,40.3222,40.3222,40.3222,40.3222,40.3342,40.3879,40.4883,40.5956,40.708,40.8153,40.9157,40.9693,40.9933,41.0469,41.1354,41.189,41.201,41.201,41.201,41.201,41.201,41.201,41.201,41.201,41.201,41.201,41.201,41.201,41.201,41.201,41.201,41.201,41.201,41.201,41.201,41.201,41.201,41.201,41.201,41.201,41.189,41.1354,41.0469,40.9933,40.9813,40.9813,40.9813,40.9813,40.9813,40.9933,41.0469,41.1474,41.2547,41.379,41.5519,41.8064,42.0558,42.2338,42.3651,42.5191,42.6612,42.7388,42.8045,42.9049,43.0122,43.1246,43.2319,43.3323,43.3859,43.4099,43.4635,43.552,43.6056,43.6176,43.6176,43.6176,43.6296,43.6832,43.7717,43.8253,43.8373,43.8373,43.8373,43.8373,43.8373,43.8373,43.8373,43.8373,43.8373,43.8373,43.8493,43.9029,44.0033,44.1106,44.223,44.3423,44.5083,44.7041,44.8581,44.9357,45.0014,45.0898,45.1435,45.1554,45.1554

Brightness max : 586.30
Brightness min : 218.00
Feature direction : Ambiguous
Feature speed : Slow
Feature type : Curve
Start frame : 1
End frame : 242
Start time (s) : 0.000
End time (s) : 2006.020
Time step (s) : 8.324

Feature number : 2

Time (s) : 169.0754,170.8044,173.3693,176.1907,179.501,183.5052,187.7991,191.4564,194.4771,197.5882,200.6992,203.6203,206.831,210.289,213.4001,215.7749,217.8029,220.0781,222.6429,225.0178,227.4923,230.6033,234.161,237.8183,241.4756,245.2325,249.3363,253.6302,257.2875,260.2085,263.0723,266.3403,270.1876,273.6456,276.2198,278.5946,281.2591,284.0805,287.3909,291.2954,295.1428,298.0638,300.6379,303.749,307.207,310.3181,312.7926,315.2671,318.3782,322.0354,326.3386,331.6252,337.2015,341.9512,346.1547,350.1017,353.4693,356.7796,360.3373,363.9946,367.7515,371.8553,376.3485,380.7992,384.8459,388.2135,391.5238,395.0815,398.6391,401.7502,404.125,406.153,408.4282,411.0927,413.8144,416.5786,419.3004,421.9649,424.3397,426.7146,429.2795,431.5547,433.4829,435.2119,436.594,437.6864,439.0685,440.6979,442.08,443.1723,444.4548,445.6376

Position (um) : 5.1684,5.1614,5.145,5.1228,5.0994,5.0772,5.0595,5.0468,5.0348,5.0233,5.0126,5.0056,4.9986,4.9892,4.9822,4.9752,4.9657,4.96,4.9587,4.9587,4.9587,4.9587,4.9575,4.9517,4.9423,4.9366,4.9353,4.9353,4.9366,4.9436,4.9613,4.9892,5.0221,5.0499,5.0689,5.0829,5.0994,5.1158,5.1298,5.1463,5.1627,5.1754,5.1874,5.1989,5.2096,5.2153,5.2179,5.2236,5.2343,5.2457,5.2565,5.2635,5.2717,5.2869,5.3021,5.3103,5.3173,5.3268,5.3325,5.3338,5.3338,5.3338,5.3338,5.3338,5.3338,5.3338,5.3338,5.3338,5.3338,5.3338,5.3338,5.3338,5.3338,5.3338,5.3338,5.3338,5.3338,5.3338,5.3338,5.3338,5.3338,5.3351,5.3408,5.3515,5.3629,5.3749,5.3864,5.3984,5.4098,5.4218,5.4333,5.444

Intensity : 582.561,587.0797,595.8087,606.6577,614.8581,624.5033,618.9465,614.1455,621.3389,629.1062,637.797,646.4236,655.6287,669.1919,683.4825,694.5488,696.6909,694.9664,692.8305,691.3208,693.7148,696.7246,700.0858,703.4711,707.2004,712.3274,717.5398,710.9984,704.7579,702.5783,704.7703,711.6091,750.014,777.8574,782.6233,776.9527,770.8342,763.7105,749.9621,731.2621,695.9323,671.8049,662.9261,674.234,688.3417,703.2533,715.5102,728.7359,742.395,756.2333,762.3845,749.3102,750.3713,756.5973,760.9608,765.2014,773.8257,783.3131,776.6847,760.7812,750.2642,748.757,740.5003,722.3508,710.0321,703.5082,697.5055,695.3489,693.1924,693.9537,695.3575,696.5562,697.094,694.8642,692.5865,689.1422,679.0093,669.0895,660.2482,638.4649,613.8557,592.2985,574.6907,560.7107,549.9697,541.9069,531.7812,520.1077,508.6659,499.4264,488.5593,478.543

Time pixel : 20.3124,20.5202,20.8283,21.1673,21.565,22.046,22.5619,23.0013,23.3642,23.7379,24.1117,24.4626,24.8483,25.2638,25.6375,25.9229,26.1665,26.4398,26.748,27.0333,27.3306,27.7043,28.1317,28.5711,29.0105,29.4618,29.9549,30.4707,30.9101,31.261,31.6051,31.9977,32.4599,32.8753,33.1846,33.4699,33.79,34.129,34.5267,34.9958,35.458,35.8089,36.1182,36.4919,36.9074,37.2811,37.5784,37.8757,38.2494,38.6888,39.2058,39.8409,40.5108,41.0815,41.5865,42.0606,42.4652,42.8629,43.2903,43.7297,44.1811,44.6741,45.2139,45.7486,46.2348,46.6393,47.037,47.4644,47.8919,48.2656,48.5509,48.7946,49.0679,49.388,49.715,50.0471,50.3741,50.6942,50.9795,51.2648,51.5729,51.8463,52.0779,52.2857,52.4517,52.5829,52.749,52.9447,53.1108,53.242,53.3961,53.5382

Position pixel : 48.4388,48.3732,48.2191,48.0114,47.7917,47.584,47.4179,47.2987,47.1863,47.079,46.9786,46.9129,46.8473,46.7589,46.6933,46.6276,46.5392,46.4855,46.4736,46.4736,46.4736,46.4736,46.4616,46.4079,46.3195,46.2658,46.2539,46.2539,46.2658,46.3315,46.4975,46.7589,47.067,47.3284,47.5064,47.6376,47.7917,47.9458,48.077,48.2311,48.3852,48.5044,48.6168,48.7241,48.8245,48.8782,48.9021,48.9558,49.0562,49.1635,49.2639,49.3295,49.4071,49.5492,49.6913,49.7689,49.8345,49.923,49.9766,49.9886,49.9886,49.9886,49.9886,49.9886,49.9886,49.9886,49.9886,49.9886,49.9886,49.9886,49.9886,49.9886,49.9886,49.9886,49.9886,49.9886,49.9886,49.9886,49.9886,49.9886,49.9886,50.0006,50.0542,50.1546,50.2619,50.3743,50.4816,50.594,50.7013,50.8137,50.921,51.0214

Brightness max : 586.30
Brightness min : 218.00
Feature direction : Ambiguous
Feature speed : Slow
Feature type : Curve
Start frame : 1
End frame : 242
Start time (s) : 0.000
End time (s) : 2006.020
Time step (s) : 8.324

Feature number : 3

Time (s) : 264.1647,266.1927,270.1969,275.5739,280.2147,282.7888,284.0805,285.4626,287.2912,289.5664,292.1313,294.3069,295.7886,296.881,298.2631,300.0917,302.4666,305.5777,309.0357,312.1467,314.6212,317.0957,320.2068,323.6648,326.7759,329.1507,331.079,332.9076,334.7363,336.5649,338.3936,340.3219,342.5971,345.1619,347.4371,349.4651,351.7403,354.3051,356.5803,358.6083,360.8835,363.4484,365.8232,368.198,370.7629,373.0381,374.8668,376.2489,377.3412,378.7233,380.3527,381.9341,384.1188,388.0658,393.1532,397.8936,401.1044,403.0419,405.5163,409.1644,412.6224,415.0969,417.1248,419.4,421.9649,424.3397,426.7146,429.3791,432.1009,434.7654,437.0406,438.9689,440.7975,442.6262,444.3552,445.6376,446.1838,446.2834

Position (um) : 5.7101,5.7209,5.7584,5.8248,5.888,5.9217,5.9375,5.9502,5.968,5.9901,6.0123,6.03,6.0427,6.0547,6.0675,6.0839,6.0991,6.1073,6.1156,6.1308,6.1485,6.1682,6.1954,6.222,6.241,6.2537,6.2644,6.2714,6.2784,6.2879,6.2936,6.2949,6.2949,6.2949,6.2949,6.2949,6.2949,6.2961,6.3019,6.3126,6.324,6.336,6.3475,6.3595,6.3722,6.3886,6.4051,6.4178,6.4285,6.4342,6.4368,6.4425,6.4519,6.4577,6.4589,6.4602,6.466,6.4754,6.4824,6.4894,6.5001,6.5116,6.5235,6.535,6.5457,6.5527,6.5597,6.5704,6.5819,6.5939,6.6053,6.6173,6.6288,6.6395,6.6439,6.6356,6.609,6.575

Intensity : 423.4133,424.0262,426.2616,429.3539,433.3353,437.0877,435.7545,434.4355,432.5742,429.2974,426.9134,427.2755,427.8261,427.9385,428.9314,430.1528,430.381,434.3735,439.4209,443.2031,446.8462,447.9199,439.2922,428.5408,417.3711,408.2054,401.0337,394.6986,390.4577,386.1038,381.9935,377.9715,376.6656,377.8994,378.9939,379.9694,382.8622,386.0569,387.937,388.2154,388.3443,389.2513,390.6067,389.1782,387.858,387.5204,387.727,386.8509,386.2705,386.7185,387.8446,388.702,388.7682,388.3583,389.9452,393.8143,392.5476,389.3206,385.66,381.2541,378.454,376.3865,374.2616,373.2267,372.2914,371.7801,367.7542,362.8252,358.073,351.8884,345.8963,340.419,334.7436,329.5107,325.5012,324.1218,326.4279,329.9306

Time pixel : 31.7363,31.98,32.461,33.107,33.6645,33.9738,34.129,34.295,34.5147,34.788,35.0962,35.3576,35.5356,35.6668,35.8328,36.0525,36.3378,36.7116,37.127,37.5008,37.7981,38.0954,38.4691,38.8846,39.2583,39.5436,39.7753,39.995,40.2147,40.4344,40.6541,40.8857,41.1591,41.4672,41.7405,41.9842,42.2575,42.5656,42.839,43.0826,43.356,43.6641,43.9494,44.2347,44.5429,44.8162,45.0359,45.2019,45.3332,45.4992,45.695,45.8849,46.1474,46.6216,47.2328,47.8023,48.188,48.4208,48.7181,49.1563,49.5718,49.8691,50.1127,50.386,50.6942,50.9795,51.2648,51.5849,51.9119,52.232,52.5053,52.737,52.9567,53.1764,53.3841,53.5382,53.6038,53.6158

Position pixel : 53.5156,53.6171,53.9681,54.5901,55.1825,55.4986,55.6469,55.7662,55.9322,56.1399,56.3476,56.5137,56.633,56.7453,56.8646,57.0187,57.1608,57.2384,57.316,57.4581,57.6241,57.809,58.0635,58.3129,58.4909,58.6102,58.7106,58.7762,58.8418,58.9303,58.9839,58.9959,58.9959,58.9959,58.9959,58.9959,58.9959,59.0079,59.0615,59.1619,59.2692,59.3816,59.4889,59.6013,59.7206,59.8747,60.0287,60.148,60.2484,60.3021,60.326,60.3797,60.4681,60.5218,60.5337,60.5457,60.5993,60.6878,60.7534,60.819,60.9195,61.0268,61.1391,61.2464,61.3469,61.4125,61.4781,61.5785,61.6858,61.7982,61.9055,62.0179,62.1252,62.2256,62.2673,62.1897,61.9403,61.6213

Brightness max : 586.30
Brightness min : 218.00
Feature direction : Ambiguous
Feature speed : Slow
Feature type : Curve
Start frame : 1
End frame : 242
Start time (s) : 0.000
End time (s) : 2006.020
Time step (s) : 8.324

Feature number : 4

Time (s) : 159.8325,161.115,162.844,164.6726,166.5012,168.3299,170.1585,171.9872,173.8158,175.6445,177.4731,179.3017,181.1304,182.959,184.7877,186.6163,188.4449,190.2736,192.1022,193.9309,195.7595,197.4885,198.8706,199.963,201.3451,202.9744,204.3565,205.3493,206.2848,207.2776,208.56,209.8425,210.9348,212.3169,214.1456,216.4208,218.9857,221.3605,223.7353,226.3002,228.5754,230.5037,232.432,234.7072,237.2721,239.5473,241.4756,243.4038,245.679,248.3436,251.0653,253.7299,256.0051,257.9333,259.8616,262.1368,264.6021,266.5303,268.1689,270.2873,272.4628,274.3911,276.2198,278.0484,279.9767,282.3515,285.363,288.3744,290.7492,292.6775,294.5062,296.2352,297.6173,298.8093,300.5383,302.557,304.0959,305.478,306.7605,307.8529,309.1353,310.4177,311.4105,312.2464

Position (um) : 3.3426,3.3483,3.3577,3.3647,3.373,3.3882,3.4046,3.4174,3.4281,3.4338,3.4351,3.4351,3.4351,3.4351,3.4351,3.4351,3.4351,3.4351,3.4338,3.4268,3.4116,3.3952,3.3825,3.3705,3.359,3.347,3.3356,3.3236,3.3121,3.3014,3.2944,3.2874,3.278,3.271,3.2627,3.2475,3.2324,3.2254,3.2241,3.2241,3.2241,3.2241,3.2241,3.2254,3.2311,3.2405,3.2475,3.2558,3.271,3.2874,3.3001,3.3121,3.3236,3.3356,3.3483,3.3647,3.3812,3.3952,3.4129,3.4338,3.4502,3.4585,3.4655,3.4762,3.489,3.5079,3.5346,3.5617,3.5814,3.5992,3.6156,3.6296,3.646,3.6625,3.6765,3.6942,3.7151,3.7328,3.7455,3.7575,3.7702,3.7867,3.8018,3.8088

Intensity : 641.226,638.6564,635.3269,632.9972,630.9187,620.8415,611.015,601.188,590.263,584.896,584.8585,585.1841,585.5096,585.8351,582.6952,579.2158,575.7364,572.257,571.6903,577.527,585.9422,593.1979,598.9895,603.684,606.5302,609.9224,613.5215,617.4819,621.506,624.9041,627.6872,631.1332,634.7416,638.1568,642.3469,648.2648,643.5126,638.1438,631.6145,623.7193,616.4208,610.2353,604.0497,600.5552,597.8158,595.2194,593.7656,596.2012,600.0876,606.6199,610.4675,609.4206,606.8584,604.6362,597.3068,588.903,580.8138,575.0513,569.8279,560.8978,553.1483,547.5632,541.7021,536.1451,531.2776,527.0638,520.7476,515.0948,511.3844,513.0687,516.8726,520.893,526.4032,531.7346,533.8183,534.1769,537.4136,540.5118,543.6334,547.4248,554.8131,565.0467,574.7861,580.1559

Time pixel : 19.202,19.3561,19.5638,19.7835,20.0032,20.2229,20.4426,20.6623,20.882,21.1016,21.3213,21.541,21.7607,21.9804,22.2001,22.4198,22.6395,22.8592,23.0789,23.2985,23.5182,23.726,23.892,24.0232,24.1893,24.385,24.5511,24.6703,24.7827,24.902,25.0561,25.2101,25.3414,25.5074,25.7271,26.0004,26.3086,26.5939,26.8792,27.1873,27.4607,27.6923,27.924,28.1973,28.5055,28.7788,29.0105,29.2421,29.5155,29.8356,30.1626,30.4827,30.756,30.9877,31.2194,31.4927,31.7889,32.0205,32.2174,32.4719,32.7332,32.9649,33.1846,33.4043,33.6359,33.9213,34.283,34.6448,34.9301,35.1618,35.3815,35.5892,35.7553,35.8985,36.1062,36.3487,36.5336,36.6996,36.8537,36.9849,37.139,37.2931,37.4124,37.5128

Position pixel : 31.3269,31.3806,31.469,31.5346,31.6122,31.7543,31.9084,32.0277,32.1281,32.1817,32.1937,32.1937,32.1937,32.1937,32.1937,32.1937,32.1937,32.1937,32.1817,32.1161,31.974,31.8199,31.7007,31.5883,31.481,31.3686,31.2613,31.1489,31.0416,30.9412,30.8756,30.81,30.7215,30.6559,30.5783,30.4362,30.2941,30.2285,30.2165,30.2165,30.2165,30.2165,30.2165,30.2285,30.2821,30.3706,30.4362,30.5138,30.6559,30.81,30.9292,31.0416,31.1489,31.2613,31.3806,31.5346,31.6887,31.8199,31.986,32.1817,32.3358,32.4134,32.479,32.5794,32.6987,32.8767,33.1261,33.3806,33.5655,33.7315,33.8856,34.0168,34.1709,34.325,34.4562,34.6223,34.818,34.9841,35.1033,35.2157,35.335,35.4891,35.6312,35.6968

Brightness max : 586.30
Brightness min : 218.00
Feature direction : Ambiguous
Feature speed : Slow
Feature type : Curve
Start frame : 1
End frame : 242
Start time (s) : 0.000
End time (s) : 2006.020
Time step (s) : 8.324

Feature number : 5

Time (s) : 102.6981,103.7905,106.3553,109.7137,112.9244,115.6462,117.8642,119.4031,120.9845,123.16,125.7249,128.0001,129.9284,131.7571,133.5857,135.4143,137.243,139.0716,140.8006,142.1827,143.2751,144.6572,146.3862,148.2148,149.9438,151.3259,152.4183,153.8004,155.4298,156.8118,157.8046,158.7401,159.6332,160.4691,161.0153,161.5615,162.3974,163.2905,164.1264,164.6726,165.2188,166.0547,166.9478,167.7837,168.2302,168.3299,168.4295,168.8761,169.6123,170.0589,170.1585,170.2582,170.7047,171.441,171.8875,171.9872

Position (um) : 5.9268,5.9388,5.9573,5.9844,6.0123,6.037,6.0592,6.0756,6.0839,6.0922,6.1073,6.1238,6.1365,6.1472,6.1542,6.1612,6.1719,6.1834,6.1954,6.2068,6.2188,6.2315,6.2493,6.2714,6.2949,6.317,6.336,6.3557,6.3829,6.4108,6.4355,6.4589,6.4824,6.5058,6.5293,6.554,6.5819,6.609,6.6288,6.6503,6.6839,6.7262,6.7611,6.7871,6.8106,6.834,6.8562,6.8739,6.8879,6.9056,6.9278,6.9512,6.9746,6.9981,7.0203,7.0367

Intensity : 509.6896,507.2525,503.3035,495.8145,486.3368,480.1495,480.0156,482.4715,486.4773,491.9236,497.1174,500.8474,504.7412,509.0497,513.6708,516.7221,519.9386,523.7868,527.0514,527.4645,526.4617,526.2316,526.9871,529.2914,532.7589,530.6855,530.1325,530.4749,533.0144,536.9617,540.5739,543.5142,546.3139,549.8166,552.8154,556.2403,560.8951,566.2686,570.7201,574.9601,581.1694,589.7044,595.8655,599.0204,602.3565,606.2629,610.1153,612.688,614.2069,616.8191,620.7227,625.3192,629.8789,634.4956,639.3099,643.067

Time pixel : 12.338,12.4692,12.7774,13.1808,13.5666,13.8935,14.16,14.3449,14.5349,14.7962,15.1044,15.3777,15.6094,15.8291,16.0488,16.2685,16.4881,16.7078,16.9156,17.0816,17.2128,17.3789,17.5866,17.8063,18.014,18.1801,18.3113,18.4773,18.6731,18.8391,18.9584,19.0708,19.1781,19.2785,19.3441,19.4097,19.5102,19.6175,19.7179,19.7835,19.8491,19.9495,20.0568,20.1573,20.2109,20.2229,20.2349,20.2885,20.377,20.4306,20.4426,20.4545,20.5082,20.5966,20.6503,20.6623

Position pixel : 55.5465,55.6589,55.8318,56.0863,56.3476,56.5793,56.787,56.9411,57.0187,57.0963,57.2384,57.3924,57.5117,57.6121,57.6778,57.7434,57.8438,57.9511,58.0635,58.1708,58.2832,58.4024,58.5685,58.7762,58.9959,59.2036,59.3816,59.5665,59.821,60.0824,60.314,60.5337,60.7534,60.9731,61.1928,61.4245,61.6858,61.9403,62.1252,62.3272,62.6422,63.0388,63.3658,63.6094,63.8291,64.0488,64.2565,64.4225,64.5538,64.7198,64.9275,65.1472,65.3669,65.5866,65.7943,65.9484

Brightness max : 586.30
Brightness min : 218.00
Feature direction : Ambiguous
Feature speed : Slow
Feature type : Curve
Start frame : 1
End frame : 242
Start time (s) : 0.000
End time (s) : 2006.020
Time step (s) : 8.324

