KYMOANALYSIS DATA

General Information :

Tiff path : E:\Google Drive\microtubule dynamics and cut7\20-15 screens and tests\gtb1-K5A\19-08-01&02 (gtb1-K5A, cut7-3GFP and MTs)\
Spindle type : Bipolar
Start frame : 1
End frame : 180
Start time (s) : 0.000
End time (s) : 1491.560
Time step (s) : 8.333
Num poles : 1
Num tracks : 4
Num tracks poleward : 0
Num tracks antipoleward : 4
Num tracks ambiguous : 0
Comments : {

}
Poles Information :


Pole number : 1

Time (s) : 15.00555,16.29114,18.19824,20.22198,22.20317,23.89488,25.32864,26.68831,28.04798,29.48174,31.09936,32.67443,33.8187,34.92042,36.20601,37.63977,39.33147,41.31266,43.3364,45.31759,47.0093,48.44306,49.80273,51.1624,52.52207,53.95583,55.64754,57.55464,59.24634,60.6801,62.11386,63.80557,65.71267,67.40438,68.83813,70.19781,71.63156,73.32327,75.23037,76.92208,78.42992,80.2698,82.91506,86.03366,88.753,91.07309,93.79243,97.05921,100.5167,104.1896,107.7884,110.988,114.1134,117.3802,120.3575,122.8189,124.9908,127.5263,130.9838,135.5361,140.3464,144.4255,147.6991,150.9727,154.9036,159.0498,162.5814,165.9291,169.86,174.0803,177.7957,180.9527,183.9369,187.6098,191.8301,196.0258,200.3943,204.8053,209.3645,214.3971,219.7617,225.0522,229.6046,232.8041,235.1983,237.9176,241.0362,243.6815,245.6696,247.9896,251.7366,256.879,262.459,267.6823,272.7889,277.9696,283.525,289.5042,294.3145,297.0407,298.6227,299.9823,301.2679,302.2956,303.1078,304.1354,305.421,306.7807,308.1404,309.5741,311.4881,314.6136,319.0178,323.5701,327.3596,330.3685,332.4663,333.9741,335.3338,336.7676,338.4593,340.3664,342.0581,343.4918,344.8515,346.2112,347.5709,348.9305,350.2902,351.6499,353.0095,354.3692,355.7289,357.0886,358.4482,359.8079,361.2417,362.9334,364.8405,366.6063,368.4461,370.7594,373.4046,376.124,378.8433,381.4886,383.8018,385.5676,387.0013,388.361,389.7207,391.0804,392.44,393.7997,395.1594,396.519,397.9528,399.6445,401.5516,403.1692,404.1969,404.603

Position (um) : 1.2625,1.2625,1.2625,1.2625,1.2625,1.2625,1.2625,1.2615,1.2573,1.2502,1.245,1.2398,1.2328,1.2276,1.2215,1.2102,1.198,1.1886,1.1797,1.1712,1.1632,1.1589,1.157,1.1528,1.1458,1.1406,1.1354,1.1284,1.1241,1.1222,1.118,1.111,1.1067,1.1058,1.1058,1.1058,1.1058,1.1058,1.1058,1.1058,1.1048,1.1006,1.0926,1.0841,1.0761,1.0709,1.0657,1.0587,1.0545,1.0526,1.0483,1.0404,1.0319,1.0239,1.0187,1.0135,1.0065,1.0013,0.99515,0.98389,0.97168,0.96222,0.95427,0.95001,0.94812,0.94387,0.93686,0.9326,0.93071,0.92646,0.91945,0.91519,0.91424,0.91424,0.91424,0.91424,0.91424,0.91424,0.9133,0.90904,0.90109,0.89258,0.88368,0.87517,0.86721,0.86296,0.86201,0.86201,0.86106,0.85681,0.8498,0.84555,0.84365,0.8394,0.83239,0.82814,0.82719,0.82719,0.82624,0.82199,0.81498,0.81073,0.80883,0.80458,0.79757,0.79332,0.79237,0.79142,0.78717,0.77921,0.76976,0.7566,0.74014,0.72368,0.71147,0.70532,0.70012,0.69311,0.68886,0.68791,0.68791,0.68791,0.68791,0.68791,0.68791,0.68791,0.68791,0.68791,0.68791,0.68791,0.68791,0.68791,0.68791,0.68791,0.68791,0.68791,0.68791,0.68791,0.68791,0.68791,0.68791,0.68791,0.68791,0.68791,0.68791,0.68791,0.68791,0.68791,0.68791,0.68791,0.68791,0.68791,0.68791,0.68791,0.68791,0.68791,0.68791,0.68791,0.68791,0.68886,0.69311,0.70012

Intensity : 701.2114,705.8672,713.6936,722.237,730.6007,737.7424,742.3275,742.4217,743.892,746.5112,748.358,750.232,750.8949,748.1961,745.081,743.4641,741.1019,736.2911,725.7864,712.1311,695.9594,683.8431,673.4415,662.4624,650.6501,639.0554,625.8017,610.6526,600.1258,593.422,586.4156,578.2987,570.285,567.483,569.2984,571.0201,572.8355,574.9776,577.5057,580.4606,583.2609,587.5004,594.9632,601.6433,607.4316,611.9373,614.6995,614.8919,616.1194,616.6826,617.1067,631.9974,650.6063,667.9592,673.3937,678.3784,683.6083,684.5687,685.9557,686.6403,684.93,683.3661,677.7013,674.628,678.0556,680.4592,680.3471,681.5202,687.2275,693.9457,707.0046,721.1557,733.5371,741.75,750.9647,755.0832,757.4437,740.961,726.5141,720.4296,711.4804,701.2192,712.5233,724.2014,728.2658,726.6553,721.1292,720.3987,721.9508,727.0973,726.5104,712.5168,695.5624,678.3253,658.3606,647.4595,641.6182,626.691,619.6045,620.1214,623.7749,625.9326,625.9835,628.1418,632.7387,635.1806,634.9139,634.6257,637.153,645.1962,655.6388,671.3424,682.8864,684.3028,681.4105,676.2142,672.5969,669.8239,666.7261,663.1631,658.8518,653.9917,651.079,652.247,653.3547,654.4624,655.5701,656.6778,657.5487,657.635,657.7213,657.8075,657.8938,657.9801,658.2239,659.8344,661.5327,663.5365,665.7955,667.887,659.3388,648.336,635.7539,628.3548,628.5007,628.6427,629.3367,631.4609,633.1857,634.8214,636.4571,638.0927,637.7902,636.1372,634.4843,632.8314,631.0884,629.0318,602.0448,574.7328,557.0482,549.5818

Time pixel : 1.8008,1.95508,2.18395,2.42681,2.66457,2.86759,3.03965,3.20283,3.366,3.53806,3.73219,3.92121,4.05853,4.19075,4.34503,4.5171,4.72011,4.95787,5.20074,5.4385,5.64152,5.81358,5.97675,6.13993,6.3031,6.47516,6.67818,6.90705,7.11007,7.28213,7.4542,7.65722,7.88608,8.0891,8.26117,8.42434,8.5964,8.79942,9.02829,9.23131,9.41226,9.63307,9.95052,10.3248,10.6511,10.9296,11.2559,11.6479,12.0629,12.5036,12.9355,13.3195,13.6946,14.0866,14.4439,14.7393,15,15.3042,15.7192,16.2655,16.8428,17.3323,17.7252,18.118,18.5898,19.0873,19.5112,19.9129,20.3847,20.8911,21.337,21.7159,22.074,22.5148,23.0213,23.5248,24.049,24.5784,25.1255,25.7295,26.3733,27.0082,27.5545,27.9385,28.2258,28.5522,28.9264,29.2439,29.4825,29.7609,30.2106,30.8277,31.4973,32.1242,32.737,33.3587,34.0254,34.743,35.3203,35.6474,35.8373,36.0005,36.1547,36.2781,36.3755,36.4989,36.6531,36.8163,36.9795,37.1516,37.3812,37.7563,38.2849,38.8312,39.286,39.6471,39.8988,40.0798,40.2429,40.415,40.618,40.8469,41.0499,41.222,41.3851,41.5483,41.7115,41.8747,42.0378,42.201,42.3642,42.5273,42.6905,42.8537,43.0169,43.18,43.3521,43.5551,43.784,43.9959,44.2167,44.4943,44.8118,45.1381,45.4644,45.7819,46.0595,46.2714,46.4435,46.6067,46.7698,46.933,47.0962,47.2593,47.4225,47.5857,47.7578,47.9608,48.1896,48.3838,48.5071,48.5558

Position pixel : 11.8318,11.8318,11.8318,11.8318,11.8318,11.8318,11.8318,11.8229,11.7831,11.7174,11.6686,11.6199,11.5542,11.5055,11.4478,11.3423,11.2279,11.1393,11.0558,10.9761,10.9015,10.8617,10.8439,10.804,10.7383,10.6896,10.6409,10.5752,10.5353,10.5175,10.4777,10.412,10.3722,10.3633,10.3633,10.3633,10.3633,10.3633,10.3633,10.3633,10.3544,10.3145,10.2399,10.1602,10.0857,10.0369,9.98818,9.92248,9.88264,9.86486,9.82501,9.75042,9.67073,9.59614,9.5474,9.49866,9.43297,9.38423,9.3266,9.22106,9.10662,9.01804,8.94345,8.9036,8.88582,8.84597,8.78028,8.74043,8.72265,8.6828,8.61711,8.57726,8.56837,8.56837,8.56837,8.56837,8.56837,8.56837,8.55948,8.51963,8.44504,8.36535,8.28187,8.20218,8.12759,8.08774,8.07885,8.07885,8.06996,8.03011,7.96442,7.92457,7.90679,7.86694,7.80124,7.7614,7.75251,7.75251,7.74362,7.70377,7.63807,7.59823,7.58044,7.5406,7.4749,7.43505,7.42616,7.41727,7.37742,7.30284,7.21425,7.09093,6.93665,6.78236,6.66793,6.6103,6.56156,6.49587,6.45602,6.44713,6.44713,6.44713,6.44713,6.44713,6.44713,6.44713,6.44713,6.44713,6.44713,6.44713,6.44713,6.44713,6.44713,6.44713,6.44713,6.44713,6.44713,6.44713,6.44713,6.44713,6.44713,6.44713,6.44713,6.44713,6.44713,6.44713,6.44713,6.44713,6.44713,6.44713,6.44713,6.44713,6.44713,6.44713,6.44713,6.44713,6.44713,6.44713,6.44713,6.45602,6.49587,6.56156

Pole type : Curve
Start frame : 1
End frame : 180
Start time (s) : 0.000
End time (s) : 1491.560
Time step (s) : 8.333

Feature Information :


Feature number : 1

Time (s) : 12.21212,13.16568,14.52535,16.21705,18.12416,19.74177,20.8435,21.65574,22.68338,23.96896,25.40272,27.09443,29.00153,30.69324,32.20108,33.89279,35.79989,37.4916,38.99944,40.69115,42.59825,44.28995,45.72371,47.15747,48.92326,51.23649,53.80766,56.19497,58.29279,60.34807,62.29772,64.02096,65.49727,67.22052,69.24425,71.63156,74.12865,76.10984,77.40229,78.91013,81.14927,83.79452,86.51387,89.23321,91.87847,94.26578,96.3636,98.34479,100.0365,101.5443,103.3101,105.5493,107.8625,110.0344,112.3476,114.6609,116.8328,119.2201,121.8653,124.6588,127.7842,131.4571,135.388,139.1349,142.6665,146.2653,149.5321,152.0361,154.1654,156.2633,158.5765,160.8156,162.5814,164.0152,165.3748,166.7345,168.0942,169.5279,171.2196,173.2008,175.2987,177.5378,179.4449,180.6633,181.765,183.0506,184.4102,185.7699,187.0555,188.1572,189.3015,190.9507,192.9003,194.8815,196.5732,198.007,199.2925,200.3202,201.1324,202.1601,203.4456,204.7312,205.7589,206.497,207.2667,208.3369,209.912,211.4555,212.4831

Position (um) : 4.083,4.0839,4.0882,4.0961,4.1046,4.1135,4.122,4.13,4.1352,4.1404,4.1474,4.1526,4.1578,4.1658,4.1743,4.1832,4.1917,4.2006,4.2091,4.218,4.2265,4.2354,4.2439,4.2528,4.2623,4.2754,4.2919,4.3093,4.3267,4.3432,4.3563,4.3658,4.3747,4.3841,4.3973,4.4128,4.426,4.4354,4.4443,4.4538,4.466,4.4782,4.4886,4.5018,4.5182,4.5356,4.553,4.5695,4.5827,4.5931,4.6062,4.6227,4.6401,4.6575,4.674,4.6871,4.6975,4.7116,4.7323,4.7568,4.7794,4.802,4.8264,4.849,4.8726,4.9012,4.9299,4.9525,4.9709,4.9892,5.0109,5.0344,5.0518,5.0631,5.0754,5.0876,5.098,5.1111,5.1276,5.145,5.1624,5.1798,5.1963,5.2094,5.2198,5.233,5.2495,5.2669,5.2843,5.3017,5.3191,5.3375,5.3601,5.3887,5.4174,5.44,5.4584,5.4748,5.488,5.4984,5.5116,5.528,5.5445,5.5576,5.568,5.5812,5.5967,5.6089,5.6141

Intensity : 416.7539,415.7073,413.8342,411.313,407.4118,403.8068,401.2946,399.4206,397.5457,395.409,393.4301,392.4069,391.5336,390.3341,388.9455,387.5618,385.5859,383.9267,382.588,381.3199,380.0701,379.0141,378.2687,377.6877,377.1915,376.8548,377.1578,378.2405,379.9629,385.4675,391.6285,397.5855,403.2238,408.8777,414.7778,421.5067,428.2399,427.6616,424.4721,420.8566,415.6565,409.9511,404.233,397.8877,392.1342,393.8967,396.3275,399.5285,402.9391,406.0317,409.2131,413.7068,418.8627,419.9876,421.261,423.5903,425.6065,420.5467,415.886,412.2181,411.3992,410.3038,405.9356,402.806,400.8398,400.0513,398.2265,394.7908,392.1426,390.2164,389.1039,389.3547,390.7684,392.7719,395.3516,398.369,397.9233,397.9083,398.163,398.6195,400.2788,404.5131,408.1638,410.7103,412.7912,414.772,410.8918,405.9113,401.361,397.6223,393.8627,388.3347,381.1593,374.3048,368.7921,364.4767,359.8452,356.5467,354.3918,352.036,349.1151,346.064,343.4951,340.9827,338.5113,335.304,333.061,331.3277,330.5325

Time pixel : 1.46556,1.57999,1.74317,1.94619,2.17505,2.36918,2.5014,2.59887,2.7222,2.87648,3.04854,3.25156,3.48043,3.68345,3.86441,4.06743,4.29629,4.49931,4.68027,4.88329,5.11216,5.31517,5.48724,5.6593,5.87121,6.14882,6.45738,6.74388,6.99564,7.24229,7.47626,7.68307,7.86023,8.06704,8.3099,8.5964,8.89607,9.13383,9.28894,9.46989,9.73861,10.0561,10.3824,10.7088,11.0262,11.3127,11.5645,11.8022,12.0052,12.1862,12.3981,12.6668,12.9444,13.2051,13.4827,13.7603,14.0209,14.3074,14.6249,14.9601,15.3352,15.776,16.2477,16.6974,17.1212,17.5531,17.9451,18.2456,18.5012,18.7529,19.0305,19.2993,19.5112,19.6832,19.8464,20.0096,20.1727,20.3448,20.5478,20.7856,21.0373,21.3061,21.5349,21.6811,21.8134,21.9676,22.1308,22.294,22.4483,22.5805,22.7178,22.9157,23.1497,23.3875,23.5905,23.7625,23.9168,24.0401,24.1376,24.2609,24.4152,24.5695,24.6928,24.7814,24.8738,25.0022,25.1912,25.3765,25.4998

Position pixel : 38.2657,38.2746,38.3145,38.3891,38.4687,38.5522,38.6319,38.7065,38.7552,38.804,38.8697,38.9184,38.9672,39.0417,39.1214,39.2049,39.2846,39.3681,39.4478,39.5313,39.6109,39.6944,39.7741,39.8576,39.9462,40.0695,40.2238,40.387,40.5501,40.7044,40.8277,40.9163,40.9998,41.0884,41.2117,41.3571,41.4804,41.569,41.6525,41.7411,41.8555,41.9699,42.0674,42.1908,42.345,42.5082,42.6714,42.8257,42.949,43.0465,43.1698,43.3241,43.4872,43.6504,43.8047,43.928,44.0255,44.1577,44.3518,44.5807,44.7926,45.0045,45.2334,45.4453,45.6661,45.9348,46.2035,46.4154,46.5875,46.7596,46.9626,47.1826,47.3457,47.4521,47.5665,47.681,47.7785,47.9018,48.0561,48.2192,48.3824,48.5456,48.6999,48.8232,48.9207,49.044,49.1983,49.3614,49.5246,49.6878,49.851,50.023,50.2349,50.5036,50.7724,50.9843,51.1563,51.3106,51.4339,51.5314,51.6547,51.809,51.9633,52.0866,52.1841,52.3074,52.4528,52.5673,52.616

Brightness max : 520.36
Brightness min : 210.00
Feature direction : Antipoleward
Feature speed : Slow
Feature type : Curve
Start frame : 1
End frame : 180
Start time (s) : 0.000
End time (s) : 1491.560
Time step (s) : 8.333

Feature number : 2

Time (s) : 15.41167,17.24469,19.40974,21.17553,22.68338,24.44917,26.76239,29.33356,31.64679,33.41258,34.84634,36.20601,37.63977,39.40556,41.6447,43.88383,45.64963,47.0093,48.03694,48.92326,50.28294,52.11595,53.80766,55.38959,57.48742,60.27398,62.91924,65.09115,67.07234,68.76405,70.27189,71.88951,73.46458,74.60885,75.71058,76.99616,78.42992,80.19572,82.43485,84.74808,86.91999,89.23321,91.54643,93.64426,95.62545,97.31716,98.825,100.6649,103.3101,106.5028,109.5542,112.3476,114.9929,117.3802,119.478,121.3851,122.8189,124.0372,125.6123,127.2299,128.7378,130.4295,132.3366,134.1024,135.8682,137.7753,139.5411,141.3809,143.6942,146.3394,149.0588,151.704,154.0913,156.1892,158.1704,159.8621,161.444,163.4677,165.9223,168.0201,169.9341,172.1732,174.4123,176.1781,177.5378,178.5654,179.3777,180.4053,181.6168,182.6444,183.4567,184.4102,185.2897

Position (um) : 3.5606,3.5606,3.5606,3.5606,3.5606,3.5606,3.5616,3.5658,3.5738,3.5823,3.5903,3.5945,3.5964,3.6016,3.6129,3.6241,3.6293,3.6312,3.6355,3.6425,3.6477,3.6529,3.6608,3.6703,3.6835,3.699,3.7121,3.7216,3.7295,3.7347,3.7399,3.7479,3.7564,3.7644,3.7686,3.7705,3.7748,3.7818,3.787,3.7922,3.7992,3.8034,3.8053,3.8096,3.8166,3.8218,3.827,3.8359,3.8496,3.8698,3.8905,3.9088,3.9263,3.9437,3.9601,3.9733,3.9827,3.9916,4.0002,4.0091,4.0176,4.0265,4.035,4.0439,4.0524,4.0613,4.0698,4.0778,4.0839,4.0934,4.1083,4.122,4.1361,4.1526,4.1691,4.1822,4.1936,4.21,4.2292,4.2439,4.258,4.2745,4.2909,4.3031,4.3093,4.3145,4.3224,4.331,4.3399,4.3484,4.3573,4.3658,4.3737

Intensity : 468.0215,469.1816,468.8928,468.6572,468.456,468.2205,462.8826,454.9303,447.2187,441.0752,439.4845,438.3858,437.5228,436.2218,434.2671,436.6174,438.9564,440.8159,441.8761,442.4608,443.9885,444.8837,445.4524,445.8768,446.5409,441.874,435.7002,431.1311,427.5539,425.4294,422.5963,419.0887,415.5249,412.5854,411.6188,411.882,411.8878,411.8089,412.5173,415.0203,418.2058,422.0416,426.144,427.6527,429.0192,430.3954,431.7548,432.4018,428.763,423.0119,419.5281,419.4462,420.1105,421.0396,420.6102,420.6209,420.9886,421.3786,422.5634,423.9661,425.3392,427.0483,429.2462,429.9765,429.1887,428.0096,426.9319,426.1361,425.7176,424.79,422.8896,422.8071,424.0124,425.3709,426.8844,429.4675,431.4373,432.5466,432.3747,432.9756,433.7345,433.863,432.7123,430.5497,429.6896,428.8073,426.5676,424.3389,422.1346,419.8644,416.772,411.7983,407.5093

Time pixel : 1.84953,2.06951,2.32934,2.54125,2.7222,2.93411,3.21172,3.52028,3.79789,4.0098,4.18186,4.34503,4.5171,4.72901,4.99772,5.26644,5.47835,5.64152,5.76484,5.87121,6.03438,6.25436,6.45738,6.64723,6.89898,7.2334,7.55085,7.8115,8.04926,8.25228,8.43323,8.62736,8.81638,8.9537,9.08592,9.2402,9.41226,9.62417,9.89289,10.1705,10.4311,10.7088,10.9864,11.2381,11.4759,11.6789,11.8598,12.0806,12.3981,12.7813,13.1474,13.4827,13.8001,14.0866,14.3384,14.5673,14.7393,14.8855,15.0746,15.2687,15.4496,15.6527,15.8815,16.0934,16.3053,16.5342,16.7461,16.9669,17.2445,17.562,17.8883,18.2058,18.4923,18.744,18.9818,19.1848,19.3747,19.6175,19.9121,20.1639,20.3935,20.6623,20.931,21.1429,21.3061,21.4294,21.5269,21.6502,21.7956,21.9189,22.0164,22.1308,22.2364

Position pixel : 33.3706,33.3706,33.3706,33.3706,33.3706,33.3706,33.3794,33.4193,33.4939,33.5736,33.6482,33.688,33.7058,33.7545,33.8601,33.9656,34.0144,34.0321,34.072,34.1377,34.1864,34.2352,34.3097,34.3983,34.5217,34.667,34.7904,34.879,34.9535,35.0023,35.051,35.1256,35.2053,35.2799,35.3197,35.3375,35.3774,35.4431,35.4918,35.5405,35.6062,35.6461,35.6639,35.7037,35.7694,35.8181,35.8669,35.9504,36.0788,36.2678,36.4619,36.634,36.7972,36.9603,37.1146,37.238,37.3265,37.41,37.4897,37.5732,37.6529,37.7364,37.8161,37.8995,37.9792,38.0627,38.1424,38.217,38.2746,38.3632,38.5035,38.6319,38.7641,38.9184,39.0727,39.196,39.3024,39.4567,39.6368,39.7741,39.9063,40.0606,40.2149,40.3293,40.387,40.4357,40.5103,40.59,40.6735,40.7532,40.8366,40.9163,40.9909

Brightness max : 520.36
Brightness min : 210.00
Feature direction : Antipoleward
Feature speed : Slow
Feature type : Curve
Start frame : 1
End frame : 180
Start time (s) : 0.000
End time (s) : 1491.560
Time step (s) : 8.333

Feature number : 3

Time (s) : 73.47144,74.68294,76.18392,77.3282,78.42992,79.7896,81.4813,83.46249,85.41214,87.0613,88.20557,89.3073,90.5188,91.54643,92.35868,93.38631,94.6719,96.03157,97.39124,98.75091,100.0365,100.9901,101.4703,101.9505,102.904,104.1896,105.5493,106.9089,108.1945,109.2222,110.0344,110.988,111.9415,112.7538,113.8555,115.4731,117.3061,118.6658,119.5521,120.5798,121.8653,123.225,124.5106,125.5382,126.3505,127.3781,128.6637,130.0234,131.383,132.8168,134.5085,136.4156,138.1814,139.9472,141.8543,143.546,144.9798,146.4135,148.1052,150.0123,151.704,153.1378,154.5715,156.2633,158.3185,160.6002,162.7968,164.2731,165.4489,166.6604,167.6881,168.5003,169.5279,170.8135,172.1732,173.607,175.2987,177.2058,178.8975,180.2571,181.2848,182.097,183.1247,184.3362,185.3638,186.1019,186.7235

Position (um) : 4.7116,4.7211,4.7403,4.7601,4.7742,4.7846,4.7977,4.8142,4.8316,4.8481,4.8612,4.8716,4.8848,4.9012,4.9187,4.9361,4.9544,4.9761,5.0015,5.0274,5.0527,5.0744,5.0928,5.1111,5.1328,5.1582,5.1841,5.2094,5.2311,5.2504,5.2711,5.2913,5.3059,5.321,5.3436,5.3765,5.4122,5.4381,5.4532,5.4645,5.4819,5.5054,5.5271,5.5454,5.5628,5.5803,5.5977,5.6151,5.6334,5.6551,5.6795,5.7012,5.7195,5.7369,5.7544,5.7718,5.7892,5.8066,5.824,5.8414,5.8588,5.8753,5.8884,5.8998,5.9163,5.9355,5.9501,5.9642,5.9807,5.9981,6.0146,6.0277,6.0381,6.0513,6.0677,6.0852,6.1026,6.12,6.1364,6.1496,6.1591,6.168,6.1765,6.1854,6.1939,6.2018,6.2061

Intensity : 381.9756,380.1491,373.9035,367.4207,362.6673,358.8583,354.1477,348.926,343.6895,339.3218,336.2023,333.8476,331.1607,328.1794,328.0961,329.288,331.0798,332.3841,332.8067,333.1755,333.4213,332.1373,330.2237,328.2108,326.6685,325.4163,324.2209,323.1021,322.5,322.0935,321.367,321.0464,321.3261,321.4734,321.6171,322.2859,322.4301,320.9036,319.7262,318.7925,317.5464,316.123,315.0723,313.968,311.9966,309.9857,308.1547,306.5765,305.192,303.8785,300.0476,295.3994,291.4595,287.7973,284.4421,283.6574,283.0119,282.591,282.4978,282.7603,282.1037,281.5756,281.5061,281.6921,282.342,285.2419,288.0019,290.0459,291.7708,293.4277,293.3984,293.3235,293.0832,292.7162,292.2614,291.561,290.2249,288.5033,286.8805,285.5333,284.5057,283.6262,282.5932,279.8157,276.8704,274.5,272.7354

Time pixel : 8.8172,8.96259,9.14272,9.28005,9.41226,9.57544,9.77846,10.0162,10.2502,10.4481,10.5854,10.7176,10.863,10.9864,11.0838,11.2072,11.3614,11.5246,11.6878,11.851,12.0052,12.1197,12.1773,12.2349,12.3494,12.5036,12.6668,12.83,12.9843,13.1076,13.2051,13.3195,13.4339,13.5314,13.6636,13.8578,14.0777,14.2409,14.3473,14.4706,14.6249,14.7881,14.9423,15.0657,15.1631,15.2865,15.4407,15.6039,15.7671,15.9392,16.1422,16.371,16.583,16.7949,17.0237,17.2268,17.3988,17.5709,17.7739,18.0028,18.2058,18.3778,18.5499,18.7529,18.9996,19.2734,19.537,19.7142,19.8553,20.0007,20.124,20.2215,20.3448,20.4991,20.6623,20.8343,21.0373,21.2662,21.4692,21.6324,21.7557,21.8532,21.9765,22.1219,22.2452,22.3338,22.4084

Position pixel : 44.1577,44.2463,44.4264,44.6117,44.7439,44.8414,44.9647,45.119,45.2821,45.4364,45.5597,45.6572,45.7805,45.9348,46.098,46.2612,46.4332,46.6362,46.874,47.1169,47.3546,47.5577,47.7297,47.9018,48.1048,48.3426,48.5854,48.8232,49.0262,49.2072,49.4013,49.5903,49.7276,49.8687,50.0806,50.3892,50.7236,50.9665,51.1076,51.214,51.3771,51.5971,51.8001,51.9722,52.1354,52.2985,52.4617,52.6249,52.7969,53,53.2288,53.4319,53.6039,53.7671,53.9303,54.0934,54.2566,54.4198,54.583,54.7461,54.9093,55.0636,55.1869,55.2933,55.4476,55.6277,55.765,55.8972,56.0515,56.2147,56.369,56.4923,56.5898,56.7131,56.8674,57.0305,57.1937,57.3569,57.5112,57.6345,57.7231,57.8066,57.8862,57.9697,58.0494,58.124,58.1639

Brightness max : 520.36
Brightness min : 210.00
Feature direction : Antipoleward
Feature speed : Slow
Feature type : Curve
Start frame : 1
End frame : 180
Start time (s) : 0.000
End time (s) : 1491.560
Time step (s) : 8.333

Feature number : 4

Time (s) : 28.12207,28.4541,29.07562,29.81377,30.84141,32.20108,33.8187,35.46786,36.94416,38.59332,40.21094,41.57061,42.59825,43.41049,44.43813,45.72371,47.08338,48.44306,49.80273,51.1624,52.44799,53.47562,54.21378,54.90938,55.64754,56.60109,57.55464,58.29279,58.9884,59.72655,60.6801,61.63365,62.4459,63.39945,64.353,65.09115,65.78676,66.45082,67.07234,67.47846,67.95867,68.91222,70.19781,71.55748,72.91715,74.27682,75.56241,76.59004,77.40229,78.42992,79.71551,81.07518,82.43485,83.79452,85.1542,86.51387,87.87354,89.23321,90.59288,91.95256,93.31223,94.59781,95.62545,96.43769,97.53942,99.15703,101.0641,102.7558,104.2637,105.9554,107.8625,109.5542,110.988,112.2735,113.3012,114.1134,115.1411,116.4266,117.7863,119.146,120.5798,122.1974,123.7724,124.9908,126.4246,128.2576,129.9493,131.383,132.6686,133.6963,134.5085,135.6102,137.1538,138.7288,139.9472,141.3809,143.214,144.9057,146.3394,147.7732,149.4649,151.372,153.0637,154.5715,156.2633,158.1704,159.788,160.8897,161.7019,162.8037,164.4213,166.4766,168.9064,171.7671,174.2642,175.772,176.6583,177.686,178.9716,180.3312,181.6909,183.0506,184.3362,185.3638,186.1019,186.7235,187.1296,187.5357,188.0831

Position (um) : 2.5734,2.5814,2.5899,2.5979,2.6031,2.6083,2.6162,2.6247,2.6336,2.6431,2.6553,2.6675,2.677,2.6859,2.6953,2.7075,2.7197,2.7301,2.7433,2.7588,2.772,2.7824,2.7955,2.812,2.8294,2.8468,2.8633,2.8764,2.8868,2.9,2.9165,2.9339,2.9513,2.9687,2.9851,2.9983,3.0078,3.0167,3.0261,3.0383,3.0505,3.0609,3.0731,3.0854,3.0948,3.1028,3.108,3.1132,3.1202,3.1254,3.1306,3.1376,3.1418,3.1428,3.1428,3.1428,3.1428,3.1428,3.1428,3.1428,3.1428,3.1437,3.148,3.155,3.1592,3.1602,3.1611,3.1654,3.1734,3.1819,3.1908,3.1993,3.2072,3.2124,3.2176,3.2246,3.2298,3.236,3.2472,3.2595,3.2689,3.2778,3.2863,3.2952,3.3037,3.3126,3.3211,3.3291,3.3343,3.3395,3.3475,3.3569,3.3701,3.3856,3.3997,3.4153,3.4397,3.4674,3.491,3.5155,3.5494,3.5903,3.6284,3.6599,3.6868,3.7121,3.7338,3.7522,3.7696,3.7879,3.8096,3.835,3.8618,3.8914,3.9201,3.9427,3.9611,3.9785,3.9968,4.0176,4.0377,4.0524,4.0674,4.0872,4.1074,4.122,4.1352,4.1464,4.1516

Intensity : 471.0468,474.1784,479.3811,485.3395,493.0284,503.0286,512.2729,515.1026,517.8652,520.9961,524.5404,527.8764,523.8153,520.3972,516.835,512.9785,509.7683,507.4427,505.7207,498.2908,490.5825,484.1791,479.7335,476.0811,472.9646,469.8369,467.6421,466.64,466.3138,466.3256,466.9293,468.3629,470.5572,473.4294,476.8665,478.0927,479.1064,480.3442,481.6938,482.9254,484.2787,486.1956,488.7342,491.4486,493.9084,494.2482,493.272,490.5989,487.97,485.4212,482.5517,479.3391,476.6869,474.9893,474.1584,473.3274,472.4965,471.6655,470.8345,470.9065,474.2734,477.4808,480.2472,482.8017,486.1921,490.8832,496.6284,502.3945,508.2883,514.9874,522.608,522.1346,517.1782,512.6279,508.892,505.533,501.9713,497.6848,489.5918,481.3367,473.544,465.4351,458.0697,452.7674,447.6176,441.3731,435.8957,431.6934,428.0566,425.2881,423.5217,421.2516,418.6084,416.9825,416.7096,416.7264,414.9472,414.7409,415.3196,416.7476,417.9278,421.9562,428.2764,432.9698,437.708,442.8984,448.0023,450.526,452.9289,456.4555,462.1834,470.6622,471.5757,474.0285,479.3072,484.1306,486.118,487.63,489.7653,492.6623,496.0721,499.38,489.8921,479.5689,472.1763,466.5084,462.7908,459.3529,455.3397

Time pixel : 3.37489,3.41474,3.48932,3.57791,3.70123,3.86441,4.05853,4.25645,4.43362,4.63153,4.82566,4.98883,5.11216,5.20963,5.33296,5.48724,5.65041,5.81358,5.97675,6.13993,6.29421,6.41753,6.50612,6.5896,6.67818,6.79262,6.90705,6.99564,7.07911,7.1677,7.28213,7.39657,7.49404,7.60848,7.72291,7.8115,7.89498,7.97467,8.04926,8.09799,8.15562,8.27006,8.42434,8.58751,8.75068,8.91386,9.06814,9.19146,9.28894,9.41226,9.56655,9.72972,9.89289,10.0561,10.2192,10.3824,10.5456,10.7088,10.8719,11.0351,11.1983,11.3525,11.4759,11.5734,11.7056,11.8997,12.1286,12.3316,12.5125,12.7156,12.9444,13.1474,13.3195,13.4738,13.5971,13.6946,13.8179,13.9722,14.1354,14.2985,14.4706,14.6647,14.8538,15,15.172,15.392,15.595,15.7671,15.9214,16.0447,16.1422,16.2744,16.4596,16.6486,16.7949,16.9669,17.1869,17.3899,17.562,17.7341,17.9371,18.1659,18.369,18.5499,18.7529,18.9818,19.1759,19.3081,19.4056,19.5378,19.732,19.9786,20.2702,20.6135,20.9132,21.0941,21.2005,21.3238,21.4781,21.6413,21.8045,21.9676,22.1219,22.2452,22.3338,22.4084,22.4572,22.5059,22.5716

Position pixel : 24.1185,24.1931,24.2728,24.3473,24.3961,24.4448,24.5194,24.5991,24.6826,24.7712,24.8856,25,25.0886,25.1721,25.2607,25.3751,25.4895,25.587,25.7103,25.8557,25.9791,26.0765,26.1999,26.3541,26.5173,26.6805,26.8348,26.9581,27.0556,27.1789,27.3332,27.4964,27.6595,27.8227,27.977,28.1003,28.1889,28.2724,28.361,28.4754,28.5898,28.6873,28.8017,28.9162,29.0048,29.0793,29.1281,29.1768,29.2425,29.2912,29.34,29.4057,29.4455,29.4544,29.4544,29.4544,29.4544,29.4544,29.4544,29.4544,29.4544,29.4633,29.5032,29.5689,29.6087,29.6176,29.6265,29.6663,29.7409,29.8206,29.9041,29.9838,30.0584,30.1071,30.1558,30.2215,30.2703,30.3279,30.4335,30.5479,30.6365,30.72,30.7996,30.8831,30.9628,31.0463,31.126,31.2006,31.2493,31.2981,31.3726,31.4612,31.5846,31.7299,31.8622,32.0084,32.2372,32.4971,32.7179,32.9476,33.265,33.6482,34.0055,34.3009,34.5526,34.7904,34.9934,35.1655,35.3286,35.5007,35.7037,35.9415,36.1932,36.4708,36.7395,36.9515,37.1235,37.2867,37.4588,37.6529,37.8419,37.9792,38.1203,38.3056,38.4946,38.6319,38.7552,38.8608,38.9095

Brightness max : 520.36
Brightness min : 210.00
Feature direction : Antipoleward
Feature speed : Slow
Feature type : Curve
Start frame : 1
End frame : 180
Start time (s) : 0.000
End time (s) : 1491.560
Time step (s) : 8.333

