KYMOANALYSIS DATA

General Information :

Tiff path : E:\Google Drive\microtubule dynamics and cut7\20-15 screens and tests\gtb1-K5A\19-08-01&02 (gtb1-K5A, cut7-3GFP and MTs)\
Spindle type : Bipolar
Start frame : 1
End frame : 231
Start time (s) : 0.000
End time (s) : 2022.670
Time step (s) : 8.794
Num poles : 2
Num tracks : 3
Num tracks poleward : 0
Num tracks antipoleward : 2
Num tracks ambiguous : 1
Comments : {

}
Poles Information :


Pole number : 1

Time (s) : 88.458942,90.944653,93.981094,97.026842,100.71448,105.14448,109.63218,113.71238,117.00745,119.89503,122.63938,125.32603,127.62011,129.66486,131.95895,134.54512,136.83921,138.78349,140.62731,142.47113,144.31495,146.15877,148.00259,149.94688,152.24096,154.82714,157.12122,158.96504,160.3586,161.46006,162.95408,165.24816,168.2846,171.42151,174.36679,177.5037,180.64061,183.58589,186.82327,190.30997,193.54735,196.49263,199.73,203.31718,206.90435,210.04126,212.43581,214.38009,216.32438,218.71893,221.85584,225.44301,229.03018,232.16709,234.66211,237.05666,239.64284,242.03739,244.43194,247.11858,249.86293,252.54957,254.84365,256.78794,258.63176,260.47558,262.3194,264.16322,266.00704,267.85086,269.69468,271.5385,273.48278,275.6764,277.91278,280.01524,282.90282,286.83978,291.37025,296.15935,301.79127,308.41489,315.0385,320.67043,325.76093,331.84312,339.00815,345.28197,349.97991,354.61084,359.29017,362.97781,365.47282,367.51758,369.81166,372.39784,374.79239,377.18694,379.77312,382.26814,385.11295,388.44148,391.18583,393.33105,395.7256,398.76204,401.89895,404.84423,408.08161,411.66878,415.35642,419.04406,422.83216,427.07053,432.05126,437.58272,443.56444,449.63732,454.81899,459.41646,464.68928,470.01981,474.80891,479.33937,483.47727,487.26538,491.05349,495.09092,499.17112,503.01693,507.09713,511.13457,514.92267,518.61031,522.29795,525.98559,529.7737,533.9116,538.44206,543.1307,548.21189,553.64288,559.17434,564.7058,570.33772,576.31945,582.69373,589.12572,595.60047,602.03245,608.5072,614.83872,620.76274,626.00211,631.0833,636.1645,641.30339,646.67668,651.81558,657.09771,662.8785,668.70205,673.94141,679.22354,685.1048,691.57955,698.56226,706.43057,715.15664,724.86877,735.43865,746.6932,757.65565,767.97621,777.93766,787.05629,795.18324,803.10925,810.92548,817.40023,822.74937,829.12365,836.38916,843.02208,849.20473,855.27762,860.35881,864.30509,867.93502,871.2301,874.46748,877.70485,881.1004,885.08013,889.11757,892.8052,896.04258,899.08833,902.77597,907.1055,911.34387,915.58224,920.1127,924.80133,929.78206,934.66232,939.00116,943.13906,947.01833,949.86314,952.00836,954.40291,957.53982,961.12699,964.81463,968.4018,971.63918,974.48399,977.17064,979.46472,981.40901,983.35329,985.64738,988.23356,990.52764,992.47192,994.31574,996.15956,998.00338,999.94767,1002.2418,1004.8279,1007.122,1008.9658,1010.3594,1011.4609,1012.8544,1014.5978,1016.4416,1018.2854,1020.1292,1021.8726,1023.1657

Position (um) : 3.2397,3.2397,3.2397,3.2409,3.2476,3.2633,3.2832,3.3001,3.3123,3.3225,3.328,3.3292,3.3292,3.3292,3.3292,3.3292,3.3292,3.3292,3.3292,3.3292,3.3292,3.3292,3.3292,3.3292,3.3292,3.3292,3.3292,3.328,3.3225,3.3135,3.3068,3.3001,3.2899,3.279,3.2675,3.2554,3.2397,3.224,3.2119,3.2004,3.1895,3.1781,3.1659,3.1502,3.1358,3.1291,3.1266,3.1212,3.1122,3.1067,3.1055,3.1055,3.1055,3.1043,3.0988,3.0898,3.0843,3.0831,3.0819,3.0764,3.0674,3.0607,3.0541,3.0451,3.0396,3.0384,3.0372,3.0317,3.0227,3.0172,3.016,3.0148,3.0093,2.9991,2.9882,2.9767,2.9646,2.9477,2.9265,2.9029,2.8739,2.837,2.8002,2.7711,2.7463,2.7173,2.6817,2.6503,2.6302,2.6121,2.591,2.5698,2.5541,2.5474,2.5462,2.545,2.5395,2.5305,2.5251,2.5238,2.5238,2.5226,2.5172,2.5082,2.5027,2.5002,2.4948,2.4858,2.4791,2.4724,2.4634,2.4567,2.45,2.4398,2.4277,2.4108,2.3908,2.3751,2.3672,2.3606,2.3516,2.3449,2.3382,2.3292,2.3237,2.3225,2.3225,2.3225,2.3225,2.3225,2.3225,2.3225,2.3225,2.3225,2.3225,2.3225,2.3213,2.3158,2.3068,2.3013,2.2989,2.2934,2.2844,2.279,2.2765,2.2711,2.2621,2.2566,2.2554,2.2554,2.2542,2.2487,2.2397,2.233,2.2263,2.2161,2.204,2.1883,2.1738,2.1659,2.1592,2.1502,2.1435,2.1368,2.1278,2.1212,2.1145,2.1055,2.0988,2.0921,2.0831,2.0764,2.0697,2.0595,2.0486,2.0371,2.0262,2.016,2.0105,2.0093,2.0093,2.0093,2.0093,2.0093,2.0093,2.0093,2.0093,2.0093,2.0093,2.0093,2.0093,2.0093,2.0093,2.0081,2.0026,1.9936,1.9882,1.9869,1.9869,1.9869,1.9869,1.9869,1.9882,1.9948,2.0093,2.0238,2.0317,2.0384,2.0474,2.0528,2.054,2.054,2.054,2.0553,2.0607,2.0697,2.0752,2.0764,2.0764,2.0764,2.0764,2.0764,2.0764,2.0764,2.0764,2.0752,2.0697,2.0607,2.0553,2.054,2.054,2.054,2.054,2.0528,2.0474,2.0384,2.0329,2.0317,2.0317,2.0317,2.0317,2.0317,2.0317

Intensity : 1444.2967,1541.593,1660.446,1767.545,1795.3079,1790.1596,1752.4898,1733.9743,1710.0018,1688.4112,1691.1793,1702.1515,1713.7517,1724.0912,1735.0353,1710.976,1689.634,1671.5462,1654.393,1615.8841,1576.4044,1536.9247,1497.4451,1458.2029,1421.3916,1379.8932,1343.0818,1329.111,1346.0337,1370.1563,1388.6304,1402.4525,1441.5736,1516.5285,1596.4048,1712.6237,1870.1466,2033.2647,2164.6576,2280.4744,2350.832,2376.9695,2404.8519,2427.3185,2433.5164,2440.4117,2445.6547,2449.7978,2454.6623,2461.2567,2475.4652,2495.2583,2505.9052,2447.8815,2401.7714,2342.7702,2278.8455,2232.4729,2186.5295,2120.4188,2037.7466,1965.5737,1905.0375,1867.8186,1842.4167,1823.7492,1805.7283,1785.0505,1758.7314,1736.1892,1714.8638,1694.0798,1678.2616,1670.5593,1668.2302,1653.4335,1606.3063,1506.8092,1407.1076,1334.6038,1274.2244,1235.4612,1314.4148,1364.4205,1357.8044,1270.5985,1276.2957,1316.1737,1344.5413,1350.1773,1336.4378,1250.8118,1159.0061,1090.8931,1031.139,971.14422,910.38715,849.08722,816.19778,803.16256,789.44489,806.52845,854.58079,893.91662,939.43909,951.63461,965.51165,981.97231,1010.0505,1044.4162,1040.2204,996.70283,949.75877,908.50343,859.58719,794.3805,738.00504,698.45755,715.0856,703.44063,654.20806,636.10533,629.31131,588.86774,553.26562,546.95077,542.21253,546.20117,555.20216,561.36243,564.93499,566.90875,564.69767,562.54524,564.26425,566.26303,563.71984,557.35714,547.81093,533.58825,511.79503,484.66056,458.48756,441.52746,442.78478,446.45294,457.08986,475.5568,481.4934,478.17325,466.41734,446.39851,428.44088,414.53853,408.12154,404.83598,403.14544,396.7274,390.61366,389.70803,386.67879,382.44033,383.62842,384.98857,385.03291,388.98507,398.60852,402.22604,390.77924,403.78911,452.30837,535.5682,523.84181,509.10349,549.47328,647.74593,711.24615,743.64643,782.04376,903.08161,931.38484,944.78545,920.65272,791.56896,775.78315,803.36114,851.9022,897.01052,942.56848,972.11762,949.32002,926.52241,895.45404,851.31907,810.55913,777.11915,745.76142,748.39364,770.30177,777.74092,743.36566,707.28869,662.03853,608.24077,535.80972,516.35565,548.44201,582.31877,615.81653,641.99922,670.94512,703.90003,747.07161,750.95352,736.26968,728.67637,734.61456,739.5763,735.78313,720.40436,707.37051,694.33666,685.45736,692.30478,698.37881,704.72027,708.73906,701.4275,690.33254,673.94206,653.13915,632.35273,614.22314,600.84614,595.16573,595.34953,590.76004,579.44564,566.28524,553.12485,539.96445,531.00812,524.36498

Time pixel : 10.05876,10.34142,10.68669,11.03303,11.45235,11.95609,12.46639,12.93036,13.30504,13.63339,13.94546,14.25096,14.51182,14.74433,15.00519,15.29927,15.56013,15.78122,15.99088,16.20055,16.41021,16.61987,16.82954,17.05062,17.31148,17.60556,17.86642,18.07609,18.23455,18.3598,18.52969,18.79055,19.13582,19.49253,19.82744,20.18414,20.54084,20.87575,21.24388,21.64035,22.00848,22.34339,22.71152,23.11942,23.52732,23.88402,24.15631,24.37739,24.59848,24.87077,25.22747,25.63537,26.04327,26.39997,26.68368,26.95597,27.25005,27.52233,27.79462,28.10012,28.41218,28.71769,28.97855,29.19964,29.4093,29.61896,29.82862,30.03829,30.24795,30.45761,30.66727,30.87694,31.09802,31.34746,31.60176,31.84084,32.16919,32.61686,33.13203,33.6766,34.31701,35.07019,35.82337,36.46378,37.04263,37.73424,38.54898,39.26239,39.7966,40.32318,40.85527,41.2746,41.55831,41.79082,42.05169,42.34576,42.61805,42.89034,43.18441,43.46812,43.79161,44.1701,44.48217,44.7261,44.99839,45.34366,45.70037,46.03528,46.4034,46.8113,47.23063,47.64995,48.0807,48.56265,49.12902,49.75801,50.43819,51.12875,51.71796,52.24074,52.84032,53.44646,53.99104,54.5062,54.97673,55.40747,55.83822,56.29733,56.76129,57.1986,57.66256,58.12167,58.55242,58.97174,59.39107,59.81039,60.24114,60.71167,61.22683,61.75998,62.33777,62.95533,63.58432,64.21331,64.85372,65.53391,66.25874,66.99012,67.72638,68.45776,69.19401,69.91398,70.5876,71.18338,71.76117,72.33896,72.9233,73.53431,74.11866,74.71929,75.37663,76.03884,76.63461,77.23525,77.90401,78.64026,79.43427,80.32899,81.32124,82.42561,83.62753,84.90729,86.15385,87.32741,88.46014,89.49703,90.42115,91.32242,92.21122,92.94747,93.55572,94.28055,95.10672,95.86095,96.56399,97.25455,97.83233,98.28107,98.69383,99.06852,99.43665,99.80477,100.1909,100.6434,101.1025,101.5218,101.89,102.2363,102.6556,103.148,103.6299,104.1118,104.627,105.1602,105.7265,106.2815,106.7748,107.2454,107.6865,108.01,108.2539,108.5262,108.8829,109.2908,109.7101,110.118,110.4861,110.8096,111.1151,111.376,111.5971,111.8182,112.079,112.3731,112.634,112.8551,113.0647,113.2744,113.484,113.7051,113.966,114.2601,114.5209,114.7306,114.8891,115.0143,115.1728,115.371,115.5807,115.7903,116,116.1982,116.3453

Position pixel : 30.3628,30.3628,30.3628,30.3742,30.4369,30.5839,30.7707,30.9292,31.043,31.1388,31.19,31.2015,31.2015,31.2015,31.2015,31.2015,31.2015,31.2015,31.2015,31.2015,31.2015,31.2015,31.2015,31.2015,31.2015,31.2015,31.2015,31.19,31.1388,31.0544,30.9918,30.9292,30.8333,30.7309,30.6237,30.5098,30.3628,30.2158,30.1019,29.9947,29.8923,29.785,29.6712,29.5242,29.3885,29.3259,29.3031,29.2519,29.1675,29.1163,29.1048,29.1048,29.1048,29.0934,29.0422,28.9578,28.9066,28.8952,28.8837,28.8325,28.7481,28.6855,28.6229,28.5385,28.4873,28.4758,28.4644,28.4132,28.3288,28.2776,28.2662,28.2548,28.2036,28.1077,28.0053,27.8981,27.7842,27.6258,27.4275,27.2064,26.9342,26.5889,26.2436,25.9713,25.7388,25.4665,25.1327,24.8386,24.6507,24.4808,24.2826,24.0844,23.9373,23.8747,23.8633,23.8518,23.8006,23.7162,23.665,23.6536,23.6536,23.6422,23.591,23.5066,23.4554,23.4325,23.3813,23.2969,23.2343,23.1717,23.0872,23.0246,22.962,22.8661,22.7523,22.5939,22.407,22.26,22.186,22.1233,22.0389,21.9763,21.9137,21.8293,21.7781,21.7666,21.7666,21.7666,21.7666,21.7666,21.7666,21.7666,21.7666,21.7666,21.7666,21.7666,21.7552,21.704,21.6196,21.5684,21.5455,21.4943,21.4099,21.3587,21.3359,21.2847,21.2003,21.1491,21.1376,21.1376,21.1262,21.075,20.9906,20.928,20.8654,20.7695,20.6557,20.5087,20.373,20.299,20.2364,20.152,20.0893,20.0267,19.9423,19.8797,19.817,19.7326,19.67,19.6074,19.523,19.4603,19.3977,19.3019,19.1995,19.0922,18.9898,18.894,18.8428,18.8314,18.8314,18.8314,18.8314,18.8314,18.8314,18.8314,18.8314,18.8314,18.8314,18.8314,18.8314,18.8314,18.8314,18.8199,18.7687,18.6843,18.6331,18.6217,18.6217,18.6217,18.6217,18.6217,18.6331,18.6957,18.8314,18.967,19.041,19.1036,19.1881,19.2393,19.2507,19.2507,19.2507,19.2621,19.3133,19.3977,19.4489,19.4603,19.4603,19.4603,19.4603,19.4603,19.4603,19.4603,19.4603,19.4489,19.3977,19.3133,19.2621,19.2507,19.2507,19.2507,19.2507,19.2393,19.1881,19.1036,19.0524,19.041,19.041,19.041,19.041,19.041,19.041

Pole type : Curve
Start frame : 1
End frame : 231
Start time (s) : 0.000
End time (s) : 2022.670
Time step (s) : 8.794

Pole number : 2

Time (s) : 95.183022,96.476111,98.219464,100.16375,102.65877,106.24594,110.475,114.06217,116.55719,118.50148,120.3453,122.18912,124.03294,125.87676,127.72058,129.5644,131.40821,133.3525,135.64658,138.23276,140.52684,142.5716,144.86568,147.55233,150.39714,153.53405,156.67096,159.51577,162.30288,165.1477,168.2846,171.32105,173.7156,175.65988,177.60417,179.89825,182.48443,184.87898,187.27353,189.85971,192.25426,194.74928,197.78572,200.92263,203.96837,207.65601,212.08601,216.67418,221.20464,225.24207,228.47945,231.07494,233.91975,237.34875,240.64383,243.98167,247.46838,250.60528,252.99983,255.04459,257.33867,259.92485,262.21893,264.16322,266.10751,268.50206,271.63896,275.22614,278.91378,282.50095,285.73832,288.6836,291.82051,294.85695,297.35197,299.74652,302.43317,305.27798,308.41489,311.5518,314.49708,317.63398,320.67043,323.06498,325.00926,326.85308,328.79737,331.19192,334.22836,337.36527,340.31055,343.54793,347.1351,350.82274,354.61084,358.74874,363.27921,367.86737,372.49831,377.18694,382.16767,387.1484,392.03796,397.46895,403.19204,408.33094,412.96187,417.30071,421.98934,427.26216,432.30059,436.93152,441.06942,444.958,449.0959,453.72683,459.06666,465.99168,474.35864,483.02701,491.50375,500.07165,508.18929,515.37294,522.29795,529.02203,535.10422,540.53521,544.96521,547.91049,549.95524,551.79906,553.64288,555.4867,557.33052,559.17434,561.11863,563.51318,566.65009,570.03632,572.72297,574.47563,576.52038,579.45636,582.4928,584.88735,586.9321,589.32665,592.46356,595.95026,599.28811,602.58318,606.11265,609.40773,612.64511,615.78201,618.62683,621.41394,624.25875,627.49613,631.0833,634.87141,639.00931,643.43931,647.47674,650.81459,653.86033,657.4475,661.42724,665.27305,669.35325,673.59162,678.28025,683.55307,688.5915,693.3229,697.91107,702.542,707.0297,711.1099,714.60591,718.29355,722.17282,725.56836,729.00667,733.14457,738.1253,743.65676,749.53801,755.46203,761.25213,767.72688,775.00169,782.72676,790.1932,796.27539,801.36589,806.99782,813.52097,819.89525,825.78581,832.05963,838.33344,844.02307,849.49683,854.63572,859.71692,864.69765,869.28581,873.36602,876.96249,881.30133,886.82348,892.25447,897.24451,902.77597,908.94932,915.03151,921.11369,927.48798,933.91996,940.39472,946.72623,952.85119,958.89061,965.20719,971.34708,977.82184,984.54592,991.07837,997.35219,1002.8836,1007.6727,1012.2032,1016.2406,1019.5785,1022.4233,1025.1099,1027.404,1029.3483,1031.1921,1033.036,1034.8798,1036.7236,1038.5674,1040.3108,1041.6039

Position (um) : 3.3292,3.3292,3.3292,3.3292,3.3304,3.3359,3.3449,3.3503,3.3516,3.3516,3.3528,3.3582,3.3673,3.3727,3.3739,3.3739,3.3739,3.3739,3.3739,3.3739,3.3739,3.3739,3.3739,3.3739,3.3739,3.3739,3.3739,3.3739,3.3739,3.3739,3.3739,3.3739,3.3739,3.3739,3.3739,3.3739,3.3739,3.3739,3.3739,3.3739,3.3739,3.3739,3.3739,3.3739,3.3739,3.3739,3.3752,3.3806,3.3896,3.3963,3.403,3.4144,3.4308,3.4513,3.4677,3.4803,3.4925,3.5082,3.5226,3.5305,3.5372,3.5474,3.5584,3.5686,3.5753,3.582,3.5922,3.6043,3.62,3.6345,3.6412,3.6436,3.6491,3.6581,3.6635,3.6648,3.666,3.6714,3.6804,3.6859,3.6871,3.6884,3.6938,3.7028,3.7083,3.7095,3.7095,3.7095,3.7095,3.7095,3.7095,3.7095,3.7095,3.7095,3.7095,3.7095,3.7095,3.7095,3.7107,3.7162,3.7252,3.7319,3.7386,3.7476,3.753,3.7555,3.7609,3.7699,3.7754,3.7766,3.7766,3.7778,3.7833,3.7923,3.7978,3.799,3.799,3.8002,3.8069,3.8214,3.8358,3.8437,3.8504,3.8594,3.8661,3.8728,3.883,3.8952,3.9108,3.9265,3.9387,3.9501,3.961,3.9725,3.9834,3.9949,4.0058,4.0172,4.0282,4.0396,4.0505,4.062,4.0729,4.0843,4.0953,4.1055,4.1122,4.1201,4.1346,4.1502,4.1624,4.1738,4.1848,4.195,4.2004,4.2017,4.2029,4.2083,4.2174,4.2228,4.2253,4.2307,4.2397,4.2452,4.2464,4.2476,4.2531,4.2621,4.2676,4.2688,4.27,4.2755,4.2845,4.2899,4.2924,4.2978,4.3068,4.3123,4.3147,4.3202,4.3292,4.3347,4.3359,4.3359,4.3359,4.3359,4.3359,4.3359,4.3359,4.3371,4.3426,4.3516,4.357,4.3595,4.3649,4.374,4.3794,4.3819,4.3873,4.3963,4.4018,4.403,4.4042,4.4097,4.4187,4.4254,4.4321,4.4411,4.4465,4.4477,4.449,4.4544,4.4647,4.4756,4.4858,4.4925,4.4992,4.5094,4.5203,4.5305,4.536,4.5372,4.5372,4.5372,4.5372,4.5372,4.5372,4.5372,4.5384,4.5439,4.5529,4.5584,4.5596,4.5596,4.5596,4.5596,4.5596,4.5596,4.5596,4.5596,4.5596,4.5596,4.5596,4.5596,4.5596,4.5596,4.5596

Intensity : 1324.3584,1354.522,1378.7981,1402.6642,1426.7037,1443.1973,1464.3149,1496.8982,1522.811,1546.7378,1564.2679,1565.2759,1548.6107,1540.8534,1549.7133,1563.1688,1576.6243,1566.303,1543.9765,1518.8073,1496.4808,1460.8527,1419.1703,1370.3553,1323.0868,1281.5761,1240.0655,1222.9248,1232.892,1243.0654,1261.8275,1291.8638,1315.5505,1334.7833,1365.991,1404.6574,1448.247,1487.1146,1509.6464,1533.9814,1556.5132,1575.7667,1594.2914,1613.429,1629.9368,1647.9395,1660.5508,1643.339,1621.3087,1639.3262,1648.7282,1607.442,1547.7866,1482.0368,1447.6484,1436.9512,1437.08,1428.7152,1420.3249,1425.4309,1419.5508,1407.4448,1394.986,1379.677,1351.8202,1325.3008,1293.2566,1240.4301,1185.8992,1154.6619,1165.85,1183.6788,1215.9761,1259.1645,1298.444,1326.6818,1323.3056,1317.5603,1311.8837,1310.5269,1311.3672,1313.0077,1316.1403,1320.6272,1325.0285,1351.3187,1384.828,1426.0974,1477.0642,1442.075,1409.2232,1372.4713,1328.4436,1283.1828,1257.3727,1236.6992,1284.2422,1379.8582,1452.7458,1521.1546,1589.2608,1648.4432,1586.1413,1536.1696,1540.5297,1503.3029,1458.9841,1477.8545,1503.7069,1536.8304,1554.2532,1540.0853,1554.3734,1612.4593,1661.9046,1665.6964,1688.6955,1778.2083,1677.2139,1585.5791,1463.3005,1413.1381,1335.7194,1302.0158,1267.2185,1221.2738,1185.5243,1131.9827,1082.8198,1049.123,1025.6833,1002.7819,974.2219,954.61964,939.22092,926.41794,914.95135,908.90024,922.74854,942.93721,961.05652,970.48566,978.75391,991.09428,1015.9218,1042.2354,1063.4458,1088.6489,1108.3181,1131.6812,1150.906,1155.2526,1163.2712,1140.5226,1110.6819,1082.2153,1067.1217,1054.7773,1045.3222,1026.1367,1002.2185,982.7105,969.99389,966.96328,984.12851,998.32846,995.88994,996.44825,998.18671,999.47763,993.24306,962.25516,947.58362,1010.0557,1062.3865,1103.5295,1165.8565,1241.2272,1227.6184,1193.9998,1196.4068,1214.1715,1222.9949,1210.6059,1198.0609,1217.1283,1251.7281,1254.695,1246.3066,1224.9631,1204.0251,1201.7123,1216.8065,1222.0791,1343.0655,1448.3545,1526.9126,1615.5152,1617.2825,1586.6108,1565.588,1543.2972,1528.0201,1528.879,1544.0023,1555.2218,1558.6827,1594.7119,1635.5847,1659.695,1681.5113,1732.3004,1829.3663,1917.1371,1977.4698,1980.4561,1992.9179,2027.8962,2136.015,2248.4928,2325.4427,2315.7851,2233.584,2126.9455,2007.2412,1976.4978,1856.734,1706.9075,1634.2162,1631.4681,1668.192,1719.7388,1707.6703,1680.5546,1597.5799,1528.9828,1547.2975,1582.0013,1611.6343,1640.0823,1678.3645,1716.6468,1754.9291,1793.2114,1827.3843,1855.15,1875.7445

Time pixel : 10.82336,10.9704,11.16864,11.38973,11.67344,12.08134,12.56223,12.97013,13.25384,13.47493,13.68459,13.89426,14.10392,14.31358,14.52325,14.73291,14.94257,15.16366,15.42452,15.7186,15.97946,16.21197,16.47283,16.77834,17.10182,17.45852,17.81522,18.13871,18.45564,18.77912,19.13582,19.4811,19.75339,19.97448,20.19556,20.45643,20.7505,21.02279,21.29508,21.58915,21.86144,22.14515,22.49043,22.84713,23.19346,23.61279,24.11653,24.63826,25.15342,25.61252,25.98065,26.27578,26.59927,26.98918,27.36387,27.74342,28.1399,28.4966,28.76889,29.0014,29.26226,29.55634,29.8172,30.03829,30.25937,30.53166,30.88836,31.29626,31.71559,32.12349,32.49161,32.82653,33.18323,33.5285,33.81222,34.0845,34.39,34.71349,35.07019,35.42689,35.7618,36.11851,36.46378,36.73607,36.95716,37.16682,37.38791,37.66019,38.00547,38.36217,38.69708,39.06521,39.47311,39.89243,40.32318,40.79371,41.30887,41.8306,42.35719,42.89034,43.4567,44.02306,44.57906,45.19663,45.8474,46.43175,46.95834,47.45172,47.98487,48.58444,49.15737,49.68396,50.15448,50.59666,51.06718,51.59377,52.20097,52.98842,53.93984,54.92553,55.88942,56.86369,57.78675,58.60362,59.39107,60.15567,60.84728,61.46485,61.96859,62.3035,62.53601,62.74567,62.95533,63.165,63.37466,63.58432,63.80541,64.07769,64.4344,64.81945,65.12495,65.32425,65.55676,65.89061,66.23589,66.50817,66.74069,67.01297,67.36967,67.76615,68.1457,68.52039,68.92173,69.29641,69.66454,70.02124,70.34473,70.66165,70.98514,71.35327,71.76117,72.19192,72.66244,73.16618,73.62528,74.00483,74.35117,74.75907,75.21161,75.64892,76.11288,76.59483,77.12798,77.72756,78.30049,78.8385,79.36022,79.88681,80.39711,80.86108,81.25861,81.67794,82.11905,82.50517,82.89614,83.36666,83.93303,84.56202,85.23078,85.90441,86.56281,87.29906,88.12628,89.00471,89.85373,90.54534,91.12419,91.7646,92.50635,93.23118,93.901,94.6144,95.32781,95.97478,96.59721,97.18156,97.75934,98.32571,98.84743,99.3114,99.72036,100.2137,100.8417,101.4592,102.0266,102.6556,103.3576,104.0492,104.7408,105.4657,106.1971,106.9333,107.6533,108.3497,109.0365,109.7548,110.4529,111.1892,111.9538,112.6966,113.41,114.039,114.5836,115.0987,115.5578,115.9374,116.2609,116.5664,116.8272,117.0483,117.258,117.4676,117.6773,117.887,118.0966,118.2949,118.4419

Position pixel : 31.2015,31.2015,31.2015,31.2015,31.2129,31.2641,31.3485,31.3997,31.4111,31.4111,31.4225,31.4737,31.5582,31.6094,31.6208,31.6208,31.6208,31.6208,31.6208,31.6208,31.6208,31.6208,31.6208,31.6208,31.6208,31.6208,31.6208,31.6208,31.6208,31.6208,31.6208,31.6208,31.6208,31.6208,31.6208,31.6208,31.6208,31.6208,31.6208,31.6208,31.6208,31.6208,31.6208,31.6208,31.6208,31.6208,31.6322,31.6834,31.7678,31.8304,31.8931,32.0003,32.1539,32.3456,32.4992,32.6179,32.7317,32.8788,33.0144,33.0884,33.151,33.2469,33.3493,33.4451,33.5077,33.5704,33.6662,33.78,33.9271,34.0627,34.1253,34.1482,34.1994,34.2838,34.335,34.3464,34.3578,34.409,34.4934,34.5446,34.5561,34.5675,34.6187,34.7031,34.7543,34.7657,34.7657,34.7657,34.7657,34.7657,34.7657,34.7657,34.7657,34.7657,34.7657,34.7657,34.7657,34.7657,34.7771,34.8283,34.9128,34.9754,35.038,35.1224,35.1736,35.1965,35.2477,35.3321,35.3833,35.3947,35.3947,35.4061,35.4573,35.5418,35.593,35.6044,35.6044,35.6158,35.6784,35.814,35.9497,36.0237,36.0863,36.1707,36.2334,36.296,36.3918,36.5057,36.6527,36.7997,36.9136,37.0208,37.1232,37.2305,37.3329,37.4401,37.5425,37.6498,37.7522,37.8595,37.9619,38.0691,38.1715,38.2788,38.3812,38.477,38.5397,38.6137,38.7493,38.8964,39.0102,39.1174,39.2198,39.3157,39.3669,39.3783,39.3897,39.4409,39.5253,39.5765,39.5994,39.6506,39.735,39.7862,39.7976,39.8091,39.8603,39.9447,39.9959,40.0073,40.0187,40.0699,40.1543,40.2055,40.2284,40.2796,40.364,40.4152,40.438,40.4892,40.5737,40.6249,40.6363,40.6363,40.6363,40.6363,40.6363,40.6363,40.6363,40.6477,40.6989,40.7833,40.8345,40.8574,40.9086,40.993,41.0442,41.067,41.1182,41.2026,41.2538,41.2653,41.2767,41.3279,41.4123,41.4749,41.5376,41.622,41.6732,41.6846,41.696,41.7472,41.8431,41.9455,42.0413,42.1039,42.1665,42.2624,42.3648,42.4606,42.5118,42.5232,42.5232,42.5232,42.5232,42.5232,42.5232,42.5232,42.5347,42.5859,42.6703,42.7215,42.7329,42.7329,42.7329,42.7329,42.7329,42.7329,42.7329,42.7329,42.7329,42.7329,42.7329,42.7329,42.7329,42.7329,42.7329

Pole type : Curve
Start frame : 1
End frame : 231
Start time (s) : 0.000
End time (s) : 2022.670
Time step (s) : 8.794

Feature Information :


Feature number : 1

Time (s) : 500.8233,502.1164,503.8598,505.7036,507.4469,508.941,510.4927,512.6286,514.9227,517.3172,519.9034,522.1975,524.2422,526.5363,529.223,531.9673,534.654,536.948,538.8923,540.6357,542.0292,543.1307,544.6247,546.9188,549.9552,552.9917,555.4867,557.9817,561.1186,564.7058,568.3934,571.9806,575.1175,577.5121,579.5568,581.8509,584.5376,587.3824,590.6197,594.2069,597.7941,601.0315,603.9767,607.1136,610.1501,612.6451,615.0397,617.7263,620.4706,623.1573,625.4514,627.3957,629.2395,631.0833,632.9271,634.8714,637.1655,639.7517,642.0458,644.0905,646.3846,649.0712,651.8156,654.5022,656.7963,658.7406,660.5844,662.4282,664.3725,666.5661,668.702,670.2538,671.7478,673.4911,675.335,677.1788,678.9221,680.3157,681.4172,682.8107,684.4536,685.8472,686.8481,687.7914,688.692,689.6353,690.5358,691.4791,692.3796,693.3229,694.2234,695.0663,695.5165,695.617,695.617,695.617,695.617,695.617

Position (um) : 3.6188,3.6133,3.6043,3.5989,3.5964,3.591,3.5807,3.5698,3.5584,3.5474,3.536,3.5251,3.5136,3.5027,3.4925,3.4858,3.4791,3.4701,3.4646,3.4622,3.4567,3.4477,3.4411,3.4344,3.4241,3.4132,3.403,3.3963,3.3896,3.3806,3.3752,3.3727,3.3673,3.3582,3.3528,3.3516,3.3516,3.3516,3.3516,3.3516,3.3516,3.3516,3.3503,3.3449,3.3359,3.3304,3.3292,3.3292,3.3292,3.3292,3.3292,3.3292,3.3292,3.3292,3.3292,3.3292,3.3292,3.3292,3.3292,3.3292,3.3292,3.3292,3.3292,3.3292,3.3304,3.3359,3.3449,3.3516,3.3595,3.3752,3.3951,3.412,3.4254,3.4411,3.4567,3.4689,3.4803,3.4925,3.5094,3.5293,3.5462,3.5596,3.5765,3.5964,3.6133,3.6267,3.6436,3.6648,3.6884,3.715,3.7409,3.7609,3.7845,3.8147,3.8425,3.8661,3.8873,3.9029

Intensity : 848.2277,831.4246,810.1025,793.6825,782.2726,767.4038,746.0831,724.8888,702.2395,679.8268,662.7585,656.6949,654.7184,657.0942,656.3891,655.3836,655.4171,656.6643,665.4197,674.6047,680.3546,682.8414,688.952,687.6042,680.3649,674.6214,670.8031,667.5357,663.9263,660.6782,658.9834,659.1693,670.1263,678.717,685.9483,695.3191,707.2743,719.9333,720.4912,701.1521,681.8131,665.0477,650.1895,636.1613,628.2732,620.7869,612.5449,619.7313,631.5223,643.0653,649.5406,651.7037,653.7551,655.8064,657.8577,654.4594,649.4524,643.8078,638.716,631.6989,623.8262,614.6063,611.5976,618.8792,625.0448,630.4132,632.6649,632.673,633.5261,636.9254,642.9297,647.933,650.7132,654.3297,658.9857,663.669,659.5261,657.2827,657.7504,656.2992,651.479,647.8379,644.1353,640.7234,637.3271,633.4842,627.6656,621.3528,615.353,609.2809,604.4186,602.5299,602.9396,604.5917,606.917,619.7372,631.2325,639.7589

Time pixel : 56.9492,57.0962,57.2944,57.5041,57.7023,57.8722,58.0487,58.2916,58.5524,58.8247,59.1188,59.3796,59.6122,59.873,60.1785,60.4906,60.7961,61.0569,61.278,61.4763,61.6347,61.76,61.9299,62.1907,62.536,62.8813,63.165,63.4487,63.8054,64.2133,64.6326,65.0405,65.3972,65.6695,65.902,66.1629,66.4684,66.7919,67.16,67.5679,67.9758,68.3439,68.6789,69.0356,69.3808,69.6645,69.9368,70.2423,70.5544,70.8599,71.1208,71.3418,71.5515,71.7612,71.9708,72.1919,72.4528,72.7469,73.0077,73.2402,73.5011,73.8066,74.1187,74.4242,74.685,74.9061,75.1158,75.3254,75.5465,75.796,76.0388,76.2153,76.3852,76.5834,76.7931,77.0027,77.201,77.3594,77.4847,77.6431,77.83,77.9884,78.1022,78.2095,78.3119,78.4192,78.5216,78.6288,78.7312,78.8385,78.9409,79.0367,79.0879,79.0994,79.0994,79.0994,79.0994,79.0994

Position pixel : 33.9156,33.8644,33.78,33.7288,33.706,33.6548,33.5589,33.4565,33.3493,33.2469,33.1396,33.0372,32.93,32.8276,32.7317,32.6691,32.6065,32.5221,32.4709,32.448,32.3968,32.3124,32.2498,32.1871,32.0913,31.9889,31.8931,31.8304,31.7678,31.6834,31.6322,31.6094,31.5582,31.4737,31.4225,31.4111,31.4111,31.4111,31.4111,31.4111,31.4111,31.4111,31.3997,31.3485,31.2641,31.2129,31.2015,31.2015,31.2015,31.2015,31.2015,31.2015,31.2015,31.2015,31.2015,31.2015,31.2015,31.2015,31.2015,31.2015,31.2015,31.2015,31.2015,31.2015,31.2129,31.2641,31.3485,31.4111,31.4852,31.6322,31.819,31.9775,32.1027,32.2498,32.3968,32.5106,32.6179,32.7317,32.8902,33.077,33.2355,33.3607,33.5192,33.706,33.8644,33.9897,34.1482,34.3464,34.5675,34.8169,35.0598,35.2477,35.4688,35.7514,36.0123,36.2334,36.4316,36.5786

Brightness max : 806.88
Brightness min : 221.00
Feature direction : Ambiguous
Feature speed : Slow
Feature type : Curve
Start frame : 1
End frame : 231
Start time (s) : 0.000
End time (s) : 2022.670
Time step (s) : 8.794

Feature number : 2

Time (s) : 764.4895,765.6821,766.9752,768.0767,769.4702,771.1131,772.5067,773.5077,774.451,775.3515,776.2948,777.1953,778.1386,779.0391,779.882,780.4327,780.9834,781.7258,782.2765,782.8272,783.6701,784.5706,785.5139,786.4144,787.3577,788.2582,789.2015,790.102,791.0453,792.0463,793.4399,795.0828,796.3759

Position (um) : 4.0662,4.0595,4.0451,4.0294,4.016,3.9991,3.9792,3.9623,3.9501,3.9387,3.9265,3.9096,3.8897,3.8728,3.8594,3.8437,3.828,3.8147,3.799,3.7833,3.7699,3.753,3.7331,3.7162,3.7028,3.6859,3.666,3.6491,3.6369,3.6255,3.6146,3.6043,3.5989

Intensity : 836.041,816.2991,795.5635,779.2291,763.4786,746.0325,730.5164,719.6084,713.4705,712.6082,713.0749,714.508,717.1098,720.2574,723.5686,727.2037,728.8961,730.8803,732.5942,732.6601,724.3318,715.2283,704.704,687.052,671.1088,654.3287,636.247,620.427,606.6741,591.6902,571.8939,551.0329,536.343

Time pixel : 86.9309,87.0665,87.2136,87.3388,87.4973,87.6841,87.8426,87.9564,88.0637,88.1661,88.2733,88.3757,88.483,88.5854,88.6812,88.7438,88.8065,88.8909,88.9535,89.0161,89.112,89.2144,89.3216,89.424,89.5313,89.6337,89.741,89.8434,89.9506,90.0644,90.2229,90.4097,90.5568

Position pixel : 38.1089,38.0463,37.9107,37.7636,37.6384,37.4799,37.2931,37.1346,37.0208,36.9136,36.7997,36.6413,36.4545,36.296,36.1707,36.0237,35.8767,35.7514,35.6044,35.4573,35.3321,35.1736,34.9868,34.8283,34.7031,34.5446,34.3578,34.1994,34.0855,33.9783,33.8759,33.78,33.7288

Brightness max : 806.88
Brightness min : 221.00
Feature direction : Antipoleward
Feature speed : Slow
Feature type : Curve
Start frame : 1
End frame : 231
Start time (s) : 0.000
End time (s) : 2022.670
Time step (s) : 8.794

Feature number : 3

Time (s) : 844.9664,844.9664,844.9664,844.9664,845.0668,845.5171,846.2595,846.7097,846.8102,846.9107,847.3609,848.1033,848.5535,848.654,848.7545,849.3052,850.4978,851.7909,852.7919,853.7352,854.6357,855.4786,856.0293,856.58,857.3224,857.8731,858.4238,859.1662,859.7169,860.2677,861.1105,862.011,862.9543,863.8548,864.7981,865.6986,866.6419,867.5425,868.4858,869.3863,870.3296,871.3306,872.7241,874.4675,876.2108,877.6044,878.7058,879.9989,881.292,882.293,883.1358,883.5861

Position (um) : 3.5226,3.5069,3.4846,3.4567,3.4254,3.3975,3.3739,3.3503,3.3201,3.2766,3.2252,3.1817,3.1502,3.1212,3.0886,3.0541,3.016,2.9792,2.9501,2.9265,2.9041,2.8818,2.8606,2.8437,2.8291,2.808,2.7833,2.7645,2.7463,2.7252,2.7028,2.6804,2.6581,2.6345,2.6079,2.5819,2.5643,2.5517,2.5395,2.5226,2.5027,2.4858,2.4724,2.4555,2.4344,2.4132,2.3963,2.3829,2.3672,2.3516,2.3394,2.3292

Intensity : 367.6064,369.6317,372.3401,375.7099,379.4871,381.2537,381.9401,382.7451,383.8422,383.109,381.3118,379.49,377.6289,375.7686,373.783,372.4161,371.175,370.3649,370.8283,370.1419,369.6409,369.854,371.6924,373.5898,375.7186,379.048,383.4137,387.2567,390.5841,394.6532,400.1796,406.3222,411.7484,417.0273,423.8457,431.4853,438.8663,444.7618,450.6287,456.9217,463.9681,467.6233,469.7639,472.9731,480.6189,488.0113,493.6913,495.3415,493.7131,492.9,495.1083,499.5654

Time pixel : 96.08204,96.08204,96.08204,96.08204,96.09347,96.14467,96.22908,96.28028,96.2917,96.30313,96.35433,96.43874,96.48994,96.50137,96.51279,96.57542,96.71103,96.85807,96.97189,97.07916,97.18156,97.27739,97.34002,97.40264,97.48706,97.54968,97.61231,97.69672,97.75934,97.82197,97.91781,98.02021,98.12747,98.22987,98.33713,98.43953,98.54679,98.64919,98.75646,98.85886,98.96612,99.07994,99.23841,99.43665,99.63488,99.79335,99.91859,100.0656,100.2127,100.3265,100.4223,100.4735

Position pixel : 33.0144,32.8673,32.6577,32.3968,32.1027,31.8419,31.6208,31.3997,31.116,30.7081,30.2272,29.8193,29.5242,29.2519,28.9464,28.6229,28.2662,27.9209,27.6486,27.4275,27.2179,27.0082,26.81,26.6515,26.5148,26.3166,26.0851,25.9087,25.7388,25.5406,25.3309,25.1212,24.9116,24.6905,24.4411,24.1982,24.0332,23.9145,23.8006,23.6422,23.4554,23.2969,23.1717,23.0132,22.8149,22.6167,22.4582,22.333,22.186,22.0389,21.9251,21.8293

Brightness max : 806.88
Brightness min : 221.00
Feature direction : Antipoleward
Feature speed : Slow
Feature type : Curve
Start frame : 1
End frame : 231
Start time (s) : 0.000
End time (s) : 2022.670
Time step (s) : 8.794

