KYMOANALYSIS DATA

General Information :

Tiff path : E:\Google Drive\microtubule dynamics and cut7\20-15 screens and tests\gtb1-K5A\19-08-01&02 (gtb1-K5A, cut7-3GFP and MTs)\
Spindle type : Bipolar
Start frame : 1
End frame : 180
Start time (s) : 0.000
End time (s) : 1491.560
Time step (s) : 8.333
Num poles : 1
Num tracks : 4
Num tracks poleward : 0
Num tracks antipoleward : 0
Num tracks ambiguous : 4
Comments : {

}
Poles Information :


Pole number : 1

Time (s) : 16.29114,17.24469,18.53028,20.03812,22.21003,25.40272,28.92744,32.05291,34.84634,37.4916,39.80482,41.57061,43.00437,44.36404,45.72371,47.08338,48.51714,50.20885,52.11595,53.88174,55.72162,57.96076,60.1999,62.03977,63.87965,66.11879,68.43201,70.60393,72.99124,75.56241,77.87563,79.64142,81.14927,82.91506,85.30237,88.27966,91.54643,94.52373,96.91104,98.75091,100.5908,102.904,105.4752,107.7884,109.5542,110.988,112.4217,114.1134,116.0205,117.7122,119.146,120.5798,122.2715,124.1786,125.9444,127.7842,130.0975,132.6686,135.0559,137.0797,138.8029,140.4274,142.8147,145.9333,149.1329,152.7385,157.2168,161.7692,165.7069,169.5279,173.607,177.9439,182.2383,186.176,190.3291,195.1038,200.585,206.7865,212.8152,218.3279,223.3605,227.9197,232.479,237.4374,242.47,247.2872,252.1359,257.3592,263.1971,268.7771,273.6011,278.7819,284.6198,290.3906,295.9774,301.6741,307.3281,312.4773,317.4001,322.4752,327.7973,332.8724,337.647,341.9099,345.3989,348.4572,352.2783,357.1626,362.4532,367.4857,371.9709,376.0499,379.7969,383.3284,386.8532,389.7879,391.8185,393.8738,396.187,398.691,401.6998,405.0091,408.35,411.4013,414.2689,417.3202,420.5129,423.1582,424.9981,426.5059,428.2717,430.5108,432.75,434.5158,435.9495,437.3092,438.6689,440.1026,441.8684,444.0335,446.0887,448.0453,450.7221,454.0314,457.6302,460.897,463.475,465.9364,468.5076,470.8208,472.6607,474.5005,476.8138,479.3849,481.6982,483.6121,485.784,488.5706,491.2159,493.3878,495.369,497.0607,498.4944,499.8541,501.2138,502.5734,503.9331,505.2187,506.3204,507.3906,508.5596,509.2236,509.3718

Position (um) : 1.8223,1.8223,1.8214,1.8162,1.804,1.7884,1.7753,1.7658,1.7579,1.7536,1.7527,1.7527,1.7517,1.7475,1.7405,1.7362,1.7343,1.7301,1.7221,1.7127,1.7004,1.6882,1.6778,1.6656,1.6534,1.643,1.6308,1.6186,1.6082,1.596,1.5838,1.5743,1.5664,1.5602,1.5498,1.5315,1.516,1.5099,1.5089,1.5089,1.5089,1.5089,1.5089,1.5089,1.5089,1.5089,1.5089,1.5089,1.5089,1.5089,1.5089,1.5089,1.5089,1.5089,1.5089,1.5089,1.5089,1.5089,1.5089,1.508,1.5037,1.4958,1.4873,1.4784,1.468,1.4505,1.4271,1.4045,1.3819,1.3574,1.3358,1.3174,1.3,1.2826,1.2652,1.2468,1.2252,1.1998,1.1739,1.1485,1.1278,1.1137,1.1042,1.0963,1.0911,1.0859,1.0789,1.0746,1.0737,1.0737,1.0737,1.0737,1.0737,1.0737,1.0737,1.0737,1.0737,1.0737,1.0737,1.0737,1.0737,1.0746,1.0789,1.0859,1.0911,1.0972,1.1104,1.1311,1.1555,1.1772,1.1955,1.2129,1.2304,1.2478,1.2652,1.2816,1.2957,1.3095,1.3263,1.3452,1.3706,1.3993,1.4261,1.4515,1.4732,1.4915,1.5089,1.5263,1.5428,1.556,1.5664,1.5805,1.6002,1.6194,1.6298,1.636,1.644,1.6534,1.6656,1.6778,1.6882,1.7004,1.7136,1.7283,1.7475,1.763,1.7701,1.7762,1.7875,1.7988,1.8049,1.8111,1.8223,1.8345,1.844,1.8529,1.8623,1.8745,1.8868,1.8962,1.9051,1.9146,1.9268,1.939,1.9484,1.9573,1.9658,1.9748,1.9833,1.9922,2.0026,2.019,2.0373

Intensity : 945.52107,932.39841,915.1275,899.16719,870.22553,824.25507,774.75937,732.71767,721.2569,729.90711,736.62875,741.45439,748.60726,757.86439,769.59329,780.02922,789.42428,803.93741,834.2756,865.66373,895.64816,927.76017,940.44795,951.68112,966.09796,984.34863,1002.8647,1022.5761,1044.1079,1060.4994,1050.7756,1046.7974,1045.6098,1043.355,1060.1337,1094.3441,1129.6196,1134.654,1132.4873,1129.7455,1125.6375,1116.905,1107.1988,1098.4663,1086.1546,1074.1536,1062.1526,1047.9925,1032.0295,1025.6752,1024.2934,1022.9116,1021.2811,1019.4431,1016.989,1013.7641,1009.7094,1005.2026,1000.6056,996.94393,994.98883,994.16684,992.65412,1001.6262,1009.7026,1012.248,1020.0606,1052.8669,1088.7454,1116.1831,1171.1743,1228.1963,1286.1615,1324.6709,1339.077,1342.294,1352.5895,1396.6257,1464.2839,1488.3733,1481.1603,1480.5838,1482.1028,1473.7315,1469.0995,1485.9566,1502.9882,1527.3093,1563.4947,1594.6061,1614.2534,1612.3997,1602.1719,1596.3289,1525.1076,1432.2492,1338.0594,1254.7177,1186.8819,1181.0967,1188.0614,1206.4709,1191.7329,1178.9778,1164.1045,1154.2804,1158.9673,1182.9562,1212.3593,1229.2944,1194.6827,1149.8369,1086.4086,1023.8624,979.15152,941.05969,908.9211,894.19955,881.49193,873.27283,865.55388,856.38992,846.82049,856.27973,874.07896,903.67023,939.84108,968.19158,986.78845,985.36172,987.05298,992.18739,1001.7063,983.53611,970.59425,962.124,954.3314,947.68825,940.89205,925.13665,913.5517,906.31108,895.83606,884.27267,874.26899,869.98251,868.23082,866.97681,863.78355,862.13663,861.77921,862.33795,848.40221,831.15295,819.3838,810.07603,793.47407,776.45387,765.01833,760.48038,758.75024,759.98201,759.94847,756.15255,737.54445,718.04703,699.03024,681.5237,666.95285,653.2232,638.2625,630.07509,623.74371

Time pixel : 1.95508,2.06951,2.22379,2.40475,2.66539,3.04854,3.47154,3.84662,4.18186,4.49931,4.77692,4.98883,5.16089,5.32407,5.48724,5.65041,5.82247,6.02549,6.25436,6.46627,6.68707,6.95579,7.2245,7.44531,7.66611,7.93482,8.21243,8.47308,8.75957,9.06814,9.34574,9.55765,9.73861,9.95052,10.237,10.5943,10.9864,11.3437,11.6302,11.851,12.0718,12.3494,12.6579,12.9355,13.1474,13.3195,13.4916,13.6946,13.9235,14.1265,14.2985,14.4706,14.6736,14.9025,15.1144,15.3352,15.6128,15.9214,16.2079,16.4507,16.6575,16.8525,17.139,17.5132,17.8972,18.3299,18.8674,19.4137,19.8862,20.3448,20.8343,21.3548,21.8702,22.3427,22.8411,23.4141,24.0719,24.8162,25.5396,26.2012,26.8052,27.3523,27.8995,28.4945,29.0985,29.6766,30.2585,30.8853,31.5859,32.2556,32.8345,33.4562,34.1568,34.8494,35.5198,36.2035,36.882,37.5,38.0907,38.6998,39.3385,39.9475,40.5205,41.0321,41.4508,41.8179,42.2764,42.8626,43.4975,44.1014,44.6397,45.1292,45.5789,46.0027,46.4257,46.7779,47.0216,47.2682,47.5458,47.8463,48.2074,48.6046,49.0055,49.3717,49.7158,50.082,50.4652,50.7826,51.0034,51.1844,51.3963,51.665,51.9337,52.1456,52.3177,52.4809,52.644,52.8161,53.028,53.2878,53.5345,53.7693,54.0905,54.4877,54.9196,55.3116,55.621,55.9164,56.2249,56.5025,56.7233,56.9441,57.2217,57.5303,57.8079,58.0376,58.2983,58.6327,58.9501,59.2108,59.4485,59.6515,59.8236,59.9868,60.15,60.3131,60.4763,60.6306,60.7628,60.8912,61.0315,61.1112,61.129

Position pixel : 17.0789,17.0789,17.07,17.0212,16.9068,16.7614,16.6381,16.5495,16.4749,16.4351,16.4262,16.4262,16.4173,16.3774,16.3117,16.2719,16.2541,16.2143,16.1397,16.0511,15.9366,15.8222,15.7247,15.6103,15.4959,15.3984,15.284,15.1695,15.072,14.9576,14.8432,14.7546,14.68,14.6224,14.5249,14.3537,14.2083,14.1506,14.1418,14.1418,14.1418,14.1418,14.1418,14.1418,14.1418,14.1418,14.1418,14.1418,14.1418,14.1418,14.1418,14.1418,14.1418,14.1418,14.1418,14.1418,14.1418,14.1418,14.1418,14.1329,14.093,14.0184,13.9387,13.8553,13.7578,13.5946,13.3746,13.1627,12.9508,12.7219,12.5189,12.3469,12.1837,12.0205,11.8573,11.6853,11.4823,11.2445,11.0016,10.7639,10.5697,10.4375,10.3489,10.2744,10.2256,10.1769,10.1112,10.0713,10.0624,10.0624,10.0624,10.0624,10.0624,10.0624,10.0624,10.0624,10.0624,10.0624,10.0624,10.0624,10.0624,10.0713,10.1112,10.1769,10.2256,10.2832,10.4066,10.6007,10.8296,11.0326,11.2046,11.3678,11.531,11.6942,11.8573,12.0116,12.1438,12.2723,12.4303,12.6075,12.8453,13.114,13.3657,13.6035,13.8065,13.9786,14.1418,14.3049,14.4592,14.5825,14.68,14.8122,14.9975,15.1776,15.2751,15.3327,15.4073,15.4959,15.6103,15.7247,15.8222,15.9366,16.06,16.1973,16.3774,16.5228,16.5893,16.647,16.7525,16.8581,16.9157,16.9733,17.0789,17.1933,17.2819,17.3653,17.4539,17.5684,17.6828,17.7714,17.8549,17.9435,18.0579,18.1723,18.2609,18.3444,18.4241,18.5076,18.5872,18.6707,18.7682,18.9225,19.0937

Pole type : Curve
Start frame : 1
End frame : 180
Start time (s) : 0.000
End time (s) : 1491.560
Time step (s) : 8.333

Feature Information :


Feature number : 1

Time (s) : 186.3242,187.8321,190.8093,194.8074,198.4062,201.0583,203.5197,206.0909,208.4041,210.1699,211.6778,213.3695,215.2025,216.6362,217.8546,219.4297,221.0473,222.4811,223.8407,225.2745,226.9662,228.8733,230.565,232.0728,233.8386,236.1519,238.8712,241.9967,245.5955,249.1202,251.8395,253.6794,255.1873,256.9531,259.2663,261.9115,264.5568,266.87,268.784,270.8818,273.3363,275.4342,277.3481,279.5873,281.9746,284.6267,288.2255,292.2977,295.7552,298.5486,301.01,303.5139,306.3746,308.9458,310.7856,312.2935,313.9111,315.4121

Position (um) : 6.821,6.8324,6.861,6.9,6.9348,6.9627,6.988,7.0097,7.028,7.0445,7.0586,7.0733,7.0934,7.1142,7.1335,7.1542,7.1743,7.189,7.2031,7.2205,7.2422,7.2656,7.2831,7.2954,7.3128,7.3372,7.364,7.3937,7.4233,7.4492,7.4703,7.485,7.4991,7.5146,7.5278,7.5382,7.5504,7.5616,7.5678,7.573,7.58,7.5852,7.5913,7.6026,7.6139,7.6191,7.62,7.621,7.6252,7.6322,7.6365,7.6384,7.6426,7.6496,7.6539,7.6548,7.6548,7.6548

Intensity : 289.9785,293.133,299.4453,311.2541,324.9975,329.9906,333.2701,339.096,346.062,349.387,350.1542,352.1026,355.5582,359.6849,363.4974,368.7224,372.6078,377.1782,382.3507,387.5953,388.9979,388.6466,386.2176,385.0785,382.8462,377.9932,374.6345,368.1713,359.4504,354.3212,354.0942,352.9172,351.8845,351.191,351.1576,350.981,350.7738,350.4355,348.5334,346.714,343.9671,341.3714,338.3138,334.1119,330.1461,328.9843,330.8034,332.7943,333.6256,334.4445,334.6459,333.8012,332.8924,330.5523,325.2799,320.9062,316.2035,311.8399

Time pixel : 22.3605,22.5415,22.8988,23.3786,23.8104,24.1287,24.4241,24.7327,25.0103,25.2222,25.4031,25.6062,25.8261,25.9982,26.1444,26.3334,26.5276,26.6996,26.8628,27.0349,27.2379,27.4668,27.6698,27.8507,28.0626,28.3402,28.6666,29.0417,29.4736,29.8966,30.2229,30.4437,30.6247,30.8366,31.1142,31.4316,31.7491,32.0267,32.2564,32.5081,32.8027,33.0545,33.2842,33.5529,33.8394,34.1576,34.5895,35.0782,35.4932,35.8284,36.1238,36.4243,36.7676,37.0761,37.2969,37.4779,37.672,37.8522

Position pixel : 63.9271,64.0334,64.3022,64.6675,64.9939,65.2545,65.4923,65.6953,65.8674,66.0216,66.1539,66.2912,66.4802,66.6743,66.8553,67.0494,67.2384,67.3758,67.508,67.6712,67.8742,68.0941,68.2573,68.3726,68.5358,68.7646,69.0164,69.294,69.5716,69.8145,70.0124,70.1497,70.2819,70.4273,70.5506,70.6481,70.7625,70.8681,70.9257,70.9744,71.0401,71.0889,71.1465,71.2521,71.3576,71.4063,71.4152,71.4241,71.464,71.5297,71.5695,71.5873,71.6271,71.6928,71.7327,71.7416,71.7416,71.7416

Brightness max : 599.14
Brightness min : 214.00
Feature direction : Ambiguous
Feature speed : Slow
Feature type : Curve
Start frame : 1
End frame : 180
Start time (s) : 0.000
End time (s) : 1491.560
Time step (s) : 8.333

Feature number : 2

Time (s) : 13.94223,16.55595,20.80095,24.81689,28.18929,30.54506,32.12699,33.48667,34.99451,37.01825,39.54687,41.90264,43.95792,45.72371,47.48951,49.39661,51.1624,53.00228,55.3155,57.96076,60.75419,63.73148,66.74031,69.5022,72.10491,74.20273,76.19079,78.83604,81.95465,84.67399,86.99407,90.00977,94.67876,100.5839,105.7263,109.074,111.6163,115.0738,119.6193,123.5502,126.3505,129.218,132.8909,137.1538,141.4482,145.2377,148.7267,152.1842,155.8571,159.4559,162.6555,165.9291,169.86,173.9321,176.9835,179.0456,181.1435,183.598,185.6958,187.5357,189.4428,191.1345,193.0128,196.2906,200.5287

Position (um) : 4.8343,4.8343,4.8353,4.8395,4.8465,4.8508,4.8517,4.8527,4.8569,4.8639,4.8682,4.8691,4.8691,4.8691,4.8691,4.8691,4.8691,4.8691,4.8691,4.8691,4.8691,4.8701,4.8743,4.8814,4.8866,4.8918,4.8988,4.903,4.904,4.904,4.9049,4.9092,4.9171,4.9256,4.9336,4.9378,4.9397,4.9449,4.9562,4.9684,4.9788,4.992,5.0084,5.0258,5.0433,5.0597,5.0729,5.0833,5.0955,5.1077,5.1181,5.1313,5.1468,5.1599,5.1694,5.1773,5.1825,5.1877,5.1947,5.199,5.1999,5.1999,5.199,5.1947,5.1877

Intensity : 761.90515,767.16518,757.02871,746.17518,760.55243,771.66407,779.59549,785.80924,787.06308,788.51613,791.56774,797.17464,817.73692,835.40303,853.06914,872.14901,887.73356,902.85623,921.8695,943.61188,974.08931,1007.3189,1039.0845,1071.3504,1101.5156,1124.2484,1142.5506,1169.948,1205.7679,1229.1891,1240.4641,1250.3193,1239.5498,1214.3389,1180.0449,1160.4122,1146.8714,1125.3821,1078.939,1035.9294,992.84759,935.10902,870.10196,809.08222,754.43765,708.30681,670.73341,665.06314,677.50355,691.42847,706.25123,714.77242,689.9201,658.83541,632.23934,612.84128,594.92971,573.82577,548.57619,527.41851,506.47969,488.09017,481.60354,479.63669,475.21124

Time pixel : 1.67319,1.98686,2.49629,2.97824,3.38296,3.66567,3.85552,4.01869,4.19964,4.44251,4.74596,5.02868,5.27533,5.48724,5.69915,5.92802,6.13993,6.36073,6.63833,6.95579,7.29102,7.64832,8.00941,8.34086,8.65321,8.90496,9.14355,9.461,9.83526,10.1616,10.44,10.8019,11.3623,12.0709,12.6881,13.0898,13.3949,13.8098,14.3553,14.8271,15.1631,15.5073,15.948,16.4596,16.975,17.4298,17.8485,18.2634,18.7042,19.1361,19.5201,19.9129,20.3847,20.8733,21.2395,21.487,21.7388,22.0333,22.2851,22.5059,22.7348,22.9378,23.1632,23.5566,24.0652

Position pixel : 45.3077,45.3077,45.3165,45.3564,45.4221,45.4619,45.4708,45.4797,45.5196,45.5853,45.6251,45.634,45.634,45.634,45.634,45.634,45.634,45.634,45.634,45.634,45.634,45.6429,45.6827,45.7484,45.7972,45.8459,45.9116,45.9515,45.9603,45.9603,45.9692,46.0091,46.0837,46.1634,46.238,46.2778,46.2956,46.3443,46.4499,46.5643,46.6618,46.7851,46.9394,47.1026,47.2657,47.42,47.5433,47.6408,47.7552,47.8697,47.9672,48.0905,48.2359,48.3592,48.4478,48.5224,48.5711,48.6198,48.6855,48.7254,48.7343,48.7343,48.7254,48.6855,48.6198

Brightness max : 599.14
Brightness min : 214.00
Feature direction : Ambiguous
Feature speed : Slow
Feature type : Curve
Start frame : 1
End frame : 180
Start time (s) : 0.000
End time (s) : 1491.560
Time step (s) : 8.333

Feature number : 3

Time (s) : 132.0114,133.7031,136.4156,139.1349,141.713,144.5736,147.1448,148.9847,150.4925,152.1842,154.1654,156.2633,158.5765,160.8897,162.9875,165.0428,167.1406,169.4538,171.7671,173.8649,175.8461,177.5378,179.0456,180.7373,182.7185,184.8164,187.2778,190.181,193.1157,195.6196,198.081,200.7263,203.3716,205.6848,207.5987,209.7707,212.5572,215.1284,216.9683,218.4761,220.1678,222.149,224.1728,226.0799,227.3654

Position (um) : 4.1901,4.1901,4.1901,4.1892,4.184,4.1727,4.1615,4.1563,4.1553,4.1544,4.1501,4.1431,4.1389,4.137,4.1327,4.1257,4.1205,4.1143,4.1031,4.0909,4.0805,4.0683,4.0561,4.0457,4.0334,4.0203,4.0066,3.9916,3.9831,3.9812,3.9812,3.9812,3.9812,3.9812,3.9812,3.9812,3.9812,3.9812,3.9812,3.9812,3.9803,3.976,3.969,3.9648,3.9638

Intensity : 340.0366,337.2741,338.4618,339.7457,341.3359,336.8384,332.7864,329.1268,327.518,328.8883,330.4552,331.9697,333.3416,333.0941,333.0168,333.2705,334.2188,337.3186,341.1221,345.1036,350.1266,356.6654,363.3787,368.178,373.7898,378.277,383.5138,390.8174,409.5426,434.6701,459.2074,484.5163,507.0957,526.8409,543.1782,548.3734,546.5546,544.8763,540.4073,523.8832,505.519,484.4175,462.8808,438.4038,419.8758

Time pixel : 15.8425,16.0455,16.371,16.6974,17.0068,17.3501,17.6586,17.8794,18.0604,18.2634,18.5012,18.7529,19.0305,19.3081,19.5599,19.8066,20.0583,20.3359,20.6135,20.8653,21.103,21.3061,21.487,21.69,21.9278,22.1795,22.4749,22.8233,23.1755,23.476,23.7714,24.0889,24.4063,24.6839,24.9136,25.1743,25.5087,25.8173,26.0381,26.219,26.422,26.6598,26.9027,27.1315,27.2858

Position pixel : 39.2703,39.2703,39.2703,39.2614,39.2127,39.1071,39.0016,38.9528,38.9439,38.935,38.8952,38.8295,38.7897,38.7719,38.732,38.6663,38.6176,38.56,38.4544,38.34,38.2425,38.1281,38.0136,37.9162,37.8017,37.6784,37.55,37.4097,37.33,37.3122,37.3122,37.3122,37.3122,37.3122,37.3122,37.3122,37.3122,37.3122,37.3122,37.3122,37.3033,37.2635,37.1978,37.1579,37.149

Brightness max : 599.14
Brightness min : 214.00
Feature direction : Ambiguous
Feature speed : Slow
Feature type : Curve
Start frame : 1
End frame : 180
Start time (s) : 0.000
End time (s) : 1491.560
Time step (s) : 8.333

Feature number : 4

Time (s) : 24.2409,24.1193,24.8769,26.2239,27.0573,27.2388,27.1591,26.9892,26.7506,26.5365,26.5473,26.681,26.3368,25.6029,25.2945,25.5048,25.5679,25.2089,24.6076,24.1121,23.8321,23.9602,24.2467,24.4588,25.3163,26.7429,28.3762,29.84,30.9914,31.9913,32.8032,33.4874,34.0228,34.5512,35.1122,36.0258,37.7669,40.5634,42.6406,44.3699,46.0144,47.5979,49.3282,51.5723,53.9195,56.1215,58.3418,60.8208,63.576,66.3499,69.0508,71.4284,73.5134,75.4912,77.4391,79.3606,81.2601,83.1415,85.0082,86.8632,88.6346,90.0659

Position (um) : 2.3227,2.3252,2.3404,2.3619,2.3872,2.4168,2.4479,2.4814,2.5184,2.5561,2.5947,2.6306,2.6608,2.6883,2.717,2.7493,2.7777,2.8001,2.8221,2.8468,2.8775,2.912,2.9482,2.9568,2.9768,3.0091,3.0497,3.0903,3.1277,3.1612,3.1892,3.2143,3.2422,3.2682,3.2891,3.3106,3.3455,3.3954,3.4281,3.4571,3.4804,3.4986,3.5171,3.5365,3.5564,3.5732,3.588,3.6051,3.6247,3.6412,3.6539,3.6651,3.6758,3.6859,3.6955,3.7047,3.7135,3.722,3.7303,3.7384,3.7463,3.7541

Intensity : 518.1865,516.6988,521.763,520.3532,517.9954,515.5114,512.9886,514.1787,516.4456,518.7182,526.023,533.536,539.5787,548.1052,558.3901,570.4831,580.999,588.494,592.5654,596.9677,605.4177,614.293,624.1994,627.6532,636.085,637.509,635.2429,632.488,624.1224,616.1695,609.6343,602.0787,591.7775,582.4557,575.2077,567.959,555.1684,536.3387,521.3261,507.5601,497.4192,490.042,483.5567,471.7326,458.518,447.8422,438.5709,429.7854,421.4837,412.2099,416.1223,421.0346,425.2433,429.3874,433.6931,437.5795,441.0804,444.2218,445.4753,446.089,446.0238,445.5711

Time pixel : 2.90911,2.89452,2.98544,3.14709,3.24711,3.26889,3.25932,3.23893,3.2103,3.18461,3.18591,3.20195,3.16064,3.07257,3.03555,3.06079,3.06837,3.02529,2.95312,2.89366,2.86006,2.87543,2.90982,2.93526,3.03817,3.20938,3.40539,3.58105,3.71923,3.83923,3.93666,4.01878,4.08303,4.14644,4.21376,4.3234,4.53235,4.86795,5.11723,5.32477,5.52212,5.71215,5.91981,6.18912,6.47081,6.73506,7.00152,7.29902,7.62966,7.96256,8.28669,8.57202,8.82223,9.0596,9.29335,9.52396,9.75191,9.97769,10.2017,10.4243,10.6369,10.8087

Position pixel : 21.7681,21.7916,21.9344,22.1362,22.3728,22.6508,22.942,23.2557,23.6022,23.9557,24.3176,24.6544,24.9369,25.1948,25.464,25.7663,26.0329,26.2427,26.449,26.6808,26.9678,27.2911,27.6308,27.7113,27.8988,28.2016,28.5823,28.9627,29.3131,29.6272,29.8895,30.1248,30.3858,30.6302,30.8259,31.0269,31.3541,31.822,32.1285,32.4001,32.6182,32.7895,32.9627,33.1448,33.3311,33.4885,33.6267,33.7871,33.9712,34.1259,34.245,34.35,34.4497,34.5443,34.6343,34.7204,34.803,34.8829,34.9605,35.0363,35.1107,35.1838

Brightness max : 599.14
Brightness min : 214.00
Feature direction : Ambiguous
Feature speed : Slow
Feature type : Curve
Start frame : 1
End frame : 180
Start time (s) : 0.000
End time (s) : 1491.560
Time step (s) : 8.333

