KYMOANALYSIS DATA

General Information :

Tiff path : E:\Google Drive\microtubule dynamics and cut7\20-15 screens and tests\cut7-tail delete\20-01-17 cut7tailD-GFP, pkl1D, MTs\
Spindle type : Bipolar
Start frame : 1
End frame : 54
Start time (s) : 0.000
End time (s) : 451.260
Time step (s) : 8.514
Num poles : 2
Num tracks : 1
Num tracks poleward : 0
Num tracks antipoleward : 0
Num tracks ambiguous : 1
Comments : {

}
Poles Information :


Pole number : 1

Time (s) : 8.577502,8.795418,9.210665,9.83662,10.63663,11.43863,12.09386,12.64673,13.20159,13.88605,14.8489,16.0901,17.41434,18.55509,19.35368,20.01534,20.92214,22.21939,23.53193,24.53548,25.24128,25.79807,26.27573,26.76871,27.46887,28.42756,29.5568,30.6824,32.33043,35.14166,38.64435,41.66688,44.21831,47.87164,53.17235,58.73792,62.98618,66.08742,68.89833,71.24812,73.41261,75.79402,78.25852,80.91507,84.03426,86.86992,89.06653,91.31418,94.319,98.6089,103.6696,108.6462,113.173,116.455,118.3807,120.1143,122.2906,124.3716,126.0416,127.9918,130.5928,133.5621,136.6738,139.83,143.1391,146.5696,150.1577,154.0232,157.8947,161.5289,164.8768,167.8357,170.4191,172.8762,175.3493,177.7171,179.6297,181.3858,183.6016,185.9875,188.2397,190.5031,192.8243,195.1051,197.431,199.7384,201.9334,203.9353,205.8181,207.9809,210.6112,213.3719,215.7054,217.6215,219.3206,220.7371,222.2168,223.916,225.72,227.3842,228.6849,230.0468,232.2656,235.567,239.3168,242.9522,246.0314,248.2677,249.4542,250.2547,251.5764,253.4204,255.195,256.6957,257.8924,259.0256,260.5459,262.5369,264.4466,266.1265,267.6717,269.2421,270.9859,272.8922,274.8079,276.5866,278.3262,280.0157,281.5518,283.0245,284.6293,286.3849,288.1472,290.0484,292.074,294.0124,295.9922,298.0395,300.1091,302.2178,304.2099,306.0334,307.7159,309.3546,310.8749,312.3934,314.1093,315.8398,317.438,319.0803,320.7938,322.5574,324.4468,326.3171,328.0628,329.8132,331.7718,333.7804,335.5983,337.3182,339.1438,341,342.8974,344.9154,346.929,348.7202,350.1374,351.2445,352.5082,354.1624,356.081,358.0936,360.103,361.9911,364.0046,366.3442,368.9724,371.64,374.2063,376.5675,378.6695,380.5882,382.1885,383.3916,384.4721,385.6367,386.679,387.3248,387.6997,388.1012,388.5892,389.1291,389.7785,390.5818,391.4364,392.3555,393.4954,394.6969,395.835,397.3837,399.8496,402.8195,405.8228,408.6119,411.1194,413.0406,414.327,415.2288,415.9563,416.7619,417.7569,418.7264,419.6463,420.7422,422.2744,424.7328,428.171,432.0102,435.9064,439.6451,443.0932,446.1062,448.6301,450.4279,451.4747,452.1275,452.8823,453.9305,454.9679,455.7807,456.4335,457.2279,457.9376

Position (um) : 4.495,4.4929,4.4914,4.4899,4.4879,4.4865,4.4851,4.4829,4.4805,4.4783,4.4773,4.4771,4.4761,4.4743,4.4734,4.4729,4.4704,4.465,4.459,4.4542,4.4509,4.4495,4.4481,4.4451,4.4419,4.4392,4.4354,4.4293,4.4198,4.4054,4.3868,4.3704,4.357,4.3362,4.3048,4.272,4.2479,4.232,4.2191,4.2073,4.1949,4.1799,4.1629,4.144,4.1219,4.1022,4.0878,4.0743,4.0539,4.0238,3.9892,3.9552,3.9252,3.9045,3.8933,3.884,3.8711,3.8584,3.8502,3.8414,3.8281,3.8126,3.7954,3.7771,3.7574,3.7363,3.7134,3.6872,3.6589,3.6312,3.605,3.5815,3.5609,3.5406,3.5187,3.4976,3.4816,3.4691,3.4536,3.4338,3.4121,3.3877,3.3625,3.3395,3.3172,3.2956,3.2759,3.2585,3.241,3.2214,3.1998,3.1783,3.1596,3.143,3.1295,3.1205,3.1107,3.0974,3.0825,3.0686,3.056,3.0396,3.013,2.9785,2.9445,2.9126,2.884,2.8629,2.8523,2.8456,2.8359,2.8231,2.8109,2.8018,2.7945,2.7874,2.7773,2.7638,2.7522,2.7417,2.7306,2.7186,2.7038,2.6878,2.672,2.6551,2.6363,2.6178,2.6022,2.5884,2.573,2.5554,2.5368,2.5159,2.4932,2.4707,2.4481,2.4249,2.4029,2.3828,2.3641,2.3458,2.3285,2.3126,2.2978,2.2838,2.2689,2.2543,2.2412,2.2284,2.2144,2.1989,2.1811,2.1624,2.1439,2.125,2.1033,2.081,2.0611,2.0431,2.0238,2.003,1.9815,1.9583,1.9352,1.915,1.9002,1.889,1.8742,1.8545,1.833,1.8103,1.7855,1.7602,1.7334,1.7056,1.6765,1.6473,1.6183,1.5911,1.5677,1.5464,1.5276,1.5138,1.5034,1.4931,1.4831,1.4752,1.4694,1.4639,1.4575,1.4502,1.439,1.4235,1.408,1.3949,1.381,1.3684,1.3563,1.3364,1.3039,1.2663,1.2321,1.2048,1.1822,1.1645,1.1532,1.1462,1.1408,1.1352,1.128,1.12,1.1104,1.0976,1.0802,1.0534,1.0157,0.97373,0.92973,0.88477,0.84301,0.80719,0.77779,0.75725,0.74582,0.73805,0.72815,0.71514,0.70269,0.69162,0.68257,0.67385,0.66536

Intensity : 860.7564,861.9884,863.023,864.181,865.7748,867.0844,868.3241,870.0269,871.3469,872.011,872.9061,874.0048,873.0918,867.9187,864.3082,861.2722,857.8163,854.0154,850.9858,849.3189,848.3163,847.2485,846.7193,847.0348,846.9516,845.8541,844.9522,845.4099,846.4091,841.7673,825.4898,809.7829,805.6593,811.3436,812.6354,803.2759,803.4663,809.4041,812.3355,805.0454,800.639,798.4857,800.2035,796.2131,793.8232,782.285,768.6677,755.7787,746.2354,747.8056,760.3178,788.3165,796.5602,798.8515,802.1064,807.7949,818.7978,831.5062,842.5388,854.0869,843.427,834.7371,829.833,828.7474,833.3873,833.8123,813.8029,801.8935,804.7725,816.4099,805.9737,801.7283,803.8398,803.0829,805.6347,799.13,796.475,794.848,796.1542,802.2752,805.5033,789.0765,779.5003,777.4734,783.0862,785.3959,786.7028,793.2334,792.2942,793.3242,801.1815,797.8826,798.7695,802.8283,809.7771,817.9592,821.6838,822.7979,818.7906,816.244,815.8351,816.2788,814.6305,816.07,803.2708,791.7007,794.0965,785.916,781.6831,779.94,779.3036,781.3121,786.0117,787.1291,788.6344,791.2201,796.5011,798.8614,798.7178,791.1818,785.5852,781.7516,779.8346,779.4418,777.3692,772.6893,769.3881,770.9053,774.3286,777.8752,785.7651,795.3688,800.6774,809.2611,815.551,826.7527,837.9853,838.8596,834.5786,836.2784,842.4585,850.7123,840.9818,832.0488,827.0479,825.3521,827.2,831.5998,837.1782,835.8276,835.71,837.3372,833.6172,825.0228,820.7155,815.7747,809.7674,797.474,789.1992,785.436,783.5483,777.1404,776.2862,782.7343,796.875,812.2042,808.972,805.4532,803.4972,805.2869,813.4719,822.8289,813.4107,810.5143,814.7448,824.9934,801.1326,790.5709,793.1968,783.2456,769.3993,764.4089,765.7722,768.548,766.6833,765.4863,758.5929,754.3839,751.7555,749.67,747.6798,745.986,744.1366,743.1166,744.3729,744.8853,742.6899,738.6371,736.5315,735.2198,741.0667,729.1721,711.7762,708.1807,714.9539,720.8866,724.7704,729.1365,733.4138,738.9634,745.9141,753.0563,760.6139,771.3531,790.2508,818.5061,833.8871,865.9198,866.8441,849.1301,847.2847,815.6256,804.7774,805.5506,807.0182,798.8043,788.8991,777.2891,767.6501,759.7306,753.9062,749.7917,746.1083

Time pixel : 1.00742,1.03301,1.08178,1.1553,1.24926,1.34345,1.42041,1.48535,1.55051,1.6309,1.74399,1.88977,2.04529,2.17928,2.27307,2.35078,2.45728,2.60964,2.7638,2.88167,2.96456,3.02996,3.08606,3.14396,3.22619,3.33879,3.47141,3.60361,3.79717,4.12735,4.53874,4.89373,5.19339,5.62247,6.24503,6.8987,7.39766,7.7619,8.09203,8.36802,8.62223,8.90193,9.19138,9.50339,9.86973,10.2028,10.4608,10.7248,11.0777,11.5815,12.1759,12.7604,13.292,13.6775,13.9037,14.1073,14.3629,14.6073,14.8034,15.0325,15.338,15.6867,16.0522,16.4229,16.8115,17.2144,17.6359,18.0899,18.5446,18.9714,19.3646,19.7121,20.0155,20.3041,20.5946,20.8727,21.0973,21.3036,21.5638,21.844,22.1086,22.3744,22.647,22.9149,23.1881,23.4591,23.7169,23.952,24.1731,24.4271,24.7361,25.0603,25.3344,25.5594,25.759,25.9253,26.0991,26.2987,26.5106,26.706,26.8588,27.0187,27.2793,27.6671,28.1075,28.5345,28.8961,29.1588,29.2981,29.3921,29.5474,29.764,29.9724,30.1486,30.2892,30.4223,30.6008,30.8347,31.059,31.2563,31.4377,31.6222,31.827,32.0509,32.2759,32.4848,32.6891,32.8875,33.068,33.2409,33.4294,33.6356,33.8426,34.0659,34.3038,34.5314,34.764,35.0044,35.2475,35.4952,35.7291,35.9433,36.1409,36.3334,36.5119,36.6903,36.8918,37.095,37.2827,37.4756,37.6769,37.884,38.1059,38.3256,38.5306,38.7362,38.9662,39.2021,39.4157,39.6177,39.8321,40.0501,40.2729,40.5099,40.7464,40.9568,41.1233,41.2533,41.4017,41.596,41.8213,42.0577,42.2937,42.5155,42.752,43.0267,43.3354,43.6487,43.9501,44.2274,44.4743,44.6997,44.8876,45.0289,45.1558,45.2926,45.415,45.4909,45.5349,45.5821,45.6394,45.7028,45.7791,45.8734,45.9738,46.0817,46.2156,46.3567,46.4904,46.6723,46.9619,47.3107,47.6635,47.991,48.2855,48.5112,48.6623,48.7682,48.8536,48.9482,49.0651,49.179,49.287,49.4157,49.5957,49.8844,50.2882,50.7391,51.1967,51.6358,52.0408,52.3947,52.6911,52.9023,53.0252,53.1019,53.1905,53.3136,53.4355,53.5309,53.6076,53.7009,53.7843

Position pixel : 42.1276,42.1079,42.0938,42.0799,42.061,42.0476,42.0345,42.0137,41.9915,41.9712,41.9617,41.9593,41.9503,41.9335,41.9249,41.9205,41.8972,41.8459,41.7905,41.7447,41.714,41.7008,41.6878,41.6601,41.6298,41.6047,41.569,41.5116,41.423,41.2881,41.1131,40.9597,40.8338,40.6394,40.345,40.0371,39.8113,39.6626,39.5414,39.4309,39.3148,39.1745,39.0152,38.8377,38.631,38.4457,38.3116,38.1842,37.993,37.7114,37.3875,37.0687,36.7869,36.593,36.4881,36.4009,36.2802,36.1609,36.0842,36.0023,35.8774,35.7316,35.5712,35.3996,35.2145,35.0171,34.8019,34.557,34.2918,34.0317,33.7866,33.566,33.3734,33.1824,32.9777,32.78,32.6295,32.5125,32.3677,32.1815,31.9785,31.7501,31.5137,31.2984,31.089,30.8862,30.7024,30.5388,30.3753,30.1915,29.9888,29.7876,29.6119,29.4567,29.3303,29.2454,29.1541,29.0292,28.8893,28.759,28.6408,28.4873,28.2379,27.9146,27.596,27.297,27.0291,26.8309,26.7324,26.6695,26.5785,26.458,26.3443,26.2589,26.1901,26.1239,26.0293,25.9029,25.7934,25.695,25.5915,25.4793,25.3405,25.1906,25.0419,24.8836,24.7077,24.5343,24.3878,24.2586,24.1143,23.9496,23.7749,23.5795,23.3664,23.1553,22.9439,22.7268,22.5199,22.3316,22.1562,21.9846,21.8232,21.6735,21.5355,21.4037,21.2643,21.1274,21.0049,20.8848,20.7537,20.6084,20.4414,20.2657,20.0926,19.916,19.7126,19.5032,19.3166,19.1484,18.9668,18.7726,18.5712,18.3536,18.137,17.9474,17.8091,17.704,17.5653,17.3804,17.179,16.9663,16.7337,16.4963,16.2458,15.9852,15.7127,15.4385,15.167,14.9119,14.693,14.4932,14.3167,14.1873,14.0903,13.9935,13.8995,13.8257,13.7709,13.72,13.66,13.5915,13.4865,13.3411,13.1958,13.0728,12.9426,12.8243,12.7111,12.5248,12.22,11.8674,11.5475,11.2911,11.0798,10.9135,10.808,10.7421,10.6914,10.6392,10.5713,10.4965,10.4069,10.2866,10.1241,9.87225,9.51962,9.1259,8.71353,8.29214,7.90074,7.56502,7.28954,7.09699,6.98987,6.91708,6.82424,6.70239,6.58566,6.48191,6.39711,6.31538,6.23579

Pole type : Curve
Start frame : 1
End frame : 54
Start time (s) : 0.000
End time (s) : 451.260
Time step (s) : 8.514

Pole number : 2

Time (s) : 10.5914,10.99506,12.03698,14.14922,16.78544,18.79777,20.24399,21.52167,22.47085,23.33905,24.39836,25.32238,25.93559,26.398,26.86052,27.42754,28.16674,29.03374,30.05182,31.36977,32.97552,34.46374,35.53131,36.83108,39.04697,41.80815,44.6183,47.46189,50.50454,53.80833,57.01019,60.00923,63.11718,66.30001,69.51284,72.66169,75.88839,79.19639,82.56455,86.13815,90.03836,94.25737,98.09359,100.7354,102.4658,104.4992,107.7241,111.4413,114.8903,118.3118,121.4257,125.9214,132.3019,137.7373,141.3659,144.238,146.5707,148.6581,150.1735,151.1017,152.1094,153.4081,154.4606,155.6406,157.7269,160.3249,162.4035,163.9424,164.9865,165.6142,166.0899,166.8399,168.4777,171.2484,174.8865,179.0694,182.1892,183.709,184.7165,185.8542,186.7202,187.3311,188.5338,191.7121,196.9934,202.1514,205.701,207.6779,209.104,210.4149,211.5294,212.6716,214.8077,218.3775,222.062,224.7688,227.5331,231.0872,234.5482,237.7755,240.2469,241.7899,243.0032,244.07,245.1619,246.799,249.0852,251.2903,253.1785,254.8777,257.1891,260.7314,264.7304,267.7229,269.5975,271.3106,273.2323,274.6665,275.6507,276.711,277.8283,278.971,280.7512,283.2748,285.2587,286.5333,287.7853,289.3504,290.6869,291.5845,292.5593,294.2377,296.4781,298.1507,299.1371,300.0285,301.0964,302.0024,302.7344,303.9235,305.9441,308.3786,311.7413,317.0677,322.933,327.4755,331.7789,337.6421,347.4745,359.3273,367.6256,371.4483,373.4987,375.3561,377.3408,379.092,380.6638,382.0417,383.4097,385.6265,389.4483,394.1049,398.7606,403.4871,408.3346,413.4971,418.5341,424.0784,429.8756,434.5574,437.3856,439.1227,441.0379,443.1805,445.0355,446.8112,448.55,450.4925,452.3502,453.4777,454.1303,454.8154,455.5585,456.1395,456.4807,456.762,456.9967

Position (um) : 6.7247,6.7253,6.7255,6.7248,6.7232,6.7225,6.7227,6.7233,6.7239,6.7245,6.725,6.7256,6.7262,6.7268,6.7274,6.728,6.7287,6.7293,6.7299,6.7306,6.7312,6.7319,6.7326,6.7332,6.7339,6.7346,6.7354,6.7361,6.7368,6.7376,6.7384,6.7392,6.74,6.7408,6.7416,6.7424,6.7433,6.7442,6.745,6.7459,6.7468,6.7477,6.7486,6.7495,6.7504,6.7514,6.7523,6.7535,6.7557,6.7587,6.7609,6.7621,6.7629,6.7638,6.7646,6.7654,6.7661,6.7668,6.7675,6.7682,6.7688,6.7693,6.7699,6.7703,6.7708,6.7711,6.7714,6.7717,6.7719,6.7721,6.7721,6.7728,6.7749,6.777,6.779,6.781,6.7829,6.7848,6.7866,6.7884,6.7902,6.7919,6.7933,6.7934,6.7913,6.7882,6.7861,6.7861,6.7874,6.7891,6.7908,6.7925,6.7942,6.7959,6.7977,6.7996,6.8015,6.8034,6.8054,6.8075,6.8096,6.8118,6.814,6.8164,6.8187,6.8212,6.8237,6.8263,6.8289,6.8316,6.8343,6.8371,6.8399,6.8427,6.8455,6.8483,6.8511,6.8539,6.8567,6.8594,6.8621,6.865,6.8691,6.875,6.8807,6.8845,6.8868,6.8887,6.8904,6.8919,6.8932,6.8944,6.8953,6.896,6.8965,6.8968,6.8968,6.8966,6.897,6.901,6.9047,6.908,6.9108,6.9133,6.9154,6.9172,6.9186,6.9198,6.9208,6.9216,6.9223,6.9228,6.9237,6.9255,6.9285,6.9318,6.9353,6.9388,6.9429,6.9484,6.9564,6.9662,6.977,6.9864,6.9921,6.9954,6.9982,7.0013,7.0045,7.0078,7.0111,7.0145,7.0181,7.023,7.0298,7.0378,7.046,7.0547,7.0628,7.0687,7.0741,7.0793,7.0832,7.0854,7.0865,7.0858,7.0834

Intensity : 2406.2592,2409.742,2420.6788,2445.0071,2476.4867,2492.45,2501.8366,2509.5744,2515.0668,2519.9992,2526.224,2531.5179,2533.9746,2535.2614,2536.5308,2538.3008,2540.9039,2544.1147,2548.0442,2553.4218,2560.1792,2558.3258,2541.4101,2521.1086,2487.4044,2445.7895,2415.2804,2388.9144,2360.8473,2335.8473,2312.8211,2297.2175,2319.8205,2343.0196,2359.3729,2366.3951,2373.6714,2354.9296,2328.2306,2305.8,2297.772,2290.7501,2292.562,2293.7756,2295.0982,2300.197,2308.5406,2309.7352,2279.8032,2249.8118,2240.9653,2239.4546,2234.3488,2230.6539,2231.0844,2231.4015,2223.6633,2214.7629,2208.2784,2204.2698,2199.9393,2195.8194,2201.2902,2207.4656,2218.4729,2232.2359,2243.1537,2251.0479,2256.4192,2259.657,2262.1106,2266.0615,2274.9343,2286.0054,2291.0208,2295.6526,2283.3851,2278.0729,2274.989,2271.4181,2269.0204,2267.692,2263.196,2248.8295,2228.3733,2225.8718,2215.5225,2203.3009,2195.7305,2189.1244,2183.7224,2178.1345,2180.8505,2186.8557,2191.1249,2188.1887,2185.3827,2182.1023,2180.4106,2179.1446,2183.7693,2188.6511,2193.0437,2197.2286,2201.4459,2206.3599,2191.6735,2176.413,2163.4008,2146.4961,2142.6679,2147.3886,2143.0736,2107.8141,2085.2212,2064.7131,2049.3634,2045.6146,2042.8023,2040.149,2037.7007,2035.3948,2032.4675,1997.9986,1969.2662,1951.3074,1934.0654,1912.7912,1906.6683,1903.5636,1900.2153,1894.3858,1886.6038,1880.8561,1877.5166,1874.4674,1870.7359,1867.4856,1865.0742,1862.5953,1857.5568,1858.1664,1861.384,1861.6076,1854.9007,1822.5026,1787.8248,1766.7773,1704.5645,1678.8832,1663.3277,1645.4716,1637.0033,1633.0634,1633.5487,1635.5051,1638.7411,1640.8547,1642.9634,1636.5103,1624.163,1633.1475,1666.6838,1675.3647,1664.8473,1677.7175,1679.1339,1640.3622,1611.1325,1592.4258,1580.2367,1575.9271,1570.9964,1568.4511,1576.2136,1587.1053,1596.5803,1603.8664,1613.4018,1622.3036,1631.1832,1639.9246,1646.1275,1649.2876,1650.78,1648.8311,1643.6131

Time pixel : 1.24395,1.29136,1.41373,1.66181,1.97143,2.20778,2.37763,2.5277,2.63918,2.74115,2.86556,2.97409,3.04611,3.10042,3.15474,3.22133,3.30815,3.40998,3.52955,3.68435,3.87294,4.04773,4.17311,4.32577,4.58602,4.91032,5.24037,5.57435,5.9317,6.31973,6.69579,7.04802,7.41304,7.78686,8.16421,8.53404,8.91301,9.30153,9.69712,10.1168,10.5749,11.0704,11.521,11.8313,12.0345,12.2733,12.6521,13.0887,13.4937,13.8956,14.2613,14.7893,15.5387,16.1771,16.6033,16.9406,17.2146,17.4597,17.6377,17.7467,17.8651,18.0176,18.1412,18.2798,18.5249,18.83,19.0741,19.2549,19.3775,19.4512,19.5071,19.5952,19.7875,20.1129,20.5402,21.0315,21.3979,21.5764,21.6948,21.8284,21.9301,22.0018,22.1431,22.5164,23.1367,23.7425,24.1594,24.3915,24.559,24.713,24.8439,24.9781,25.2289,25.6482,26.0809,26.3989,26.7235,27.1409,27.5474,27.9265,28.2167,28.398,28.5405,28.6658,28.794,28.9863,29.2548,29.5138,29.7355,29.9351,30.2066,30.6226,31.0923,31.4438,31.6639,31.8651,32.0908,32.2593,32.3749,32.4994,32.6306,32.7648,32.9739,33.2703,33.5033,33.653,33.8001,33.9839,34.1409,34.2463,34.3608,34.5579,34.821,35.0175,35.1333,35.238,35.3635,35.4699,35.5558,35.6955,35.9328,36.2187,36.6137,37.2393,37.9281,38.4616,38.9671,39.6557,40.8105,42.2026,43.1772,43.6262,43.867,44.0852,44.3183,44.5239,44.7086,44.8704,45.031,45.2914,45.7403,46.2872,46.834,47.3891,47.9585,48.5648,49.1564,49.8075,50.4884,51.0383,51.3705,51.5745,51.7994,52.0511,52.2689,52.4775,52.6817,52.9099,53.128,53.2605,53.3371,53.4176,53.5049,53.5731,53.6132,53.6462,53.6738

Position pixel : 63.0247,63.0299,63.0323,63.0253,63.0103,63.0033,63.0059,63.0113,63.0166,63.0221,63.0275,63.033,63.0386,63.0442,63.0499,63.0556,63.0614,63.0673,63.0733,63.0793,63.0854,63.0916,63.098,63.1044,63.1109,63.1175,63.1243,63.1312,63.1382,63.1453,63.1525,63.1599,63.1674,63.175,63.1828,63.1907,63.1987,63.2068,63.215,63.2233,63.2316,63.2401,63.2486,63.2571,63.2657,63.2743,63.2828,63.2941,63.3148,63.3434,63.3639,63.3748,63.3828,63.3906,63.3981,63.4055,63.4125,63.4193,63.4257,63.4318,63.4375,63.4428,63.4477,63.4521,63.4561,63.4595,63.4625,63.4649,63.4669,63.4682,63.469,63.4749,63.4949,63.5144,63.5334,63.5519,63.57,63.5876,63.6048,63.6216,63.6381,63.6543,63.6675,63.6682,63.6485,63.6192,63.5994,63.5997,63.6124,63.6279,63.6436,63.6594,63.6756,63.692,63.7089,63.7261,63.7438,63.762,63.7808,63.8001,63.82,63.8405,63.8616,63.8833,63.9057,63.9287,63.9522,63.9763,64.001,64.0261,64.0516,64.0775,64.1036,64.13,64.1565,64.183,64.2094,64.2357,64.2616,64.2871,64.3121,64.3391,64.3776,64.4326,64.4866,64.5219,64.5436,64.5611,64.5771,64.5914,64.604,64.6146,64.6233,64.63,64.6346,64.637,64.6371,64.6351,64.6389,64.6763,64.7111,64.7419,64.7688,64.792,64.8117,64.8283,64.842,64.8533,64.8624,64.8699,64.876,64.8814,64.889,64.9061,64.9344,64.9649,64.9978,65.0308,65.0695,65.1212,65.1963,65.2874,65.3887,65.4773,65.5304,65.561,65.588,65.6166,65.6466,65.6775,65.709,65.7406,65.7745,65.8199,65.884,65.9584,66.0358,66.1169,66.1928,66.2488,66.2986,66.3476,66.3843,66.4047,66.4149,66.4083,66.3859

Pole type : Curve
Start frame : 1
End frame : 54
Start time (s) : 0.000
End time (s) : 451.260
Time step (s) : 8.514

Feature Information :


Feature number : 1

Time (s) : 152.0316,152.2965,152.5847,152.8516,153.2672,153.8315,154.3513,154.7899,155.2051,155.6202,156.0351,156.4732,157.0155,157.7529,158.6756,159.7123,160.7388,161.694,162.6179,163.7812,165.1974,166.743,168.588,170.8113,173.0342,174.9248,176.7706,179.0391,181.5836,184.039,186.3298,188.3439,190.0714,191.6676,193.2227,195.0506,197.2492,199.7709,202.5112,205.3694,208.3286,211.3149,214.3559,217.2832,220.0509,222.9582,226.1271,229.0684,231.4219,233.5634,236.321,239.6704,243.2174,246.8967,250.8016,254.5148,257.9452,261.4625,265.1084,268.8686,272.6088,276.0443,279.1071,281.4699,283.3194,285.4505,287.9955,290.6677,293.427,296.2159,298.8366,301.1874,303.3897,305.4,307.0781,308.5458,310.2213,311.9594,313.5166,315.3224,317.5798,320.003,322.2991,324.3963,326.0938,327.6326,329.9032,333.086,336.7395,340.7208,345.1087,349.9025,354.6205,358.8522,362.0831,364.4462,366.8724,369.5519,372.0731,374.3154,376.3258,378.1134,379.6328,381.0108,382.5441,384.3595,386.4117,388.64,390.895,393.085,395.2869,397.5848,400.0657,402.688,405.4824,408.3674,411.2438,414.2311,417.2167,420.0415,422.7558,425.4494,428.4235,431.5421,434.4993,437.3777,440.1124,442.5871,444.8222,446.877,448.8995,450.8869,452.5298,453.7966,455.0943,456.3779,457.2841,457.8648,458.2588

Position (um) : 4.4683,4.4654,4.4623,4.4591,4.4561,4.4531,4.4511,4.449,4.446,4.4429,4.4397,4.4363,4.4317,4.4259,4.4187,4.4106,4.4034,4.3972,4.3913,4.3851,4.3776,4.3679,4.3568,4.3458,4.336,4.3281,4.3202,4.3105,4.2993,4.2879,4.2765,4.2651,4.2542,4.2454,4.2382,4.2291,4.2166,4.2011,4.1829,4.1626,4.1418,4.1202,4.0959,4.0709,4.0482,4.027,4.0054,3.9854,3.9684,3.9529,3.9333,3.9089,3.8831,3.8571,3.8308,3.8063,3.7828,3.7583,3.7306,3.6965,3.6621,3.6293,3.5987,3.5733,3.5522,3.5272,3.4984,3.47,3.4418,3.413,3.3851,3.3595,3.3361,3.3142,3.2935,3.2743,3.2548,3.2352,3.2162,3.193,3.1649,3.1358,3.1074,3.0796,3.0552,3.034,3.0087,2.9768,2.9398,2.8982,2.8537,2.8068,2.7624,2.7232,2.6937,2.6725,2.6515,2.6291,2.6074,2.5878,2.5717,2.5583,2.5468,2.5356,2.5217,2.5042,2.4844,2.4607,2.436,2.4137,2.3926,2.3706,2.346,2.3189,2.29,2.2626,2.2365,2.2085,2.1801,2.1536,2.1285,2.104,2.0782,2.0535,2.0306,2.0054,1.979,1.9565,1.9392,1.9232,1.9048,1.8861,1.8721,1.8623,1.8528,1.8438,1.8379,1.8356,1.8349

Intensity : 434.401,434.9848,435.5663,436.2203,436.4817,436.2427,435.7725,435.4796,435.5323,435.625,435.7408,435.835,436.0302,436.1169,436.0661,435.8598,435.2757,434.4635,434.5708,434.409,434.1384,434.5823,434.8863,433.8779,431.4799,429.4928,427.7825,426.3161,428.5837,431.0255,433.5877,433.9368,432.6712,431.0951,429.0457,426.9444,426.6244,427.4559,428.4066,426.8628,419.2774,412.9309,413.7275,420.8636,427.6495,429.7532,428.4913,428.3819,432.0683,436.5206,440.4614,444.0877,448.3408,455.1582,456.7572,455.7879,452.6835,449.9137,446.7809,438.6653,436.2636,436.2737,436.1201,438.8009,440.1321,443.2588,446.026,448.7055,449.4925,451.5132,450.1934,450.7581,453.1604,457.2294,458.6276,458.6381,459.4798,461.4739,464.7287,467.7704,469.3918,474.0347,481.2348,482.4338,477.733,475.3476,474.8838,475.1687,472.1912,474.5773,479.1649,483.4582,479.2151,467.4464,455.3678,448.9954,443.1318,439.9341,439.0264,439.9955,441.2013,442.8648,443.3557,444.1393,445.346,445.8234,446.3025,447.7309,447.0814,446.8602,448.1073,450.281,453.2984,446.1712,441.1523,439.4772,437.7543,433.5217,430.5322,430.6357,433.6054,435.937,435.2138,437.1234,440.8224,433.6835,428.0471,425.304,422.3726,421.0673,417.4321,414.0487,411.4363,409.8608,408.6678,407.9072,407.6099,407.6454,407.7852

Time pixel : 17.8559,17.8871,17.9209,17.9523,18.0011,18.0673,18.1284,18.1799,18.2287,18.2774,18.3262,18.3776,18.4413,18.5279,18.6363,18.758,18.8786,18.9908,19.0993,19.2359,19.4023,19.5838,19.8005,20.0616,20.3227,20.5447,20.7615,21.0279,21.3268,21.6152,21.8842,22.1208,22.3237,22.5112,22.6938,22.9085,23.1667,23.4629,23.7847,24.1204,24.468,24.8187,25.1759,25.5197,25.8447,26.1862,26.5584,26.9038,27.1803,27.4318,27.7556,28.149,28.5656,28.9977,29.4564,29.8925,30.2954,30.7085,31.1367,31.5783,32.0176,32.4211,32.7808,33.0583,33.2756,33.5259,33.8248,34.1386,34.4627,34.7902,35.098,35.3741,35.6328,35.8689,36.066,36.2384,36.4352,36.6393,36.8222,37.0343,37.2994,37.584,37.8537,38.1,38.2994,38.4801,38.7468,39.1206,39.5497,40.0173,40.5326,41.0957,41.6498,42.1468,42.5263,42.8038,43.0888,43.4035,43.6996,43.9629,44.1991,44.409,44.5875,44.7493,44.9294,45.1426,45.3836,45.6454,45.9102,46.1674,46.426,46.6959,46.9873,47.2953,47.6235,47.9623,48.3001,48.651,49.0017,49.3334,49.6522,49.9686,50.3179,50.6841,51.0315,51.3695,51.6907,51.9814,52.2439,52.4852,52.7228,52.9562,53.1491,53.2979,53.4503,53.6011,53.7075,53.7757,53.822

Position pixel : 41.8775,41.8502,41.8214,41.7913,41.7624,41.7351,41.7156,41.6961,41.6686,41.6395,41.6092,41.5773,41.5346,41.4796,41.4122,41.3369,41.2693,41.2113,41.1558,41.0975,41.0269,40.9359,40.8326,40.7291,40.6377,40.5637,40.4896,40.3979,40.2937,40.1868,40.0797,39.9725,39.8706,39.7878,39.7208,39.635,39.518,39.3726,39.2026,39.0125,38.817,38.6146,38.3869,38.1526,37.94,37.741,37.5388,37.3514,37.1917,37.0468,36.8634,36.6345,36.3923,36.1491,35.9027,35.6728,35.4529,35.2229,34.9635,34.6437,34.321,34.0145,33.7271,33.4894,33.2911,33.0573,32.787,32.5215,32.2568,31.9872,31.7259,31.4859,31.266,31.0605,30.8668,30.6874,30.5038,30.3204,30.1424,29.925,29.6619,29.3888,29.1227,28.862,28.6333,28.435,28.1976,27.8992,27.5524,27.1623,26.7448,26.3057,25.8897,25.5221,25.2453,25.0467,24.8501,24.6398,24.4371,24.2531,24.1019,23.977,23.8686,23.764,23.6334,23.47,23.2836,23.0615,22.8302,22.6216,22.424,22.2178,21.9872,21.7328,21.4619,21.2052,20.9611,20.6979,20.4325,20.1838,19.9483,19.7184,19.4775,19.2454,19.0311,18.7951,18.5477,18.3363,18.1742,18.0239,17.8516,17.6764,17.5452,17.454,17.3642,17.2806,17.2251,17.203,17.1969

Brightness max : 723.49
Brightness min : 273.00
Feature direction : Ambiguous
Feature speed : Slow
Feature type : Curve
Start frame : 1
End frame : 54
Start time (s) : 0.000
End time (s) : 451.260
Time step (s) : 8.514

