KYMOANALYSIS DATA

General Information :

Tiff path : E:\Google Drive\microtubule dynamics and cut7\20-15 screens and tests\cut7-tail delete\20-01-17 cut7tailD-GFP, pkl1D, MTs\
Spindle type : Bipolar
Start frame : 1
End frame : 126
Start time (s) : 0.000
End time (s) : 1058.410
Time step (s) : 8.467
Num poles : 2
Num tracks : 3
Num tracks poleward : 0
Num tracks antipoleward : 0
Num tracks ambiguous : 3
Comments : {

}
Poles Information :


Pole number : 1

Time (s) : 13.71383,16.13005,19.90249,22.61808,24.00265,25.00494,26.00722,27.0095,28.01178,29.01407,30.01635,30.96402,31.72154,32.26567,32.77844,33.32257,34.02548,34.783,35.57189,36.48819,37.22247,37.78985,38.33398,39.0915,40.03917,41.09606,42.39772,44.0483,45.69888,47.00053,48.11204,49.41369,51.1735,53.42282,56.1303,59.08253,62.08938,64.987,67.50433,69.64948,71.81283,73.76278,75.52764,77.88619,81.24197,85.14187,89.151,93.16013,97.11464,100.879,104.3754,107.5956,110.4437,113.315,116.4574,119.5684,122.1717,124.4756,126.6936,128.7295,130.7027,132.4393,134.0089,135.5553,137.3152,139.2651,141.2697,143.2742,145.388,147.8821,150.7484,153.5964,156.6579,159.959,162.9659,165.6784,168.576,171.4423,173.8322,176.1594,178.6535,181.4156,184.3132,187.1299,189.9233,192.8442,195.5831,197.9912,199.8602,201.6564,204.2233,207.0663,209.6696,212.2416,215.035,218.2006,221.5069,225.0578,228.9264,232.5583,235.5884,238.1421,241.3674,245.9702,251.6299,257.8884,264.5504,271.267,277.8794,284.4868,290.4408,294.8585,298.3337,302.3974,307.3491,312.579,318.4653,325.195,331.0216,335.413,339.2634,343.2412,347.227,351.2594,355.2999,359.4678,363.4769,367.3273,371.2504,375.0462,378.9198,383.1191,387.6409,392.439,397.6638,403.1101,408.6889,414.4892,420.6616,426.8655,432.7153,437.6954,441.6863,445.4193,448.9703,452.6305,456.853,461.5418,466.6311,472.218,478.7677,486.3046,494.6121,502.2996,509.4713,518.9783,531.4568,544.6402,556.7849,567.9375,577.5284,585.2756,591.6747,597.4669,602.7544,607.789,612.5324,616.9451,620.6549,623.5029,625.7209,627.2673,628.3788,629.3811,630.3834,631.3857,632.3879,633.3902,634.4471,635.6942,637.1546,638.701,640.5154,642.7648,645.4176,648.1797,651.0278,654.1388,657.0364,659.395,661.3995,663.1593,664.815,666.8195,669.173,671.477,673.7263,675.8896,677.79,679.8492,682.1481,684.1526,685.7537,687.2687,688.7605,690.2209,691.5772,693.1236,694.9876,696.7242,698.3484,700.2488,702.9563,706.2575,709.6183,713.2239,717.2826,721.1825,724.4887,727.1962,729.2007,730.5024,731.3145,731.9133,732.6162,733.3191,733.8632,734.376,734.9201,735.6776,736.6253,737.573,738.3305,738.9292,739.6321,740.3351,740.9338,741.6913,742.639,743.6959,744.9429,746.3487,747.5958,748.6527,749.655,750.6572,751.6595,752.6618,753.7187,754.9111,756.0176

Position (um) : 4.027,3.9965,3.949,3.9155,3.9018,3.8973,3.8936,3.8878,3.8816,3.8758,3.8728,3.8714,3.8683,3.8625,3.8564,3.8506,3.8468,3.843,3.8373,3.8311,3.8246,3.8185,3.8127,3.8089,3.8051,3.7994,3.7925,3.783,3.7717,3.7622,3.7546,3.7451,3.7331,3.7198,3.7041,3.6857,3.6669,3.6485,3.6328,3.6195,3.6068,3.5942,3.5809,3.5652,3.5468,3.528,3.5089,3.4894,3.4679,3.4471,3.4307,3.4174,3.4048,3.3914,3.3757,3.3587,3.3454,3.3347,3.3232,3.3133,3.303,3.2918,3.2822,3.2747,3.2651,3.2532,3.2399,3.2248,3.2095,3.1958,3.1805,3.1648,3.1477,3.1269,3.1061,3.089,3.0726,3.0549,3.0392,3.0258,3.0125,2.9961,2.976,2.9576,2.9432,2.9272,2.9098,2.8945,2.8838,2.8729,2.8579,2.8402,2.8244,2.8104,2.794,2.7732,2.7518,2.7316,2.7094,2.6862,2.6678,2.6551,2.6373,2.6077,2.5705,2.5295,2.4865,2.4455,2.407,2.3698,2.3363,2.3104,2.2888,2.2636,2.2339,2.2035,2.1683,2.1285,2.097,2.0748,2.0533,2.0318,2.0117,1.9895,1.9649,1.9403,1.9175,1.8942,1.8676,1.8431,1.8215,1.7969,1.7697,1.7433,1.7147,1.684,1.6522,1.6208,1.5891,1.5577,1.5273,1.5027,1.4856,1.4723,1.459,1.4426,1.4211,1.3972,1.3751,1.3549,1.3313,1.3006,1.2658,1.2368,1.2101,1.1715,1.118,1.06,1.005,0.95141,0.90026,0.85929,0.82888,0.80293,0.77767,0.75309,0.73092,0.71143,0.69372,0.68109,0.67354,0.66777,0.66468,0.66331,0.66022,0.65514,0.65205,0.65137,0.65137,0.65068,0.64759,0.64182,0.63496,0.6261,0.61794,0.61347,0.6097,0.60393,0.59776,0.59199,0.5889,0.58821,0.58753,0.58444,0.57936,0.57627,0.57558,0.57558,0.57558,0.57558,0.57558,0.57558,0.57558,0.57558,0.57558,0.57558,0.57558,0.57558,0.57558,0.57558,0.57558,0.57558,0.57558,0.57558,0.57558,0.57558,0.57558,0.57558,0.57558,0.57627,0.57936,0.58513,0.5913,0.59776,0.60462,0.61347,0.62233,0.62988,0.63942,0.65137,0.66331,0.67285,0.67971,0.68617,0.69303,0.70189,0.71006,0.71452,0.71898,0.72852,0.74355,0.76058,0.77252,0.77767,0.78213,0.7903,0.79847,0.80293,0.80739,0.81556,0.82373

Intensity : 944.67859,982.56029,1036.8059,1055.9141,1065.4293,1066.9552,1066.7835,1068.6833,1071.5055,1074.1871,1073.4134,1070.6237,1071.4012,1077.4013,1084.3528,1090.7713,1092.8401,1091.8081,1089.4667,1084.8466,1082.6521,1082.1842,1082.1028,1079.5538,1076.1662,1074.3744,1073.015,1071.3652,1073.3182,1077.0383,1080.465,1086.5408,1090.4089,1066.0263,1042.7391,1025.9954,1016.0447,1012.3218,1013.2484,1006.6286,998.10401,994.77007,996.39391,1009.3417,1034.8198,1065.5717,1061.0771,1058.9794,1045.5696,1040.1103,1024.5747,1008.4224,989.596,979.73498,975.56715,976.87937,977.1844,978.62196,983.51102,987.37784,987.21865,983.61078,982.18886,981.41737,974.6978,969.44986,966.48811,966.68344,966.28161,957.74309,941.80484,931.3485,926.96121,930.14252,945.99722,960.78229,968.79061,970.53346,973.57319,980.46661,987.36754,991.64279,993.54984,991.73622,986.35561,988.35007,995.68151,1000.6552,1006.3605,1006.5958,1003.241,999.18192,1000.7983,1003.6331,1001.3821,1004.3882,988.43656,974.92358,970.15947,959.37086,954.60344,938.79929,922.81434,909.42121,899.79617,881.49462,875.60146,889.19852,862.40091,878.75684,888.21645,869.70925,862.92727,863.49922,860.16269,842.19843,854.56406,889.38924,908.96652,901.11729,904.9605,919.36618,923.67494,900.77025,887.9497,908.92411,935.81593,932.53873,935.81853,952.04514,979.12082,982.93918,973.51059,968.73362,975.93477,958.44768,944.31147,938.42254,916.22864,878.4932,860.31491,869.41132,876.28742,883.71451,895.37875,905.04413,921.94372,949.79315,974.5325,997.92831,1020.0196,1030.778,1007.3022,996.54485,1021.6338,1063.8231,1016.8774,1001.0177,975.52605,976.61904,969.76077,990.83169,992.88996,978.33972,970.64899,966.12346,945.80419,925.92169,924.6067,930.63818,938.05735,944.31375,950.05115,955.80405,961.48278,967.34341,973.80156,980.51828,987.61718,996.00694,1006.2572,1018.0678,1025.4016,1031.9457,1026.3286,1018.6936,1012.2885,1002.2939,991.70707,982.75231,979.9856,982.30699,984.45402,985.3924,984.6044,979.0427,975.27666,972.18217,968.62778,961.45891,953.45553,946.47679,940.90293,930.3056,919.51625,908.95375,899.14463,887.96029,876.75372,870.08381,863.84518,856.54598,847.35699,857.89443,868.62236,870.98473,865.11807,853.93004,836.61237,823.28123,811.85405,806.50346,806.86243,809.9384,812.8185,818.80312,826.54039,832.92787,842.19552,843.05592,842.83949,841.71405,840.87606,841.27013,841.65194,843.9869,846.91151,846.43566,845.30695,848.66052,857.43253,856.68121,855.07096,854.26418,853.97841,855.18274,857.3115,858.95969,860.34353,858.15536,858.09047

Time pixel : 1.61963,1.90499,2.35052,2.67123,2.83475,2.95313,3.0715,3.18987,3.30824,3.42661,3.54498,3.6569,3.74637,3.81063,3.87119,3.93545,4.01847,4.10793,4.2011,4.30932,4.39604,4.46304,4.52731,4.61677,4.72869,4.85351,5.00724,5.20218,5.39711,5.55084,5.68211,5.83584,6.04368,6.30933,6.62908,6.97775,7.33286,7.67507,7.97237,8.22572,8.48122,8.71151,8.91994,9.19849,9.59481,10.0554,10.5289,11.0024,11.4694,11.914,12.3269,12.7072,13.0436,13.3827,13.7538,14.1212,14.4287,14.7008,14.9627,15.2032,15.4362,15.6413,15.8267,16.0093,16.2172,16.4474,16.6842,16.9209,17.1706,17.4651,17.8036,18.14,18.5016,18.8914,19.2465,19.5669,19.9091,20.2476,20.5299,20.8047,21.0993,21.4255,21.7677,22.1004,22.4303,22.7752,23.0987,23.3831,23.6038,23.816,24.1191,24.4549,24.7623,25.0661,25.396,25.7699,26.1603,26.5797,27.0366,27.4655,27.8234,28.125,28.5059,29.0495,29.7179,30.4571,31.2438,32.0371,32.818,33.5984,34.3015,34.8233,35.2337,35.7136,36.2985,36.9161,37.6113,38.4061,39.0942,39.6128,40.0676,40.5374,41.0081,41.4843,41.9615,42.4538,42.9272,43.382,43.8453,44.2936,44.7511,45.247,45.781,46.3477,46.9648,47.608,48.2668,48.9519,49.6808,50.4135,51.1044,51.6926,52.1639,52.6048,53.0241,53.4564,53.9551,54.5089,55.1099,55.7697,56.5433,57.4334,58.4145,59.3224,60.1694,61.2922,62.7659,64.3229,65.7572,67.0744,68.2071,69.122,69.8778,70.5618,71.1863,71.7809,72.3411,72.8623,73.3004,73.6367,73.8987,74.0813,74.2126,74.331,74.4493,74.5677,74.6861,74.8045,74.9293,75.0765,75.249,75.4317,75.6459,75.9116,76.2249,76.5511,76.8875,77.2549,77.5971,77.8757,78.1124,78.3202,78.5158,78.7525,79.0305,79.3026,79.5682,79.8237,80.0481,80.2913,80.5628,80.7996,80.9887,81.1676,81.3438,81.5163,81.6764,81.8591,82.0792,82.2843,82.4761,82.7006,83.0203,83.4102,83.8071,84.2329,84.7123,85.1729,85.5633,85.8831,86.1198,86.2736,86.3695,86.4402,86.5232,86.6062,86.6705,86.731,86.7953,86.8848,86.9967,87.1086,87.1981,87.2688,87.3518,87.4348,87.5055,87.595,87.7069,87.8317,87.979,88.145,88.2923,88.4171,88.5355,88.6539,88.7723,88.8906,89.0154,89.1563,89.2869

Position pixel : 37.7412,37.4558,37.0103,36.696,36.5678,36.526,36.4907,36.4366,36.3788,36.3247,36.2957,36.2828,36.2539,36.1998,36.142,36.0879,36.0526,36.0172,35.9631,35.9053,35.8447,35.7869,35.7328,35.6974,35.6621,35.608,35.5437,35.4543,35.3488,35.2593,35.1886,35.0991,34.9872,34.8624,34.7151,34.5426,34.3665,34.194,34.0467,33.9219,33.8035,33.6851,33.5603,33.413,33.2406,33.0644,32.8854,32.7028,32.5014,32.3065,32.1528,32.0279,31.9096,31.7847,31.6375,31.4779,31.3531,31.2534,31.1452,31.0521,30.9561,30.8507,30.7612,30.6905,30.601,30.4891,30.3643,30.2235,30.0799,29.9514,29.8078,29.6605,29.5003,29.3054,29.1105,28.9503,28.7966,28.6305,28.4832,28.3584,28.2336,28.0799,27.8914,27.7189,27.5839,27.4339,27.2706,27.1271,27.0274,26.9251,26.7842,26.6182,26.4709,26.3397,26.1859,25.991,25.7896,25.6005,25.3927,25.1753,25.0028,24.8839,24.7172,24.4393,24.0906,23.7066,23.3038,22.9198,22.5582,22.2096,21.8963,21.6531,21.4511,21.2143,20.9364,20.6514,20.3215,19.9482,19.6537,19.4452,19.2438,19.0425,18.8534,18.6455,18.4152,18.185,17.9707,17.7527,17.5036,17.2733,17.0714,16.8411,16.5856,16.3387,16.0703,15.7822,15.4849,15.1903,14.893,14.5985,14.3141,14.0838,13.9236,13.7988,13.6739,13.5202,13.3188,13.095,12.8872,12.6981,12.4773,12.1892,11.8636,11.5915,11.3413,10.9797,10.4779,9.93433,9.41903,8.91664,8.43731,8.05329,7.76829,7.52509,7.28835,7.05806,6.85022,6.66759,6.50156,6.38319,6.31248,6.25837,6.22946,6.21656,6.18766,6.14,6.11109,6.10464,6.10464,6.09819,6.06928,6.01518,5.95091,5.8679,5.79133,5.74953,5.71417,5.66006,5.60225,5.54814,5.51923,5.51278,5.50633,5.47743,5.42977,5.40086,5.39441,5.39441,5.39441,5.39441,5.39441,5.39441,5.39441,5.39441,5.39441,5.39441,5.39441,5.39441,5.39441,5.39441,5.39441,5.39441,5.39441,5.39441,5.39441,5.39441,5.39441,5.39441,5.39441,5.40086,5.42977,5.48388,5.54169,5.60225,5.66651,5.74953,5.83254,5.90325,5.99272,6.10464,6.21656,6.30603,6.37029,6.43085,6.49511,6.57812,6.65469,6.6965,6.7383,6.82777,6.96859,7.12817,7.2401,7.28835,7.33016,7.40672,7.48329,7.52509,7.5669,7.64347,7.72003

Pole type : Curve
Start frame : 1
End frame : 126
Start time (s) : 0.000
End time (s) : 1058.410
Time step (s) : 8.467

Pole number : 2

Time (s) : 12.02988,12.38387,13.44076,15.39071,17.93435,20.28784,21.88886,23.00037,24.00265,25.00494,26.00722,27.0095,28.01178,29.01407,30.07096,31.37261,33.07781,34.97315,36.67834,37.97999,39.03689,40.03917,41.04145,42.04373,43.10063,44.34767,45.8081,47.2999,48.76034,50.00738,51.06427,52.06656,53.06884,54.07112,55.12802,56.37506,57.78088,59.02792,60.08481,61.0871,62.08938,63.09166,64.09394,65.15084,66.45249,68.10307,69.75365,71.0553,72.1122,73.11448,74.17138,75.41842,76.82424,78.07128,79.12817,80.13046,81.13274,82.18963,83.49129,85.14187,86.84706,88.39347,89.90852,91.40032,92.96998,94.76115,96.9245,99.17382,101.5324,104.1852,106.9473,109.7954,112.961,116.158,119.1102,121.6822,124.0721,126.7482,129.5963,133.0117,137.3698,142.3812,148.1006,155.1165,163.3199,171.3594,177.7503,182.9124,188.8401,195.4425,201.4875,206.6031,210.3675,212.9212,215.1938,217.3339,219.0937,220.45,221.7516,223.1574,224.4045,225.516,226.8176,228.5228,230.4728,232.5866,235.1353,238.3009,241.7973,245.6162,249.9247,254.9908,261.1137,268.6738,277.5254,286.2962,293.9422,300.409,304.8763,307.3805,309.4083,311.249,312.6053,313.6622,314.6645,315.7214,317.023,318.6736,320.3242,321.6805,323.0367,324.7419,326.8011,329.4044,332.7602,336.6884,341.9001,349.6685,359.2777,369.3865,379.649,389.1772,397.1773,404.1619,410.0118,414.3203,417.1916,419.2012,421.2604,423.6139,425.8632,427.8678,429.573,430.9292,432.2855,434.0453,436.1854,438.458,440.8479,443.8234,447.2651,451.0841,455.2288,459.2328,462.2397,464.2493,466.0637,467.9591,469.7189,471.3199,473.0797,475.0296,477.0888,479.3381,481.8009,484.3496,487.2755,491.0712,495.9966,501.6331,507.3424,512.109,516.1829,521.1943,527.3071,533.2429,538.6316,543.6743,548.6544,553.234,556.967,559.8747,563.2901,567.7524,572.5504,577.6164,583.0314,588.4777,593.7571,598.7999,603.7799,608.5233,612.9906,617.0543,621.0139,625.4266,629.9748,634.0385,637.6987,641.3539,644.8735,648.1565,651.2907,653.8708,656.1433,658.2025,660.3477,662.9692,665.6534,668.2253,670.774,673.5361,676.4338,679.2505,682.0985,685.2641,688.4065,691.3325,694.4253,698.0491,701.7356,705.2552,708.5068,711.459,713.9763,716.0669,717.9855,719.4773,720.6434,721.945,723.7049,726.0088,728.9064,731.9082,734.2121,735.9224,737.7368,739.8769,742.0949,744.24,746.7573,749.655,752.7164,756.0773,759.9772,764.1451,768.1856,772.1633,775.9591,779.6688,782.97,785.2739,786.6848,787.7963,789.0433,790.4492,791.6416,792.4537,793.0525,793.81,794.7577,795.7599,796.7076,797.4651,798.0639,798.7668,799.4697,800.0684,800.7714,801.4743,802.073,802.8305,803.7782,804.7805,805.8374,807.0844,808.5449,810.0367,811.4971,812.7441,813.9103,815.4021,817.2114,818.7032,819.7601,820.463

Position (um) : 8.80162,8.80808,8.81802,8.83266,8.84699,8.85654,8.86031,8.861,8.861,8.86169,8.86477,8.86986,8.87294,8.87363,8.87363,8.87363,8.87432,8.8774,8.88249,8.88557,8.88626,8.88695,8.89003,8.89512,8.8982,8.89889,8.89958,8.90266,8.90775,8.91083,8.91152,8.91221,8.91529,8.92038,8.92415,8.92792,8.93301,8.93609,8.93678,8.93678,8.93747,8.94055,8.94564,8.94941,8.95318,8.95827,8.96135,8.96273,8.96581,8.9709,8.97398,8.97536,8.97844,8.98353,8.98661,8.98799,8.99108,8.99616,8.99993,9.00371,9.00948,9.01634,9.02519,9.03405,9.0416,9.05045,9.05931,9.06686,9.07571,9.08457,9.09212,9.10166,9.1136,9.12692,9.14195,9.15658,9.16721,9.17676,9.18561,9.19316,9.20202,9.21087,9.21911,9.23174,9.24945,9.26756,9.28288,9.29351,9.30375,9.31569,9.32763,9.33649,9.34095,9.34472,9.35049,9.35666,9.36244,9.36621,9.36998,9.37507,9.37884,9.38261,9.38838,9.39524,9.40479,9.41673,9.42867,9.43891,9.44954,9.46417,9.47988,9.49697,9.51915,9.5468,9.57646,9.60172,9.62121,9.63653,9.64647,9.65362,9.65979,9.66556,9.66865,9.67002,9.67311,9.67888,9.68505,9.69151,9.69837,9.70722,9.71539,9.71985,9.72432,9.73317,9.74443,9.75466,9.76598,9.78369,9.80449,9.82467,9.84616,9.86696,9.88405,9.89976,9.9137,9.92056,9.92263,9.9264,9.93457,9.94343,9.95097,9.95983,9.96869,9.97554,9.982,9.98886,9.99772,10.0066,10.0141,10.0237,10.0349,10.0452,10.0551,10.066,10.0721,10.0735,10.0742,10.0773,10.083,10.0892,10.095,10.0988,10.1032,10.1114,10.1202,10.1271,10.1336,10.1404,10.15,10.1619,10.1739,10.1834,10.1909,10.1998,10.2087,10.2155,10.2213,10.2244,10.2258,10.2288,10.2339,10.2377,10.2415,10.2466,10.2503,10.2541,10.2592,10.263,10.2674,10.2756,10.2838,10.2875,10.2889,10.292,10.2971,10.3002,10.3008,10.3008,10.3008,10.3008,10.3008,10.3008,10.3008,10.3008,10.3008,10.3008,10.3008,10.3008,10.3008,10.3008,10.3008,10.3002,10.2971,10.2913,10.2844,10.2756,10.2667,10.2592,10.2503,10.2415,10.2339,10.2251,10.2162,10.2093,10.2029,10.1967,10.1909,10.1872,10.1834,10.1776,10.1708,10.1612,10.15,10.1404,10.1336,10.1278,10.124,10.1202,10.1145,10.1083,10.1012,10.0919,10.081,10.0735,10.0653,10.0513,10.0363,10.023,10.0097,9.99395,9.97692,9.96429,9.95606,9.94651,9.93457,9.92263,9.91308,9.90554,9.89668,9.88713,9.8765,9.86256,9.85062,9.84238,9.83353,9.82467,9.81781,9.81204,9.80827,9.80381,9.79495,9.78301,9.77106,9.76083,9.74951,9.73111,9.70722,9.68265,9.66116,9.64476,9.63007,9.61127,9.58778,9.56658,9.55127,9.54441

Intensity : 1469.7411,1472.5484,1477.1605,1485.6941,1495.274,1500.6972,1499.5643,1499.397,1499.3463,1499.3174,1502.433,1507.8395,1513.2821,1518.5161,1523.9378,1530.6151,1539.5591,1537.4934,1528.8664,1522.4803,1516.5485,1511.0172,1507.2134,1505.2259,1505.7453,1505.971,1506.2184,1508.848,1513.8991,1517.3435,1515.7322,1506.6713,1500.4033,1496.6156,1490.9511,1483.6531,1476.7056,1468.9702,1467.7737,1467.9958,1469.0587,1472.9649,1479.0897,1483.4695,1487.6382,1490.8182,1483.9217,1477.1706,1472.6066,1469.5462,1464.7138,1457.5072,1452.0131,1450.501,1448.4748,1445.6391,1443.7748,1442.8324,1440.2125,1435.4417,1429.2279,1424.2236,1420.1372,1415.8596,1410.1925,1408.5696,1406.2754,1403.0241,1398.3238,1397.6783,1397.3189,1397.9059,1423.3767,1453.6787,1478.8596,1481.1367,1482.2582,1482.5863,1483.5233,1484.9136,1473.0401,1438.7609,1456.9165,1492.218,1511.6472,1527.3693,1459.8177,1452.1839,1427.0791,1378.3142,1374.8691,1349.2071,1318.8653,1309.974,1315.2329,1320.8342,1326.0832,1329.0408,1331.4912,1335.011,1337.0091,1339.0316,1342.5501,1348.446,1356.7276,1366.4806,1373.0636,1375.1518,1379.0724,1386.3849,1384.4962,1384.0343,1422.575,1444.8454,1467.017,1469.2975,1463.6292,1459.8747,1456.5453,1464.6407,1471.4685,1477.7252,1480.8914,1480.5976,1479.6541,1481.4802,1482.5556,1482.246,1482.2319,1485.6441,1491.9293,1499.302,1508.994,1519.9025,1516.9321,1510.4965,1513.3604,1501.3627,1439.8052,1401.7773,1387.6394,1383.1452,1394.6888,1381.9966,1380.0462,1381.1001,1380.8703,1380.1325,1380.4066,1384.116,1399.5592,1415.3599,1430.5338,1443.3079,1455.2059,1466.8824,1482.0864,1498.6573,1510.4347,1504.8466,1489.5348,1463.4067,1438.3465,1414.9962,1401.2839,1394.6623,1390.66,1391.7798,1391.9712,1392.246,1393.3769,1397.4041,1404.2432,1412.3757,1423.0023,1430.8043,1437.9069,1440.2723,1449.3823,1463.7625,1485.0468,1518.3523,1551.2813,1547.7617,1532.9931,1505.5034,1473.7559,1455.5216,1455.8299,1472.7798,1495.7872,1509.6617,1516.1005,1521.7534,1536.424,1540.4734,1521.1747,1516.3396,1515.5894,1517.9405,1527.6971,1546.9597,1569.7581,1591.6496,1603.5492,1613.5485,1613.024,1609.1184,1576.7453,1533.4731,1500.724,1483.3832,1466.828,1466.4944,1470.4742,1474.0803,1477.8369,1511.6815,1547.5259,1581.8709,1603.4293,1621.1805,1637.6872,1641.3653,1640.6021,1641.1751,1640.4479,1641.7357,1645.0466,1632.4586,1617.4178,1595.9989,1572.5408,1551.5558,1534.4646,1519.5591,1505.6079,1495.0863,1490.1013,1484.5828,1477.6462,1468.0196,1456.3121,1445.8977,1437.5883,1430.1659,1424.6959,1419.2421,1412.0635,1404.7538,1406.2973,1413.4406,1420.2119,1433.6717,1450.824,1463.4056,1472.7736,1447.5447,1380.0957,1318.5286,1261.9717,1225.8501,1205.2014,1190.1398,1176.0594,1163.2739,1153.8523,1148.8772,1147.404,1145.781,1144.4759,1146.6106,1151.5135,1154.9599,1159.3513,1163.4335,1166.1153,1167.1568,1166.601,1166.3144,1168.1861,1170.7951,1172.702,1176.1633,1184.3662,1196.5201,1211.7967,1223.2582,1234.0765,1242.9875,1250.8869,1259.6749,1269.2966,1276.5639,1280.9937,1283.1506

Time pixel : 1.42075,1.46256,1.58738,1.81767,2.11808,2.39603,2.58511,2.71638,2.83475,2.95313,3.0715,3.18987,3.30824,3.42661,3.55143,3.70516,3.90654,4.13039,4.33177,4.4855,4.61032,4.72869,4.84706,4.96544,5.09026,5.23753,5.41001,5.5862,5.75868,5.90596,6.03078,6.14915,6.26752,6.38589,6.51071,6.65799,6.82402,6.9713,7.09612,7.21449,7.33286,7.45123,7.5696,7.69442,7.84815,8.04309,8.23802,8.39175,8.51657,8.63494,8.75976,8.90704,9.07307,9.22035,9.34517,9.46354,9.58191,9.70673,9.86046,10.0554,10.2568,10.4394,10.6183,10.7945,10.9799,11.1915,11.4469,11.7126,11.9911,12.3045,12.6307,12.967,13.3409,13.7185,14.0671,14.3709,14.6531,14.9692,15.3055,15.7089,16.2236,16.8155,17.4909,18.3195,19.2884,20.2378,20.9926,21.6023,22.3023,23.0821,23.796,24.4002,24.8448,25.1464,25.4147,25.6675,25.8753,26.0355,26.1892,26.3553,26.5025,26.6338,26.7875,26.9889,27.2192,27.4689,27.7699,28.1437,28.5567,29.0077,29.5165,30.1148,30.838,31.7308,32.7762,33.8121,34.7151,35.4788,36.0064,36.3022,36.5416,36.759,36.9192,37.044,37.1624,37.2872,37.441,37.6359,37.8308,37.991,38.1512,38.3526,38.5958,38.9032,39.2995,39.7635,40.379,41.2964,42.4313,43.6252,44.8372,45.9625,46.9073,47.7322,48.4231,48.9319,49.271,49.5084,49.7516,50.0295,50.2952,50.5319,50.7333,50.8935,51.0536,51.2615,51.5142,51.7826,52.0649,52.4163,52.8228,53.2738,53.7633,54.2362,54.5913,54.8286,55.0429,55.2668,55.4746,55.6637,55.8715,56.1018,56.345,56.6106,56.9015,57.2025,57.5481,57.9963,58.578,59.2437,59.918,60.4809,60.9621,61.5539,62.2759,62.9769,63.6133,64.2089,64.797,65.3379,65.7787,66.1221,66.5255,67.0525,67.6192,68.2175,68.857,69.5002,70.1237,70.7193,71.3074,71.8676,72.3952,72.8752,73.3428,73.8639,74.4011,74.881,75.3133,75.745,76.1606,76.5484,76.9185,77.2232,77.4916,77.7348,77.9882,78.2978,78.6148,78.9185,79.2195,79.5457,79.888,80.2206,80.557,80.9308,81.302,81.6475,82.0128,82.4408,82.8761,83.2918,83.6758,84.0245,84.3218,84.5687,84.7953,84.9715,85.1092,85.2629,85.4708,85.7429,86.0851,86.4396,86.7117,86.9137,87.128,87.3807,87.6427,87.896,88.1933,88.5355,88.8971,89.294,89.7546,90.2468,90.724,91.1938,91.6421,92.0802,92.4701,92.7422,92.9088,93.0401,93.1873,93.3534,93.4942,93.5901,93.6608,93.7503,93.8622,93.9806,94.0925,94.182,94.2527,94.3357,94.4187,94.4894,94.5724,94.6555,94.7262,94.8156,94.9276,95.0459,95.1707,95.318,95.4905,95.6667,95.8392,95.9864,96.1242,96.3004,96.514,96.6902,96.815,96.8981

Position pixel : 82.4894,82.55,82.6432,82.7803,82.9147,83.0041,83.0395,83.0459,83.0459,83.0524,83.0813,83.1289,83.1578,83.1643,83.1643,83.1643,83.1707,83.1997,83.2473,83.2762,83.2827,83.2891,83.318,83.3657,83.3946,83.401,83.4075,83.4364,83.4841,83.513,83.5194,83.5259,83.5548,83.6024,83.6378,83.6731,83.7208,83.7497,83.7562,83.7562,83.7626,83.7915,83.8392,83.8745,83.9099,83.9575,83.9864,83.9993,84.0283,84.0759,84.1048,84.1177,84.1466,84.1943,84.2232,84.2361,84.265,84.3127,84.348,84.3834,84.4375,84.5017,84.5848,84.6678,84.7385,84.8215,84.9045,84.9752,85.0582,85.1413,85.212,85.3014,85.4134,85.5382,85.679,85.8161,85.9157,86.0052,86.0882,86.1589,86.242,86.325,86.4021,86.5205,86.6865,86.8563,86.9998,87.0995,87.1954,87.3073,87.4192,87.5022,87.544,87.5794,87.6335,87.6913,87.7454,87.7808,87.8161,87.8638,87.8991,87.9345,87.9886,88.0529,88.1423,88.2543,88.3662,88.4621,88.5617,88.6988,88.8461,89.0063,89.2141,89.4733,89.7513,89.988,90.1707,90.3142,90.4074,90.4744,90.5322,90.5863,90.6152,90.6281,90.657,90.7112,90.769,90.8295,90.8938,90.9768,91.0534,91.0952,91.137,91.22,91.3255,91.4214,91.5274,91.6935,91.8884,92.0775,92.2789,92.4738,92.634,92.7813,92.9119,92.9762,92.9956,93.0309,93.1075,93.1905,93.2612,93.3442,93.4272,93.4915,93.5521,93.6163,93.6993,93.7824,93.8531,93.9425,94.048,94.1439,94.2371,94.3389,94.3967,94.4096,94.416,94.4449,94.499,94.5568,94.611,94.6463,94.6881,94.7647,94.8477,94.912,94.9725,95.0368,95.1262,95.2382,95.3501,95.4395,95.5103,95.5933,95.6763,95.7406,95.7947,95.8236,95.8365,95.8654,95.913,95.9484,95.9837,96.0314,96.0668,96.1021,96.1498,96.1851,96.2269,96.3035,96.3801,96.4154,96.4283,96.4572,96.5049,96.5338,96.5402,96.5402,96.5402,96.5402,96.5402,96.5402,96.5402,96.5402,96.5402,96.5402,96.5402,96.5402,96.5402,96.5402,96.5402,96.5338,96.5049,96.4508,96.3865,96.3035,96.2205,96.1498,96.0668,95.9837,95.913,95.83,95.747,95.6827,95.6222,95.5644,95.5103,95.4749,95.4395,95.3854,95.3212,95.2317,95.1262,95.0368,94.9725,94.9184,94.883,94.8477,94.7936,94.7358,94.6688,94.582,94.4803,94.4096,94.3324,94.2017,94.0609,93.9361,93.8113,93.664,93.5044,93.386,93.3089,93.2194,93.1075,92.9956,92.9061,92.8354,92.7524,92.6629,92.5633,92.4326,92.3207,92.2435,92.1605,92.0775,92.0132,91.9591,91.9238,91.882,91.7989,91.687,91.5751,91.4792,91.3731,91.2006,90.9768,90.7465,90.5451,90.3914,90.2537,90.0775,89.8573,89.6587,89.5151,89.4509

Pole type : Curve
Start frame : 1
End frame : 126
Start time (s) : 0.000
End time (s) : 1058.410
Time step (s) : 8.467

Feature Information :


Feature number : 1

Time (s) : 14.33382,15.03673,16.03901,17.28605,18.69187,19.93891,20.99581,21.99809,23.00037,24.00265,25.05955,26.3612,28.0664,29.96173,31.72154,33.37718,35.32713,37.49047,39.58102,41.9082,44.64704,47.81267,50.95505,53.66252,55.7217,57.32273,58.83777,60.38418,62.14399,64.03933,65.79913,67.40016,69.10535,70.81055,72.41157,74.17138,76.17594,78.42526,80.88798,83.43668,86.19876,89.151,92.15784,95.16469,98.11692,100.9336,103.8363,107.2467,110.9018,114.5074,118.2718,122.2809,126.5894,131.2468,135.9043,140.2128,144.3311,148.5304,152.8075,157.202,162.0728,166.9204,171.2835,175.4019,179.6558,184.0684,188.1585,191.4333,193.9325,196.5044,199.402,202.3543,205.1164,207.6651,210.0732,212.0777,213.788,215.7925,218.2006,220.6947,223.2121,225.7607,228.4136,230.8217,232.7767,234.8359,237.2986,240.1467,243.5571,247.1576,250.4638,253.4161,255.8788,257.8884,260.3562,263.9567,268.0963,271.5613,274.1697,277.041,280.7507,285.0855,289.4668,293.3486,297.027,300.2239,302.9365,305.6986,308.5962,311.4129,314.2063,317.0726,319.6213,322.0891,324.9321,327.8529,330.433,332.8644,334.9003,336.8239,339.0732,341.6715,344.0796,345.98,347.7398,349.445,351.046,352.8604,355.0005,357.1639,359.0097,360.7695,362.4747,364.0211,365.4815,366.7832,368.0848,369.4906,370.6831,371.4952,372.0393,372.5521,373.0416,373.5544,374.0439,374.5567,375.0462,375.5589,376.1031,376.8606,377.7537,378.5112,379.0553,379.6227,380.4662,381.9812,384.2306,387.2374,390.8379,394.5477,398.1533,401.8084,405.1642,407.7675,409.8813,411.8859,413.945,416.1398,418.3577,420.3936,422.3668,424.2126,426.2718,428.6253,430.9292,433.2878,435.9406,438.6481,441.2514,444.0135,446.9657,450.0272,453.2242,456.499,459.8912,463.7598,467.6597,471.3199,475.0843,479.0388,483.0479,487.0024,490.6029,493.365,495.3747,497.4884,500.1413,503.0389,505.7464,508.105,510.3543,512.5176,514.3634,516.1232,517.7738,519.0754,520.0777,520.7806

Position (um) : 5.6908,5.6908,5.6908,5.6908,5.6908,5.6908,5.6908,5.6908,5.6908,5.6908,5.6908,5.6908,5.6908,5.6908,5.6908,5.6908,5.6908,5.6908,5.6915,5.6953,5.7034,5.7116,5.7161,5.7199,5.7249,5.728,5.7294,5.7332,5.7413,5.7495,5.754,5.7577,5.7635,5.7697,5.7755,5.7785,5.7792,5.7792,5.7799,5.783,5.7881,5.7919,5.7963,5.8045,5.8127,5.8171,5.8209,5.826,5.8291,5.8304,5.8335,5.8386,5.8417,5.8424,5.8424,5.8424,5.8424,5.8424,5.8424,5.8424,5.8424,5.8417,5.8386,5.8328,5.826,5.8157,5.8014,5.7868,5.7768,5.7697,5.7628,5.7533,5.742,5.7325,5.7256,5.7199,5.7168,5.7154,5.7123,5.7065,5.7004,5.6939,5.6877,5.682,5.6782,5.6744,5.668,5.658,5.6434,5.6284,5.615,5.6024,5.5898,5.5765,5.5601,5.5386,5.5147,5.4932,5.4768,5.4628,5.4471,5.4294,5.4136,5.4003,5.3877,5.3751,5.3624,5.3498,5.3372,5.3245,5.3112,5.2955,5.2778,5.2621,5.2488,5.2361,5.2235,5.2116,5.202,5.1945,5.1842,5.1692,5.1515,5.1365,5.1262,5.1187,5.1091,5.0972,5.0846,5.0719,5.0593,5.0474,5.0371,5.0258,5.0081,4.988,4.9716,4.9583,4.9456,4.9337,4.9241,4.9173,4.9108,4.9047,4.8982,4.892,4.8856,4.8794,4.8729,4.8661,4.8565,4.8453,4.8357,4.8289,4.8224,4.8156,4.8067,4.7978,4.791,4.7845,4.7784,4.7719,4.7657,4.76,4.7562,4.7524,4.7466,4.7405,4.7347,4.7316,4.7309,4.7309,4.7309,4.7309,4.7309,4.7309,4.7309,4.7302,4.7271,4.7214,4.7152,4.7087,4.7019,4.6923,4.6811,4.6715,4.664,4.6551,4.647,4.6432,4.6418,4.6387,4.6337,4.6306,4.6299,4.6299,4.6299,4.6299,4.6299,4.6299,4.6299,4.6299,4.6299,4.6299,4.6299,4.6299,4.6299,4.6299

Intensity : 419.6072,421.4336,424.0377,427.2223,430.6526,433.6955,436.2744,438.7201,441.1658,443.6114,446.1903,448.7246,451.7446,455.1012,458.2179,461.1501,459.7251,456.3182,453.1183,449.9483,444.8604,438.5189,432.0724,431.2754,430.8111,430.2515,429.5162,429.444,430.0139,430.7037,431.1132,431.5116,431.5466,430.2804,429.0735,428.2968,427.9004,422.0808,415.5241,408.4308,402.7931,398.916,394.9166,395.5725,398.8018,402.3731,410.5888,421.906,430.5525,426.4917,422.2971,420.4811,418.6759,403.087,387.6733,387.2678,386.2295,378.78,371.6378,368.7779,365.9938,364.5694,362.4035,359.3505,357.1203,356.5323,354.3957,350.3011,346.5273,344.9691,344.4822,343.7599,343.5963,343.6522,343.5204,343.9791,345.8271,347.6878,350.3535,352.6059,350.1675,347.9008,345.5298,344.6678,343.6941,342.5268,341.436,339.6197,337.3937,336.5523,337.782,339.114,340.4195,342.1462,344.4393,344.037,337.9515,333.7898,332.5248,330.4997,328.7263,328.7092,329.5867,331.4844,333.6117,336.1002,338.2398,338.316,334.1603,330.1057,327.9152,329.1682,330.9837,332.5257,333.8959,335.2666,336.9255,339.2278,341.3018,343.115,345.6319,348.7712,353.003,356.898,358.8978,358.2835,357.6651,357.0309,355.8631,352.299,348.6333,344.9799,341.1241,337.7948,336.4246,335.4504,334.6068,333.6488,333.3035,333.7055,334.3066,334.6472,335.2078,335.742,336.3669,336.9258,337.5506,338.1095,338.6891,339.1553,339.9379,341.1047,342.1758,342.7992,343.1313,341.9105,338.5834,332.7168,327.5591,327.079,326.6398,329.2377,331.6073,332.336,332.2001,332.076,331.8571,330.8552,329.3027,328.0252,326.905,325.7868,324.4099,322.8363,321.2958,320.1184,319.0724,317.9779,317.3253,317.435,317.5525,319.6405,324.9539,330.4273,330.7317,329.9873,328.2239,325.3431,322.3973,319.1909,316.329,314.2851,312.3619,313.2199,314.2832,315.4336,316.0936,313.6981,311.4598,309.6146,311.2085,312.7414,314.0494,315.2964,314.1318,312.6612,311.5288,310.7347

Time pixel : 1.69285,1.77586,1.89423,2.04151,2.20754,2.35482,2.47964,2.59801,2.71638,2.83475,2.95957,3.1133,3.31469,3.53853,3.74637,3.9419,4.17219,4.42769,4.67458,4.94943,5.27289,5.64676,6.01788,6.33763,6.58083,6.76991,6.94884,7.13147,7.33931,7.56315,7.77099,7.96007,8.16146,8.36284,8.55193,8.75976,8.99651,9.26216,9.55301,9.85401,10.1802,10.5289,10.884,11.2391,11.5878,11.9204,12.2632,12.666,13.0977,13.5235,13.9681,14.4416,14.9504,15.5005,16.0505,16.5594,17.0457,17.5417,18.0468,18.5658,19.1411,19.7136,20.2289,20.7153,21.2176,21.7388,22.2218,22.6086,22.9038,23.2075,23.5497,23.8984,24.2246,24.5256,24.81,25.0467,25.2487,25.4855,25.7699,26.0644,26.3617,26.6627,26.976,27.2604,27.4913,27.7345,28.0254,28.3617,28.7645,29.1897,29.5802,29.9289,30.2197,30.4571,30.7485,31.1737,31.6626,32.0718,32.3799,32.719,33.1571,33.6691,34.1865,34.645,35.0794,35.457,35.7773,36.1035,36.4457,36.7784,37.1083,37.4468,37.7478,38.0393,38.375,38.72,39.0247,39.3118,39.5523,39.7795,40.0451,40.352,40.6364,40.8608,41.0687,41.27,41.4591,41.6734,41.9262,42.1817,42.3996,42.6075,42.8089,42.9915,43.164,43.3177,43.4714,43.6375,43.7783,43.8742,43.9385,43.999,44.0568,44.1174,44.1752,44.2358,44.2936,44.3541,44.4184,44.5079,44.6133,44.7028,44.7671,44.8341,44.9337,45.1126,45.3783,45.7334,46.1586,46.5967,47.0226,47.4543,47.8506,48.158,48.4077,48.6444,48.8876,49.1468,49.4087,49.6492,49.8822,50.1002,50.3434,50.6214,50.8935,51.172,51.4853,51.8051,52.1125,52.4387,52.7874,53.149,53.5265,53.9133,54.3139,54.7708,55.2314,55.6637,56.1082,56.5753,57.0488,57.5158,57.941,58.2672,58.5046,58.7542,59.0675,59.4097,59.7295,60.008,60.2737,60.5292,60.7472,60.955,61.15,61.3037,61.4221,61.5051

Position pixel : 53.3348,53.3348,53.3348,53.3348,53.3348,53.3348,53.3348,53.3348,53.3348,53.3348,53.3348,53.3348,53.3348,53.3348,53.3348,53.3348,53.3348,53.3348,53.3412,53.3766,53.4531,53.5297,53.5715,53.6069,53.6545,53.6834,53.6963,53.7317,53.8082,53.8848,53.9266,53.962,54.0161,54.0739,54.128,54.1569,54.1634,54.1634,54.1698,54.1987,54.2464,54.2817,54.3235,54.4001,54.4767,54.5185,54.5538,54.6015,54.6304,54.6433,54.6722,54.7199,54.7488,54.7552,54.7552,54.7552,54.7552,54.7552,54.7552,54.7552,54.7552,54.7488,54.7199,54.6657,54.6015,54.5056,54.3712,54.2341,54.1409,54.0739,54.0096,53.9202,53.8147,53.7252,53.661,53.6069,53.5779,53.565,53.5361,53.482,53.4242,53.3637,53.3058,53.2517,53.2164,53.181,53.1205,53.0273,52.8902,52.7493,52.6245,52.5062,52.3878,52.263,52.1092,51.9078,51.684,51.4826,51.3289,51.1976,51.0503,50.8843,50.737,50.6122,50.4938,50.3755,50.2571,50.1387,50.0204,49.902,49.7772,49.6299,49.4639,49.3166,49.1918,49.0734,48.955,48.8431,48.7536,48.6829,48.587,48.4462,48.2801,48.1393,48.0434,47.9727,47.8832,47.7713,47.6529,47.5346,47.4162,47.3043,47.2084,47.1023,46.9363,46.7478,46.594,46.4692,46.3509,46.2389,46.1495,46.0852,46.0246,45.9668,45.9063,45.8485,45.7879,45.7301,45.6695,45.6053,45.5158,45.4103,45.3209,45.2566,45.196,45.1318,45.0488,44.9658,44.9015,44.8409,44.7831,44.7226,44.6647,44.6106,44.5753,44.5399,44.4858,44.428,44.3739,44.345,44.3385,44.3385,44.3385,44.3385,44.3385,44.3385,44.3385,44.3321,44.3032,44.2491,44.1913,44.1307,44.0664,43.977,43.8715,43.782,43.7113,43.6283,43.5517,43.5164,43.5035,43.4746,43.4269,43.398,43.3916,43.3916,43.3916,43.3916,43.3916,43.3916,43.3916,43.3916,43.3916,43.3916,43.3916,43.3916,43.3916,43.3916

Brightness max : 1064.58
Brightness min :  0.00
Feature direction : Ambiguous
Feature speed : Slow
Feature type : Curve
Start frame : 1
End frame : 126
Start time (s) : 0.000
End time (s) : 1058.410
Time step (s) : 8.467

Feature number : 2

Time (s) : 165.6784,166.3813,167.4382,168.93,170.7394,172.2312,173.3973,174.6444,175.9956,176.9978,177.6512,178.4087,179.3564,180.3587,181.361,182.3632,183.3655,184.3678,185.3701,186.3178,187.0753,187.674,188.4862,189.7332,191.3838,193.089,194.69,196.3952,198.0458,199.402,200.7037,202.1641,203.7105,205.525,207.7197,210.0732,212.1323,214.0327,216.1415,218.146,220.0464,222.1005,223.8604,225.3026,226.9764,228.713,230.5274,232.3681,233.9924,235.6248,237.6475,239.3295,240.4956,241.5525,242.7995,244.26,245.7518,247.2668,248.7586,250.2737,251.8747,253.8793,256.1781,258.0735,259.2396,260.1377,261.3534,262.8452,264.6596,266.8543,269.2078,271.2124,272.868,274.5732,276.333,278.1242,280.0974,282.1333,284.3513,286.4914,288.3058,289.9614,292.0206,294.6735,297.5711,300.3332,302.8819,305.29,307.2399,308.5962,309.6531,310.6554,311.6576,312.6599,313.6622,314.6645,315.7214,317.023,318.7282,320.7328,322.9275,325.1455,327.2906,329.808,332.5963,335.1137,337.3681,340.1301,343.4313,346.5737,349.091,351.046,353.1052,355.4587,357.708,359.8218,362.0711,364.4792,366.7832,369.0871,371.5498,374.0439,376.5612,379.0553,381.518,383.7673,385.7719,387.4771,388.7788,389.8357,390.8379,391.8402,392.8425,393.8994,395.2011,396.9062,398.8562,400.8061,402.566,404.1124,405.682,407.4732,409.5819,411.5319,413.1329,414.648,416.1944,417.9542,419.8495,421.5547,422.8564,423.9133,424.9155,425.9178,426.9201,427.9224,428.9247,429.9269,430.9292,431.9315,432.8792,433.6367,434.1808,434.6936,435.2377,435.9953,436.9429,437.9452,438.9475,439.9498,441.0067,442.1991,443.3602,444.2037,445.0158,446.0181,447.2105,448.3716,449.2151,450.0272,450.9749,451.9772,452.9794,453.9817,454.9294,455.6869,456.231,456.6892

Position (um) : 3.6447,3.6447,3.6447,3.6447,3.6447,3.644,3.641,3.6359,3.6321,3.6283,3.6225,3.6164,3.6099,3.6037,3.5973,3.5911,3.5853,3.5816,3.5778,3.572,3.5659,3.5594,3.5525,3.543,3.5317,3.5222,3.514,3.5013,3.485,3.4724,3.4648,3.4584,3.4508,3.4389,3.4249,3.4143,3.4041,3.3921,3.3795,3.3662,3.3511,3.3365,3.3259,3.3157,3.3037,3.2918,3.2822,3.2747,3.2651,3.2539,3.245,3.2406,3.2368,3.2317,3.2279,3.2242,3.2184,3.2122,3.2058,3.1989,3.1893,3.1781,3.1685,3.161,3.1521,3.1433,3.1364,3.13,3.1224,3.1105,3.0972,3.0897,3.0852,3.0801,3.0771,3.0764,3.0757,3.0719,3.063,3.0518,3.0422,3.034,3.0214,3.0044,2.9886,2.9753,2.9634,2.9538,2.947,2.9412,2.9381,2.9374,2.9367,2.9337,2.9286,2.9255,2.9241,2.921,2.9153,2.9084,2.8995,2.89,2.8794,2.8647,2.8497,2.8364,2.8238,2.8111,2.7985,2.7866,2.7777,2.7732,2.7695,2.7637,2.7568,2.748,2.7391,2.7316,2.722,2.7101,2.6968,2.6804,2.6596,2.6381,2.6179,2.5964,2.5756,2.5599,2.5497,2.5428,2.5364,2.5302,2.5237,2.5169,2.5073,2.4961,2.4858,2.4759,2.4637,2.4513,2.4384,2.4247,2.4063,2.3855,2.366,2.3476,2.3312,2.3148,2.2971,2.2814,2.268,2.2554,2.2428,2.2301,2.2175,2.2049,2.1923,2.1796,2.1663,2.1506,2.1329,2.1178,2.1076,2.0994,2.0867,2.0697,2.0533,2.0362,2.0154,1.9939,1.9738,1.9523,1.9315,1.9151,1.9018,1.8884,1.8727,1.8536,1.8324,1.812,1.7983,1.7867,1.7717,1.7547,1.742,1.7345,1.7287,1.7256

Intensity : 431.9297,430.5843,428.5613,425.7059,423.0657,421.4092,421.2664,421.8713,421.681,421.9278,423.9948,425.2194,425.7666,425.9704,426.2983,426.4467,426.3652,425.2369,424.0919,424.0715,424.0099,424.6368,424.4044,423.287,420.6836,416.5837,412.7629,414.8429,418.5307,420.8486,420.7988,419.691,418.8555,419.493,419.749,418.0336,417.0989,417.0661,416.1665,415.1354,414.2805,416.9825,419.4097,422.2908,426.4598,431.495,433.7061,434.8055,436.9852,439.7795,441.0936,441.4833,442.016,443.1827,443.5745,443.7246,444.2145,441.8831,439.3587,436.5483,434.0326,429.9695,429.5404,429.1574,429.8264,430.7084,430.5544,429.6319,427.722,425.6941,423.2094,420.6155,418.638,416.6212,413.9965,410.7864,407.2531,404.2729,402.0521,400.6039,399.8493,400.1741,401.1463,402.6522,404.4643,406.8147,409.0287,409.8584,407.1328,405.5372,403.9758,401.9476,399.924,398.5288,398.5323,399.4998,400.0489,401.1813,403.3344,406.1398,409.5772,413.1095,417.0498,421.4435,426.3299,430.6692,434.7528,435.7144,433.0054,430.9143,428.2167,425.0796,421.3428,417.7248,416.4957,416.3999,416.2829,416.0977,418.951,422.5338,426.4168,429.6827,431.3706,430.6553,430.2365,432.1395,434.5461,436.4598,435.9605,435.5299,435.1715,435.0359,435.1311,435.4825,436.3587,438.0316,439.6084,440.8527,443.1524,445.4217,445.8667,445.4296,444.8559,445.8279,447.9236,450.8554,445.0185,437.6064,430.0506,423.6388,418.967,416.0307,414.2175,412.7649,411.6695,410.9384,410.5717,410.5692,410.9995,411.993,413.1068,415.335,416.9293,418.2149,420.4833,423.6964,426.8853,430.4596,437.428,445.9938,453.9098,462.671,471.3673,479.9998,489.5384,498.8928,509.699,522.6206,536.5219,550.5442,564.3694,575.8667,591.1193,608.592,621.3521,628.7782,634.5077,637.39

Time pixel : 19.5669,19.6499,19.7747,19.9509,20.1646,20.3408,20.4785,20.6258,20.7854,20.9037,20.9809,21.0704,21.1823,21.3007,21.419,21.5374,21.6558,21.7741,21.8925,22.0044,22.0939,22.1646,22.2605,22.4078,22.6027,22.8041,22.9932,23.1946,23.3895,23.5497,23.7034,23.8759,24.0586,24.2728,24.532,24.81,25.0532,25.2776,25.5267,25.7634,25.9879,26.2304,26.4383,26.6086,26.8063,27.0114,27.2257,27.4431,27.6349,27.8277,28.0666,28.2652,28.4029,28.5278,28.675,28.8475,29.0237,29.2026,29.3788,29.5577,29.7468,29.9836,30.2551,30.4789,30.6166,30.7227,30.8663,31.0425,31.2567,31.5159,31.7939,32.0306,32.2262,32.4276,32.6354,32.8469,33.08,33.3204,33.5824,33.8351,34.0494,34.2449,34.4881,34.8014,35.1436,35.4699,35.7709,36.0553,36.2856,36.4457,36.5705,36.6889,36.8073,36.9257,37.044,37.1624,37.2872,37.441,37.6423,37.8791,38.1383,38.4002,38.6536,38.9509,39.2802,39.5775,39.8437,40.1699,40.5598,40.9309,41.2282,41.4591,41.7023,41.9803,42.2459,42.4956,42.7612,43.0456,43.3177,43.5898,43.8807,44.1752,44.4725,44.7671,45.0579,45.3236,45.5603,45.7617,45.9154,46.0402,46.1586,46.277,46.3954,46.5202,46.6739,46.8753,47.1056,47.3359,47.5437,47.7263,47.9117,48.1233,48.3723,48.6026,48.7917,48.9706,49.1533,49.3611,49.5849,49.7863,49.94,50.0649,50.1832,50.3016,50.42,50.5384,50.6567,50.7751,50.8935,51.0118,51.1238,51.2132,51.2775,51.338,51.4023,51.4918,51.6037,51.7221,51.8404,51.9588,52.0836,52.2245,52.3616,52.4612,52.5571,52.6755,52.8163,52.9534,53.0531,53.149,53.2609,53.3793,53.4976,53.616,53.7279,53.8174,53.8817,53.9358

Position pixel : 34.1586,34.1586,34.1586,34.1586,34.1586,34.1522,34.1233,34.0756,34.0402,34.0049,33.9508,33.893,33.8324,33.7746,33.714,33.6562,33.6021,33.5668,33.5314,33.4773,33.4195,33.3589,33.2947,33.2052,33.0997,33.0103,32.9331,32.8147,32.6616,32.5432,32.4725,32.412,32.3412,32.2293,32.0986,31.999,31.9031,31.7912,31.6728,31.548,31.4072,31.27,31.1704,31.0745,30.9626,30.8507,30.7612,30.6905,30.601,30.4956,30.4125,30.3707,30.3354,30.2877,30.2524,30.217,30.1629,30.1051,30.0445,29.9803,29.8908,29.7853,29.6959,29.6252,29.5421,29.4591,29.3949,29.3343,29.2636,29.1517,29.0274,28.9567,28.9149,28.8673,28.8384,28.8319,28.8255,28.7901,28.7071,28.6016,28.5122,28.435,28.3166,28.157,28.0098,27.8849,27.773,27.6836,27.6193,27.5652,27.5363,27.5298,27.5234,27.4945,27.4468,27.4179,27.405,27.3761,27.322,27.2577,27.1747,27.0853,26.9856,26.8485,26.7077,26.5829,26.4645,26.3461,26.2277,26.1158,26.0328,25.991,25.9556,25.9015,25.8373,25.7543,25.6712,25.6005,25.5111,25.3991,25.2743,25.1206,24.9257,24.7243,24.5352,24.3338,24.1389,23.9916,23.8957,23.8314,23.7709,23.713,23.6525,23.5882,23.4988,23.3933,23.2974,23.2042,23.0895,22.9739,22.8528,22.7243,22.5518,22.3569,22.1742,22.0017,21.848,21.6943,21.5283,21.381,21.2562,21.1378,21.0194,20.901,20.7827,20.6643,20.5459,20.4276,20.3027,20.1555,19.9894,19.8486,19.7527,19.6755,19.5572,19.3976,19.2438,19.0837,18.8887,18.6873,18.4983,18.2969,18.1019,17.9482,17.8234,17.6986,17.5513,17.3724,17.1737,16.9825,16.854,16.7451,16.6043,16.4447,16.3264,16.2557,16.2015,16.1726

Brightness max : 1064.58
Brightness min :  0.00
Feature direction : Ambiguous
Feature speed : Slow
Feature type : Curve
Start frame : 1
End frame : 126
Start time (s) : 0.000
End time (s) : 1058.410
Time step (s) : 8.467

Feature number : 3

Time (s) : 256.8861,257.6436,258.9453,260.8952,263.1941,265.1441,266.5003,267.5572,268.6141,269.8612,271.267,272.514,273.5709,274.5732,275.6301,276.8771,278.3922,280.238,282.7007,285.5983,288.5505,291.3126,293.8067,296.0793,298.3337,301.3951,305.3992,309.5439,313.3082,316.5598,319.3219,321.6259,323.7396,325.989,328.3425,330.2924,331.7033,333.0049,334.4654,335.9572,337.4176,338.6647,339.8308,341.3772,343.5405,346.0346,348.7967,351.6943,354.4018,356.7057,358.8195,361.0142,363.1776,365.078,367.1918,369.79,372.5521,375.3456,378.2664,381.0599,383.8766,386.8288,389.8357,392.8425,395.7947,398.4476,400.5068,402.1624,403.8676,405.5182,406.8198,407.8767,408.9336,410.2899,412.1852,414.2394,415.8404,417.1966,418.6025,420.0133,421.9684,425.134,429.0602,432.7386,435.6726,438.5126,441.387,444.0631,446.099,447.6687,449.0249,450.5713,452.3807,453.9817,455.5827,457.4467,459.2379,461.0523,463.1661,466.0142,469.6642,472.8562,474.6757,476.0916,478.3905,481.0383,482.8841,484.1594,485.6512,487.4606,488.9524,490.0639,491.1208,492.3678,493.8282,495.4293,497.4884,500.0867,502.6849,504.7441,506.4544,508.4589,510.7578,512.7624,514.3634,515.8238,517.0709,518.1824,519.4294,520.8899,522.4363,524.1415,525.7921,527.1483,528.6138,530.9177,534.2189,537.874,541.425,544.9446,548.3864,551.552,554.1007,556.1599,557.9197,559.5207,561.2259,562.9857,564.7769,566.6955,568.432,569.9471,571.2487,572.5504,574.0108,575.5026,576.9631,578.2647,579.5664,580.9176,581.9199,582.5186,582.9767

Position (um) : 8.8989,8.8989,8.8989,8.8989,8.8989,8.8989,8.8989,8.8989,8.8989,8.8989,8.8989,8.8989,8.8989,8.8989,8.8989,8.8989,8.8989,8.8989,8.8989,8.8989,8.8989,8.8989,8.8989,8.8989,8.8996,8.9027,8.9077,8.9108,8.9115,8.9115,8.9115,8.9115,8.9115,8.9115,8.9115,8.9115,8.9115,8.9115,8.9115,8.9115,8.9115,8.9122,8.9153,8.9204,8.9235,8.9242,8.9242,8.9242,8.9242,8.9242,8.9242,8.9242,8.9248,8.9286,8.9375,8.9487,8.9583,8.9651,8.9716,8.9784,8.988,8.9992,9.0081,9.0126,9.0163,9.0214,9.0252,9.0297,9.0378,9.046,9.0498,9.0505,9.0511,9.0549,9.0631,9.0713,9.075,9.0764,9.0795,9.0846,9.0883,9.0928,9.101,9.1098,9.1167,9.1238,9.1331,9.1446,9.1539,9.1604,9.1634,9.1641,9.1641,9.1648,9.1679,9.1737,9.1805,9.1901,9.202,9.2146,9.2266,9.2361,9.243,9.2495,9.2563,9.2652,9.2733,9.2778,9.2816,9.2867,9.2897,9.2904,9.2911,9.2942,9.3,9.3068,9.3157,9.3245,9.3314,9.3372,9.3409,9.3447,9.3498,9.3536,9.358,9.3662,9.3744,9.3788,9.3826,9.3884,9.3952,9.4041,9.413,9.4198,9.4263,9.4331,9.4427,9.4546,9.4673,9.4806,9.4956,9.5102,9.5209,9.5304,9.5386,9.543,9.5468,9.5526,9.5594,9.5683,9.5765,9.5809,9.5847,9.5905,9.5973,9.6062,9.615,9.6226,9.6314,9.6403,9.6472,9.6529,9.656

Intensity : 1011.4545,1004.1878,991.70147,972.9962,951.58132,934.63083,922.84111,913.65375,904.4664,893.62615,882.67415,876.87126,871.95318,867.28923,862.37115,856.56826,849.51825,850.00779,865.88947,884.57577,903.22111,919.39555,934.00058,947.30847,943.69536,937.8413,931.94438,926.64788,919.33799,898.18707,880.22034,865.23378,868.31892,872.78338,877.45459,881.00257,877.16367,873.62197,869.64824,865.58917,861.61544,858.77061,863.42764,870.66793,877.63971,883.35806,887.684,891.23544,894.55384,895.69743,894.99956,894.27499,894.31069,896.68848,903.44054,912.49943,919.74606,921.55459,920.88425,921.23419,923.51036,927.44425,929.5272,924.74981,920.06288,915.64693,904.25469,896.66601,892.72567,889.42396,885.30154,881.66809,878.03464,876.45905,877.35297,876.68917,877.49664,880.29895,884.23622,889.49481,894.94616,903.97753,917.61764,926.39484,923.11674,921.03214,919.60978,918.93568,919.45756,919.6777,918.27811,916.05982,912.74988,910.51475,910.84194,914.14653,917.85269,921.24353,926.05449,930.90981,927.79092,925.56202,925.12142,924.84212,922.46252,920.86261,921.58447,921.7984,921.20886,919.08593,916.6475,914.46647,912.38738,908.27029,904.54786,901.24867,897.95304,893.81739,888.89572,885.80862,882.94527,880.34453,882.05821,883.38052,885.90738,892.13267,898.311,900.68056,902.20079,905.17362,905.18745,904.46622,906.06482,909.44331,913.1215,918.44023,923.51686,919.79279,918.64644,926.89247,940.87714,943.71543,942.96238,943.71517,945.25835,945.6709,945.15571,945.8651,947.7175,951.38241,954.47209,955.57279,956.82313,959.86931,964.15975,971.03917,972.55411,972.6255,974.41761,976.41335,978.50537,981.68303,982.76656

Time pixel : 30.3387,30.4281,30.5819,30.8122,31.0837,31.314,31.4741,31.599,31.7238,31.8711,32.0371,32.1844,32.3092,32.4276,32.5524,32.6997,32.8786,33.0966,33.3874,33.7296,34.0783,34.4045,34.6991,34.9675,35.2337,35.5953,36.0682,36.5576,37.0022,37.3862,37.7125,37.9846,38.2342,38.4998,38.7778,39.0081,39.1747,39.3284,39.5009,39.6771,39.8496,39.9969,40.1346,40.3172,40.5727,40.8673,41.1935,41.5357,41.8554,42.1275,42.3772,42.6364,42.8919,43.1163,43.366,43.6728,43.999,44.3289,44.6739,45.0038,45.3365,45.6851,46.0402,46.3954,46.744,47.0573,47.3005,47.4961,47.6974,47.8924,48.0461,48.1709,48.2957,48.4559,48.6798,48.9224,49.1114,49.2716,49.4377,49.6043,49.8352,50.209,50.6727,51.1072,51.4537,51.7891,52.1285,52.4446,52.685,52.8704,53.0306,53.2132,53.4269,53.616,53.8051,54.0252,54.2368,54.4511,54.7007,55.0371,55.4681,55.8451,56.06,56.2272,56.4987,56.8114,57.0294,57.18,57.3562,57.5699,57.7461,57.8774,58.0022,58.1495,58.3219,58.511,58.7542,59.0611,59.3679,59.6111,59.8131,60.0499,60.3214,60.5581,60.7472,60.9197,61.0669,61.1982,61.3455,61.518,61.7006,61.902,62.0969,62.2571,62.4302,62.7023,63.0922,63.5238,63.9432,64.3589,64.7654,65.1392,65.4402,65.6834,65.8913,66.0803,66.2817,66.4896,66.7011,66.9277,67.1328,67.3117,67.4654,67.6192,67.7916,67.9678,68.1403,68.294,68.4478,68.6073,68.7257,68.7964,68.8505

Position pixel : 83.401,83.401,83.401,83.401,83.401,83.401,83.401,83.401,83.401,83.401,83.401,83.401,83.401,83.401,83.401,83.401,83.401,83.401,83.401,83.401,83.401,83.401,83.401,83.401,83.4075,83.4364,83.4841,83.513,83.5194,83.5194,83.5194,83.5194,83.5194,83.5194,83.5194,83.5194,83.5194,83.5194,83.5194,83.5194,83.5194,83.5259,83.5548,83.6024,83.6313,83.6378,83.6378,83.6378,83.6378,83.6378,83.6378,83.6378,83.6442,83.6796,83.7626,83.8681,83.9575,84.0218,84.0824,84.1466,84.2361,84.3416,84.4246,84.4664,84.5017,84.5494,84.5848,84.6266,84.7031,84.7797,84.815,84.8215,84.8279,84.8633,84.9399,85.0164,85.0518,85.0647,85.0936,85.1413,85.1766,85.2184,85.295,85.378,85.4423,85.5093,85.596,85.7042,85.7909,85.8515,85.8804,85.8868,85.8868,85.8933,85.9222,85.9763,86.0406,86.13,86.242,86.3603,86.4722,86.5617,86.626,86.6865,86.7508,86.8338,86.9104,86.9522,86.9875,87.0352,87.0641,87.0705,87.077,87.1059,87.16,87.2243,87.3073,87.3903,87.4546,87.5087,87.544,87.5794,87.627,87.6624,87.7042,87.7808,87.8573,87.8991,87.9345,87.9886,88.0529,88.1359,88.2189,88.2832,88.3437,88.408,88.4975,88.6094,88.7277,88.8526,88.9934,89.1305,89.2301,89.3196,89.3962,89.438,89.4733,89.5274,89.5917,89.6747,89.7513,89.7931,89.8284,89.8826,89.9468,90.0298,90.1128,90.1836,90.2666,90.3496,90.4138,90.468,90.4969

Brightness max : 1064.58
Brightness min :  0.00
Feature direction : Ambiguous
Feature speed : Slow
Feature type : Curve
Start frame : 1
End frame : 126
Start time (s) : 0.000
End time (s) : 1058.410
Time step (s) : 8.467

