KYMOANALYSIS DATA

General Information :

Tiff path : E:\Google Drive\microtubule dynamics and cut7\20-15 screens and tests\cut7-tail delete\20-01-17 cut7tailD-GFP, pkl1D, MTs\
Spindle type : Bipolar
Start frame : 1
End frame : 414
Start time (s) : 0.000
End time (s) : 3597.430
Time step (s) : 8.710
Num poles : 2
Num tracks : 1
Num tracks poleward : 0
Num tracks antipoleward : 0
Num tracks ambiguous : 1
Comments : {

}
Poles Information :


Pole number : 1

Time (s) : 777.47264,780.03211,784.38657,790.13054,796.76554,802.77551,806.86396,809.70236,812.40129,815.58579,819.31522,823.12475,826.85418,830.17814,833.5021,837.09206,840.41602,843.73998,847.32995,850.51445,853.21338,855.77286,858.33233,860.8918,863.45127,866.01074,868.57022,871.12969,873.68916,876.24863,878.8081,881.36758,883.92705,886.48652,889.04599,891.74493,894.92942,898.51939,901.70389,904.68175,908.49127,913.2512,917.82521,922.45859,927.43807,932.55702,937.67596,942.7949,947.91385,953.03279,958.2912,964.03517,970.32407,976.69307,983.12143,989.49043,995.91879,1002.4272,1009.2017,1015.6301,1021.8725,1029.4708,1037.9809,1046.0648,1052.5733,1057.9711,1063.0901,1068.0696,1072.5635,1076.7914,1081.7709,1087.4348,1093.5377,1101.2755,1110.5501,1120.5684,1130.2614,1140.0137,1149.6937,1157.9171,1164.4385,1171.4919,1179.2968,1186.2908,1192.2336,1197.5721,1203.5149,1210.6484,1219.2179,1227.5084,1233.9497,1240.3316,1248.6815,1257.4705,1265.7739,1273.2328,1279.1963,1284.5141,1289.7131,1295.5165,1301.6065,1307.5493,1313.5129,1320.2072,1326.5762,1332.7386,1339.5131,1346.2875,1352.171,1357.4294,1362.6878,1368.4317,1374.5812,1380.4646,1386.4875,1393.4014,1401.0798,1409.6622,1419.6212,1430.1251,1439.9575,1449.7098,1459.5293,1468.3777,1475.7901,1482.8435,1489.7574,1496.4053,1503.5982,1511.4832,1518.9421,1525.4635,1533.4208,1543.6458,1554.3692,1564.7466,1574.9845,1584.9434,1593.9313,1601.9687,1610.0526,1617.4521,1623.7539,1630.4018,1638.3463,1646.5102,1654.1886,1661.242,1668.0294,1675.5684,1683.7917,1692.3147,1701.5686,1710.497,1719.0794,1727.9278,1736.8562,1745.4257,1752.3396,1757.6109,1763.6338,1771.1599,1778.0738,1783.6912,1789.2156,1794.0557,1797.798,1801.8865,1807.5503,1814.5444,1822.4888,1830.0277,1836.9546,1844.633,1853.4814,1863.0349,1872.7743,1881.0777,1887.8651,1894.4329,1901.4269,1909.0253,1916.7838,1925.286,1934.8395,1945.0645,1954.1918,1962.7277,1973.4304,1985.8895,1999.6502,2014.6687,2030.072,2043.714,2056.3047,2068.5442,2079.327,2088.1289,2096.4917,2104.5163,2111.8486,2118.9821,2126.7198,2135.1034,2144.3572,2153.0068,2160.0601,2165.3186,2169.5465,2174.0404,2179.1593,2184.9033,2191.0527,2196.9362,2202.8196,2208.969,2214.5735,2219.3464,2223.9204,2228.9593,2234.1583,2239.9616,2246.6096,2254.913,2264.7919,2274.9704,2284.7098,2292.3882,2298.2846,2304.7129,2311.8335,2318.2618,2323.8793,2330.1682,2336.6637,2342.0616,2347.054,2353.3429,2360.8818,2369.4642,2379.2837,2389.1626,2397.825,2406.0484,2413.3084,2418.5668,2422.0302,2424.7292,2427.2886,2430.127,2433.9366,2438.836,2443.8955,2449.0738,2454.2729,2459.9368,2465.5413,2470.9391,2476.6831,2482.8325,2488.4371,2493.0704,2497.1589,2501.6528,2506.6323,2511.7512,2516.7307,2521.0852,2524.5486,2527.8725,2531.4625,2534.647,2537.3459,2539.9054,2542.4649,2545.0244,2547.5838,2550.1433,2552.7028,2555.2622,2557.8217,2560.3812,2562.9407,2565.5001,2568.0596,2570.4796,2572.4141,2573.943,2575.8775,2578.2975,2580.857,2583.4164,2586.1154,2589.2999,2592.8898,2595.9349,2598.0088,2599.5378,2601.3327,2603.2672,2605.4212,2608.5256,2612.1957,2615.9251,2619.1096,2621.8085,2624.368,2626.788,2628.583,2629.3475

Position (um) : 5.2103,5.2027,5.1901,5.1824,5.1807,5.1807,5.1807,5.1807,5.179,5.1713,5.1587,5.151,5.1476,5.14,5.1274,5.118,5.1086,5.096,5.0883,5.0866,5.0866,5.0849,5.0773,5.0646,5.057,5.0536,5.0459,5.0333,5.0256,5.0239,5.0222,5.0146,5.0019,4.9943,4.9926,4.9926,4.9909,4.9832,4.9706,4.9629,4.9612,4.9612,4.9612,4.9612,4.9612,4.9595,4.9519,4.9392,4.9299,4.9205,4.9079,4.8985,4.8892,4.8765,4.8689,4.8672,4.8672,4.8672,4.8672,4.8672,4.8672,4.8672,4.8655,4.8578,4.8452,4.8375,4.8358,4.8358,4.8358,4.8341,4.8265,4.8121,4.7968,4.7791,4.7561,4.7274,4.7045,4.6867,4.6697,4.6477,4.6274,4.6181,4.6163,4.6163,4.6146,4.607,4.5944,4.5867,4.585,4.585,4.585,4.585,4.585,4.585,4.585,4.585,4.585,4.585,4.585,4.585,4.585,4.585,4.585,4.585,4.585,4.585,4.585,4.585,4.585,4.585,4.585,4.585,4.585,4.585,4.585,4.585,4.585,4.585,4.585,4.585,4.5833,4.5756,4.563,4.5554,4.5536,4.5519,4.5443,4.5317,4.524,4.5223,4.5223,4.5223,4.5223,4.5223,4.5223,4.5223,4.5223,4.5223,4.5223,4.5223,4.5223,4.5223,4.5223,4.5223,4.5206,4.5129,4.5003,4.4909,4.4816,4.4672,4.4502,4.4265,4.3969,4.3655,4.3342,4.3045,4.2808,4.2638,4.2495,4.2418,4.2401,4.2401,4.2401,4.2401,4.2401,4.2401,4.2401,4.2384,4.2308,4.2164,4.1994,4.1774,4.1554,4.1367,4.113,4.0834,4.052,4.0206,3.9893,3.9579,3.9266,3.8935,3.8545,3.8105,3.7715,3.7385,3.7037,3.6553,3.5894,3.5207,3.4546,3.3842,3.3089,3.2385,3.1758,3.1225,3.0818,3.0504,3.0267,3.0097,2.9937,2.9784,2.9606,2.9376,2.909,2.886,2.87,2.8606,2.8512,2.8386,2.8293,2.8199,2.8056,2.7885,2.7665,2.7446,2.7275,2.7132,2.7056,2.7021,2.6928,2.6725,2.6505,2.6318,2.6064,2.5691,2.5268,2.4954,2.475,2.4513,2.4234,2.3997,2.381,2.3573,2.3293,2.3056,2.2852,2.2555,2.2192,2.1869,2.1582,2.1429,2.1395,2.1395,2.1395,2.1395,2.1395,2.1395,2.1378,2.1301,2.1158,2.1005,2.0844,2.0691,2.0531,2.0361,2.0141,1.9938,1.9844,1.981,1.9717,1.9514,1.9294,1.9124,1.898,1.8904,1.8887,1.887,1.8793,1.8667,1.859,1.8573,1.8573,1.8573,1.8573,1.8573,1.8556,1.848,1.8353,1.8277,1.8243,1.8166,1.804,1.7963,1.7946,1.7929,1.7853,1.7726,1.765,1.7616,1.7539,1.7413,1.7319,1.7226,1.7099,1.7006,1.6912,1.6786,1.6692,1.6598,1.6472,1.6396,1.6361,1.6285,1.6159,1.6082,1.6065,1.6048,1.5971,1.5845

Intensity : 797.04746,795.10219,787.09423,751.35064,739.89074,743.40533,737.04425,732.62809,735.44904,743.82704,751.50451,732.23411,709.055,727.62521,758.62491,780.412,760.50899,745.98611,736.81523,727.16707,716.78095,718.27064,728.87224,744.80012,749.75907,743.80467,741.14832,741.04976,733.39394,720.5433,707.50447,716.10438,747.75534,775.25326,790.67978,789.04367,790.1015,799.34153,813.44532,818.48674,807.89242,789.34607,754.26498,711.41051,739.12228,782.70444,803.52071,830.61884,845.36792,869.63574,905.64027,885.45834,872.62836,874.35978,888.69711,945.16613,992.68642,1005.8675,916.60673,915.29384,911.32288,868.83389,825.57162,883.43694,928.12173,940.80327,942.72437,966.89804,990.63987,1019.8611,1046.8493,1055.0184,1021.8825,1013.2389,1029.7755,944.10793,989.38245,986.38092,907.69429,861.20097,773.73304,719.15152,707.79015,723.21843,746.14401,761.79014,763.21766,757.72468,755.55423,667.54495,655.04338,612.04691,586.60259,671.62882,703.73888,693.0009,656.74768,695.30778,747.08539,739.38124,735.58265,744.24276,802.6634,820.2252,786.83522,707.51571,767.72654,749.64314,718.34829,708.72443,712.75889,727.72278,773.75537,794.75329,808.24372,828.44229,812.2433,738.30205,833.36967,854.18914,861.29186,845.53639,852.08921,824.8495,798.85411,805.70888,826.28073,836.47026,836.39067,856.12134,873.27619,879.70043,930.01157,886.053,925.94347,913.8384,886.79281,879.26132,788.92602,845.10206,815.33598,821.5149,830.10323,835.70292,845.97378,878.43913,873.00679,932.05327,912.63186,868.46274,864.25985,832.53263,832.52601,874.65602,875.2237,895.47749,935.41942,952.20014,942.5503,930.42497,929.62561,942.53178,966.65922,978.80227,938.35531,877.71924,874.48444,874.376,867.53144,845.57683,817.34122,849.74541,901.40121,849.5481,789.57074,786.46316,792.10613,712.34699,783.8508,816.3757,807.67637,813.65169,796.72875,820.60507,816.06111,775.76102,788.46772,792.17653,853.15573,800.07082,855.79748,817.56717,836.32658,832.94889,775.0963,804.32166,840.58104,812.08456,783.4412,767.48197,765.39144,747.83556,708.70314,704.77872,805.76111,720.14755,735.33966,721.31914,713.45805,700.51349,680.78011,659.86583,674.02446,685.1181,662.08472,650.41391,644.07499,642.59255,632.08993,612.94729,623.98398,640.13005,613.43528,598.51949,615.43956,585.90455,609.93405,562.13416,585.10235,595.90736,585.57138,579.68433,612.39804,593.08874,549.9756,502.40494,541.40995,590.06109,513.73177,510.62667,500.8662,536.09199,488.59282,488.80295,525.54361,550.55628,563.45341,557.56628,552.73586,549.73831,556.13775,567.84963,539.12045,510.69114,501.09801,488.20584,477.72682,477.21796,476.03112,479.09309,475.98853,477.94352,478.60543,476.78624,481.62318,471.68079,450.6585,442.84757,438.27141,425.38959,404.37306,385.51637,379.64349,374.46373,369.28397,368.87589,371.85226,376.14864,380.89862,380.84089,379.5508,378.2578,376.23541,372.82516,368.7542,367.09933,369.41936,372.55273,376.92423,382.25189,378.35886,375.67439,371.96117,371.32849,371.0271,368.55898,367.06987,366.20633,365.64901,365.42841,361.20314,346.96028,329.80137,316.25196,305.27443,295.59876,290.33726,285.4787,281.83048,280.31885

Time pixel : 89.25711,89.55095,90.05086,90.71029,91.47201,92.16198,92.63136,92.95722,93.26706,93.63266,94.06081,94.49816,94.92632,95.30792,95.68952,96.10167,96.48327,96.86488,97.27702,97.64261,97.95246,98.2463,98.54014,98.83398,99.12781,99.42165,99.71549,100.0093,100.3032,100.597,100.8908,101.1847,101.4785,101.7724,102.0662,102.376,102.7416,103.1538,103.5194,103.8612,104.2986,104.8451,105.3702,105.9021,106.4738,107.0614,107.6491,108.2368,108.8245,109.4121,110.0158,110.6753,111.3973,112.1284,112.8664,113.5976,114.3356,115.0828,115.8606,116.5986,117.3152,118.1876,119.1645,120.0926,120.8398,121.4595,122.0472,122.6189,123.1348,123.6202,124.1918,124.8421,125.5427,126.431,127.4958,128.6459,129.7587,130.8783,131.9896,132.9337,133.6824,134.4922,135.3882,136.1911,136.8734,137.4863,138.1685,138.9875,139.9713,140.9231,141.6626,142.3953,143.3539,144.3629,145.3161,146.1724,146.8571,147.4676,148.0645,148.7307,149.4299,150.1121,150.7968,151.5653,152.2965,153.004,153.7817,154.5594,155.2349,155.8386,156.4423,157.1017,157.8077,158.4831,159.1746,159.9683,160.8498,161.8351,162.9784,164.1843,165.3131,166.4327,167.5601,168.5759,169.4269,170.2366,171.0304,171.7936,172.6194,173.5246,174.3809,175.1296,176.0431,177.217,178.4481,179.6394,180.8148,181.9581,182.99,183.9127,184.8408,185.6903,186.4137,187.1769,188.089,189.0263,189.9078,190.7175,191.4967,192.3623,193.3063,194.2848,195.3472,196.3722,197.3575,198.3733,199.3984,200.3822,201.1759,201.7811,202.4725,203.3366,204.1303,204.7752,205.4094,205.9651,206.3947,206.8641,207.5143,208.3173,209.2293,210.0948,210.8901,211.7716,212.7874,213.8842,215.0023,215.9556,216.7348,217.4888,218.2918,219.1641,220.0548,221.0309,222.1277,223.3015,224.3494,225.3293,226.5581,227.9884,229.5682,231.2924,233.0608,234.6269,236.0724,237.4775,238.7154,239.7259,240.686,241.6073,242.449,243.268,244.1563,245.1188,246.1812,247.1742,247.9839,248.5876,249.073,249.5889,250.1766,250.836,251.542,252.2175,252.8929,253.5989,254.2423,254.7902,255.3154,255.8938,256.4907,257.157,257.9202,258.8734,260.0076,261.1761,262.2942,263.1757,263.8527,264.5907,265.4081,266.1461,266.7911,267.513,268.2588,268.8785,269.4516,270.1736,271.0391,272.0244,273.1517,274.2858,275.2803,276.2244,277.0579,277.6616,278.0592,278.369,278.6629,278.9887,279.4261,279.9886,280.5694,281.1639,281.7608,282.411,283.0544,283.6741,284.3336,285.0396,285.683,286.2149,286.6843,287.2002,287.7719,288.3595,288.9312,289.4311,289.8287,290.2103,290.6225,290.9881,291.2979,291.5918,291.8856,292.1794,292.4733,292.7671,293.0609,293.3548,293.6486,293.9425,294.2363,294.5301,294.824,295.1018,295.3239,295.4994,295.7215,295.9993,296.2932,296.587,296.8969,297.2624,297.6746,298.0242,298.2623,298.4378,298.6439,298.866,299.1132,299.4696,299.891,300.3191,300.6847,300.9946,301.2884,301.5662,301.7723,301.8601

Position pixel : 48.8317,48.7599,48.6416,48.5698,48.5538,48.5538,48.5538,48.5538,48.5378,48.4661,48.3478,48.276,48.244,48.1722,48.0539,47.9661,47.8784,47.7601,47.6883,47.6723,47.6723,47.6563,47.5845,47.4662,47.3945,47.3625,47.2907,47.1724,47.1006,47.0846,47.0686,46.9969,46.8786,46.8068,46.7908,46.7908,46.7748,46.703,46.5847,46.513,46.497,46.497,46.497,46.497,46.497,46.4809,46.4092,46.2909,46.2031,46.1154,45.997,45.9093,45.8215,45.7032,45.6315,45.6154,45.6154,45.6154,45.6154,45.6154,45.6154,45.6154,45.5994,45.5277,45.4094,45.3376,45.3216,45.3216,45.3216,45.3056,45.2338,45.0995,44.956,44.7897,44.5744,44.3058,44.0905,43.9242,43.7646,43.5586,43.3685,43.2807,43.2647,43.2647,43.2487,43.177,43.0587,42.9869,42.9709,42.9709,42.9709,42.9709,42.9709,42.9709,42.9709,42.9709,42.9709,42.9709,42.9709,42.9709,42.9709,42.9709,42.9709,42.9709,42.9709,42.9709,42.9709,42.9709,42.9709,42.9709,42.9709,42.9709,42.9709,42.9709,42.9709,42.9709,42.9709,42.9709,42.9709,42.9709,42.9549,42.8831,42.7648,42.6931,42.6771,42.6611,42.5893,42.471,42.3992,42.3832,42.3832,42.3832,42.3832,42.3832,42.3832,42.3832,42.3832,42.3832,42.3832,42.3832,42.3832,42.3832,42.3832,42.3832,42.3672,42.2955,42.1772,42.0894,42.0016,41.8673,41.7078,41.4857,41.2079,40.914,40.6202,40.3424,40.1203,39.9608,39.8264,39.7547,39.7387,39.7387,39.7387,39.7387,39.7387,39.7387,39.7387,39.7227,39.6509,39.5166,39.3571,39.151,38.9449,38.7694,38.5473,38.2695,37.9757,37.6818,37.388,37.0941,36.8003,36.4905,36.1249,35.7127,35.3471,35.0373,34.7114,34.2581,33.6398,32.9964,32.3767,31.7173,31.0113,30.3519,29.7642,29.2643,28.8827,28.5888,28.3668,28.2072,28.0569,27.9134,27.7471,27.5318,27.2632,27.0479,26.8976,26.8098,26.722,26.6037,26.516,26.4282,26.2939,26.1344,25.9283,25.7222,25.5627,25.4284,25.3566,25.3246,25.2368,25.0468,24.8407,24.6652,24.4271,24.0775,23.6814,23.3875,23.196,22.9739,22.7121,22.49,22.3145,22.0924,21.8306,21.6085,21.4169,21.1391,20.7987,20.4957,20.2271,20.0836,20.0515,20.0515,20.0515,20.0515,20.0515,20.0515,20.0355,19.9638,19.8294,19.6859,19.5356,19.3921,19.2418,19.0822,18.8762,18.6861,18.5983,18.5663,18.4786,18.2885,18.0824,17.9229,17.7886,17.7168,17.7008,17.6848,17.6131,17.4948,17.423,17.407,17.407,17.407,17.407,17.407,17.391,17.3192,17.2009,17.1292,17.0971,17.0254,16.9071,16.8353,16.8193,16.8033,16.7315,16.6132,16.5415,16.5095,16.4377,16.3194,16.2316,16.1439,16.0256,15.9378,15.85,15.7317,15.644,15.5562,15.4379,15.3661,15.3341,15.2624,15.144,15.0723,15.0563,15.0403,14.9685,14.8502

Pole type : Curve
Start frame : 1
End frame : 414
Start time (s) : 0.000
End time (s) : 3597.430
Time step (s) : 8.710

Pole number : 2

Time (s) : 790.72394,791.74147,794.31622,798.36916,803.14741,807.38597,810.97825,814.38491,817.79157,821.19823,824.60488,828.01154,831.23257,833.80732,835.84239,838.41714,841.63817,845.04483,848.45148,851.85814,855.2648,858.85708,863.09565,867.87389,872.11246,875.70474,879.1114,882.51806,885.73909,888.31384,890.3489,892.92365,896.14468,899.73697,903.97553,908.75378,912.99235,916.58463,919.99128,923.39794,926.8046,930.39688,935.0067,941.44876,948.61613,954.70414,960.22488,966.3129,973.48027,980.10796,985.73531,991.71671,998.15878,1004.1402,1009.5819,1015.3777,1020.9878,1025.5977,1030.2075,1035.8176,1041.6134,1046.8695,1052.019,1057.0895,1062.4246,1068.327,1074.6624,1079.7329,1083.6965,1087.935,1093.0845,1099.1725,1106.5255,1113.9851,1120.9841,1127.6117,1133.5932,1139.0349,1145.0163,1151.644,1158.4573,1165.2706,1171.8983,1177.6941,1182.3039,1186.9137,1192.5239,1198.5053,1204.7789,1212.3175,1220.609,1228.9796,1236.6248,1243.6237,1250.6227,1258.2679,1266.6384,1275.3012,1284.5036,1293.706,1302.1832,1309.7218,1315.9954,1322.1625,1328.9758,1336.8066,1345.8234,1354.6546,1361.6536,1367.2809,1373.2623,1379.89,1386.7033,1393.331,1399.1268,1403.551,1407.3289,1411.5675,1416.5313,1421.6018,1426.9369,1433.0249,1440.1923,1446.82,1452.4473,1458.6144,1466.074,1474.4445,1482.9216,1491.1065,1497.9198,1503.5472,1509.343,1515.1388,1520.5805,1526.7475,1534.3927,1543.5952,1553.4439,1562.832,1571.3091,1578.8477,1584.9357,1590.0852,1594.3238,1597.9161,1601.5083,1605.9325,1611.5427,1617.3385,1622.5946,1627.7441,1632.8145,1637.964,1643.0345,1648.184,1653.4401,1659.2359,1664.8461,1669.2702,1673.0481,1677.1011,1681.0474,1684.1,1687.6923,1692.4706,1697.7267,1703.5224,1709.5038,1715.7775,1723.1305,1730.9613,1739.8097,1750.3837,1761.4356,1772.6731,1784.2647,1795.1309,1804.519,1812.3498,1819.3488,1826.3477,1833.9929,1842.1779,1849.8231,1857.0076,1864.6529,1873.0234,1881.5005,1889.8711,1897.5163,1904.5152,1911.5142,1919.345,1928.5474,1938.3962,1947.7842,1956.2614,1963.8,1970.0736,1976.2406,1983.054,1990.6992,1998.8841,2006.3437,2012.6963,2018.97,2026.1373,2032.5794,2037.1892,2040.7815,2044.5594,2049.8155,2057.1685,2065.2744,2072.813,2079.0866,2084.8824,2089.8463,2093.7308,2098.0484,2103.1189,2109.2859,2116.7455,2124.9304,2132.5756,2139.7602,2147.2198,2154.5728,2160.8464,2166.8278,2172.438,2176.8622,2180.4544,2183.6755,2186.4359,2189.1172,2192.2316,2195.2842,2199.8941,2206.6902,2213.1322,2217.9277,2222.5375,2228.1476,2233.9434,2239.1995,2244.1634,2248.7732,2254.0293,2260.1792,2265.4353,2270.2307,2276.0265,2282.6542,2289.4675,2296.0952,2302.0766,2307.3327,2312.2965,2316.7207,2321.3306,2326.9407,2332.7365,2338.1782,2344.1596,2350.6017,2356.3975,2360.8217,2364.5996,2368.8381,2373.802,2378.8725,2383.8363,2388.2605,2392.6847,2397.463,2401.8872,2406.3114,2410.904,2414.3106,2416.5313,2419.1061,2422.3271,2425.7338,2429.1404,2432.5471,2435.9537,2439.546,2443.7846,2448.5628,2452.6158,2455.5618,2458.4287,2462.5607,2467.4456,2472.5951,2477.6655,2482.6294,2486.868,2490.4603,2493.8669,2497.2736,2500.4946,2503.255,2506.122,2510.0683,2514.1212,2517.7135,2520.9345,2523.5093,2525.3587,2527.1016,2528.7654,2530.3226

Position (um) : 5.4914,5.5082,5.51839,5.52066,5.52066,5.52066,5.52066,5.52066,5.52066,5.52066,5.52066,5.52066,5.52294,5.53313,5.54993,5.56012,5.56467,5.57486,5.59166,5.60185,5.60412,5.60412,5.6064,5.61659,5.63339,5.64358,5.64585,5.64585,5.64813,5.65832,5.67512,5.68531,5.68758,5.68758,5.68758,5.68758,5.68758,5.68758,5.68758,5.68758,5.68758,5.68758,5.68758,5.68758,5.68758,5.68758,5.68758,5.68758,5.68758,5.68758,5.68758,5.68758,5.68758,5.68758,5.68531,5.67512,5.65832,5.64813,5.64358,5.63339,5.61659,5.6064,5.60412,5.60185,5.59166,5.57486,5.56467,5.56012,5.54993,5.53313,5.52294,5.52066,5.52066,5.52066,5.52066,5.52066,5.52066,5.52066,5.52066,5.52066,5.52066,5.52066,5.52066,5.52066,5.52066,5.52294,5.53313,5.54993,5.56239,5.57941,5.61659,5.66266,5.6955,5.71685,5.72704,5.73159,5.74178,5.75858,5.76877,5.77105,5.77105,5.77105,5.77105,5.77105,5.77105,5.77105,5.77105,5.77105,5.77105,5.77105,5.77105,5.77105,5.77332,5.78351,5.80031,5.81278,5.82524,5.84204,5.85223,5.85678,5.86697,5.88377,5.89624,5.9087,5.9255,5.93569,5.93797,5.93797,5.93797,5.94024,5.95043,5.96723,5.97742,5.9797,5.98197,5.99216,6.01124,6.03389,6.06543,6.10489,6.14434,6.17361,6.18607,6.19062,6.20081,6.21761,6.2278,6.23008,6.23008,6.23235,6.24254,6.25934,6.26953,6.27408,6.28427,6.30107,6.31126,6.31581,6.326,6.3428,6.35299,6.35754,6.36773,6.38453,6.397,6.41174,6.43873,6.46572,6.48046,6.4952,6.52446,6.56165,6.59319,6.61811,6.64965,6.68684,6.71838,6.7433,6.77484,6.81203,6.84357,6.8685,6.89776,6.92703,6.95196,6.9835,7.02068,7.04994,7.06468,7.07715,7.09622,7.1166,7.13568,7.14814,7.16288,7.19215,7.22933,7.26087,7.2858,7.31961,7.36926,7.43006,7.49217,7.55298,7.6049,7.65118,7.70083,7.74917,7.78201,7.80563,7.82829,7.85756,7.88682,7.91175,7.94329,7.98275,8.0222,8.05374,8.0764,8.09547,8.11021,8.13514,8.18121,8.22858,8.26467,8.29751,8.33566,8.36623,8.38986,8.41024,8.42931,8.44178,8.45424,8.47104,8.48351,8.49597,8.51505,8.53543,8.55678,8.57943,8.6087,8.63797,8.66517,8.70462,8.75069,8.78581,8.81962,8.85908,8.90081,8.94254,8.98427,9.02373,9.05527,9.0802,9.11401,9.16366,9.22219,9.27411,9.31811,9.35984,9.40157,9.4433,9.48503,9.52676,9.57077,9.62269,9.68122,9.73314,9.77715,9.81888,9.85833,9.88987,9.9148,9.94407,9.97333,9.99599,10.0173,10.0377,10.0568,10.0693,10.0817,10.1008,10.1212,10.1425,10.1652,10.1967,10.2339,10.2654,10.2904,10.3219,10.3591,10.3906,10.4156,10.4471,10.4866,10.5283,10.5677,10.5993,10.6242,10.6558,10.6929,10.7245,10.7494,10.7809,10.8181,10.8497,10.8723,10.8937,10.9141,10.9354,10.9558,10.9771,10.9975,11.0166,11.0268

Intensity : 694.794,684.1465,687.5378,708.5302,708.3427,668.7044,655.2266,699.2413,743.256,775.0052,801.7016,823.7732,819.2425,811.9776,800.3473,780.4467,767.8062,748.7865,712.5956,686.5345,703.7482,763.4876,826.932,864.202,866.8214,836.5235,819.0031,797.7447,774.0519,746.0981,718.3372,703.768,701.067,695.6048,686.4642,718.6824,772.4859,805.5089,827.1548,847.8311,831.3372,813.9446,788.571,759.6971,806.7803,863.2106,887.3992,860.231,850.8705,808.3597,758.8123,707.6981,745.1019,785.7851,803.5528,766.4159,754.383,798.566,802.2948,754.5126,745.8143,756.4385,785.8095,808.4219,824.6113,759.2955,713.5382,698.6606,694.2114,678.6984,691.1353,700.7123,657.7677,755.7737,765.0996,747.6378,734.5075,761.5085,797.7155,809.8549,738.7538,771.568,754.9003,726.4579,710.7397,735.0604,821.6881,800.7104,753.3656,712.0887,654.691,696.1316,630.9913,543.9532,539.2052,553.923,529.6926,486.9709,545.63,666.5456,716.8972,734.2754,732.3483,696.2071,632.5114,626.6805,741.1534,765.5189,736.6323,771.6215,837.4289,839.9337,814.2276,878.6367,895.9541,882.367,793.8564,698.6751,712.5117,742.6943,787.1513,790.9755,809.7028,839.1452,821.1719,796.1191,786.0939,823.2528,834.968,854.9687,830.7375,788.6662,767.065,777.1789,804.647,777.0281,681.5661,742.076,718.5638,714.76,720.3439,722.0423,681.1188,699.935,705.0152,681.2592,667.5235,666.664,670.4213,671.9603,680.1118,702.7719,707.5828,709.9527,725.9051,729.1873,719.6749,718.9046,715.7214,727.705,744.5146,719.0783,699.9735,694.0758,686.786,690.9508,711.5495,709.2697,705.8197,730.9718,656.4967,671.1008,692.7453,740.8119,679.4216,688.3746,698.2509,736.0743,717.4609,747.0046,731.9391,731.5616,736.6215,781.8552,776.6712,733.6099,728.5579,800.4223,739.294,704.352,691.364,693.4467,691.0819,667.313,609.6986,555.8087,555.2744,598.8702,627.1489,657.4207,733.9619,755.3531,749.8046,794.738,808.436,778.6752,742.0077,760.6344,775.0777,745.9974,734.6598,729.7009,734.318,740.2383,717.6823,695.8529,708.6851,690.9534,663.7875,668.5224,686.6994,654.6443,617.2618,610.8701,576.5479,571.1793,573.3955,573.5806,562.6583,562.2033,570.1715,574.8466,578.6301,571.0122,558.6397,546.4237,543.4202,542.6691,538.2068,529.5903,548.2603,605.5788,598.5363,598.0541,613.3722,573.6406,532.4882,517.2872,507.0332,519.7945,529.5153,526.8102,495.9761,454.018,403.5885,425.2756,451.8621,453.4176,394.5148,389.0454,399.7501,382.4663,374.2368,418.2938,420.9393,399.3176,365.8606,354.6068,355.1791,380.1762,406.4981,383.2696,360.2521,348.869,343.7018,345.1408,357.3605,381.2757,378.8585,351.2711,340.0006,340.1905,341.6503,347.2938,362.5393,380.5584,380.2686,365.8889,356.3593,376.9805,397.1836,395.2714,394.6423,382.1319,351.9033,343.0568,365.9649,352.8688,333.397,328.0338,321.1334,313.7896,307.142,301.1944,296.8057,293.458,287.9849,277.9724,270.7734,275.3419,278.6436,280.5713,282.5676,284.3969,286.7553

Time pixel : 90.77841,90.89523,91.19082,91.65612,92.20468,92.69128,93.10369,93.49479,93.88589,94.27699,94.66809,95.05919,95.42897,95.72457,95.9582,96.25379,96.62358,97.01468,97.40578,97.79687,98.18797,98.60038,99.08699,99.63555,100.1222,100.5346,100.9257,101.3168,101.6865,101.9821,102.2158,102.5114,102.8812,103.2936,103.7802,104.3287,104.8153,105.2277,105.6188,106.0099,106.401,106.8135,107.3427,108.0823,108.9051,109.604,110.2378,110.9368,111.7596,112.5205,113.1665,113.8532,114.5928,115.2795,115.9042,116.5696,117.2137,117.7429,118.2721,118.9162,119.5816,120.185,120.7762,121.3583,121.9708,122.6484,123.3757,123.9579,124.4129,124.8995,125.4907,126.1896,127.0338,127.8901,128.6937,129.4545,130.1412,130.766,131.4527,132.2135,132.9957,133.7779,134.5388,135.2042,135.7334,136.2627,136.9067,137.5934,138.3137,139.1791,140.131,141.092,141.9697,142.7732,143.5767,144.4544,145.4154,146.4099,147.4664,148.5229,149.4961,150.3615,151.0818,151.7898,152.572,153.471,154.5062,155.52,156.3235,156.9696,157.6563,158.4171,159.1993,159.9602,160.6256,161.1335,161.5672,162.0538,162.6237,163.2058,163.8183,164.5173,165.3401,166.101,166.747,167.455,168.3114,169.2724,170.2456,171.1853,171.9675,172.6135,173.2789,173.9443,174.569,175.277,176.1547,177.2112,178.3419,179.4196,180.3929,181.2583,181.9572,182.5484,183.035,183.4474,183.8599,184.3678,185.0118,185.6772,186.2806,186.8718,187.4539,188.0451,188.6272,189.2184,189.8218,190.4872,191.1313,191.6392,192.0729,192.5382,192.9913,193.3417,193.7541,194.3027,194.9061,195.5715,196.2582,196.9784,197.8226,198.7216,199.7374,200.9514,202.2202,203.5103,204.841,206.0885,207.1663,208.0653,208.8688,209.6724,210.5501,211.4897,212.3674,213.1922,214.0699,215.0309,216.0041,216.9651,217.8428,218.6463,219.4498,220.3488,221.4053,222.536,223.6138,224.587,225.4524,226.1727,226.8807,227.6629,228.5406,229.4802,230.3366,231.066,231.7862,232.609,233.3486,233.8778,234.2902,234.724,235.3274,236.1715,237.1021,237.9676,238.6878,239.3532,239.9231,240.369,240.8647,241.4468,242.1548,243.0112,243.9509,244.8286,245.6534,246.5098,247.354,248.0742,248.7609,249.405,249.9129,250.3253,250.6951,251.012,251.3198,251.6774,252.0278,252.557,253.3373,254.0768,254.6274,255.1566,255.8007,256.466,257.0695,257.6393,258.1686,258.772,259.478,260.0814,260.632,261.2974,262.0582,262.8404,263.6013,264.288,264.8914,265.4613,265.9692,266.4984,267.1425,267.8079,268.4326,269.1193,269.8589,270.5243,271.0322,271.4659,271.9525,272.5224,273.1045,273.6744,274.1823,274.6902,275.2388,275.7467,276.2546,276.7819,277.173,277.4279,277.7235,278.0933,278.4844,278.8755,279.2666,279.6577,280.0701,280.5567,281.1052,281.5705,281.9088,282.2379,282.7123,283.2731,283.8642,284.4464,285.0162,285.5028,285.9152,286.3063,286.6974,287.0672,287.3841,287.7133,288.1663,288.6316,289.044,289.4138,289.7094,289.9217,290.1218,290.3128,290.4916

Position pixel : 51.46578,51.62324,51.71875,51.74006,51.74006,51.74006,51.74006,51.74006,51.74006,51.74006,51.74006,51.74006,51.76137,51.85687,52.01434,52.10984,52.15247,52.24797,52.40544,52.50094,52.52225,52.52225,52.54356,52.63907,52.79654,52.89204,52.91335,52.91335,52.93466,53.03017,53.18763,53.28314,53.30445,53.30445,53.30445,53.30445,53.30445,53.30445,53.30445,53.30445,53.30445,53.30445,53.30445,53.30445,53.30445,53.30445,53.30445,53.30445,53.30445,53.30445,53.30445,53.30445,53.30445,53.30445,53.28314,53.18763,53.03017,52.93466,52.89204,52.79654,52.63907,52.54356,52.52225,52.50094,52.40544,52.24797,52.15247,52.10984,52.01434,51.85687,51.76137,51.74006,51.74006,51.74006,51.74006,51.74006,51.74006,51.74006,51.74006,51.74006,51.74006,51.74006,51.74006,51.74006,51.74006,51.76137,51.85687,52.01434,52.13116,52.29059,52.63907,53.07082,53.37865,53.57873,53.67424,53.71686,53.81237,53.96983,54.06534,54.08665,54.08665,54.08665,54.08665,54.08665,54.08665,54.08665,54.08665,54.08665,54.08665,54.08665,54.08665,54.08665,54.10796,54.20346,54.36093,54.47775,54.59456,54.75203,54.84753,54.89016,54.98566,55.14313,55.25994,55.37676,55.53422,55.62973,55.65104,55.65104,55.65104,55.67235,55.76786,55.92532,56.02083,56.04214,56.06345,56.15896,56.33773,56.55006,56.84565,57.21544,57.58522,57.8595,57.97632,58.01894,58.11445,58.27191,58.36742,58.38873,58.38873,58.41004,58.50555,58.66301,58.75852,58.80114,58.89665,59.05411,59.14962,59.19224,59.28775,59.44521,59.54072,59.58334,59.67884,59.83631,59.95313,60.09125,60.34422,60.59719,60.73532,60.87345,61.14773,61.49621,61.7918,62.02543,62.32103,62.6695,62.9651,63.19873,63.49432,63.8428,64.13839,64.37203,64.64631,64.92059,65.15422,65.44981,65.79829,66.07257,66.2107,66.32752,66.50629,66.69731,66.87608,66.9929,67.13103,67.40531,67.75378,68.04938,68.28301,68.59991,69.06521,69.63508,70.21719,70.78707,71.27367,71.70739,72.17268,72.62574,72.93357,73.15497,73.36729,73.64157,73.91585,74.14949,74.44508,74.81487,75.18466,75.48025,75.69257,75.87135,76.00947,76.24311,76.67485,77.11884,77.45705,77.76488,78.12243,78.40895,78.63035,78.82136,79.00013,79.11695,79.23377,79.39123,79.50805,79.62487,79.80364,79.99465,80.19474,80.40706,80.68134,80.95563,81.21057,81.58036,82.0121,82.34125,82.65815,83.02794,83.41903,83.81013,84.20123,84.57102,84.86661,85.10025,85.41715,85.88244,86.431,86.91761,87.33002,87.72112,88.11222,88.50331,88.89441,89.28551,89.69792,90.18453,90.73309,91.21969,91.6321,92.0232,92.39299,92.68858,92.92221,93.1965,93.47078,93.6831,93.88319,94.0742,94.25297,94.36979,94.48661,94.66538,94.8564,95.05648,95.26881,95.5644,95.91288,96.20847,96.4421,96.73769,97.08617,97.38176,97.6154,97.91099,98.28078,98.67188,99.04166,99.33725,99.57089,99.86648,100.215,100.5106,100.7442,101.0398,101.3883,101.6838,101.8962,102.0963,102.2873,102.4874,102.6784,102.8785,103.0695,103.2482,103.3437

Pole type : Curve
Start frame : 1
End frame : 414
Start time (s) : 0.000
End time (s) : 3597.430
Time step (s) : 8.710

Feature Information :


Feature number : 1

Time (s) : 1651.2206,1652.2161,1653.6355,1655.4016,1657.4698,1659.6599,1662.0748,1664.4124,1666.2558,1667.7526,1669.172,1670.5914,1672.0109,1673.353,1674.5031,1675.6977,1677.342,1679.1081,1680.9515,1682.9424,1684.7858,1686.6293,1688.6975,1690.8102,1692.8785,1694.7993,1697.0667,1699.9757,1702.6599,1704.5807,1706.0774,1707.4969,1708.9163,1710.4131,1712.1792,1714.1701,1716.0135,1717.8569,1719.8479,1721.614,1723.1881,1725.0315,1727.3691,1729.7066,1731.55,1733.1242,1734.9676,1737.3051,1739.72,1741.9874,1744.4797,1747.2412,1750.2348,1753.8443,1758.2501,1762.7004,1766.6894,1770.2216,1773.3626,1775.9767,1778.4689,1780.8065,1782.6499,1784.3014,1786.4914,1789.5552,1792.9326,1796.0737,1798.6104,1800.756,1802.5994,1804.5202,1807.0124,1810.1979,1814.0323,1818.1359,1822.0476,1825.8118,1830.0701,1834.6679,1838.5796,1841.6176,1844.4894,1847.3727,1850.5911,1853.9685,1857.1096,1859.7237,1862.3706,1865.5561,1869.3131,1873.0701,1876.4103,1879.6732,1883.0835,1886.1917,1888.7613,1891.1834,1894.2915,1897.8494,1900.8101,1903.5344,1906.5652,1909.5516,1911.8963,1914.1637,1916.9582,1920.3428,1924.9033,1930.4264,1936.6055,1943.548,1950.7927,1957.665,1964.4156,1970.8568,1976.2653,1980.9548,1986.2859,1992.2258,1997.6342,2002.593,2008.0716,2013.6721,2019.2023,2025.1049,2031.052,2036.6524,2041.5596,2045.7477,2050.006,2054.2572,2057.5974,2060.4434,2063.9311,2067.9574,2071.8691,2075.4786,2079.0437,2082.7305,2086.9888,2091.8186,2096.7702,2101.8321,2107.0529,2112.185,2116.4104,2119.7061,2122.3201,2124.8897,2127.7286,2130.9915,2134.9032,2139.5081,2144.6846,2149.861,2154.5433,2158.9563,2163.5613,2168.3911,2172.8413,2176.4837,2179.4444,2182.2389,2184.7755,2187.4998,2191.1093,2195.7844,2200.5369,2204.5703,2208.0581,2210.8196,2212.7404,2214.2371,2215.6566,2216.9987,2218.1488,2219.3434,2221.0651,2223.1004,2225.1687,2227.0121,2228.8555,2230.9238,2233.0365,2235.1821,2237.3722,2239.7871,2242.202,2244.4694,2247.039,2250.1471,2253.4802,2256.3964,2259.0877,2262.1515,2265.337,2268.5999,2272.0102,2275.4278,2279.3839,2284.0146,2288.24,2291.8051,2294.6439,2297.066,2300.0596,2304.2406,2309.5717,2315.788,2322.1848,2327.5604,2332.0507,2336.2317,2340.066,2343.2515,2345.8211,2348.0112,2350.1568,2352.2695,2354.3378,2356.1812,2358.2566,2361.2875,2364.8454,2367.7287,2369.9516,2371.795,2373.5611,2375.2828,2376.9787,2379.3936,2382.3026,2384.9166,2387.4862,2390.2478,2393.164,2396.3495,2399.7599,2403.0227,2406.2856,2409.7733,2413.3054,2416.8705,2420.4026,2423.9677,2427.5772,2431.4115,2435.1685,2438.4314,2441.3476,2444.2639,2447.372,2450.5905,2453.9751,2458.1116,2462.4072,2465.9723,2468.8957,2472.5825,2477.4825,2482.4341,2487.1164,2491.4449,2494.785,2497.4764,2500.2709,2503.0768,2506.026,2509.3332,2513.4698,2517.9201,2522.2557,2526.5141,2530.695,2534.5294,2537.7149,2540.2071,2542.0506,2543.5473,2544.9668,2546.3862,2547.883,2549.6491,2551.64,2553.4061,2554.8255,2555.8983,2556.6689,2557.3178

Position (um) : 5.3543,5.3543,5.3543,5.3543,5.3543,5.3552,5.3595,5.3665,5.3717,5.3769,5.3839,5.3891,5.3943,5.4022,5.4107,5.4187,5.4229,5.4248,5.429,5.436,5.4403,5.4412,5.4412,5.4412,5.4412,5.4412,5.4422,5.4464,5.4534,5.4577,5.4586,5.4586,5.4586,5.4586,5.4586,5.4586,5.4586,5.4586,5.4596,5.4638,5.4708,5.4751,5.476,5.476,5.476,5.476,5.476,5.476,5.476,5.476,5.476,5.476,5.476,5.476,5.476,5.477,5.4812,5.4892,5.4976,5.5065,5.515,5.523,5.5282,5.5334,5.5413,5.5517,5.5681,5.5864,5.5958,5.5977,5.5977,5.5977,5.5977,5.5977,5.5977,5.5977,5.5977,5.5977,5.5987,5.6029,5.6109,5.6194,5.6273,5.6325,5.6386,5.6499,5.6611,5.6663,5.6673,5.6673,5.6673,5.6673,5.6673,5.6673,5.6673,5.6673,5.6673,5.6673,5.6673,5.6673,5.6673,5.6673,5.6673,5.6673,5.6673,5.6663,5.6621,5.6532,5.6404,5.6255,5.6151,5.6047,5.5898,5.577,5.5681,5.5639,5.5629,5.5629,5.5629,5.5629,5.5629,5.5629,5.5629,5.5629,5.5629,5.5629,5.5629,5.5629,5.5629,5.5629,5.5629,5.5629,5.5629,5.5629,5.5629,5.5639,5.5681,5.5751,5.5794,5.5803,5.5803,5.5803,5.5803,5.5803,5.5803,5.5813,5.5855,5.5935,5.602,5.6109,5.6203,5.6325,5.6447,5.6551,5.6682,5.6847,5.7011,5.7142,5.7237,5.7335,5.7463,5.7622,5.7758,5.7899,5.8064,5.8266,5.8605,5.9178,5.9882,6.0583,6.1245,6.1738,6.2001,6.2167,6.2368,6.2575,6.2758,6.2932,6.3106,6.328,6.3454,6.3628,6.3802,6.3976,6.4149,6.4323,6.4497,6.468,6.4897,6.515,6.5409,6.5672,6.5931,6.6184,6.641,6.6645,6.6941,6.727,6.7566,6.7801,6.8036,6.8322,6.8618,6.8887,6.914,6.9356,6.9558,6.9827,7.0212,7.0677,7.1174,7.1598,7.1922,7.219,7.2444,7.266,7.2843,7.3008,7.3139,7.3233,7.3322,7.3417,7.3548,7.3713,7.3896,7.4112,7.4356,7.4572,7.4756,7.4939,7.5165,7.5461,7.5799,7.6147,7.6495,7.6842,7.7181,7.7486,7.7754,7.8017,7.8276,7.8539,7.8797,7.9051,7.9267,7.945,7.9634,7.985,8.0094,8.032,8.0546,8.0799,8.1058,8.1321,8.1589,8.1894,8.2223,8.2528,8.2806,8.3121,8.3502,8.3919,8.43,8.4615,8.4883,8.5136,8.5372,8.564,8.5963,8.6274,8.6598,8.6979,8.7406,8.7839,8.8266,8.8656,8.9004,8.93,8.9535,8.9752,8.9953,9.0099,9.024,9.0405,9.0579,9.0743,9.0874,9.0969,9.1048,9.1091

Intensity : 329.2839,329.4504,329.6879,329.0856,324.8974,320.4189,315.3597,312.8829,315.307,317.0446,318.3379,319.6191,320.7416,318.5665,315.6296,312.8471,309.8786,307.0204,303.9675,302.9116,302.2441,301.7647,301.2909,304.6147,312.2078,319.2594,327.5169,332.7526,332.5159,332.4396,332.6679,332.7892,331.9148,330.9928,329.9049,328.6785,327.5429,326.4045,325.0358,323.173,320.6624,319.5139,326.0014,332.701,337.9843,342.4958,335.9021,325.0434,313.8254,303.2927,309.4668,317.2112,325.6064,317.0271,302.2514,302.5115,308.0025,308.4799,306.1795,304.3565,302.0221,299.7545,298.2023,297.0193,295.8498,293.7886,290.4978,288.5058,288.0051,287.8115,287.7137,288.7,290.4383,292.6602,298.317,306.6148,307.9285,299.5874,292.3395,293.9019,295.6426,297.4999,299.505,300.501,298.2141,295.3823,289.3247,283.1584,277.2753,275.7438,281.1426,285.9151,284.0956,282.3182,284.7676,291.3438,296.7805,299.9404,300.4601,301.0549,299.6312,297.3705,294.8554,297.8166,302.3927,306.8179,307.3343,288.238,262.4951,265.657,265.4352,261.5752,263.3699,269.696,263.3429,265.0653,287.1269,281.205,267.3165,265.4567,264.8195,265.0523,253.9527,245.6479,250.5539,260.0043,264.3964,249.8421,247.5796,249.9837,247.586,243.2601,243.9054,246.9946,250.7803,256.7416,262.858,261.4448,256.1735,251.4793,249.0814,249.637,259.3008,260.2678,252.5983,252.397,253.6747,256.0313,257.7584,259.1733,262.2368,266.4246,269.0693,260.3832,256.4754,262.7699,262.7131,259.5915,256.2787,253.6874,262.4463,270.6209,271.1935,269.4718,268.074,264.6017,255.5419,244.7798,250.9307,254.0458,249.1241,245.3995,243.3453,242.084,240.9367,240.0333,239.4357,239.0358,239.5616,238.3884,236.9931,235.7433,234.4245,235.5711,239.2783,242.3807,244.8115,243.9461,240.2761,237.2375,234.5703,237.8957,241.2043,242.7957,241.2649,239.3978,237.9276,239.4707,240.239,242.3787,246.449,246.8813,242.3934,241.7189,244.808,248.4164,251.0533,247.2612,243.25,243.3397,237.7712,234.9629,237.0873,237.1023,235.6451,234.4276,237.5981,240.3232,242.9096,244.9957,245.8194,246.8387,248.43,251.2339,253.8079,256.0978,257.7772,258.3533,258.3108,257.6719,256.8191,254.9384,251.9773,249.0868,247.8712,248.4034,248.4962,248.4485,248.5663,248.6699,250.4032,253.9335,257.4082,256.2429,255.7003,256.8277,258.9303,259.0266,252.4391,245.9448,243.6673,242.0623,240.1552,246.2082,253.3396,258.0482,257.9034,256.8185,253.5172,248.7257,249.1594,253.8982,255.0211,256.7894,257.0923,256.0568,253.8008,251.758,249.4946,247.4297,247.3799,248.7685,248.5187,249.7103,258.5172,267.3865,266.3159,266.0858,266.5749,266.0392,262.471,259.5735,256.9004,254.1584,251.5962,251.438,251.9559,252.5631,253.1082,253.6324

Time pixel : 189.567,189.6813,189.8443,190.047,190.2845,190.5359,190.8131,191.0815,191.2931,191.465,191.6279,191.7909,191.9538,192.1079,192.24,192.3771,192.5659,192.7686,192.9803,193.2088,193.4205,193.6321,193.8695,194.1121,194.3495,194.57,194.8303,195.1643,195.4725,195.693,195.8648,196.0278,196.1907,196.3626,196.5653,196.7939,197.0055,197.2172,197.4457,197.6485,197.8292,198.0408,198.3092,198.5775,198.7892,198.9699,199.1815,199.4499,199.7271,199.9874,200.2736,200.5906,200.9343,201.3487,201.8545,202.3654,202.8233,203.2288,203.5894,203.8895,204.1757,204.444,204.6557,204.8453,205.0967,205.4484,205.8362,206.1968,206.488,206.7343,206.9459,207.1665,207.4526,207.8183,208.2585,208.7296,209.1787,209.6108,210.0997,210.6275,211.0766,211.4254,211.7551,212.0861,212.4556,212.8433,213.2039,213.504,213.8079,214.1736,214.605,215.0363,215.4197,215.7943,216.1859,216.5427,216.8377,217.1158,217.4726,217.881,218.2209,218.5337,218.8817,219.2245,219.4937,219.754,220.0748,220.4634,220.9869,221.621,222.3304,223.1274,223.9592,224.7481,225.5231,226.2626,226.8835,227.4219,228.0339,228.7158,229.3368,229.906,230.535,231.178,231.8129,232.4905,233.1733,233.8162,234.3796,234.8604,235.3493,235.8373,236.2208,236.5475,236.9479,237.4102,237.8592,238.2736,238.6829,239.1062,239.595,240.1495,240.718,241.2991,241.8985,242.4877,242.9728,243.3511,243.6512,243.9462,244.2721,244.6467,245.0958,245.6245,246.2188,246.813,247.3506,247.8572,248.3859,248.9404,249.4513,249.8694,250.2093,250.5301,250.8214,251.1341,251.5485,252.0852,252.6308,253.0939,253.4943,253.8113,254.0318,254.2037,254.3666,254.5207,254.6528,254.7899,254.9876,255.2212,255.4587,255.6703,255.8819,256.1194,256.3619,256.6083,256.8597,257.1369,257.4142,257.6745,257.9695,258.3263,258.7089,259.0437,259.3527,259.7044,260.0702,260.4447,260.8363,261.2286,261.6828,262.2144,262.6995,263.1088,263.4347,263.7128,264.0565,264.5364,265.1485,265.8621,266.5965,267.2137,267.7292,268.2092,268.6494,269.0151,269.3101,269.5615,269.8078,270.0504,270.2878,270.4994,270.7377,271.0857,271.4941,271.8251,272.0804,272.292,272.4947,272.6924,272.8871,273.1643,273.4983,273.7984,274.0934,274.4104,274.7452,275.1109,275.5025,275.8771,276.2516,276.652,277.0576,277.4668,277.8723,278.2816,278.696,279.1362,279.5675,279.9421,280.2769,280.6117,280.9685,281.338,281.7266,282.2015,282.6946,283.1039,283.4395,283.8628,284.4253,284.9938,285.5314,286.0283,286.4118,286.7207,287.0415,287.3637,287.7023,288.0819,288.5568,289.0677,289.5655,290.0544,290.5344,290.9746,291.3403,291.6264,291.838,292.0099,292.1728,292.3358,292.5076,292.7104,292.9389,293.1417,293.3046,293.4278,293.5163,293.5908

Position pixel : 50.1809,50.1809,50.1809,50.1809,50.1809,50.1897,50.2295,50.2951,50.3438,50.3925,50.4581,50.5068,50.5554,50.6299,50.7095,50.784,50.8238,50.8416,50.8814,50.947,50.9868,50.9956,50.9956,50.9956,50.9956,50.9956,51.0045,51.0443,51.1099,51.1497,51.1586,51.1586,51.1586,51.1586,51.1586,51.1586,51.1586,51.1586,51.1675,51.2073,51.2729,51.3127,51.3216,51.3216,51.3216,51.3216,51.3216,51.3216,51.3216,51.3216,51.3216,51.3216,51.3216,51.3216,51.3216,51.3304,51.3702,51.4447,51.5243,51.6077,51.6873,51.7618,51.8104,51.8591,51.9336,52.0309,52.185,52.356,52.4445,52.4623,52.4623,52.4623,52.4623,52.4623,52.4623,52.4623,52.4623,52.4623,52.4711,52.5109,52.5854,52.665,52.7395,52.7882,52.8457,52.9511,53.0565,53.1052,53.1141,53.1141,53.1141,53.1141,53.1141,53.1141,53.1141,53.1141,53.1141,53.1141,53.1141,53.1141,53.1141,53.1141,53.1141,53.1141,53.1141,53.1052,53.0654,52.982,52.8627,52.7226,52.6252,52.5279,52.3878,52.2684,52.185,52.1452,52.1363,52.1363,52.1363,52.1363,52.1363,52.1363,52.1363,52.1363,52.1363,52.1363,52.1363,52.1363,52.1363,52.1363,52.1363,52.1363,52.1363,52.1363,52.1363,52.1452,52.185,52.2506,52.2904,52.2993,52.2993,52.2993,52.2993,52.2993,52.2993,52.3082,52.348,52.4225,52.5021,52.5854,52.6739,52.7882,52.9025,52.9998,53.123,53.277,53.4311,53.5543,53.6428,53.735,53.8544,54.0034,54.1316,54.2637,54.4178,54.6073,54.9252,55.4619,56.1218,56.7787,57.3988,57.8611,58.1082,58.2631,58.4519,58.6458,58.8176,58.9806,59.1435,59.3065,59.4694,59.6324,59.7954,59.9583,60.1213,60.2842,60.4472,60.619,60.8218,61.0592,61.3018,61.5481,61.7906,62.0281,62.2397,62.4602,62.7375,63.0456,63.3229,63.5434,63.7639,64.0323,64.3095,64.5609,64.7984,65.0011,65.1907,65.4421,65.8028,66.2392,66.7052,67.1018,67.4057,67.6571,67.8946,68.0973,68.2692,68.4232,68.5464,68.6349,68.7182,68.8067,68.9299,69.0839,69.2558,69.4585,69.6871,69.8899,70.0617,70.2335,70.4452,70.7224,71.0394,71.3654,71.6913,72.0172,72.3342,72.6203,72.8718,73.1181,73.3606,73.607,73.8495,74.087,74.2897,74.4615,74.6334,74.8361,75.0647,75.2763,75.488,75.7254,75.968,76.2143,76.4657,76.7518,77.06,77.3461,77.6064,77.9014,78.2583,78.6498,79.0066,79.3016,79.553,79.7905,80.011,80.2624,80.5655,80.8567,81.1606,81.5174,81.9178,82.3233,82.7237,83.0894,83.4153,83.6926,83.9131,84.1158,84.3046,84.4418,84.5738,84.7279,84.8908,85.0449,85.1681,85.2566,85.331,85.3708

Brightness max : 396.66
Brightness min :  0.00
Feature direction : Ambiguous
Feature speed : Slow
Feature type : Curve
Start frame : 1
End frame : 414
Start time (s) : 0.000
End time (s) : 3597.430
Time step (s) : 8.710

