KYMOANALYSIS DATA

General Information :

Tiff path : G:\My Drive\microtubule dynamics and cut7\21-15 screens and tests\cut11-7\21-07-12&22 (cut11-7, cut7-3GFP, Klp5D, mts)\
Spindle type : Monopolar
Start frame : 1
End frame : 76
Start time (s) : 0.000
End time (s) : 634.780
Time step (s) : 8.464
Num poles : 1
Num tracks : 1
Num tracks poleward : 0
Num tracks antipoleward : 0
Num tracks ambiguous : 1
Comments : {

}
Poles Information :


Pole number : 1

Time (s) : 8.463733,17.04184,25.61995,34.19806,42.77617,51.35427,59.93238,68.51049,77.0886,85.66671,94.24481,102.8229,111.401,119.9791,128.5572,137.1354,145.7135,154.2916,162.8697,171.4478,180.0259,188.604,197.1821,205.7602,214.3383,222.9164,231.4945,240.0727,248.6508,257.2289,265.807,274.3851,282.9632,291.5413,300.1194,308.6975,317.2756,325.8537,334.4318,343.0099,351.5881,360.1662,368.7443,377.3224,385.9005,394.4786,403.0567,411.6348,420.2129,428.791,437.3691,445.9472,454.5254,463.1035,471.6816,480.2597,488.8378,497.4159,505.994,514.5721,523.1502,531.7283,540.3064,548.8845,557.4627,566.0408,574.6189,583.197,591.7751,600.3532,608.9313,617.5094,626.0875,634.6656,643.2437

Position (um) : 1.5773,1.5772,1.5771,1.577,1.5769,1.5768,1.5767,1.5766,1.5765,1.5764,1.5763,1.5762,1.5761,1.576,1.5759,1.5758,1.5757,1.5756,1.5755,1.5754,1.5753,1.5752,1.5751,1.575,1.5749,1.5748,1.5747,1.5746,1.5745,1.5744,1.5743,1.5742,1.5741,1.574,1.5739,1.5738,1.5737,1.5736,1.5735,1.5734,1.5733,1.5732,1.5731,1.573,1.5729,1.5728,1.5727,1.5726,1.5725,1.5724,1.5723,1.5722,1.5721,1.572,1.5719,1.5718,1.5717,1.5716,1.5715,1.5714,1.5713,1.5712,1.5711,1.571,1.5709,1.5708,1.5707,1.5706,1.5706,1.5705,1.5704,1.5703,1.5702,1.5701,1.57

Intensity : 1475.4421,1467.9849,1488.2455,1513.5758,1535.1443,1509.972,1517.9963,1489.1012,1486.9334,1446.7938,1437.6482,1439.1919,1434.4538,1464.9485,1423.8709,1415.6256,1344.1674,1350.3766,1344.8145,1360.1265,1341.4076,1335.2545,1342.5072,1349.4229,1341.0491,1336.4764,1327.6968,1303.2509,1280.3502,1299.8778,1327.7944,1325.973,1292.9589,1266.8271,1274.8505,1297.3084,1330.6705,1325.918,1305.6543,1271.8795,1253.7463,1246.873,1256.8304,1259.5773,1245.4776,1246.8951,1247.5663,1262.0834,1275.444,1308.841,1323.6057,1289.2867,1242.4125,1222.3072,1256.5811,1278.5424,1269.5182,1217.6782,1185.2332,1194.1122,1236.5335,1280.7331,1255.6658,1215.8109,1169.844,1153.9387,1152.9382,1164.3733,1155.6134,1109.1354,1057.3979,1058.2934,1045.649,1028.2336,989.00365

Time pixel : 1,2.01351,3.02703,4.04054,5.05405,6.06757,7.08108,8.09459,9.10811,10.1216,11.1351,12.1486,13.1622,14.1757,15.1892,16.2027,17.2162,18.2297,19.2432,20.2568,21.2703,22.2838,23.2973,24.3108,25.3243,26.3378,27.3514,28.3649,29.3784,30.3919,31.4054,32.4189,33.4324,34.4459,35.4595,36.473,37.4865,38.5,39.5135,40.527,41.5405,42.5541,43.5676,44.5811,45.5946,46.6081,47.6216,48.6351,49.6486,50.6622,51.6757,52.6892,53.7027,54.7162,55.7297,56.7432,57.7568,58.7703,59.7838,60.7973,61.8108,62.8243,63.8378,64.8514,65.8649,66.8784,67.8919,68.9054,69.9189,70.9324,71.9459,72.9595,73.973,74.9865,76

Position pixel : 14.7821,14.7812,14.7803,14.7794,14.7784,14.7775,14.7766,14.7757,14.7747,14.7738,14.7729,14.772,14.771,14.7701,14.7692,14.7683,14.7674,14.7664,14.7655,14.7646,14.7637,14.7627,14.7618,14.7609,14.76,14.759,14.7581,14.7572,14.7563,14.7553,14.7544,14.7535,14.7526,14.7516,14.7507,14.7498,14.7489,14.7479,14.747,14.7461,14.7452,14.7443,14.7433,14.7424,14.7415,14.7406,14.7396,14.7387,14.7378,14.7369,14.7359,14.735,14.7341,14.7332,14.7322,14.7313,14.7304,14.7295,14.7285,14.7276,14.7267,14.7258,14.7249,14.7239,14.723,14.7221,14.7212,14.7202,14.7193,14.7184,14.7175,14.7165,14.7156,14.7147,14.7138

Pole type : Line
Start frame : 1
End frame : 76
Start time (s) : 0.000
End time (s) : 634.780
Time step (s) : 8.464

Feature Information :


Feature number : 1

Time (s) : 10.48901,19.03975,27.59049,36.14123,44.69197,53.24271,61.79345,70.34419,78.89493,87.44567,95.99641,104.5471,113.0979,121.6486,130.1994,138.7501,147.3008,155.8516,164.4023,172.9531,181.5038,190.0545,198.6053,207.156,215.7068,224.2575,232.8082,241.359,249.9097,258.4605,267.0112,275.5619,284.1127,292.6634,301.2142,309.7649,318.3156,326.8664,335.4171,343.9679,352.5186,361.0693,369.6201,378.1708,386.7215,395.2723,403.823,412.3738,420.9245,429.4752,438.026,446.5767,455.1275,463.6782,472.2289,480.7797,489.3304,497.8812,506.4319,514.9826,523.5334,532.0841,540.6349,549.1856,557.7363,566.2871,574.8378,583.3886,591.9393,600.49,609.0408,617.5915,626.1423,634.693,643.2437

Position (um) : 1.5773,1.5772,1.5771,1.577,1.5769,1.5768,1.5767,1.5766,1.5765,1.5764,1.5763,1.5762,1.5761,1.576,1.5759,1.5758,1.5757,1.5756,1.5755,1.5754,1.5753,1.5752,1.5751,1.575,1.5749,1.5748,1.5747,1.5746,1.5745,1.5744,1.5743,1.5742,1.5741,1.574,1.5739,1.5738,1.5737,1.5736,1.5735,1.5734,1.5733,1.5732,1.5731,1.573,1.5729,1.5728,1.5727,1.5726,1.5725,1.5724,1.5723,1.5722,1.5721,1.572,1.5719,1.5718,1.5717,1.5716,1.5715,1.5714,1.5713,1.5712,1.5711,1.571,1.5709,1.5708,1.5707,1.5706,1.5706,1.5705,1.5704,1.5703,1.5702,1.5701,1.57

Intensity : 1473.6107,1472.6912,1494.0942,1519.1129,1528.9555,1512.5256,1511.0348,1489.7248,1477.666,1444.4817,1438.551,1436.229,1443.9853,1454.5395,1426.423,1397.885,1346.5359,1347.4517,1349.8111,1356.308,1339.6614,1335.9807,1344.9251,1347.7665,1340.3572,1335.7166,1325.2459,1297.3562,1281.0502,1306.0575,1328.5407,1324.3446,1284.7415,1269.2803,1274.2356,1303.9923,1332.0531,1323.4084,1303.4453,1266.6142,1254.5397,1244.9176,1260.1444,1257.6696,1244.4858,1247.7599,1247.1446,1264.3267,1275.9664,1312.6576,1323.4754,1285.6469,1239.2112,1221.6734,1259.8575,1279.2301,1268.6071,1214.2537,1184.0388,1194.9587,1238.7065,1282.5258,1254.1593,1214.4102,1168.3456,1153.6203,1152.9484,1164.6586,1155.4037,1108.3452,1056.736,1058.3306,1045.564,1028.1777,989.00365

Time pixel : 1.23929,2.24957,3.25985,4.27013,5.28041,6.29069,7.30097,8.31125,9.32153,10.3318,11.3421,12.3524,13.3626,14.3729,15.3832,16.3935,17.4038,18.414,19.4243,20.4346,21.4449,22.4552,23.4654,24.4757,25.486,26.4963,27.5066,28.5168,29.5271,30.5374,31.5477,32.558,33.5682,34.5785,35.5888,36.5991,37.6094,38.6196,39.6299,40.6402,41.6505,42.6608,43.671,44.6813,45.6916,46.7019,47.7122,48.7224,49.7327,50.743,51.7533,52.7636,53.7738,54.7841,55.7944,56.8047,57.815,58.8252,59.8355,60.8458,61.8561,62.8664,63.8766,64.8869,65.8972,66.9075,67.9178,68.928,69.9383,70.9486,71.9589,72.9692,73.9794,74.9897,76

Position pixel : 14.7821,14.7812,14.7803,14.7794,14.7784,14.7775,14.7766,14.7757,14.7747,14.7738,14.7729,14.772,14.771,14.7701,14.7692,14.7683,14.7674,14.7664,14.7655,14.7646,14.7637,14.7627,14.7618,14.7609,14.76,14.759,14.7581,14.7572,14.7563,14.7553,14.7544,14.7535,14.7526,14.7516,14.7507,14.7498,14.7489,14.7479,14.747,14.7461,14.7452,14.7443,14.7433,14.7424,14.7415,14.7406,14.7396,14.7387,14.7378,14.7369,14.7359,14.735,14.7341,14.7332,14.7322,14.7313,14.7304,14.7295,14.7285,14.7276,14.7267,14.7258,14.7249,14.7239,14.723,14.7221,14.7212,14.7202,14.7193,14.7184,14.7175,14.7165,14.7156,14.7147,14.7138

Brightness max : 510.61
Brightness min : 235.00
Feature direction : Ambiguous
Feature speed : Slow
Feature type : Line
Start frame : 1
End frame : 76
Start time (s) : 0.000
End time (s) : 634.780
Time step (s) : 8.464

