KYMOANALYSIS DATA

General Information :

Tiff path : G:\My Drive\microtubule dynamics and cut7\21-15 screens and tests\cut11-7\21-07-12&22 (cut11-7, cut7-3GFP, Klp5D, mts)\
Spindle type : Monopolar
Start frame : 1
End frame : 75
Start time (s) : 0.000
End time (s) : 621.800
Time step (s) : 8.403
Num poles : 1
Num tracks : 1
Num tracks poleward : 0
Num tracks antipoleward : 0
Num tracks ambiguous : 1
Comments : {

}
Poles Information :


Pole number : 1

Time (s) : 8.402703,17.04078,25.67886,34.31694,42.95502,51.5931,60.23118,68.86926,77.50734,86.14542,94.7835,103.4216,112.0597,120.6977,129.3358,137.9739,146.612,155.25,163.8881,172.5262,181.1643,189.8024,198.4404,207.0785,215.7166,224.3547,232.9928,241.6308,250.2689,258.907,267.5451,276.1832,284.8212,293.4593,302.0974,310.7355,319.3736,328.0116,336.6497,345.2878,353.9259,362.564,371.202,379.8401,388.4782,397.1163,405.7543,414.3924,423.0305

Position (um) : 1.9255,1.9255,1.9255,1.9255,1.9255,1.9255,1.9255,1.9255,1.9255,1.9255,1.9255,1.9255,1.9255,1.9255,1.9255,1.9255,1.9255,1.9255,1.9255,1.9255,1.9255,1.9255,1.9255,1.9255,1.9255,1.9255,1.9255,1.9255,1.9255,1.9255,1.9255,1.9255,1.9255,1.9255,1.9255,1.9255,1.9255,1.9255,1.9255,1.9255,1.9255,1.9255,1.9255,1.9255,1.9255,1.9255,1.9255,1.9255,1.9255

Intensity : 491.1796,492.9939,487.584,477.6479,470.1276,466.5964,455.9802,453.5677,450.7125,449.9289,444.86,443.4952,441.2521,436.6188,436.554,440.2611,445.9217,445.5462,447.0197,451.0711,447.9967,442.092,434.301,427.2185,418.7765,418.3454,418.0876,414.4844,400.9493,389.4122,381.6234,370.9465,372.1469,377.8309,382.9894,387.0128,380.0945,369.6925,359.1578,358.6461,362.5297,356.5959,352.0661,353.2404,349.4225,343.7636,342.5034,346.1101,342.6292

Time pixel : 1,2.02801,3.05602,4.08404,5.11205,6.14006,7.16807,8.19608,9.2241,10.2521,11.2801,12.3081,13.3361,14.3642,15.3922,16.4202,17.4482,18.4762,19.5042,20.5322,21.5602,22.5883,23.6163,24.6443,25.6723,26.7003,27.7283,28.7563,29.7843,30.8123,31.8404,32.8684,33.8964,34.9244,35.9524,36.9804,38.0084,39.0364,40.0645,41.0925,42.1205,43.1485,44.1765,45.2045,46.2325,47.2605,48.2886,49.3166,50.3446

Position pixel : 18.0456,18.0456,18.0456,18.0456,18.0456,18.0456,18.0456,18.0456,18.0456,18.0456,18.0456,18.0456,18.0456,18.0456,18.0456,18.0456,18.0456,18.0456,18.0456,18.0456,18.0456,18.0456,18.0456,18.0456,18.0456,18.0456,18.0456,18.0456,18.0456,18.0456,18.0456,18.0456,18.0456,18.0456,18.0456,18.0456,18.0456,18.0456,18.0456,18.0456,18.0456,18.0456,18.0456,18.0456,18.0456,18.0456,18.0456,18.0456,18.0456

Pole type : Line
Start frame : 1
End frame : 75
Start time (s) : 0.000
End time (s) : 621.800
Time step (s) : 8.403

Feature Information :


Feature number : 1

Time (s) : 9.819749,18.42831,27.03686,35.64542,44.25398,52.86254,61.47109,70.07965,78.68821,87.29677,95.90532,104.5139,113.1224,121.731,130.3396,138.9481,147.5567,156.1652,164.7738,173.3823,181.9909,190.5995,199.208,207.8166,216.4251,225.0337,233.6422,242.2508,250.8594,259.4679,268.0765,276.685,285.2936,293.9021,302.5107,311.1193,319.7278,328.3364,336.9449,345.5535,354.162,362.7706,371.3792,379.9877,388.5963,397.2048,405.8134,414.4219,423.0305

Position (um) : 1.9255,1.9256,1.9258,1.9259,1.9261,1.9262,1.9264,1.9265,1.9267,1.9268,1.927,1.9271,1.9273,1.9274,1.9276,1.9277,1.9279,1.928,1.9282,1.9283,1.9285,1.9286,1.9288,1.9289,1.9291,1.9292,1.9294,1.9295,1.9297,1.9298,1.93,1.9301,1.9303,1.9304,1.9306,1.9307,1.9309,1.931,1.9312,1.9313,1.9315,1.9316,1.9318,1.9319,1.9321,1.9322,1.9324,1.9325,1.9327

Intensity : 491.5092,492.1416,485.9463,476.328,469.7226,464.68,455.5586,452.8836,450.7189,448.9438,444.4222,443.3478,440.2285,436.4581,436.3459,441.0561,445.782,445.0656,447.2685,451.0614,446.8954,441.339,433.0377,426.3685,417.5829,418.3173,417.5676,413.775,399.3921,388.3352,380.7181,369.8103,371.7755,377.3997,382.4188,385.927,378.7533,368.2444,358.2079,357.8259,361.4536,355.8124,351.7456,352.9922,349.0909,343.4509,342.2223,345.7302,342.1802

Time pixel : 1.16864,2.19314,3.21764,4.24214,5.26664,6.29113,7.31563,8.34013,9.36463,10.3891,11.4136,12.4381,13.4626,14.4871,15.5116,16.5361,17.5606,18.5851,19.6096,20.6341,21.6586,22.6831,23.7076,24.7321,25.7566,26.7811,27.8056,28.8301,29.8546,30.8791,31.9036,32.9281,33.9526,34.9771,36.0016,37.0261,38.0506,39.0751,40.0996,41.1241,42.1486,43.1731,44.1976,45.2221,46.2466,47.2711,48.2956,49.3201,50.3446

Position pixel : 18.0456,18.047,18.0484,18.0498,18.0512,18.0526,18.054,18.0554,18.0568,18.0582,18.0596,18.061,18.0624,18.0638,18.0653,18.0667,18.0681,18.0695,18.0709,18.0723,18.0737,18.0751,18.0765,18.0779,18.0793,18.0807,18.0821,18.0835,18.0849,18.0863,18.0877,18.0891,18.0905,18.092,18.0934,18.0948,18.0962,18.0976,18.099,18.1004,18.1018,18.1032,18.1046,18.106,18.1074,18.1088,18.1102,18.1116,18.113

Brightness max : 343.83
Brightness min : 242.00
Feature direction : Ambiguous
Feature speed : Slow
Feature type : Line
Start frame : 1
End frame : 75
Start time (s) : 0.000
End time (s) : 621.800
Time step (s) : 8.403

