KYMOANALYSIS DATA

General Information :

Tiff path : G:\My Drive\microtubule dynamics and cut7\21-15 screens and tests\cut11-7\21-07-12&22 (cut11-7, cut7-3GFP, Klp5D, mts)\
Spindle type : Monopolar
Start frame : 1
End frame : 73
Start time (s) : 0.000
End time (s) : 601.370
Time step (s) : 8.352
Num poles : 1
Num tracks : 1
Num tracks poleward : 0
Num tracks antipoleward : 0
Num tracks ambiguous : 1
Comments : {

}
Poles Information :


Pole number : 1

Time (s) : 10.27104,18.71402,27.157,35.59997,44.04295,52.48593,60.9289,69.37188,77.81485,86.25783,94.70081,103.1438,111.5868,120.0297,128.4727,136.9157,145.3587,153.8016,162.2446,170.6876,179.1306,187.5735,196.0165,204.4595,212.9025,221.3455,229.7884,238.2314,246.6744,255.1174,263.5603,272.0033,280.4463,288.8893,297.3322,305.7752,314.2182,322.6612,331.1041,339.5471,347.9901,356.4331,364.876,373.319,381.762,390.205,398.648,407.0909,415.5339,423.9769,432.4199,440.8628,449.3058,457.7488,466.1918,474.6347,483.0777,491.5207,499.9637,508.4066,516.8496,525.2926,533.7356,542.1786,550.6215,559.0645,567.5075,575.9505,584.3934,592.8364,601.2794,609.7224

Position (um) : 1.2215,1.2219,1.2223,1.2227,1.2231,1.2235,1.2239,1.2243,1.2247,1.2251,1.2255,1.2258,1.2262,1.2266,1.227,1.2274,1.2278,1.2282,1.2286,1.229,1.2294,1.2298,1.2302,1.2306,1.231,1.2314,1.2318,1.2322,1.2326,1.2329,1.2333,1.2337,1.2341,1.2345,1.2349,1.2353,1.2357,1.2361,1.2365,1.2369,1.2373,1.2377,1.2381,1.2385,1.2389,1.2393,1.2397,1.24,1.2404,1.2408,1.2412,1.2416,1.242,1.2424,1.2428,1.2432,1.2436,1.244,1.2444,1.2448,1.2452,1.2456,1.246,1.2464,1.2468,1.2472,1.2475,1.2479,1.2483,1.2487,1.2491,1.2495

Intensity : 1643.8102,1616.4978,1594.0077,1545.3621,1525.2357,1498.4982,1503.4918,1544.8901,1547.5294,1538.0304,1502.9938,1517.0382,1518.6933,1495.7368,1455.963,1452.7678,1475.6414,1482.3381,1471.0332,1434.5618,1414.0878,1411.7141,1436.0093,1452.2382,1432.8566,1422.0249,1428.1216,1454.4418,1462.3732,1452.1054,1423.653,1404.031,1410.5167,1431.1527,1431.228,1427.9189,1428.3503,1465.1742,1479.1412,1486.9294,1471.3889,1448.8673,1435.4607,1430.8268,1474.1473,1486.3933,1453.9066,1418.0162,1422.8353,1475.9858,1497.8919,1509.7771,1524.4988,1525.593,1494.1097,1444.0801,1421.9272,1435.2096,1451.7791,1479.8082,1472.4915,1456.7313,1382.5201,1356.9995,1338.8238,1369.5668,1362.9682,1399.5338,1387.367,1378.5904,1349.2678,1366.7106

Time pixel : 1.22972,2.24057,3.25142,4.26226,5.27311,6.28396,7.29481,8.30566,9.31651,10.3274,11.3382,12.3491,13.3599,14.3708,15.3816,16.3925,17.4033,18.4142,19.425,20.4358,21.4467,22.4575,23.4684,24.4792,25.4901,26.5009,27.5118,28.5226,29.5335,30.5443,31.5552,32.566,33.5769,34.5877,35.5986,36.6094,37.6203,38.6311,39.642,40.6528,41.6637,42.6745,43.6854,44.6962,45.7071,46.7179,47.7288,48.7396,49.7505,50.7613,51.7722,52.783,53.7939,54.8047,55.8156,56.8264,57.8373,58.8481,59.859,60.8698,61.8807,62.8915,63.9024,64.9132,65.9241,66.9349,67.9458,68.9566,69.9675,70.9783,71.9892,73

Position pixel : 11.448,11.4517,11.4554,11.4591,11.4628,11.4665,11.4702,11.4739,11.4776,11.4813,11.485,11.4887,11.4924,11.4961,11.4998,11.5035,11.5072,11.5109,11.5146,11.5183,11.522,11.5257,11.5294,11.5331,11.5368,11.5405,11.5442,11.5479,11.5516,11.5553,11.559,11.5627,11.5664,11.5701,11.5738,11.5775,11.5812,11.5849,11.5886,11.5922,11.5959,11.5996,11.6033,11.607,11.6107,11.6144,11.6181,11.6218,11.6255,11.6292,11.6329,11.6366,11.6403,11.644,11.6477,11.6514,11.6551,11.6588,11.6625,11.6662,11.6699,11.6736,11.6773,11.681,11.6847,11.6884,11.6921,11.6958,11.6995,11.7032,11.7069,11.7106

Pole type : Line
Start frame : 1
End frame : 73
Start time (s) : 0.000
End time (s) : 601.370
Time step (s) : 8.352

Feature Information :


Feature number : 1

Time (s) : 10.81924,19.25449,27.68975,36.125,44.56026,52.99552,61.43077,69.86603,78.30128,86.73654,95.17179,103.607,112.0423,120.4776,128.9128,137.3481,145.7833,154.2186,162.6538,171.0891,179.5243,187.9596,196.3949,204.8301,213.2654,221.7006,230.1359,238.5711,247.0064,255.4416,263.8769,272.3122,280.7474,289.1827,297.6179,306.0532,314.4884,322.9237,331.3589,339.7942,348.2294,356.6647,365.1,373.5352,381.9705,390.4057,398.841,407.2762,415.7115,424.1467,432.582,441.0173,449.4525,457.8878,466.323,474.7583,483.1935,491.6288,500.064,508.4993,516.9346,525.3698,533.8051,542.2403,550.6756,559.1108,567.5461,575.9813,584.4166,592.8519,601.2871,609.7224

Position (um) : 1.2215,1.222,1.2225,1.223,1.2235,1.224,1.2245,1.225,1.2255,1.2259,1.2264,1.2269,1.2274,1.2279,1.2284,1.2289,1.2294,1.2299,1.2304,1.2309,1.2314,1.2319,1.2324,1.2328,1.2333,1.2338,1.2343,1.2348,1.2353,1.2358,1.2363,1.2368,1.2373,1.2378,1.2383,1.2388,1.2393,1.2398,1.2402,1.2407,1.2412,1.2417,1.2422,1.2427,1.2432,1.2437,1.2442,1.2447,1.2452,1.2457,1.2462,1.2467,1.2472,1.2476,1.2481,1.2486,1.2491,1.2496,1.2501,1.2506,1.2511,1.2516,1.2521,1.2526,1.2531,1.2536,1.2541,1.2545,1.255,1.2555,1.256,1.2565

Intensity : 1641.6873,1615.8526,1590.2275,1544.338,1523.393,1497.3989,1507.0464,1544.6318,1548.3817,1534.5382,1503.9352,1517.3413,1518.1517,1493.0595,1454.4248,1454.0201,1475.7445,1482.1877,1469.3132,1432.2032,1414.4256,1411.1161,1439.5958,1450.576,1433.4858,1420.9095,1429.9034,1454.8827,1462.5352,1451.2923,1422.5038,1403.7555,1411.2248,1432.0294,1430.7958,1428.0097,1427.844,1466.2321,1477.8377,1486.9197,1470.2346,1448.4739,1435.2773,1430.7943,1475.8894,1486.425,1452.7784,1416.212,1421.7867,1476.0766,1497.2345,1508.7668,1523.5668,1524.5378,1493.0961,1443.1336,1421.5108,1435.1498,1451.5097,1479.6944,1472.0178,1456.5502,1381.9041,1356.8073,1338.0986,1369.2095,1362.4341,1399.4197,1387.1369,1378.696,1349.6903,1366.7762

Time pixel : 1.29535,2.30528,3.3152,4.32512,5.33505,6.34497,7.3549,8.36482,9.37475,10.3847,11.3946,12.4045,13.4144,14.4244,15.4343,16.4442,17.4541,18.4641,19.474,20.4839,21.4938,22.5038,23.5137,24.5236,25.5335,26.5435,27.5534,28.5633,29.5732,30.5832,31.5931,32.603,33.6129,34.6229,35.6328,36.6427,37.6526,38.6626,39.6725,40.6824,41.6923,42.7023,43.7122,44.7221,45.732,46.742,47.7519,48.7618,49.7717,50.7817,51.7916,52.8015,53.8114,54.8214,55.8313,56.8412,57.8511,58.8611,59.871,60.8809,61.8908,62.9008,63.9107,64.9206,65.9305,66.9405,67.9504,68.9603,69.9702,70.9802,71.9901,73

Position pixel : 11.448,11.4527,11.4573,11.4619,11.4665,11.4712,11.4758,11.4804,11.485,11.4896,11.4943,11.4989,11.5035,11.5081,11.5127,11.5174,11.522,11.5266,11.5312,11.5359,11.5405,11.5451,11.5497,11.5543,11.559,11.5636,11.5682,11.5728,11.5775,11.5821,11.5867,11.5913,11.5959,11.6006,11.6052,11.6098,11.6144,11.6191,11.6237,11.6283,11.6329,11.6375,11.6422,11.6468,11.6514,11.656,11.6607,11.6653,11.6699,11.6745,11.6791,11.6838,11.6884,11.693,11.6976,11.7023,11.7069,11.7115,11.7161,11.7207,11.7254,11.73,11.7346,11.7392,11.7439,11.7485,11.7531,11.7577,11.7623,11.767,11.7716,11.7762

Brightness max : 515.30
Brightness min : 245.00
Feature direction : Ambiguous
Feature speed : Slow
Feature type : Line
Start frame : 1
End frame : 73
Start time (s) : 0.000
End time (s) : 601.370
Time step (s) : 8.352

