KYMOANALYSIS DATA

General Information :

Tiff path : G:\My Drive\microtubule dynamics and cut7\21-15 screens and tests\cut11-7\21-07-12&22 (cut11-7, cut7-3GFP, Klp5D, mts)\
Spindle type : Monopolar
Start frame : 1
End frame : 71
Start time (s) : 0.000
End time (s) : 598.550
Time step (s) : 8.551
Num poles : 1
Num tracks : 2
Num tracks poleward : 0
Num tracks antipoleward : 0
Num tracks ambiguous : 2
Comments : {

}
Poles Information :


Pole number : 1

Time (s) : 8.550714,17.22535,25.89999,34.57463,43.24927,51.9239,60.59854,69.27318,77.94782,86.62245,95.29709,103.9717,112.6464,121.321,129.9956,138.6703,147.3449,156.0196,164.6942,173.3688,182.0435,190.7181,199.3927,208.0674,216.742,225.4167,234.0913,242.7659,251.4406,260.1152,268.7898,277.4645,286.1391,294.8138,303.4884,312.163,320.8377,329.5123,338.1869,346.8616,355.5362,364.2109,372.8855,381.5601,390.2348,398.9094,407.584,416.2587,424.9333,433.608,442.2826,450.9572,459.6319,468.3065,476.9811,485.6558,494.3304,503.0051,511.6797,520.3543,529.029,537.7036,546.3783,555.0529,563.7275,572.4022,581.0768,589.7514,598.4261,607.1007

Position (um) : 1.6243,1.6241,1.6239,1.6237,1.6235,1.6233,1.6231,1.6229,1.6228,1.6226,1.6224,1.6222,1.622,1.6218,1.6216,1.6214,1.6212,1.621,1.6208,1.6206,1.6204,1.6202,1.62,1.6198,1.6196,1.6194,1.6192,1.619,1.6188,1.6186,1.6184,1.6182,1.618,1.6178,1.6176,1.6174,1.6172,1.617,1.6168,1.6166,1.6164,1.6162,1.616,1.6158,1.6156,1.6154,1.6153,1.6151,1.6149,1.6147,1.6145,1.6143,1.6141,1.6139,1.6137,1.6135,1.6133,1.6131,1.6129,1.6127,1.6125,1.6123,1.6121,1.6119,1.6117,1.6115,1.6113,1.6111,1.6109,1.6107

Intensity : 768.7566,739.5015,712.7502,722.0127,730.3686,733.5545,733.6832,745.3213,724.9493,696.0372,664.161,661.3961,657.9589,649.2132,640.3204,638.4312,636.9315,633.9193,617.7771,618.242,606.0399,598.9557,584.7571,580.8907,592.7899,596.9644,601.5601,588.0862,583.6486,586.039,593.7637,594.5451,584.2279,577.6834,577.312,582.9587,581.3884,576.6303,583.1276,587.2994,603.8526,616.818,612.7336,586.3565,574.9608,574.9574,572.7678,550.802,534.3452,525.1677,512.0837,515.5211,509.9084,508.2019,500.1277,493.7557,490.5261,488.4975,492.3199,488.967,487.6292,482.5575,492.8157,479.5662,472.1123,459.4131,470.5493,479.163,480.5924,469.5214

Time pixel : 1,2.01449,3.02899,4.04348,5.05797,6.07246,7.08696,8.10145,9.11594,10.1304,11.1449,12.1594,13.1739,14.1884,15.2029,16.2174,17.2319,18.2464,19.2609,20.2754,21.2899,22.3043,23.3188,24.3333,25.3478,26.3623,27.3768,28.3913,29.4058,30.4203,31.4348,32.4493,33.4638,34.4783,35.4928,36.5072,37.5217,38.5362,39.5507,40.5652,41.5797,42.5942,43.6087,44.6232,45.6377,46.6522,47.6667,48.6812,49.6957,50.7101,51.7246,52.7391,53.7536,54.7681,55.7826,56.7971,57.8116,58.8261,59.8406,60.8551,61.8696,62.8841,63.8986,64.913,65.9275,66.942,67.9565,68.971,69.9855,71

Position pixel : 15.2233,15.2215,15.2196,15.2178,15.2159,15.2141,15.2122,15.2104,15.2085,15.2067,15.2048,15.203,15.2011,15.1993,15.1974,15.1956,15.1937,15.1919,15.19,15.1882,15.1863,15.1845,15.1826,15.1808,15.1789,15.1771,15.1752,15.1734,15.1715,15.1697,15.1678,15.166,15.1641,15.1623,15.1605,15.1586,15.1568,15.1549,15.1531,15.1512,15.1494,15.1475,15.1457,15.1438,15.142,15.1401,15.1383,15.1364,15.1346,15.1327,15.1309,15.129,15.1272,15.1253,15.1235,15.1216,15.1198,15.1179,15.1161,15.1142,15.1124,15.1105,15.1087,15.1068,15.105,15.1031,15.1013,15.0994,15.0976,15.0957

Pole type : Line
Start frame : 1
End frame : 71
Start time (s) : 0.000
End time (s) : 598.550
Time step (s) : 8.551

Feature Information :


Feature number : 1

Time (s) : 232.1469,232.426,232.8555,233.4578,233.9737,234.2997,234.5788,234.8453,235.1244,235.3909,235.67,235.9663,236.3489,236.7316,237.0278,237.3069,237.5734,237.8525,238.119,238.3982,238.6944,239.1068,239.6227,240.1386,240.5509,240.8769,241.2595,241.6422,241.9681,242.3805,242.8964,243.4123,243.8247,244.1506,244.5333,244.9457,245.4048,246.0369,246.686,247.2614,247.8368,248.5156,249.3107,250.1228,250.9475,251.7596,252.5547,253.2038,253.6459,253.9719,254.3545,254.7372,255.0631,255.4755,255.9914,256.537,257.0826,257.6283,258.1739,258.7195,259.2651,259.8108,260.3564,260.902,261.4476,261.9933,262.5389,263.0548,263.4969,263.9561,264.5881,265.267,265.9756,266.7706,267.5827,268.3778,269.0566,269.632,270.1776,270.7233,271.2689,271.8145,272.3601,272.9058,273.4216,273.834,274.16,274.5724,275.0882,275.6339,276.1795,276.7251,277.241,277.6534,277.9793,278.362,278.7149,278.9076,279.0706,279.2903,279.4235

Position (um) : 1.9992,2.0016,2.0084,2.0192,2.0301,2.0372,2.0417,2.0468,2.0529,2.0584,2.0645,2.0741,2.0849,2.0938,2.1009,2.1074,2.1125,2.1162,2.1197,2.1234,2.1285,2.1346,2.1397,2.1438,2.149,2.1554,2.1622,2.1686,2.1738,2.1779,2.1826,2.1874,2.1911,2.1946,2.1983,2.2031,2.2078,2.2119,2.2167,2.2215,2.2255,2.2307,2.2371,2.2439,2.2511,2.2596,2.2691,2.2776,2.2844,2.2895,2.2936,2.2987,2.3052,2.3116,2.3171,2.3229,2.3308,2.3389,2.346,2.3528,2.3597,2.3665,2.3733,2.3801,2.3869,2.3933,2.3985,2.4025,2.4081,2.4162,2.4261,2.4366,2.4485,2.4618,2.4754,2.4886,2.5002,2.5091,2.5166,2.5251,2.535,2.5451,2.5551,2.5639,2.5728,2.5823,2.5911,2.6,2.6099,2.62,2.6303,2.6405,2.6504,2.6589,2.666,2.6728,2.6797,2.6861,2.6912,2.6949,2.6981

Intensity : 393.4736,391.7745,387.1788,379.941,373.3306,370.0323,367.9683,365.6086,362.8518,360.3497,357.5994,353.3611,348.5591,344.6453,341.487,338.6643,336.4083,334.778,333.2473,331.6302,329.4027,326.8838,325.2938,323.6461,321.8892,319.9502,317.894,315.9653,314.4311,313.0896,311.5187,309.9855,308.8135,307.782,306.6773,305.3444,304.0079,302.7301,301.341,300.0447,298.9241,297.3534,295.4051,293.7312,292.4446,291.1574,289.9051,288.9166,288.2262,287.7357,287.2902,286.812,286.3284,285.8319,285.3638,284.9083,284.2445,283.6212,283.0724,282.614,282.1985,281.8155,281.4651,281.1473,280.862,280.6108,280.3927,280.2087,280.0707,279.9606,279.8534,279.8018,279.8257,279.6859,279.4243,279.2162,279.0723,278.9858,278.9307,278.8878,278.8578,278.8506,278.8682,278.7921,278.5204,278.0457,277.4855,276.8646,276.1307,275.3679,274.5992,273.8365,273.1026,272.4956,271.9978,271.4517,270.925,270.528,270.2066,269.9079,269.6923

Time pixel : 27.1494,27.1821,27.2323,27.3027,27.3631,27.4012,27.4338,27.465,27.4976,27.5288,27.5614,27.5961,27.6408,27.6856,27.7202,27.7529,27.784,27.8167,27.8479,27.8805,27.9151,27.9634,28.0237,28.084,28.1323,28.1704,28.2151,28.2599,28.298,28.3462,28.4066,28.4669,28.5151,28.5532,28.598,28.6462,28.6999,28.7738,28.8498,28.917,28.9843,29.0637,29.1567,29.2517,29.3481,29.4431,29.5361,29.612,29.6637,29.7018,29.7466,29.7913,29.8295,29.8777,29.938,30.0018,30.0656,30.1294,30.1933,30.2571,30.3209,30.3847,30.4485,30.5123,30.5761,30.6399,30.7037,30.7641,30.8158,30.8695,30.9434,31.0228,31.1057,31.1986,31.2936,31.3866,31.466,31.5333,31.5971,31.6609,31.7247,31.7885,31.8523,31.9161,31.9765,32.0247,32.0628,32.111,32.1714,32.2352,32.299,32.3628,32.4231,32.4714,32.5095,32.5542,32.5955,32.618,32.6371,32.6628,32.6784

Position pixel : 18.7364,18.7589,18.8227,18.9243,19.0259,19.0932,19.1348,19.1831,19.2399,19.2916,19.3488,19.4383,19.5399,19.6228,19.6901,19.7504,19.7986,19.8333,19.8659,19.9006,19.9488,20.0056,20.0539,20.092,20.1402,20.2005,20.2644,20.3247,20.3729,20.411,20.4558,20.5005,20.5352,20.5678,20.6025,20.6472,20.692,20.7301,20.7748,20.8196,20.8577,20.9059,20.9663,21.0301,21.0974,21.1768,21.2663,21.3457,21.4095,21.4577,21.4958,21.544,21.6044,21.6647,21.7164,21.7701,21.844,21.92,21.9872,22.051,22.1149,22.1787,22.2425,22.3063,22.3701,22.4304,22.4787,22.5168,22.5685,22.6444,22.7374,22.8358,22.9479,23.072,23.1996,23.3238,23.4323,23.5152,23.586,23.6654,23.7583,23.8533,23.9463,24.0292,24.112,24.2015,24.2844,24.3673,24.4603,24.5552,24.6517,24.7467,24.8396,24.919,24.9863,25.0501,25.1139,25.1743,25.2225,25.2572,25.2863

Brightness max : 406.53
Brightness min : 251.00
Feature direction : Ambiguous
Feature speed : Slow
Feature type : Curve
Start frame : 1
End frame : 71
Start time (s) : 0.000
End time (s) : 598.550
Time step (s) : 8.551

Feature number : 2

Time (s) : 522.4191,522.6685,522.9647,523.3771,523.9227,524.6313,525.5299,526.4284,527.1667,527.8753,528.6109,529.1565,529.4825,529.7616,530.0578,530.4702,530.9861,531.5317,532.0774,532.5932,533.0056,533.3316,533.744,534.2896,534.9684,535.7338,536.4424,537.1509,537.9163,538.5951,539.2002,539.8493,540.4814,540.9406,541.3827,541.8986,542.4739,543.1825,544.0811,544.9796,545.6882,546.2636,546.8389,547.5178,548.3128,549.1547,550.0532,550.8483,551.4704,552.1322,552.7814,553.3567,553.9023,554.448,554.9639,555.3762,555.6724,555.9516,556.2181,556.4675,556.6305,556.7934,557.0131,557.1463

Position (um) : 2.5887,2.584,2.5775,2.5704,2.5615,2.5499,2.537,2.5251,2.5146,2.505,2.4982,2.4942,2.4907,2.4874,2.4839,2.4802,2.475,2.4682,2.4598,2.4502,2.4417,2.4342,2.4253,2.4138,2.4005,2.3869,2.3733,2.3597,2.346,2.3324,2.3188,2.3056,2.2943,2.2872,2.2827,2.2772,2.2687,2.2572,2.2443,2.2327,2.2239,2.2167,2.2099,2.2031,2.1955,2.185,2.171,2.1578,2.1469,2.1366,2.1265,2.1162,2.1057,2.0941,2.0829,2.0741,2.0669,2.0601,2.0533,2.0465,2.04,2.0349,2.0312,2.0281

Intensity : 268.3751,268.4566,268.5858,268.7463,268.9795,269.3487,269.8551,270.4261,270.9953,271.5808,272.0978,272.4585,272.7395,273.0067,273.2967,273.2762,273.1532,273.0916,273.1117,273.0892,272.967,272.9033,272.8193,272.7294,272.622,272.5075,272.4751,272.4849,272.4797,272.3375,272.4337,272.5672,272.6805,272.7521,272.7741,272.8128,272.9163,273.0858,273.2818,273.6599,274.0003,274.2665,274.5062,274.7021,274.9019,275.2898,275.9218,276.6026,277.2147,277.8342,279.3848,281.2631,283.156,285.2191,287.191,288.7275,289.969,291.1283,292.2903,293.4672,294.6019,295.5092,296.151,296.7017

Time pixel : 61.0965,61.1257,61.1604,61.2086,61.2724,61.3553,61.4603,61.5654,61.6518,61.7346,61.8207,61.8845,61.9226,61.9552,61.9899,62.0381,62.0985,62.1623,62.2261,62.2864,62.3346,62.3728,62.421,62.4848,62.5642,62.6537,62.7366,62.8194,62.9089,62.9883,63.0591,63.135,63.2089,63.2626,63.3143,63.3747,63.4419,63.5248,63.6299,63.735,63.8179,63.8851,63.9524,64.0318,64.1248,64.2233,64.3283,64.4213,64.4941,64.5715,64.6474,64.7147,64.7785,64.8423,64.9026,64.9509,64.9855,65.0181,65.0493,65.0785,65.0975,65.1166,65.1423,65.1579

Position pixel : 24.2619,24.2171,24.1568,24.0895,24.0066,23.8981,23.7774,23.6654,23.5669,23.4774,23.4136,23.3755,23.3428,23.3117,23.279,23.2444,23.1962,23.1323,23.053,22.9635,22.8841,22.8133,22.7304,22.6219,22.4977,22.3701,22.2425,22.1149,21.9872,21.8596,21.732,21.6079,21.5028,21.4355,21.3939,21.3422,21.2628,21.1542,21.0336,20.925,20.8421,20.7748,20.711,20.6472,20.5765,20.478,20.3472,20.2231,20.1212,20.0247,19.9297,19.8333,19.7348,19.6263,19.5212,19.4383,19.371,19.3072,19.2434,19.1796,19.1192,19.071,19.0364,19.0072

Brightness max : 406.53
Brightness min : 251.00
Feature direction : Ambiguous
Feature speed : Slow
Feature type : Curve
Start frame : 1
End frame : 71
Start time (s) : 0.000
End time (s) : 598.550
Time step (s) : 8.551

