KYMOANALYSIS DATA

General Information :

Tiff path : G:\My Drive\microtubule dynamics and cut7\21-15 screens and tests\cut11-7\20-06-17&18 (cut11-7, cut7-3GFP, Klp5D, mts)\
Spindle type : Monopolar
Start frame : 1
End frame : 124
Start time (s) : 0.000
End time (s) : 507.210
Time step (s) : 4.124
Num poles : 1
Num tracks : 1
Num tracks poleward : 0
Num tracks antipoleward : 0
Num tracks ambiguous : 1
Comments : {

}
Poles Information :


Pole number : 1

Time (s) : 5.279561,9.427545,13.57553,17.72351,21.8715,26.01948,30.16747,34.31545,38.46344,42.61142,46.75941,50.90739,55.05537,59.20336,63.35134,67.49933,71.64731,75.7953,79.94328,84.09126,88.23925,92.38723,96.53522,100.6832,104.8312,108.9792,113.1272,117.2751,121.4231,125.5711,129.7191,133.8671,138.0151,142.163,146.311,150.459,154.607,158.755,162.903,167.051,171.1989,175.3469,179.4949,183.6429,187.7909,191.9389,196.0868,200.2348,204.3828,208.5308,212.6788,216.8268,220.9748,225.1227,229.2707,233.4187,237.5667,241.7147,245.8627,250.0106,254.1586,258.3066,262.4546,266.6026,270.7506,274.8985,279.0465,283.1945,287.3425,291.4905,295.6385,299.7865,303.9344,308.0824,312.2304,316.3784,320.5264,324.6744,328.8223,332.9703,337.1183,341.2663,345.4143,349.5623,353.7103,357.8582,362.0062,366.1542,370.3022,374.4502,378.5982,382.7461,386.8941,391.0421,395.1901,399.3381,403.4861,407.634,411.782,415.93,420.078,424.226,428.374,432.522,436.6699,440.8179,444.9659,449.1139,453.2619,457.4099,461.5578,465.7058,469.8538,474.0018,478.1498,482.2978,486.4458,490.5937,494.7417,498.8897,503.0377,507.1857,511.3337

Position (um) : 1.0132,1.0129,1.0126,1.0123,1.012,1.0117,1.0114,1.0111,1.0108,1.0105,1.0102,1.0099,1.0096,1.0093,1.009,1.0088,1.0085,1.0082,1.0079,1.0076,1.0073,1.007,1.0067,1.0064,1.0061,1.0058,1.0055,1.0052,1.0049,1.0046,1.0043,1.004,1.0037,1.0035,1.0032,1.0029,1.0026,1.0023,1.002,1.0017,1.0014,1.0011,1.0008,1.0005,1.0002,0.99993,0.99963,0.99934,0.99904,0.99875,0.99845,0.99816,0.99787,0.99757,0.99728,0.99698,0.99669,0.99639,0.9961,0.99581,0.99551,0.99522,0.99492,0.99463,0.99434,0.99404,0.99375,0.99345,0.99316,0.99286,0.99257,0.99228,0.99198,0.99169,0.99139,0.9911,0.99081,0.99051,0.99022,0.98992,0.98963,0.98933,0.98904,0.98875,0.98845,0.98816,0.98786,0.98757,0.98728,0.98698,0.98669,0.98639,0.9861,0.9858,0.98551,0.98522,0.98492,0.98463,0.98433,0.98404,0.98374,0.98345,0.98316,0.98286,0.98257,0.98227,0.98198,0.98169,0.98139,0.9811,0.9808,0.98051,0.98021,0.97992,0.97963,0.97933,0.97904,0.97874,0.97845,0.97816,0.97786,0.97757,0.97727

Intensity : 1149.1955,1131.2912,1109.1521,1109.7516,1106.2961,1101.6863,1071.8565,1046.9938,1068.7344,1098.7074,1108.8881,1100.6502,1115.5106,1112.4717,1081.4075,1057.2519,1072.5767,1075.0854,1055.4736,1042.2977,1054.5834,1080.9961,1099.9814,1115.4031,1135.4829,1123.6234,1091.0533,1059.3624,1068.1225,1061.567,1031.155,993.41409,987.06296,981.45075,967.32768,954.45768,950.74256,964.4921,997.46495,1011.0285,997.57562,977.5742,966.49427,959.22319,936.24436,924.17343,930.43766,949.94848,951.37336,942.61903,930.81036,929.85595,938.06348,932.24586,937.6371,935.35632,934.68325,946.54665,955.00287,948.2349,912.9516,884.78446,882.67014,873.97145,847.79056,814.47082,782.93902,799.77306,812.15828,832.90106,816.80976,815.85392,829.02826,842.74168,839.92079,816.17048,791.79666,795.8597,804.26633,822.54959,827.52782,835.79415,865.72539,889.54904,906.15648,902.28049,898.80674,893.91019,878.05075,843.29009,806.49238,764.18724,765.92481,772.41097,782.11332,788.07712,793.364,790.91829,786.72876,777.95443,815.05821,810.63825,833.98483,841.74113,849.7022,837.33508,802.41265,796.61821,807.66622,843.48869,859.51209,861.24391,820.9511,787.64159,762.99044,760.33062,772.25724,767.8544,798.58192,794.55406,821.29999,781.50032,772.25114

Time pixel : 1.28031,2.286209,3.292108,4.298007,5.303906,6.309805,7.315705,8.321604,9.327503,10.3334,11.3393,12.3452,13.3511,14.357,15.3629,16.3688,17.3747,18.38059,19.38649,20.39239,21.39829,22.40419,23.41009,24.41599,25.42189,26.42779,27.43369,28.43959,29.44548,30.45138,31.45728,32.46318,33.46908,34.47498,35.48088,36.48678,37.49268,38.49858,39.50448,40.51037,41.51627,42.52217,43.52807,44.53397,45.53987,46.54577,47.55167,48.55757,49.56347,50.56937,51.57526,52.58116,53.58706,54.59296,55.59886,56.60476,57.61066,58.61656,59.62246,60.62836,61.63426,62.64015,63.64605,64.65195,65.65785,66.66375,67.66965,68.67555,69.68145,70.68735,71.69325,72.69915,73.70505,74.71094,75.71684,76.72274,77.72864,78.73454,79.74044,80.74634,81.75224,82.75814,83.76404,84.76994,85.77583,86.78173,87.78763,88.79353,89.79943,90.80533,91.81123,92.81713,93.82303,94.82893,95.83483,96.84072,97.84662,98.85252,99.85842,100.8643,101.8702,102.8761,103.882,104.8879,105.8938,106.8997,107.9056,108.9115,109.9174,110.9233,111.9292,112.9351,113.941,114.9469,115.9528,116.9587,117.9646,118.9705,119.9764,120.9823,121.9882,122.9941,124

Position pixel : 9.4954,9.4927,9.4899,9.4872,9.4844,9.4817,9.4789,9.4761,9.4734,9.4706,9.4679,9.4651,9.4624,9.4596,9.4568,9.4541,9.4513,9.4486,9.4458,9.4431,9.4403,9.4375,9.4348,9.432,9.4293,9.4265,9.4238,9.421,9.4182,9.4155,9.4127,9.41,9.4072,9.4045,9.4017,9.3989,9.3962,9.3934,9.3907,9.3879,9.3852,9.3824,9.3796,9.3769,9.3741,9.3714,9.3686,9.3659,9.3631,9.3603,9.3576,9.3548,9.3521,9.3493,9.3466,9.3438,9.341,9.3383,9.3355,9.3328,9.33,9.3273,9.3245,9.3217,9.319,9.3162,9.3135,9.3107,9.308,9.3052,9.3024,9.2997,9.2969,9.2942,9.2914,9.2887,9.2859,9.2831,9.2804,9.2776,9.2749,9.2721,9.2694,9.2666,9.2638,9.2611,9.2583,9.2556,9.2528,9.2501,9.2473,9.2445,9.2418,9.239,9.2363,9.2335,9.2308,9.228,9.2252,9.2225,9.2197,9.217,9.2142,9.2115,9.2087,9.2059,9.2032,9.2004,9.1977,9.1949,9.1922,9.1894,9.1866,9.1839,9.1811,9.1784,9.1756,9.1729,9.1701,9.1673,9.1646,9.1618,9.1591

Pole type : Line
Start frame : 1
End frame : 124
Start time (s) : 0.000
End time (s) : 507.210
Time step (s) : 4.124

Feature Information :


Feature number : 1

Time (s) : 6.204283,10.37891,14.55353,18.72815,22.90277,27.0774,31.25202,35.42664,39.60127,43.77589,47.95051,52.12514,56.29976,60.47438,64.649,68.82363,72.99825,77.17287,81.3475,85.52212,89.69674,93.87136,98.04599,102.2206,106.3952,110.5699,114.7445,118.9191,123.0937,127.2683,131.443,135.6176,139.7922,143.9668,148.1415,152.3161,156.4907,160.6653,164.84,169.0146,173.1892,177.3638,181.5384,185.7131,189.8877,194.0623,198.2369,202.4116,206.5862,210.7608,214.9354,219.1101,223.2847,227.4593,231.6339,235.8085,239.9832,244.1578,248.3324,252.507,256.6817,260.8563,265.0309,269.2055,273.3802,277.5548,281.7294,285.904,290.0786,294.2533,298.4279,302.6025,306.7771,310.9518,315.1264,319.301,323.4756,327.6502,331.8249,335.9995,340.1741,344.3487,348.5234,352.698,356.8726,361.0472,365.2219,369.3965,373.5711,377.7457,381.9203,386.095,390.2696,394.4442,398.6188,402.7935,406.9681,411.1427,415.3173,419.492,423.6666,427.8412,432.0158,436.1904,440.3651,444.5397,448.7143,452.8889,457.0636,461.2382,465.4128,469.5874,473.7621,477.9367,482.1113,486.2859,490.4605,494.6352,498.8098,502.9844,507.159,511.3337

Position (um) : 1.0132,1.0129,1.0126,1.0123,1.012,1.0117,1.0114,1.0111,1.0108,1.0105,1.0102,1.0099,1.0096,1.0093,1.009,1.0087,1.0084,1.0081,1.0078,1.0075,1.0072,1.0069,1.0066,1.0063,1.006,1.0057,1.0055,1.0052,1.0049,1.0046,1.0043,1.004,1.0037,1.0034,1.0031,1.0028,1.0025,1.0022,1.0019,1.0016,1.0013,1.001,1.0007,1.0004,1.0001,0.99982,0.99952,0.99922,0.99893,0.99863,0.99833,0.99804,0.99774,0.99744,0.99715,0.99685,0.99655,0.99626,0.99596,0.99566,0.99537,0.99507,0.99477,0.99448,0.99418,0.99388,0.99359,0.99329,0.99299,0.9927,0.9924,0.9921,0.99181,0.99151,0.99121,0.99092,0.99062,0.99032,0.99003,0.98973,0.98943,0.98914,0.98884,0.98854,0.98825,0.98795,0.98765,0.98736,0.98706,0.98676,0.98647,0.98617,0.98587,0.98558,0.98528,0.98498,0.98469,0.98439,0.9841,0.9838,0.9835,0.98321,0.98291,0.98261,0.98232,0.98202,0.98172,0.98143,0.98113,0.98083,0.98054,0.98024,0.97994,0.97965,0.97935,0.97905,0.97876,0.97846,0.97816,0.97787,0.97757,0.97727

Intensity : 1146.5046,1123.7918,1109.9899,1108.1659,1107.1845,1095.7877,1060.1944,1051.5395,1077.3772,1106.2331,1102.4359,1106.2202,1117.6691,1105.8334,1066.4746,1062.5372,1076.8871,1070.0728,1046.3902,1045.1146,1061.1026,1094.6283,1096.7817,1133.8348,1127.5747,1123.7909,1061.3702,1069.4772,1063.16,1061.7817,1003.0786,992.22391,982.59802,981.35136,954.38102,956.54405,945.07024,983.11138,1009.3959,1011.9431,984.11378,971.49767,961.79086,955.48076,919.15542,928.92129,934.19233,962.34231,941.54222,941.12815,923.15295,936.44413,937.7077,930.00742,941.95951,930.92651,940.77948,952.8675,953.85442,931.96969,891.40153,880.29066,880.30431,859.38714,827.06205,793.74704,785.71203,812.37867,822.45208,829.22206,810.95212,825.03519,838.25156,842.90867,824.99598,798.44165,791.84082,802.43779,816.35543,827.76181,832.8227,856.51132,884.50301,902.35016,904.52317,899.21461,895.18643,882.07477,851.50581,813.94841,772.88171,763.64258,771.41076,780.19795,787.19261,792.46958,791.53265,787.37956,779.35651,808.78198,812.20724,830.35087,841.12673,848.73695,838.94997,806.22782,796.86089,806.55203,840.32025,858.41332,861.18471,823.71838,789.52974,764.23192,760.40034,771.77339,768.01477,797.7636,794.64748,820.9484,781.76081,772.25114

Time pixel : 1.504558,2.516917,3.529276,4.541635,5.553994,6.566353,7.578712,8.591071,9.60343,10.61579,11.62815,12.64051,13.65287,14.66523,15.67758,16.68994,17.7023,18.71466,19.72702,20.73938,21.75174,22.7641,23.77646,24.78882,25.80117,26.81353,27.82589,28.83825,29.85061,30.86297,31.87533,32.88769,33.90005,34.91241,35.92476,36.93712,37.94948,38.96184,39.9742,40.98656,41.99892,43.01128,44.02364,45.036,46.04836,47.06071,48.07307,49.08543,50.09779,51.11015,52.12251,53.13487,54.14723,55.15959,56.17195,57.1843,58.19666,59.20902,60.22138,61.23374,62.2461,63.25846,64.27082,65.28318,66.29554,67.30789,68.32025,69.33261,70.34497,71.35733,72.36969,73.38205,74.39441,75.40677,76.41913,77.43148,78.44384,79.4562,80.46856,81.48092,82.49328,83.50564,84.518,85.53036,86.54272,87.55508,88.56743,89.57979,90.59215,91.60451,92.61687,93.62923,94.64159,95.65395,96.66631,97.67867,98.69102,99.70338,100.7157,101.7281,102.7405,103.7528,104.7652,105.7775,106.7899,107.8023,108.8146,109.827,110.8393,111.8517,112.8641,113.8764,114.8888,115.9011,116.9135,117.9258,118.9382,119.9506,120.9629,121.9753,122.9876,124

Position pixel : 9.4954,9.4927,9.4899,9.4871,9.4843,9.4815,9.4788,9.476,9.4732,9.4704,9.4676,9.4649,9.4621,9.4593,9.4565,9.4537,9.451,9.4482,9.4454,9.4426,9.4398,9.4371,9.4343,9.4315,9.4287,9.4259,9.4232,9.4204,9.4176,9.4148,9.412,9.4093,9.4065,9.4037,9.4009,9.3981,9.3954,9.3926,9.3898,9.387,9.3842,9.3815,9.3787,9.3759,9.3731,9.3703,9.3676,9.3648,9.362,9.3592,9.3564,9.3537,9.3509,9.3481,9.3453,9.3425,9.3398,9.337,9.3342,9.3314,9.3286,9.3259,9.3231,9.3203,9.3175,9.3147,9.312,9.3092,9.3064,9.3036,9.3008,9.2981,9.2953,9.2925,9.2897,9.2869,9.2842,9.2814,9.2786,9.2758,9.273,9.2703,9.2675,9.2647,9.2619,9.2591,9.2564,9.2536,9.2508,9.248,9.2452,9.2425,9.2397,9.2369,9.2341,9.2313,9.2286,9.2258,9.223,9.2202,9.2174,9.2147,9.2119,9.2091,9.2063,9.2035,9.2008,9.198,9.1952,9.1924,9.1896,9.1869,9.1841,9.1813,9.1785,9.1757,9.173,9.1702,9.1674,9.1646,9.1619,9.1591

Brightness max : 637.10
Brightness min : 256.00
Feature direction : Ambiguous
Feature speed : Slow
Feature type : Line
Start frame : 1
End frame : 124
Start time (s) : 0.000
End time (s) : 507.210
Time step (s) : 4.124

