KYMOANALYSIS DATA

General Information :

Tiff path : G:\My Drive\microtubule dynamics and cut7\21-15 screens and tests\cut11-7\20-06-17&18 (cut11-7, cut7-3GFP, Klp5D, mts)\
Spindle type : Monopolar
Start frame : 1
End frame : 161
Start time (s) : 0.000
End time (s) : 637.520
Time step (s) : 3.984
Num poles : 1
Num tracks : 2
Num tracks poleward : 0
Num tracks antipoleward : 0
Num tracks ambiguous : 2
Comments : {

}
Poles Information :


Pole number : 1

Time (s) : 3.9845,7.99406,12.00362,16.01318,20.02274,24.0323,28.04186,32.05142,36.06098,40.07054,44.0801,48.08966,52.09922,56.10878,60.11834,64.1279,68.13746,72.14702,76.15658,80.16614,84.17569,88.18525,92.19481,96.20437,100.2139,104.2235,108.2331,112.2426,116.2522,120.2617,124.2713,128.2809,132.2904,136.3,140.3095,144.3191,148.3287,152.3382,156.3478,160.3573,164.3669,168.3764,172.386,176.3956,180.4051,184.4147,188.4242,192.4338,196.4434,200.4529,204.4625,208.472,212.4816,216.4912,220.5007,224.5103,228.5198,232.5294,236.539,240.5485,244.5581,248.5676,252.5772,256.5868,260.5963,264.6059,268.6154,272.625,276.6346,280.6441,284.6537,288.6632,292.6728,296.6824,300.6919,304.7015,308.711,312.7206,316.7302,320.7397,324.7493,328.7588,332.7684,336.778,340.7875,344.7971,348.8066,352.8162,356.8258,360.8353,364.8449,368.8544,372.864,376.8736,380.8831,384.8927,388.9022,392.9118,396.9214,400.9309,404.9405,408.95,412.9596,416.9692,420.9787,424.9883,428.9978,433.0074,437.017,441.0265,445.0361,449.0456,453.0552,457.0648,461.0743,465.0839,469.0934,473.103,477.1126,481.1221,485.1317,489.1412,493.1508,497.1603,501.1699,505.1795,509.189,513.1986,517.2081,521.2177,525.2273,529.2368,533.2464,537.2559,541.2655,545.2751,549.2846,553.2942,557.3037,561.3133,565.3229,569.3324,573.342,577.3515,581.3611,585.3707,589.3802,593.3898,597.3993,601.4089,605.4185,609.428,613.4376,617.4471,621.4567,625.4663,629.4758,633.4854,637.4949,641.5045

Position (um) : 1.037,1.0354,1.0339,1.0323,1.0307,1.0292,1.0276,1.026,1.0245,1.0229,1.0213,1.0198,1.0182,1.0166,1.0151,1.0135,1.0119,1.0104,1.0088,1.0072,1.0057,1.0041,1.0025,1.001,0.99941,0.99784,0.99628,0.99471,0.99314,0.99158,0.99001,0.98845,0.98688,0.98531,0.98375,0.98218,0.98062,0.97905,0.97748,0.97592,0.97435,0.97279,0.97122,0.96965,0.96809,0.96652,0.96496,0.96339,0.96182,0.96026,0.95869,0.95713,0.95556,0.95399,0.95243,0.95086,0.9493,0.94773,0.94616,0.9446,0.94303,0.94147,0.9399,0.93833,0.93677,0.9352,0.93364,0.93207,0.9305,0.92894,0.92737,0.92581,0.92424,0.92267,0.92111,0.91954,0.91798,0.91641,0.91484,0.91328,0.91171,0.91015,0.90858,0.90701,0.90545,0.90388,0.90231,0.90075,0.89918,0.89762,0.89605,0.89448,0.89292,0.89135,0.88979,0.88822,0.88665,0.88509,0.88352,0.88196,0.88039,0.87882,0.87726,0.87569,0.87413,0.87256,0.87099,0.86943,0.86786,0.8663,0.86473,0.86316,0.8616,0.86003,0.85847,0.8569,0.85533,0.85377,0.8522,0.85064,0.84907,0.8475,0.84594,0.84437,0.84281,0.84124,0.83967,0.83811,0.83654,0.83498,0.83341,0.83184,0.83028,0.82871,0.82715,0.82558,0.82401,0.82245,0.82088,0.81932,0.81775,0.81618,0.81462,0.81305,0.81149,0.80992,0.80835,0.80679,0.80522,0.80365,0.80209,0.80052,0.79896,0.79739,0.79582,0.79426,0.79269,0.79113,0.78956,0.78799

Intensity : 1361.1887,1353.6011,1375.1182,1370.5075,1339.9279,1293.8135,1262.4247,1281.3287,1276.9613,1264.1394,1271.0006,1306.9261,1314.3312,1291.708,1265.0635,1238.963,1225.109,1233.1471,1241.8349,1263.6327,1220.7653,1216.9091,1167.77,1165.3411,1144.6564,1154.2403,1155.0619,1171.6346,1186.4904,1193.4801,1182.839,1194.6728,1186.0275,1180.3631,1171.085,1222.5183,1258.7248,1272.0095,1239.6614,1224.4166,1193.1513,1172.6183,1165.1928,1149.8014,1117.7959,1097.0812,1113.9639,1142.2121,1200.8993,1237.8794,1247.5381,1237.0397,1205.2976,1176.246,1151.4202,1143.929,1150.021,1161.1832,1210.3182,1271.8918,1284.6222,1288.0402,1286.4173,1317.401,1321.5977,1293.0632,1245.1313,1227.1233,1246.6305,1255.3229,1263.3855,1284.7427,1301.2462,1278.1577,1244.5932,1245.3312,1261.1956,1241.4514,1210.096,1195.2273,1205.9169,1218.8947,1224.2637,1229.1102,1213.1329,1173.5444,1135.772,1125.2016,1123.3984,1126.265,1132.6843,1152.4827,1164.0981,1147.4132,1125.5732,1073.6391,1030.7372,1005.8519,1006.7086,1018.3542,1028.8944,1058.0426,1088.5718,1127.8246,1155.4838,1160.4396,1135.5394,1110.2875,1078.2324,1028.7074,1001.7529,1018.4584,1047.8774,1026.6235,973.3398,936.92642,943.0165,982.0042,1029.6466,1075.2965,1083.0123,1057.0725,1007.5248,969.92992,953.71023,986.59969,1012.3356,1016.7297,973.16438,934.70897,924.70068,919.75154,922.07931,915.63219,930.8933,952.81179,1017.1613,1068.5008,1139.6478,1140.0824,1097.7065,1041.1747,1000.1058,995.53762,988.89624,985.18374,997.64127,989.80349,973.4251,929.24182,896.02312,877.80235,878.02072,904.17128,959.01038,964.69636,972.41391,960.7213,1009.0982,1027.8446

Time pixel : 1,2.006289,3.012579,4.018868,5.025157,6.031447,7.037736,8.044025,9.050314,10.0566,11.06289,12.06918,13.07547,14.08176,15.08805,16.09434,17.10063,18.10692,19.11321,20.1195,21.12579,22.13208,23.13836,24.14465,25.15094,26.15723,27.16352,28.16981,29.1761,30.18239,31.18868,32.19497,33.20126,34.20755,35.21384,36.22013,37.22642,38.2327,39.23899,40.24528,41.25157,42.25786,43.26415,44.27044,45.27673,46.28302,47.28931,48.2956,49.30189,50.30818,51.31447,52.32075,53.32704,54.33333,55.33962,56.34591,57.3522,58.35849,59.36478,60.37107,61.37736,62.38365,63.38994,64.39623,65.40252,66.40881,67.41509,68.42138,69.42767,70.43396,71.44025,72.44654,73.45283,74.45912,75.46541,76.4717,77.47799,78.48428,79.49057,80.49686,81.50314,82.50943,83.51572,84.52201,85.5283,86.53459,87.54088,88.54717,89.55346,90.55975,91.56604,92.57233,93.57862,94.58491,95.59119,96.59748,97.60377,98.61006,99.61635,100.6226,101.6289,102.6352,103.6415,104.6478,105.6541,106.6604,107.6667,108.673,109.6792,110.6855,111.6918,112.6981,113.7044,114.7107,115.717,116.7233,117.7296,118.7358,119.7421,120.7484,121.7547,122.761,123.7673,124.7736,125.7799,126.7862,127.7925,128.7987,129.805,130.8113,131.8176,132.8239,133.8302,134.8365,135.8428,136.8491,137.8553,138.8616,139.8679,140.8742,141.8805,142.8868,143.8931,144.8994,145.9057,146.9119,147.9182,148.9245,149.9308,150.9371,151.9434,152.9497,153.956,154.9623,155.9686,156.9748,157.9811,158.9874,159.9937,161

Position pixel : 9.7188,9.7041,9.6894,9.6747,9.6601,9.6454,9.6307,9.616,9.6014,9.5867,9.572,9.5573,9.5427,9.528,9.5133,9.4986,9.4839,9.4693,9.4546,9.4399,9.4252,9.4106,9.3959,9.3812,9.3665,9.3519,9.3372,9.3225,9.3078,9.2931,9.2785,9.2638,9.2491,9.2344,9.2198,9.2051,9.1904,9.1757,9.1611,9.1464,9.1317,9.117,9.1023,9.0877,9.073,9.0583,9.0436,9.029,9.0143,8.9996,8.9849,8.9703,8.9556,8.9409,8.9262,8.9115,8.8969,8.8822,8.8675,8.8528,8.8382,8.8235,8.8088,8.7941,8.7795,8.7648,8.7501,8.7354,8.7207,8.7061,8.6914,8.6767,8.662,8.6474,8.6327,8.618,8.6033,8.5887,8.574,8.5593,8.5446,8.5299,8.5153,8.5006,8.4859,8.4712,8.4566,8.4419,8.4272,8.4125,8.3979,8.3832,8.3685,8.3538,8.3391,8.3245,8.3098,8.2951,8.2804,8.2658,8.2511,8.2364,8.2217,8.2071,8.1924,8.1777,8.163,8.1483,8.1337,8.119,8.1043,8.0896,8.075,8.0603,8.0456,8.0309,8.0163,8.0016,7.9869,7.9722,7.9575,7.9429,7.9282,7.9135,7.8988,7.8842,7.8695,7.8548,7.8401,7.8255,7.8108,7.7961,7.7814,7.7667,7.7521,7.7374,7.7227,7.708,7.6934,7.6787,7.664,7.6493,7.6346,7.62,7.6053,7.5906,7.5759,7.5613,7.5466,7.5319,7.5172,7.5026,7.4879,7.4732,7.4585,7.4438,7.4292,7.4145,7.3998,7.3851

Pole type : Line
Start frame : 1
End frame : 161
Start time (s) : 0.000
End time (s) : 637.520
Time step (s) : 3.984

Feature Information :


Feature number : 1

Time (s) : 78.86734,79.27491,79.82439,80.40554,80.98669,81.56784,82.14898,82.73013,83.31128,83.89243,84.47358,85.05473,85.63588,86.21703,86.79817,87.37932,87.96047,88.54162,89.12277,89.70392,90.2534,90.69263,91.0398,91.47903,92.02851,92.57799,93.01722,93.36439,93.80362,94.32144,94.76067,95.10784,95.54707,96.09655,96.6777,97.22718,97.66641,98.01358,98.45281,99.00229,99.58344,100.1646,100.7457,101.3269,101.908,102.4892,103.0703,103.6515,104.2326,104.8138,105.3949,105.9761,106.5572,107.1384,107.6879,108.1271,108.4743,108.9135,109.4313,109.8705,110.2177,110.6253,111.0328,111.38,111.7876,112.1951,112.5106,112.8079,113.0918,113.3574,113.531,113.7046,113.9702,114.2541,114.5197

Position (um) : 1.6439,1.6439,1.6439,1.6439,1.6439,1.6439,1.6439,1.6439,1.6439,1.6439,1.6439,1.6439,1.6439,1.6439,1.6439,1.6439,1.6439,1.6439,1.6439,1.6439,1.6448,1.6486,1.6548,1.6595,1.6641,1.6713,1.6789,1.6868,1.6944,1.7024,1.71,1.7179,1.7264,1.7373,1.7474,1.7529,1.7575,1.7638,1.7676,1.7684,1.7684,1.7684,1.7684,1.7684,1.7684,1.7684,1.7684,1.7684,1.7684,1.7684,1.7684,1.7676,1.7638,1.7575,1.7529,1.7482,1.742,1.7382,1.7365,1.7327,1.7264,1.7217,1.7171,1.71,1.7015,1.6906,1.6797,1.6713,1.6633,1.6548,1.6439,1.633,1.6246,1.6175,1.6137

Intensity : 453.5786,453.5144,453.0203,451.1667,449.3131,447.4595,445.6059,443.7523,441.8987,441.0906,442.0251,442.9596,443.8941,444.8285,445.763,446.6975,447.3909,447.8607,448.3305,448.8003,448.5209,445.6476,440.6279,437.0905,435.0262,431.241,426.3288,420.5316,415.1975,409.5573,404.806,401.1881,397.3009,391.6339,386.3531,383.7313,381.4369,377.9836,376.1409,376.2585,376.9447,377.7695,378.6015,379.4335,380.2656,381.0976,381.9296,382.6039,381.7528,380.9017,380.0505,379.7289,381.1937,384.0437,385.9262,388.1598,391.3454,392.9233,393.1579,394.6078,397.4477,399.24,400.9522,403.956,408.1707,414.2376,420.6237,425.1892,429.3846,433.9482,440.7289,447.4383,451.7531,454.9321,455.8549

Time pixel : 19.7935,19.8958,20.0337,20.1796,20.3254,20.4713,20.6171,20.763,20.9088,21.0547,21.2005,21.3464,21.4923,21.6381,21.784,21.9298,22.0757,22.2215,22.3674,22.5132,22.6511,22.7614,22.8485,22.9587,23.0966,23.2345,23.3448,23.4319,23.5421,23.6721,23.7823,23.8695,23.9797,24.1176,24.2634,24.4014,24.5116,24.5987,24.709,24.8469,24.9927,25.1386,25.2844,25.4303,25.5761,25.722,25.8678,26.0137,26.1595,26.3054,26.4512,26.5971,26.7429,26.8888,27.0267,27.1369,27.2241,27.3343,27.4642,27.5745,27.6616,27.7639,27.8662,27.9533,28.0556,28.1579,28.2371,28.3117,28.3829,28.4496,28.4932,28.5367,28.6034,28.6746,28.7413

Position pixel : 15.407,15.407,15.407,15.407,15.407,15.407,15.407,15.407,15.407,15.407,15.407,15.407,15.407,15.407,15.407,15.407,15.407,15.407,15.407,15.407,15.415,15.4506,15.5093,15.5529,15.5964,15.6631,15.7343,15.809,15.8802,15.9548,16.026,16.1007,16.1798,16.2821,16.3765,16.428,16.4716,16.5303,16.5659,16.5738,16.5738,16.5738,16.5738,16.5738,16.5738,16.5738,16.5738,16.5738,16.5738,16.5738,16.5738,16.5659,16.5303,16.4716,16.428,16.3844,16.3257,16.2901,16.2742,16.2386,16.1798,16.1363,16.0927,16.026,15.9469,15.8446,15.7423,15.6631,15.5885,15.5093,15.407,15.3047,15.2255,15.1589,15.1233

Brightness max : 508.65
Brightness min : 258.00
Feature direction : Ambiguous
Feature speed : Slow
Feature type : Curve
Start frame : 1
End frame : 161
Start time (s) : 0.000
End time (s) : 637.520
Time step (s) : 3.984

Feature number : 2

Time (s) : 175.338,175.7456,176.3267,177.0498,177.8649,178.588,179.2008,179.7819,180.3631,180.9442,181.5254,182.0749,182.5141,182.8613,183.3005,183.8183,184.2576,184.6047,185.044,185.5618,186.001,186.3482,186.7557,187.1633,187.5105,187.9497,188.4992,189.0803,189.6615,190.2426,190.8238,191.4049,191.9861,192.5672,193.1484,193.7295,194.3107,194.8918,195.473,196.0224,196.4617,196.8088,197.2164,197.624,197.9395,198.2368,198.5206,198.8179,199.1018,199.3991,199.6829,199.9802,200.2957,200.7033,201.1109,201.4264,201.7237,202.0075,202.3048,202.5887,202.886,203.2015,203.609,204.0166,204.3638,204.803,205.3525,205.9336,206.5148,207.0959,207.6771,208.2582,208.8394,209.4205,210.0017,210.5828,211.164,211.7451,212.3263,212.9074,213.4886,214.0697,214.6509,215.232,215.8132,216.3943,216.9438,217.383,217.7302,218.1694,218.6872,219.1265,219.4736,219.9129,220.4307,220.8699,221.2171,221.6563,222.1741,222.6134,222.9605,223.3681,223.7757,224.1228,224.5304,224.938,225.2535,225.5508,225.8663,226.2738,226.6814,227.0286,227.4361,227.8437,228.1909,228.6301,229.1796,229.7607,230.3419,230.923,231.5042,232.0853,232.6665,233.2476,233.8288,234.4099,234.9911,235.5722,236.1534,236.7345,237.284,237.7232,238.0704,238.5096,239.0591,239.6403,240.2214,240.7709,241.2101,241.5573,241.9965,242.5143,242.9536,243.2691,243.5664,243.8819,244.2894,244.697,245.0442,245.4517,245.8276

Position (um) : 1.6751,1.6751,1.6751,1.6751,1.6751,1.6751,1.6751,1.6759,1.6797,1.686,1.6898,1.6915,1.6953,1.7015,1.7053,1.707,1.7108,1.7171,1.7209,1.7226,1.7264,1.7327,1.7373,1.742,1.7482,1.752,1.7537,1.7575,1.7646,1.7722,1.7793,1.7831,1.784,1.784,1.784,1.784,1.784,1.784,1.784,1.7831,1.7793,1.7731,1.7684,1.7638,1.7567,1.7491,1.7411,1.7335,1.7255,1.7179,1.71,1.7024,1.6953,1.6906,1.686,1.6789,1.6713,1.6633,1.6557,1.6477,1.6401,1.633,1.6284,1.6237,1.6175,1.6137,1.6128,1.6128,1.6128,1.6128,1.6128,1.6128,1.6128,1.6128,1.6128,1.6128,1.6128,1.6128,1.6128,1.6128,1.6128,1.6128,1.6128,1.6137,1.6175,1.6246,1.633,1.6439,1.654,1.6586,1.6603,1.6641,1.6704,1.6742,1.6759,1.6797,1.686,1.6898,1.6915,1.6953,1.7015,1.7062,1.7108,1.7171,1.7217,1.7264,1.7335,1.7411,1.7482,1.7529,1.7575,1.7638,1.7684,1.7731,1.7793,1.7831,1.784,1.784,1.784,1.784,1.784,1.784,1.784,1.784,1.784,1.784,1.784,1.784,1.784,1.784,1.7831,1.7793,1.7731,1.7684,1.7638,1.7567,1.7491,1.7411,1.7335,1.7255,1.7179,1.71,1.7024,1.6944,1.6868,1.6797,1.6751,1.6704,1.6633,1.6557,1.6486

Intensity : 380.3467,381.4116,382.9299,384.819,386.9487,388.8379,390.4389,392.6777,392.8154,390.7995,390.6232,391.9513,390.853,387.0509,385.7082,385.8872,385.3998,383.4481,382.9609,383.7368,383.1927,381.0874,379.946,378.769,376.4382,375.5114,375.9152,375.2279,372.6587,369.7013,366.8947,365.5564,364.974,364.8745,364.7751,364.6756,364.5762,364.4767,363.7916,362.752,363.5411,365.8638,367.1954,368.5359,371.4141,374.6048,378.0299,381.2419,384.6883,386.9346,388.6729,390.8567,392.9907,392.5986,392.1621,394.1405,396.5524,399.2716,401.5771,404.19,406.3891,408.049,409.3055,410.5597,413.053,413.5428,411.6725,409.1312,406.59,404.0487,401.6427,399.2641,396.8855,394.507,392.1284,389.7498,387.3712,390.8451,394.4691,398.0931,401.717,405.341,408.965,411.8934,411.7368,409.2888,405.6503,399.7535,393.9533,392.0717,392.4363,391.013,388.1136,387.4321,388.6279,387.8609,384.7722,383.9007,384.941,383.9842,380.665,378.7368,378.067,376.807,376.4276,376.0127,374.1471,371.9601,370.0099,369.435,368.8244,367.2406,365.8792,364.3042,361.8865,360.6843,360.9614,361.6675,362.3735,363.0796,364.3077,365.7662,367.2247,368.6832,370.1418,371.6003,373.0588,372.0789,370.6259,369.1729,368.1737,368.7208,370.5132,371.2958,371.6989,372.6993,373.7304,374.8472,376.0817,377.6829,378.6762,379.3388,380.026,381.1421,382.2153,383.081,382.7194,382.3936,383.2378,384.025,384.8395

Time pixel : 44.005,44.1073,44.2532,44.4346,44.6392,44.8207,44.9745,45.1203,45.2662,45.412,45.5579,45.6958,45.806,45.8932,46.0034,46.1333,46.2436,46.3307,46.4409,46.5709,46.6811,46.7683,46.8706,46.9728,47.06,47.1702,47.3081,47.454,47.5998,47.7457,47.8915,48.0374,48.1832,48.3291,48.4749,48.6208,48.7666,48.9125,49.0583,49.1962,49.3065,49.3936,49.4959,49.5982,49.6774,49.752,49.8232,49.8978,49.9691,50.0437,50.1149,50.1895,50.2687,50.371,50.4733,50.5525,50.6271,50.6983,50.773,50.8442,50.9188,50.998,51.1003,51.2026,51.2897,51.3999,51.5378,51.6837,51.8295,51.9754,52.1212,52.2671,52.4129,52.5588,52.7046,52.8505,52.9964,53.1422,53.2881,53.4339,53.5798,53.7256,53.8715,54.0173,54.1632,54.309,54.4469,54.5572,54.6443,54.7545,54.8845,54.9947,55.0819,55.1921,55.322,55.4323,55.5194,55.6296,55.7596,55.8698,55.957,56.0593,56.1615,56.2487,56.351,56.4532,56.5324,56.607,56.6862,56.7885,56.8908,56.9779,57.0802,57.1825,57.2696,57.3799,57.5178,57.6636,57.8095,57.9553,58.1012,58.247,58.3929,58.5387,58.6846,58.8304,58.9763,59.1222,59.268,59.4139,59.5518,59.662,59.7491,59.8594,59.9973,60.1431,60.289,60.4269,60.5371,60.6242,60.7345,60.8644,60.9747,61.0538,61.1285,61.2076,61.3099,61.4122,61.4994,61.6016,61.696

Position pixel : 15.6987,15.6987,15.6987,15.6987,15.6987,15.6987,15.6987,15.7067,15.7423,15.801,15.8366,15.8525,15.8881,15.9469,15.9825,15.9984,16.034,16.0927,16.1283,16.1442,16.1798,16.2386,16.2821,16.3257,16.3844,16.42,16.4359,16.4716,16.5382,16.6095,16.6761,16.7117,16.7197,16.7197,16.7197,16.7197,16.7197,16.7197,16.7197,16.7117,16.6761,16.6174,16.5738,16.5303,16.4636,16.3924,16.3178,16.2465,16.1719,16.1007,16.026,15.9548,15.8881,15.8446,15.801,15.7343,15.6631,15.5885,15.5173,15.4426,15.3714,15.3047,15.2612,15.2176,15.1589,15.1233,15.1153,15.1153,15.1153,15.1153,15.1153,15.1153,15.1153,15.1153,15.1153,15.1153,15.1153,15.1153,15.1153,15.1153,15.1153,15.1153,15.1153,15.1233,15.1589,15.2255,15.3047,15.407,15.5014,15.5449,15.5608,15.5964,15.6552,15.6908,15.7067,15.7423,15.801,15.8366,15.8525,15.8881,15.9469,15.9904,16.034,16.0927,16.1363,16.1798,16.2465,16.3178,16.3844,16.428,16.4716,16.5303,16.5738,16.6174,16.6761,16.7117,16.7197,16.7197,16.7197,16.7197,16.7197,16.7197,16.7197,16.7197,16.7197,16.7197,16.7197,16.7197,16.7197,16.7197,16.7117,16.6761,16.6174,16.5738,16.5303,16.4636,16.3924,16.3178,16.2465,16.1719,16.1007,16.026,15.9548,15.8802,15.809,15.7423,15.6987,15.6552,15.5885,15.5173,15.4506

Brightness max : 508.65
Brightness min : 258.00
Feature direction : Ambiguous
Feature speed : Slow
Feature type : Curve
Start frame : 1
End frame : 161
Start time (s) : 0.000
End time (s) : 637.520
Time step (s) : 3.984

