KYMOANALYSIS DATA

General Information :

Tiff path : E:\Google Drive\microtubule dynamics and cut7\19-15 screens and tests\gtb1-K5A\19-11-13(gtb1-K5A, cut11-7, cut73-GFP and MTs)\
Spindle type : Monopolar
Start frame : 1
End frame : 91
Start time (s) : 0.000
End time (s) : 91.000
Time step (s) : 1.011
Num poles : 1
Num tracks : 2
Num tracks poleward : 0
Num tracks antipoleward : 0
Num tracks ambiguous : 2
Comments : {

}
Poles Information :


Pole number : 1

Time (s) : 1.01111,2.03789,3.06466,4.09143,5.11821,6.14498,7.17176,8.19853,9.2253,10.2521,11.2789,12.3056,13.3324,14.3592,15.386,16.4127,17.4395,18.4663,19.493,20.5198,21.5466,22.5734,23.6001,24.6269,25.6537,26.6805,27.7072,28.734,29.7608,30.7876,31.8143,32.8411,33.8679,34.8947,35.9214,36.9482,37.975,39.0018,40.0285,41.0553,42.0821,43.1089,44.1356,45.1624,46.1892,47.216,48.2427,49.2695,50.2963,51.323,52.3498,53.3766,54.4034,55.4301,56.4569,57.4837,58.5105,59.5372,60.564,61.5908,62.6176,63.6443,64.6711,65.6979,66.7247,67.7514,68.7782,69.805,70.8318,71.8585,72.8853,73.9121,74.9389,75.9656,76.9924,78.0192,79.046,80.0727,81.0995,82.1263,83.153,84.1798,85.2066,86.2334,87.2601,88.2869,89.3137,90.3405,91.3672

Position (um) : 1.2205,1.2204,1.2203,1.2202,1.2201,1.22,1.2199,1.2198,1.2197,1.2196,1.2195,1.2194,1.2193,1.2192,1.2191,1.219,1.2189,1.2188,1.2187,1.2186,1.2184,1.2183,1.2182,1.2181,1.218,1.2179,1.2178,1.2177,1.2176,1.2175,1.2174,1.2173,1.2172,1.2171,1.217,1.2169,1.2168,1.2167,1.2166,1.2165,1.2164,1.2163,1.2162,1.2161,1.216,1.2159,1.2158,1.2157,1.2156,1.2155,1.2154,1.2153,1.2152,1.2151,1.2149,1.2148,1.2147,1.2146,1.2145,1.2144,1.2143,1.2142,1.2141,1.214,1.2139,1.2138,1.2137,1.2136,1.2135,1.2134,1.2133,1.2132,1.2131,1.213,1.2129,1.2128,1.2127,1.2126,1.2125,1.2124,1.2123,1.2122,1.2121,1.212,1.2119,1.2118,1.2117,1.2116,1.2114

Intensity : 1603.3396,1634.2015,1583.5145,1528.1408,1378.6597,1308.7401,1173.147,1111.0817,1098.4831,1130.0145,1172.7775,1119.6296,1054.5209,964.4449,966.18161,1022.9245,1100.2679,1130.8692,1149.3242,1142.646,1117.1396,1113.4531,1144.0141,1169.119,1140.124,1067.049,1020.4444,1028.666,1086.3856,1110.2337,1099.1862,1072.1745,1100.0298,1142.3175,1154.882,1119.2157,1077.1885,1064.3828,1044.9122,1006.9666,967.39596,960.52689,950.82192,930.21659,917.07067,884.66575,845.62646,791.23773,774.56444,794.27763,815.65917,825.059,802.9818,788.42753,786.9362,787.1466,775.47666,759.61792,753.95827,749.98852,742.59039,723.50941,705.5849,682.60985,700.32666,709.21135,730.01017,724.41934,708.22085,705.83411,710.02756,744.9245,737.93765,700.85334,648.49964,608.79331,605.51629,620.79703,637.46093,620.58893,595.10769,583.48933,583.4244,571.28088,563.82804,561.07634,567.02409,570.34279,565.24851

Time pixel : 1,2.01549,3.03098,4.04647,5.06196,6.07745,7.09295,8.10844,9.12393,10.1394,11.1549,12.1704,13.1859,14.2014,15.2169,16.2324,17.2479,18.2633,19.2788,20.2943,21.3098,22.3253,23.3408,24.3563,25.3718,26.3873,27.4028,28.4183,29.4337,30.4492,31.4647,32.4802,33.4957,34.5112,35.5267,36.5422,37.5577,38.5732,39.5887,40.6041,41.6196,42.6351,43.6506,44.6661,45.6816,46.6971,47.7126,48.7281,49.7436,50.7591,51.7745,52.79,53.8055,54.821,55.8365,56.852,57.8675,58.883,59.8985,60.914,61.9295,62.945,63.9604,64.9759,65.9914,67.0069,68.0224,69.0379,70.0534,71.0689,72.0844,73.0999,74.1154,75.1308,76.1463,77.1618,78.1773,79.1928,80.2083,81.2238,82.2393,83.2548,84.2703,85.2858,86.3012,87.3167,88.3322,89.3477,90.3632

Position pixel : 11.4387,11.4377,11.4367,11.4358,11.4348,11.4339,11.4329,11.4319,11.431,11.43,11.429,11.4281,11.4271,11.4261,11.4252,11.4242,11.4232,11.4223,11.4213,11.4203,11.4194,11.4184,11.4175,11.4165,11.4155,11.4146,11.4136,11.4126,11.4117,11.4107,11.4097,11.4088,11.4078,11.4068,11.4059,11.4049,11.4039,11.403,11.402,11.4011,11.4001,11.3991,11.3982,11.3972,11.3962,11.3953,11.3943,11.3933,11.3924,11.3914,11.3904,11.3895,11.3885,11.3875,11.3866,11.3856,11.3846,11.3837,11.3827,11.3818,11.3808,11.3798,11.3789,11.3779,11.3769,11.376,11.375,11.374,11.3731,11.3721,11.3711,11.3702,11.3692,11.3682,11.3673,11.3663,11.3654,11.3644,11.3634,11.3625,11.3615,11.3605,11.3596,11.3586,11.3576,11.3567,11.3557,11.3547,11.3538

Pole type : Line
Start frame : 1
End frame : 91
Start time (s) : 0.000
End time (s) : 91.000
Time step (s) : 1.011

Feature Information :


Feature number : 1

Time (s) : 1.42775,1.48796,1.56913,1.65498,1.74083,1.82668,1.91253,1.9937,2.06326,2.13551,2.23496,2.33709,2.42762,2.50879,2.57368,2.62028,2.6642,2.71549,2.79666,2.88675,2.93804,2.96836,3.01228,3.07517,3.14898,3.19558,3.2259,3.26515,3.31175,3.37196,3.42749,3.45781,3.48813,3.54366,3.60387,3.65515,3.71536,3.77556,3.82217,3.86609,3.90802,3.95194,3.99855,4.06343,4.13992,4.20481,4.25142,4.29534,4.33726,4.38118,4.42779,4.488,4.5482,4.59481,4.63873,4.69469,4.79683,4.92617,5.01938,5.09362,5.17947,5.28628,5.41137,5.53915,5.66424,5.77106,5.85691,5.92179,5.97307,6.03796,6.12381,6.23062,6.34636,6.43688,6.51381,6.61326,6.71072,6.78028,6.83624,6.93145,7.09379,7.29537,7.48804,7.65974,7.80579,7.91728,8.00313,8.06802,8.11462,8.15854,8.20515,8.27003,8.35121,8.43705,8.51823,8.58311,8.63439,8.69928,8.77577,8.84066,8.89194,8.95683,9.03332,9.10288,9.17513,9.27458,9.37672,9.46724,9.55309,9.63894,9.72479,9.81064,9.89649,9.98234,10.0682,10.1587,10.2655,10.3859,10.4881,10.5576,10.6089,10.6738,10.7503,10.8105,10.8408,10.8711,10.936,11.0382,11.1539,11.2398,11.2957,11.37,11.5024,11.6946,11.8753,11.9988,12.1029,12.1841,12.2401,12.3003,12.3605,12.4118,12.4766,12.5578,12.6483,12.7598,12.9059,13.0682,13.2143,13.3258,13.4163,13.5021,13.5927,13.6995,13.8246,13.957,14.1078,14.2748,14.4418,14.5879,14.6994,14.7899,14.8757,14.9663,15.0731,15.1982,15.3306,15.4767,15.6274,15.7808,15.9405,16.0683,16.1681,16.275,16.4001,16.5278,16.6529,16.7597,16.8456,16.9105,16.9571,17.001,17.0523,17.1381,17.2632,17.412,17.5669,17.6738,17.7344,17.804,17.9061,18.0265,18.1333,18.2238,18.305,18.3699,18.4165,18.4604,18.507,18.5672,18.6274,18.6787,18.7436,18.8201,18.885,18.9316,18.9755,19.0221,19.087,19.1635,19.2284,19.2797,19.3399,19.4001,19.4467,19.4953,19.5582,19.6367,19.7042,19.7738,19.8503,19.9152,19.9665,20.0314,20.1078,20.1774,20.2497,20.3491,20.4512,20.5464,20.6533,20.7737,20.8805,20.971,21.0569,21.1427,21.2239,21.2934,21.361,21.4395,21.5024,21.551,21.5929,21.6368,21.6788,21.718,21.7437,21.7693,21.8039,21.8295,21.8551,21.8897,21.9154,21.941,21.9802,22.0222,22.0614,22.0871,22.1127,22.1519,22.1985,22.2588,22.319,22.3656,22.4048,22.4305,22.4561,22.4953,22.5419,22.6115,22.709,22.8084,22.8807,22.9455,23.0058,23.0524,23.1056,23.1942,23.3282,23.4466,23.5208,23.5675,23.6114,23.658,23.7182,23.7784,23.8297,23.8899,23.9501,24.0014,24.0663,24.1474,24.2333,24.3191,24.405,24.4908,24.572,24.6369,24.6882,24.7531,24.8389,24.9457,25.0615,25.1473,25.2033,25.2681,25.354,25.4561,25.5556,25.6232,25.6718,25.7137,25.7576,25.8042,25.8691,25.9456,26.0105,26.0664,26.1476,26.2471,26.3403,26.4491,26.5675,26.6716,26.7439,26.8134,26.8899,26.9595,27.0317,27.1265,27.203,27.238,27.2636,27.3029,27.3495,27.4097,27.4652,27.4955,27.5212,27.5604,27.607,27.6672,27.7274,27.7787,27.8389,27.8991,27.9458,27.9897,28.0363,28.1012,28.1823,28.2682,28.354,28.4399,28.5257,28.6163,28.7278,28.8738,29.0408,29.2078,29.3586,29.491,29.6161,29.7229,29.8135,29.9087,30.0458,30.2521,30.5003,30.7578,31.006,31.2076,31.3238,31.3891,31.4702,31.565,31.6326,31.6812,31.7231,31.767,31.8136,31.8879,32.011,32.1613,32.2681,32.3287,32.3936,32.4701,32.535,32.5863,32.6512,32.7323,32.8182,32.9087,33.0155,33.1359,33.2381,33.3076,33.3542,33.3982,33.4448,33.5143,33.6165,33.7369,33.8437,33.9295,33.9944,34.0457,34.1106,34.1918,34.2776,34.3635,34.4493,34.5352,34.6163,34.6812,34.7325,34.7927,34.8529,34.8995,34.9434,34.9854,35.0293,35.0712,35.1151,35.1571,35.201,35.2429,35.2822,35.3078,35.3335,35.3727,35.4146,35.4539,35.4748,35.4842,35.5051,35.5444,35.5863,35.6302,35.6722,35.7114,35.7324,35.7371,35.7417,35.7627,35.7973,35.8182,35.8229,35.8229,35.8229,35.8276,35.8532,35.9088,35.9643

Position (um) : 1.7188,1.7188,1.7193,1.7215,1.7251,1.7278,1.7305,1.7347,1.7391,1.7432,1.746,1.7492,1.755,1.7614,1.7663,1.7709,1.7758,1.7827,1.7913,1.8003,1.8089,1.8157,1.8216,1.8307,1.8429,1.8537,1.861,1.8664,1.8738,1.8846,1.8973,1.9085,1.9181,1.9271,1.9367,1.948,1.9607,1.9719,1.9815,1.9911,2.0023,2.0155,2.0295,2.0454,2.0625,2.0784,2.0924,2.1056,2.1169,2.126,2.1328,2.1382,2.1446,2.1509,2.1563,2.1642,2.1772,2.193,2.2043,2.2102,2.2143,2.2166,2.217,2.217,2.217,2.217,2.2175,2.2198,2.2234,2.2256,2.2256,2.2234,2.2193,2.2148,2.2102,2.2058,2.2011,2.1967,2.1921,2.1872,2.1803,2.1713,2.16,2.1478,2.1387,2.1333,2.1287,2.1242,2.1196,2.1142,2.1056,2.0956,2.088,2.0807,2.0721,2.0635,2.0567,2.0518,2.0471,2.0427,2.0386,2.0363,2.0354,2.0332,2.0295,2.0273,2.0268,2.0268,2.0268,2.0268,2.0273,2.0295,2.0332,2.0359,2.0386,2.0427,2.0476,2.054,2.0603,2.0652,2.0699,2.0743,2.0789,2.0839,2.0902,2.0966,2.1025,2.111,2.121,2.1282,2.1333,2.1382,2.1451,2.1536,2.1627,2.1713,2.1781,2.183,2.1872,2.1899,2.1926,2.1967,2.2016,2.208,2.2148,2.222,2.2302,2.2374,2.2447,2.2533,2.2618,2.2682,2.2714,2.2741,2.2778,2.28,2.281,2.2832,2.2868,2.289,2.2895,2.2895,2.2895,2.289,2.2868,2.2827,2.2782,2.2736,2.2687,2.2623,2.256,2.2511,2.2459,2.2393,2.2305,2.2212,2.2102,2.1994,2.1899,2.1813,2.1745,2.169,2.1617,2.1509,2.1372,2.1215,2.1047,2.0912,2.0816,2.0733,2.0603,2.0381,2.0156,2.0006,1.9906,1.9815,1.9724,1.9634,1.9543,1.9448,1.934,1.923,1.9132,1.9022,1.8914,1.8818,1.8723,1.8615,1.8505,1.8407,1.8297,1.8189,1.8094,1.8003,1.7913,1.7817,1.7704,1.7577,1.7469,1.7396,1.7342,1.7278,1.7215,1.7166,1.7119,1.707,1.7002,1.6921,1.6857,1.683,1.6825,1.6825,1.6825,1.6825,1.6825,1.683,1.6857,1.6916,1.698,1.7034,1.7102,1.7188,1.7278,1.7364,1.7432,1.7487,1.755,1.7614,1.7668,1.7736,1.7822,1.7913,1.8003,1.8094,1.8184,1.8275,1.8365,1.8451,1.852,1.8569,1.8615,1.8664,1.8728,1.8791,1.8846,1.8909,1.8973,1.9027,1.91,1.9213,1.9362,1.9511,1.9629,1.9724,1.981,1.9879,1.9938,2.0033,2.0177,2.0327,2.0444,2.054,2.0625,2.0689,2.0721,2.0748,2.0784,2.0812,2.0839,2.0875,2.0897,2.0902,2.0902,2.0902,2.0902,2.0902,2.0897,2.0875,2.0839,2.0812,2.078,2.0721,2.0657,2.0608,2.0562,2.0513,2.0439,2.0332,2.0209,2.0119,2.0065,2.0018,1.9969,1.9901,1.982,1.9751,1.9702,1.9656,1.9607,1.9538,1.9448,1.933,1.9181,1.9037,1.8936,1.8855,1.875,1.8642,1.8547,1.8456,1.8365,1.8275,1.8179,1.8067,1.794,1.7837,1.7785,1.7768,1.7721,1.7636,1.7528,1.7423,1.7342,1.7246,1.7124,1.7012,1.6916,1.683,1.6767,1.6735,1.6703,1.6644,1.6586,1.6559,1.6554,1.6549,1.6527,1.649,1.6468,1.6463,1.6468,1.649,1.6527,1.6554,1.6581,1.6637,1.6752,1.694,1.7151,1.7406,1.7694,1.7934,1.8089,1.8216,1.8365,1.852,1.8659,1.8796,1.8931,1.9063,1.9176,1.9281,1.9416,1.958,1.971,1.9788,1.9837,1.9883,1.9933,2.0001,2.0087,2.0177,2.0268,2.0363,2.0476,2.0598,2.0689,2.0743,2.0789,2.0834,2.0875,2.0902,2.0929,2.0966,2.0988,2.0998,2.102,2.1056,2.1078,2.1083,2.1083,2.1083,2.1078,2.1051,2.0988,2.0907,2.0839,2.0784,2.0721,2.0657,2.0603,2.0535,2.0449,2.0359,2.0273,2.0199,2.0128,2.0045,1.9969,1.9879,1.9774,1.968,1.9592,1.9516,1.9416,1.9266,1.9095,1.8931,1.8759,1.8547,1.8339,1.8194,1.8094,1.8003,1.7913,1.7802,1.7618,1.736,1.7144,1.7012,1.6916,1.683,1.6767,1.674,1.6735

Intensity : 500.2801,502.24,504.3757,504.8781,503.8493,503.7514,503.6104,501.7507,499.4886,497.8566,498.8187,499.3768,496.6899,493.1463,490.5032,487.4566,484.018,478.8597,473.1134,467.2484,460.3749,455.2212,453.2942,450.8708,447.4846,443.4477,440.626,439.5363,437.6836,434.5038,429.8756,424.6725,420.5469,419.3367,418.5179,416.2924,413.7882,411.8193,409.8148,407.5858,404.3438,400.1735,395.7112,391.0893,385.2583,379.4992,374.0329,368.7794,364.3361,360.9628,358.6937,357.6906,356.3031,354.5531,353.121,350.8217,347.0576,342.2847,338.7319,336.3373,333.8358,332.1434,331.157,330.385,329.6293,328.984,328.2477,326.8886,324.9969,323.6673,323.5144,324.4415,326.0749,327.7302,329.391,330.8383,332.2594,333.5924,334.9748,336.2132,337.5343,338.4216,339.7869,341.3547,342.1258,342.2892,342.9025,343.6479,344.9717,346.7922,349.6558,352.9207,355.2801,357.4638,359.9888,362.5003,364.466,365.7255,366.8058,367.8416,368.8323,369.1483,369.0234,369.3189,370.8664,372.2124,373.1143,373.7427,374.3386,374.9346,375.3294,375.1493,374.4258,373.9929,373.5212,373.3147,373.8725,374.1157,373.8735,373.431,372.6742,372.2635,371.9769,371.198,369.1827,367.1459,365.9513,364.2958,361.8918,359.5326,357.6913,356.5594,355.1967,353.4168,351.083,348.3868,346.111,344.5424,343.2093,342.4842,341.7652,340.427,338.8725,336.8652,334.743,332.6706,330.4119,328.7543,326.3347,323.1687,320.2436,317.9638,316.4639,314.9803,313.1566,311.6457,310.2996,311.2409,312.9126,314.5836,316.1319,317.4825,318.7633,320.2323,322.3621,324.4597,324.1899,323.7734,323.3079,323.0534,322.6391,322.2061,322.0803,322.4258,323.9737,325.445,327.2162,328.9209,330.3774,331.7459,332.8511,333.5498,334.5769,335.7346,335.4897,334.0314,332.5506,331.9115,331.9823,331.3785,330.6296,331.2885,333.3609,334.6571,334.89,335.3041,336.3199,337.3762,338.2686,338.7022,339.4021,340.434,341.4099,342.6268,344.2172,346.0658,348.012,350.3146,351.8988,352.5027,354.4243,357.5563,361.0687,365.4771,370.1596,375.0843,380.7343,386.8795,392.0248,394.9451,396.4755,398.8446,401.5216,402.9654,403.9322,405.3135,411.561,420.1191,426.928,429.791,430.19,430.0164,429.8624,429.7319,429.6082,428.9014,425.5621,419.0624,412.0903,406.3654,400.5273,395.6609,390.4495,385.5831,381.7757,378.8389,375.1974,371.5649,368.6122,364.6969,359.7419,354.5983,349.3696,344.1539,340.517,338.3145,336.0737,333.8162,332.068,331.0491,330.1956,329.493,328.6178,327.4905,326.5095,325.0026,323.4868,322.4724,320.9709,318.6757,317.2917,315.8842,314.6425,313.7036,312.872,312.1713,311.7467,311.0688,309.7811,308.3974,307.6737,306.9118,306.2287,305.8449,305.9992,306.2102,306.1978,306.3897,306.5726,306.5298,306.8077,307.4775,308.2612,308.3279,307.9382,307.5485,307.2555,307.3006,307.6303,307.7576,307.8719,308.3147,308.8084,309.2158,309.7123,310.2214,310.1681,310.265,311.2843,312.5783,313.2001,313.7158,314.2608,315.2447,316.2119,316.6389,316.7546,316.9383,316.7323,316.6508,316.9096,317.1277,317.9174,319.914,321.262,322.0343,323.3354,324.8617,325.8983,326.142,326.8326,328.6181,330.7924,335.3489,342.0784,346.9367,348.7284,349.0722,351.2051,355.2884,360.4083,364.9123,367.9455,371.9479,377.0889,384.7324,393.6157,401.5028,406.9196,408.3887,409.3557,413.0152,418.2698,421.793,422.9517,424.1518,427.4099,432.5762,436.3809,438.2824,439.6991,440.9707,440.2185,439.9591,439.1605,434.7803,423.795,404.5171,390.966,383.5662,370.8457,358.1242,348.6326,342.3137,336.8746,331.1647,325.5321,319.6552,313.6919,307.776,302.7051,300.1285,297.9593,295.1686,292.7586,291.2373,290.8236,290.9504,290.8064,289.9675,288.9017,287.9304,286.9876,286.9868,286.8917,286.6452,286.4721,286.4002,286.1516,285.5123,284.776,284.2669,283.7401,283.0581,282.6303,282.418,282.0293,281.4295,281.0527,280.9376,280.8967,280.8559,280.6241,280.6513,281.1843,281.9828,282.6419,283.0309,283.51,284.0371,284.4375,285.0039,285.7355,286.5053,287.1674,287.978,288.6989,289.5706,290.3267,291.3945,292.6391,293.5247,294.2925,294.9165,296.0475,297.9564,301.9291,306.4015,310.9569,316.5788,321.9394,325.3729,329.4515,335.1912,340.9192,347.476,358.2799,374.0641,387.5608,399.8278,412.0033,422.7347,429.7885,430.9553,429.3039

Time pixel : 1.41206,1.47161,1.55189,1.63679,1.7217,1.8066,1.89151,1.97179,2.04059,2.11204,2.2104,2.31141,2.40094,2.48122,2.54539,2.59149,2.63493,2.68565,2.76593,2.85503,2.90575,2.93574,2.97918,3.04138,3.11437,3.16047,3.19045,3.22927,3.27536,3.33491,3.38982,3.41981,3.4498,3.50472,3.56426,3.61498,3.67453,3.73407,3.78017,3.82361,3.86507,3.90851,3.95461,4.01878,4.09443,4.1586,4.2047,4.24813,4.2896,4.33304,4.37913,4.43868,4.49822,4.54432,4.58776,4.6431,4.74412,4.87203,4.96422,5.03765,5.12255,5.22819,5.35191,5.47828,5.602,5.70764,5.79254,5.85671,5.90744,5.97161,6.05651,6.16215,6.27662,6.36615,6.44223,6.54059,6.63697,6.70577,6.76112,6.85528,7.01584,7.21521,7.40575,7.57556,7.72001,7.83028,7.91518,7.97936,8.02545,8.06889,8.11498,8.17915,8.25943,8.34434,8.42462,8.48879,8.53951,8.60368,8.67934,8.74351,8.79423,8.8584,8.93405,9.00285,9.07431,9.17266,9.27368,9.36321,9.44811,9.53302,9.61792,9.70283,9.78774,9.87264,9.95755,10.0471,10.1527,10.2718,10.3728,10.4416,10.4923,10.5565,10.6322,10.6917,10.7217,10.7517,10.8159,10.9169,11.0313,11.1162,11.1716,11.245,11.376,11.5661,11.7448,11.8669,11.9699,12.0502,12.1055,12.1651,12.2246,12.2754,12.3395,12.4198,12.5093,12.6196,12.7641,12.9246,13.0691,13.1793,13.2689,13.3538,13.4433,13.5489,13.6727,13.8037,13.9527,14.1179,14.2831,14.4276,14.5378,14.6274,14.7123,14.8018,14.9074,15.0312,15.1622,15.3066,15.4557,15.6074,15.7653,15.8917,15.9905,16.0961,16.2198,16.3462,16.4699,16.5756,16.6605,16.7246,16.7707,16.8142,16.8649,16.9498,17.0735,17.2206,17.3739,17.4795,17.5395,17.6083,17.7093,17.8284,17.9341,18.0236,18.1039,18.168,18.2141,18.2576,18.3037,18.3632,18.4228,18.4735,18.5376,18.6133,18.6775,18.7236,18.767,18.8131,18.8773,18.9529,19.0171,19.0678,19.1274,19.1869,19.233,19.2811,19.3433,19.4209,19.4877,19.5565,19.6322,19.6963,19.7471,19.8112,19.8869,19.9557,20.0271,20.1255,20.2265,20.3207,20.4263,20.5454,20.651,20.7406,20.8255,20.9104,20.9907,21.0595,21.1263,21.2039,21.2661,21.3142,21.3556,21.3991,21.4405,21.4794,21.5047,21.5301,21.5643,21.5896,21.615,21.6492,21.6745,21.6999,21.7387,21.7802,21.819,21.8443,21.8697,21.9085,21.9546,22.0142,22.0737,22.1198,22.1586,22.184,22.2093,22.2481,22.2942,22.363,22.4594,22.5578,22.6292,22.6934,22.7529,22.799,22.8517,22.9393,23.0718,23.189,23.2624,23.3085,23.3519,23.398,23.4575,23.5171,23.5678,23.6274,23.6869,23.7376,23.8018,23.8821,23.967,24.0519,24.1368,24.2217,24.302,24.3661,24.4169,24.481,24.5659,24.6716,24.7861,24.871,24.9263,24.9905,25.0754,25.1764,25.2748,25.3416,25.3896,25.4311,25.4745,25.5206,25.5848,25.6605,25.7246,25.78,25.8603,25.9586,26.0508,26.1584,26.2755,26.3785,26.45,26.5188,26.5944,26.6632,26.7347,26.8284,26.9041,26.9387,26.964,27.0029,27.0489,27.1085,27.1634,27.1934,27.2188,27.2576,27.3037,27.3632,27.4228,27.4735,27.533,27.5926,27.6387,27.6821,27.7282,27.7924,27.8726,27.9575,28.0425,28.1274,28.2123,28.3018,28.4121,28.5565,28.7217,28.8869,29.036,29.167,29.2907,29.3963,29.4858,29.58,29.7156,29.9196,30.1651,30.4198,30.6653,30.8646,30.9795,31.0441,31.1244,31.2181,31.285,31.333,31.3745,31.4179,31.464,31.5375,31.6592,31.8079,31.9135,31.9735,32.0376,32.1133,32.1775,32.2282,32.2924,32.3726,32.4575,32.5471,32.6527,32.7718,32.8728,32.9416,32.9877,33.0312,33.0772,33.146,33.2471,33.3661,33.4718,33.5567,33.6209,33.6716,33.7358,33.816,33.9009,33.9858,34.0708,34.1557,34.2359,34.3001,34.3508,34.4104,34.4699,34.516,34.5595,34.6009,34.6444,34.6858,34.7293,34.7707,34.8142,34.8556,34.8945,34.9198,34.9452,34.984,35.0255,35.0643,35.085,35.0942,35.115,35.1538,35.1953,35.2387,35.2802,35.319,35.3397,35.3443,35.349,35.3697,35.4039,35.4246,35.4292,35.4292,35.4292,35.4339,35.4592,35.5142,35.5691

Position pixel : 16.1085,16.1085,16.1131,16.1339,16.168,16.1934,16.2188,16.2576,16.299,16.3378,16.3632,16.3932,16.4481,16.5077,16.5538,16.5972,16.6433,16.7075,16.7877,16.8726,16.9529,17.0171,17.0724,17.1573,17.2718,17.3728,17.4416,17.4923,17.5611,17.6622,17.7812,17.8869,17.9764,18.0613,18.1509,18.2565,18.3756,18.4812,18.5708,18.6603,18.7659,18.8896,19.0206,19.1697,19.3303,19.4794,19.6104,19.7341,19.8397,19.9246,19.9888,20.0395,20.0991,20.1586,20.2093,20.2827,20.4045,20.5531,20.6588,20.7141,20.7529,20.7737,20.7783,20.7783,20.7783,20.7783,20.7829,20.8037,20.8378,20.8586,20.8586,20.8378,20.799,20.7576,20.7141,20.6727,20.6292,20.5878,20.5443,20.4982,20.4341,20.3491,20.2435,20.129,20.0441,19.9934,19.95,19.9085,19.8651,19.8144,19.7341,19.6403,19.5689,19.5001,19.4198,19.3395,19.2754,19.2293,19.1858,19.1444,19.1055,19.0848,19.0756,19.0548,19.0206,18.9999,18.9953,18.9953,18.9953,18.9953,18.9999,19.0206,19.0548,19.0802,19.1055,19.1444,19.1905,19.25,19.3095,19.3556,19.3991,19.4405,19.484,19.5301,19.5896,19.6492,19.7045,19.7848,19.8785,19.9454,19.9934,20.0395,20.1037,20.184,20.2689,20.3491,20.4133,20.4594,20.4982,20.5236,20.5489,20.5878,20.6339,20.6934,20.7576,20.8244,20.902,20.9688,21.0376,21.1179,21.1982,21.2577,21.2877,21.3131,21.3473,21.368,21.3773,21.398,21.4322,21.4529,21.4575,21.4575,21.4575,21.4529,21.4322,21.3934,21.3519,21.3085,21.2624,21.2028,21.1433,21.0972,21.0491,20.9869,20.9047,20.8171,20.7141,20.6131,20.5236,20.4433,20.3791,20.3284,20.2596,20.1586,20.0303,19.8832,19.7252,19.5989,19.5093,19.4313,19.3091,19.1009,18.8901,18.7498,18.6557,18.5708,18.4858,18.4009,18.316,18.2265,18.1255,18.0225,17.9303,17.8273,17.7263,17.6368,17.5473,17.4462,17.3433,17.2511,17.1481,17.0471,16.9575,16.8726,16.7877,16.6982,16.5926,16.4735,16.3725,16.3037,16.2529,16.1934,16.1339,16.0878,16.0443,15.9982,15.9341,15.8584,15.7989,15.7735,15.7689,15.7689,15.7689,15.7689,15.7689,15.7735,15.7989,15.8538,15.9133,15.964,16.0282,16.1085,16.1934,16.2737,16.3378,16.3886,16.4481,16.5077,16.5584,16.6226,16.7028,16.7877,16.8726,16.9575,17.0425,17.1274,17.2123,17.2925,17.3567,17.4028,17.4462,17.4923,17.5519,17.6114,17.6622,17.7217,17.7812,17.832,17.9008,18.0064,18.1462,18.2861,18.3963,18.4858,18.5661,18.6303,18.6856,18.7752,18.9104,19.0502,19.1605,19.25,19.3303,19.3898,19.4198,19.4452,19.4794,19.5047,19.5301,19.5643,19.585,19.5896,19.5896,19.5896,19.5896,19.5896,19.585,19.5643,19.5301,19.5047,19.4747,19.4198,19.3603,19.3142,19.2707,19.2246,19.1558,19.0548,18.9404,18.8555,18.8047,18.7613,18.7152,18.651,18.5754,18.5112,18.4651,18.4217,18.3756,18.3114,18.2265,18.1162,17.9764,17.8412,17.7471,17.671,17.5726,17.4716,17.3821,17.2972,17.2123,17.1274,17.0378,16.9322,16.8131,16.7167,16.6686,16.6521,16.6087,16.5284,16.4274,16.329,16.2529,16.1634,16.0489,15.9433,15.8538,15.7735,15.7139,15.684,15.654,15.5991,15.5441,15.5188,15.5142,15.5095,15.4888,15.4546,15.4339,15.4292,15.4339,15.4546,15.4888,15.5142,15.5395,15.5922,15.7005,15.8765,16.0743,16.3129,16.5833,16.808,16.9529,17.0724,17.2123,17.3567,17.4877,17.6161,17.7424,17.8661,17.9718,18.0706,18.1969,18.3502,18.472,18.5454,18.5915,18.6349,18.681,18.7452,18.8255,18.9104,18.9953,19.0848,19.1905,19.3049,19.3898,19.4405,19.484,19.5255,19.5643,19.5896,19.615,19.6492,19.6699,19.6792,19.6999,19.7341,19.7548,19.7594,19.7594,19.7594,19.7548,19.7294,19.6699,19.5942,19.5301,19.4794,19.4198,19.3603,19.3095,19.2454,19.1651,19.0802,18.9999,18.9311,18.8643,18.7867,18.7152,18.6303,18.5319,18.4444,18.3621,18.2907,18.1965,18.0567,17.8961,17.7424,17.5814,17.3821,17.1873,17.0517,16.9575,16.8726,16.7877,16.6843,16.5119,16.2695,16.0675,15.9433,15.8538,15.7735,15.7139,15.6886,15.684

Brightness max : 738.55
Brightness min : 229.00
Feature direction : Ambiguous
Feature speed : Slow
Feature type : Curve
Start frame : 1
End frame : 91
Start time (s) : 0.000
End time (s) : 91.000
Time step (s) : 1.011

Feature number : 2

Time (s) : 40.0551,40.0944,40.141,40.2059,40.2871,40.3729,40.4588,40.5446,40.6305,40.7163,40.8021,40.888,40.9738,41.055,41.1199,41.1712,41.2361,41.3172,41.4031,41.4889,41.5748,41.6606,41.7465,41.837,41.9438,42.0689,42.2014,42.3474,42.4888,42.6003,42.6908,42.7767,42.8625,42.9484,43.0342,43.1201,43.2059,43.2918,43.3776,43.4635,43.5493,43.6352,43.721,43.8069,43.8974,44.0042,44.1246,44.2314,44.322,44.4031,44.468,44.524,44.6098,44.7209,44.8067,44.858,44.9019,44.9485,45.0134,45.0946,45.1805,45.2663,45.3475,45.4124,45.4636,45.5285,45.6097,45.6955,45.7767,45.8416,45.8929,45.9578,46.0389,46.1248,46.2106,46.2965,46.3823,46.4682,46.554,46.6399,46.7257,46.8116,46.8974,46.9833,47.0691,47.155,47.2408,47.3267,47.4125,47.4984,47.5795,47.6444,47.6957,47.7559,47.8161,47.8674,47.9323,48.0088,48.0737,48.125,48.1898,48.271,48.3569,48.438,48.5029,48.5542,48.6191,48.7003,48.7861,48.8766,48.9835,49.1039,49.2154,49.3268,49.4473,49.5588,49.6702,49.7907,49.8928,49.9624,50.0136,50.0785,50.1597,50.2455,50.3314,50.4172,50.5031,50.5889,50.6795,50.7863,50.9067,51.0135,51.104,51.1946,51.3061,51.4521,51.6145,51.7652,51.9023,52.0624,52.2667,52.4912,52.7006,52.9419,53.2199,53.4822,53.7355,54.0276,54.3266,54.5585,54.7003,54.7955,54.8814,54.9719,55.0787,55.1991,55.306,55.3965,55.4823,55.5682,55.654,55.7399,55.8304,55.9419,56.088,56.2503,56.401,56.5382,56.6936,56.8769,57.0575,57.19,57.2852,57.371,57.4569,57.5427,57.6286,57.7144,57.8049,57.9118,58.0275,58.118,58.1949,58.2897,58.3709,58.4268,58.4917,58.5729,58.6588,58.7446,58.8305,58.9163,58.9975,59.067,59.1393,59.2387,59.3409,59.4314,59.5172,59.6031,59.6936,59.8004,59.9208,60.0277,60.1182,60.204,60.2899,60.3757,60.4616,60.5474,60.6333,60.7191,60.805,60.8908,60.9767,61.0578,61.1274,61.1997,61.2991,61.4012,61.4918,61.5776,61.6588,61.7237,61.7843,61.8911,62.0414,62.1739,62.2854,62.3848,62.4571,62.5266,62.6031,62.668,62.7193,62.7795,62.8444,62.9166,63.0161,63.1229,63.2344,63.3501,63.436,63.4919,63.5521,63.6124,63.673,63.7751,63.9045,64.0024,64.0976,64.2133,64.3154,64.385,64.441,64.5362,64.6938,64.8698,65.0022,65.1021,65.2089,65.3293,65.4362,65.5267,65.6125,65.6984,65.7842,65.8701,65.9559,66.0418,66.1276,66.2088,66.269,66.2946,66.304,66.325,66.3595,66.3805,66.3898,66.4108,66.4454,66.471,66.4967,66.5359,66.5778,66.6171,66.6427,66.6684,66.7076,66.7495,66.7888,66.8097,66.8144,66.8144,66.8144,66.8144,66.8191,66.8401,66.8746,66.8956,66.9003,66.9003,66.9003,66.9003,66.9003,66.9003,66.9003,66.9003,66.9003,66.9003,66.9049,66.9259,66.9651,67.0071,67.0463,67.072,67.0976,67.1322

Position (um) : 1.7917,1.794,1.7976,1.7998,1.8003,1.8008,1.803,1.8067,1.8094,1.8121,1.8162,1.8206,1.8248,1.8275,1.8302,1.8338,1.8365,1.8393,1.8434,1.8478,1.8525,1.8569,1.8615,1.8659,1.8706,1.8755,1.8823,1.8904,1.8973,1.9022,1.9063,1.9085,1.909,1.909,1.909,1.909,1.909,1.909,1.909,1.9085,1.9063,1.9022,1.8978,1.8931,1.8887,1.8841,1.8796,1.8755,1.8728,1.8696,1.8637,1.8574,1.8525,1.8478,1.8434,1.8388,1.8338,1.8275,1.8211,1.8162,1.8116,1.8072,1.8025,1.7981,1.794,1.7913,1.7885,1.7849,1.7822,1.7795,1.7758,1.7736,1.7731,1.7731,1.7726,1.7704,1.7668,1.7646,1.7641,1.7641,1.7641,1.7641,1.7641,1.7641,1.7641,1.7641,1.7641,1.7641,1.7641,1.7641,1.7646,1.7668,1.7704,1.7731,1.7758,1.7795,1.7817,1.7827,1.7849,1.7885,1.7913,1.794,1.7976,1.8003,1.803,1.8067,1.8089,1.8094,1.8094,1.8094,1.8094,1.8094,1.8089,1.8062,1.8003,1.794,1.7885,1.7822,1.7758,1.7704,1.7641,1.7577,1.7518,1.7432,1.7332,1.7261,1.721,1.7161,1.7092,1.7012,1.6943,1.6894,1.6848,1.6803,1.6757,1.6713,1.6671,1.6649,1.6644,1.6644,1.6649,1.6681,1.6772,1.6926,1.7119,1.732,1.7509,1.7714,1.7925,1.8093,1.8174,1.8211,1.8248,1.827,1.8275,1.8275,1.8275,1.8275,1.8275,1.8275,1.8275,1.8275,1.8275,1.8275,1.827,1.8248,1.8211,1.8184,1.8152,1.8094,1.803,1.7981,1.7935,1.789,1.7844,1.78,1.7753,1.7709,1.7663,1.7619,1.7572,1.7523,1.746,1.7396,1.7347,1.7305,1.7278,1.7246,1.7188,1.7124,1.707,1.7002,1.6916,1.6825,1.6735,1.6649,1.6581,1.6531,1.649,1.6468,1.6463,1.6463,1.6463,1.6463,1.6463,1.6463,1.6463,1.6463,1.6463,1.6463,1.6463,1.6463,1.6468,1.649,1.6527,1.6554,1.6581,1.6622,1.6666,1.6713,1.6762,1.6825,1.6889,1.6943,1.7016,1.7124,1.7251,1.7364,1.746,1.755,1.7641,1.7731,1.7822,1.7908,1.7976,1.803,1.8099,1.8184,1.8275,1.8375,1.851,1.8674,1.8804,1.8882,1.8936,1.9005,1.9095,1.9208,1.933,1.9426,1.9502,1.9585,1.9656,1.9724,1.9793,1.9869,1.9974,2.0077,2.0145,2.0172,2.0182,2.0204,2.0241,2.0263,2.0268,2.0268,2.0268,2.0268,2.0268,2.0263,2.0241,2.0199,2.015,2.0082,2.0001,1.9933,1.9879,1.981,1.9729,1.9661,1.9607,1.9543,1.948,1.9426,1.9357,1.9271,1.9181,1.909,1.9,1.8909,1.8818,1.8728,1.8637,1.8547,1.8456,1.8365,1.828,1.8211,1.8157,1.8089,1.8003,1.7913,1.7822,1.7731,1.7641,1.7545,1.7432,1.7305,1.7193,1.7097,1.7012,1.6943,1.6894,1.6848,1.6798,1.6735,1.6676,1.6649

Intensity : 324.1518,322.4216,319.7247,317.7928,316.818,315.8065,314.0788,313.2476,312.9951,312.7297,312.273,312.2693,312.3166,312.7288,312.8575,312.4319,312.5202,312.8398,312.6994,312.1088,310.9241,309.7862,308.5432,307.3717,306.1706,304.9103,302.897,300.3958,298.3164,297.0039,295.8489,295.4227,295.6841,296.1454,296.6068,297.0682,297.5295,297.9909,298.4523,299.1262,298.605,298.4855,298.4375,298.4264,298.1719,297.5721,296.5076,295.588,294.4613,293.7109,294.2983,295.8966,297.1337,298.0473,298.9981,300.2228,301.5686,303.3469,304.9325,305.8525,307.279,309.1683,311.1191,313.0192,314.8323,315.6463,316.3124,317.4193,318.0137,318.762,320.1536,320.5826,319.8802,318.8565,318.0891,318.1964,319.0021,319.0439,319.2706,320.3119,321.3532,322.3945,323.4358,324.4771,325.5184,326.5597,327.601,328.6423,329.6836,330.7249,330.8627,329.9938,328.5062,327.4245,326.3429,324.8553,323.9864,323.6457,322.7768,321.2892,320.2122,319.1512,317.6978,316.6369,315.5598,313.8368,312.2465,311.2174,310.3467,309.4286,308.3453,307.124,306.1827,306.0707,307.0016,307.9841,307.5659,307.2589,307.3083,307.7051,308.8173,309.6077,309.8526,310.8852,312.3702,312.8279,312.5731,312.9523,315.0817,319.3322,323.4975,326.5515,329.504,332.3807,335.4638,338.5057,341.7251,344.2576,345.53,346.6084,347.6083,346.5905,340.7903,330.3755,319.3285,313.7331,307.3238,298.9721,289.4856,281.2512,278.9179,278.7416,278.4886,278.5714,279.1439,279.9168,280.6025,281.1836,281.7347,282.2858,282.7574,283.1495,283.5629,284.0721,284.8706,286.2134,287.9163,289.3214,290.1355,291.4652,293.2309,294.5676,295.9995,297.3626,298.7801,300.0577,301.3876,302.2267,303.0228,303.4413,303.7579,304.498,305.9803,307.1191,307.8219,308.5751,308.5849,308.4929,309.3488,310.5365,311.3966,315.7299,321.4706,327.722,333.8583,339.0582,342.7489,345.0457,346.7672,346.9432,346.2546,345.9232,345.5496,345.2183,344.9374,344.6711,344.4047,344.1384,343.8721,343.6058,343.3394,343.9772,344.8498,344.5436,343.2649,342.5791,341.7375,339.9715,338.4299,336.8112,334.8551,331.8942,328.8919,327.1758,324.3902,322.4324,322.6587,322.5648,322.2661,321.6263,320.0236,318.2336,316.5349,314.6168,312.8783,311.8131,310.0948,308.205,307.0571,305.468,302.4094,297.9343,293.977,291.51,289.9847,287.7772,284.528,281.8138,282.0542,281.9836,282.1954,282.5538,282.7866,282.314,281.4924,281.1335,280.929,277.2929,274.6233,273.3812,272.6263,271.4785,270.0164,269.0442,268.5686,268.227,267.8845,267.5417,267.1988,266.9738,267.1419,267.7388,268.559,269.9404,271.6602,273.0258,273.9662,275.2845,276.9341,278.2138,279.0502,280.1365,281.1987,281.9063,282.8393,284.097,285.7246,287.7104,289.4174,290.83,291.9982,293.5822,295.5814,297.7073,299.8331,301.959,303.819,304.7341,304.8333,305.8472,307.9108,310.2601,312.6094,314.9587,317.3081,319.7854,322.7084,326.0036,328.9267,331.404,334.1128,335.9149,336.4216,336.7788,337.3787,339.0127,340.4932,340.4958

Time pixel : 39.615,39.6538,39.6999,39.7641,39.8443,39.9292,40.0142,40.0991,40.184,40.2689,40.3538,40.4387,40.5236,40.6039,40.668,40.7188,40.7829,40.8632,40.9481,41.033,41.1179,41.2028,41.2877,41.3773,41.4829,41.6066,41.7376,41.8821,42.0219,42.1322,42.2217,42.3066,42.3915,42.4764,42.5613,42.6462,42.7311,42.816,42.9009,42.9858,43.0708,43.1557,43.2406,43.3255,43.415,43.5206,43.6397,43.7454,43.8349,43.9152,43.9794,44.0347,44.1196,44.2294,44.3144,44.3651,44.4085,44.4546,44.5188,44.5991,44.684,44.7689,44.8491,44.9133,44.964,45.0282,45.1085,45.1934,45.2737,45.3378,45.3886,45.4527,45.533,45.6179,45.7028,45.7877,45.8726,45.9575,46.0425,46.1274,46.2123,46.2972,46.3821,46.467,46.5519,46.6368,46.7217,46.8066,46.8915,46.9764,47.0567,47.1209,47.1716,47.2311,47.2907,47.3414,47.4056,47.4812,47.5454,47.5961,47.6603,47.7406,47.8255,47.9058,47.9699,48.0206,48.0848,48.1651,48.25,48.3395,48.4452,48.5643,48.6745,48.7848,48.9039,49.0142,49.1244,49.2435,49.3445,49.4133,49.464,49.5282,49.6085,49.6934,49.7783,49.8632,49.9481,50.033,50.1226,50.2282,50.3473,50.4529,50.5425,50.632,50.7423,50.8867,51.0473,51.1963,51.332,51.4903,51.6923,51.9144,52.1215,52.3601,52.6351,52.8945,53.145,53.4339,53.7296,53.959,54.0992,54.1934,54.2783,54.3678,54.4735,54.5926,54.6982,54.7877,54.8726,54.9575,55.0425,55.1274,55.2169,55.3272,55.4716,55.6322,55.7812,55.9169,56.0706,56.2519,56.4305,56.5615,56.6557,56.7406,56.8255,56.9104,56.9953,57.0802,57.1697,57.2754,57.3898,57.4794,57.5554,57.6492,57.7294,57.7848,57.849,57.9292,58.0142,58.0991,58.184,58.2689,58.3491,58.4179,58.4894,58.5878,58.6888,58.7783,58.8632,58.9481,59.0376,59.1433,59.2624,59.368,59.4575,59.5425,59.6274,59.7123,59.7972,59.8821,59.967,60.0519,60.1368,60.2217,60.3066,60.3869,60.4557,60.5271,60.6255,60.7265,60.816,60.9009,60.9812,61.0454,61.1054,61.211,61.3597,61.4907,61.6009,61.6993,61.7707,61.8395,61.9152,61.9794,62.0301,62.0896,62.1538,62.2252,62.3236,62.4292,62.5395,62.654,62.7389,62.7942,62.8538,62.9133,62.9733,63.0743,63.2022,63.299,63.3932,63.5077,63.6087,63.6775,63.7328,63.827,63.9829,64.1569,64.2879,64.3867,64.4923,64.6114,64.7171,64.8066,64.8915,64.9764,65.0613,65.1462,65.2311,65.316,65.4009,65.4812,65.5408,65.5661,65.5754,65.5961,65.6303,65.651,65.6603,65.681,65.7152,65.7406,65.7659,65.8047,65.8462,65.885,65.9104,65.9357,65.9745,66.016,66.0548,66.0756,66.0802,66.0802,66.0802,66.0802,66.0848,66.1055,66.1397,66.1605,66.1651,66.1651,66.1651,66.1651,66.1651,66.1651,66.1651,66.1651,66.1651,66.1651,66.1697,66.1905,66.2293,66.2707,66.3095,66.3349,66.3603,66.3945

Position pixel : 16.7924,16.8131,16.8473,16.868,16.8726,16.8773,16.898,16.9322,16.9575,16.9829,17.0217,17.0632,17.102,17.1274,17.1527,17.1869,17.2123,17.2376,17.2764,17.3179,17.3613,17.4028,17.4462,17.4877,17.5312,17.5772,17.6414,17.7171,17.7812,17.8273,17.8661,17.8869,17.8915,17.8915,17.8915,17.8915,17.8915,17.8915,17.8915,17.8869,17.8661,17.8273,17.7859,17.7424,17.701,17.6575,17.6161,17.5772,17.5519,17.5219,17.467,17.4074,17.3613,17.3179,17.2764,17.233,17.1869,17.1274,17.0678,17.0217,16.9783,16.9368,16.8934,16.8519,16.8131,16.7877,16.7624,16.7282,16.7028,16.6775,16.6433,16.6226,16.6179,16.6179,16.6133,16.5926,16.5584,16.5376,16.533,16.533,16.533,16.533,16.533,16.533,16.533,16.533,16.533,16.533,16.533,16.533,16.5376,16.5584,16.5926,16.6179,16.6433,16.6775,16.6982,16.7075,16.7282,16.7624,16.7877,16.8131,16.8473,16.8726,16.898,16.9322,16.9529,16.9575,16.9575,16.9575,16.9575,16.9575,16.9529,16.9276,16.8726,16.8131,16.7624,16.7028,16.6433,16.5926,16.533,16.4735,16.4181,16.3378,16.2441,16.1773,16.1292,16.0831,16.019,15.9433,15.8791,15.833,15.7896,15.7481,15.7047,15.6632,15.6244,15.6037,15.5991,15.5991,15.6037,15.6337,15.7186,15.863,16.0443,16.2322,16.4093,16.6018,16.7992,16.9571,17.0332,17.0678,17.102,17.1227,17.1274,17.1274,17.1274,17.1274,17.1274,17.1274,17.1274,17.1274,17.1274,17.1274,17.1227,17.102,17.0678,17.0425,17.0125,16.9575,16.898,16.8519,16.8085,16.767,16.7236,16.6821,16.6387,16.5972,16.5538,16.5123,16.4688,16.4228,16.3632,16.3037,16.2576,16.2188,16.1934,16.1634,16.1085,16.0489,15.9982,15.9341,15.8538,15.7689,15.684,15.6037,15.5395,15.4934,15.4546,15.4339,15.4292,15.4292,15.4292,15.4292,15.4292,15.4292,15.4292,15.4292,15.4292,15.4292,15.4292,15.4292,15.4339,15.4546,15.4888,15.5142,15.5395,15.5783,15.6198,15.6632,15.7093,15.7689,15.8284,15.8791,15.9479,16.0489,16.168,16.2737,16.3632,16.4481,16.533,16.6179,16.7028,16.7831,16.8473,16.898,16.9622,17.0425,17.1274,17.2215,17.3479,17.5012,17.6229,17.6963,17.7471,17.8112,17.8961,18.0018,18.1162,18.2058,18.2772,18.3548,18.4217,18.4858,18.55,18.6215,18.7198,18.8162,18.8804,18.9058,18.915,18.9357,18.9699,18.9907,18.9953,18.9953,18.9953,18.9953,18.9953,18.9907,18.9699,18.9311,18.885,18.8208,18.7452,18.681,18.6303,18.5661,18.4905,18.4263,18.3756,18.316,18.2565,18.2058,18.1416,18.0613,17.9764,17.8915,17.8066,17.7217,17.6368,17.5519,17.467,17.3821,17.2972,17.2123,17.132,17.0678,17.0171,16.9529,16.8726,16.7877,16.7028,16.6179,16.533,16.4435,16.3378,16.2188,16.1131,16.0236,15.9433,15.8791,15.833,15.7896,15.7435,15.684,15.629,15.6037

Brightness max : 738.55
Brightness min : 229.00
Feature direction : Ambiguous
Feature speed : Slow
Feature type : Curve
Start frame : 1
End frame : 91
Start time (s) : 0.000
End time (s) : 91.000
Time step (s) : 1.011

