KYMOANALYSIS DATA

General Information :

Tiff path : E:\Google Drive\microtubule dynamics and cut7\19-15 screens and tests\gtb1-K5A\19-11-13(gtb1-K5A, cut11-7, cut73-GFP and MTs)\
Spindle type : Monopolar
Start frame : 1
End frame : 73
Start time (s) : 0.000
End time (s) : 73.000
Time step (s) : 1.014
Num poles : 1
Num tracks : 1
Num tracks poleward : 0
Num tracks antipoleward : 0
Num tracks ambiguous : 1
Comments : {

}
Poles Information :


Pole number : 1

Time (s) : 1.18606,2.2118,3.23755,4.26329,5.28904,6.31478,7.34052,8.36627,9.39201,10.4178,11.4435,12.4692,13.495,14.5207,15.5465,16.5722,17.598,18.6237,19.6495,20.6752,21.7009,22.7267,23.7524,24.7782,25.8039,26.8297,27.8554,28.8811,29.9069,30.9326,31.9584,32.9841,34.0099,35.0356,36.0614,37.0871,38.1128,39.1386,40.1643,41.1901,42.2158,43.2416,44.2673,45.2931,46.3188,47.3445,48.3703,49.396,50.4218,51.4475,52.4733,53.499,54.5248,55.5505,56.5762,57.602,58.6277,59.6535,60.6792,61.705,62.7307,63.7564,64.7822,65.8079,66.8337,67.8594,68.8852,69.9109,70.9367,71.9624,72.9881,74.0139

Position (um) : 1.338,1.3379,1.3378,1.3377,1.3376,1.3375,1.3374,1.3373,1.3372,1.3371,1.337,1.3369,1.3368,1.3367,1.3365,1.3364,1.3363,1.3362,1.3361,1.336,1.3359,1.3358,1.3357,1.3356,1.3355,1.3354,1.3353,1.3352,1.3351,1.335,1.3349,1.3348,1.3347,1.3346,1.3345,1.3344,1.3343,1.3342,1.3341,1.334,1.3339,1.3338,1.3337,1.3336,1.3335,1.3334,1.3333,1.3332,1.3331,1.333,1.3329,1.3328,1.3327,1.3326,1.3325,1.3324,1.3323,1.3322,1.3321,1.332,1.3319,1.3318,1.3316,1.3315,1.3314,1.3313,1.3312,1.3311,1.331,1.3309,1.3308,1.3307

Intensity : 1572.9526,1623.6748,1627.4852,1568.8408,1514.7931,1452.0152,1433.6241,1387.5512,1388.9241,1358.1896,1338.133,1309.0767,1263.0133,1245.7862,1216.6722,1224.3131,1212.0196,1218.8571,1226.0906,1198.9119,1160.7485,1112.9633,1097.5834,1088.2042,1087.1944,1071.0136,1043.8728,1018.8871,1011.9865,1021.9301,1039.3056,1049.9868,1069.3862,1064.5396,1070.1395,1073.6104,1083.1371,1081.7065,1075.1563,1068.4626,1038.2683,1007.1063,980.50564,987.36832,953.70386,906.4316,875.72201,882.51097,876.08979,852.73564,817.51554,817.77148,787.66243,771.13803,721.1915,688.52486,670.57135,661.04298,653.31076,652.11037,653.84943,705.78867,716.71714,739.90536,717.06964,714.31057,688.36784,669.97107,683.16849,675.40927,670.85246,651.33962

Time pixel : 1.16981,2.1815,3.1932,4.20489,5.21658,6.22828,7.23997,8.25166,9.26335,10.275,11.2867,12.2984,13.3101,14.3218,15.3335,16.3452,17.3569,18.3686,19.3803,20.392,21.4037,22.4154,23.4271,24.4387,25.4504,26.4621,27.4738,28.4855,29.4972,30.5089,31.5206,32.5323,33.544,34.5557,35.5674,36.5791,37.5908,38.6024,39.6141,40.6258,41.6375,42.6492,43.6609,44.6726,45.6843,46.696,47.7077,48.7194,49.7311,50.7428,51.7545,52.7661,53.7778,54.7895,55.8012,56.8129,57.8246,58.8363,59.848,60.8597,61.8714,62.8831,63.8948,64.9065,65.9182,66.9298,67.9415,68.9532,69.9649,70.9766,71.9883,73

Position pixel : 12.5396,12.5387,12.5377,12.5368,12.5358,12.5348,12.5339,12.5329,12.532,12.531,12.5301,12.5291,12.5281,12.5272,12.5262,12.5253,12.5243,12.5234,12.5224,12.5214,12.5205,12.5195,12.5186,12.5176,12.5167,12.5157,12.5147,12.5138,12.5128,12.5119,12.5109,12.51,12.509,12.5081,12.5071,12.5061,12.5052,12.5042,12.5033,12.5023,12.5014,12.5004,12.4994,12.4985,12.4975,12.4966,12.4956,12.4947,12.4937,12.4927,12.4918,12.4908,12.4899,12.4889,12.488,12.487,12.486,12.4851,12.4841,12.4832,12.4822,12.4813,12.4803,12.4794,12.4784,12.4774,12.4765,12.4755,12.4746,12.4736,12.4727,12.4717

Pole type : Line
Start frame : 1
End frame : 73
Start time (s) : 0.000
End time (s) : 73.000
Time step (s) : 1.014

Feature Information :


Feature number : 1

Time (s) : 24.6532,24.6423,24.657,24.6906,24.7426,24.8078,24.8766,24.9417,24.9938,25.0349,25.087,25.1521,25.221,25.2898,25.3549,25.407,25.4481,25.5002,25.5653,25.6304,25.6825,25.7199,25.7551,25.7925,25.8408,25.9041,26.0125,26.1717,26.291,26.3602,26.4232,26.4737,26.5126,26.5463,26.5815,26.6151,26.6504,26.6878,26.7361,26.7844,26.8217,26.857,26.8906,26.9258,26.9632,27.0115,27.0598,27.101,27.1493,27.1976,27.235,27.2702,27.3076,27.3596,27.421,27.473,27.5142,27.5662,27.6276,27.6796,27.717,27.7523,27.7896,27.8379,27.8862,27.9236,27.9589,27.9963,28.0483,28.1134,28.1785,28.2306,28.2717,28.32,28.3683,28.4095,28.4615,28.5229,28.5749,28.6161,28.6681,28.7332,28.8021,28.8672,28.9193,28.9604,29.0125,29.0738,29.1259,29.167,29.2191,29.2842,29.3493,29.4013,29.4425,29.4945,29.5596,29.6285,29.6974,29.7662,29.8351,29.904,29.9729,30.0417,30.1106,30.1795,30.2446,30.2966,30.3415,30.4104,30.5032,30.5889,30.6615,30.7304,30.7993,30.8681,30.937,31.0021,31.0542,31.0953,31.1474,31.2087,31.2608,31.3019,31.354,31.4153,31.4674,31.5085,31.5568,31.6051,31.65,31.7189,31.8117,31.9012,31.9868,32.0666,32.1246,32.1766,32.2249,32.2623,32.2975,32.3312,32.3664,32.4038,32.4558,32.521,32.5936,32.6793,32.7759,32.8578,32.9098,32.9342,32.9585,33.0068,33.0682,33.1202,33.1613,33.2134,33.2823,33.3679,33.4645,33.5465,33.6023,33.6434,33.6955,33.7606,33.8295,33.8946,33.9466,33.984,34.0192,34.0529,34.0881,34.133,34.2187,34.3393,34.438,34.5013,34.5555,34.6147,34.6521,34.6764,34.7079,34.7453,34.7974,34.8662,34.9519,35.0485,35.1379,35.2274,35.3277,35.4302,35.5306,35.6163,35.6889,35.7578,35.8229,35.8749,35.9123,35.9438

Position (um) : 1.8743,1.8747,1.8765,1.8794,1.8811,1.8815,1.8815,1.8819,1.8837,1.8866,1.8884,1.8888,1.8888,1.8888,1.8892,1.891,1.8939,1.8956,1.896,1.8964,1.8982,1.9015,1.9051,1.9084,1.9105,1.9139,1.9225,1.9352,1.946,1.954,1.9609,1.9663,1.9703,1.974,1.9775,1.9812,1.9848,1.9885,1.9924,1.9975,2.0026,2.0065,2.0102,2.0138,2.0171,2.0192,2.0218,2.0269,2.0337,2.0406,2.0461,2.05,2.0537,2.0576,2.0631,2.0696,2.0751,2.079,2.0827,2.0862,2.09,2.0935,2.0968,2.099,2.1011,2.1044,2.108,2.1113,2.1135,2.1156,2.1189,2.1229,2.128,2.133,2.137,2.1403,2.1425,2.145,2.1497,2.1548,2.1587,2.162,2.1638,2.1646,2.1664,2.1693,2.1711,2.1718,2.1736,2.1765,2.1783,2.1787,2.1791,2.1809,2.1842,2.1877,2.191,2.1928,2.1932,2.1932,2.1932,2.1932,2.1932,2.1932,2.1932,2.1932,2.1936,2.1954,2.1983,2.2,2.2004,2.2004,2.2004,2.2004,2.2,2.1979,2.1932,2.1881,2.1842,2.1805,2.1765,2.1711,2.1646,2.1591,2.1552,2.1515,2.1479,2.1446,2.1425,2.1403,2.137,2.1334,2.1301,2.1284,2.1276,2.1258,2.1229,2.1207,2.1185,2.1152,2.1117,2.108,2.1044,2.1007,2.0972,2.0935,2.0896,2.0841,2.0776,2.0721,2.0678,2.0627,2.0576,2.0533,2.0478,2.0414,2.0359,2.032,2.0283,2.0239,2.0171,2.0091,2.003,1.9971,1.9903,1.983,1.9758,1.9685,1.9617,1.9562,1.9519,1.9464,1.9399,1.934,1.9279,1.9199,1.9131,1.9088,1.9051,1.9011,1.896,1.891,1.887,1.8833,1.8798,1.8761,1.8725,1.8692,1.8674,1.867,1.867,1.867,1.867,1.8667,1.8649,1.862,1.8598,1.8576,1.8547,1.8529

Intensity : 322.9913,322.7418,321.7853,320.2237,319.3404,319.2579,319.407,319.3201,318.4048,316.7893,315.8513,315.735,315.8565,315.978,315.9858,315.8944,314.9215,314.8452,315.8359,316.8285,316.7691,315.5342,314.1345,312.918,312.5899,311.875,309.5466,308.7409,307.6117,306.3351,305.5665,304.8953,304.4378,303.9123,303.452,302.8757,302.3647,301.8117,301.3607,300.4558,299.3014,298.4937,297.7145,297.0004,296.3834,296.3628,296.167,294.8372,293.9285,293.0319,292.2583,291.798,291.3999,291.1163,291.007,290.564,290.0998,290.2678,290.6907,290.9319,290.7872,290.6292,290.5705,291.0524,291.5267,291.441,291.2371,291.133,291.6531,292.4443,292.9005,292.8874,292.3018,291.8491,291.9918,291.6998,291.1153,290.422,289.332,288.1932,287.2447,286.3746,285.7979,285.4283,284.9026,284.1788,283.6493,283.2863,282.7536,282.0216,281.4852,281.1848,280.884,280.3434,279.7131,279.0617,278.48,278.223,278.248,278.3536,278.4592,278.5648,278.6704,278.776,278.8816,278.9872,279.0087,278.7384,278.2318,277.9922,277.1352,276.3539,275.6917,275.0637,274.5163,274.3329,274.6759,275.1462,275.5042,275.9177,276.2899,276.9157,277.8411,278.661,279.0687,279.3587,280.0298,280.7643,281.2464,281.715,282.4004,283.14,283.9256,284.2924,284.4121,284.7279,285.271,285.6362,285.983,286.5447,287.1262,287.715,288.2412,288.7608,289.1812,289.6434,290.1051,290.7563,291.493,292.0817,292.5672,293.2491,293.9219,294.3783,294.9325,295.6433,296.2408,296.5525,296.7354,297.1823,298.077,298.1141,298.2406,298.5985,298.9011,298.9662,298.9047,298.8812,299.0356,299.2323,299.2425,299.492,299.8692,299.8851,298.926,297.5588,298.075,298.8221,299.8779,300.9528,302.7059,304.5754,305.8719,306.9918,307.8557,308.5664,308.9751,309.1219,308.7173,307.7667,306.5283,305.2632,303.9153,302.7894,302.3471,302.3595,302.1477,302.1234,302.5776,302.7142

Time pixel : 24.3155,24.3047,24.3192,24.3524,24.4037,24.4679,24.5358,24.6001,24.6514,24.692,24.7433,24.8075,24.8755,24.9434,25.0076,25.059,25.0995,25.1509,25.2151,25.2793,25.3307,25.3675,25.4023,25.4392,25.4868,25.5492,25.6562,25.8132,25.9309,25.9991,26.0612,26.111,26.1495,26.1826,26.2174,26.2505,26.2853,26.3222,26.3698,26.4174,26.4543,26.4891,26.5222,26.557,26.5939,26.6415,26.6891,26.7297,26.7774,26.825,26.8619,26.8966,26.9335,26.9848,27.0454,27.0967,27.1373,27.1886,27.2491,27.3005,27.3373,27.3721,27.409,27.4566,27.5042,27.5411,27.5759,27.6127,27.6641,27.7283,27.7925,27.8439,27.8844,27.9321,27.9797,28.0203,28.0716,28.1321,28.1835,28.2241,28.2754,28.3396,28.4075,28.4718,28.5231,28.5637,28.615,28.6755,28.7269,28.7675,28.8188,28.883,28.9472,28.9986,29.0392,29.0905,29.1547,29.2226,29.2906,29.3585,29.4264,29.4943,29.5623,29.6302,29.6981,29.766,29.8303,29.8816,29.9259,29.9938,30.0854,30.1699,30.2415,30.3094,30.3774,30.4453,30.5132,30.5774,30.6288,30.6693,30.7207,30.7812,30.8325,30.8731,30.9245,30.985,31.0363,31.0769,31.1245,31.1722,31.2164,31.2844,31.3759,31.4642,31.5487,31.6273,31.6845,31.7358,31.7835,31.8204,31.8551,31.8883,31.923,31.9599,32.0112,32.0755,32.1471,32.2316,32.3269,32.4077,32.459,32.483,32.507,32.5546,32.6152,32.6665,32.7071,32.7584,32.8263,32.9109,33.0061,33.0869,33.142,33.1826,33.2339,33.2981,33.366,33.4303,33.4816,33.5185,33.5532,33.5864,33.6211,33.6654,33.7499,33.8689,33.9663,34.0287,34.0822,34.1406,34.1774,34.2014,34.2325,34.2693,34.3207,34.3886,34.4731,34.5684,34.6566,34.7448,34.8438,34.9449,35.0439,35.1284,35.2,35.2679,35.3321,35.3835,35.4204,35.4514

Position pixel : 17.566,17.5697,17.5863,17.6137,17.6303,17.634,17.634,17.6377,17.6543,17.6816,17.6982,17.7019,17.7019,17.7019,17.7056,17.7222,17.7495,17.7661,17.7698,17.7735,17.7901,17.8211,17.8543,17.8854,17.9057,17.9371,18.0179,18.1368,18.2379,18.3132,18.3774,18.4288,18.4656,18.5004,18.5336,18.5683,18.6015,18.6362,18.6731,18.7208,18.7684,18.8053,18.84,18.8732,18.9042,18.9245,18.9485,18.9962,19.0604,19.1246,19.1759,19.2128,19.2476,19.2844,19.3358,19.3963,19.4476,19.4845,19.5193,19.5524,19.5872,19.6204,19.6514,19.6717,19.692,19.723,19.7562,19.7873,19.8075,19.8278,19.8589,19.8958,19.9434,19.991,20.0279,20.059,20.0792,20.1032,20.1472,20.1948,20.2317,20.2627,20.2793,20.2867,20.3033,20.3307,20.3472,20.3546,20.3712,20.3986,20.4152,20.4189,20.4226,20.4392,20.4702,20.5034,20.5344,20.551,20.5547,20.5547,20.5547,20.5547,20.5547,20.5547,20.5547,20.5547,20.5584,20.575,20.6024,20.6189,20.6226,20.6226,20.6226,20.6226,20.6189,20.5987,20.5547,20.5071,20.4702,20.4355,20.3986,20.3472,20.2867,20.2354,20.1985,20.1638,20.1306,20.0995,20.0792,20.059,20.0279,19.9947,19.9637,19.9471,19.9397,19.9231,19.8958,19.8755,19.8552,19.8241,19.791,19.7562,19.723,19.6883,19.6551,19.6204,19.5835,19.5321,19.4716,19.4203,19.3797,19.3321,19.2844,19.2439,19.1925,19.132,19.0807,19.0438,19.009,18.9685,18.9042,18.8293,18.7721,18.7171,18.6528,18.5849,18.517,18.4491,18.3848,18.3335,18.2929,18.2416,18.1811,18.126,18.0689,17.9939,17.9296,17.8891,17.8543,17.8174,17.7698,17.7222,17.6853,17.6505,17.6174,17.5826,17.5495,17.5184,17.5018,17.4981,17.4981,17.4981,17.4981,17.4944,17.4778,17.4505,17.4302,17.4099,17.3826,17.366

Brightness max : 653.56
Brightness min : 231.00
Feature direction : Ambiguous
Feature speed : Slow
Feature type : Curve
Start frame : 1
End frame : 73
Start time (s) : 0.000
End time (s) : 73.000
Time step (s) : 1.014

