KYMOANALYSIS DATA

General Information :

Tiff path : E:\Google Drive\microtubule dynamics and cut7\19-15 screens and tests\gtb1-K5A\19-11-13(gtb1-K5A, cut11-7, cut73-GFP and MTs)\
Spindle type : Monopolar
Start frame : 1
End frame : 72
Start time (s) : 0.000
End time (s) : 72.000
Time step (s) : 1.014
Num poles : 1
Num tracks : 2
Num tracks poleward : 0
Num tracks antipoleward : 0
Num tracks ambiguous : 2
Comments : {

}
Poles Information :


Pole number : 1

Time (s) : 1.1839,2.21004,3.23619,4.26233,5.28848,6.31462,7.34077,8.36691,9.39306,10.4192,11.4454,12.4715,13.4976,14.5238,15.5499,16.5761,17.6022,18.6284,19.6545,20.6807,21.7068,22.733,23.7591,24.7852,25.8114,26.8375,27.8637,28.8898,29.916,30.9421,31.9683,32.9944,34.0206,35.0467,36.0728,37.099,38.1251,39.1513,40.1774,41.2036,42.2297,43.2559,44.282,45.3082,46.3343,47.3604,48.3866,49.4127,50.4389,51.465,52.4912,53.5173,54.5435,55.5696,56.5958,57.6219,58.648,59.6742,60.7003,61.7265,62.7526,63.7788,64.8049,65.8311,66.8572,67.8834,68.9095,69.9356,70.9618,71.9879,73.0141

Position (um) : 1.0124,1.0116,1.0108,1.0099,1.0091,1.0083,1.0075,1.0067,1.0059,1.005,1.0042,1.0034,1.0026,1.0018,1.001,1.0001,0.99932,0.99851,0.99769,0.99687,0.99606,0.99524,0.99442,0.99361,0.99279,0.99197,0.99116,0.99034,0.98952,0.9887,0.98789,0.98707,0.98625,0.98544,0.98462,0.9838,0.98299,0.98217,0.98135,0.98054,0.97972,0.9789,0.97809,0.97727,0.97645,0.97564,0.97482,0.974,0.97319,0.97237,0.97155,0.97074,0.96992,0.9691,0.96829,0.96747,0.96665,0.96583,0.96502,0.9642,0.96338,0.96257,0.96175,0.96093,0.96012,0.9593,0.95848,0.95767,0.95685,0.95603,0.95522

Intensity : 1673.6879,1631.5454,1582.4721,1541.8416,1533.1674,1531.4793,1539.8586,1533.0191,1520.9135,1483.8531,1444.1817,1396.1283,1367.7178,1352.7909,1344.8004,1321.0742,1279.7695,1243.3704,1220.9986,1205.9369,1184.1128,1149.5222,1118.6648,1107.9004,1146.5467,1223.9868,1305.3743,1351.1612,1354.9356,1340.2948,1324.2342,1311.4347,1287.4688,1245.1826,1199.3545,1170.6812,1175.4459,1203.1159,1252.1097,1299.0348,1341.0532,1361.9938,1379.5032,1384.3068,1377.1478,1358.0894,1337.7283,1328.935,1319.5936,1314.6854,1310.3165,1310.8659,1309.6411,1306.4648,1294.0121,1276.0984,1242.8629,1231.5613,1222.656,1236.6362,1234.3039,1250.2333,1258.1845,1276.806,1278.8935,1294.3907,1323.4023,1369.4062,1378.1932,1335.3515,1281.4269

Time pixel : 1.16745,2.17935,3.19124,4.20313,5.21503,6.22692,7.23881,8.25071,9.2626,10.2745,11.2864,12.2983,13.3102,14.3221,15.334,16.3459,17.3577,18.3696,19.3815,20.3934,21.4053,22.4172,23.4291,24.441,25.4529,26.4648,27.4767,28.4886,29.5005,30.5124,31.5243,32.5362,33.548,34.5599,35.5718,36.5837,37.5956,38.6075,39.6194,40.6313,41.6432,42.6551,43.667,44.6789,45.6908,46.7027,47.7146,48.7264,49.7383,50.7502,51.7621,52.774,53.7859,54.7978,55.8097,56.8216,57.8335,58.8454,59.8573,60.8692,61.8811,62.893,63.9049,64.9167,65.9286,66.9405,67.9524,68.9643,69.9762,70.9881,72

Position pixel : 9.4882,9.4806,9.4729,9.4652,9.4576,9.4499,9.4423,9.4346,9.427,9.4193,9.4117,9.404,9.3963,9.3887,9.381,9.3734,9.3657,9.3581,9.3504,9.3428,9.3351,9.3275,9.3198,9.3121,9.3045,9.2968,9.2892,9.2815,9.2739,9.2662,9.2586,9.2509,9.2432,9.2356,9.2279,9.2203,9.2126,9.205,9.1973,9.1897,9.182,9.1744,9.1667,9.159,9.1514,9.1437,9.1361,9.1284,9.1208,9.1131,9.1055,9.0978,9.0901,9.0825,9.0748,9.0672,9.0595,9.0519,9.0442,9.0366,9.0289,9.0213,9.0136,9.0059,8.9983,8.9906,8.983,8.9753,8.9677,8.96,8.9524

Pole type : Line
Start frame : 1
End frame : 72
Start time (s) : 0.000
End time (s) : 72.000
Time step (s) : 1.014

Feature Information :


Feature number : 1

Time (s) : 17.9926,18.0735,18.1961,18.3138,18.4201,18.5249,18.6405,18.7487,18.8203,18.8646,18.9159,18.9801,19.048,19.116,19.1839,19.2518,19.3271,19.4282,19.5509,19.652,19.7273,19.7989,19.8871,20.0027,20.1311,20.2467,20.3349,20.4065,20.4745,20.5387,20.59,20.6306,20.6819,20.7462,20.8141,20.882,20.9462,20.9976,21.0381,21.0895,21.1537,21.2253,21.3098,21.4051,21.4896,21.5613,21.6292,21.6934,21.7447,21.7853,21.833,21.8806,21.9212,21.9725,22.0367,22.1047,22.1763,22.2608,22.3561,22.4443,22.5325,22.6278,22.716,22.8042,22.8995,22.984,23.0556,23.1272,23.2154,23.331,23.4594,23.575,23.6632,23.7348,23.8028,23.8707,23.9386,24.0065,24.0745,24.1424,24.2103,24.2782,24.3462,24.4141,24.4783,24.5296,24.5702,24.6216,24.6858,24.7537,24.8216,24.8859,24.9372,24.9778,25.0291,25.0933,25.1613,25.2292,25.2934,25.3447,25.3853,25.4367,25.5009,25.5688,25.6367,25.7047,25.7726,25.8405,25.9047,25.9561,25.9966,26.048,26.1122,26.1801,26.248,26.316,26.3802,26.4315,26.4684,26.5032,26.5437,26.608,26.6829,26.7401,26.7951,26.8557,26.907,26.9439,26.9786,27.0118,27.0466,27.0834,27.1311,27.1787,27.2156,27.2503,27.2872,27.3385,27.4065,27.491,27.59,27.691,27.79,27.8745,27.9462,28.0178,28.1023,28.1976,28.2821,28.3537,28.4216,28.4896,28.5575,28.6217,28.6804,28.7542,28.8639,28.9779,29.0806,29.1651,29.2367,29.3084,29.3929,29.4881,29.5763,29.6646,29.7598,29.8443,29.916,29.9839,30.0518,30.1197,30.1914,30.2796,30.3951,30.5236,30.6355,30.7108,30.7716,30.854,30.9514,31.0504,31.1349,31.2065,31.2782,31.3627,31.4579,31.5425,31.6141,31.682,31.7499,31.8179,31.8858,31.9537,32.0216,32.0896,32.1575,32.2254,32.2933,32.3613,32.4292,32.4971,32.565,32.633,32.7009,32.7688,32.8367,32.9047,32.9726,33.0405,33.1121,33.1966,33.2919,33.3801,33.4683,33.5636,33.6481,33.7197,33.7877,33.8556,33.9235,33.9914,34.0631,34.1476,34.2429,34.3274,34.399,34.4669,34.5348,34.5991,34.6504,34.691,34.7423,34.8065,34.8745,34.9387,34.99,35.0269,35.0616,35.1022,35.1701,35.2654,35.3665,35.4655,35.55,35.6179,35.6693,35.7098,35.7612,35.8254,35.8933,35.9613,36.0292,36.0971,36.165,36.2367,36.3175,36.3961,36.4533,36.5084,36.5726,36.6405,36.7121,36.7966,36.8919,36.9801,37.0683,37.1636,37.2481,37.3197,37.3877,37.4556,37.5235,37.5914,37.6594,37.731,37.8155,37.9145,38.0193,38.1348,38.2467,38.3349,38.4065,38.4782,38.5627,38.6579,38.7388,38.7938,38.8344,38.8857,38.9462,38.9976,39.0381,39.0858,39.1334,39.174,39.2216,39.273,39.3301,39.4088,39.4896,39.5613,39.6292,39.6934,39.7447,39.789,39.8569,39.9485,40.033,40.1047,40.1726,40.2405,40.3084,40.3763,40.4406,40.4919,40.5325,40.5838,40.648,40.7197,40.8042,40.8995,40.9877,41.0759,41.1749,41.276,41.3786,41.4797,41.5861,41.7038,41.8301,41.9312,42.0065,42.0708,42.1221,42.1627,42.214,42.2782,42.3425,42.3938,42.4344,42.4857,42.5499,42.6179,42.6858,42.7537,42.8216,42.8896,42.9575,43.0291,43.1136,43.2089,43.2934,43.3613,43.4127,43.4532,43.5046,43.5688,43.633,43.6807

Position (um) : 1.6413,1.6413,1.6413,1.6413,1.6417,1.6435,1.6463,1.6485,1.6506,1.6535,1.6552,1.6556,1.6556,1.6556,1.6556,1.656,1.6577,1.6606,1.6624,1.6628,1.6628,1.6628,1.6628,1.6628,1.6628,1.6631,1.6649,1.6678,1.6695,1.6703,1.672,1.6749,1.6771,1.6792,1.6821,1.6838,1.6846,1.6863,1.6892,1.691,1.6917,1.6935,1.6967,1.7002,1.7035,1.7053,1.7056,1.706,1.7078,1.7107,1.7128,1.7149,1.7178,1.7195,1.7203,1.7221,1.7249,1.7271,1.7292,1.7321,1.7342,1.7364,1.7392,1.7414,1.7435,1.7464,1.7485,1.7507,1.7539,1.7578,1.7628,1.7678,1.7717,1.775,1.7771,1.7792,1.7821,1.7839,1.7843,1.7843,1.7843,1.7843,1.7843,1.7843,1.7839,1.7821,1.7792,1.7775,1.7771,1.7767,1.775,1.7717,1.7682,1.7646,1.7611,1.7578,1.7557,1.7535,1.7503,1.7468,1.7435,1.7414,1.7392,1.736,1.7325,1.7288,1.7253,1.7221,1.7199,1.7174,1.7128,1.7078,1.7035,1.6977,1.6892,1.6796,1.6724,1.6682,1.6645,1.6606,1.6552,1.6485,1.6413,1.6342,1.6274,1.622,1.6181,1.6145,1.611,1.6073,1.6034,1.598,1.5913,1.5845,1.5791,1.5749,1.5698,1.5648,1.5606,1.5556,1.5505,1.5467,1.543,1.5391,1.5341,1.5295,1.5274,1.5266,1.5248,1.522,1.5202,1.5198,1.5198,1.5202,1.522,1.5248,1.5266,1.527,1.5274,1.5291,1.532,1.5341,1.5362,1.5391,1.5413,1.5438,1.5484,1.553,1.5556,1.5577,1.5606,1.5627,1.5652,1.5698,1.5749,1.5791,1.5845,1.5909,1.5959,1.5984,1.6006,1.6034,1.6056,1.6077,1.611,1.6149,1.6199,1.6249,1.6288,1.632,1.6342,1.6363,1.6396,1.6431,1.6467,1.6502,1.6535,1.6556,1.6577,1.6606,1.6624,1.6628,1.6628,1.6628,1.6628,1.6628,1.6628,1.6628,1.6628,1.6628,1.6628,1.6624,1.6606,1.6577,1.656,1.6556,1.6556,1.6556,1.6556,1.6556,1.6556,1.6556,1.6556,1.6556,1.6556,1.6556,1.656,1.6577,1.6606,1.6628,1.6649,1.6682,1.672,1.6778,1.6863,1.6964,1.7049,1.7107,1.7149,1.7207,1.7288,1.7371,1.7431,1.7493,1.7574,1.7657,1.7713,1.7754,1.7796,1.7868,1.796,1.8032,1.8078,1.8132,1.82,1.8271,1.8343,1.841,1.8461,1.8482,1.8486,1.8486,1.8486,1.8486,1.8486,1.8486,1.849,1.8507,1.8536,1.8553,1.8557,1.8557,1.8557,1.8557,1.8557,1.8553,1.8532,1.8486,1.8436,1.8397,1.836,1.8325,1.8289,1.825,1.8196,1.8132,1.8078,1.804,1.8003,1.7964,1.791,1.7846,1.7796,1.7771,1.775,1.7721,1.77,1.7674,1.7628,1.7578,1.7539,1.7507,1.7489,1.7481,1.7464,1.7431,1.7396,1.736,1.7321,1.7267,1.7203,1.7149,1.7107,1.7056,1.7006,1.6967,1.6931,1.6896,1.6859,1.6821,1.6771,1.672,1.6682,1.6645,1.6606,1.6552,1.6489,1.6435,1.6392,1.6338,1.627,1.6199,1.6131,1.6077,1.6038,1.6002,1.5967,1.5934,1.5913,1.5892,1.5863,1.5845,1.5841,1.5841,1.5841,1.5841,1.5841,1.5841,1.5841,1.5841,1.5841,1.5841,1.5841,1.5845,1.5863,1.5892,1.5909,1.5913,1.5913,1.5913

Intensity : 319.2531,319.5718,320.0555,320.3642,320.2836,319.4171,317.9152,316.837,315.7101,314.1185,313.1909,313.063,313.1646,313.2662,313.3677,313.2466,312.304,310.7167,309.7917,309.6282,309.6716,309.7128,309.7635,309.83,309.9039,309.7513,309.115,307.9241,307.3426,307.2828,306.5921,305.1858,304.2608,303.4033,302.1304,301.5022,301.4082,300.6774,299.2225,298.4807,298.3695,297.7263,296.2754,294.9005,293.5529,293.0076,293.2467,293.4575,292.9334,292.3785,292.0787,291.7713,291.1912,291.0075,291.1885,291.0979,290.6772,290.5488,290.4364,290.0038,289.7914,289.6047,289.133,288.887,288.6654,288.1366,287.7782,287.4113,286.7346,285.9163,284.0383,282.1903,280.7688,279.5804,278.7782,277.9787,276.9355,276.2707,276.0562,275.9706,275.885,275.7994,275.6822,275.3324,275.1253,275.4072,276.0863,276.3388,276.0937,275.8237,275.9462,276.5106,277.1889,277.9583,278.5858,279.0341,279.1217,279.1879,279.5521,280.0439,280.4318,280.3721,280.1471,280.131,280.1387,280.1539,280.0996,279.965,279.604,279.4776,279.9212,280.2737,281.0911,282.5711,285.0966,287.9667,289.8523,290.9646,291.9768,293.083,294.6891,296.4748,298.1965,300.0933,301.8166,302.9038,303.5334,304.2806,304.9826,305.7511,306.5546,308.783,312.9533,317.1116,320.4477,322.9827,326.0197,328.7979,330.9754,333.9364,336.7688,338.7498,340.5788,342.6858,345.7179,348.461,349.2851,349.0326,349.5695,351.0319,351.9547,352.2703,352.3046,352.0543,350.8149,348.7536,347.5242,347.2823,347.0346,345.7812,343.6838,342.1273,340.5678,339.1713,338.3865,337.2959,334.6706,331.9195,330.6234,329.5792,327.9567,326.8892,325.5418,322.6942,319.729,317.6595,314.5307,310.2047,306.7706,305.4923,304.6685,304.5024,304.4541,304.2765,303.6569,302.8828,301.6824,300.2396,299.1306,298.2183,297.737,297.2423,296.2757,295.1973,294.0287,292.9059,291.8546,291.2591,290.6502,289.7108,289.2403,289.2509,289.3849,289.5189,289.6528,289.7868,289.9208,290.0547,290.1887,290.3226,290.4639,290.7985,291.7388,293.1533,294.09,294.7246,295.1385,295.4893,295.822,296.1547,296.4874,296.8201,297.1709,297.5849,298.0515,298.4655,298.6417,298.1891,297.6492,297.4738,297.126,296.1132,294.9285,292.9766,289.7455,285.688,282.1591,280.7344,280.2363,279.4782,278.4778,277.6245,277.2203,276.7076,275.6096,274.2742,273.3601,272.7031,272.0392,270.7406,268.8953,267.4847,266.6339,265.553,264.8911,264.238,263.5652,262.8861,262.3477,262.1789,262.083,262.0395,261.9935,261.9394,261.8783,261.8218,261.7064,261.3782,260.8767,260.5526,260.4395,260.387,260.3255,260.0168,259.7082,259.444,259.394,259.6616,259.954,260.0121,260.0452,260.1582,260.37,260.6106,260.9856,261.4827,262.6725,263.5214,264.3773,265.2147,266.4264,267.9615,269.1472,269.53,269.7884,270.3073,270.5459,270.8562,271.6985,272.442,272.8196,273.121,273.2045,273.044,273.2128,273.8214,274.3391,274.7427,275.2292,276.1692,277.3577,278.2782,278.8944,280.0384,281.9723,283.4328,284.8488,286.1733,287.6435,289.171,291.1466,293.045,294.4267,295.6826,296.964,298.8798,301.1709,303.002,304.3038,306.3558,308.9415,311.7264,314.3902,316.4947,317.9833,319.5223,322.1511,324.5636,326.0742,327.6228,329.7951,331.0335,331.1538,331.1005,331.2809,331.4613,331.6418,331.8222,332.0026,332.1928,332.4173,332.6703,332.8948,332.7705,331.5434,329.4063,328.1865,328.0619,328.4547,328.9593

Time pixel : 17.7427,17.8224,17.9434,18.0594,18.1643,18.2676,18.3816,18.4883,18.5589,18.6026,18.6532,18.7165,18.7835,18.8505,18.9175,18.9844,19.0587,19.1584,19.2793,19.379,19.4533,19.5239,19.6109,19.7249,19.8515,19.9655,20.0525,20.1231,20.1901,20.2534,20.3041,20.3441,20.3947,20.458,20.525,20.592,20.6553,20.7059,20.7459,20.7966,20.8599,20.9305,21.0139,21.1078,21.1912,21.2618,21.3288,21.3921,21.4427,21.4827,21.5297,21.5767,21.6167,21.6673,21.7307,21.7976,21.8683,21.9516,22.0456,22.1325,22.2195,22.3135,22.4005,22.4875,22.5814,22.6647,22.7354,22.806,22.893,23.007,23.1336,23.2476,23.3346,23.4052,23.4722,23.5392,23.6061,23.6731,23.7401,23.8071,23.8741,23.941,24.008,24.075,24.1383,24.189,24.229,24.2796,24.3429,24.4099,24.4769,24.5402,24.5908,24.6309,24.6815,24.7448,24.8118,24.8788,24.9421,24.9927,25.0327,25.0834,25.1467,25.2137,25.2807,25.3476,25.4146,25.4816,25.5449,25.5956,25.6356,25.6862,25.7495,25.8165,25.8835,25.9505,26.0138,26.0644,26.1008,26.1351,26.1751,26.2384,26.3123,26.3687,26.423,26.4827,26.5333,26.5697,26.6039,26.6366,26.6709,26.7073,26.7542,26.8012,26.8376,26.8719,26.9082,26.9588,27.0258,27.1092,27.2068,27.3065,27.4041,27.4874,27.558,27.6286,27.712,27.8059,27.8893,27.9599,28.0269,28.0939,28.1608,28.2242,28.2821,28.3548,28.463,28.5754,28.6767,28.76,28.8307,28.9013,28.9846,29.0786,29.1656,29.2526,29.3465,29.4298,29.5005,29.5675,29.6344,29.7014,29.772,29.859,29.973,30.0997,30.21,30.2842,30.3443,30.4255,30.5215,30.6191,30.7025,30.7731,30.8437,30.9271,31.021,31.1044,31.175,31.242,31.309,31.3759,31.4429,31.5099,31.5769,31.6439,31.7108,31.7778,31.8448,31.9118,31.9788,32.0458,32.1127,32.1797,32.2467,32.3137,32.3807,32.4476,32.5146,32.5816,32.6522,32.7356,32.8295,32.9165,33.0035,33.0974,33.1808,33.2514,33.3184,33.3854,33.4524,33.5193,33.59,33.6733,33.7673,33.8506,33.9212,33.9882,34.0552,34.1185,34.1691,34.2092,34.2598,34.3231,34.3901,34.4534,34.5041,34.5404,34.5747,34.6147,34.6817,34.7756,34.8753,34.9729,35.0563,35.1232,35.1739,35.2139,35.2645,35.3278,35.3948,35.4618,35.5288,35.5958,35.6627,35.7334,35.8131,35.8906,35.947,36.0013,36.0646,36.1316,36.2022,36.2856,36.3795,36.4665,36.5535,36.6474,36.7308,36.8014,36.8684,36.9354,37.0024,37.0693,37.1363,37.207,37.2903,37.3879,37.4912,37.6052,37.7155,37.8025,37.8731,37.9437,38.0271,38.121,38.2007,38.255,38.295,38.3456,38.4053,38.4559,38.4959,38.5429,38.5899,38.6299,38.6769,38.7275,38.7839,38.8615,38.9412,39.0118,39.0788,39.1421,39.1927,39.2364,39.3034,39.3937,39.477,39.5476,39.6146,39.6816,39.7486,39.8156,39.8789,39.9295,39.9695,40.0202,40.0835,40.1541,40.2375,40.3314,40.4184,40.5054,40.603,40.7027,40.8039,40.9036,41.0085,41.1246,41.2491,41.3488,41.4231,41.4864,41.5371,41.5771,41.6277,41.691,41.7544,41.805,41.845,41.8956,41.959,42.0259,42.0929,42.1599,42.2269,42.2939,42.3608,42.4315,42.5148,42.6088,42.6921,42.7591,42.8097,42.8497,42.9003,42.9637,43.027,43.074

Position pixel : 15.3825,15.3825,15.3825,15.3825,15.3862,15.4026,15.4295,15.4495,15.4695,15.4965,15.5129,15.5165,15.5165,15.5165,15.5165,15.5202,15.5365,15.5635,15.5798,15.5835,15.5835,15.5835,15.5835,15.5835,15.5835,15.5871,15.6035,15.6305,15.6468,15.6541,15.6705,15.6974,15.7175,15.7375,15.7644,15.7808,15.7881,15.8044,15.8314,15.8478,15.8551,15.8714,15.902,15.9348,15.9654,15.9817,15.9854,15.989,16.0054,16.0324,16.0524,16.0724,16.0993,16.1157,16.123,16.1393,16.1663,16.1863,16.2063,16.2333,16.2533,16.2733,16.3003,16.3203,16.3403,16.3673,16.3873,16.4073,16.4379,16.4743,16.5212,16.5682,16.6046,16.6352,16.6552,16.6752,16.7022,16.7185,16.7222,16.7222,16.7222,16.7222,16.7222,16.7222,16.7185,16.7022,16.6752,16.6588,16.6552,16.6515,16.6352,16.6046,16.5719,16.5376,16.5049,16.4743,16.4542,16.4342,16.4036,16.3709,16.3403,16.3203,16.3003,16.2697,16.2369,16.2027,16.17,16.1393,16.1193,16.0957,16.0524,16.0054,15.9654,15.9111,15.8314,15.7411,15.6741,15.6341,15.5998,15.5635,15.5129,15.4495,15.3825,15.3156,15.2522,15.2016,15.1652,15.131,15.0983,15.064,15.0276,14.977,14.9137,14.8503,14.7997,14.7597,14.7127,14.6658,14.6257,14.5788,14.5318,14.4954,14.4612,14.4248,14.3778,14.3345,14.3145,14.3072,14.2908,14.2639,14.2475,14.2439,14.2439,14.2475,14.2639,14.2908,14.3072,14.3108,14.3145,14.3309,14.3578,14.3778,14.3978,14.4248,14.4448,14.4685,14.5118,14.5551,14.5788,14.5988,14.6257,14.6458,14.6694,14.7127,14.7597,14.7997,14.8503,14.91,14.957,14.9807,15.0007,15.0276,15.0476,15.0676,15.0983,15.1346,15.1816,15.2286,15.2649,15.2956,15.3156,15.3356,15.3662,15.3989,15.4332,15.4659,15.4965,15.5165,15.5365,15.5635,15.5798,15.5835,15.5835,15.5835,15.5835,15.5835,15.5835,15.5835,15.5835,15.5835,15.5835,15.5798,15.5635,15.5365,15.5202,15.5165,15.5165,15.5165,15.5165,15.5165,15.5165,15.5165,15.5165,15.5165,15.5165,15.5165,15.5202,15.5365,15.5635,15.5835,15.6035,15.6341,15.6705,15.7248,15.8044,15.8984,15.9781,16.0324,16.0724,16.1266,16.2027,16.2803,16.3366,16.3946,16.4706,16.5482,16.6009,16.6388,16.6788,16.7458,16.8325,16.8995,16.9431,16.9937,17.0571,17.1241,17.191,17.2544,17.3013,17.3214,17.325,17.325,17.325,17.325,17.325,17.325,17.3286,17.345,17.372,17.3883,17.392,17.392,17.392,17.392,17.392,17.3883,17.3683,17.325,17.278,17.2417,17.2074,17.1747,17.1404,17.1041,17.0534,16.9937,16.9431,16.9068,16.8725,16.8361,16.7855,16.7258,16.6788,16.6552,16.6352,16.6082,16.5882,16.5646,16.5212,16.4743,16.4379,16.4073,16.3909,16.3836,16.3673,16.3366,16.3039,16.2697,16.2333,16.1827,16.123,16.0724,16.0324,15.9854,15.9384,15.902,15.8678,15.8351,15.8008,15.7644,15.7175,15.6705,15.6341,15.5998,15.5635,15.5129,15.4532,15.4026,15.3625,15.3119,15.2486,15.1816,15.1183,15.0676,15.0313,14.997,14.9643,14.9337,14.9137,14.8937,14.8667,14.8503,14.8467,14.8467,14.8467,14.8467,14.8467,14.8467,14.8467,14.8467,14.8467,14.8467,14.8467,14.8503,14.8667,14.8937,14.91,14.9137,14.9137,14.9137

Brightness max : 620.77
Brightness min : 230.00
Feature direction : Ambiguous
Feature speed : Slow
Feature type : Curve
Start frame : 1
End frame : 72
Start time (s) : 0.000
End time (s) : 72.000
Time step (s) : 1.014

Feature number : 2

Time (s) : 44.2517,44.272,44.316,44.3636,44.4042,44.4555,44.516,44.5674,44.6043,44.639,44.6759,44.7272,44.7914,44.8557,44.907,44.9439,44.9786,45.0155,45.0631,45.1108,45.1477,45.1824,45.2193,45.2669,45.3146,45.3514,45.3862,45.4194,45.4541,45.4873,45.522,45.5552,45.59,45.6231,45.6542,45.6745,45.6985,45.7424,45.79,45.8269,45.8616,45.8948,45.9296,45.9627,45.9975,46.0307,46.0654,46.0986,46.1333,46.1702,46.2179,46.2618,46.2858,46.3061,46.3371,46.3703,46.4013,46.4216,46.4456,46.4896,46.5335,46.5538,46.5575,46.5612,46.5778,46.6088,46.642,46.673,46.6933,46.7136,46.741,46.7613,46.7815,46.8126,46.8458,46.8805,46.9174,46.9687,47.0293,47.0806,47.1212,47.1688,47.2164,47.257,47.3084,47.3726,47.4405,47.5084,47.5763,47.6443,47.7122,47.7838,47.872,47.9876,48.116,48.2316,48.3198,48.3914,48.4557,48.5033,48.531,48.5716,48.6466,48.7274,48.799,48.8669,48.9348,49.0028,49.0707,49.1386,49.2102,49.2948,49.3937,49.4985,49.6141,49.7259,49.8142,49.8895,49.974,50.0656,50.1335,50.1778,50.2291,50.2896,50.341,50.3778,50.4089,50.4292,50.4532,50.5008,50.565,50.6293,50.6806,50.7212,50.7688,50.8164,50.857,50.9084,50.9726,51.0405,51.1084,51.1763,51.2443,51.3122,51.3801,51.4517,51.5437,51.6795,51.8556,52.0317,52.1749,52.3037,52.4503,52.5954,52.7183,52.8268,52.9498,53.0985,53.2654,53.4381,53.6216,53.8014,53.9613,54.1174,54.2769,54.4127,54.5249,54.6405,54.7524,54.848,54.9565,55.0994,55.2444,55.3674,55.4722,55.5786,55.6962,55.83,55.9642,56.0943,56.1954,56.2707,56.3386,56.4065,56.4745,56.5461,56.6306,56.7259,56.8104,56.882,56.9499,57.0179,57.0858,57.1537,57.2216,57.2896,57.3575,57.4254,57.4933,57.565,57.6458,57.7245,57.7816,57.833,57.8806,57.9212,57.9725,58.0367,58.1047,58.1726,58.2405,58.3084,58.3726,58.424,58.4646,58.5159,58.5801,58.648,58.7123,58.7673,58.8208,58.8829,58.9363,58.9877,59.0353,59.0759,59.1235,59.1712,59.2117,59.2631,59.3236,59.3749,59.4155,59.4668,59.5348,59.6267,59.7588,59.9183,60.0745,60.2269,60.3735,60.4949,60.5976,60.6821,60.7537,60.8216,60.8896,60.9575,61.0254,61.0933,61.165,61.2495,61.3447,61.4293,61.4972,61.5485,61.5891,61.6404,61.7047,61.7726,61.8368,61.8881,61.9287,61.98,62.0443,62.1196,62.2207,62.347,62.4647,62.5674,62.6556,62.7438,62.8354,62.907,62.9642,63.0263,63.0797,63.1385,63.2193,63.3146,63.3991,63.467,63.5183,63.5589,63.6102,63.6708,63.7221,63.7627,63.814,63.8782,63.9499,64.0307,64.1131,64.1831,64.2489,64.3024,64.3611,64.4419,64.5372,64.6217,64.6933,64.7613,64.8292,64.8971,64.965,65.0367,65.1249,65.2404,65.3689,65.4844,65.5726,65.6443,65.7122,65.7801,65.8517,65.9363,66.0315,66.116,66.1877,66.2556,66.3272,66.4117,66.507,66.5878,66.6466,66.7037,66.7824,66.8632,66.9348,67.0028,67.0707,67.1386,67.2065,67.2745,67.3424,67.4103,67.4782,67.5425,67.5938,67.6344,67.6857,67.7499,67.8179,67.8858,67.9537,68.0216,68.0896,68.1575,68.2254,68.2933,68.3613,68.4292,68.5008,68.5853,68.6806,68.7651,68.8404,68.9286,69.0442,69.1726,69.2882,69.3764,69.4517,69.5363,69.6315,69.7197,69.808,69.9069,70.008,70.107,70.1915,70.2631,70.3311,70.399,70.4706,70.5551,70.6504,70.7386,70.8268,70.9221,71.0066,71.0782,71.1462,71.2141,71.282,71.3499,71.4179,71.4858,71.5537,71.6216,71.6896,71.7538,71.8014,71.8217

Position (um) : 1.6149,1.6177,1.6199,1.622,1.6249,1.6266,1.6274,1.6292,1.6324,1.6359,1.6396,1.6435,1.6485,1.6535,1.6577,1.6631,1.6699,1.6767,1.6821,1.6859,1.6896,1.6935,1.6985,1.7035,1.7074,1.711,1.7145,1.7182,1.7221,1.7275,1.7338,1.7392,1.7431,1.7468,1.7507,1.7557,1.7607,1.7649,1.7704,1.7771,1.7843,1.7914,1.7982,1.8036,1.8074,1.8111,1.815,1.8204,1.8271,1.8339,1.8393,1.8436,1.8486,1.8536,1.8579,1.8633,1.87,1.8772,1.8843,1.8915,1.8986,1.9058,1.9129,1.92,1.9276,1.9365,1.9465,1.9554,1.9625,1.9679,1.9722,1.9776,1.9844,1.9911,1.9965,2.0004,2.0045,2.0101,2.0184,2.0265,2.0323,2.0365,2.0415,2.0466,2.0508,2.0558,2.0608,2.0647,2.068,2.0697,2.0701,2.0701,2.0701,2.0701,2.0701,2.0701,2.0701,2.0697,2.0676,2.0626,2.0558,2.0491,2.0441,2.0415,2.039,2.0344,2.0294,2.0251,2.0201,2.0147,2.0087,2.0004,1.9919,1.9844,1.9772,1.9701,1.9629,1.9554,1.9469,1.9386,1.9326,1.9264,1.9179,1.9079,1.899,1.8911,1.8822,1.8725,1.8654,1.8607,1.8553,1.8486,1.8414,1.8347,1.8293,1.8254,1.8217,1.8182,1.8146,1.8111,1.8074,1.8036,1.7985,1.7935,1.7897,1.786,1.7825,1.7789,1.7754,1.7721,1.77,1.7678,1.7649,1.7628,1.7607,1.7578,1.7561,1.7557,1.7557,1.7557,1.7557,1.7557,1.7557,1.7557,1.7557,1.7557,1.7557,1.7557,1.7557,1.7561,1.7578,1.7607,1.7628,1.7653,1.77,1.775,1.7789,1.7821,1.7839,1.7846,1.7864,1.7893,1.7914,1.7935,1.7964,1.7985,1.8007,1.804,1.8074,1.8107,1.8128,1.815,1.8182,1.8217,1.8254,1.8289,1.8325,1.836,1.8397,1.8432,1.8468,1.8503,1.8536,1.8557,1.8579,1.8611,1.8646,1.8683,1.8718,1.8754,1.8793,1.8843,1.8893,1.8932,1.8969,1.9007,1.9061,1.9129,1.92,1.9272,1.9343,1.9415,1.9482,1.9536,1.9575,1.9612,1.9651,1.9701,1.9751,1.979,1.9826,1.9861,1.9894,1.9911,1.9915,1.9915,1.9915,1.9915,1.9915,1.9915,1.9915,1.9911,1.9894,1.9865,1.9848,1.9844,1.984,1.9818,1.9772,1.9726,1.9705,1.9697,1.9679,1.9651,1.9629,1.9608,1.9575,1.954,1.9508,1.9486,1.9461,1.9415,1.9369,1.9343,1.9322,1.9285,1.9233,1.9168,1.9112,1.9058,1.9007,1.8969,1.8932,1.8897,1.8861,1.8826,1.8789,1.8754,1.8718,1.8679,1.8629,1.8579,1.854,1.8503,1.8468,1.8432,1.8397,1.836,1.8325,1.8289,1.8254,1.8217,1.8182,1.8146,1.8111,1.8074,1.804,1.8007,1.7985,1.7964,1.7935,1.7918,1.7914,1.7914,1.7914,1.791,1.7893,1.7864,1.7846,1.7843,1.7843,1.7843,1.7843,1.7843,1.7843,1.7843,1.7843,1.7843,1.7843,1.7843,1.7843,1.7843,1.7843,1.7839,1.7821,1.7792,1.7771,1.775,1.7721,1.77,1.7678,1.7649,1.7632,1.7628,1.7628,1.7628,1.7628,1.7624,1.7607,1.7578,1.7561,1.7557,1.7557,1.7557,1.7557,1.7557,1.7557,1.7557,1.7557,1.7557,1.7557,1.7557,1.7553,1.7535,1.7507,1.7485,1.7464,1.7435,1.7414,1.7392,1.736,1.7325,1.7292,1.7275,1.7267,1.7249,1.7221,1.7199,1.7178,1.7149,1.7132,1.7124,1.7107,1.7074,1.7039,1.7002,1.6964,1.691,1.6842,1.6771,1.6703,1.6649,1.6606,1.6556,1.6506,1.6467,1.6431,1.6392,1.6342,1.6292,1.6253,1.6216,1.6181,1.6149

Intensity : 321.9502,320.9567,320.533,320.1494,319.376,319.1968,319.5249,319.3457,318.3679,317.5136,316.8304,316.3866,315.7593,315.126,314.5039,313.0628,310.9928,308.9672,307.7609,307.1984,306.4821,305.6194,304.3188,303.2592,302.7116,302.6016,302.4748,302.2585,302.0067,301.3048,300.3625,299.6256,299.3156,299.021,298.7107,297.8585,297.0899,297.0126,296.6937,295.7073,294.5369,293.3061,292.2014,291.4277,291.1127,290.8142,290.586,290.3096,289.7914,289.2977,289.2771,289.3778,288.8925,288.3189,288.1072,287.6971,286.9509,285.8926,284.8928,284.258,283.5942,282.4655,281.023,279.5781,278.8573,278.2465,277.5028,276.6421,275.8654,275.3144,274.9657,274.4063,273.6617,272.9934,272.5161,272.25,271.9719,271.5765,270.8688,270.1023,269.8732,269.8592,269.7818,269.6525,269.6516,269.6716,269.71,269.8361,270.0085,270.3049,270.2983,270.1715,270.0153,269.8106,269.5832,269.3786,269.2223,269.1205,269.1391,269.3573,269.7097,270.0213,270.1307,269.8078,269.3978,269.1203,268.8513,268.6829,268.7261,268.7886,268.8606,269.0327,269.0435,268.8393,268.4342,268.1299,268.2002,268.359,268.5038,268.5379,268.5257,268.6868,269.2859,270.778,272.0755,273.2787,274.6961,276.3382,277.4512,277.8273,278.1396,278.666,279.3706,280.2573,281.0901,281.6456,282.1749,282.6389,283.087,283.9857,285.0561,286.195,287.7161,289.2246,290.3314,291.3391,292.2087,292.9643,293.8667,294.7953,295.3743,295.9675,296.7938,297.371,297.97,299.3973,300.6057,301.4854,302.3234,303.1906,304.1118,305.0687,306.0288,306.9667,307.9248,308.7408,309.4148,310.109,310.7809,311.3343,311.4838,311.4567,311.7193,311.6658,310.6728,309.5334,308.9,308.4075,308.2068,308.3598,308.0293,307.1584,306.5477,305.9317,305.0153,304.3996,303.8196,302.812,301.7147,300.7571,300.2271,299.8782,299.4397,298.9314,298.3657,297.822,297.22,296.6408,296.0025,295.4021,294.7748,294.1611,293.5113,293.1562,292.7981,292.1007,291.3769,290.6454,289.9558,289.2029,288.3694,287.1981,285.99,285.0434,284.1155,283.1414,281.7425,279.9283,277.9575,276.8608,275.8256,274.9196,274.0361,273.3564,272.9037,272.4586,271.9995,271.3528,270.6774,270.2199,269.8263,269.4253,269.0222,268.9035,269.0625,269.3648,269.7995,270.0368,270.0368,270.0368,270.0368,270.1025,270.3969,270.8823,271.1768,271.2425,271.2108,271.4157,272.0199,272.6066,272.7686,272.6747,272.6988,272.9152,273.0525,273.2288,273.5977,273.9596,274.2391,274.3332,274.4862,274.8518,275.1962,275.1607,274.9677,274.8853,274.7936,275.0478,275.4188,275.8364,276.2639,276.4176,276.48,276.709,277.1156,277.4343,277.8373,278.1501,278.3127,278.3864,278.7516,279.2222,279.5795,279.9693,280.2222,280.4137,280.6386,280.9793,281.1788,281.2763,281.421,281.5522,281.6365,281.8311,282.4945,283.4242,284.2667,284.8901,285.0216,285.2314,285.8009,285.991,285.6917,285.251,285.0447,284.9843,285.3592,286.0417,286.2655,286.0466,285.7759,285.5562,285.3478,285.1394,284.9196,284.7388,284.8067,284.8669,284.9179,284.9663,285.0173,285.0774,285.1453,285.3282,285.9305,286.893,287.6285,288.3622,289.3033,289.7505,290.1815,290.8245,291.1025,290.9612,290.7018,290.4425,290.1831,290.0487,290.3433,290.988,291.2607,291.0977,290.8114,290.5251,290.2307,289.8897,289.5486,289.2076,288.8666,288.5255,288.1845,287.8435,287.582,287.5944,287.8282,287.9238,288.0605,288.3051,287.7861,286.968,286.5178,286.3742,286.2924,285.7569,284.8843,284.2837,283.9003,283.2237,282.6355,282.4333,282.115,281.707,281.5096,281.5952,282.1489,282.6919,283.2376,284.3571,285.9478,287.6396,289.2201,290.2366,290.9074,291.8219,292.7301,293.2538,293.698,294.2122,295.0974,295.9764,296.4745,296.9369,297.5339,298.3741

Time pixel : 43.6371,43.6571,43.7005,43.7474,43.7875,43.8381,43.8978,43.9484,43.9848,44.019,44.0554,44.106,44.1693,44.2327,44.2833,44.3197,44.3539,44.3903,44.4373,44.4842,44.5206,44.5549,44.5912,44.6382,44.6852,44.7215,44.7558,44.7885,44.8228,44.8555,44.8898,44.9225,44.9568,44.9895,45.0201,45.0401,45.0638,45.1071,45.1541,45.1904,45.2247,45.2574,45.2917,45.3244,45.3586,45.3914,45.4256,45.4583,45.4926,45.529,45.5759,45.6193,45.6429,45.6629,45.6935,45.7263,45.7569,45.7769,45.8005,45.8439,45.8872,45.9072,45.9108,45.9145,45.9309,45.9615,45.9942,46.0248,46.0448,46.0648,46.0918,46.1118,46.1318,46.1624,46.1951,46.2294,46.2658,46.3164,46.3761,46.4267,46.4667,46.5137,46.5607,46.6007,46.6513,46.7146,46.7816,46.8486,46.9156,46.9825,47.0495,47.1202,47.2071,47.3211,47.4478,47.5617,47.6487,47.7193,47.7827,47.8296,47.857,47.897,47.9709,48.0506,48.1212,48.1882,48.2552,48.3222,48.3892,48.4561,48.5268,48.6101,48.7077,48.811,48.925,49.0353,49.1223,49.1966,49.2799,49.3702,49.4372,49.4809,49.5315,49.5912,49.6418,49.6781,49.7088,49.7288,49.7524,49.7994,49.8627,49.9261,49.9767,50.0167,50.0637,50.1107,50.1507,50.2013,50.2646,50.3316,50.3986,50.4656,50.5325,50.5995,50.6665,50.7371,50.8278,50.9617,51.1354,51.309,51.4503,51.5773,51.7219,51.8649,51.9861,52.0931,52.2144,52.361,52.5256,52.6959,52.8769,53.0542,53.2118,53.3658,53.523,53.657,53.7676,53.8816,53.9919,54.0862,54.1932,54.3341,54.4771,54.5984,54.7017,54.8066,54.9227,55.0546,55.187,55.3152,55.4149,55.4892,55.5561,55.6231,55.6901,55.7607,55.8441,55.938,56.0214,56.092,56.159,56.2259,56.2929,56.3599,56.4269,56.4939,56.5608,56.6278,56.6948,56.7654,56.8451,56.9227,56.9791,57.0297,57.0767,57.1167,57.1673,57.2307,57.2976,57.3646,57.4316,57.4986,57.5619,57.6125,57.6526,57.7032,57.7665,57.8335,57.8968,57.9511,58.0038,58.0651,58.1178,58.1684,58.2154,58.2554,58.3024,58.3493,58.3893,58.44,58.4997,58.5503,58.5903,58.6409,58.7079,58.7985,58.9288,59.0861,59.2401,59.3904,59.535,59.6547,59.7559,59.8393,59.9099,59.9769,60.0439,60.1108,60.1778,60.2448,60.3154,60.3988,60.4927,60.5761,60.643,60.6937,60.7337,60.7843,60.8476,60.9146,60.978,61.0286,61.0686,61.1192,61.1825,61.2568,61.3565,61.4811,61.5971,61.6984,61.7854,61.8724,61.9627,62.0333,62.0897,62.1509,62.2036,62.2615,62.3412,62.4352,62.5185,62.5855,62.6361,62.6761,62.7268,62.7864,62.8371,62.8771,62.9277,62.991,63.0617,63.1414,63.2226,63.2917,63.3566,63.4093,63.4672,63.5469,63.6408,63.7242,63.7948,63.8618,63.9288,63.9958,64.0627,64.1334,64.2204,64.3343,64.461,64.5749,64.6619,64.7325,64.7995,64.8665,64.9371,65.0205,65.1144,65.1978,65.2684,65.3354,65.406,65.4893,65.5833,65.663,65.7209,65.7773,65.8549,65.9346,66.0052,66.0722,66.1392,66.2061,66.2731,66.3401,66.4071,66.4741,66.541,66.6044,66.655,66.695,66.7456,66.809,66.8759,66.9429,67.0099,67.0769,67.1439,67.2108,67.2778,67.3448,67.4118,67.4788,67.5494,67.6327,67.7267,67.81,67.8843,67.9713,68.0853,68.2119,68.3259,68.4129,68.4871,68.5705,68.6644,68.7514,68.8384,68.936,69.0357,69.1333,69.2166,69.2873,69.3542,69.4212,69.4919,69.5752,69.6691,69.7561,69.8431,69.9371,70.0204,70.091,70.158,70.225,70.292,70.359,70.4259,70.4929,70.5599,70.6269,70.6939,70.7572,70.8042,70.8242

Position pixel : 15.1346,15.1616,15.1816,15.2016,15.2286,15.2449,15.2522,15.2686,15.2992,15.3319,15.3662,15.4026,15.4495,15.4965,15.5365,15.5871,15.6505,15.7138,15.7644,15.8008,15.8351,15.8714,15.9184,15.9654,16.0017,16.036,16.0687,16.103,16.1393,16.19,16.2497,16.3003,16.3366,16.3709,16.4073,16.4542,16.5012,16.5412,16.5919,16.6552,16.7222,16.7892,16.8525,16.9031,16.9395,16.9737,17.0101,17.0607,17.1241,17.1874,17.238,17.278,17.325,17.372,17.412,17.4626,17.5259,17.5929,17.6599,17.7269,17.7939,17.8608,17.9278,17.9948,18.0654,18.1488,18.2427,18.3261,18.393,18.4437,18.4837,18.5343,18.5976,18.661,18.7116,18.748,18.7859,18.8386,18.9162,18.9922,19.0465,19.0865,19.1335,19.1805,19.2205,19.2675,19.3144,19.3508,19.3814,19.3978,19.4014,19.4014,19.4014,19.4014,19.4014,19.4014,19.4014,19.3978,19.3778,19.3308,19.2675,19.2041,19.1571,19.1335,19.1098,19.0665,19.0195,18.9795,18.9325,18.8819,18.8256,18.748,18.6683,18.5976,18.5307,18.4637,18.3967,18.3261,18.2464,18.1688,18.1124,18.0545,17.9748,17.8809,17.7975,17.7232,17.6399,17.5496,17.4826,17.439,17.3883,17.325,17.258,17.1947,17.1441,17.1077,17.0734,17.0407,17.0065,16.9737,16.9395,16.9031,16.8561,16.8092,16.7728,16.7385,16.7058,16.6715,16.6388,16.6082,16.5882,16.5682,16.5412,16.5212,16.5012,16.4743,16.4579,16.4542,16.4542,16.4542,16.4542,16.4542,16.4542,16.4542,16.4542,16.4542,16.4542,16.4542,16.4542,16.4579,16.4743,16.5012,16.5212,16.5449,16.5882,16.6352,16.6715,16.7022,16.7185,16.7258,16.7422,16.7691,16.7892,16.8092,16.8361,16.8561,16.8761,16.9068,16.9395,16.9701,16.9901,17.0101,17.0407,17.0734,17.1077,17.1404,17.1747,17.2074,17.2417,17.2744,17.3086,17.3414,17.372,17.392,17.412,17.4426,17.4753,17.5096,17.5423,17.5766,17.6129,17.6599,17.7069,17.7432,17.7775,17.8139,17.8645,17.9278,17.9948,18.0618,18.1288,18.1958,18.2591,18.3097,18.3461,18.3803,18.4167,18.4637,18.5107,18.547,18.5813,18.614,18.6446,18.661,18.6646,18.6646,18.6646,18.6646,18.6646,18.6646,18.6646,18.661,18.6446,18.6176,18.6013,18.5976,18.594,18.574,18.5307,18.4873,18.4673,18.46,18.4437,18.4167,18.3967,18.3767,18.3461,18.3134,18.2827,18.2627,18.2391,18.1958,18.1524,18.1288,18.1088,18.0745,18.0254,17.9642,17.9115,17.8608,17.8139,17.7775,17.7432,17.7105,17.6763,17.6435,17.6093,17.5766,17.5423,17.5059,17.459,17.412,17.3756,17.3414,17.3086,17.2744,17.2417,17.2074,17.1747,17.1404,17.1077,17.0734,17.0407,17.0065,16.9737,16.9395,16.9068,16.8761,16.8561,16.8361,16.8092,16.7928,16.7892,16.7892,16.7892,16.7855,16.7691,16.7422,16.7258,16.7222,16.7222,16.7222,16.7222,16.7222,16.7222,16.7222,16.7222,16.7222,16.7222,16.7222,16.7222,16.7222,16.7222,16.7185,16.7022,16.6752,16.6552,16.6352,16.6082,16.5882,16.5682,16.5412,16.5249,16.5212,16.5212,16.5212,16.5212,16.5176,16.5012,16.4743,16.4579,16.4542,16.4542,16.4542,16.4542,16.4542,16.4542,16.4542,16.4542,16.4542,16.4542,16.4542,16.4506,16.4342,16.4073,16.3873,16.3673,16.3403,16.3203,16.3003,16.2697,16.2369,16.2063,16.19,16.1827,16.1663,16.1393,16.1193,16.0993,16.0724,16.056,16.0487,16.0324,16.0017,15.969,15.9348,15.8984,15.8478,15.7844,15.7175,15.6541,15.6035,15.5635,15.5165,15.4695,15.4332,15.3989,15.3625,15.3156,15.2686,15.2322,15.198,15.1652,15.1346

Brightness max : 620.77
Brightness min : 230.00
Feature direction : Ambiguous
Feature speed : Slow
Feature type : Curve
Start frame : 1
End frame : 72
Start time (s) : 0.000
End time (s) : 72.000
Time step (s) : 1.014

