KYMOANALYSIS DATA

General Information :

Tiff path : E:\Google Drive\microtubule dynamics and cut7\19-15 screens and tests\gtb1-K5A\19-11-13(gtb1-K5A, cut11-7, cut73-GFP and MTs)\
Spindle type : Monopolar
Start frame : 1
End frame : 94
Start time (s) : 0.000
End time (s) : 94.000
Time step (s) : 1.011
Num poles : 1
Num tracks : 3
Num tracks poleward : 0
Num tracks antipoleward : 0
Num tracks ambiguous : 3
Comments : {

}
Poles Information :


Pole number : 1

Time (s) : 1.14377,2.16358,3.18339,4.20321,5.22302,6.24283,7.26264,8.28245,9.30226,10.3221,11.3419,12.3617,13.3815,14.4013,15.4211,16.4409,17.4608,18.4806,19.5004,20.5202,21.54,22.5598,23.5796,24.5994,25.6192,26.6391,27.6589,28.6787,29.6985,30.7183,31.7381,32.7579,33.7777,34.7975,35.8174,36.8372,37.857,38.8768,39.8966,40.9164,41.9362,42.956,43.9758,44.9957,46.0155,47.0353,48.0551,49.0749,50.0947,51.1145,52.1343,53.1541,54.174,55.1938,56.2136,57.2334,58.2532,59.273,60.2928,61.3126,62.3325,63.3523,64.3721,65.3919,66.4117,67.4315,68.4513,69.4711,70.4909,71.5108,72.5306,73.5504,74.5702,75.59,76.6098,77.6296,78.6494,79.6692,80.6891,81.7089,82.7287,83.7485,84.7683,85.7881,86.8079,87.8277,88.8475,89.8674,90.8872,91.907,92.9268,93.9466,94.9664

Position (um) : 1.7222,1.7229,1.7235,1.7241,1.7247,1.7253,1.7259,1.7265,1.7271,1.7277,1.7284,1.729,1.7296,1.7302,1.7308,1.7314,1.732,1.7326,1.7332,1.7338,1.7345,1.7351,1.7357,1.7363,1.7369,1.7375,1.7381,1.7387,1.7393,1.74,1.7406,1.7412,1.7418,1.7424,1.743,1.7436,1.7442,1.7448,1.7454,1.7461,1.7467,1.7473,1.7479,1.7485,1.7491,1.7497,1.7503,1.7509,1.7516,1.7522,1.7528,1.7534,1.754,1.7546,1.7552,1.7558,1.7564,1.757,1.7577,1.7583,1.7589,1.7595,1.7601,1.7607,1.7613,1.7619,1.7625,1.7632,1.7638,1.7644,1.765,1.7656,1.7662,1.7668,1.7674,1.768,1.7686,1.7693,1.7699,1.7705,1.7711,1.7717,1.7723,1.7729,1.7735,1.7741,1.7748,1.7754,1.776,1.7766,1.7772,1.7778,1.7784

Intensity : 1738.3546,1699.4392,1651.9109,1622.178,1575.5017,1607.4798,1617.0885,1660.0794,1618.7702,1615.5159,1612.2744,1598.4001,1543.6492,1510.9066,1475.7348,1497.9277,1531.738,1580.5037,1590.8361,1559.5974,1542.4663,1562.1818,1612.3776,1636.3984,1589.5495,1525.1738,1503.1639,1480.409,1469.1212,1458.3372,1496.3746,1517.0655,1524.5539,1554.2954,1581.1716,1564.8414,1514.8035,1490.5603,1524.3426,1535.7468,1492.1467,1423.7242,1382.5412,1401.6302,1433.3588,1448.6342,1414.5223,1367.2974,1335.4098,1332.0832,1322.9044,1284.2652,1224.756,1184.5405,1167.2276,1164.9663,1139.8168,1111.7091,1093.5095,1099.1195,1090.0023,1090.9614,1109.4273,1126.09,1121.6234,1089.6707,1080.9573,1088.7094,1115.259,1150.1858,1172.904,1230.858,1264.8514,1299.1112,1272.8008,1248.0427,1215.1088,1196.0929,1176.892,1164.8496,1137.5826,1162.7898,1191.3083,1250.8871,1294.577,1303.8099,1314.7992,1306.6488,1331.591,1322.7143,1322.437,1276.7743,1243.4417

Time pixel : 1.1316,2.14057,3.14953,4.15849,5.16745,6.17642,7.18538,8.19434,9.2033,10.2123,11.2212,12.2302,13.2392,14.2481,15.2571,16.266,17.275,18.284,19.2929,20.3019,21.3108,22.3198,23.3288,24.3377,25.3467,26.3557,27.3646,28.3736,29.3825,30.3915,31.4005,32.4094,33.4184,34.4274,35.4363,36.4453,37.4542,38.4632,39.4722,40.4811,41.4901,42.4991,43.508,44.517,45.5259,46.5349,47.5439,48.5528,49.5618,50.5708,51.5797,52.5887,53.5976,54.6066,55.6156,56.6245,57.6335,58.6425,59.6514,60.6604,61.6693,62.6783,63.6873,64.6962,65.7052,66.7142,67.7231,68.7321,69.741,70.75,71.759,72.7679,73.7769,74.7858,75.7948,76.8038,77.8127,78.8217,79.8307,80.8396,81.8486,82.8575,83.8665,84.8755,85.8844,86.8934,87.9024,88.9113,89.9203,90.9292,91.9382,92.9472,93.9561

Position pixel : 16.141,16.1468,16.1525,16.1582,16.1639,16.1696,16.1754,16.1811,16.1868,16.1925,16.1983,16.204,16.2097,16.2154,16.2211,16.2269,16.2326,16.2383,16.244,16.2498,16.2555,16.2612,16.2669,16.2726,16.2784,16.2841,16.2898,16.2955,16.3013,16.307,16.3127,16.3184,16.3241,16.3299,16.3356,16.3413,16.347,16.3527,16.3585,16.3642,16.3699,16.3756,16.3814,16.3871,16.3928,16.3985,16.4042,16.41,16.4157,16.4214,16.4271,16.4329,16.4386,16.4443,16.45,16.4557,16.4615,16.4672,16.4729,16.4786,16.4844,16.4901,16.4958,16.5015,16.5072,16.513,16.5187,16.5244,16.5301,16.5358,16.5416,16.5473,16.553,16.5587,16.5645,16.5702,16.5759,16.5816,16.5873,16.5931,16.5988,16.6045,16.6102,16.616,16.6217,16.6274,16.6331,16.6388,16.6446,16.6503,16.656,16.6617,16.6675

Pole type : Line
Start frame : 1
End frame : 94
Start time (s) : 0.000
End time (s) : 94.000
Time step (s) : 1.011

Feature Information :


Feature number : 1

Time (s) : 1.52981,1.58717,1.64453,1.67585,1.70717,1.76453,1.82672,1.87486,1.92023,1.96837,2.03056,2.09276,2.1409,2.18143,2.20792,2.23924,2.30143,2.38045,2.44747,2.49562,2.54098,2.5843,2.62966,2.67297,2.71351,2.74,2.76649,2.80702,2.85033,2.8957,2.93901,2.98438,3.02769,3.07306,3.11637,3.16174,3.20505,3.25042,3.29373,3.3391,3.38241,3.42778,3.47109,3.51162,3.53811,3.5646,3.60513,3.65328,3.71547,3.77766,3.8258,3.876,3.95064,4.07985,4.24271,4.39358,4.50875,4.60226,4.69094,4.77962,4.8683,4.95698,5.04566,5.13917,5.2495,5.36906,5.45773,5.51554,5.58257,5.66158,5.7286,5.78158,5.8486,5.93245,6.02113,6.10981,6.19366,6.26068,6.30882,6.35419,6.40233,6.46936,6.55321,6.63705,6.70408,6.75705,6.82408,6.90792,6.9966,7.08528,7.17396,7.26264,7.35132,7.44,7.52385,7.59087,7.64384,7.70604,7.76823,7.8212,7.88823,7.96724,8.03427,8.08724,8.14943,8.21162,8.25977,8.30513,8.34845,8.39381,8.44196,8.50898,8.59283,8.68151,8.77019,8.85887,8.94755,9.03622,9.1249,9.20875,9.27577,9.32875,9.39577,9.47962,9.5683,9.65698,9.74566,9.83434,9.92302,10.0117,10.1004,10.1891,10.2777,10.3616,10.4286,10.4767,10.5221,10.5654,10.606,10.6325,10.6589,10.6995,10.7428,10.7882,10.8315,10.8768,10.925,10.992,11.071,11.138,11.1862,11.2267,11.2532,11.2797,11.3202,11.3684,11.4306,11.4928,11.5409,11.5863,11.6296,11.6749,11.7183,11.7636,11.8118,11.8788,11.9626,12.0513,12.14,12.2287,12.3174,12.406,12.4947,12.5786,12.6456,12.6986,12.7608,12.8229,12.8759,12.9381,13.0003,13.0533,13.1155,13.1777,13.2258,13.2712,13.3193,13.3863,13.4654,13.5324,13.5854,13.6524,13.7362,13.8249,13.9136,14.0023,14.0909,14.1796,14.2683,14.3521,14.4192,14.4673,14.5127,14.5608,14.623,14.6852,14.7382,14.8052,14.8842,14.9512,15.0042,15.0712,15.1503,15.2173,15.2703,15.3373,15.4163,15.4833,15.5363,15.6033,15.6872,15.7758,15.8645,15.9484,16.0154,16.0684,16.1354,16.2192,16.3079,16.3918,16.4588,16.5118,16.574,16.6362,16.6891,16.7562,16.8352,16.9022,16.9552,17.0222,17.1109,17.2212,17.3456,17.4559,17.5494,17.6381,17.722,17.789,17.842,17.9041,17.9663,18.0193,18.0815,18.1437,18.1918,18.2324,18.2589,18.2902,18.3524,18.4314,18.4984,18.5514,18.6184,18.7023,18.7909,18.8796,18.9683,19.057,19.1457,19.2295,19.2965,19.3543,19.4478,19.5891,19.7351,19.8503,19.9438,20.0325,20.1211,20.2098,20.2985,20.3872,20.4758,20.5645,20.6484,20.7154,20.7684,20.8354,20.9192,21.0079,21.0918,21.154

Position (um) : 1.2074,1.2069,1.2041,1.198,1.1914,1.1859,1.1793,1.1727,1.1671,1.1606,1.154,1.1489,1.1441,1.139,1.132,1.1231,1.1143,1.1072,1.1021,1.0973,1.0922,1.0852,1.0768,1.0697,1.0642,1.0576,1.051,1.0454,1.0384,1.03,1.0229,1.0179,1.0131,1.008,1.0009,0.99257,0.98549,0.9799,0.97283,0.96397,0.95461,0.94576,0.93869,0.93309,0.92602,0.91717,0.90781,0.89895,0.89188,0.8868,0.88201,0.87693,0.87036,0.86379,0.85871,0.85443,0.85215,0.85164,0.85164,0.85164,0.85164,0.85164,0.85164,0.85215,0.85443,0.85871,0.86328,0.86756,0.87036,0.87367,0.87972,0.88629,0.89137,0.89616,0.90073,0.90501,0.90781,0.9106,0.91488,0.91945,0.92373,0.92602,0.92653,0.92704,0.92932,0.93309,0.93538,0.93589,0.93589,0.93589,0.93589,0.93589,0.93589,0.93589,0.93538,0.93309,0.92881,0.92373,0.91717,0.9106,0.90552,0.90073,0.89616,0.89188,0.88908,0.88629,0.88201,0.87744,0.87265,0.86807,0.86379,0.86151,0.861,0.861,0.861,0.861,0.861,0.861,0.861,0.86049,0.8582,0.85443,0.85215,0.85164,0.85164,0.85164,0.85164,0.85164,0.85164,0.85164,0.85164,0.85164,0.85164,0.85215,0.85443,0.85871,0.86328,0.86807,0.87316,0.87972,0.88629,0.89188,0.89895,0.90832,0.91996,0.93258,0.94246,0.95084,0.96169,0.97232,0.9799,0.98549,0.99206,0.99862,1.0037,1.008,1.0108,1.0136,1.0179,1.0224,1.0272,1.0318,1.0366,1.0412,1.0454,1.0477,1.0482,1.0482,1.0487,1.051,1.0548,1.0571,1.0576,1.0581,1.0604,1.0642,1.0659,1.0642,1.0604,1.0576,1.0548,1.051,1.0482,1.0454,1.0412,1.0366,1.0318,1.0272,1.0224,1.0173,1.0108,1.0047,1.0014,0.99811,0.99206,0.98549,0.98041,0.97613,0.97385,0.97283,0.97054,0.96626,0.96169,0.95741,0.95461,0.95182,0.94805,0.94576,0.94474,0.94246,0.93869,0.9364,0.93538,0.93309,0.92932,0.92704,0.92602,0.92373,0.91996,0.91768,0.91717,0.91717,0.91717,0.91768,0.91996,0.92424,0.92881,0.93309,0.93538,0.9364,0.93869,0.94246,0.94525,0.94805,0.95182,0.95461,0.95792,0.96397,0.97003,0.97334,0.97613,0.9799,0.9827,0.98549,0.98977,0.99434,0.99913,1.0037,1.0085,1.0136,1.0201,1.0262,1.0295,1.0323,1.0366,1.0417,1.0487,1.0581,1.0692,1.0801,1.0885,1.0978,1.1087,1.1188,1.1302,1.1413,1.1512,1.1606,1.1694,1.1765,1.1816,1.1864,1.1909,1.1957,1.2008,1.2074,1.2139,1.2195,1.2261,1.2327,1.2383,1.2453,1.2537,1.2602,1.2635,1.2663,1.2701,1.2729,1.2757,1.28,1.2845,1.2888

Intensity : 501.0636,501.383,498.9415,492.1601,484.8144,479.1884,472.5867,466.3294,463.7266,460.6022,457.8808,456.4392,454.8161,452.8195,449.2087,444.6673,441.0835,439.1539,438.1215,436.7182,435.0785,432.2105,428.6904,425.8944,424.3492,422.3495,420.3561,419.2573,417.6145,415.5027,413.8839,413.2067,412.5951,413.1679,412.9048,412.25,412.023,412.5766,412.3823,411.5885,410.1352,408.7589,408.0173,407.7586,405.8398,402.9718,400.5938,398.8055,398.6132,399.3644,399.4226,399.3664,399.7052,400.4638,395.947,392.0079,389.6474,388.4693,387.6,386.7307,385.8614,384.9921,384.1228,383.366,383.3477,384.5064,386.1765,388.0173,388.9088,389.97,392.7527,395.9866,398.2204,400.1143,401.8391,402.9909,402.9234,403.1208,404.4509,405.9288,407.1209,406.7809,405.1097,403.4243,402.9577,403.4661,402.886,401.0536,398.8705,397.189,399.4478,401.7066,403.9653,406.2241,408.1749,409.0744,408.9463,408.8403,408.3074,407.6047,407.8645,408.6445,409.2163,409.4727,408.2654,407.0775,405.5574,403.9907,402.3954,400.8749,399.447,398.5119,398.0046,397.6172,397.2297,396.8423,396.4548,396.0674,395.4047,394.0883,392.5414,390.7784,389.0549,387.6308,386.3131,384.9955,383.6778,382.3602,381.0425,379.7249,378.4072,375.2462,371.9236,368.9552,367.2149,366.8788,366.7552,366.7912,367.0398,368.3326,369.6318,370.0806,370.9536,372.5627,375.0645,377.8528,379.5936,380.1521,381.168,383.2576,385.945,387.9603,390.3613,392.788,394.7091,396.3723,397.5298,398.7131,400.4662,402.3572,404.3584,406.3109,408.3737,410.3878,412.3254,413.5592,414.1506,414.5535,415.0767,415.7035,417.103,417.9133,417.9105,417.9384,418.9714,420.8937,421.7818,420.7017,418.4469,416.6592,414.8039,412.3223,410.3247,410.291,409.8852,409.1016,408.2478,408.3399,408.7436,408.3075,406.1377,404.8278,406.0649,407.4272,406.6859,405.4138,405.1071,404.834,405.0915,406.2015,405.9201,403.6154,400.9864,399.2326,398.9149,398.5681,397.4147,397.4161,398.4135,398.3684,397.0899,396.9882,397.9012,397.4913,395.8591,395.3713,395.8648,395.3563,393.6686,393.1349,393.9946,395.2565,396.5184,398.0515,400.5358,404.1663,408.2166,409.9522,408.2777,405.9073,404.9292,405.3572,404.7809,404.1562,404.4222,403.5086,402.3702,403.6777,405.7403,405.2378,403.4123,401.4833,398.8117,396.5747,395.7998,395.2939,395.0104,395.1574,395.9103,396.411,397.685,398.9591,398.2495,397.2141,397.5358,398.492,401.1034,404.6677,407.7741,410.3992,412.1373,415.1073,418.2655,420.2048,422.5921,424.834,426.3192,427.491,428.3508,430.7488,435.5954,440.1583,444.2105,448.077,452.1133,457.7816,463.5368,468.2959,473.9449,479.5182,483.0193,487.8977,494.0099,498.3911,499.7057,500.906,503.3742,504.5745,505.3919,507.5449,513.7999,520.4034

Time pixel : 1.51353,1.57028,1.62703,1.65802,1.68901,1.74575,1.80728,1.85492,1.8998,1.94743,2.00896,2.07049,2.11812,2.15823,2.18443,2.21542,2.27695,2.35513,2.42144,2.46907,2.51395,2.5568,2.60169,2.64454,2.68464,2.71085,2.73705,2.77716,2.82001,2.8649,2.90775,2.95263,2.99548,3.04037,3.08322,3.1281,3.17095,3.21584,3.25869,3.30357,3.34643,3.39131,3.43416,3.47427,3.50047,3.52668,3.56678,3.61441,3.67594,3.73747,3.7851,3.83477,3.90861,4.03645,4.19758,4.34684,4.46079,4.5533,4.64104,4.72877,4.81651,4.90425,4.99198,5.0845,5.19366,5.31194,5.39967,5.45687,5.52318,5.60135,5.66766,5.72007,5.78638,5.86934,5.95708,6.04481,6.12777,6.19408,6.24171,6.28659,6.33422,6.40054,6.48349,6.56645,6.63276,6.68517,6.75148,6.83443,6.92217,7.00991,7.09764,7.18538,7.27311,7.36085,7.4438,7.51011,7.56253,7.62406,7.68559,7.738,7.80431,7.88248,7.94879,8.00121,8.06274,8.12427,8.1719,8.21678,8.25963,8.30452,8.35215,8.41846,8.50142,8.58915,8.67689,8.76462,8.85236,8.94009,9.02783,9.11079,9.1771,9.22951,9.29582,9.37877,9.46651,9.55425,9.64198,9.72972,9.81745,9.90519,9.99292,10.0807,10.1684,10.2514,10.3177,10.3653,10.4102,10.453,10.4931,10.5193,10.5455,10.5857,10.6285,10.6734,10.7162,10.7611,10.8088,10.8751,10.9532,11.0195,11.0672,11.1073,11.1335,11.1597,11.1998,11.2474,11.309,11.3705,11.4181,11.463,11.5059,11.5507,11.5936,11.6385,11.6861,11.7524,11.8354,11.9231,12.0108,12.0986,12.1863,12.2741,12.3618,12.4447,12.5111,12.5635,12.625,12.6865,12.7389,12.8005,12.862,12.9144,12.9759,13.0375,13.0851,13.13,13.1776,13.2439,13.3221,13.3884,13.4408,13.5071,13.5901,13.6778,13.7656,13.8533,13.941,14.0288,14.1165,14.1995,14.2658,14.3134,14.3583,14.4059,14.4675,14.529,14.5814,14.6477,14.7259,14.7922,14.8446,14.9109,14.9891,15.0554,15.1078,15.1741,15.2523,15.3186,15.371,15.4373,15.5203,15.608,15.6958,15.7787,15.845,15.8974,15.9637,16.0467,16.1344,16.2174,16.2837,16.3361,16.3976,16.4592,16.5116,16.5779,16.6561,16.7224,16.7748,16.8411,16.9288,17.038,17.1611,17.2702,17.3627,17.4505,17.5334,17.5997,17.6521,17.7137,17.7752,17.8276,17.8892,17.9507,17.9983,18.0384,18.0646,18.0956,18.1571,18.2353,18.3016,18.354,18.4203,18.5033,18.591,18.6788,18.7665,18.8542,18.942,19.0249,19.0912,19.1484,19.241,19.3807,19.5251,19.6391,19.7316,19.8193,19.9071,19.9948,20.0825,20.1703,20.258,20.3458,20.4287,20.495,20.5474,20.6137,20.6967,20.7844,20.8674,20.9289

Position pixel : 11.3156,11.3108,11.2846,11.2278,11.1663,11.1139,11.0524,10.9908,10.9384,10.8769,10.8154,10.7677,10.7228,10.6752,10.6089,10.5259,10.443,10.3767,10.329,10.2842,10.2365,10.1702,10.092,10.0257,9.97332,9.91179,9.85026,9.79785,9.73154,9.65337,9.58705,9.53942,9.49454,9.44691,9.3806,9.30242,9.23611,9.1837,9.11739,9.03443,8.9467,8.86374,8.79743,8.74502,8.67871,8.59575,8.50802,8.42506,8.35875,8.31112,8.26624,8.21861,8.15708,8.09555,8.04791,8.00781,7.98638,7.9816,7.9816,7.9816,7.9816,7.9816,7.9816,7.98638,8.00781,8.04791,8.09076,8.13087,8.15708,8.18806,8.24481,8.30634,8.35397,8.39886,8.44171,8.48181,8.50802,8.53422,8.57433,8.61718,8.65728,8.67871,8.68349,8.68827,8.7097,8.74502,8.76645,8.77123,8.77123,8.77123,8.77123,8.77123,8.77123,8.77123,8.76645,8.74502,8.70492,8.65728,8.59575,8.53422,8.48659,8.44171,8.39886,8.35875,8.33255,8.30634,8.26624,8.22339,8.1785,8.13565,8.09555,8.07412,8.06934,8.06934,8.06934,8.06934,8.06934,8.06934,8.06934,8.06456,8.04313,8.00781,7.98638,7.9816,7.9816,7.9816,7.9816,7.9816,7.9816,7.9816,7.9816,7.9816,7.9816,7.98638,8.00781,8.04791,8.09076,8.13565,8.18328,8.24481,8.30634,8.35875,8.42506,8.5128,8.62196,8.74024,8.83276,8.91137,9.01301,9.11261,9.1837,9.23611,9.29764,9.35917,9.4068,9.44691,9.47311,9.49932,9.53942,9.58227,9.62716,9.67001,9.7149,9.75775,9.79785,9.81928,9.82406,9.82406,9.82884,9.85026,9.88559,9.90701,9.91179,9.91657,9.938,9.97332,9.98997,9.97332,9.938,9.91179,9.88559,9.85026,9.82406,9.79785,9.75775,9.7149,9.67001,9.62716,9.58227,9.53464,9.47311,9.41636,9.38538,9.35439,9.29764,9.23611,9.18848,9.14838,9.12695,9.11739,9.09596,9.05586,9.01301,8.9729,8.9467,8.92049,8.88517,8.86374,8.85418,8.83276,8.79743,8.77601,8.76645,8.74502,8.7097,8.68827,8.67871,8.65728,8.62196,8.60054,8.59575,8.59575,8.59575,8.60054,8.62196,8.66207,8.70492,8.74502,8.76645,8.77601,8.79743,8.83276,8.85896,8.88517,8.92049,8.9467,8.97768,9.03443,9.09118,9.12217,9.14838,9.1837,9.20991,9.23611,9.27622,9.31907,9.36395,9.4068,9.45169,9.49932,9.56085,9.6176,9.64858,9.67479,9.7149,9.76253,9.82884,9.91657,10.021,10.1226,10.2012,10.2889,10.3906,10.4858,10.5923,10.6966,10.7892,10.8769,10.9598,11.0262,11.0738,11.1187,11.1615,11.2064,11.254,11.3156,11.3771,11.4295,11.491,11.5526,11.605,11.6713,11.7495,11.811,11.842,11.8682,11.9035,11.9297,11.9559,11.996,12.0389,12.079

Brightness max : 1009.07
Brightness min : 237.00
Feature direction : Ambiguous
Feature speed : Slow
Feature type : Curve
Start frame : 1
End frame : 94
Start time (s) : 0.000
End time (s) : 94.000
Time step (s) : 1.011

Feature number : 2

Time (s) : 44.8004,44.8506,44.9469,45.107,45.2795,45.4429,45.6078,45.7398,45.8381,45.9268,46.0106,46.0777,46.1306,46.1928,46.255,46.3128,46.4015,46.5211,46.6314,46.7249,46.8136,46.9023,46.9909,47.0796,47.1683,47.257,47.3457,47.4392,47.5495,47.6739,47.7842,47.8777,47.9664,48.0551,48.1438,48.2325,48.3211,48.4098,48.4985,48.5872,48.6758,48.7645,48.858,48.9684,49.0928,49.2031,49.2966,49.3853,49.474,49.5626,49.6562,49.7713,49.9222,50.0995,50.2986,50.5068,50.6793,50.7993,50.8928,50.9815,51.0702,51.1637,51.274,51.3984,51.5088,51.6023,51.6909,51.7796,51.8683,51.957,52.0457,52.1343,52.223,52.3117,52.4004,52.4891,52.5777,52.6616,52.7286,52.7816,52.8486,52.9373,53.0476,53.172,53.2872,53.4023,53.5267,53.6371,53.7306,53.8192,53.9031,53.9749,54.0544,54.1788,54.32,54.4352,54.5287,54.6174,54.7109,54.8212,54.9456,55.0559,55.1494,55.2381,55.3268,55.4155,55.509,55.6241,55.775,55.9427,56.0936,56.2088,56.3023,56.3909,56.4796,56.5683,56.657,56.7457,56.8343,56.923,57.0117,57.1004,57.1891,57.2777,57.3664,57.4551,57.5438,57.6325,57.7211,57.8098,57.9033,58.0137,58.1429,58.2749,58.4041,58.5144,58.6079,58.6966,58.7853,58.874,58.9675,59.0778,59.207,59.339,59.4682,59.5786,59.6721,59.7559,59.8229,59.8759,59.9429,60.0268,60.1155,60.209,60.3241,60.4702,60.6162,60.7314,60.8249,60.9136,61.0071,61.1174,61.2418,61.3521,61.4457,61.5343,61.623,61.7117,61.8004,61.8891,61.9777,62.0664,62.1551,62.2438,62.3325,62.4163,62.4882,62.5676,62.692,62.8332,62.9484,63.0371,63.1089,63.1835,63.2911,63.4183,63.5523,63.6843,63.8135,63.9238,64.0174,64.106,64.1947,64.2834,64.3721,64.4608,64.5494,64.6429,64.7533,64.8777,64.988,65.0815,65.1702,65.2589,65.3475,65.4314,65.4936,65.5201

Position (um) : 1.2349,1.2327,1.2284,1.2238,1.219,1.2139,1.2074,1.2013,1.1985,1.198,1.1975,1.1952,1.1914,1.1886,1.1859,1.1821,1.1798,1.1793,1.1793,1.1793,1.1788,1.1765,1.1727,1.1699,1.1671,1.1634,1.1611,1.1601,1.1578,1.154,1.1512,1.1484,1.1446,1.1418,1.139,1.1353,1.133,1.1325,1.1325,1.1325,1.1325,1.1325,1.1325,1.1325,1.1325,1.1325,1.1325,1.1325,1.1325,1.1325,1.1325,1.1325,1.1325,1.1325,1.1325,1.133,1.1353,1.139,1.1413,1.1418,1.1418,1.1424,1.1446,1.1484,1.1507,1.1512,1.1512,1.1512,1.1512,1.1512,1.1512,1.1512,1.1507,1.1484,1.1441,1.1396,1.1353,1.1325,1.1297,1.1254,1.1208,1.116,1.1115,1.1072,1.1044,1.1011,1.095,1.089,1.0862,1.0857,1.0852,1.0829,1.0791,1.0768,1.0763,1.0763,1.0763,1.0763,1.0763,1.0763,1.0763,1.0763,1.0763,1.0763,1.0763,1.0763,1.0763,1.0763,1.0768,1.0796,1.0857,1.0922,1.0973,1.1021,1.1072,1.1138,1.1203,1.1254,1.1302,1.1348,1.139,1.1413,1.1418,1.1424,1.1446,1.1484,1.1507,1.1517,1.154,1.1578,1.1606,1.1634,1.1676,1.1722,1.1765,1.1788,1.1793,1.1793,1.1793,1.1793,1.1793,1.1793,1.1788,1.1765,1.1727,1.1704,1.1699,1.1694,1.1671,1.1634,1.1611,1.1601,1.1578,1.154,1.1512,1.1484,1.1441,1.139,1.1325,1.1264,1.1231,1.1203,1.1166,1.1143,1.1132,1.111,1.1072,1.1049,1.1044,1.1044,1.1044,1.1049,1.1072,1.111,1.1132,1.1143,1.1176,1.1259,1.1362,1.1436,1.1484,1.1512,1.1545,1.1606,1.1671,1.1727,1.1798,1.1886,1.198,1.2074,1.2167,1.2261,1.2349,1.242,1.2471,1.2514,1.2542,1.257,1.2607,1.2635,1.2663,1.2701,1.2724,1.2729,1.2729,1.2734,1.2757,1.2795

Intensity : 446.3688,444.4407,440.8477,437.799,434.6301,430.9407,426.7356,422.696,421.6959,423.1847,424.556,423.3904,420.0968,418.1775,416.2453,413.02,412.2881,414.7081,418.471,421.6602,424.0495,424.207,422.9032,423.5764,424.1806,423.8923,424.7846,426.8766,427.6124,426.1135,425.2602,424.1555,422.1141,420.9286,419.7386,417.6802,416.9334,417.7623,419.0445,419.2676,419.2277,419.1878,419.1457,419.0961,419.0401,418.9905,418.9484,418.9085,418.8686,418.4452,417.4002,416.1131,414.427,412.4449,410.2208,408.2963,409.6102,412.4587,414.1659,414.4797,414.392,414.701,416.3916,419.2358,420.9263,422.3827,424.1833,425.984,427.7847,429.5854,431.3861,433.1868,434.5636,434.4484,432.6276,430.5089,428.4709,427.1532,425.5894,422.5348,419.3581,416.1952,413.4048,410.9555,409.6747,407.8791,403.5793,399.5125,398.4399,399.414,400.3015,399.2784,396.9135,396.6478,398.3539,400.1525,401.6129,402.5081,402.7211,402.9724,403.2556,403.5069,403.7199,403.9218,404.1238,404.3258,404.5387,404.2121,402.3122,402.2004,405.1779,409.0465,411.8681,414.4362,417.176,421.0878,424.3492,425.9365,427.1994,428.2069,428.9032,427.9401,425.538,423.1275,422.0808,422.1301,420.996,419.0578,418.7065,419.4866,419.4363,419.0129,419.3069,419.7934,421.2748,421.4653,419.9527,419.8481,420.1531,420.4581,420.7797,421.1592,421.0289,418.9411,415.5888,414.2684,414.5182,415.0633,414.0824,411.844,410.9074,411.1305,410.4887,408.847,408.224,408.0294,406.8426,403.2608,398.3873,394.0269,391.5995,389.5475,386.9445,385.3835,384.6612,383.2245,380.9862,379.0648,377.82,376.8631,375.9062,375.2137,375.4097,376.2878,376.3615,375.8429,376.5084,379.2965,381.9069,381.6928,380.8474,379.7568,379.2398,379.6507,379.264,377.8301,378.051,379.6169,383.7484,388.0501,392.5059,396.9955,401.1759,404.3197,406.3065,407.8242,408.4851,409.0899,410.3639,411.2064,412.1405,413.7417,414.524,414.2853,413.7527,413.5443,414.4951,416.5206

Time pixel : 44.3238,44.3735,44.4688,44.6272,44.7979,44.9594,45.1226,45.2532,45.3505,45.4382,45.5212,45.5875,45.6399,45.7014,45.7629,45.8201,45.9079,46.0262,46.1353,46.2278,46.3156,46.4033,46.491,46.5788,46.6665,46.7542,46.842,46.9345,47.0437,47.1667,47.2759,47.3684,47.4561,47.5439,47.6316,47.7193,47.8071,47.8948,47.9825,48.0703,48.158,48.2458,48.3383,48.4474,48.5705,48.6797,48.7722,48.8599,48.9476,49.0354,49.1279,49.2418,49.3911,49.5666,49.7635,49.9695,50.1402,50.2589,50.3514,50.4392,50.5269,50.6194,50.7286,50.8516,50.9608,51.0533,51.141,51.2288,51.3165,51.4042,51.492,51.5797,51.6675,51.7552,51.8429,51.9307,52.0184,52.1014,52.1677,52.2201,52.2864,52.3741,52.4833,52.6063,52.7203,52.8342,52.9573,53.0664,53.159,53.2467,53.3297,53.4007,53.4794,53.6024,53.7421,53.8561,53.9486,54.0363,54.1288,54.238,54.3611,54.4702,54.5627,54.6505,54.7382,54.8259,54.9185,55.0324,55.1817,55.3476,55.4968,55.6108,55.7033,55.791,55.8788,55.9665,56.0542,56.142,56.2297,56.3175,56.4052,56.4929,56.5807,56.6684,56.7561,56.8439,56.9316,57.0193,57.1071,57.1948,57.2873,57.3965,57.5243,57.6549,57.7828,57.8919,57.9844,58.0722,58.1599,58.2476,58.3402,58.4493,58.5772,58.7077,58.8356,58.9447,59.0373,59.1202,59.1865,59.2389,59.3053,59.3882,59.4759,59.5685,59.6824,59.8269,59.9714,60.0853,60.1778,60.2656,60.3581,60.4672,60.5903,60.6995,60.792,60.8797,60.9675,61.0552,61.1429,61.2307,61.3184,61.4061,61.4939,61.5816,61.6693,61.7523,61.8234,61.902,62.0251,62.1648,62.2787,62.3664,62.4375,62.5114,62.6178,62.7436,62.8762,63.0068,63.1346,63.2438,63.3363,63.4241,63.5118,63.5995,63.6873,63.775,63.8627,63.9553,64.0644,64.1875,64.2966,64.3892,64.4769,64.5646,64.6524,64.7353,64.7968,64.823

Position pixel : 11.574,11.5526,11.5125,11.4696,11.4247,11.3771,11.3156,11.2588,11.2326,11.2278,11.223,11.2016,11.1663,11.1401,11.1139,11.0786,11.0571,11.0524,11.0524,11.0524,11.0476,11.0262,10.9908,10.9646,10.9384,10.9031,10.8817,10.8721,10.8507,10.8154,10.7892,10.7629,10.7276,10.7014,10.6752,10.6399,10.6185,10.6137,10.6137,10.6137,10.6137,10.6137,10.6137,10.6137,10.6137,10.6137,10.6137,10.6137,10.6137,10.6137,10.6137,10.6137,10.6137,10.6137,10.6137,10.6185,10.6399,10.6752,10.6966,10.7014,10.7014,10.7062,10.7276,10.7629,10.7844,10.7892,10.7892,10.7892,10.7892,10.7892,10.7892,10.7892,10.7844,10.7629,10.7228,10.68,10.6399,10.6137,10.5875,10.5474,10.5045,10.4596,10.4168,10.3767,10.3505,10.3195,10.2627,10.206,10.1798,10.175,10.1702,10.1488,10.1135,10.092,10.0873,10.0873,10.0873,10.0873,10.0873,10.0873,10.0873,10.0873,10.0873,10.0873,10.0873,10.0873,10.0873,10.0873,10.092,10.1183,10.175,10.2365,10.2842,10.329,10.3767,10.4382,10.4997,10.5474,10.5923,10.6351,10.6752,10.6966,10.7014,10.7062,10.7276,10.7629,10.7844,10.7939,10.8154,10.8507,10.8769,10.9031,10.9432,10.986,11.0262,11.0476,11.0524,11.0524,11.0524,11.0524,11.0524,11.0524,11.0476,11.0262,10.9908,10.9694,10.9646,10.9598,10.9384,10.9031,10.8817,10.8721,10.8507,10.8154,10.7892,10.7629,10.7228,10.6752,10.6137,10.5569,10.5259,10.4997,10.4644,10.443,10.4334,10.412,10.3767,10.3553,10.3505,10.3505,10.3505,10.3553,10.3767,10.412,10.4334,10.443,10.474,10.5521,10.649,10.7181,10.7629,10.7892,10.8201,10.8769,10.9384,10.9908,11.0571,11.1401,11.2278,11.3156,11.4033,11.491,11.574,11.6403,11.6879,11.728,11.7542,11.7805,11.8158,11.842,11.8682,11.9035,11.9249,11.9297,11.9297,11.9345,11.9559,11.9912

Brightness max : 1009.07
Brightness min : 237.00
Feature direction : Ambiguous
Feature speed : Slow
Feature type : Curve
Start frame : 1
End frame : 94
Start time (s) : 0.000
End time (s) : 94.000
Time step (s) : 1.011

Feature number : 3

Time (s) : 79.0355,79.0977,79.1767,79.2437,79.2967,79.3637,79.4524,79.5579,79.6606,79.7352,79.8071,79.8909,79.9796,80.0635,80.1305,80.1835,80.2457,80.3078,80.3608,80.4278,80.5117,80.6004,80.6891,80.7777,80.8664,80.9551,81.0438,81.1325,81.2211,81.3098,81.3985,81.4872,81.5758,81.6645,81.7532,81.8419,81.9306,82.0144,82.0814,82.1344,82.2014,82.2853,82.374,82.4626,82.5513,82.64,82.7287,82.8174,82.906,82.9947,83.0834,83.1721,83.2608,83.3494,83.4381,83.522,83.5842,83.6155,83.642,83.6825,83.7258,83.7712,83.8145,83.8647,83.9345,84.042,84.1644,84.2719,84.3466,84.4184,84.5023,84.5909,84.6748,84.737

Position (um) : 1.2635,1.2635,1.263,1.2607,1.257,1.2547,1.2537,1.2509,1.2448,1.2383,1.2327,1.2256,1.2167,1.2074,1.198,1.1892,1.1821,1.177,1.1727,1.1704,1.1694,1.1671,1.1634,1.1606,1.1578,1.154,1.1517,1.1507,1.1484,1.1446,1.1424,1.1418,1.1418,1.1418,1.1413,1.139,1.1353,1.1325,1.1297,1.1259,1.1236,1.1231,1.1231,1.1231,1.1231,1.1231,1.1231,1.1231,1.1231,1.1231,1.1231,1.1236,1.1259,1.1302,1.1348,1.1396,1.1446,1.1512,1.1578,1.1628,1.1676,1.1727,1.1798,1.1881,1.1957,1.2036,1.2144,1.2251,1.2327,1.2377,1.2425,1.2476,1.2542,1.2602

Intensity : 458.3294,459.22,459.797,458.2767,454.9545,453.4532,453.6436,452.1733,447.1793,441.2516,436.3496,430.3139,422.7077,414.4095,405.7235,397.2684,390.8883,386.6387,383.5082,383.3945,384.3896,384.6585,383.9446,383.8203,383.6222,382.2187,381.7919,382.1961,381.7757,380.3924,379.9807,380.7277,381.8067,382.8857,383.6343,383.2348,380.1639,376.9989,374.1442,370.9361,368.4618,366.8408,365.4605,364.0801,362.6997,361.3193,359.9389,358.5585,357.1806,355.8093,354.438,353.3467,353.2187,354.1494,355.2021,356.4112,358.0945,361.0474,364.0637,366.041,367.7971,369.6502,375.4061,382.7177,388.6651,393.7731,401.2936,408.8359,414.1973,417.179,419.5228,421.9691,425.8912,429.8718

Time pixel : 78.1947,78.2562,78.3344,78.4007,78.4531,78.5194,78.6071,78.7115,78.8132,78.887,78.9581,79.041,79.1288,79.2117,79.278,79.3305,79.392,79.4535,79.5059,79.5722,79.6552,79.7429,79.8307,79.9184,80.0061,80.0939,80.1816,80.2693,80.3571,80.4448,80.5325,80.6203,80.708,80.7958,80.8835,80.9712,81.059,81.1419,81.2082,81.2606,81.327,81.4099,81.4976,81.5854,81.6731,81.7608,81.8486,81.9363,82.0241,82.1118,82.1995,82.2873,82.375,82.4627,82.5505,82.6334,82.695,82.7259,82.7521,82.7923,82.8351,82.88,82.9228,82.9725,83.0416,83.148,83.269,83.3754,83.4493,83.5203,83.6033,83.691,83.774,83.8355

Position pixel : 11.842,11.842,11.8372,11.8158,11.7805,11.759,11.7495,11.7233,11.6665,11.605,11.5526,11.4863,11.4033,11.3156,11.2278,11.1449,11.0786,11.0309,10.9908,10.9694,10.9598,10.9384,10.9031,10.8769,10.8507,10.8154,10.7939,10.7844,10.7629,10.7276,10.7062,10.7014,10.7014,10.7014,10.6966,10.6752,10.6399,10.6137,10.5875,10.5521,10.5307,10.5259,10.5259,10.5259,10.5259,10.5259,10.5259,10.5259,10.5259,10.5259,10.5259,10.5307,10.5521,10.5923,10.6351,10.68,10.7276,10.7892,10.8507,10.8983,10.9432,10.9908,11.0571,11.1353,11.2064,11.2802,11.3819,11.4815,11.5526,11.6002,11.6451,11.6927,11.7542,11.811

Brightness max : 1009.07
Brightness min : 237.00
Feature direction : Ambiguous
Feature speed : Slow
Feature type : Curve
Start frame : 1
End frame : 94
Start time (s) : 0.000
End time (s) : 94.000
Time step (s) : 1.011

