KYMOANALYSIS DATA

General Information :

Tiff path : E:\Google Drive\microtubule dynamics and cut7\19-15 screens and tests\gtb1-K5A\19-11-13(gtb1-K5A, cut11-7, cut73-GFP and MTs)\
Spindle type : Monopolar
Start frame : 1
End frame : 98
Start time (s) : 0.000
End time (s) : 98.000
Time step (s) : 1.010
Num poles : 1
Num tracks : 2
Num tracks poleward : 0
Num tracks antipoleward : 0
Num tracks ambiguous : 2
Comments : {

}
Poles Information :


Pole number : 1

Time (s) : 1.01031,2.03066,3.05101,4.07136,5.09172,6.11207,7.13242,8.15277,9.17312,10.1935,11.2138,12.2342,13.2545,14.2749,15.2952,16.3156,17.3359,18.3563,19.3766,20.397,21.4173,22.4377,23.458,24.4784,25.4988,26.5191,27.5395,28.5598,29.5802,30.6005,31.6209,32.6412,33.6616,34.6819,35.7023,36.7226,37.743,38.7633,39.7837,40.804,41.8244,42.8447,43.8651,44.8854,45.9058,46.9261,47.9465,48.9668,49.9872,51.0075,52.0279,53.0483,54.0686,55.089,56.1093,57.1297,58.15,59.1704,60.1907,61.2111,62.2314,63.2518,64.2721,65.2925,66.3128,67.3332,68.3535,69.3739,70.3942,71.4146,72.4349,73.4553,74.4756,75.496,76.5163,77.5367,78.557,79.5774,80.5978,81.6181,82.6385,83.6588,84.6792,85.6995,86.7199,87.7402,88.7606,89.7809,90.8013,91.8216,92.842,93.8623,94.8827,95.903,96.9234,97.9437,98.9641

Position (um) : 1.1531,1.1525,1.1519,1.1513,1.1507,1.1501,1.1495,1.1488,1.1482,1.1476,1.147,1.1464,1.1458,1.1452,1.1446,1.144,1.1434,1.1427,1.1421,1.1415,1.1409,1.1403,1.1397,1.1391,1.1385,1.1379,1.1372,1.1366,1.136,1.1354,1.1348,1.1342,1.1336,1.133,1.1324,1.1318,1.1311,1.1305,1.1299,1.1293,1.1287,1.1281,1.1275,1.1269,1.1263,1.1257,1.125,1.1244,1.1238,1.1232,1.1226,1.122,1.1214,1.1208,1.1202,1.1196,1.1189,1.1183,1.1177,1.1171,1.1165,1.1159,1.1153,1.1147,1.1141,1.1134,1.1128,1.1122,1.1116,1.111,1.1104,1.1098,1.1092,1.1086,1.108,1.1073,1.1067,1.1061,1.1055,1.1049,1.1043,1.1037,1.1031,1.1025,1.1019,1.1012,1.1006,1.1,1.0994,1.0988,1.0982,1.0976,1.097,1.0964,1.0958,1.0951,1.0945

Intensity : 1733.7783,1653.4486,1584.3904,1538.3632,1520.2091,1479.4561,1440.262,1469.95,1522.3667,1583.5754,1638.9915,1709.4259,1688.3392,1605.4668,1498.8929,1481.373,1462.2354,1434.8674,1400.1496,1403.4123,1437.3031,1505.0712,1534.304,1542.3387,1495.0925,1450.3874,1405.4085,1384.7077,1355.3428,1331.0394,1298.488,1323.2097,1373.7539,1399.4494,1389.7285,1345.5928,1353.4591,1398.018,1458.4831,1492.2138,1519.9763,1554.0472,1587.6195,1608.6429,1635.7652,1635.3301,1607.7389,1553.8267,1507.4669,1451.5142,1382.3845,1322.6297,1294.9265,1303.4958,1338.412,1367.067,1378.6967,1388.7958,1397.2706,1385.9807,1355.8943,1302.8964,1266.0316,1246.1641,1261.7494,1308.5837,1370.4303,1425.7112,1472.0462,1498.5846,1526.0008,1516.5641,1492.0599,1425.8688,1363.7148,1286.4824,1253.0637,1226.4655,1214.3161,1187.1779,1166.0622,1158.5124,1137.8629,1119.7144,1114.4471,1146.3608,1156.1669,1152.0381,1128.1645,1127.2773,1129.604,1132.9421,1151.8375,1155.8505,1143.3263,1182.66,1231.6882

Time pixel : 1,2.00994,3.01988,4.02982,5.03976,6.0497,7.05964,8.06958,9.07952,10.0895,11.0994,12.1093,13.1193,14.1292,15.1392,16.1491,17.159,18.169,19.1789,20.1889,21.1988,22.2087,23.2187,24.2286,25.2386,26.2485,27.2584,28.2684,29.2783,30.2883,31.2982,32.3081,33.3181,34.328,35.338,36.3479,37.3578,38.3678,39.3777,40.3877,41.3976,42.4075,43.4175,44.4274,45.4374,46.4473,47.4572,48.4672,49.4771,50.4871,51.497,52.5069,53.5169,54.5268,55.5368,56.5467,57.5566,58.5666,59.5765,60.5865,61.5964,62.6063,63.6163,64.6262,65.6362,66.6461,67.656,68.666,69.6759,70.6859,71.6958,72.7057,73.7157,74.7256,75.7356,76.7455,77.7554,78.7654,79.7753,80.7853,81.7952,82.8051,83.8151,84.825,85.835,86.8449,87.8548,88.8648,89.8747,90.8847,91.8946,92.9045,93.9145,94.9244,95.9344,96.9443,97.9542

Position pixel : 10.8071,10.8014,10.7956,10.7899,10.7842,10.7785,10.7728,10.767,10.7613,10.7556,10.7499,10.7442,10.7384,10.7327,10.727,10.7213,10.7156,10.7098,10.7041,10.6984,10.6927,10.687,10.6812,10.6755,10.6698,10.6641,10.6584,10.6527,10.6469,10.6412,10.6355,10.6298,10.6241,10.6183,10.6126,10.6069,10.6012,10.5955,10.5897,10.584,10.5783,10.5726,10.5669,10.5611,10.5554,10.5497,10.544,10.5383,10.5325,10.5268,10.5211,10.5154,10.5097,10.504,10.4982,10.4925,10.4868,10.4811,10.4754,10.4696,10.4639,10.4582,10.4525,10.4468,10.441,10.4353,10.4296,10.4239,10.4182,10.4124,10.4067,10.401,10.3953,10.3896,10.3838,10.3781,10.3724,10.3667,10.361,10.3552,10.3495,10.3438,10.3381,10.3324,10.3267,10.3209,10.3152,10.3095,10.3038,10.2981,10.2923,10.2866,10.2809,10.2752,10.2695,10.2637,10.258

Pole type : Line
Start frame : 1
End frame : 98
Start time (s) : 0.000
End time (s) : 98.000
Time step (s) : 1.010

Feature Information :


Feature number : 1

Time (s) : 1.39173,1.56946,1.83795,2.02071,2.10113,2.16597,2.23081,2.281,2.3283,2.37849,2.44837,2.53578,2.62823,2.71565,2.78552,2.83572,2.88302,2.93321,2.99805,3.06288,3.11308,3.16037,3.20553,3.25283,3.30302,3.37289,3.46031,3.54772,3.6176,3.66779,3.71509,3.76528,3.83012,3.89496,3.95019,4.02006,4.10748,4.19489,4.26477,4.32,4.38484,4.44968,4.50491,4.57478,4.6622,4.75465,4.85214,4.96213,5.06923,5.14704,5.22195,5.30937,5.40182,5.49427,5.58672,5.67918,5.77163,5.86408,5.9515,6.02137,6.0766,6.14648,6.23389,6.32635,6.4188,6.51125,6.60371,6.69616,6.78861,6.88106,6.96848,7.03835,7.09358,7.16346,7.25088,7.34333,7.43578,7.52823,7.62069,7.71314,7.80559,7.89805,7.9905,8.09303,8.23063,8.39753,8.54018,8.66528,8.79496,8.90999,9.00244,9.07232,9.12755,9.19742,9.2798,9.34968,9.39987,9.44717,9.49736,9.56723,9.65465,9.7471,9.83955,9.93201,10.0194,10.0893,10.1445,10.2094,10.2742,10.3294,10.3943,10.4591,10.5093,10.5516,10.5792,10.6068,10.6491,10.6992,10.7641,10.834,10.9118,11.0239,11.1565,11.2912,11.4062,11.4987,11.5685,11.6238,11.6936,11.7861,11.9062,12.0584,12.2107,12.3257,12.4006,12.4609,12.5533,12.678,12.793,12.8905,12.9779,13.0478,13.103,13.1729,13.2603,13.3528,13.4402,13.5101,13.5653,13.6352,13.7276,13.8477,13.9999,14.1522,14.2723,14.3748,14.4898,14.6195,14.7345,14.827,14.8968,14.9521,15.022,15.1094,15.2018,15.2943,15.3867,15.4792,15.5716,15.6641,15.7565,15.844,15.9138,15.9691,16.0389,16.1213,16.1912,16.2464,16.3163,16.3987,16.4685,16.5238,16.5936,16.6811,16.7735,16.866,16.9584,17.0509,17.1433,17.2307,17.3057,17.3885,17.5182,17.6654,17.7855,17.883,17.9754,18.0729,18.193,18.3503,18.5301,18.71,18.8673,18.9924,19.1125,19.2421,19.3572,19.4546,19.5471,19.6396,19.732,19.8245,19.922,20.037,20.1667,20.2817,20.3741,20.4491,20.5269,20.634,20.744,20.8414,20.9339,21.0263,21.1188,21.2113,21.3037,21.3962,21.4886,21.5861,21.7011,21.8358,21.9785,22.1358,22.288,22.4081,22.5056,22.598,22.6905,22.788,22.903,23.0377,23.1753,23.3151,23.4477,23.5648,23.6652,23.7824,23.915,24.0497,24.1647,24.2622,24.3546,24.4471,24.5396,24.632,24.7194,24.7893,24.8496,24.942,25.0667,25.1817,25.2792,25.3716,25.4641,25.5616,25.6766,25.8063,25.9213,26.0188,26.1163,26.2313,26.361,26.476,26.5735,26.666,26.7584,26.8509,26.9433,27.0358,27.1282,27.2207,27.3131,27.4056,27.498,27.5905,27.683,27.7754,27.8679,27.9553,28.0251,28.0804,28.1503,28.2326,28.3025,28.3527,28.4,28.4502,28.515,28.5799,28.6301,28.6774,28.7275,28.7974,28.8848,28.9773,29.0748,29.1898,29.3195,29.4295,29.5044,29.5546,29.6019,29.647,29.6943,29.7445,29.8144,29.9018,29.9943,30.0867,30.1792,30.2716,30.3641,30.4565,30.549,30.6414,30.7339,30.8213,30.8861,30.9188,30.9464,30.9887,31.0389,31.1037,31.1635,31.1962,31.2288,31.2886,31.3534,31.4087,31.4786,31.566,31.6584,31.7458,31.8157,31.8709,31.9358,32.0006,32.0558,32.1257,32.2131,32.3006,32.3704,32.4257,32.4955,32.583,32.6754,32.7679,32.8603,32.9477,33.0176,33.0728,33.1377,33.2025,33.2577,33.3276,33.415,33.5075,33.5949,33.6648,33.715,33.7623,33.8125,33.8773,33.9371,33.9697,33.9974,34.0346,34.0622,34.0948,34.1546,34.2195,34.2747,34.3396,34.4044,34.4596,34.5295,34.6169,34.7094,34.8018,34.8943,34.9867,35.0792,35.1666,35.2365,35.2867,35.339,35.4118,35.5138,35.6012,35.6615,35.7314,35.8188,35.9062,35.9711,35.9987,36.0138,36.0589,36.1384,36.2112,36.2811,36.3409,36.3735,36.4062,36.471,36.5534,36.6233,36.6735,36.7208,36.7659,36.8132,36.8634,36.9282,36.9931,37.0483,37.1182,37.2056,37.298,37.3905,37.483,37.5754,37.6679,37.7603,37.8528,37.9452,38.0326,38.0975,38.1301,38.1628,38.2226,38.2874,38.3376,38.3849,38.4301,38.4723,38.4999,38.5275,38.5648,38.5873,38.5974,38.62,38.6623,38.7074,38.7547,38.8049,38.8697,38.9295,38.9572,38.9622,38.9672,38.9898,39.0321,39.0823,39.1471,39.2119,39.2672,39.332,39.3918,39.4245,39.4521,39.4943,39.5395,39.5868,39.637,39.7018,39.7667,39.8168,39.8591,39.8867,39.9194,39.9792,40.039,40.0716,40.0992,40.1365,40.1641,40.1967,40.2616,40.344,40.4138,40.464,40.5063,40.5339,40.5615,40.5987,40.6213,40.6263

Position (um) : 1.8485,1.858,1.8743,1.8862,1.8923,1.8952,1.8981,1.9026,1.9073,1.9118,1.9147,1.9176,1.9216,1.9245,1.9274,1.9319,1.9366,1.9411,1.944,1.9469,1.9514,1.9562,1.9611,1.9659,1.9709,1.9757,1.9801,1.9831,1.986,1.9904,1.9952,1.9997,2.0026,2.0055,2.0094,2.0124,2.0153,2.0197,2.0245,2.029,2.0319,2.0348,2.0387,2.0416,2.0446,2.0485,2.0509,2.0519,2.0543,2.0583,2.0606,2.0612,2.0612,2.0617,2.0641,2.068,2.0704,2.0709,2.0715,2.0739,2.0778,2.0802,2.0807,2.0807,2.0807,2.0807,2.0807,2.0807,2.0807,2.0807,2.0812,2.0836,2.0875,2.0899,2.0905,2.0905,2.0905,2.0905,2.0905,2.0905,2.0905,2.0905,2.0905,2.0899,2.0875,2.0836,2.0812,2.0807,2.0802,2.0778,2.0733,2.0686,2.0641,2.0617,2.0606,2.0583,2.0538,2.049,2.0446,2.0416,2.0387,2.0348,2.0324,2.0319,2.0313,2.029,2.025,2.0221,2.0192,2.0153,2.0124,2.0094,2.005,1.9997,1.9928,1.986,1.9807,1.9762,1.9733,1.9704,1.9659,1.9606,1.9538,1.9475,1.9445,1.9435,1.9411,1.9372,1.9348,1.9342,1.9342,1.9342,1.9342,1.9348,1.9372,1.9416,1.9464,1.9514,1.9567,1.9635,1.9704,1.9757,1.9801,1.9831,1.986,1.9899,1.9928,1.9957,1.9997,2.0021,2.0031,2.0055,2.0094,2.0118,2.0124,2.0124,2.0124,2.0124,2.0124,2.0129,2.0153,2.0192,2.0216,2.0221,2.0221,2.0221,2.0221,2.0216,2.0192,2.0153,2.0129,2.0118,2.0094,2.0055,2.0031,2.0021,1.9997,1.9957,1.9934,1.9923,1.9899,1.986,1.9836,1.9831,1.9831,1.9831,1.9831,1.9831,1.9831,1.9825,1.9801,1.9762,1.9738,1.9733,1.9733,1.9733,1.9728,1.9704,1.9664,1.9641,1.9635,1.9635,1.9635,1.9635,1.9635,1.9635,1.9635,1.9635,1.9635,1.9635,1.9635,1.9635,1.9641,1.9664,1.9704,1.9728,1.9738,1.9762,1.9801,1.9825,1.9831,1.9831,1.9831,1.9831,1.9831,1.9831,1.9831,1.9831,1.9831,1.9831,1.9831,1.9831,1.9831,1.9831,1.9831,1.9831,1.9831,1.9831,1.9831,1.9831,1.9831,1.9836,1.986,1.9899,1.9928,1.9957,1.9997,2.0021,2.0026,2.0026,2.0031,2.0055,2.0094,2.0118,2.0124,2.0124,2.0129,2.0153,2.0192,2.0216,2.0221,2.0226,2.025,2.029,2.0313,2.0319,2.0319,2.0319,2.0319,2.0319,2.0319,2.0319,2.0319,2.0319,2.0319,2.0319,2.0319,2.0319,2.0319,2.0319,2.0319,2.0319,2.0319,2.0319,2.0319,2.0319,2.0319,2.0319,2.0319,2.0313,2.029,2.0245,2.0197,2.0147,2.01,2.005,2.0002,1.9952,1.9899,1.9831,1.9762,1.9709,1.9659,1.9606,1.9532,1.944,1.9337,1.9216,1.9079,1.8957,1.886,1.8786,1.8727,1.8654,1.8567,1.8498,1.8464,1.8434,1.8395,1.8371,1.8366,1.8366,1.8366,1.8366,1.8371,1.84,1.8464,1.8532,1.859,1.8659,1.8727,1.8786,1.886,1.8957,1.9079,1.921,1.9308,1.9372,1.9445,1.9538,1.9641,1.9762,1.9894,1.9991,2.005,2.0094,2.0124,2.0153,2.0192,2.0221,2.025,2.0295,2.0343,2.0387,2.0411,2.0416,2.0422,2.0446,2.0485,2.0514,2.0543,2.0583,2.0612,2.0641,2.068,2.0704,2.0709,2.0709,2.0704,2.068,2.0636,2.0583,2.0509,2.0416,2.0319,2.0226,2.0153,2.0094,2.0021,1.9928,1.9831,1.9738,1.967,1.9635,1.9606,1.9567,1.9543,1.9538,1.9538,1.9538,1.9538,1.9538,1.9538,1.9543,1.9567,1.9611,1.967,1.9767,1.9899,2.0021,2.0124,2.0221,2.0319,2.0416,2.0514,2.0612,2.0715,2.0836,2.0973,2.1089,2.1168,2.1227,2.1295,2.1364,2.1417,2.1467,2.1514,2.1564,2.1612,2.1662,2.171,2.1754,2.1783,2.1813,2.1852,2.1881,2.191,2.195,2.1973,2.1979,2.1979,2.1979,2.1979,2.1979,2.1979,2.1973,2.1944,2.1881,2.1813,2.1754,2.1675,2.1554,2.1393,2.1232,2.1105,2.1002,2.0899,2.0778,2.0641,2.0525,2.0446,2.0393,2.0343,2.0284,2.0192,2.0084,2.0002,1.9923,1.9831,1.9733,1.9635,1.9538,1.944,1.9332,1.9186,1.901,1.8865,1.8757,1.8659,1.8561,1.8464,1.8366,1.8274,1.8205,1.8165,1.8107,1.7999,1.7883,1.7785,1.7712,1.7653,1.7574,1.7463,1.735,1.7268,1.7194,1.7126,1.7067,1.6994,1.6901,1.6804,1.6706,1.6614,1.654,1.6482,1.6413,1.635

Intensity : 445.9723,442.9813,435.2321,428.0379,423.8713,422.603,421.2575,417.6066,413.4246,409.5903,408.0343,406.857,404.8564,404.6763,403.9795,401.4277,398.4726,395.7708,394.6643,393.7473,391.2356,388.3101,385.0625,382.0197,378.7866,376.1994,374.2485,373.6627,372.5868,369.4989,365.9899,362.7854,361.3654,359.8963,357.1586,355.6909,354.9347,352.6905,349.6269,347.2378,347.2352,347.1939,346.2869,346.2869,346.6658,346.4959,347.323,349.2205,350.3019,350.077,350.7279,352.9312,355.6271,357.9664,359.0444,359.0318,360.0338,362.2952,364.4062,364.6992,363.0845,361.5936,361.4752,361.7498,362.0244,362.299,362.5736,362.8482,363.1228,363.3975,363.2871,361.8402,359.2879,357.8806,357.8217,358.1467,358.4717,358.7968,359.1218,359.4468,359.7719,360.0969,360.4219,360.86,359.4346,358.3008,356.677,354.2786,351.7732,350.675,351.2629,352.4893,354.3611,355.2102,355.1925,356.0192,358.1723,360.5058,362.6256,363.6911,364.5928,365.9973,366.5188,366.0054,365.5324,366.2177,368.341,369.8475,371.3399,373.917,375.38,376.829,379.9335,383.926,389.574,395.208,399.1515,402.171,403.5,404.7146,407.1294,409.5636,413.5158,418.1589,419.8901,420.1544,421.6754,424.5736,426.0328,425.7575,424.8246,423.6417,425.2844,427.6964,427.597,425.4067,423.6908,422.475,420.6864,417.0895,413.1716,410.1254,407.441,405.9156,404.1632,401.5512,399.7675,397.8154,394.8276,393.3231,393.1751,392.0811,389.8578,388.9222,388.3579,388.2849,388.2029,388.1105,388.0286,387.4773,385.2482,381.61,379.3672,378.8018,378.0917,376.7794,375.4672,374.6323,375.4423,377.5932,378.3366,377.9731,379.007,381.5804,382.5663,382.2059,383.2103,385.7905,386.8252,386.5534,387.5321,389.9611,390.8711,389.9932,388.6072,387.2212,385.8352,384.4491,383.0631,383.286,385.5008,388.9391,391.46,392.6679,393.3223,393.8536,394.7653,397.127,400.7224,401.6499,401.027,399.9935,399.0898,398.371,397.6812,398.3543,401.2202,403.6492,405.9526,408.2561,410.5595,412.863,414.8301,415.5888,415.2579,414.5589,414.1919,412.4916,409.3619,407.7963,407.9455,408.515,409.0551,409.5953,410.1354,410.6755,410.5124,410.3071,410.1018,409.8852,409.6298,409.3306,409.0138,408.6644,407.9789,407.0311,406.2615,405.5317,404.8018,404.0322,403.1242,401.6101,398.5491,395.078,393.1584,391.2805,388.6402,387.35,387.5731,388.2075,388.3745,387.2476,385.3448,384.5147,384.9693,385.7929,386.2027,385.1715,382.9819,382.1518,382.8932,383.5489,382.4882,379.7695,378.2861,377.6508,377.1954,376.682,376.2265,375.8406,375.4546,374.9992,374.0218,372.9922,372.1196,371.2921,370.4645,369.637,368.8095,367.982,367.1545,366.327,365.4754,364.5839,363.6923,362.8008,361.9093,361.0177,360.1262,359.5175,359.8822,361.8628,364.2001,366.4959,368.6598,370.9795,373.1955,375.4971,377.7379,380.929,384.3494,386.8458,389.0944,391.1867,394.2465,398.3344,402.9548,408.3587,418.5619,428.6419,437.0941,443.6492,448.8237,455.5716,463.6621,470.0169,472.9967,475.4095,478.8742,480.8489,480.9726,480.556,483.2429,488.0618,492.3141,493.9952,491.9378,488.9256,485.784,479.8616,473.6497,469.2243,463.399,455.5029,444.5622,431.2967,425.1695,422.6981,418.5848,412.0076,404.7644,396.2623,387.0001,380.3437,376.5731,373.704,372.1722,370.637,368.1774,366.6948,365.4172,363.6044,362.0296,360.3808,359.8525,360.3644,360.9197,360.5812,359.4916,358.8424,358.0367,356.6087,355.7518,354.8915,353.4518,352.8861,351.788,350.6192,349.7695,350.0255,351.5155,353.4289,356.2761,359.7814,363.5729,369.0531,374.6646,378.8918,384.5111,391.5719,398.7059,405.3504,410.191,412.1402,415.5126,419.9144,423.3824,425.7107,427.7078,429.7049,431.702,433.6991,435.6962,437.1225,436.5482,433.7124,429.6875,422.7645,413.4937,404.6308,396.7107,389.3941,383.8781,379.9479,375.4406,370.159,364.3018,357.7788,350.7117,344.6297,340.6511,337.7512,333.8288,330.4207,329.0255,327.8498,326.6609,325.2543,323.9031,322.454,321.0944,319.8569,319.2548,318.6492,317.6198,317.0392,316.5671,315.7618,315.2777,313.4035,311.7183,310.0331,308.3479,306.6627,304.9775,303.5383,303.1785,304.3386,305.6036,305.9889,306.7448,308.8157,311.8286,316.355,320.1942,323.3915,326.4885,329.8438,334.1921,338.1679,340.1844,340.322,340.1433,340.0799,342.2405,344.3843,345.2522,347.4811,351.4765,355.6947,358.8209,360.5954,361.6505,361.9179,363.6375,369.2716,372.0883,372.9965,375.5975,378.5454,380.2615,381.5678,382.2534,381.4024,377.8933,375.5875,377.7125,380.8346,384.0361,385.3325,383.1984,382.0905,385.1003,388.5966,389.3947,390.5996,390.9534,387.624,385.869,387.1624,394.9009,402.849,410.6332,416.7833,421.402,427.2089,432.8366

Time pixel : 1.37753,1.55344,1.8192,2.00009,2.07969,2.14387,2.20804,2.25772,2.30454,2.35422,2.42338,2.50991,2.60142,2.68794,2.7571,2.80678,2.8536,2.90328,2.96745,3.03163,3.08131,3.12812,3.17282,3.21963,3.26931,3.33848,3.425,3.51152,3.58069,3.63037,3.67718,3.72686,3.79104,3.85521,3.90988,3.97904,4.06557,4.15209,4.22125,4.27592,4.34009,4.40427,4.45894,4.5281,4.61462,4.70613,4.80263,4.9115,5.0175,5.09452,5.16867,5.25519,5.3467,5.43821,5.52972,5.62123,5.71274,5.80425,5.89077,5.95993,6.0146,6.08376,6.17028,6.26179,6.3533,6.44481,6.53632,6.62783,6.71934,6.81085,6.89737,6.96653,7.0212,7.09036,7.17689,7.2684,7.35991,7.45142,7.54292,7.63443,7.72594,7.81745,7.90896,8.01044,8.14665,8.31184,8.45303,8.57686,8.70521,8.81907,8.91058,8.97974,9.03441,9.10357,9.18511,9.25427,9.30395,9.35077,9.40045,9.46961,9.55613,9.64764,9.73915,9.83066,9.91718,9.98635,10.041,10.1052,10.1694,10.224,10.2882,10.3524,10.4021,10.4439,10.4712,10.4986,10.5404,10.5901,10.6542,10.7234,10.8004,10.9114,11.0426,11.176,11.2898,11.3813,11.4505,11.5052,11.5743,11.6658,11.7847,11.9354,12.0861,12.1999,12.2741,12.3337,12.4252,12.5486,12.6625,12.759,12.8455,12.9146,12.9693,13.0385,13.125,13.2165,13.303,13.3722,13.4269,13.496,13.5875,13.7064,13.8571,14.0078,14.1266,14.2281,14.342,14.4703,14.5842,14.6757,14.7448,14.7995,14.8687,14.9552,15.0467,15.1382,15.2297,15.3212,15.4127,15.5042,15.5958,15.6823,15.7514,15.8061,15.8753,15.9568,16.026,16.0806,16.1498,16.2313,16.3005,16.3552,16.4243,16.5108,16.6024,16.6939,16.7854,16.8769,16.9684,17.0549,17.1291,17.2111,17.3394,17.4851,17.604,17.7005,17.792,17.8885,18.0073,18.163,18.341,18.5191,18.6748,18.7986,18.9174,19.0458,19.1596,19.2561,19.3476,19.4392,19.5307,19.6222,19.7187,19.8325,19.9609,20.0747,20.1662,20.2404,20.3174,20.4234,20.5323,20.6288,20.7203,20.8118,20.9033,20.9948,21.0863,21.1778,21.2693,21.3658,21.4797,21.613,21.7542,21.9099,22.0606,22.1794,22.2759,22.3675,22.459,22.5555,22.6693,22.8027,22.9389,23.0772,23.2084,23.3244,23.4237,23.5397,23.6709,23.8043,23.9181,24.0146,24.1061,24.1976,24.2892,24.3807,24.4672,24.5363,24.596,24.6875,24.8109,24.9247,25.0212,25.1127,25.2042,25.3007,25.4146,25.543,25.6568,25.7533,25.8498,25.9637,26.092,26.2059,26.3024,26.3939,26.4854,26.5769,26.6684,26.7599,26.8514,26.9429,27.0344,27.1259,27.2175,27.309,27.4005,27.492,27.5835,27.67,27.7392,27.7938,27.863,27.9445,28.0137,28.0634,28.1102,28.1599,28.2241,28.2882,28.3379,28.3847,28.4344,28.5036,28.5901,28.6816,28.7781,28.892,29.0203,29.1292,29.2033,29.253,29.2998,29.3445,29.3913,29.441,29.5102,29.5967,29.6882,29.7797,29.8712,29.9627,30.0542,30.1458,30.2373,30.3288,30.4203,30.5068,30.571,30.6033,30.6306,30.6725,30.7221,30.7863,30.8455,30.8778,30.9101,30.9693,31.0335,31.0882,31.1573,31.2439,31.3354,31.4219,31.4911,31.5457,31.6099,31.6741,31.7287,31.7979,31.8844,31.971,32.0401,32.0948,32.1639,32.2505,32.342,32.4335,32.525,32.6115,32.6807,32.7354,32.7995,32.8637,32.9184,32.9875,33.0741,33.1656,33.2521,33.3213,33.3709,33.4177,33.4674,33.5316,33.5908,33.6231,33.6504,33.6873,33.7146,33.7469,33.8061,33.8703,33.925,33.9892,34.0533,34.108,34.1772,34.2637,34.3552,34.4467,34.5382,34.6297,34.7212,34.8077,34.8769,34.9266,34.9784,35.0504,35.1514,35.238,35.2976,35.3668,35.4533,35.5398,35.604,35.6313,35.6463,35.691,35.7697,35.8417,35.9108,35.97,36.0024,36.0347,36.0989,36.1804,36.2496,36.2992,36.346,36.3907,36.4376,36.4872,36.5514,36.6156,36.6703,36.7394,36.8259,36.9175,37.009,37.1005,37.192,37.2835,37.375,37.4665,37.558,37.6445,37.7087,37.741,37.7734,37.8325,37.8967,37.9464,37.9932,38.0379,38.0797,38.1071,38.1344,38.1713,38.1936,38.2036,38.2259,38.2677,38.3124,38.3593,38.4089,38.4731,38.5323,38.5596,38.5646,38.5696,38.592,38.6338,38.6835,38.7476,38.8118,38.8665,38.9307,38.9899,39.0222,39.0495,39.0913,39.136,39.1828,39.2325,39.2967,39.3609,39.4106,39.4524,39.4797,39.512,39.5712,39.6304,39.6627,39.6901,39.7269,39.7542,39.7866,39.8507,39.9323,40.0014,40.0511,40.093,40.1203,40.1476,40.1845,40.2068,40.2118

Position pixel : 17.3242,17.4136,17.5659,17.6777,17.7345,17.7618,17.7891,17.831,17.8756,17.9175,17.9448,17.9721,18.009,18.0363,18.0637,18.1055,18.1502,18.192,18.2193,18.2467,18.2885,18.3332,18.38,18.4247,18.4715,18.5162,18.558,18.5854,18.6127,18.6545,18.6992,18.7411,18.7684,18.7957,18.8326,18.8599,18.8872,18.9291,18.9738,19.0156,19.0429,19.0703,19.1071,19.1344,19.1618,19.1986,19.221,19.2309,19.2533,19.2901,19.3125,19.3175,19.3175,19.3224,19.3448,19.3816,19.404,19.409,19.4139,19.4363,19.4731,19.4955,19.5005,19.5005,19.5005,19.5005,19.5005,19.5005,19.5005,19.5005,19.5055,19.5278,19.5646,19.587,19.592,19.592,19.592,19.592,19.592,19.592,19.592,19.592,19.592,19.587,19.5646,19.5278,19.5055,19.5005,19.4955,19.4731,19.4313,19.3866,19.3448,19.3224,19.3125,19.2901,19.2483,19.2036,19.1618,19.1344,19.1071,19.0703,19.0479,19.0429,19.0379,19.0156,18.9787,18.9514,18.9241,18.8872,18.8599,18.8326,18.7907,18.7411,18.6769,18.6127,18.563,18.5212,18.4939,18.4665,18.4247,18.375,18.3108,18.2517,18.2243,18.2144,18.192,18.1552,18.1328,18.1278,18.1278,18.1278,18.1278,18.1328,18.1552,18.197,18.2417,18.2885,18.3382,18.4024,18.4665,18.5162,18.558,18.5854,18.6127,18.6496,18.6769,18.7042,18.7411,18.7634,18.7734,18.7957,18.8326,18.8549,18.8599,18.8599,18.8599,18.8599,18.8599,18.8649,18.8872,18.9241,18.9464,18.9514,18.9514,18.9514,18.9514,18.9464,18.9241,18.8872,18.8649,18.8549,18.8326,18.7957,18.7734,18.7634,18.7411,18.7042,18.6819,18.6719,18.6496,18.6127,18.5904,18.5854,18.5854,18.5854,18.5854,18.5854,18.5854,18.5804,18.558,18.5212,18.4989,18.4939,18.4939,18.4939,18.4889,18.4665,18.4297,18.4073,18.4024,18.4024,18.4024,18.4024,18.4024,18.4024,18.4024,18.4024,18.4024,18.4024,18.4024,18.4024,18.4073,18.4297,18.4665,18.4889,18.4989,18.5212,18.558,18.5804,18.5854,18.5854,18.5854,18.5854,18.5854,18.5854,18.5854,18.5854,18.5854,18.5854,18.5854,18.5854,18.5854,18.5854,18.5854,18.5854,18.5854,18.5854,18.5854,18.5854,18.5854,18.5904,18.6127,18.6496,18.6769,18.7042,18.7411,18.7634,18.7684,18.7684,18.7734,18.7957,18.8326,18.8549,18.8599,18.8599,18.8649,18.8872,18.9241,18.9464,18.9514,18.9564,18.9787,19.0156,19.0379,19.0429,19.0429,19.0429,19.0429,19.0429,19.0429,19.0429,19.0429,19.0429,19.0429,19.0429,19.0429,19.0429,19.0429,19.0429,19.0429,19.0429,19.0429,19.0429,19.0429,19.0429,19.0429,19.0429,19.0429,19.0379,19.0156,18.9738,18.9291,18.8823,18.8376,18.7907,18.746,18.6992,18.6496,18.5854,18.5212,18.4715,18.4247,18.375,18.3059,18.2193,18.1228,18.009,17.8806,17.7668,17.6753,17.6061,17.5514,17.4823,17.4007,17.3366,17.3042,17.2769,17.2401,17.2177,17.2127,17.2127,17.2127,17.2127,17.2177,17.2451,17.3042,17.3684,17.4231,17.4873,17.5514,17.6061,17.6753,17.7668,17.8806,18.004,18.0955,18.1552,18.2243,18.3108,18.4073,18.5212,18.6446,18.7361,18.7907,18.8326,18.8599,18.8872,18.9241,18.9514,18.9787,19.0206,19.0653,19.1071,19.1294,19.1344,19.1394,19.1618,19.1986,19.2259,19.2533,19.2901,19.3175,19.3448,19.3816,19.404,19.409,19.409,19.404,19.3816,19.3398,19.2901,19.221,19.1344,19.0429,18.9564,18.8872,18.8326,18.7634,18.6769,18.5854,18.4989,18.4347,18.4024,18.375,18.3382,18.3158,18.3108,18.3108,18.3108,18.3108,18.3108,18.3108,18.3158,18.3382,18.38,18.4347,18.5262,18.6496,18.7634,18.8599,18.9514,19.0429,19.1344,19.2259,19.3175,19.4139,19.5278,19.6562,19.765,19.8392,19.8938,19.958,20.0222,20.0719,20.1187,20.1634,20.2102,20.2549,20.3017,20.3464,20.3882,20.4156,20.4429,20.4797,20.5071,20.5344,20.5713,20.5936,20.5986,20.5986,20.5986,20.5986,20.5986,20.5986,20.5936,20.5663,20.5071,20.4429,20.3882,20.3141,20.2002,20.0495,19.8988,19.78,19.6835,19.587,19.4731,19.3448,19.2359,19.1618,19.1121,19.0653,19.0106,18.9241,18.8231,18.746,18.6719,18.5854,18.4939,18.4024,18.3108,18.2193,18.1179,17.9817,17.8165,17.6803,17.5788,17.4873,17.3958,17.3042,17.2127,17.1262,17.062,17.0247,16.9701,16.869,16.7602,16.6687,16.5995,16.5448,16.4707,16.3668,16.2608,16.1838,16.1146,16.0504,15.9958,15.9266,15.8401,15.7486,15.6571,15.5706,15.5014,15.4467,15.3825,15.3234

Brightness max : 1221.83
Brightness min : 229.00
Feature direction : Ambiguous
Feature speed : Slow
Feature type : Curve
Start frame : 1
End frame : 98
Start time (s) : 0.000
End time (s) : 98.000
Time step (s) : 1.010

Feature number : 2

Time (s) : 44.2647,44.3295,44.4169,44.5094,44.6069,44.7269,44.8792,45.0264,45.1239,45.1842,45.249,45.3138,45.364,45.4113,45.4615,45.5314,45.6138,45.6836,45.7389,45.8087,45.8911,45.961,46.0162,46.0861,46.1786,46.2936,46.4182,46.5107,46.5709,46.6358,46.7006,46.7558,46.8257,46.9081,46.978,47.0332,47.1031,47.1905,47.283,47.3804,47.4955,47.6251,47.7402,47.8377,47.9251,47.995,48.0502,48.1251,48.2351,48.3648,48.4798,48.5773,48.6697,48.7622,48.8546,48.9471,49.0396,49.132,49.2245,49.3169,49.4094,49.5018,49.5943,49.6867,49.7792,49.8716,49.9641,50.0565,50.149,50.2414,50.3339,50.4263,50.5188,50.6113,50.7037,50.7962,50.8886,50.976,51.0459,51.1011,51.171,51.2534,51.3233,51.3785,51.4484,51.5358,51.6282,51.7156,51.7855,51.8408,51.9106,51.998,52.0905,52.183,52.2754,52.3679,52.4603,52.5528,52.6452,52.7427,52.8577,52.9874,53.1024,53.1999,53.2924,53.3848,53.4773,53.5697,53.6622,53.7546,53.8421,53.9119,53.9672,54.037,54.1245,54.2169,54.3094,54.4018,54.4993,54.6194,54.7767,54.9515,55.1138,55.2565,55.3912,55.5062,55.5987,55.6685,55.7238,55.7936,55.8811,55.9786,56.0986,56.2509,56.4031,56.5232,56.6207,56.7131,56.8006,56.8704,56.9257,56.9955,57.0779,57.1478,57.2081,57.3005,57.4302,57.5678,57.6975,57.7899,57.8452,57.8924,57.9376,57.9849,58.0351,58.105,58.1924,58.2848,58.3773,58.4647,58.5346,58.5898,58.6597,58.7421,58.8119,58.8672,58.937,59.0245,59.122,59.237,59.3667,59.4817,59.5792,59.6716,59.7641,59.8616,59.9766,60.1113,60.259,60.4439,60.656,60.8358,60.9609,61.0584,61.1458,61.2157,61.2709,61.3408,61.4232,61.4931,61.5483,61.6182,61.7056,61.793,61.8629,61.9181,61.983,62.0478,62.103,62.1729,62.2603,62.3528,62.4553,62.5929,62.7598,62.9024,63.0225,63.1296,63.2074,63.2773,63.3421,63.3923,63.4396,63.4848,63.5321,63.5772,63.6245,63.6697,63.717,63.7672,63.837,63.9245,64.0119,64.0818,64.137,64.2069,64.2943,64.3867,64.4792,64.5716,64.659,64.7289,64.7842,64.854,64.9414,65.0339,65.1263,65.2188,65.3113,65.4037,65.4962,65.5836,65.6534,65.7087,65.7735,65.8384,65.8936,65.9635,66.0509,66.1433,66.2358,66.3282,66.4207,66.5081,66.578,66.6282,66.6755,66.7206,66.7679,66.8131,66.8604,66.9106,66.9804,67.0679,67.1603,67.2528,67.3452,67.4377,67.5352,67.6552,67.8075,67.9648,68.1175,68.3024,68.5195,68.727,68.9119,69.0692,69.1842,69.2591,69.3143,69.3792,69.444,69.4992,69.5641,69.6289,69.6791,69.7214,69.749,69.7766,69.8138,69.8414,69.8691,69.9113,69.9615,70.0314,70.1138,70.1786

Position (um) : 1.6511,1.6511,1.6511,1.6516,1.654,1.6579,1.6603,1.6614,1.6638,1.6677,1.6706,1.6735,1.678,1.6828,1.6878,1.6925,1.6975,1.7023,1.7073,1.7121,1.717,1.7218,1.7263,1.7292,1.7326,1.739,1.7458,1.7511,1.7556,1.7585,1.7614,1.7653,1.7677,1.7688,1.7712,1.7751,1.7775,1.778,1.7785,1.7809,1.7849,1.7872,1.7878,1.7878,1.7883,1.7907,1.7946,1.797,1.7975,1.7975,1.7975,1.7975,1.7975,1.7975,1.7975,1.7975,1.7975,1.7975,1.7975,1.7975,1.7975,1.7975,1.7975,1.7975,1.7975,1.7975,1.7975,1.7975,1.7975,1.797,1.7946,1.7907,1.7883,1.7878,1.7878,1.7878,1.7878,1.7872,1.7849,1.7809,1.7785,1.7775,1.7751,1.7712,1.7688,1.7683,1.7683,1.7677,1.7653,1.7614,1.759,1.7585,1.7585,1.7585,1.7585,1.7585,1.7585,1.7585,1.7585,1.759,1.7619,1.7683,1.7746,1.778,1.7809,1.7849,1.7878,1.7912,1.7981,1.8068,1.8142,1.8195,1.8245,1.8298,1.8366,1.8434,1.8493,1.8567,1.8664,1.8791,1.8952,1.9113,1.9245,1.9372,1.9503,1.9596,1.9635,1.9664,1.9704,1.9728,1.9733,1.9733,1.9733,1.9733,1.9733,1.9733,1.9733,1.9733,1.9728,1.9704,1.9659,1.9611,1.9562,1.9509,1.9429,1.9313,1.9176,1.906,1.8981,1.8928,1.8878,1.883,1.878,1.8733,1.8688,1.8664,1.8654,1.863,1.859,1.8561,1.8532,1.8493,1.8469,1.8458,1.8434,1.8395,1.8366,1.8337,1.8298,1.8274,1.8263,1.8239,1.82,1.8176,1.8171,1.8171,1.8171,1.8171,1.8171,1.8171,1.8171,1.8171,1.8176,1.82,1.8245,1.8292,1.8342,1.839,1.844,1.8493,1.8567,1.8659,1.8751,1.8825,1.8878,1.8928,1.8981,1.9049,1.9113,1.9147,1.9182,1.925,1.9342,1.944,1.9538,1.9635,1.9733,1.9825,1.9899,1.9957,2.0026,2.0094,2.0147,2.0197,2.0245,2.0295,2.0343,2.0393,2.044,2.0485,2.0514,2.0543,2.0588,2.0636,2.068,2.0709,2.0739,2.0778,2.0802,2.0807,2.0802,2.0773,2.0709,2.0646,2.0612,2.0583,2.0538,2.049,2.044,2.0393,2.0348,2.0319,2.0284,2.0221,2.0153,2.01,2.005,2.0002,1.9952,1.9904,1.9854,1.9801,1.9733,1.9664,1.9611,1.9562,1.9514,1.9464,1.9416,1.9366,1.9313,1.9245,1.9176,1.9118,1.9044,1.8957,1.8883,1.883,1.878,1.8727,1.8654,1.8561,1.8464,1.8366,1.8268,1.8171,1.8078,1.801,1.7975,1.7946,1.7907,1.7878,1.7849,1.7809,1.778,1.7751,1.7706,1.7653,1.7585,1.7516,1.7458,1.739,1.7321,1.7268,1.7223,1.72,1.7194,1.7194

Intensity : 399.1884,399.2897,399.4262,400.8579,401.6462,401.4268,403.919,407.6694,408.174,405.5743,404.2593,402.8953,399.1677,394.9251,390.4377,386.9555,383.5596,379.9798,375.6612,375.0679,374.6327,373.8565,372.7547,372.9739,373.4435,372.5933,371.4561,370.253,368.6337,368.1198,367.5497,365.983,365.7907,366.7919,366.51,364.7014,364.3098,365.6645,367.1067,367.1361,365.9752,364.2951,364.1009,364.3135,364.0458,362.127,358.8061,356.8326,356.5156,356.6926,356.8497,357.2402,357.655,358.0698,358.4846,358.8995,359.3143,359.7291,360.1439,360.5587,360.9735,361.3883,361.8443,362.3019,362.7594,363.217,363.6745,364.1321,364.5896,365.5807,368.4293,372.8291,375.658,376.1,376.0085,375.917,375.8255,376.2725,378.5944,382.482,384.8039,385.7895,388.1114,391.999,394.3209,394.7425,394.4161,394.6354,396.7432,400.4126,402.4793,402.6453,402.2686,401.892,401.5153,401.1387,400.762,400.9749,403.8663,406.4066,407.1971,405.1214,402.5227,402.1285,402.0732,400.9924,400.8828,400.7289,398.6226,394.5228,391.4636,391.3345,390.598,390.2509,389.4987,388.7835,388.6184,387.1178,383.7783,378.6195,371.7545,365.1794,361.3893,359.8149,357.3359,355.9844,355.9762,355.0679,353.441,352.7884,353.3183,354.2379,355.3706,356.8068,358.2431,359.3758,359.111,357.4583,356.1987,356.2891,357.7778,359.1115,360.2634,361.7524,364.758,368.9244,373.7534,378.875,382.642,385.312,388.2617,391.1702,394.2942,397.253,399.9799,400.9801,400.8261,401.6201,403.6084,404.9162,406.4297,408.8909,409.6229,409.0783,409.7509,411.8481,412.9211,413.6983,415.0779,414.9775,413.6219,413.5124,414.8665,416.799,418.0987,419.0407,420.1522,421.4539,422.8809,424.6676,426.7232,428.4929,429.2767,428.2267,425.3155,421.9629,418.2668,414.8905,411.4263,407.5714,401.7991,394.5635,389.528,386.2241,384.0056,381.4807,378.9411,374.9336,371.0048,370.0716,369.6276,367.5256,364.8632,362.5862,362.1205,360.9235,358.6102,355.9601,353.4193,351.5987,348.7878,345.414,343.0123,340.7158,338.6023,336.8446,336.0162,334.4889,332.4636,330.5825,329.5052,328.4902,326.7206,324.7131,322.7787,321.6335,320.5409,318.9559,318.1111,318.1697,318.7367,319.7279,322.4465,325.0103,326.0067,326.6728,328.0253,329.4649,330.9502,332.2739,333.4052,333.8562,334.6758,337.9998,341.6954,344.2686,346.6834,348.6567,350.395,351.7863,353.1784,354.6069,356.7469,358.7993,360.2204,361.7947,363.2419,365.2791,367.2297,369.3156,371.5312,374.5048,377.937,381.2884,385.6936,391.0297,395.3556,398.1286,400.5917,402.9728,402.6912,402.032,401.5354,399.0688,394.5012,390.0106,388.5011,386.8527,384.3102,383.1406,383.6327,382.8593,382.0543,382.4407,381.5695,380.6667,381.585,383.5832,387.634,391.7024,394.6824,398.7876,402.9103,405.3713,406.9432,406.2742,403.7755,401.4925

Time pixel : 43.813,43.8772,43.9637,44.0552,44.1517,44.2705,44.4212,44.5669,44.6634,44.7231,44.7873,44.8514,44.9011,44.9479,44.9976,45.0668,45.1483,45.2175,45.2721,45.3413,45.4228,45.492,45.5467,45.6158,45.7073,45.8212,45.9446,46.0361,46.0957,46.1599,46.2241,46.2787,46.3479,46.4294,46.4986,46.5533,46.6224,46.709,46.8005,46.897,47.0108,47.1392,47.253,47.3495,47.4361,47.5052,47.5599,47.634,47.7429,47.8713,47.9851,48.0816,48.1731,48.2646,48.3561,48.4476,48.5392,48.6307,48.7222,48.8137,48.9052,48.9967,49.0882,49.1797,49.2712,49.3627,49.4542,49.5458,49.6373,49.7288,49.8203,49.9118,50.0033,50.0948,50.1863,50.2778,50.3693,50.4559,50.525,50.5797,50.6489,50.7304,50.7996,50.8542,50.9234,51.0099,51.1014,51.1879,51.2571,51.3118,51.3809,51.4675,51.559,51.6505,51.742,51.8335,51.925,52.0165,52.108,52.2045,52.3184,52.4467,52.5606,52.6571,52.7486,52.8401,52.9316,53.0231,53.1146,53.2061,53.2927,53.3618,53.4165,53.4856,53.5722,53.6637,53.7552,53.8467,53.9432,54.062,54.2177,54.3908,54.5514,54.6926,54.826,54.9398,55.0313,55.1005,55.1552,55.2243,55.3108,55.4073,55.5262,55.6769,55.8276,55.9464,56.0429,56.1344,56.221,56.2901,56.3448,56.4139,56.4955,56.5646,56.6243,56.7158,56.8442,56.9804,57.1087,57.2002,57.2549,57.3017,57.3464,57.3932,57.4429,57.5121,57.5986,57.6901,57.7816,57.8681,57.9373,57.992,58.0611,58.1427,58.2118,58.2665,58.3356,58.4222,58.5187,58.6325,58.7609,58.8747,58.9712,59.0627,59.1542,59.2507,59.3646,59.4979,59.6441,59.8271,60.037,60.2151,60.3389,60.4354,60.5219,60.5911,60.6457,60.7149,60.7964,60.8656,60.9203,60.9894,61.0759,61.1625,61.2316,61.2863,61.3505,61.4146,61.4693,61.5385,61.625,61.7165,61.818,61.9542,62.1194,62.2606,62.3794,62.4854,62.5624,62.6316,62.6958,62.7455,62.7923,62.837,62.8838,62.9285,62.9753,63.02,63.0668,63.1165,63.1856,63.2722,63.3587,63.4279,63.4825,63.5517,63.6382,63.7297,63.8212,63.9127,63.9993,64.0684,64.1231,64.1923,64.2788,64.3703,64.4618,64.5533,64.6448,64.7363,64.8278,64.9144,64.9835,65.0382,65.1024,65.1665,65.2212,65.2904,65.3769,65.4684,65.5599,65.6514,65.7429,65.8294,65.8986,65.9483,65.9951,66.0398,66.0866,66.1313,66.1781,66.2278,66.297,66.3835,66.475,66.5665,66.658,66.7495,66.846,66.9649,67.1156,67.2713,67.4224,67.6054,67.8203,68.0257,68.2087,68.3644,68.4782,68.5524,68.607,68.6712,68.7354,68.7901,68.8542,68.9184,68.9681,69.0099,69.0373,69.0646,69.1014,69.1288,69.1561,69.1979,69.2476,69.3168,69.3983,69.4625

Position pixel : 15.4741,15.4741,15.4741,15.479,15.5014,15.5382,15.5606,15.5706,15.5929,15.6297,15.6571,15.6844,15.7262,15.7709,15.8177,15.8624,15.9093,15.954,16.0008,16.0455,16.0923,16.137,16.1788,16.2061,16.2385,16.2976,16.3618,16.4115,16.4533,16.4807,16.508,16.5448,16.5672,16.5772,16.5995,16.6363,16.6587,16.6637,16.6687,16.691,16.7279,16.7502,16.7552,16.7552,16.7602,16.7825,16.8194,16.8417,16.8467,16.8467,16.8467,16.8467,16.8467,16.8467,16.8467,16.8467,16.8467,16.8467,16.8467,16.8467,16.8467,16.8467,16.8467,16.8467,16.8467,16.8467,16.8467,16.8467,16.8467,16.8417,16.8194,16.7825,16.7602,16.7552,16.7552,16.7552,16.7552,16.7502,16.7279,16.691,16.6687,16.6587,16.6363,16.5995,16.5772,16.5722,16.5722,16.5672,16.5448,16.508,16.4856,16.4807,16.4807,16.4807,16.4807,16.4807,16.4807,16.4807,16.4807,16.4856,16.513,16.5722,16.6314,16.6637,16.691,16.7279,16.7552,16.7875,16.8517,16.9332,17.0024,17.0521,17.0989,17.1486,17.2127,17.2769,17.3316,17.4007,17.4923,17.6111,17.7618,17.9125,18.0363,18.1552,18.2785,18.3651,18.4024,18.4297,18.4665,18.4889,18.4939,18.4939,18.4939,18.4939,18.4939,18.4939,18.4939,18.4939,18.4889,18.4665,18.4247,18.38,18.3332,18.2835,18.2094,18.1005,17.9721,17.8633,17.7891,17.7394,17.6926,17.6479,17.6011,17.5564,17.5146,17.4923,17.4823,17.4599,17.4231,17.3958,17.3684,17.3316,17.3092,17.2993,17.2769,17.2401,17.2127,17.1854,17.1486,17.1262,17.1162,17.0939,17.057,17.0347,17.0297,17.0297,17.0297,17.0297,17.0297,17.0297,17.0297,17.0297,17.0347,17.057,17.0989,17.1436,17.1904,17.2351,17.2819,17.3316,17.4007,17.4873,17.5738,17.643,17.6926,17.7394,17.7891,17.8533,17.9125,17.9448,17.9771,18.0413,18.1278,18.2193,18.3108,18.4024,18.4939,18.5804,18.6496,18.7042,18.7684,18.8326,18.8823,18.9291,18.9738,19.0206,19.0653,19.1121,19.1568,19.1986,19.2259,19.2533,19.2951,19.3398,19.3816,19.409,19.4363,19.4731,19.4955,19.5005,19.4955,19.4682,19.409,19.3498,19.3175,19.2901,19.2483,19.2036,19.1568,19.1121,19.0703,19.0429,19.0106,18.9514,18.8872,18.8376,18.7907,18.746,18.6992,18.6545,18.6077,18.558,18.4939,18.4297,18.38,18.3332,18.2885,18.2417,18.197,18.1502,18.1005,18.0363,17.9721,17.9175,17.8483,17.7668,17.6976,17.6479,17.6011,17.5514,17.4823,17.3958,17.3042,17.2127,17.1212,17.0297,16.9432,16.879,16.8467,16.8194,16.7825,16.7552,16.7279,16.691,16.6637,16.6363,16.5945,16.5448,16.4807,16.4165,16.3618,16.2976,16.2335,16.1838,16.142,16.1196,16.1146,16.1146

Brightness max : 1221.83
Brightness min : 229.00
Feature direction : Ambiguous
Feature speed : Slow
Feature type : Curve
Start frame : 1
End frame : 98
Start time (s) : 0.000
End time (s) : 98.000
Time step (s) : 1.010

