KYMOANALYSIS DATA

General Information :

Tiff path : E:\Google Drive\microtubule dynamics and cut7\19-15 screens and tests\gtb1-K5A\19-11-13(gtb1-K5A, cut11-7, cut73-GFP and MTs)\
Spindle type : Monopolar
Start frame : 1
End frame : 73
Start time (s) : 0.000
End time (s) : 73.000
Time step (s) : 1.014
Num poles : 1
Num tracks : 2
Num tracks poleward : 0
Num tracks antipoleward : 0
Num tracks ambiguous : 2
Comments : {

}
Poles Information :


Pole number : 1

Time (s) : 1.18606,2.21113,3.2362,4.26128,5.28635,6.31142,7.33649,8.36157,9.38664,10.4117,11.4368,12.4619,13.4869,14.512,15.5371,16.5621,17.5872,18.6123,19.6374,20.6624,21.6875,22.7126,23.7377,24.7627,25.7878,26.8129,27.8379,28.863,29.8881,30.9132,31.9382,32.9633,33.9884,35.0135,36.0385,37.0636,38.0887,39.1137,40.1388,41.1639,42.189,43.214,44.2391,45.2642,46.2893,47.3143,48.3394,49.3645,50.3895,51.4146,52.4397,53.4648,54.4898

Position (um) : 1.2591,1.2589,1.2588,1.2586,1.2585,1.2584,1.2582,1.2581,1.2579,1.2578,1.2577,1.2575,1.2574,1.2572,1.2571,1.257,1.2568,1.2567,1.2566,1.2564,1.2563,1.2561,1.256,1.2559,1.2557,1.2556,1.2554,1.2553,1.2552,1.255,1.2549,1.2547,1.2546,1.2545,1.2543,1.2542,1.254,1.2539,1.2538,1.2536,1.2535,1.2533,1.2532,1.2531,1.2529,1.2528,1.2526,1.2525,1.2524,1.2522,1.2521,1.252,1.2518

Intensity : 1057.5623,1025.8416,968.27064,966.81409,953.44833,998.46043,1076.9409,1172.8147,1221.9293,1226.4642,1215.0289,1230.8829,1205.3138,1184.1303,1157.0947,1151.5657,1136.8783,1084.2214,1041.5256,1022.7842,1030.766,1044.8969,1045.1976,1046.5632,1067.5016,1119.8528,1144.6104,1133.5039,1103.6543,1098.9261,1099.7036,1105.3674,1108.2573,1099.6688,1074.1815,1024.9196,970.18977,922.59073,881.66795,844.39887,799.47371,776.62318,764.00406,760.61041,742.67028,719.0546,706.29616,688.62383,683.00931,665.84599,649.74093,607.06216,555.17948

Time pixel : 1.16981,2.18084,3.19187,4.2029,5.21393,6.22496,7.23599,8.24702,9.25806,10.2691,11.2801,12.2911,13.3022,14.3132,15.3242,16.3353,17.3463,18.3573,19.3684,20.3794,21.3904,22.4015,23.4125,24.4235,25.4345,26.4456,27.4566,28.4676,29.4787,30.4897,31.5007,32.5118,33.5228,34.5338,35.5448,36.5559,37.5669,38.5779,39.589,40.6,41.611,42.6221,43.6331,44.6441,45.6552,46.6662,47.6772,48.6882,49.6993,50.7103,51.7213,52.7324,53.7434

Position pixel : 11.8,11.7987,11.7974,11.7961,11.7948,11.7935,11.7922,11.7909,11.7896,11.7882,11.7869,11.7856,11.7843,11.783,11.7817,11.7804,11.7791,11.7778,11.7765,11.7752,11.7739,11.7726,11.7713,11.77,11.7687,11.7673,11.766,11.7647,11.7634,11.7621,11.7608,11.7595,11.7582,11.7569,11.7556,11.7543,11.753,11.7517,11.7504,11.7491,11.7478,11.7464,11.7451,11.7438,11.7425,11.7412,11.7399,11.7386,11.7373,11.736,11.7347,11.7334,11.7321

Pole type : Line
Start frame : 1
End frame : 73
Start time (s) : 0.000
End time (s) : 73.000
Time step (s) : 1.014

Feature Information :


Feature number : 1

Time (s) : 18.7717,18.82,18.8851,18.954,19.0266,19.1085,19.1883,19.2463,19.3021,19.3634,19.4192,19.4772,19.5607,19.6595,19.7598,19.8455,19.9181,19.9908,20.0727,20.1562,20.231,20.3183,20.4133,20.4968,20.551,20.59,20.6274,20.6757,20.724,20.7651,20.8172,20.8823,20.9512,21.02,21.0889,21.1578,21.2229,21.2749,21.3161,21.3681,21.4295,21.4815,21.5189,21.5541,21.5915,21.6398,21.6881,21.7293,21.7813,21.8464,21.9116,21.9636,22.0047,22.0568,22.1219,22.1908,22.2634,22.3453,22.4251,22.4831,22.5389,22.6002,22.6523,22.6934,22.7455,22.8106,22.8757,22.924,22.9483,22.9726,23.0172,23.0655,23.1029,23.1381,23.1755,23.2275,23.2927,23.3615,23.4304,23.503,23.5887,23.6891,23.7953,23.9125,24.0259,24.1153,24.1917,24.2811,24.3945,24.508,24.6012,24.6943,24.8078,24.9212,25.0106,25.0907,25.1932,25.3176,25.4276,25.5413,25.6825,25.8127,25.9059,25.9785,26.0474,26.1125,26.1645,26.2019,26.2334,26.254,26.2783,26.3266,26.388,26.44,26.4774,26.5126,26.55,26.5983,26.6466,26.684,26.7192,26.7529,26.7881,26.8255,26.8738,26.9221,26.9595,26.991,27.0115,27.0359,27.0842,27.1493,27.2181,27.287,27.3521,27.4042,27.4453,27.4974,27.5625,27.6313,27.7002,27.7653,27.8174,27.8548,27.8862

Position (um) : 0.79522,0.79522,0.79522,0.79522,0.79522,0.79482,0.79305,0.79013,0.78836,0.78757,0.7858,0.78289,0.78072,0.77816,0.77347,0.76839,0.76446,0.76075,0.75681,0.75134,0.74488,0.7394,0.73507,0.72999,0.72491,0.72097,0.71766,0.71549,0.71333,0.71002,0.70608,0.7006,0.69375,0.6869,0.68142,0.67749,0.67378,0.67024,0.66693,0.66476,0.6622,0.65751,0.65243,0.6481,0.64302,0.63794,0.634,0.63029,0.62636,0.62128,0.61619,0.61226,0.60855,0.60462,0.59914,0.59229,0.58504,0.57779,0.57094,0.56546,0.56153,0.55782,0.55428,0.55057,0.54664,0.54116,0.53431,0.52706,0.52021,0.51512,0.51256,0.5104,0.50708,0.50355,0.50023,0.49807,0.4959,0.49298,0.49121,0.49082,0.49043,0.48866,0.48574,0.48397,0.48357,0.48357,0.48357,0.48357,0.48357,0.48397,0.48574,0.48905,0.49259,0.4963,0.49984,0.50394,0.50964,0.51804,0.52666,0.5347,0.54372,0.55388,0.5629,0.57054,0.57779,0.58504,0.59229,0.59953,0.60678,0.61482,0.626,0.64085,0.65456,0.66397,0.66984,0.67457,0.68182,0.69159,0.70021,0.70608,0.71002,0.71372,0.71766,0.72314,0.72999,0.73684,0.74232,0.74665,0.75173,0.75642,0.75898,0.76114,0.76406,0.76583,0.76662,0.76839,0.77131,0.77308,0.77347,0.77347,0.77347,0.77308,0.77131,0.76839,0.76662

Intensity : 421.7302,421.7733,421.8315,421.893,421.9579,421.614,419.8127,416.7728,415.875,416.5823,416.1026,414.4446,414.2167,413.9295,411.3702,407.9905,405.5051,403.2448,400.9416,396.9677,392.5574,391.3859,391.6882,391.0342,389.3528,387.9261,386.855,386.9136,386.9568,385.951,384.8307,382.9922,380.2327,377.4034,375.5016,374.6713,373.8585,372.7575,371.8585,372.5372,373.3263,372.119,369.9689,368.2793,366.1159,364.9603,365.0179,364.8402,364.9535,364.9292,364.8132,364.7253,364.2819,364.088,363.4464,362.0418,360.4061,358.1315,355.1479,352.6737,351.0922,349.7213,348.3172,346.6559,345.0068,342.6027,339.36,336.9168,334.4509,332.6963,332.2302,331.9671,331.0807,330.0637,329.159,328.9081,328.811,327.5709,326.2684,325.5153,324.6577,323.1125,321.0525,319.3888,318.3246,317.6132,317.0058,316.2944,314.9747,313.4485,312.714,312.4783,311.91,311.2845,310.8993,310.7572,310.5719,310.5232,310.5823,310.446,310.9206,311.8716,313.0624,314.1235,315.054,316.0026,317.2089,318.7346,320.3747,322.5372,325.6237,329.3797,336.111,340.7361,343.4931,345.5875,349.0992,353.8222,357.8168,360.4076,361.9008,363.2817,364.7399,367.0098,369.7761,372.4996,374.6755,376.3291,380.8494,384.9978,386.4138,387.0279,388.3252,388.4636,387.6985,389.3464,392.8948,395.4288,396.7345,397.6849,398.6353,399.1191,397.97,395.3956,393.9433

Time pixel : 18.5146,18.5622,18.6264,18.6943,18.766,18.8468,18.9255,18.9826,19.0377,19.0982,19.1532,19.2104,19.2928,19.3902,19.4891,19.5737,19.6453,19.7169,19.7977,19.8801,19.9539,20.0399,20.1336,20.216,20.2695,20.3079,20.3448,20.3925,20.4401,20.4807,20.532,20.5962,20.6642,20.7321,20.8,20.8679,20.9321,20.9835,21.0241,21.0754,21.1359,21.1873,21.2241,21.2589,21.2958,21.3434,21.391,21.4316,21.4829,21.5472,21.6114,21.6627,21.7033,21.7546,21.8189,21.8868,21.9584,22.0392,22.1179,22.1751,22.2301,22.2906,22.342,22.3826,22.4339,22.4981,22.5623,22.61,22.634,22.658,22.7019,22.7495,22.7864,22.8211,22.858,22.9094,22.9736,23.0415,23.1094,23.1811,23.2656,23.3645,23.4693,23.5849,23.6968,23.785,23.8603,23.9485,24.0604,24.1722,24.2642,24.3561,24.4679,24.5798,24.668,24.747,24.8481,24.9707,25.0792,25.1914,25.3307,25.4591,25.551,25.6226,25.6906,25.7548,25.8061,25.843,25.8741,25.8943,25.9183,25.966,26.0265,26.0778,26.1147,26.1495,26.1863,26.234,26.2816,26.3185,26.3532,26.3864,26.4211,26.458,26.5057,26.5533,26.5902,26.6212,26.6415,26.6655,26.7131,26.7774,26.8453,26.9132,26.9774,27.0288,27.0693,27.1207,27.1849,27.2528,27.3208,27.385,27.4363,27.4732,27.5042

Position pixel : 7.4528,7.4528,7.4528,7.4528,7.4528,7.4491,7.4325,7.4052,7.3886,7.3812,7.3646,7.3373,7.317,7.293,7.2491,7.2014,7.1645,7.1298,7.0929,7.0416,6.9811,6.9297,6.8891,6.8415,6.7939,6.757,6.7259,6.7057,6.6854,6.6543,6.6174,6.5661,6.5019,6.4377,6.3863,6.3495,6.3147,6.2815,6.2505,6.2302,6.2062,6.1623,6.1146,6.0741,6.0264,5.9788,5.9419,5.9072,5.8703,5.8226,5.775,5.7381,5.7034,5.6665,5.6152,5.5509,5.483,5.4151,5.3509,5.2995,5.2627,5.2279,5.1947,5.16,5.1231,5.0718,5.0075,4.9396,4.8754,4.8278,4.8038,4.7835,4.7524,4.7193,4.6882,4.6679,4.6476,4.6203,4.6037,4.6,4.5963,4.5797,4.5524,4.5358,4.5321,4.5321,4.5321,4.5321,4.5321,4.5358,4.5524,4.5834,4.6166,4.6513,4.6845,4.723,4.7764,4.8551,4.9359,5.0112,5.0958,5.191,5.2755,5.3472,5.4151,5.483,5.5509,5.6189,5.6868,5.7621,5.8669,6.0061,6.1346,6.2228,6.2778,6.3221,6.39,6.4816,6.5624,6.6174,6.6543,6.6891,6.7259,6.7773,6.8415,6.9057,6.9571,6.9976,7.0453,7.0892,7.1132,7.1335,7.1608,7.1774,7.1848,7.2014,7.2288,7.2454,7.2491,7.2491,7.2491,7.2454,7.2288,7.2014,7.1848

Brightness max : 733.91
Brightness min : 238.00
Feature direction : Ambiguous
Feature speed : Slow
Feature type : Curve
Start frame : 1
End frame : 73
Start time (s) : 0.000
End time (s) : 73.000
Time step (s) : 1.014

Feature number : 2

Time (s) : 39.983,40.0313,40.0964,40.1653,40.2342,40.303,40.3719,40.4408,40.5096,40.5785,40.6474,40.7162,40.7889,40.8746,40.9711,41.0568,41.1295,41.1983,41.2672,41.3323,41.3844,41.4255,41.4775,41.5427,41.6115,41.6804,41.753,41.8387,41.9353,42.021,42.0936,42.1625,42.2351,42.3208,42.4174,42.5031,42.5757,42.6483,42.734,42.8306,42.92,43.0095,43.1061,43.1917,43.2644,43.3332,43.4021,43.471,43.5361,43.5881,43.6293,43.6813,43.7464,43.8116,43.8636,43.9047,43.953,44.0013,44.0425,44.0945,44.1596,44.2323,44.3179,44.4145,44.5002,44.5729,44.638,44.69,44.7349,44.8075,44.9134,45.01,45.068,45.107,45.1444,45.1964,45.2615,45.3266,45.3787,45.4198,45.4719,45.537,45.6059,45.6747,45.7436,45.8125,45.8813,45.9502,46.0228,46.1085,46.2089,46.3114,46.4117,46.4974,46.57,46.6389,46.704,46.7561,46.7972,46.8492,46.9144,46.9832,47.0521,47.121,47.1898,47.2587,47.3276,47.3964,47.4653,47.5342,47.603,47.6719,47.7408,47.8096,47.8785,47.9474,48.0162,48.0851,48.154,48.2229,48.2992,48.398,48.5055,48.5803,48.6398,48.7049,48.7738,48.8427,48.9115,48.9842,49.0736,49.1908,49.321,49.4419,49.5482,49.6485,49.7342,49.8068,49.8757,49.9445,50.0134,50.0823,50.1512,50.22,50.2889,50.3578,50.4266,50.4955,50.5681,50.6538,50.7466,50.8155,50.8604,50.9125,50.9738,51.0259,51.067,51.1191,51.1804,51.2362,51.2942,51.374,51.4559,51.5285,51.5974,51.6662,51.7351,51.804,51.8729,51.9417,52.0068,52.0589,52.1,52.1558,52.2415,52.3587,52.4889,52.6061,52.6955,52.7681,52.837,52.9021,52.9542,52.9953,53.0474,53.1125,53.1813,53.2502,53.3153,53.3674,53.4048,53.44,53.4774,53.5294,53.5908,53.6428,53.684,53.7323,53.7806,53.8217,53.87,53.9183,53.9557,53.9909,54.0283,54.0804,54.1417,54.1938,54.2312,54.2664,54.3,54.3353,54.3727,54.4247,54.4898,54.5549,54.607,54.6481,54.7039,54.7859,54.8825,54.9644,55.0165

Position (um) : 0.8528,0.85103,0.84811,0.84634,0.84595,0.84595,0.84595,0.84595,0.84595,0.84595,0.84595,0.84595,0.84595,0.84555,0.84379,0.84087,0.8387,0.83654,0.83362,0.83145,0.82929,0.82637,0.8246,0.82421,0.82421,0.82421,0.82381,0.82204,0.81912,0.81735,0.81696,0.81656,0.81479,0.81188,0.80971,0.80755,0.80463,0.80286,0.80207,0.8003,0.79738,0.79561,0.79522,0.79482,0.79305,0.79013,0.78836,0.78797,0.78757,0.7858,0.78249,0.77895,0.77564,0.77347,0.77091,0.76623,0.76114,0.75721,0.7539,0.75173,0.74917,0.74409,0.73724,0.73038,0.72491,0.72097,0.71726,0.71372,0.71002,0.70648,0.70277,0.69923,0.69552,0.69198,0.68827,0.68473,0.68142,0.67926,0.67709,0.67378,0.67024,0.66693,0.66516,0.66437,0.6626,0.65968,0.65791,0.65751,0.65751,0.65751,0.65751,0.65712,0.65535,0.65243,0.65066,0.65027,0.64987,0.6481,0.64518,0.64341,0.64302,0.64302,0.64302,0.64302,0.64302,0.64302,0.64302,0.64302,0.64302,0.64262,0.64085,0.63794,0.63617,0.63577,0.63577,0.63577,0.63577,0.63577,0.63577,0.63577,0.63538,0.634,0.63285,0.634,0.63538,0.63577,0.63577,0.63577,0.63577,0.63577,0.63538,0.63361,0.63069,0.62892,0.62852,0.62852,0.62852,0.62852,0.62852,0.62852,0.62852,0.62852,0.62852,0.62852,0.62852,0.62852,0.62852,0.62852,0.62852,0.62852,0.62892,0.63069,0.63361,0.63538,0.63617,0.63794,0.64164,0.64695,0.65358,0.65928,0.66516,0.67161,0.67709,0.68103,0.68473,0.68867,0.69415,0.7006,0.70608,0.71041,0.71589,0.72274,0.72999,0.73763,0.74665,0.75681,0.76544,0.7717,0.7778,0.78659,0.79659,0.80538,0.81148,0.81735,0.82421,0.83185,0.84087,0.85103,0.86005,0.86769,0.87494,0.88179,0.88727,0.8912,0.89491,0.89845,0.90177,0.90393,0.90609,0.90941,0.91334,0.91843,0.92351,0.92744,0.93115,0.93469,0.9384,0.94194,0.94565,0.94919,0.95289,0.95643,0.95975,0.96152,0.96191,0.96231,0.96408,0.96699,0.96876,0.96955,0.97132,0.97424,0.97601

Intensity : 389.6351,388.6706,387.0062,386.1379,386.2039,386.5386,386.8734,387.2081,387.5429,387.9003,388.3029,388.7056,389.1302,389.3599,388.7067,387.1961,386.1247,385.0289,383.41,382.2867,381.0864,379.3008,378.3698,378.4639,379.5957,381.2002,382.615,383.3603,383.5282,384.24,385.6256,386.9223,387.3068,387.1408,387.7502,388.0944,387.571,386.8501,386.8156,386.1221,384.5259,383.7796,384.1004,384.3511,383.4915,381.7478,380.859,380.9974,381.1115,380.1123,378.0015,375.8692,374.0475,373.0919,371.718,368.6621,365.3995,362.9985,360.99,359.9514,358.7699,356.4673,353.9288,351.5088,349.6662,348.4628,347.1941,345.7789,344.2304,342.9715,341.8762,340.8041,339.3689,337.8814,336.3003,334.9156,333.7459,333.1536,332.4653,331.124,329.7553,328.6027,328.2496,328.2112,327.6172,326.4487,325.8494,325.9351,326.2332,326.585,326.9969,327.219,326.7386,325.6157,325.0158,325.0943,325.2214,324.5851,323.31,322.6699,322.7921,323.1335,323.4749,323.8163,324.1578,324.4992,324.8406,325.182,325.5234,325.6617,325.0914,324.1276,323.4988,323.4113,323.4792,323.5472,323.6151,323.683,323.7509,323.8189,323.7387,323.2949,322.949,323.4747,324.0747,324.3761,324.5911,324.8062,325.0212,325.248,325.3778,325.083,324.4221,324.1765,324.3926,324.7328,323.9943,322.8472,321.7594,320.6715,319.5837,318.4959,317.4081,316.3203,315.2325,314.1446,313.0568,311.969,310.8219,309.4684,308.2457,307.807,307.977,307.7369,307.1084,306.8499,307.4751,309.0158,310.9476,312.5305,314.1153,315.565,316.5238,316.9604,317.3359,317.7728,318.7049,319.8275,320.4969,320.6695,321.2886,322.6297,324.2975,325.701,326.7666,329.4411,330.7478,330.9426,331.6723,334.7829,338.8341,342.2385,344.4367,346.6618,349.1421,351.718,354.8123,358.3617,362.7623,366.9273,371.0512,374.8887,377.6892,379.0484,379.972,380.9656,382.049,382.1759,382.078,382.8813,383.8107,385.401,387.293,388.5154,389.4945,389.8354,389.9067,390.1541,390.9777,391.7496,392.6456,393.3574,393.8314,393.0715,390.9101,388.7454,388.0483,388.5666,387.7003,386.0827,386.1445,387.0766,387.5638

Time pixel : 39.4353,39.4829,39.5472,39.6151,39.683,39.7509,39.8189,39.8868,39.9547,40.0226,40.0906,40.1585,40.2301,40.3146,40.4099,40.4944,40.566,40.634,40.7019,40.7661,40.8174,40.858,40.9094,40.9736,41.0415,41.1094,41.1811,41.2656,41.3608,41.4454,41.517,41.5849,41.6565,41.741,41.8363,41.9208,41.9925,42.0641,42.1486,42.2439,42.3321,42.4203,42.5156,42.6001,42.6717,42.7396,42.8075,42.8755,42.9397,42.991,43.0316,43.0829,43.1472,43.2114,43.2627,43.3033,43.3509,43.3986,43.4392,43.4905,43.5547,43.6263,43.7109,43.8061,43.8906,43.9623,44.0265,44.0778,44.1221,44.1937,44.2982,44.3935,44.4506,44.4891,44.5259,44.5773,44.6415,44.7057,44.7571,44.7976,44.849,44.9132,44.9811,45.0491,45.117,45.1849,45.2528,45.3208,45.3924,45.4769,45.5759,45.677,45.7759,45.8604,45.9321,46,46.0642,46.1156,46.1561,46.2075,46.2717,46.3396,46.4075,46.4755,46.5434,46.6113,46.6792,46.7472,46.8151,46.883,46.9509,47.0189,47.0868,47.1547,47.2226,47.2906,47.3585,47.4264,47.4943,47.5623,47.6376,47.735,47.841,47.9148,47.9735,48.0377,48.1057,48.1736,48.2415,48.3131,48.4013,48.5169,48.6454,48.7646,48.8694,48.9684,49.0529,49.1245,49.1925,49.2604,49.3283,49.3962,49.4642,49.5321,49.6,49.6679,49.7358,49.8038,49.8754,49.9599,50.0515,50.1194,50.1637,50.215,50.2755,50.3269,50.3675,50.4188,50.4793,50.5344,50.5915,50.6702,50.751,50.8226,50.8906,50.9585,51.0264,51.0943,51.1623,51.2302,51.2944,51.3457,51.3863,51.4414,51.5259,51.6414,51.7699,51.8854,51.9737,52.0453,52.1132,52.1774,52.2288,52.2693,52.3207,52.3849,52.4528,52.5208,52.585,52.6363,52.6732,52.7079,52.7448,52.7962,52.8567,52.908,52.9486,52.9962,53.0439,53.0844,53.1321,53.1797,53.2166,53.2513,53.2882,53.3396,53.4001,53.4514,53.4883,53.523,53.5562,53.591,53.6278,53.6792,53.7434,53.8076,53.859,53.8995,53.9546,54.0354,54.1307,54.2115,54.2628

Position pixel : 7.9925,7.9759,7.9486,7.932,7.9283,7.9283,7.9283,7.9283,7.9283,7.9283,7.9283,7.9283,7.9283,7.9246,7.908,7.8807,7.8604,7.8401,7.8127,7.7925,7.7722,7.7448,7.7282,7.7245,7.7245,7.7245,7.7208,7.7042,7.6769,7.6603,7.6566,7.6529,7.6363,7.609,7.5887,7.5684,7.541,7.5245,7.5171,7.5005,7.4731,7.4565,7.4528,7.4491,7.4325,7.4052,7.3886,7.3849,7.3812,7.3646,7.3336,7.3004,7.2693,7.2491,7.2251,7.1811,7.1335,7.0966,7.0656,7.0453,7.0213,6.9737,6.9094,6.8452,6.7939,6.757,6.7222,6.6891,6.6543,6.6211,6.5864,6.5532,6.5185,6.4853,6.4505,6.4174,6.3863,6.366,6.3457,6.3147,6.2815,6.2505,6.2339,6.2265,6.2099,6.1826,6.166,6.1623,6.1623,6.1623,6.1623,6.1586,6.142,6.1146,6.098,6.0943,6.0906,6.0741,6.0467,6.0301,6.0264,6.0264,6.0264,6.0264,6.0264,6.0264,6.0264,6.0264,6.0264,6.0227,6.0061,5.9788,5.9622,5.9585,5.9585,5.9585,5.9585,5.9585,5.9585,5.9585,5.9548,5.9419,5.9311,5.9419,5.9548,5.9585,5.9585,5.9585,5.9585,5.9585,5.9548,5.9382,5.9109,5.8943,5.8906,5.8906,5.8906,5.8906,5.8906,5.8906,5.8906,5.8906,5.8906,5.8906,5.8906,5.8906,5.8906,5.8906,5.8906,5.8906,5.8943,5.9109,5.9382,5.9548,5.9622,5.9788,6.0135,6.0633,6.1254,6.1789,6.2339,6.2944,6.3457,6.3826,6.4174,6.4543,6.5056,6.5661,6.6174,6.658,6.7094,6.7736,6.8415,6.9131,6.9976,7.0929,7.1737,7.2325,7.2896,7.372,7.4657,7.5481,7.6053,7.6603,7.7245,7.7962,7.8807,7.9759,8.0604,8.1321,8.2,8.2642,8.3156,8.3524,8.3872,8.4204,8.4514,8.4717,8.492,8.523,8.5599,8.6075,8.6552,8.6921,8.7268,8.76,8.7947,8.8279,8.8627,8.8958,8.9306,8.9638,8.9948,9.0114,9.0151,9.0188,9.0354,9.0627,9.0793,9.0867,9.1033,9.1307,9.1472

Brightness max : 733.91
Brightness min : 238.00
Feature direction : Ambiguous
Feature speed : Slow
Feature type : Curve
Start frame : 1
End frame : 73
Start time (s) : 0.000
End time (s) : 73.000
Time step (s) : 1.014

