KYMOANALYSIS DATA

General Information :

Tiff path : E:\Google Drive\microtubule dynamics and cut7\19-15 screens and tests\cut11-7\17-08-03 (cut7-3GFP dynamics, mts)\37 degree monopolar image data\
Spindle type : Monopolar
Start frame : 1
End frame : 26
Start time (s) : 0.000
End time (s) : 166.359999988
Time step (s) : 6.398461538
Num poles : 1
Num tracks : 4
Num tracks poleward : 1
Num tracks antipoleward : 3
Num tracks ambiguous : 0
Comments : {

}
Poles Information :


Pole number : 1

Time (s) : 7.22405503025,13.846142799,20.4681665831,27.0902543519,33.7123421206,40.3343659048,46.9564536735,53.5785414423,60.2005652264,66.8223330721,73.4447407639,80.0665086096,86.6889163014,93.3106841471,99.9330918389,106.554859685,113.177267376,119.799035222,126.421442914,133.04321076,139.665618451,146.287386297,152.909154143,159.531561835,166.15332968

Position (um) : 0.1394,0.1394,0.1394,0.1394,0.1394,0.1394,0.1394,0.1394,0.1394,0.1394,0.1394,0.1394,0.1394,0.1394,0.1394,0.1394,0.1394,0.1394,0.1394,0.1394,0.1394,0.1394,0.1394,0.1394,0.1394

Intensity : 1648.0375,1707.4708,1750.8136,1773.5548,1799.5487,1919.6763,2043.1912,2050.4818,1923.0352,1779.6141,1702.8315,1693.2851,1663.7815,1584.3656,1506.9948,1502.1757,1578.4657,1613.4119,1630.4753,1644.6669,1716.7759,1712.1489,1642.73,1497.0334,1401.7633

Time pixel : 1.12903,2.16398,3.19892,4.23387,5.26882,6.30376,7.33871,8.37366,9.4086,10.4435,11.4785,12.5134,13.5484,14.5833,15.6183,16.6532,17.6882,18.7231,19.7581,20.793,21.828,22.8629,23.8978,24.9328,25.9677

Position pixel : 1.3065,1.3065,1.3065,1.3065,1.3065,1.3065,1.3065,1.3065,1.3065,1.3065,1.3065,1.3065,1.3065,1.3065,1.3065,1.3065,1.3065,1.3065,1.3065,1.3065,1.3065,1.3065,1.3065,1.3065,1.3065

Pole type : Line
Start frame : 1
End frame : 26
Start time (s) : 0.000
End time (s) : 166.359999988
Time step (s) : 6.398461538

Feature Information :


Feature number : 1

Time (s) : 54.1156922884,54.3235783038,54.6199550422,54.9887623653,55.4206585191,55.8618324421,56.2937285959,56.662535919,56.9751007651,57.2714775036,57.5679182266,57.8642949651,58.1607356881,58.4571124266,58.7535531496,59.049929888,59.3463706111,59.6266232265,59.8506333649,60.0276787957,60.2517529187,60.5158174264,60.7398915495,60.9169369802,61.1409471187,61.421199734,61.7176404571,61.9978930725,62.2219032109,62.3989486417,62.6230227647,62.9032753801,63.1996521185,63.4960928416,63.79246958,64.0889103031,64.4011552261,64.7703464569,65.2022426107,65.6597326106,66.1639313798,66.6521339952,67.0693136875,67.5261638413,68.061715072,68.5352012258,69.0086873796,69.5595949181,70.0893875334,70.6262184564,71.1867236872,71.7069186102,72.180404764,72.7172356871,73.366039687,74.09418461,74.8479233792,75.6490107638,76.4174659945,77.0425956868,77.6043806098,78.2602229174,79.0299578405,79.9916466096,81.0870632249,82.0487519941,82.8351229171,83.5632678401,84.2447039939,84.9261401477,85.6542850707,86.3920276861,87.1201726091,87.7856126091,88.3941063013,88.9872436859,89.5963772243,90.3098056858,91.271494455,92.4392136856,93.5851781471,94.7650544547,96.1317658392,97.3410750699,98.2323807621,98.976521839,99.625325839,100.178152916,100.723941685,101.347791685,101.908296916,102.325476608,102.726660146,103.214862762,103.735057685,104.2648503,104.832393839,105.394178762,106.140239377,107.261249838,108.516627992,109.389378146,109.791841377,110.032423531,110.256369684,110.505909684,110.848867223,111.218058454,111.619241992,112.123440761,112.699942146,113.292439684,113.901573223,114.583009376,115.383456915,116.224214761,116.93636353,117.426485684,117.843665376,118.331867991,118.836066761,119.341545222,120.022981376,120.975712299,122.12167676,123.329066453,124.404647837,125.510301991,126.791913837,128.14390876,129.322505375,130.32322476,131.23820476,132.174299683,133.031053683,133.761118144,134.49886076,135.273714452,135.964748298,136.652582913,137.45494999,138.577240144,140.048886298,141.548045836,142.843734297,143.758074451,144.415836297,145.02432999,145.722402143,146.563159989,147.378323989,147.940108912,148.373924605,148.84549122,149.310019528,149.857087989,150.761190605,151.85660722,152.940506604,154.287382758,155.901714604,157.304257373,158.402873219,159.355604142,160.165649373,160.837487835,161.36728045,161.799176604,162.095425373,162.288658911,162.512605065,162.776861527,163.000807681,163.178045065,163.401991219,163.666247681,163.890193834,164.067431219,164.274741373,164.482691373,164.659928757,164.867878757,165.075828757,165.253066142,165.460376296,165.652330142

Position (um) : 2.4798,2.481,2.4833,2.4857,2.4879,2.4894,2.4909,2.4929,2.4941,2.4946,2.4958,2.4978,2.499,2.4993,2.4993,2.4993,2.4993,2.4996,2.5008,2.5028,2.504,2.5045,2.5057,2.5077,2.5092,2.5107,2.5127,2.5141,2.5156,2.5176,2.5188,2.5193,2.5206,2.5228,2.5252,2.5278,2.5302,2.5324,2.5336,2.5342,2.5357,2.5389,2.5423,2.545,2.5475,2.5499,2.5522,2.5537,2.5552,2.5574,2.5598,2.5621,2.5636,2.565,2.5673,2.5697,2.5722,2.5747,2.5772,2.5799,2.5833,2.5868,2.5898,2.5935,2.5982,2.6031,2.6078,2.6118,2.6159,2.6217,2.6278,2.6348,2.6441,2.6543,2.6619,2.6674,2.6723,2.6778,2.6849,2.6926,2.6985,2.7052,2.7138,2.7212,2.7267,2.7316,2.7363,2.74,2.743,2.747,2.7529,2.7598,2.766,2.7714,2.7773,2.7833,2.7887,2.7949,2.8026,2.8125,2.8238,2.8337,2.8416,2.8488,2.8549,2.8599,2.8639,2.868,2.874,2.8811,2.8883,2.8947,2.9012,2.9084,2.9157,2.9235,2.932,2.9415,2.95,2.9575,2.9637,2.9692,2.9756,2.9845,2.9963,3.0089,3.019,3.0267,3.0326,3.0369,3.041,3.0465,3.0517,3.0573,3.0651,3.0724,3.0788,3.0851,3.0917,3.0999,3.109,3.1204,3.1342,3.1475,3.1587,3.1675,3.1753,3.1824,3.1884,3.1925,3.1965,3.2012,3.2059,3.2096,3.2126,3.2163,3.221,3.2259,3.2311,3.237,3.243,3.2484,3.2544,3.2602,3.2654,3.2701,3.2736,3.2753,3.2771,3.2803,3.2835,3.2852,3.2867,3.2887,3.2899,3.2904,3.2916,3.2936,3.2951,3.2966,3.2986,3.3,3.3015,3.3035,3.3047,3.305

Intensity : 487.4063,487.9219,488.7282,489.6787,490.718,491.6696,492.6067,493.5011,494.1967,494.7776,495.4454,496.4448,497.3653,498.1628,498.9221,499.6812,500.4406,501.1998,501.9645,502.74,503.5189,504.2981,505.0885,505.8949,506.7453,507.7569,508.9122,509.9432,510.8311,511.6907,512.5421,513.4293,514.4955,515.7821,517.1147,518.1637,518.6084,519.0366,519.2464,519.3161,519.6127,520.3651,521.2353,521.9471,522.6657,523.3864,524.101,524.6328,525.1892,525.2591,524.4286,523.4031,522.2488,520.9577,519.5174,517.9678,516.4617,514.9127,513.562,511.9526,509.8865,507.3856,504.2336,500.3718,496.1757,492.812,490.3158,489.1682,489.3044,490.0317,490.9556,492.2887,494.6448,497.5713,499.8194,501.4087,501.3874,497.7459,493.0314,487.5174,482.1385,476.9938,472.4936,474.8291,476.7174,478.4881,480.2111,481.6758,482.9591,484.6688,486.9506,489.4954,489.0168,487.2719,484.5455,481.084,477.4083,473.8915,469.3048,462.545,455.3075,453.9321,454.2171,454.5931,454.8807,455.0235,454.9649,454.8762,454.8843,454.8102,454.0533,453.3277,452.6278,451.8993,450.6305,448.0756,446.1717,445.1607,444.457,443.6283,442.7907,442.0044,441.0057,439.8656,438.1731,435.933,433.7489,431.3103,428.3081,425.2245,423.7039,422.5202,421.5156,420.5721,419.8951,419.4349,418.884,417.783,416.8566,415.9294,414.8238,413.3213,411.4657,411.0512,411.9514,412.7872,413.577,414.367,415.1538,415.8809,416.3682,416.4019,416.2633,416.0724,415.8656,415.6501,415.2534,414.7806,414.3802,413.8694,413.0833,412.315,411.7184,411.16,410.4286,409.2679,408.3163,407.5048,406.9486,406.6046,406.1897,405.6714,405.227,404.8755,404.4202,403.877,403.4145,403.0437,402.6063,402.1631,401.7772,401.3246,400.8675,400.4665,400.0046,399.5852

Time pixel : 8.45761,8.4901,8.53642,8.59406,8.66156,8.73051,8.79801,8.85565,8.9045,8.95082,8.99715,9.04347,9.0898,9.13612,9.18245,9.22877,9.2751,9.3189,9.35391,9.38158,9.4166,9.45787,9.49289,9.52056,9.55557,9.59937,9.6457,9.6895,9.72451,9.75218,9.7872,9.831,9.87732,9.92365,9.96997,10.0163,10.0651,10.1228,10.1903,10.2618,10.3406,10.4169,10.4821,10.5535,10.6372,10.7112,10.7852,10.8713,10.9541,11.038,11.1256,11.2069,11.2809,11.3648,11.4662,11.58,11.6978,11.823,11.9431,12.0408,12.1286,12.2311,12.3514,12.5017,12.6729,12.8232,12.9461,13.0599,13.1664,13.2729,13.3867,13.502,13.6158,13.7198,13.8149,13.9076,14.0028,14.1143,14.2646,14.4471,14.6262,14.8106,15.0242,15.2132,15.3525,15.4688,15.5702,15.6566,15.7419,15.8394,15.927,15.9922,16.0549,16.1312,16.2125,16.2953,16.384,16.4718,16.5884,16.7636,16.9598,17.0962,17.1591,17.1967,17.2317,17.2707,17.3243,17.382,17.4447,17.5235,17.6136,17.7062,17.8014,17.9079,18.033,18.1644,18.2757,18.3523,18.4175,18.4938,18.5726,18.6516,18.7581,18.907,19.0861,19.2748,19.4429,19.6157,19.816,20.0273,20.2115,20.3679,20.5109,20.6572,20.7911,20.9052,21.0205,21.1416,21.2496,21.3571,21.4825,21.6579,21.8879,22.1222,22.3247,22.4676,22.5704,22.6655,22.7746,22.906,23.0334,23.1212,23.189,23.2627,23.3353,23.4208,23.5621,23.7333,23.9027,24.1132,24.3655,24.5847,24.7564,24.9053,25.0319,25.1369,25.2197,25.2872,25.3335,25.3637,25.3987,25.44,25.475,25.5027,25.5377,25.579,25.614,25.6417,25.6741,25.7066,25.7343,25.7668,25.7993,25.827,25.8594,25.8894

Position pixel : 23.2409,23.2522,23.2734,23.296,23.3172,23.331,23.3449,23.3635,23.3748,23.3799,23.3912,23.4098,23.4211,23.4237,23.4237,23.4237,23.4237,23.4262,23.4375,23.4562,23.4675,23.4725,23.4838,23.5025,23.5163,23.5302,23.5488,23.5626,23.5765,23.5951,23.6064,23.6115,23.6228,23.644,23.6666,23.6903,23.7129,23.7341,23.7454,23.7505,23.7643,23.7943,23.8268,23.8519,23.8756,23.8982,23.9194,23.9332,23.9471,23.9683,23.9909,24.0121,24.0259,24.0397,24.0609,24.0835,24.1072,24.1299,24.1536,24.1787,24.2112,24.2437,24.2714,24.3064,24.3502,24.3965,24.4403,24.4778,24.5168,24.5705,24.6281,24.6933,24.7809,24.8759,24.9473,24.9987,25.045,25.0964,25.1628,25.2352,25.2905,25.3532,25.4343,25.5032,25.5546,25.6009,25.6447,25.6798,25.7074,25.745,25.8001,25.8651,25.9227,25.9741,26.0292,26.0854,26.1357,26.1944,26.2658,26.3585,26.4648,26.5574,26.6314,26.6989,26.7565,26.8029,26.8404,26.8794,26.9356,27.002,27.0695,27.1297,27.1898,27.2573,27.3263,27.3988,27.4791,27.5678,27.648,27.7181,27.7757,27.8271,27.8872,27.9711,28.0813,28.2,28.2941,28.3666,28.4217,28.4618,28.5008,28.5519,28.6008,28.6536,28.7259,28.7948,28.855,28.9137,28.9753,29.0527,29.138,29.2445,29.3744,29.4985,29.6035,29.6863,29.7589,29.8253,29.8815,29.9205,29.958,30.0018,30.0456,30.0806,30.1083,30.1433,30.1871,30.2334,30.2823,30.3374,30.3936,30.4439,30.5001,30.5552,30.604,30.6478,30.6803,30.6967,30.713,30.743,30.773,30.7893,30.8032,30.8218,30.8331,30.8382,30.8495,30.8682,30.882,30.8958,30.9145,30.9283,30.9421,30.9608,30.9721,30.9746

Brightness max : 807.98
Brightness min : 278.00
Feature direction : Antipoleward
Feature speed : Slow
Feature type : Curve
Start frame : 1
End frame : 26
Start time (s) : 0.000
End time (s) : 166.359999988
Time step (s) : 6.398461538

Feature number : 2

Time (s) : 7.79550163021,8.36848386093,9.59391721469,10.8638198761,11.7020183376,12.2583005837,12.7578924606,13.2574203529,13.7568202759,14.2560282451,14.7551722297,15.2541242604,15.7528843373,16.251516445,16.7216753988,17.0931060911,17.3821245987,17.7248901833,18.0673998295,18.3557145064,18.725929491,19.1660796602,19.5357187832,19.8227537678,20.1917530447,20.658840737,21.1538257216,21.6484267984,22.170861183,22.8197291676,23.6487778291,24.4774425828,25.1250308751,25.6170725674,25.9819128443,26.2641489827,26.6281574596,27.1184715673,27.7352192749,28.433739321,29.0496552287,29.5384976902,29.9002667055,30.1795595517,30.5408806747,31.0004181824,31.4881089208,32.0040808592,32.5901159515,33.1599629361,33.5372162284,33.7999370591,34.022539536,34.2858362283,34.6642412437,35.2358797975,35.8244102897,36.3433255205,36.8347913512,37.2988077819,37.6653116588,37.9222738742,38.1641357203,38.3951841665,38.6395414126,38.8732772126,39.1204497818,39.3853460895,39.7624074279,40.2395407048,40.7184015663,41.1005176893,41.3739239509,41.6329336739,41.9099870585,42.2711802123,42.63422892,42.9172968584,43.1864801353,43.4742829353,43.8467373815,44.2214952737,44.5163363814,44.7688196737,44.9129130275,44.9605175814,44.9818244583,45.0332680891,45.1848476429,45.4202470429,45.6031790582,45.7874547505,46.0268851813,46.1851191351,46.2459045197,46.2791765197,46.3414335505,46.5027387659,46.7467121043,46.9087851351,46.9725777966,47.008281212,47.0439206428,47.1078412735,47.2700422735,47.5142075658,47.6759606735,47.7387935658,47.7729613504,47.8066812427,47.8682344427,48.0277480888,48.2689061042,48.4273320119,48.486709735,48.5172943811,48.5472391811,48.5766721042,48.6338103657,48.7889090734,49.0257161349,49.1797910888,49.2348818426,49.2612435041,49.287221258,49.3127511195,49.3378970734,49.3626591195,49.3871012426,49.4112234426,49.4350257195,49.458572058,49.4819264426,49.5049609041,49.5278034118,49.5787351657,49.7280112733,49.9592516733,50.1081438733,50.186716981,50.3353532425,50.5660817656,50.714398104,50.7641781348,50.7700647194,50.7700647194,50.7700647194,50.7983459194,50.9250994425,51.1340731963,51.2608267194,51.2891079194,51.2891079194,51.2891079194,51.317453104,51.4442066271,51.6814615809,51.934968627,52.1722235809,52.3272583039,52.482293027,52.6912667808,52.8180203039,52.8463015039,52.8463015039,52.8745827039,53.0013362269,53.2103099808,53.3370635038,53.3653447038,53.3653447038,53.3653447038,53.3653447038,53.3936259038,53.5203794269,53.7294171654,53.8844518884,54.0394866115,54.2767415653,54.5302486115,54.7675035653,54.9225382883,55.0775730114,55.3148279652,55.5966162114,55.9606886729,56.3246971498,56.6064853959,56.8720215497,57.1255285959,57.3910647497,57.6445717958,57.9101079497,58.1636149958,58.4009339342,58.5559686573,58.7110033804,58.9482583342,59.2300465803,59.5940550572,59.9580635341,60.2398517803,60.5054519187,60.7872401648,61.1795298417,61.6702918417,62.1893350417,62.6800970416,63.0724507031,63.3825201493,63.7748098262,64.2936610723,64.9399056876,65.6674107645,66.3136553798,66.8607238413,67.3796390721,67.8991941489,68.3899561489,68.7821818412,69.0918673796,69.4847329181,69.975494918,70.4944101488,71.0133253795,71.5322406102,72.051155841,72.5707109178,73.0614729178,73.4255453793

Position (um) : 4.8,4.7968,4.7949,4.7952,4.7976,4.8018,4.8063,4.8105,4.8134,4.8163,4.8201,4.8229,4.8258,4.8296,4.8325,4.8353,4.8391,4.842,4.8449,4.8487,4.8511,4.8524,4.8548,4.8586,4.8611,4.8619,4.8622,4.863,4.8655,4.8693,4.8718,4.8727,4.873,4.8739,4.8764,4.8803,4.8828,4.8841,4.8867,4.8906,4.8931,4.8945,4.8975,4.9035,4.91,4.9157,4.9226,4.9313,4.9404,4.949,4.956,4.9611,4.966,4.9716,4.9807,4.9933,5.0065,5.0196,5.0307,5.0402,5.0493,5.0583,5.0673,5.0762,5.0852,5.0941,5.103,5.1119,5.1213,5.1318,5.142,5.1494,5.1565,5.1643,5.1709,5.1762,5.1827,5.1909,5.1999,5.2106,5.2227,5.2333,5.2422,5.2507,5.2591,5.2674,5.2758,5.2841,5.2924,5.3012,5.3116,5.3238,5.3362,5.3484,5.3587,5.3673,5.375,5.3811,5.3858,5.3918,5.3995,5.4076,5.4158,5.4239,5.4321,5.4402,5.4484,5.4566,5.4647,5.4729,5.4806,5.4867,5.4914,5.4975,5.5057,5.5161,5.5278,5.5381,5.5468,5.5551,5.5634,5.5716,5.5799,5.5882,5.5965,5.6048,5.6131,5.6214,5.6297,5.638,5.6463,5.6546,5.663,5.6713,5.6796,5.6875,5.6937,5.6986,5.7048,5.7122,5.7184,5.7233,5.7295,5.7374,5.746,5.7546,5.7633,5.7719,5.7806,5.7892,5.7979,5.8065,5.8152,5.8239,5.8325,5.8412,5.8503,5.8611,5.8732,5.884,5.8931,5.9018,5.9104,5.9191,5.9277,5.9359,5.9425,5.9476,5.9542,5.9624,5.971,5.9797,5.9883,5.9965,6.003,6.0082,6.0143,6.0204,6.0251,6.0295,6.0342,6.0403,6.0463,6.052,6.0606,6.0723,6.0831,6.0922,6.1013,6.1121,6.1238,6.1329,6.1406,6.1507,6.161,6.1696,6.1762,6.1813,6.1879,6.1961,6.2042,6.2108,6.216,6.2225,6.2307,6.2389,6.2454,6.2506,6.2567,6.2627,6.2674,6.2718,6.2766,6.2831,6.2913,6.2995,6.3055,6.3081,6.3091,6.3112,6.3147,6.3168,6.3172,6.3172,6.3172,6.3172,6.3172,6.3172,6.3172,6.3172

Intensity : 678.6473,675.2557,669.514,664.2248,661.4154,660.2811,658.3414,657.1645,656.0305,654.9306,653.9185,652.8916,651.8987,651.0103,650.1563,649.5572,649.2485,648.7642,648.3038,648.0731,647.5544,646.782,647.2607,647.9831,648.6583,649.2342,649.7808,650.4254,651.4509,653.0003,654.604,655.886,656.8398,657.7891,659.7397,661.8079,663.7216,665.6874,668.3739,671.6598,674.2717,676.156,678.0507,680.4379,682.5987,683.6255,684.5476,685.2278,682.514,679.9791,678.2702,677.0919,676.0819,674.921,673.2449,670.8813,668.5647,665.101,659.7819,655.1665,651.0173,647.1919,643.4295,639.7084,635.3034,631.015,626.7242,622.4068,617.4597,610.3075,603.3516,598.2081,593.748,589.0895,584.9395,581.0928,576.6989,571.9851,566.9845,561.2854,554.7778,549.0163,544.3459,540.0615,536.5685,533.2279,529.9205,526.658,523.5295,520.4233,516.7838,512.6173,508.7409,505.6244,502.8359,500.4613,498.4788,497.3659,497.0105,496.0171,494.2271,492.2099,490.2085,488.3641,487.06,486.2744,485.5667,484.4332,483.1464,481.8651,480.8426,480.7266,481.3862,481.3224,480.2927,478.7276,476.9337,475.378,474.3014,474.5329,475.4839,475.8637,475.544,475.0191,474.4949,473.968,473.4417,472.9132,472.3856,471.8561,471.3274,470.7982,470.942,471.1214,471.2971,471.6802,472.79,474.498,475.5813,476.1342,477.1955,478.849,479.8844,480.1896,480.1725,480.1126,480.0389,480.0949,480.8299,482.1171,482.0003,481.7312,481.5868,481.4426,481.1933,480.6068,479.6906,478.8064,478.2907,478.4073,478.5534,478.6787,479.0545,479.6206,480.228,480.7876,481.2198,481.5962,482.1632,482.8972,483.6693,484.2193,484.5625,484.9427,485.5005,486.2742,487.0601,487.937,489.0705,490.3441,491.6947,492.9787,494.3548,496.1487,498.735,502.5069,506.3491,508.4835,510.7164,513.1689,516.0067,518.3653,519.3889,520.7512,522.2685,523.5621,524.6858,525.9145,527.5267,526.8628,526.019,525.3822,525.0637,524.5403,524.1076,524.1352,524.7232,525.5712,525.9533,526.0825,526.8467,526.0408,523.4509,520.5726,517.9716,514.2019,510.0953,507.7658,506.3049,504.5358,502.3515,500.6565,499.5156,497.4062,491.173,484.9399,478.7067,472.4659,466.571,462.1978

Time pixel : 1.21834,1.30789,1.49941,1.69788,1.82888,1.91582,1.9939,2.07197,2.15002,2.22804,2.30605,2.38403,2.46198,2.53991,2.61339,2.67144,2.71661,2.77018,2.82371,2.86877,2.92663,2.99542,3.05319,3.09805,3.15572,3.22872,3.30608,3.38338,3.46503,3.56644,3.69601,3.82552,3.92673,4.00363,4.06065,4.10476,4.16165,4.23828,4.33467,4.44384,4.5401,4.6165,4.67304,4.71669,4.77316,4.84498,4.9212,5.00184,5.09343,5.18249,5.24145,5.28251,5.3173,5.35845,5.41759,5.50693,5.59891,5.68001,5.75682,5.82934,5.88662,5.92678,5.96458,6.00069,6.03888,6.07541,6.11404,6.15544,6.21437,6.28894,6.36378,6.4235,6.46623,6.50671,6.55001,6.60646,6.6632,6.70744,6.74951,6.79449,6.8527,6.91127,6.95735,6.99681,7.01933,7.02677,7.0301,7.03814,7.06183,7.09862,7.12721,7.15601,7.19343,7.21816,7.22766,7.23286,7.24259,7.2678,7.30593,7.33126,7.34123,7.34681,7.35238,7.36237,7.38772,7.42588,7.45116,7.46098,7.46632,7.47159,7.48121,7.50614,7.54383,7.56859,7.57787,7.58265,7.58733,7.59193,7.60086,7.6251,7.66211,7.68619,7.6948,7.69892,7.70298,7.70697,7.7109,7.71477,7.71859,7.72236,7.72608,7.72976,7.73341,7.73701,7.74058,7.74854,7.77187,7.80801,7.83128,7.84356,7.86679,7.90285,7.92603,7.93381,7.93473,7.93473,7.93473,7.93915,7.95896,7.99162,8.01143,8.01585,8.01585,8.01585,8.02028,8.04009,8.07717,8.11679,8.15387,8.1781,8.20233,8.23499,8.2548,8.25922,8.25922,8.26364,8.28345,8.31611,8.33592,8.34034,8.34034,8.34034,8.34034,8.34476,8.36457,8.39724,8.42147,8.4457,8.48278,8.5224,8.55948,8.58371,8.60794,8.64502,8.68906,8.74596,8.80285,8.84689,8.88839,8.92801,8.96951,9.00913,9.05063,9.09025,9.12734,9.15157,9.1758,9.21288,9.25692,9.31381,9.3707,9.41474,9.45625,9.50029,9.5616,9.6383,9.71942,9.79612,9.85744,9.9059,9.96721,10.0483,10.1493,10.263,10.364,10.4495,10.5306,10.6118,10.6885,10.7498,10.7982,10.8596,10.9363,11.0174,11.0985,11.1796,11.2607,11.3419,11.4186,11.4755

Position pixel : 44.9858,44.9557,44.9384,44.9409,44.9633,45.003,45.0452,45.0848,45.1117,45.1386,45.1739,45.2008,45.2277,45.2631,45.2901,45.3171,45.3525,45.3796,45.4067,45.4422,45.465,45.4768,45.4996,45.5353,45.5582,45.5658,45.569,45.5767,45.5998,45.6358,45.6591,45.6669,45.6705,45.6785,45.7019,45.7383,45.7619,45.7745,45.7982,45.8348,45.8586,45.8715,45.8997,45.9563,46.0173,46.0699,46.1354,46.2163,46.3016,46.3825,46.448,46.4961,46.5418,46.5943,46.6794,46.7971,46.9217,47.0437,47.1483,47.2374,47.322,47.4064,47.4907,47.5748,47.6587,47.7425,47.826,47.9094,47.997,48.0953,48.1909,48.2605,48.3273,48.4005,48.4624,48.5113,48.5727,48.6492,48.7343,48.8344,48.9471,49.0466,49.1304,49.2095,49.2883,49.3669,49.4452,49.5232,49.601,49.6831,49.7803,49.8946,50.0113,50.1253,50.2219,50.303,50.3752,50.4319,50.4757,50.5324,50.6043,50.6807,50.7571,50.8335,50.9099,50.9863,51.0628,51.1393,51.2159,51.2925,51.3648,51.4218,51.4659,51.523,51.6,51.6969,51.8067,51.9037,51.9854,52.0628,52.1402,52.2177,52.2952,52.3729,52.4505,52.5283,52.606,52.6839,52.7617,52.8397,52.9176,52.9956,53.0736,53.1517,53.2298,53.3034,53.3618,53.4073,53.4656,53.535,53.5934,53.639,53.6974,53.7713,53.8516,53.9327,54.0138,54.095,54.1761,54.2572,54.3383,54.4194,54.5006,54.5817,54.6628,54.7439,54.8295,54.9304,55.0442,55.1451,55.2307,55.3118,55.3929,55.474,55.5552,55.6319,55.6932,55.7416,55.8029,55.8796,55.9608,56.0419,56.123,56.1997,56.261,56.3095,56.3664,56.4233,56.4673,56.5088,56.5529,56.6097,56.6666,56.7195,56.8006,56.91,57.0109,57.0965,57.182,57.283,57.3923,57.4779,57.5506,57.6445,57.741,57.8222,57.8835,57.9319,57.9932,58.0699,58.1466,58.208,58.2564,58.3177,58.3944,58.4711,58.5324,58.5809,58.6378,58.6947,58.7387,58.7802,58.8243,58.8856,58.9623,59.039,59.0959,59.1201,59.129,59.1488,59.1814,59.2012,59.2057,59.2057,59.2057,59.2057,59.2057,59.2057,59.2057,59.2057

Brightness max : 807.98
Brightness min : 278.00
Feature direction : Antipoleward
Feature speed : Slow
Feature type : Curve
Start frame : 1
End frame : 26
Start time (s) : 0.000
End time (s) : 166.359999988
Time step (s) : 6.398461538

Feature number : 3

Time (s) : 116.421927222,116.472475069,116.566532453,116.667628145,116.773202761,116.896693068,117.10272353,117.369539376,117.576209684,117.699699992,117.805274607,117.905730453,118.011305068,118.112400761,118.217975376,118.318431222,118.424645684,118.52510153,118.630676145,118.731771838,118.837346453,118.937802299,119.043376914,119.144472607,119.250047222,119.362020299,119.50662553,119.651230761,119.763843684,119.880295684,120.031299376,120.220053991,120.37169753,120.48814953,120.600122607,120.756245068,120.951398145,121.158068453,121.364098914,121.570769222,121.77743953,121.994987222,122.25156553,122.541415837,122.797994145,123.015541837,123.222212145,123.417365222,123.561970453,123.634912914,123.707855376,123.840943376,123.997065837,124.171103991,124.421283837,124.762321837,125.298512914,126.049692299,126.768879375,127.254522606,127.54501276,127.762560452,127.96923076,128.175901068,128.381931529,128.588601837,128.828544145,129.197735375,129.703853683,130.155585068,130.507500452,130.881170606,131.333541837,131.829422606,132.292671221,132.70537199,133.079042144,133.45911076,133.904443683,134.345297683,134.718967836,135.048488606,135.422158759,135.863012759,136.308345682,136.666019682,136.927716759,137.112632298,137.33017999,137.608513067,137.876608605,138.144704144,138.445431836,138.75255799,139.053285682,139.30986399,139.516534298,139.683534144,139.868449682,140.169177375,140.548606144,140.899881682,141.167977221,141.374007682,141.530130144,141.653620451,141.798225682,141.942830913,142.066321221,142.222443682,142.406079528,142.56220199,142.685692297,142.841174913,143.03632799,143.254515528,143.52197122,143.862369374,144.213644913,144.531648451,144.843893374,145.162536759,145.569478913,146.161336605,146.878604143,147.510772143,148.107108759,148.743755682,149.553161066,150.635140912,151.962181835,153.260429681,154.220198912,154.958581373,155.846047989,156.937625527,157.946662912,158.784861373,159.655052142,160.681365373,161.694881681,162.488930758,163.298975988,164.346404142,165.37655645,166.013203373,166.275540296,166.348482757

Position (um) : 6.2851,6.2803,6.2709,6.2596,6.249,6.2359,6.2201,6.2061,6.196,6.1885,6.1807,6.1723,6.1636,6.1549,6.1456,6.1367,6.1296,6.1239,6.1179,6.1112,6.1043,6.0974,6.0907,6.0847,6.079,6.0721,6.064,6.0565,6.0502,6.0447,6.0387,6.0318,6.0241,6.0156,6.0067,5.9962,5.9838,5.9707,5.9568,5.9418,5.9271,5.9122,5.8973,5.8836,5.8718,5.8595,5.8463,5.834,5.8243,5.8165,5.8081,5.799,5.7893,5.7766,5.7616,5.7479,5.733,5.7139,5.693,5.6754,5.6636,5.6552,5.6479,5.6394,5.6305,5.6226,5.6148,5.6042,5.5899,5.576,5.5649,5.5548,5.5427,5.5288,5.5155,5.5049,5.4957,5.4863,5.4765,5.4681,5.4615,5.4551,5.4475,5.4393,5.4317,5.4256,5.4204,5.4159,5.4116,5.4078,5.4057,5.4043,5.4019,5.3987,5.3952,5.392,5.3894,5.3875,5.3857,5.3839,5.3813,5.3782,5.3758,5.3746,5.3734,5.3711,5.3687,5.3669,5.3651,5.3634,5.3617,5.3598,5.3572,5.3539,5.3505,5.347,5.3436,5.3402,5.3365,5.3322,5.3274,5.3231,5.3197,5.3171,5.315,5.3126,5.3104,5.3094,5.3092,5.309,5.3082,5.3068,5.3059,5.3057,5.3056,5.3045,5.3023,5.3001,5.299,5.2989,5.2989,5.2987,5.2978,5.2964,5.2956,5.2954,5.2954,5.2954

Intensity : 490.0757,491.0921,493.0431,495.335,497.5314,500.2081,503.6033,506.872,509.2475,510.8966,511.0503,511.1726,511.3019,511.4126,511.5217,511.621,511.7787,511.9494,512.1256,512.2706,512.4227,512.5574,512.7097,512.8628,512.6312,511.8454,510.9639,510.1757,509.505,508.9671,508.4462,507.9085,507.1255,506.1197,505.0275,503.8195,502.442,501.2051,500.292,499.2404,497.3989,495.6763,494.0975,492.8125,491.8514,491.3623,491.0635,490.8575,490.7365,490.6169,490.4956,490.4664,490.4982,490.5521,490.7964,491.8102,493.2711,495.3112,497.3741,498.8854,499.8377,500.5436,500.8646,500.2777,499.7103,499.1829,498.6176,497.8154,496.8105,496.0001,495.4323,494.8877,494.2844,493.7978,493.5681,493.5131,493.5823,493.7783,494.1116,494.5167,494.7945,495.1895,495.823,496.7162,497.7728,498.7557,499.6406,500.4193,501.2517,502.1334,502.7824,503.3513,504.1589,505.1666,506.2536,507.2857,508.1454,508.8122,509.5051,510.4508,511.7429,513.1004,514.1216,514.7593,515.314,516.056,516.8801,517.5771,518.2139,518.8919,519.6385,520.3653,521.2154,522.284,523.473,524.7126,526.0493,527.5265,529.0823,530.4095,531.5831,532.6759,533.8003,535.1221,536.5719,537.8704,539.0764,540.2288,541.5745,543.3691,545.6429,547.9418,551.6969,555.2659,559.5503,564.9116,570.0126,574.2869,578.5752,583.3632,588.0079,591.667,595.4643,600.3994,605.1945,608.1242,609.3238,609.6573

Time pixel : 18.1953,18.2032,18.2179,18.2337,18.2502,18.2695,18.3017,18.3434,18.3757,18.395,18.4115,18.4272,18.4437,18.4595,18.476,18.4917,18.5083,18.524,18.5405,18.5563,18.5728,18.5885,18.605,18.6208,18.6373,18.6548,18.6774,18.7,18.7176,18.7358,18.7594,18.7889,18.8126,18.8308,18.8483,18.8727,18.9032,18.9355,18.9677,19,19.0323,19.0663,19.1064,19.1517,19.1918,19.2258,19.2581,19.2886,19.3112,19.3226,19.334,19.3548,19.3792,19.4064,19.4455,19.4988,19.5826,19.7,19.8124,19.8883,19.9337,19.9677,20,20.0323,20.0645,20.0968,20.1343,20.192,20.2711,20.3417,20.3967,20.4551,20.5258,20.6033,20.6757,20.7402,20.7986,20.858,20.9276,20.9965,21.0549,21.1064,21.1648,21.2337,21.3033,21.3592,21.4001,21.429,21.463,21.5065,21.5484,21.5903,21.6373,21.6853,21.7323,21.7724,21.8047,21.8308,21.8597,21.9067,21.966,22.0209,22.0628,22.095,22.1194,22.1387,22.1613,22.1839,22.2032,22.2276,22.2563,22.2807,22.3,22.3243,22.3548,22.3889,22.4307,22.4839,22.5388,22.5885,22.6373,22.6871,22.7507,22.8432,22.9553,23.0541,23.1473,23.2468,23.3733,23.5424,23.7498,23.9527,24.1027,24.2181,24.3568,24.5274,24.6851,24.8161,24.9521,25.1125,25.2709,25.395,25.5216,25.6853,25.8463,25.9458,25.9868,25.9982

Position pixel : 58.9044,58.859,58.7711,58.6658,58.5661,58.4432,58.2952,58.1636,58.0694,57.9986,57.9255,57.847,57.7659,57.6839,57.5968,57.5132,57.4469,57.3936,57.337,57.2742,57.2097,57.1452,57.0824,57.0258,56.9725,56.908,56.8322,56.7616,56.7032,56.6517,56.595,56.5305,56.4581,56.3788,56.2951,56.1965,56.0806,55.9577,55.8277,55.6867,55.5488,55.4093,55.2698,55.1418,55.0309,54.9158,54.7921,54.6762,54.5855,54.513,54.4337,54.3483,54.2575,54.1389,53.998,53.8696,53.73,53.5514,53.3554,53.1907,53.0798,53.0014,52.9323,52.8531,52.7695,52.6953,52.622,52.5225,52.3885,52.2586,52.1548,52.0596,51.9463,51.8165,51.692,51.5924,51.5061,51.418,51.3257,51.2472,51.1853,51.1259,51.0545,50.9778,50.9064,50.8487,50.8,50.7581,50.7179,50.6823,50.663,50.6499,50.6273,50.5968,50.5645,50.534,50.5096,50.4921,50.4756,50.4581,50.4337,50.405,50.3824,50.371,50.3596,50.3387,50.3161,50.2986,50.2821,50.2663,50.2498,50.2323,50.2079,50.1774,50.1452,50.1129,50.0806,50.0484,50.0144,49.9742,49.929,49.8889,49.8566,49.8322,49.8129,49.7903,49.7695,49.7598,49.7581,49.7563,49.7484,49.7354,49.7276,49.7258,49.724,49.7144,49.6935,49.6727,49.663,49.6613,49.6613,49.6595,49.6517,49.6387,49.6308,49.629,49.629,49.629

Brightness max : 807.98
Brightness min : 278.00
Feature direction : Poleward
Feature speed : Slow
Feature type : Curve
Start frame : 1
End frame : 26
Start time (s) : 0.000
End time (s) : 166.359999988
Time step (s) : 6.398461538

Feature number : 4

Time (s) : 36.9459966127,36.9575138435,37.0413336896,37.3094292281,37.850099228,38.7215696895,39.8457793817,40.8887286124,41.8907276893,43.1940943046,44.7047710737,46.1610609197,47.489381535,48.670537535,49.6654983041,50.551045381,51.3502132271,52.1807335347,53.0003764577,53.6632570731,54.1277853807,54.5743979961,55.1093093806,55.6442207652,56.1023506113,56.5828750728,57.1555373805,57.7096441497,58.3622872266,59.1646543034,59.9286306111,60.5991893802,61.3126178417,62.0318049186,62.6115055339,63.0536392262,63.4375469185,63.6941252262,63.8284929185,63.9231901492

Position (um) : 0.92537,0.92779,0.93104,0.93467,0.94008,0.95089,0.96788,0.98544,1.002,1.0229,1.0485,1.0739,1.096,1.1166,1.1352,1.1519,1.1668,1.1813,1.1945,1.205,1.2133,1.2218,1.2325,1.2444,1.2544,1.2637,1.2746,1.287,1.302,1.3198,1.3375,1.354,1.372,1.3905,1.4062,1.4189,1.4303,1.4387,1.4435,1.4461

Intensity : 424.7595,425.146,425.8929,427.3141,429.9471,433.0034,434.4576,437.0161,440.0939,444.9636,452.4281,456.8322,459.2873,462.2774,465.5437,468.8321,472.0591,473.6121,473.7231,473.8724,474.0689,474.3207,474.707,475.2171,475.6837,476.136,476.7096,475.5732,471.238,466.1539,461.3571,457.1487,452.7589,448.045,442.8303,438.8342,435.3759,432.9517,431.5984,430.8367

Time pixel : 5.7742,5.776,5.7891,5.831,5.9155,6.0517,6.2274,6.3904,6.547,6.7507,6.9868,7.2144,7.422,7.6066,7.7621,7.9005,8.0254,8.1552,8.2833,8.3869,8.4595,8.5293,8.6129,8.6965,8.7681,8.8432,8.9327,9.0193,9.1213,9.2467,9.3661,9.4709,9.5824,9.6948,9.7854,9.8545,9.9145,9.9546,9.9756,9.9904

Position pixel : 8.67268,8.69531,8.72581,8.75982,8.8105,8.9118,9.07101,9.23565,9.3904,9.58646,9.82694,10.0647,10.2717,10.465,10.6395,10.7954,10.9351,11.071,11.1948,11.2933,11.371,11.4504,11.5515,11.6629,11.7563,11.8436,11.9455,12.0615,12.202,12.3692,12.5356,12.6902,12.8584,13.0317,13.179,13.2978,13.4048,13.4833,13.5287,13.5531

Brightness max : 807.98
Brightness min : 278.00
Feature direction : Antipoleward
Feature speed : Slow
Feature type : Curve
Start frame : 1
End frame : 26
Start time (s) : 0.000
End time (s) : 166.359999988
Time step (s) : 6.398461538

