KYMOANALYSIS DATA

General Information :

Tiff path : E:\Google Drive\microtubule dynamics and cut7\19-15 screens and tests\cut11-7\19-06-12&20 (Cut7-3GFP and  mCh-mts, timeseries for modeling data)\
Spindle type : Monopolar
Start frame : 1
End frame : 155
Start time (s) : 0.000
End time (s) : 601.010000005
Time step (s) : 3.877483871
Num poles : 1
Num tracks : 2
Num tracks poleward : 0
Num tracks antipoleward : 0
Num tracks ambiguous : 2
Comments : {

}
Poles Information :


Pole number : 1

Time (s) : 5.28581703282,9.17943899169,13.0730609506,16.9666829094,20.8603048683,24.7539268272,28.647548786,32.5411707449,36.4347927038,40.3284301726,44.2220443765,48.1156585804,52.0092727843,55.9028869882,59.7965399669,63.6901541709,67.5837683748,71.4773825787,75.3709967826,79.2646497613,83.1582639652,87.0518781691,90.945492373,94.8391065769,98.7327595557,102.62637376,106.519987963,110.413602167,114.307216371,118.20086935,122.094483554,125.988097758,129.881711962,133.775326166,137.668979144,141.562593348,145.456207552,149.349821756,153.243474735,157.137088939,161.030703143,164.924317347,168.81793155,172.711584529,176.605198733,180.498812937,184.392427141,188.286041345,192.179694324,196.073308527,199.966922731,203.860536935,207.754151139,211.647804118,215.541418322,219.435032526,223.32864673,227.222260934,231.115913912,235.009528116,238.90314232,242.796756524,246.690370728,250.584023707,254.477637911,258.371252114,262.264866318,266.158480522,270.052133501,273.945747705,277.839361909,281.732976113,285.626590317,289.520243295,293.413857499,297.307471703,301.201085907,305.094700111,308.98835309,312.881967294,316.775581497,320.669195701,324.56284868,328.456462884,332.350077088,336.243691292,340.137305496,344.030958474,347.924572678,351.818186882,355.711801086,359.60541529,363.499068269,367.392682473,371.286296677,375.179910881,379.073525084,382.967178063,386.860792267,390.754212597,394.6479819,398.541751203,402.435132758,406.328902061,410.222671365,414.11605292,418.009822223,421.903203778,425.796973081,429.690742384,433.584123939,437.477893242,441.371662546,445.2650441,449.158813404,453.052194959,456.945964262,460.839733565,464.73311512,468.626884423,472.520653727,476.414035281,480.307804585,484.20118614,488.094955443,491.988724746,495.882106301,499.775875604,503.669257159,507.563026462,511.456795766,515.35017732,519.243946624,523.137715927,527.031097482,530.924866785,534.81824834,538.712017643,542.605786946,546.499168501,550.392937805,554.286707108,558.180088663,562.073857966,565.967239521,569.861008824,573.754778127,577.648159682,581.541928985,585.435698289,589.329079844,593.222849147,597.116230702,601.010000005

Position (um) : 3.5693,3.5686,3.5679,3.5672,3.5665,3.5658,3.5651,3.5644,3.5636,3.5629,3.5622,3.5615,3.5608,3.5601,3.5594,3.5587,3.558,3.5573,3.5566,3.5558,3.5551,3.5544,3.5537,3.553,3.5523,3.5516,3.5509,3.5502,3.5495,3.5487,3.548,3.5473,3.5466,3.5459,3.5452,3.5445,3.5438,3.5431,3.5424,3.5417,3.5409,3.5402,3.5395,3.5388,3.5381,3.5374,3.5367,3.536,3.5353,3.5346,3.5339,3.5331,3.5324,3.5317,3.531,3.5303,3.5296,3.5289,3.5282,3.5275,3.5268,3.5261,3.5253,3.5246,3.5239,3.5232,3.5225,3.5218,3.5211,3.5204,3.5197,3.519,3.5183,3.5175,3.5168,3.5161,3.5154,3.5147,3.514,3.5133,3.5126,3.5119,3.5112,3.5105,3.5097,3.509,3.5083,3.5076,3.5069,3.5062,3.5055,3.5048,3.5041,3.5034,3.5026,3.5019,3.5012,3.5005,3.4998,3.4991,3.4984,3.4977,3.497,3.4963,3.4956,3.4948,3.4941,3.4934,3.4927,3.492,3.4913,3.4906,3.4899,3.4892,3.4885,3.4878,3.487,3.4863,3.4856,3.4849,3.4842,3.4835,3.4828,3.4821,3.4814,3.4807,3.48,3.4792,3.4785,3.4778,3.4771,3.4764,3.4757,3.475,3.4743,3.4736,3.4729,3.4722,3.4714,3.4707,3.47,3.4693,3.4686,3.4679,3.4672,3.4665,3.4658,3.4651,3.4644,3.4636,3.4629,3.4622,3.4615,3.4608

Intensity : 1741.8861,1701.7868,1708.0552,1791.1841,1857.38,1865.4618,1786.174,1700.031,1663.9285,1665.6154,1669.855,1662.9382,1693.4442,1702.0928,1669.1868,1576.7802,1484.3019,1408.1639,1386.4101,1443.8101,1537.5482,1580.413,1554.6494,1535.5994,1557.3744,1581.1726,1601.8903,1616.9161,1631.645,1608.7273,1570.5084,1576.985,1635.1994,1683.0819,1684.7054,1646.9127,1626.2753,1609.1418,1556.698,1506.1508,1466.1774,1454.023,1464.7466,1500.7756,1547.0806,1575.0116,1612.3394,1669.651,1739.0037,1749.678,1723.5521,1731.4576,1776.539,1861.2908,1930.7767,1967.1525,1939.9579,1849.7774,1809.2379,1806.3626,1815.4436,1804.1301,1759.1307,1719.6695,1697.1032,1701.2351,1717.5781,1710.5601,1683.953,1635.682,1598.2703,1555.8291,1510.375,1456.1444,1436.5238,1454.4742,1460.6321,1474.7412,1484.4269,1528.6714,1544.5539,1561.2074,1562.4512,1599.2187,1662.1869,1768.7477,1884.7684,1975.1942,2026.1926,2024.2973,1979.7444,1935.5493,1870.6033,1779.6641,1699.3117,1693.6733,1752.7093,1759.9995,1735.3491,1711.9662,1723.6147,1692.6708,1615.2378,1550.9441,1509.1223,1492.224,1451.2024,1430.7636,1408.4463,1426.9443,1431.3084,1435.2983,1417.1693,1400.2647,1411.0297,1405.2392,1418.9645,1400.1882,1402.3252,1358.6408,1281.5289,1228.1776,1197.8681,1203.1031,1151.3201,1110.9634,1059.222,1078.3596,1115.6228,1148.5205,1131.4549,1098.8446,1093.9653,1083.7308,1126.4128,1173.2106,1258.9299,1295.3875,1368.8073,1396.4845,1487.9669,1481.2992,1533.5553,1514.886,1548.2027,1523.9074,1487.7628,1488.8749,1497.5207,1475.2295,1419.3381,1380.2883,1342.999,1299.9085

Time pixel : 1.363208,2.36737,3.371532,4.375694,5.379856,6.384018,7.38818,8.392342,9.396504,10.40067,11.40483,12.40899,13.41315,14.41731,15.42148,16.42564,17.4298,18.43396,19.43812,20.44229,21.44645,22.45061,23.45477,24.45893,25.4631,26.46726,27.47142,28.47558,29.47974,30.48391,31.48807,32.49223,33.49639,34.50055,35.50472,36.50888,37.51304,38.5172,39.52137,40.52553,41.52969,42.53385,43.53801,44.54218,45.54634,46.5505,47.55466,48.55882,49.56299,50.56715,51.57131,52.57547,53.57963,54.5838,55.58796,56.59212,57.59628,58.60044,59.60461,60.60877,61.61293,62.61709,63.62125,64.62542,65.62958,66.63374,67.6379,68.64206,69.64623,70.65039,71.65455,72.65871,73.66287,74.66704,75.6712,76.67536,77.67952,78.68368,79.68785,80.69201,81.69617,82.70033,83.7045,84.70866,85.71282,86.71698,87.72114,88.72531,89.72947,90.73363,91.73779,92.74195,93.74612,94.75028,95.75444,96.7586,97.76276,98.76693,99.77109,100.7752,101.7794,102.7836,103.7877,104.7919,105.7961,106.8002,107.8044,108.8085,109.8127,110.8169,111.821,112.8252,113.8294,114.8335,115.8377,116.8418,117.846,118.8502,119.8543,120.8585,121.8627,122.8668,123.871,124.8751,125.8793,126.8835,127.8876,128.8918,129.8959,130.9001,131.9043,132.9084,133.9126,134.9168,135.9209,136.9251,137.9292,138.9334,139.9376,140.9417,141.9459,142.9501,143.9542,144.9584,145.9625,146.9667,147.9709,148.975,149.9792,150.9834,151.9875,152.9917,153.9958,155

Position pixel : 33.4519,33.4452,33.4386,33.4319,33.4253,33.4187,33.412,33.4054,33.3987,33.3921,33.3854,33.3788,33.3721,33.3655,33.3588,33.3522,33.3455,33.3389,33.3322,33.3256,33.3189,33.3123,33.3057,33.299,33.2924,33.2857,33.2791,33.2724,33.2658,33.2591,33.2525,33.2458,33.2392,33.2325,33.2259,33.2192,33.2126,33.206,33.1993,33.1927,33.186,33.1794,33.1727,33.1661,33.1594,33.1528,33.1461,33.1395,33.1328,33.1262,33.1195,33.1129,33.1062,33.0996,33.093,33.0863,33.0797,33.073,33.0664,33.0597,33.0531,33.0464,33.0398,33.0331,33.0265,33.0198,33.0132,33.0065,32.9999,32.9932,32.9866,32.98,32.9733,32.9667,32.96,32.9534,32.9467,32.9401,32.9334,32.9268,32.9201,32.9135,32.9068,32.9002,32.8935,32.8869,32.8803,32.8736,32.867,32.8603,32.8537,32.847,32.8404,32.8337,32.8271,32.8204,32.8138,32.8071,32.8005,32.7938,32.7872,32.7805,32.7739,32.7673,32.7606,32.754,32.7473,32.7407,32.734,32.7274,32.7207,32.7141,32.7074,32.7008,32.6941,32.6875,32.6808,32.6742,32.6675,32.6609,32.6543,32.6476,32.641,32.6343,32.6277,32.621,32.6144,32.6077,32.6011,32.5944,32.5878,32.5811,32.5745,32.5678,32.5612,32.5546,32.5479,32.5413,32.5346,32.528,32.5213,32.5147,32.508,32.5014,32.4947,32.4881,32.4814,32.4748,32.4681,32.4615,32.4548,32.4482,32.4416,32.4349

Pole type : Line
Start frame : 1
End frame : 155
Start time (s) : 0.000
End time (s) : 601.010000005
Time step (s) : 3.877483871

Feature Information :


Feature number : 1

Time (s) : 31.4024235267,31.8215795332,32.3785025416,32.9663678712,33.5237949525,33.9745912274,34.3364767971,34.7572225719,35.1476851977,35.3731608848,35.5684309726,35.8534648119,36.1874712726,36.6113578093,37.0360198429,37.4029073668,37.859868841,38.3939146945,38.8527761358,39.2230758455,39.6841086777,40.2525478132,40.8527823165,41.4537923165,42.0551900649,42.6577510584,43.2606998004,43.8636485423,44.4669850326,45.070321523,45.6728825165,46.2750557617,46.8760657617,47.4759125165,48.0738205294,48.6697898004,49.2634325811,49.8237290004,50.2742926262,50.6321843875,51.0757685424,51.5918616456,52.0276908327,52.3704604069,52.7675147553,53.1603038714,53.4895022521,53.8722099101,54.2502645875,54.5344841553,54.7969898134,55.0428222908,55.2983484779,55.5686091037,55.9257253682,56.2809028908,56.575591665,56.9586870714,57.417005665,57.7989378263,58.0913001102,58.4429878973,58.7946756844,59.0583445876,59.3049525618,59.5705602069,59.9261254779,60.2832417424,60.5825834973,60.9722706263,61.4395074328,61.8315210521,62.1355157876,62.4988360263,62.8625440134,63.1382331167,63.3968612909,63.6737136392,64.040135865,64.4073335876,64.7159813038,65.1145866457,65.6202105425,66.1870986844,66.861780878,67.6473591102,68.3484081941,68.9118066006,69.3375543296,69.6741199296,70.0998676586,70.6322461941,71.165012478,71.590760207,71.8966936845,72.1847907361,72.4907242135,72.9164719425,73.4492382264,74.0122488845,74.5756472909,75.1390456974,75.7024441039,76.2658425103,76.7982210458,77.2239687748,77.5299022523,77.8490191748,78.2922155813,78.9447961168,79.6148253297,80.2088558587,80.7722542652,81.3356526716,81.8684189555,82.2941666846,82.6307322846,83.0564800136,83.5888585491,84.121624833,84.547372562,84.883938162,85.309685891,85.8424521749,86.3748307104,86.7699463169,86.9382291169

Position (um) : 2.8407,2.8405,2.8404,2.8402,2.8392,2.8344,2.8242,2.8132,2.8038,2.7927,2.7817,2.7731,2.7658,2.761,2.7561,2.7497,2.7457,2.7438,2.7398,2.7333,2.7293,2.7274,2.7234,2.7169,2.7128,2.7109,2.7068,2.7003,2.6963,2.6952,2.6949,2.6947,2.6944,2.6942,2.6931,2.6891,2.6826,2.6778,2.673,2.6667,2.6619,2.6563,2.6462,2.6362,2.6307,2.6261,2.6199,2.6153,2.6108,2.6039,2.5965,2.5887,2.5814,2.5737,2.5655,2.5549,2.5443,2.5362,2.5285,2.5213,2.5145,2.5101,2.5058,2.499,2.4917,2.4849,2.4805,2.4761,2.4701,2.4666,2.4651,2.4615,2.4555,2.4511,2.4467,2.4398,2.4324,2.4255,2.4211,2.4166,2.4106,2.407,2.4063,2.4065,2.4067,2.4067,2.4067,2.4075,2.4113,2.4176,2.4222,2.4268,2.4339,2.4415,2.4494,2.457,2.4649,2.4725,2.4804,2.488,2.4951,2.4997,2.5052,2.5152,2.5261,2.5345,2.5424,2.55,2.5579,2.5663,2.5772,2.5881,2.5973,2.6082,2.6191,2.6275,2.6354,2.643,2.6501,2.6547,2.6593,2.6656,2.6694,2.6702,2.6711,2.6749,2.6811

Intensity : 348.4956,350.4274,353.0206,355.7618,357.9193,357.624,354.118,350.4333,346.83,341.5662,336.1528,332.424,331.0675,330.4693,329.8229,328.5792,328.1161,328.3355,327.9192,327.0525,327.13,328.1267,328.4671,327.8805,328.0313,328.8622,327.8793,325.8895,324.7436,324.7065,324.9989,325.2865,326.0859,327.2585,328.0721,327.6303,326.1255,325.2342,324.1112,321.557,319.9408,318.1136,315.3662,312.7908,311.3002,310.0567,308.5441,307.4097,306.3256,305.9774,305.5569,304.948,304.4169,303.8241,303.4139,302.7519,302.0881,302.088,302.3615,302.3561,302.0812,301.7572,301.2563,300.2025,299.0319,297.9603,297.4232,296.8798,295.9683,295.5947,295.6868,295.301,294.4301,294.3384,294.3389,293.8805,293.3162,292.8213,292.7526,292.6705,292.2754,292.3154,292.8905,293.0196,292.3296,291.501,290.7577,290.2666,290.2833,290.6817,290.5137,290.0534,289.9315,290.1101,290.5856,291.4412,292.9693,294.1887,295.3073,295.2626,294.3436,292.7277,291.2492,290.7464,290.4617,290.0726,290.1449,290.559,290.5375,290.6853,291.9691,293.3052,293.9838,294.9884,297.6513,299.9282,302.1136,304.056,305.6825,306.499,307.4255,308.9479,309.9346,308.6878,307.4271,308.0035,310.4483

Time pixel : 8.09866,8.20676,8.35039,8.502,8.64576,8.76202,8.85535,8.96386,9.06456,9.12271,9.17307,9.24658,9.33272,9.44204,9.55156,9.64618,9.76403,9.90176,10.0201,10.1156,10.2345,10.3811,10.5359,10.6909,10.846,11.0014,11.1569,11.3124,11.468,11.6236,11.779,11.9343,12.0893,12.244,12.3982,12.5519,12.705,12.8495,12.9657,13.058,13.1724,13.3055,13.4179,13.5063,13.6087,13.71,13.7949,13.8936,13.9911,14.0644,14.1321,14.1955,14.2614,14.3311,14.4232,14.5148,14.5908,14.6896,14.8078,14.9063,14.9817,15.0724,15.1631,15.2311,15.2947,15.3632,15.4549,15.547,15.6242,15.7247,15.8452,15.9463,16.0247,16.1184,16.2122,16.2833,16.35,16.4214,16.5159,16.6106,16.6902,16.793,16.9234,17.0696,17.2436,17.4462,17.627,17.7723,17.8821,17.9689,18.0787,18.216,18.3534,18.4632,18.5421,18.6164,18.6953,18.8051,18.9425,19.0877,19.233,19.3783,19.5236,19.6689,19.8062,19.916,19.9949,20.0772,20.1915,20.3598,20.5326,20.6858,20.8311,20.9764,21.1138,21.2236,21.3104,21.4202,21.5575,21.6949,21.8047,21.8915,22.0013,22.1387,22.276,22.3779,22.4213

Position pixel : 26.6233,26.6218,26.6203,26.6188,26.6093,26.5644,26.4689,26.3654,26.277,26.1734,26.0699,25.9893,25.9211,25.8759,25.8307,25.7703,25.7329,25.7151,25.6776,25.617,25.5793,25.5613,25.5235,25.4627,25.4248,25.4066,25.3686,25.3077,25.2697,25.2593,25.2569,25.2545,25.2522,25.2499,25.2398,25.2023,25.1419,25.0968,25.0519,24.9921,24.9476,24.8954,24.8008,24.7064,24.655,24.6118,24.5537,24.5111,24.4688,24.4037,24.3343,24.2618,24.1929,24.1208,24.0442,23.9448,23.8455,23.7693,23.6977,23.6294,23.5658,23.5251,23.4844,23.4206,23.3522,23.2883,23.2473,23.2063,23.1501,23.1168,23.1032,23.0698,23.0133,22.9719,22.9304,22.8659,22.7968,22.7322,22.6905,22.6489,22.5921,22.5583,22.5521,22.5537,22.5554,22.5557,22.5557,22.5636,22.5991,22.6575,22.7009,22.7443,22.8107,22.8817,22.956,23.027,23.1013,23.1723,23.2466,23.3176,23.384,23.4274,23.4787,23.5726,23.6745,23.7534,23.8277,23.8987,23.973,24.0519,24.1538,24.2557,24.3425,24.4443,24.5462,24.6251,24.6994,24.7704,24.8368,24.8802,24.9236,24.9821,25.0176,25.0255,25.0334,25.0689,25.1274

Brightness max : 632.63
Brightness min : 230.00
Feature direction : Ambiguous
Feature speed : Slow
Feature type : Curve
Start frame : 1
End frame : 155
Start time (s) : 0.000
End time (s) : 601.010000005
Time step (s) : 3.877483871

Feature number : 2

Time (s) : 231.944493441,232.339609047,232.871987583,233.435385989,233.998784395,234.562182802,235.125581208,235.688979615,236.251990273,236.815388679,237.378787086,237.942185492,238.505583899,239.037962434,239.463710163,239.800275763,240.19539137,240.590506976,240.896440454,241.184537505,241.45983886,241.747935912,242.053869389,242.448984996,242.843712854,243.180278454,243.606026183,244.108160344,244.533908073,244.870473673,245.265589279,245.660704886,245.966250615,246.254735415,246.560281144,246.95539675,247.350512357,247.656445834,247.944542886,248.250476363,248.64559197,249.009687705,249.208990376,249.376885428,249.603718234,249.741368912,249.803020905,249.940283834,250.167116641,250.304767318,250.335399441,250.335399441,250.366031563,250.503682241,250.730515047,250.868165725,250.898797847,250.898797847,250.92942997,251.067080647,251.293913454,251.431564131,251.462196254,251.462196254,251.462196254,251.462196254,251.492828376,251.630479054,251.85731186,251.994962538,252.02559466,252.056226783,252.19387746,252.451342389,252.726255996,253.014740796,253.289654402,253.547119331,253.715402131,253.883684931,254.110517738,254.248168415,254.278800538,254.278800538,254.30943266,254.447083338,254.673916144,254.811566821,254.842198944,254.872831067,255.010481744,255.267946673,255.54286028,255.83134508,256.106258686,256.394743486,256.700289215,257.126036944,257.658803228,258.222201634,258.785600041,259.317978576,259.743726305,260.049659783,260.337756834,260.613058189,260.901155241,261.176456596,261.433921525,261.602204325,261.770487125,261.997319931,262.13458286,262.165602731,262.165602731,262.196234854,262.333885531,262.560718338,262.697981267,262.728613389,262.728613389,262.728613389,262.728613389,262.728613389,262.728613389,262.728613389,262.728613389,262.728613389,262.75963326,262.896896189,263.123728996,263.261379673,263.292011796,263.292011796,263.322643918,263.460294596,263.687127402,263.82477808,263.855410202,263.855410202,263.855410202,263.855410202,263.855410202,263.855410202,263.855410202,263.855410202,263.855410202,263.855410202,263.855410202,263.855410202,263.855410202,263.886042325,264.023693002,264.250525809,264.388176486,264.418808609,264.449440731,264.587091409,264.813924215,264.951574893,264.982207015,265.012839138,265.150489815,265.377322622,265.514585551,265.545605422,265.576237544,265.744520344,266.10861608,266.503731686,266.840297286,267.266045015,267.798811299,268.362209705,268.925608112,269.457986647,269.883734376,270.189667854,270.447132783,270.615415583,270.783698383,271.041163312,271.347096789,271.742212396,272.137328002,272.442873731,272.731358531,273.03690426,273.432019867,273.827135473,274.133068951,274.421166002,274.696467357,274.984564409,275.259865764,275.517330693,275.685613493,275.853896293,276.080341351,276.248624151,276.416906951,276.67437188,276.949673235,277.207138164,277.344788841,277.406053086,277.543703764,277.77053657,277.93881937,278.137734293,278.502217777,278.897333383,279.202879112,279.491363912,279.766277518,280.023742447,280.192025247,280.39094017,280.786055777,281.31882206,281.882220467,282.414599002,282.840346731,283.176912331,283.60266006,284.135426344,284.698824751,285.231591035,285.626318893,285.825621564,285.993516615,286.220349422,286.358000099,286.419652093,286.556915022,286.783747828,286.921398506,286.982662751,287.120313428,287.347146235,287.484796912,287.546061157,287.683711835,287.910544641,288.048195319,288.109459564,288.247110241,288.50457517,288.779488777,289.037341454,289.174604383,289.236256377,289.404539177,289.799267035,290.301401196,290.727148925,291.063714525,291.489462254,292.022228538,292.585239196,293.148637602,293.681403886,294.107151615,294.443717215,294.869464944,295.402231228,295.965241886,296.528640293,297.092038699,297.655437106,298.218835512,298.782233919,299.345244577,299.908642983,300.47204139,301.035439796,301.598838203,302.162236609,302.725247267,303.258013551,303.68376128,304.02032688,304.446074609,304.94820877,305.373956499,305.679502228,305.967987028,306.273532757,306.668648364,307.06376397,307.369697448,307.657794499,307.933095854,308.190560783,308.358843583,308.527126383,308.75395919,308.92224199,309.121156912,309.485252648,309.849736132,310.048651054,310.216933854,310.443766661,310.581417338,310.642681583,310.780332261,311.007165067,311.175447867,311.343730667,311.601195596,311.876109203,312.164594003,312.439507609,312.696972538,312.865255338,313.033538138,313.260370945,313.398021622,313.459285867,313.596936545,313.854401474,314.160334951,314.555450557,314.919934041,315.088216841,315.149481086,315.287131764,315.544596693,315.819510299,316.076975228,316.245258028,316.413540828,316.671005757,316.946307112,317.203772041,317.341422719,317.372054841,317.402686964,317.540337641,317.767170448,317.935453248,318.13436817,318.498851654,318.86294739,319.061862312,319.230145112,319.456977919,319.594628596,319.655892841,319.793543519,320.020376325,320.158027003,320.188659125,320.219291248,320.356941925,320.583774732,320.721425409,320.752057532,320.782689654,320.920340332,321.147173138,321.315455938,321.483738738,321.710571545,321.847834474,321.909486467,322.047137145,322.273969951,322.41123288,322.472884874,322.610147803,322.836980609,322.974631287,323.005263409,323.035895532,323.173546209,323.400379016,323.568661816,323.736944616,323.963777422,324.101428099,324.162692345,324.300343022,324.527175829,324.695458629,324.894373551,325.258857035,325.653972641,325.95951837,326.247615422,326.522916777,326.780381706

Position (um) : 2.8252,2.8252,2.8252,2.8252,2.8252,2.8252,2.8252,2.8252,2.8252,2.8252,2.8252,2.8252,2.8252,2.8244,2.8206,2.8144,2.8097,2.8051,2.798,2.7905,2.7825,2.7749,2.7679,2.7632,2.7586,2.7515,2.7439,2.736,2.7284,2.7214,2.7167,2.7121,2.705,2.6974,2.6903,2.6857,2.6811,2.674,2.6656,2.6547,2.6438,2.6346,2.6237,2.6128,2.6036,2.5919,2.5781,2.5663,2.5571,2.5454,2.5307,2.5152,2.4997,2.4825,2.4594,2.4314,2.4084,2.3912,2.3757,2.3602,2.3447,2.3292,2.3137,2.2982,2.2827,2.2672,2.2525,2.2408,2.2315,2.219,2.2005,2.1788,2.1595,2.144,2.1323,2.123,2.1113,2.0967,2.082,2.0703,2.061,2.0493,2.0347,2.0191,2.0045,1.9928,1.9835,1.9718,1.9571,1.9416,1.9261,1.9115,1.8998,1.8913,1.8834,1.8759,1.8679,1.8603,1.8533,1.8495,1.8486,1.8495,1.8533,1.8603,1.8679,1.8759,1.8834,1.8913,1.8998,1.9106,1.9215,1.9316,1.9471,1.968,1.9873,2.0036,2.0191,2.0347,2.0502,2.0656,2.0812,2.0967,2.1122,2.1277,2.1432,2.1587,2.1742,2.1897,2.2043,2.216,2.2253,2.237,2.2517,2.2672,2.2835,2.3037,2.3292,2.3547,2.3748,2.3912,2.4067,2.4222,2.4377,2.4532,2.4687,2.4842,2.4997,2.5152,2.5307,2.547,2.5663,2.5872,2.6027,2.6128,2.6246,2.6392,2.6539,2.6656,2.6749,2.6866,2.7012,2.7167,2.7322,2.7477,2.7632,2.7787,2.7934,2.8043,2.8097,2.8144,2.8206,2.8244,2.8252,2.8252,2.8252,2.8244,2.8206,2.8135,2.8051,2.7942,2.7834,2.7749,2.7679,2.7632,2.7578,2.7469,2.7331,2.7214,2.7121,2.7004,2.6857,2.6702,2.6547,2.6401,2.6283,2.6191,2.6082,2.5973,2.5881,2.5755,2.5571,2.5353,2.5161,2.4997,2.4842,2.4687,2.4532,2.4377,2.4213,2.4021,2.3803,2.361,2.3447,2.33,2.3183,2.3091,2.2973,2.2827,2.2672,2.2508,2.2315,2.2098,2.1905,2.1742,2.1578,2.1385,2.1168,2.0975,2.0812,2.0665,2.0548,2.0455,2.0338,2.02,2.0083,1.999,1.9873,1.9726,1.9571,1.9416,1.9261,1.9106,1.8951,1.8796,1.8641,1.8486,1.8323,1.813,1.7912,1.772,1.7556,1.7401,1.7238,1.7045,1.6827,1.6626,1.6425,1.6207,1.6014,1.5851,1.5704,1.5587,1.5503,1.5432,1.5394,1.5386,1.5386,1.5386,1.5386,1.5386,1.5386,1.5377,1.534,1.5277,1.5239,1.5231,1.5231,1.5239,1.5277,1.5348,1.5424,1.5495,1.5533,1.5549,1.5587,1.5658,1.5734,1.5805,1.5851,1.5897,1.5968,1.6044,1.6123,1.6207,1.6324,1.6471,1.6626,1.6781,1.6928,1.7045,1.7137,1.7246,1.7355,1.7447,1.7565,1.7703,1.782,1.7912,1.8021,1.813,1.8223,1.834,1.8486,1.8641,1.8805,1.8989,1.9177,1.9346,1.9534,1.9735,1.9999,2.0401,2.0857,2.1205,2.1423,2.1587,2.1733,2.185,2.1935,2.2014,2.2098,2.2207,2.2324,2.2454,2.2634,2.2818,2.2982,2.3137,2.3292,2.3447,2.3602,2.3757,2.3912,2.4067,2.4222,2.4377,2.4532,2.4687,2.4842,2.4988,2.5106,2.5198,2.5315,2.5462,2.5609,2.5726,2.5818,2.5936,2.6082,2.6237,2.6392,2.6547,2.6694,2.6811,2.6903,2.7021,2.7167,2.7322,2.7477,2.7632,2.7779,2.7896,2.7989,2.8106,2.8252,2.8407,2.8562,2.8717,2.8864,2.8981,2.9074,2.9191,2.9329,2.9446,2.9539,2.9647,2.9756,2.9849,2.9958,3.0066,3.015,3.0221,3.0259

Intensity : 341.1105,342.6833,343.775,343.4212,343.0674,342.7136,342.3598,342.006,341.6525,341.5675,341.7381,341.9086,342.0791,341.9099,340.5923,338.3699,336.8613,335.864,334.2424,332.434,330.4932,328.7691,327.6901,327.6694,327.6474,326.7174,325.9438,325.324,324.197,322.7857,322.194,321.5934,320.0907,318.4037,316.8768,316.2398,315.5907,314.0369,312.1465,309.9371,307.6395,305.8752,303.7118,301.6034,300.0282,297.8697,295.1826,293.1644,292.2818,291.3974,289.8929,288.2027,286.6277,285.3071,283.8254,282.5401,281.3155,280.3016,279.5273,279.2487,279.5373,280.0745,280.1118,280.0095,279.9073,279.805,279.8365,280.3255,281.3466,282.0324,282.3316,282.622,283.0204,283.4346,283.7048,283.9045,283.9557,283.8175,283.531,283.2268,282.8966,282.4531,281.9367,281.1281,280.0849,279.0905,278.1106,277.047,275.915,274.711,273.2827,271.5348,269.9705,268.6909,267.6155,266.6054,265.5418,264.3547,263.0701,262.0241,261.2265,260.6111,260.3816,260.9553,261.6254,262.3143,262.9632,263.6301,264.325,265.203,266.055,266.6495,267.5375,268.7383,269.8526,270.7783,271.572,272.3102,273.1437,274.0582,275.0005,275.9427,276.885,277.8273,278.8313,279.8793,280.9273,281.9753,282.8999,283.3743,283.4388,283.8259,284.4132,285.0367,285.6057,285.9932,286.2158,286.1869,286.2114,286.3719,286.5242,286.6764,286.8287,286.981,287.2767,287.5812,287.8858,288.1902,288.4948,288.8159,289.5557,291.1792,291.8345,291.6125,291.9638,293.0816,294.2016,294.5723,294.7995,295.9626,298.0715,300.3202,302.1483,303.6728,305.5983,308.6649,313.2179,316.1433,316.7713,317.0841,318.1655,318.2129,318.4698,320.1945,321.9192,323.2332,323.0894,321.277,318.748,314.9598,311.1185,308.4086,307.5185,308.273,309.0207,308.1594,306.5358,305.3893,305.1295,304.2679,302.2948,299.9881,298.7818,297.9189,297.3395,296.9527,295.9858,294.9939,294.4004,293.1012,290.9887,289.0616,287.4707,286.1728,284.613,282.8235,281.2714,280.3689,279.2034,277.8127,276.5947,275.6694,275.009,275.7471,276.4714,277.1713,277.3362,277.4419,278.2067,279.3157,280.3838,281.3309,281.9206,282.2475,282.7288,283.2975,283.5988,283.9682,284.152,283.8798,283.6974,283.8482,283.5931,282.7238,282.0506,281.8846,281.2126,279.8201,278.201,276.46,274.8159,273.011,270.9761,268.8452,266.8355,264.92,262.8267,260.2999,258.1649,256.3598,254.9428,253.6608,252.3125,250.8403,249.5947,248.4835,248.9207,250.1512,251.9379,254.3803,256.6793,258.7627,260.3602,261.5188,262.6279,263.1716,263.8134,264.4556,265.0978,265.74,266.3822,267.2445,268.2973,269.0709,270.0288,271.2641,272.586,274.0084,275.0832,275.8666,276.7447,277.5876,278.0149,278.1732,278.6146,279.5024,280.4657,281.3745,282.0186,282.6454,283.545,284.5836,285.7986,287.1182,288.963,291.2975,293.8271,296.3748,298.8437,301.0031,302.7666,304.652,306.4359,307.0085,308.2848,310.175,311.3948,311.815,312.7002,313.5501,313.6356,313.9533,314.5915,315.3877,316.3606,318.0254,319.7238,320.4021,321.6849,323.4981,325.7201,329.1447,333.0599,334.6224,334.974,335.8807,337.2201,337.7363,337.1115,336.3009,335.6341,335.7849,336.0112,335.7716,335.8419,335.9882,336.6747,338.0004,339.3158,339.8255,339.131,338.7306,337.2997,333.7885,330.254,328.6886,327.4794,325.9563,325.5291,325.9575,325.2102,323.1647,322.4001,323.1805,323.9636,324.0844,322.7306,322.8687,324.7879,326.843,327.5959,327.2753,327.7086,328.5236,328.0283,329.2749,332.2961,334.8559,336.6383,339.2254,343.0116,347.0385,349.2219,353.2973,359.6194,366.3267,372.1661,377.3175,385.2429,394.8853,401.8344,411.8231,424.3959,434.4694,441.6472,450.8057,459.8246,466.2912,481.7078,498.0972,509.671,518.9316,522.2472

Time pixel : 59.8183,59.9202,60.0575,60.2028,60.3481,60.4934,60.6387,60.784,60.9292,61.0745,61.2198,61.3651,61.5104,61.6477,61.7575,61.8443,61.9462,62.0481,62.127,62.2013,62.2723,62.3466,62.4255,62.5274,62.6292,62.716,62.8258,62.9553,63.0651,63.1519,63.2538,63.3557,63.4345,63.5089,63.5877,63.6896,63.7915,63.8704,63.9447,64.0236,64.1255,64.2194,64.2708,64.3141,64.3726,64.4081,64.424,64.4594,64.5179,64.5534,64.5613,64.5613,64.5692,64.6047,64.6632,64.6987,64.7066,64.7066,64.7145,64.75,64.8085,64.844,64.8519,64.8519,64.8519,64.8519,64.8598,64.8953,64.9538,64.9893,64.9972,65.0051,65.0406,65.107,65.1779,65.2523,65.3232,65.3896,65.433,65.4764,65.5349,65.5704,65.5783,65.5783,65.5862,65.6217,65.6802,65.7157,65.7236,65.7315,65.767,65.8334,65.9043,65.9787,66.0496,66.124,66.2028,66.3126,66.45,66.5953,66.7406,66.8779,66.9877,67.0666,67.1409,67.2119,67.2862,67.3572,67.4236,67.467,67.5104,67.5689,67.6043,67.6123,67.6123,67.6202,67.6557,67.7142,67.7496,67.7575,67.7575,67.7575,67.7575,67.7575,67.7575,67.7575,67.7575,67.7575,67.7655,67.8009,67.8594,67.8949,67.9028,67.9028,67.9107,67.9462,68.0047,68.0402,68.0481,68.0481,68.0481,68.0481,68.0481,68.0481,68.0481,68.0481,68.0481,68.0481,68.0481,68.0481,68.0481,68.056,68.0915,68.15,68.1855,68.1934,68.2013,68.2368,68.2953,68.3308,68.3387,68.3466,68.3821,68.4406,68.476,68.484,68.4919,68.5353,68.6292,68.7311,68.8179,68.9277,69.0651,69.2104,69.3557,69.493,69.6028,69.6817,69.7481,69.7915,69.8349,69.9013,69.9802,70.0821,70.184,70.2628,70.3372,70.416,70.5179,70.6198,70.6987,70.773,70.844,70.9183,70.9893,71.0557,71.0991,71.1425,71.2009,71.2443,71.2877,71.3541,71.4251,71.4915,71.527,71.5428,71.5783,71.6368,71.6802,71.7315,71.8255,71.9274,72.0062,72.0806,72.1515,72.2179,72.2613,72.3126,72.4145,72.5519,72.6972,72.8345,72.9443,73.0311,73.1409,73.2783,73.4236,73.561,73.6628,73.7142,73.7575,73.816,73.8515,73.8674,73.9028,73.9613,73.9968,74.0126,74.0481,74.1066,74.1421,74.1579,74.1934,74.2519,74.2874,74.3032,74.3387,74.4051,74.476,74.5425,74.5779,74.5938,74.6372,74.739,74.8685,74.9783,75.0651,75.1749,75.3123,75.4575,75.6028,75.7402,75.85,75.9368,76.0466,76.184,76.3292,76.4745,76.6198,76.7651,76.9104,77.0557,77.2009,77.3462,77.4915,77.6368,77.7821,77.9274,78.0726,78.21,78.3198,78.4066,78.5164,78.6459,78.7557,78.8345,78.9089,78.9877,79.0896,79.1915,79.2704,79.3447,79.4157,79.4821,79.5255,79.5689,79.6274,79.6708,79.7221,79.816,79.91,79.9613,80.0047,80.0632,80.0987,80.1145,80.15,80.2085,80.2519,80.2953,80.3617,80.4326,80.507,80.5779,80.6443,80.6877,80.7311,80.7896,80.8251,80.8409,80.8764,80.9428,81.0217,81.1236,81.2176,81.261,81.2768,81.3123,81.3787,81.4496,81.516,81.5594,81.6028,81.6692,81.7402,81.8066,81.8421,81.85,81.8579,81.8934,81.9519,81.9953,82.0466,82.1406,82.2345,82.2858,82.3292,82.3877,82.4232,82.439,82.4745,82.533,82.5685,82.5764,82.5843,82.6198,82.6783,82.7138,82.7217,82.7296,82.7651,82.8236,82.867,82.9104,82.9689,83.0043,83.0202,83.0557,83.1142,83.1496,83.1655,83.2009,83.2594,83.2949,83.3028,83.3107,83.3462,83.4047,83.4481,83.4915,83.55,83.5855,83.6013,83.6368,83.6953,83.7387,83.79,83.884,83.9859,84.0647,84.139,84.21,84.2764

Position pixel : 26.4783,26.4783,26.4783,26.4783,26.4783,26.4783,26.4783,26.4783,26.4783,26.4783,26.4783,26.4783,26.4783,26.4704,26.4349,26.3764,26.333,26.2896,26.2232,26.1523,26.0779,26.007,25.9406,25.8972,25.8538,25.7874,25.7164,25.6421,25.5711,25.5047,25.4613,25.4179,25.3515,25.2806,25.2141,25.1708,25.1274,25.061,24.9821,24.8802,24.7783,24.6915,24.5896,24.4877,24.4009,24.2911,24.1617,24.0519,23.9651,23.8553,23.7179,23.5726,23.4274,23.2662,23.05,22.7877,22.5715,22.4104,22.2651,22.1198,21.9745,21.8292,21.684,21.5387,21.3934,21.2481,21.1107,21.0009,20.9142,20.7964,20.6236,20.4198,20.239,20.0938,19.984,19.8972,19.7874,19.65,19.5126,19.4028,19.316,19.2062,19.0689,18.9236,18.7862,18.6764,18.5896,18.4798,18.3425,18.1972,18.0519,17.9145,17.8047,17.7258,17.6515,17.5806,17.5062,17.4353,17.3689,17.3334,17.3255,17.3334,17.3689,17.4353,17.5062,17.5806,17.6515,17.7258,17.8047,17.9066,18.0085,18.1032,18.2485,18.4443,18.6251,18.7783,18.9236,19.0689,19.2142,19.3594,19.5047,19.65,19.7953,19.9406,20.0858,20.2311,20.3764,20.5217,20.6591,20.7689,20.8557,20.9655,21.1028,21.2481,21.4013,21.59,21.8292,22.0685,22.2572,22.4104,22.5557,22.7009,22.8462,22.9915,23.1368,23.2821,23.4274,23.5726,23.7179,23.8711,24.0519,24.2477,24.393,24.4877,24.5975,24.7349,24.8723,24.9821,25.0689,25.1787,25.316,25.4613,25.6066,25.7519,25.8972,26.0425,26.1798,26.2817,26.333,26.3764,26.4349,26.4704,26.4783,26.4783,26.4783,26.4704,26.4349,26.3685,26.2896,26.1877,26.0858,26.007,25.9406,25.8972,25.8459,25.744,25.6145,25.5047,25.4179,25.3081,25.1708,25.0255,24.8802,24.7428,24.633,24.5462,24.4443,24.3425,24.2557,24.1379,23.9651,23.7613,23.5806,23.4274,23.2821,23.1368,22.9915,22.8462,22.693,22.5123,22.3085,22.1277,21.9745,21.8372,21.7274,21.6406,21.5308,21.3934,21.2481,21.0949,20.9142,20.7104,20.5296,20.3764,20.2232,20.0425,19.8387,19.6579,19.5047,19.3674,19.2575,19.1708,19.061,18.9315,18.8217,18.7349,18.6251,18.4877,18.3425,18.1972,18.0519,17.9066,17.7613,17.616,17.4708,17.3255,17.1723,16.9915,16.7877,16.607,16.4538,16.3085,16.1553,15.9745,15.7708,15.5821,15.3934,15.1896,15.0089,14.8557,14.7183,14.6085,14.5296,14.4632,14.4277,14.4198,14.4198,14.4198,14.4198,14.4198,14.4198,14.4119,14.3764,14.3179,14.2824,14.2745,14.2745,14.2824,14.3179,14.3843,14.4553,14.5217,14.5572,14.573,14.6085,14.6749,14.7459,14.8123,14.8557,14.8991,14.9655,15.0364,15.1107,15.1896,15.2994,15.4368,15.5821,15.7274,15.8647,15.9745,16.0613,16.1632,16.2651,16.3519,16.4617,16.5911,16.7009,16.7877,16.8896,16.9915,17.0783,17.1881,17.3255,17.4708,17.624,17.7968,17.973,18.1308,18.307,18.4957,18.7436,19.1202,19.5474,19.8734,20.0779,20.2311,20.3685,20.4783,20.5572,20.6315,20.7104,20.8123,20.9221,21.0443,21.2126,21.3855,21.5387,21.684,21.8292,21.9745,22.1198,22.2651,22.4104,22.5557,22.7009,22.8462,22.9915,23.1368,23.2821,23.4194,23.5292,23.616,23.7258,23.8632,24.0006,24.1104,24.1972,24.307,24.4443,24.5896,24.7349,24.8802,25.0176,25.1274,25.2141,25.324,25.4613,25.6066,25.7519,25.8972,26.0345,26.1443,26.2311,26.3409,26.4783,26.6236,26.7689,26.9142,27.0515,27.1613,27.2481,27.3579,27.4874,27.5972,27.684,27.7858,27.8877,27.9745,28.0764,28.1783,28.2572,28.3236,28.3591

Brightness max : 632.63
Brightness min : 230.00
Feature direction : Ambiguous
Feature speed : Slow
Feature type : Curve
Start frame : 1
End frame : 155
Start time (s) : 0.000
End time (s) : 601.010000005
Time step (s) : 3.877483871

