KYMOANALYSIS DATA

General Information :

Tiff path : E:\Google Drive\microtubule dynamics and cut7\19-15 screens and tests\cut11-7\19-06-12&20 (Cut7-3GFP and  mCh-mts, timeseries for modeling data)\
Spindle type : Monopolar
Start frame : 1
End frame : 155
Start time (s) : 0.000
End time (s) : 601.010000005
Time step (s) : 3.877483871
Num poles : 1
Num tracks : 7
Num tracks poleward : 3
Num tracks antipoleward : 3
Num tracks ambiguous : 1
Comments : {

}
Poles Information :


Pole number : 1

Time (s) : 4.15915205436,8.05461194058,11.9500757043,15.845539468,19.7410032317,23.6364669954,27.5319268816,31.4273906454,35.3228544091,39.2183065403,43.1137819365,47.0092573326,50.904693954,54.8001693501,58.6956447463,62.5910813676,66.4865567638,70.3820321599,74.2774687813,78.1729441774,82.0684195736,85.9638561949,89.8593315911,93.7548069872,97.6502823834,101.545719005,105.441194401,109.336669797,113.232106418,117.127581815,121.023057211,124.918493832,128.813969228,132.709444624,136.604881246,140.500356642,144.395832038,148.291268659,152.186744055,156.082219452,159.977656073,163.873131469,167.768606865,171.664043487,175.559518883,179.454994279,183.350469675,187.245906296,191.141381693,195.036857089,198.93229371,202.827769106,206.723244502,210.618681124,214.51415652,218.409631916,222.305068537,226.200543933,230.09601933,233.991455951,237.886931347,241.782406743,245.677843365,249.573318761,253.468794157,257.364269553,261.259706174,265.155181571,269.050656967,272.946093588,276.841568984,280.73704438,284.632481002,288.527956398,292.423431794,296.318868415,300.214343812,304.109819208,308.005255829,311.900731225,315.796206621,319.691643243,323.587118639,327.482594035,331.378030656,335.273506052,339.168981449,343.064456845,346.959893466,350.855368862,354.750844258,358.64628088,362.541756276,366.437231672,370.332668293,374.22814369,378.123619086,382.019055707,385.914531103,389.810045274,393.705365571,397.601073616,401.496393913,405.39171421,409.287422255,413.182742552,417.078062849,420.973770894,424.869091191,428.764799236,432.660119533,436.555439829,440.451147875,444.346468171,448.241788468,452.137496513,456.03281681,459.928137107,463.823845152,467.719165449,471.614873494,475.510193791,479.405514088,483.301222133,487.19654243,491.091862727,494.987570772,498.882891069,502.778599114,506.673919411,510.569239707,514.464947753,518.360268049,522.255588346,526.151296391,530.046616688,533.941936985,537.83764503,541.732965327,545.628673372,549.523993669,553.419313966,557.315022011,561.210342308,565.105662605,569.00137065,572.896690947,576.792398992,580.687719289,584.583039586,588.478747631,592.374067928,596.269388224,600.16509627

Position (um) : 2.1991,2.1989,2.1987,2.1985,2.1983,2.1981,2.1979,2.1977,2.1975,2.1973,2.1971,2.1969,2.1967,2.1965,2.1963,2.1961,2.1959,2.1957,2.1955,2.1953,2.1951,2.1949,2.1947,2.1945,2.1943,2.1941,2.1939,2.1937,2.1935,2.1933,2.193,2.1928,2.1926,2.1924,2.1922,2.192,2.1918,2.1916,2.1914,2.1912,2.191,2.1908,2.1906,2.1904,2.1902,2.19,2.1898,2.1896,2.1894,2.1892,2.189,2.1888,2.1886,2.1884,2.1882,2.188,2.1878,2.1876,2.1874,2.1872,2.187,2.1868,2.1866,2.1864,2.1862,2.186,2.1858,2.1856,2.1853,2.1851,2.1849,2.1847,2.1845,2.1843,2.1841,2.1839,2.1837,2.1835,2.1833,2.1831,2.1829,2.1827,2.1825,2.1823,2.1821,2.1819,2.1817,2.1815,2.1813,2.1811,2.1809,2.1807,2.1805,2.1803,2.1801,2.1799,2.1797,2.1795,2.1793,2.1791,2.1789,2.1787,2.1785,2.1783,2.1781,2.1779,2.1776,2.1774,2.1772,2.177,2.1768,2.1766,2.1764,2.1762,2.176,2.1758,2.1756,2.1754,2.1752,2.175,2.1748,2.1746,2.1744,2.1742,2.174,2.1738,2.1736,2.1734,2.1732,2.173,2.1728,2.1726,2.1724,2.1722,2.172,2.1718,2.1716,2.1714,2.1712,2.171,2.1708,2.1706,2.1704,2.1702,2.1699,2.1697,2.1695,2.1693,2.1691,2.1689,2.1687,2.1685,2.1683,2.1681

Intensity : 1340.4755,1325.2223,1303.8204,1272.7217,1273.6941,1280.778,1253.2495,1262.0063,1241.4278,1254.3175,1216.0843,1221.3417,1227.6176,1229.9741,1212.1672,1161.3413,1142.8786,1146.7841,1158.9649,1171.9349,1178.9775,1213.4648,1209.7879,1220.1241,1222.7669,1242.3334,1231.7852,1258.1239,1292.5758,1316.2161,1324.4579,1333.0339,1367.1423,1387.0485,1379.6882,1353.6387,1306.0403,1290.3656,1282.2092,1279.661,1287.2798,1287.8033,1330.0164,1333.521,1321.5659,1253.1075,1185.8574,1148.1826,1136.4733,1156.7914,1178.6318,1194.8903,1184.9697,1168.1046,1152.8232,1119.4834,1077.8472,1062.9895,1070.7611,1096.3376,1112.8622,1131.0996,1141.1942,1144.5079,1136.4717,1122.8504,1119.9439,1132.9695,1148.3568,1116.669,1095.012,1087.994,1124.7145,1152.6088,1153.08,1169.1784,1183.3443,1195.547,1175.5471,1150.7635,1163.0726,1184.3306,1193.8992,1161.3302,1105.9195,1067.3418,1049.8399,1049.1661,1051.5669,1070.1602,1093.6788,1102.1635,1096.1234,1075.3741,1059.1421,1045.4598,1053.0904,1070.4609,1071.4132,1092.4128,1113.0854,1155.9786,1191.228,1223.2852,1223.8351,1187.2827,1127.316,1089.7119,1068.059,1065.2094,1058.3336,1039.1121,1021.213,1004.694,1024.6389,1041.3167,1042.9193,1022.3558,1017.4712,1031.2676,1042.5903,1046.9546,1022.8326,979.65272,931.88366,908.04174,913.45947,932.08518,943.77746,962.31818,978.9271,997.87064,1019.8542,1033.8233,1037.212,1003.2379,970.88578,953.28224,942.42686,922.76387,889.81484,876.51401,857.20526,846.58716,824.37232,811.08527,795.00234,793.56456,799.65138,833.26179,843.90588,834.58907,805.60022,787.37748

Time pixel : 1.072642,2.077278,3.081915,4.086552,5.091189,6.095826,7.100462,8.105099,9.109736,10.11437,11.11901,12.12365,13.12828,14.13292,15.13756,16.14219,17.14683,18.15147,19.1561,20.16074,21.16538,22.17001,23.17465,24.17929,25.18393,26.18856,27.1932,28.19784,29.20247,30.20711,31.21175,32.21638,33.22102,34.22566,35.23029,36.23493,37.23957,38.2442,39.24884,40.25348,41.25811,42.26275,43.26739,44.27202,45.27666,46.2813,47.28594,48.29057,49.29521,50.29985,51.30448,52.30912,53.31376,54.31839,55.32303,56.32767,57.3323,58.33694,59.34158,60.34621,61.35085,62.35549,63.36012,64.36476,65.3694,66.37404,67.37867,68.38331,69.38795,70.39258,71.39722,72.40186,73.40649,74.41113,75.41577,76.4204,77.42504,78.42968,79.43431,80.43895,81.44359,82.44822,83.45286,84.4575,85.46213,86.46677,87.47141,88.47605,89.48068,90.48532,91.48996,92.49459,93.49923,94.50387,95.5085,96.51314,97.51778,98.52241,99.52705,100.5317,101.5363,102.541,103.5456,104.5502,105.5549,106.5595,107.5641,108.5688,109.5734,110.5781,111.5827,112.5873,113.592,114.5966,115.6012,116.6059,117.6105,118.6151,119.6198,120.6244,121.6291,122.6337,123.6383,124.643,125.6476,126.6522,127.6569,128.6615,129.6662,130.6708,131.6754,132.6801,133.6847,134.6893,135.694,136.6986,137.7032,138.7079,139.7125,140.7172,141.7218,142.7264,143.7311,144.7357,145.7403,146.745,147.7496,148.7543,149.7589,150.7635,151.7682,152.7728,153.7774,154.7821

Position pixel : 20.6104,20.6085,20.6066,20.6047,20.6028,20.6009,20.599,20.5971,20.5952,20.5933,20.5914,20.5895,20.5876,20.5857,20.5838,20.5819,20.58,20.5781,20.5762,20.5743,20.5724,20.5705,20.5686,20.5667,20.5648,20.5629,20.561,20.5591,20.5572,20.5553,20.5534,20.5515,20.5496,20.5477,20.5458,20.5439,20.542,20.5401,20.5382,20.5363,20.5344,20.5325,20.5306,20.5287,20.5268,20.5249,20.523,20.5211,20.5192,20.5173,20.5154,20.5135,20.5116,20.5097,20.5078,20.5059,20.504,20.5021,20.5002,20.4983,20.4964,20.4945,20.4926,20.4907,20.4888,20.4869,20.485,20.4831,20.4812,20.4793,20.4774,20.4755,20.4736,20.4717,20.4698,20.4679,20.466,20.4641,20.4622,20.4603,20.4584,20.4565,20.4546,20.4528,20.4509,20.449,20.4471,20.4452,20.4433,20.4414,20.4395,20.4376,20.4357,20.4338,20.4319,20.43,20.4281,20.4262,20.4243,20.4224,20.4205,20.4186,20.4167,20.4148,20.4129,20.411,20.4091,20.4072,20.4053,20.4034,20.4015,20.3996,20.3977,20.3958,20.3939,20.392,20.3901,20.3882,20.3863,20.3844,20.3825,20.3806,20.3787,20.3768,20.3749,20.373,20.3711,20.3692,20.3673,20.3654,20.3635,20.3616,20.3597,20.3578,20.3559,20.354,20.3521,20.3502,20.3483,20.3464,20.3445,20.3426,20.3407,20.3388,20.3369,20.335,20.3331,20.3312,20.3293,20.3274,20.3255,20.3236,20.3217,20.3198

Pole type : Line
Start frame : 1
End frame : 155
Start time (s) : 0.000
End time (s) : 601.010000005
Time step (s) : 3.877483871

Feature Information :


Feature number : 1

Time (s) : 259.348610699,263.573517125,267.798423551,272.023717725,276.248624151

Position (um) : 1.6256,1.5636,1.5016,1.4395,1.3775

Intensity : 283.8922,274.375,269.6661,264.6916,256.2357

Time pixel : 66.8858,67.9754,69.065,70.1547,71.2443

Position pixel : 15.2349,14.6538,14.0726,13.4915,12.9104

Brightness max : 444.26
Brightness min : 223.00
Feature direction : Antipoleward
Feature speed : Slow
Feature type : Line
Start frame : 1
End frame : 155
Start time (s) : 0.000
End time (s) : 601.010000005
Time step (s) : 3.877483871

Feature number : 2

Time (s) : 277.93881937,282.633289093,287.327758815,292.022228538

Position (um) : 1.393,1.4757,1.5584,1.6411

Intensity : 257.2784,270.0403,285.1718,306.9066

Time pixel : 71.6802,72.8909,74.1016,75.3123

Position pixel : 13.0557,13.8305,14.6054,15.3802

Brightness max : 444.26
Brightness min : 223.00
Feature direction : Poleward
Feature speed : Slow
Feature type : Line
Start frame : 1
End frame : 155
Start time (s) : 0.000
End time (s) : 601.010000005
Time step (s) : 3.877483871

Feature number : 3

Time (s) : 406.528204732,408.737207294,410.946209855,413.155212416,415.364214978,417.573217539,419.7822201,421.991222662,424.200225223,426.409227784

Position (um) : 1.6825,1.58,1.4774,1.3748,1.2722,1.1696,1.0671,0.96449,0.86191,0.75933

Intensity : 310.8585,277.1382,264.8339,259.4517,255.8773,258.5413,259.3582,258.0798,255.1691,249.0926

Time pixel : 104.8433,105.413,105.9827,106.5524,107.1221,107.6918,108.2615,108.8312,109.4009,109.9706

Position pixel : 15.7688,14.8074,13.8461,12.8847,11.9233,10.962,10.0006,9.03924,8.07788,7.11651

Brightness max : 444.26
Brightness min : 223.00
Feature direction : Antipoleward
Feature speed : Slow
Feature type : Line
Start frame : 1
End frame : 155
Start time (s) : 0.000
End time (s) : 601.010000005
Time step (s) : 3.877483871

Feature number : 4

Time (s) : 534.205993637,537.753891379,541.301789121,544.849686863,548.397972353,551.945870095,555.493767837,559.041665579

Position (um) : 1.6992,1.6267,1.5541,1.4816,1.4091,1.3366,1.264,1.1915

Intensity : 340.4563,312.9491,292.6491,280.7662,275.578,269.1838,260.3477,255.2509

Time pixel : 137.7713,138.6863,139.6013,140.5163,141.4314,142.3464,143.2614,144.1764

Position pixel : 15.925,15.2453,14.5656,13.8859,13.2061,12.5264,11.8467,11.167

Brightness max : 444.26
Brightness min : 223.00
Feature direction : Antipoleward
Feature speed : Slow
Feature type : Line
Start frame : 1
End frame : 155
Start time (s) : 0.000
End time (s) : 601.010000005
Time step (s) : 3.877483871

Feature number : 5

Time (s) : 321.47734089,321.871370801,322.462260568,323.356951196,324.611123354,325.725783643,326.250174561,326.466964685,326.709850274,326.999459545,327.407448398,327.890272689,328.295624853,328.610592868,328.983141518,329.354759572,329.636420001,329.89981748,330.180392213,330.549800101,330.918975341,331.229484249,331.598465614,331.967485754,332.278110987,332.678189773,333.154732541,333.555392949,333.867181427,334.237946435,334.609137966,334.891573891,335.126161665,335.271955059,335.418252525,335.623604071,335.770832134,335.918525494,336.12523416,336.243109669,336.285180369,336.403792601,336.61205226,336.762033336,336.912363385,337.121476091,337.241639316,337.25513296,337.268859252,337.389642875,337.599841276,337.720973872,337.735359337,337.749899902,337.871420246,338.112987491,338.40298451,338.782357532,339.173750754,339.479606682,339.767781283,340.073637211,340.468675267,340.863752099,341.169608027,341.457782628,341.763599781,342.158676613,342.553753444,342.890280269,343.316066773,343.848677958,344.381327917,344.807075646,345.143602471,345.538679303,345.903046462,346.10200016,346.300953857,346.696030689,347.228680648,347.761330607,348.187078336,348.492895489,348.750399193,348.918681993,349.086926018,349.344429722,349.619575978,349.907789354,350.182896835,350.471110211,350.746256466,351.034431067,351.309577323,351.597790699,351.903607852,352.329355581,352.831295868,353.257082372,353.593609197,354.019356926,354.521297213,354.947083717,355.283610542,355.709358271,356.242008231,356.805329087,357.368649944,357.932009576,358.495330433,359.027980392,359.453728121,359.790254946,360.21604145,360.748652635,361.281302594,361.707050323,362.012906251,362.301080852,362.60693678,363.032684509,363.565334468,364.097945653,364.523732157,364.829549309,365.117762686,365.392870166,365.681083542,365.956229798,366.244404399,366.519550655,366.777054359,366.914627486,366.976008056,367.113581184,367.340375215,367.508658015,367.67690204,367.934405744,368.209552,368.467055704,368.604628831,368.666009401,368.803582529,369.03037656,369.19865936,369.397613058,369.79268989,370.294630177,370.689707008,370.888660706,371.087614403,371.451981562,371.847058394,372.183585219,372.609332948,373.141982908,373.705303764,374.268624621,374.801274581,375.227061084,375.56358791,375.989335639,376.521985598,377.085306455,377.648627312,378.211986943,378.7753078,379.338628657,379.901988288,380.465309145,381.028630002,381.591950859,382.15531049,382.718631347,383.251281306,383.677029035,383.982846188,384.271059564,384.54620582,384.834380421,385.109526677,385.397740053,385.672847534,385.96106091,386.236207165,386.524381766,386.799528022,387.087741398,387.362848879,387.620352583,387.819345055,388.155910655,388.746839197,389.279605481,389.616171081,389.87363601,390.04191881,390.21020161,390.437034416,390.574685094,390.605317216,390.605317216,390.605317216,390.635949339,390.773600016,391.031064945,391.3063663,391.563831229,391.732114029,391.900396829,392.126841887,392.264492565,392.326144558,392.494427358,392.858523094,393.2536387,393.559572177,393.847669229,394.122970584,394.380435513,394.548718313,394.717001113,394.943833919,395.112116719,395.311031642,395.675127377,396.070242984,396.376176461,396.63364139,396.771292068,396.832556313,396.97020699,397.197039797,397.334690474,397.365322597,397.395954719,397.533605397,397.760438203

Position (um) : 1.6787,1.6778,1.6725,1.6563,1.6273,1.5921,1.5632,1.5464,1.5377,1.5312,1.5281,1.5271,1.5241,1.5186,1.5148,1.511,1.5048,1.4982,1.4912,1.4837,1.4738,1.4647,1.4602,1.4565,1.4504,1.4437,1.4367,1.4301,1.4239,1.4202,1.4156,1.4055,1.3917,1.3779,1.367,1.3585,1.3484,1.3383,1.3298,1.3188,1.3048,1.29,1.2752,1.2595,1.2409,1.2198,1.2011,1.1854,1.1714,1.1603,1.1516,1.1405,1.1265,1.1124,1.1013,1.0926,1.0814,1.0674,1.0528,1.0411,1.0319,1.021,1.0101,1.0017,0.99378,0.98621,0.97912,0.97449,0.96986,0.96362,0.95984,0.95899,0.95984,0.96362,0.96986,0.97449,0.97997,0.98999,1.0009,1.0101,1.021,1.0319,1.0403,1.0482,1.0566,1.0675,1.0784,1.0876,1.0994,1.1132,1.1249,1.1333,1.1412,1.1496,1.1614,1.1752,1.186,1.1907,1.1924,1.1961,1.2024,1.2062,1.2079,1.2117,1.2179,1.2217,1.2225,1.2225,1.2225,1.2225,1.2225,1.2234,1.2271,1.2334,1.2372,1.238,1.2389,1.2426,1.2497,1.2573,1.2644,1.2682,1.269,1.2682,1.2644,1.2573,1.2497,1.2418,1.2342,1.2263,1.2187,1.2108,1.2024,1.1907,1.1769,1.1651,1.1559,1.1442,1.1295,1.1149,1.1031,1.0939,1.0822,1.0683,1.0566,1.0474,1.0365,1.0256,1.0172,1.0093,1.0009,0.98915,0.97534,0.96362,0.95436,0.94265,0.92799,0.91333,0.90161,0.8932,0.88527,0.8777,0.87061,0.86683,0.86598,0.86598,0.86598,0.86598,0.86598,0.86683,0.87146,0.88233,0.89698,0.91249,0.92799,0.94265,0.95436,0.96278,0.97071,0.97828,0.98621,0.99378,1.0017,1.0093,1.0172,1.0248,1.0327,1.0411,1.0528,1.0675,1.083,1.0985,1.1149,1.1341,1.1559,1.1743,1.1869,1.1961,1.2079,1.2225,1.238,1.2535,1.269,1.2845,1.3,1.3155,1.331,1.3457,1.3574,1.3667,1.3784,1.393,1.4085,1.424,1.4395,1.4542,1.4659,1.4743,1.4823,1.4898,1.4978,1.5062,1.517,1.5279,1.5372,1.5481,1.5589,1.5682,1.5791,1.5899,1.5992,1.6109,1.6247,1.6364,1.6457,1.6574,1.6721,1.6867,1.6976,1.7022

Intensity : 310.8221,311.8101,312.1031,307.8546,297.2499,283.8372,277.7293,273.862,272.1647,271.1659,271.3618,272.3294,272.5131,271.7677,271.6094,271.4406,270.3172,268.935,267.848,267.5191,266.8038,266.0673,266.0967,266.2398,265.8823,265.5915,265.3546,265.2454,265.6004,266.5855,267.4184,266.9572,265.6336,264.9902,265.0275,265.4237,265.4912,265.5528,265.927,265.8082,265.2257,264.8929,265.0913,265.3975,265.6416,266.0464,266.1485,265.9068,265.6106,265.2067,264.5452,263.8096,262.9931,262.1755,261.4234,260.6903,259.754,258.5355,257.0482,255.8543,254.8627,253.7321,252.5094,251.4709,250.5608,249.9725,249.4609,249.1287,248.7787,248.2759,247.9648,247.8975,247.9625,248.3067,248.8706,249.0867,249.3887,250.1919,251.0623,251.6519,252.2758,252.8718,253.3044,253.7657,254.2925,255.0708,255.6458,256.1974,256.9202,257.8041,258.5934,259.2077,259.8103,260.4703,261.3713,262.4413,263.2647,263.8018,264.2123,263.6571,263.4017,262.8113,261.9332,261.3576,261.1404,260.5813,259.6064,258.7681,259.561,260.3539,261.1468,261.9652,262.8734,263.865,264.7914,265.396,265.3607,265.6149,266.2048,266.8632,267.4952,267.8262,267.8779,267.7633,267.4642,267.6014,267.638,267.6011,267.6389,267.601,267.6386,267.6008,267.4645,266.647,265.3966,264.8713,264.8566,264.4894,263.8919,263.4992,263.3317,263.0566,262.1904,261.1067,260.3837,259.801,259.0996,258.3626,257.6835,256.9451,256.1644,255.1955,254.0334,252.8697,252.0077,251.2081,251.0106,250.9173,250.8578,250.8744,250.7867,250.5411,250.1958,250.154,250.1604,250.1604,250.1604,250.1604,250.1604,250.2395,250.6735,251.3601,252.3736,253.5096,254.6878,255.8234,256.7162,257.382,257.8445,257.8346,257.8712,257.7982,257.7715,257.635,257.5451,257.3453,257.1919,257.0077,257.1347,257.4386,258.0718,258.7301,259.7341,260.7379,261.159,261.3191,261.4006,261.3912,261.856,262.5423,263.0561,263.8464,265.011,266.1537,266.9261,267.5665,267.7165,267.2179,266.4201,265.5387,265.4311,265.6891,265.9907,266.4809,267.1461,267.4757,267.1014,266.4409,265.9735,265.5164,265.5244,266.0752,267.2482,268.4125,269.1516,270.2972,271.3423,271.8317,272.7328,273.8164,274.7591,279.3235,285.3537,290.3543,294.1681,299.238,305.7839,312.3336,317.1007,319.0016

Time pixel : 82.90875,83.01037,83.16276,83.3935,83.71695,84.00442,84.13966,84.19557,84.25821,84.3329,84.43812,84.56264,84.66718,84.74841,84.84449,84.94033,85.01297,85.0809,85.15326,85.24853,85.34374,85.42382,85.51898,85.61415,85.69426,85.79744,85.92034,86.02367,86.10408,86.1997,86.29543,86.36827,86.42877,86.46637,86.5041,86.55706,86.59503,86.63312,86.68643,86.71683,86.72768,86.75827,86.81198,86.85066,86.88943,86.94336,86.97435,86.97783,86.98137,87.01252,87.06673,87.09797,87.10168,87.10543,87.13677,87.19907,87.27386,87.3717,87.47264,87.55152,87.62584,87.70472,87.8066,87.90849,87.98737,88.06169,88.14056,88.24245,88.34434,88.43113,88.54094,88.6783,88.81567,88.92547,89.01226,89.11415,89.20812,89.25943,89.31074,89.41263,89.55,89.68737,89.79717,89.87604,89.94245,89.98585,90.02924,90.09565,90.16661,90.24094,90.31189,90.38622,90.45718,90.5315,90.60246,90.67679,90.75566,90.86546,90.99491,91.10472,91.19151,91.30131,91.43076,91.54057,91.62736,91.73716,91.87453,92.01981,92.16509,92.31038,92.45566,92.59303,92.70283,92.78962,92.89943,93.03679,93.17416,93.28396,93.36284,93.43716,93.51604,93.62584,93.76321,93.90057,94.01038,94.08925,94.16358,94.23453,94.30886,94.37982,94.45414,94.5251,94.59151,94.62699,94.64282,94.6783,94.73679,94.78019,94.82358,94.88999,94.96095,95.02736,95.06284,95.07867,95.11415,95.17264,95.21604,95.26735,95.36924,95.49869,95.60058,95.65189,95.7032,95.79717,95.89906,95.98585,96.09565,96.23302,96.3783,96.52358,96.66095,96.77076,96.85755,96.96735,97.10472,97.25,97.39528,97.54057,97.68585,97.83113,97.97642,98.1217,98.26698,98.41226,98.55755,98.70283,98.8402,98.95,99.02887,99.1032,99.17416,99.24848,99.31944,99.39377,99.46472,99.53905,99.61001,99.68433,99.75529,99.82962,99.90057,99.96698,100.0183,100.1051,100.2575,100.3949,100.4817,100.5481,100.5915,100.6349,100.6934,100.7289,100.7368,100.7368,100.7368,100.7447,100.7802,100.8466,100.9176,100.984,101.0274,101.0708,101.1292,101.1647,101.1806,101.224,101.3179,101.4198,101.4987,101.573,101.644,101.7104,101.7538,101.7972,101.8557,101.8991,101.9504,102.0443,102.1462,102.2251,102.2915,102.327,102.3428,102.3783,102.4368,102.4723,102.4802,102.4881,102.5236,102.5821

Position pixel : 15.7325,15.7249,15.6747,15.5233,15.251,14.9209,14.65,14.4933,14.4115,14.3507,14.3213,14.3121,14.2836,14.2325,14.1968,14.1615,14.1034,14.0409,13.9753,13.9052,13.8122,13.7272,13.6848,13.6504,13.5929,13.5307,13.4651,13.4028,13.3449,13.3098,13.2667,13.1728,13.0433,12.9137,12.8114,12.732,12.6373,12.5425,12.4626,12.3596,12.2288,12.0901,11.9512,11.8042,11.6296,11.4319,11.2571,11.1098,10.9783,10.8743,10.7932,10.689,10.5572,10.4254,10.3211,10.2398,10.1354,10.0035,9.86735,9.75755,9.67076,9.56887,9.46698,9.38811,9.31378,9.24282,9.17641,9.13302,9.08962,9.03113,8.99565,8.98774,8.99565,9.03113,9.08962,9.13302,9.18433,9.2783,9.38019,9.46698,9.56887,9.67076,9.74963,9.82396,9.90283,10.0047,10.1066,10.1934,10.3032,10.4326,10.5425,10.6213,10.6957,10.7745,10.8843,11.0138,11.1157,11.1591,11.1749,11.2104,11.2689,11.3043,11.3202,11.3557,11.4142,11.4496,11.4575,11.4575,11.4575,11.4575,11.4575,11.4655,11.5009,11.5594,11.5949,11.6028,11.6107,11.6462,11.7126,11.7836,11.85,11.8855,11.8934,11.8855,11.85,11.7836,11.7126,11.6383,11.5674,11.493,11.4221,11.3477,11.2689,11.1591,11.0296,10.9198,10.833,10.7232,10.5858,10.4485,10.3387,10.2519,10.1421,10.0126,9.90283,9.81604,9.71415,9.61226,9.53339,9.45906,9.38019,9.27039,9.14094,9.03113,8.94434,8.83454,8.69717,8.5598,8.45,8.37113,8.2968,8.22584,8.15943,8.12395,8.11604,8.11604,8.11604,8.11604,8.11604,8.12395,8.16735,8.26924,8.4066,8.55189,8.69717,8.83454,8.94434,9.02321,9.09754,9.1685,9.24282,9.31378,9.38811,9.45906,9.53339,9.60435,9.67867,9.75755,9.86735,10.0047,10.15,10.2953,10.4485,10.6292,10.833,11.0059,11.1236,11.2104,11.3202,11.4575,11.6028,11.7481,11.8934,12.0387,12.184,12.3292,12.4745,12.6119,12.7217,12.8085,12.9183,13.0557,13.2009,13.3462,13.4915,13.6289,13.7387,13.8176,13.8919,13.9628,14.0372,14.116,14.2179,14.3198,14.4066,14.5085,14.6104,14.6972,14.7991,14.9009,14.9877,15.0975,15.227,15.3368,15.4236,15.5334,15.6708,15.8081,15.91,15.9534

Brightness max : 444.26
Brightness min : 223.00
Feature direction : Ambiguous
Feature speed : Slow
Feature type : Curve
Start frame : 1
End frame : 155
Start time (s) : 0.000
End time (s) : 601.010000005
Time step (s) : 3.877483871

Feature number : 6

Time (s) : 429.505786404,429.674069204,430.038552687,430.433668294,430.770233894,431.195981623,431.728747907,432.261126442,432.686874171,433.023439771,433.4491875,433.981953784,434.514720068,434.940467797,435.276645649,435.671761255,436.066876862,436.403442462,436.829190191,437.331324352,437.757072081,438.093637681,438.488365539,438.883481146,439.189414623,439.477511675,439.752813029,440.010277958,440.178560759,440.346843559,440.573676365,440.711327042,440.772591288,440.910241965,441.137074771,441.2743377,441.305357571,441.305357571,441.305357571,441.335989694,441.473640371,441.700473178,441.837736107,441.868368229,441.8993881,442.036651029,442.263483836,442.401134513,442.431766636,442.431766636,442.431766636,442.431766636,442.431766636,442.429440146,442.412379217,442.394930539,442.377094113,442.38988981,442.509316313,442.717537197,442.866432578,443.015327959,443.221997849,443.369342236,443.515911126,443.720254526,443.864884675,444.008739326,444.24100061,444.520954946,444.888928165,445.256125888,445.564385855,445.961827952,446.435268733,446.83271083,447.142134042,447.541514881,448.049853017,448.559742146,448.965714707,449.285219378,449.666763791,450.052185688,450.351915191,450.607441378

Position (um) : 0.85511,0.86135,0.86598,0.87061,0.87685,0.88064,0.88148,0.88233,0.88611,0.89235,0.89614,0.89698,0.89783,0.90161,0.90786,0.91249,0.91712,0.92336,0.92714,0.92883,0.93262,0.93886,0.94349,0.94812,0.95521,0.96278,0.97071,0.97912,0.99084,1.0055,1.021,1.0365,1.0512,1.0629,1.0721,1.0838,1.0985,1.114,1.1295,1.1442,1.1559,1.1651,1.1769,1.1915,1.207,1.2225,1.238,1.2535,1.269,1.2845,1.3,1.3155,1.331,1.3466,1.3629,1.3791,1.3953,1.4108,1.4233,1.4333,1.445,1.4567,1.4668,1.4786,1.4904,1.5006,1.5124,1.5243,1.5347,1.5466,1.5587,1.5682,1.5765,1.5815,1.5844,1.5894,1.5968,1.6017,1.6036,1.6054,1.61,1.617,1.6222,1.6272,1.6337,1.6376

Intensity : 256.7141,257.6869,258.3374,258.9656,259.4113,259.223,258.2991,257.3694,257.1235,257.4292,257.1314,256.1336,255.0893,254.6372,254.6743,254.2854,253.8345,253.6635,252.9064,251.6707,250.8147,250.377,250.1213,249.9322,250.0216,250.2009,250.5154,250.8329,251.5454,252.4404,253.1705,254.0345,254.9975,255.4543,255.319,255.5156,256.231,257.1122,257.9928,258.6605,258.5301,257.6627,257.3074,257.5636,257.8295,257.3667,257.4162,257.6039,257.9716,258.3151,258.4455,258.5758,258.7061,258.8419,259.0126,259.1856,259.536,259.9702,260.1175,260.0402,260.1418,260.2606,260.2463,260.4056,260.584,261.4314,263.0417,264.668,265.9297,267.393,268.7551,269.7559,270.6484,271.0875,272.5946,274.2962,276.2354,278.2923,280.2802,282.2487,285.2175,289.0201,292.2402,294.7471,297.6167,299.3415

Time pixel : 110.7692,110.8126,110.9066,111.0085,111.0953,111.2051,111.3425,111.4798,111.5896,111.6764,111.7862,111.9236,112.061,112.1708,112.2575,112.3594,112.4613,112.5481,112.6579,112.7874,112.8972,112.984,113.0858,113.1877,113.2666,113.3409,113.4119,113.4783,113.5217,113.5651,113.6236,113.6591,113.6749,113.7104,113.7689,113.8043,113.8123,113.8123,113.8123,113.8202,113.8557,113.9142,113.9496,113.9575,113.9655,114.0009,114.0594,114.0949,114.1028,114.1028,114.1028,114.1028,114.1028,114.1022,114.0978,114.0933,114.0887,114.092,114.1228,114.1765,114.2149,114.2533,114.3066,114.3446,114.3824,114.4351,114.4724,114.5095,114.5694,114.6416,114.7365,114.8312,114.9107,115.0132,115.1353,115.2378,115.3176,115.4206,115.5517,115.6832,115.7879,115.8703,115.9687,116.0681,116.1454,116.2113

Position pixel : 8.01415,8.07264,8.11604,8.15943,8.21793,8.2534,8.26132,8.26924,8.30472,8.36321,8.39869,8.4066,8.41452,8.45,8.50849,8.55189,8.59528,8.65378,8.68925,8.70509,8.74056,8.79906,8.84245,8.88585,8.95226,9.02321,9.09754,9.17641,9.28622,9.42358,9.56887,9.71415,9.85152,9.96132,10.0481,10.1579,10.2953,10.4406,10.5858,10.7232,10.833,10.9198,11.0296,11.167,11.3123,11.4575,11.6028,11.7481,11.8934,12.0387,12.184,12.3292,12.4745,12.6207,12.7728,12.925,13.0773,13.2218,13.3389,13.4331,13.5426,13.6522,13.747,13.8572,13.9677,14.0634,14.1746,14.2862,14.383,14.4953,14.6079,14.6977,14.7754,14.8221,14.8493,14.8959,14.9653,15.0112,15.0288,15.0456,15.089,15.1542,15.203,15.2503,15.3112,15.3475

Brightness max : 444.26
Brightness min : 223.00
Feature direction : Poleward
Feature speed : Slow
Feature type : Curve
Start frame : 1
End frame : 155
Start time (s) : 0.000
End time (s) : 601.010000005
Time step (s) : 3.877483871

Feature number : 7

Time (s) : 560.168462392,564.562427114,568.956391837,573.35035656,577.744321282,582.138286005

Position (um) : 1.2225,1.2876,1.3527,1.4178,1.4829,1.5481

Intensity : 258.9492,264.6617,266.8824,266.3785,272.8658,293.0796

Time pixel : 144.467,145.6002,146.7334,147.8666,148.9998,150.133

Position pixel : 11.4575,12.0677,12.6779,13.2881,13.8983,14.5085

Brightness max : 444.26
Brightness min : 223.00
Feature direction : Poleward
Feature speed : Slow
Feature type : Line
Start frame : 1
End frame : 155
Start time (s) : 0.000
End time (s) : 601.010000005
Time step (s) : 3.877483871

