KYMOANALYSIS DATA

General Information :

Tiff path : E:\Google Drive\microtubule dynamics and cut7\19-15 screens and tests\PA-GFP\19-06-05 (cut7 PA-GFP, cut11-7, with mCh MTs)\
Spindle type : Monopolar
Start frame : 1
End frame : 152
Start time (s) : 0.000
End time (s) : 265.130000032
Time step (s) : 1.744276316
Num poles : 1
Num tracks : 1
Num tracks poleward : 0
Num tracks antipoleward : 0
Num tracks ambiguous : 1
Comments : {

}
Poles Information :


Pole number : 1

Time (s) : 7.58348897105,9.33550464106,11.0875220554,12.8395394696,14.5915568839,16.3435742982,18.0955934568,19.8476143596,21.5996178197,23.3516387226,25.1036596254,26.8556805282,28.6077014311,30.3597048912,32.111725794,33.8637466969,35.6157675997,37.3677710598,39.1197919626,40.8718128655,42.6238337683,44.3758546711,46.1278581312,47.8798790341,49.6318999369,51.3839208398,53.1359242998,54.8879452027,56.6399661055,58.3919870084,60.1440079112,61.8960113713,63.6480322741,65.400053177,67.1520740798,68.9040775399,70.6560984427,72.4081193456,74.1601402484,75.9121611513,77.6641646113,79.4161855142,81.168206417,82.9202273199,84.6722482227,86.4242516828,88.1762725856,89.9282934885,91.6803143913,93.4323178514,95.1843387543,96.9363596571,98.6883805599,100.440401463,102.192404923,103.944425826,105.696446729,107.448467631,109.200471091,110.952491994,112.704512897,114.4565338,116.208554703,117.960558163,119.712579066,121.464599969,123.216620871,124.968624332,126.720645234,128.472666137,130.22468704,131.976707943,133.728711403,135.480732306,137.232753209,138.984774112,140.736795014,142.488798474,144.240819377,145.99284028,147.744861183,149.496864643,151.248885546,153.000906449,154.752927352,156.504948254,158.256951714,160.008972617,161.76099352,163.513014423,165.265017883,167.017038786,168.769059689,170.521080592,172.273101494,174.025104955,175.777178186,177.529129317,179.281080449,181.033206009,182.78515714,184.5372827,186.289233832,188.041184963,189.793310523,191.545261655,193.297212786,195.049338346,196.801289478,198.553415037,200.305366169,202.057317301,203.80944286,205.561393992,207.313519551,209.065470683,210.817421815,212.569547374,214.321498506,216.073449638,217.825575197,219.577526329,221.329651889,223.08160302,224.833554152,226.585679712,228.337630843,230.089581975,231.841707535,233.593658666,235.345784226,237.097735358,238.849686489,240.601812049,242.353763181,244.105714312,245.857839872,247.609791004,249.361916563,251.113867695,252.865818827,254.617944386,256.369895518,258.12184665,259.873972209,261.625923341,263.3780489,265.130000032

Position (um) : 0.78641,0.78631,0.7862,0.7861,0.786,0.78589,0.78579,0.78569,0.78558,0.78548,0.78538,0.78527,0.78517,0.78507,0.78496,0.78486,0.78475,0.78465,0.78455,0.78444,0.78434,0.78424,0.78413,0.78403,0.78393,0.78382,0.78372,0.78362,0.78351,0.78341,0.78331,0.7832,0.7831,0.783,0.78289,0.78279,0.78269,0.78258,0.78248,0.78238,0.78227,0.78217,0.78207,0.78196,0.78186,0.78176,0.78165,0.78155,0.78145,0.78134,0.78124,0.78114,0.78103,0.78093,0.78083,0.78072,0.78062,0.78052,0.78041,0.78031,0.78021,0.7801,0.78,0.7799,0.77979,0.77969,0.77958,0.77948,0.77938,0.77927,0.77917,0.77907,0.77896,0.77886,0.77876,0.77865,0.77855,0.77845,0.77834,0.77824,0.77814,0.77803,0.77793,0.77783,0.77772,0.77762,0.77752,0.77741,0.77731,0.77721,0.7771,0.777,0.7769,0.77679,0.77669,0.77659,0.77648,0.77638,0.77628,0.77617,0.77607,0.77597,0.77586,0.77576,0.77566,0.77555,0.77545,0.77535,0.77524,0.77514,0.77504,0.77493,0.77483,0.77473,0.77462,0.77452,0.77441,0.77431,0.77421,0.7741,0.774,0.7739,0.77379,0.77369,0.77359,0.77348,0.77338,0.77328,0.77317,0.77307,0.77297,0.77286,0.77276,0.77266,0.77255,0.77245,0.77235,0.77224,0.77214,0.77204,0.77193,0.77183,0.77173,0.77162,0.77152,0.77142,0.77131,0.77121

Intensity : 649.74034,1823.1946,1759.9384,1771.2844,1727.3213,1701.3959,1632.8286,1664.3835,1768.7863,1746.0699,1620.1203,1551.1111,1582.8038,1692.0668,1777.8469,1622.5396,1582.4368,1576.143,1604.8788,1571.406,1606.2918,1570.1984,1631.3182,1666.0513,1688.0583,1646.0385,1596.8177,1643.0149,1632.866,1656.7243,1590.9048,1526.8881,1533.9626,1543.8197,1539.4758,1514.5757,1581.4467,1593.275,1526.149,1479.9345,1554.0615,1528.5428,1451.8248,1487.8975,1433.2248,1451.306,1555.3917,1506.0083,1471.5571,1477.9388,1408.1558,1337.8365,1292.264,1344.6233,1405.5622,1360.0304,1294.9491,1280.0297,1267.3814,1222.187,1210.1662,1192.1585,1223.6544,1225.9514,1286.5104,1306.0359,1341.9328,1280.7011,1228.5152,1230.4834,1199.4933,1132.0569,1138.1516,1121.7785,1212.9863,1141.3683,1056.9331,1084.3045,1163.0749,1247.4867,1227.0708,1188.6641,1219.7446,1211.8673,1218.2838,1283.3573,1271.8885,1243.4631,1213.7736,1089.4548,1133.9911,1219.0616,1150.7763,1142.3921,1078.0285,1032.0076,1119.7157,1158.6619,1163.7045,1203.6244,1049.8069,1039.0106,1115.6111,1101.9159,1085.4682,1126.125,1108.3569,1030.0402,1010.6313,1032.3499,1083.7485,1050.1327,1057.7783,1070.2141,972.82168,1005.727,961.83154,1029.4556,1008.4782,999.1808,928.85257,999.09144,928.62117,942.43462,963.65914,896.48006,1028.8705,908.68972,972.27697,892.01649,916.80083,923.92341,941.81255,933.33414,958.16299,958.9185,1076.1282,917.18519,912.86128,797.13959,911.78092,1000.7274,1008.8639,934.54144,1047.2315,854.68328,923.36462,834.15283

Time pixel : 4.347642,5.352079,6.356517,7.360955,8.365393,9.369831,10.37427,11.37871,12.38314,13.38758,14.39202,15.39646,16.4009,17.40533,18.40977,19.41421,20.41865,21.42308,22.42752,23.43196,24.4364,25.44084,26.44527,27.44971,28.45415,29.45859,30.46302,31.46746,32.4719,33.47634,34.48078,35.48521,36.48965,37.49409,38.49853,39.50296,40.5074,41.51184,42.51628,43.52072,44.52515,45.52959,46.53403,47.53847,48.54291,49.54734,50.55178,51.55622,52.56066,53.56509,54.56953,55.57397,56.57841,57.58285,58.58728,59.59172,60.59616,61.6006,62.60503,63.60947,64.61391,65.61835,66.62279,67.62722,68.63166,69.6361,70.64054,71.64497,72.64941,73.65385,74.65829,75.66273,76.66716,77.6716,78.67604,79.68048,80.68492,81.68935,82.69379,83.69823,84.70267,85.7071,86.71154,87.71598,88.72042,89.72486,90.72929,91.73373,92.73817,93.74261,94.74704,95.75148,96.75592,97.76036,98.7648,99.76923,100.7737,101.7781,102.7825,103.787,104.7914,105.7959,106.8003,107.8047,108.8092,109.8136,110.818,111.8225,112.8269,113.8314,114.8358,115.8402,116.8447,117.8491,118.8536,119.858,120.8624,121.8669,122.8713,123.8757,124.8802,125.8846,126.8891,127.8935,128.8979,129.9024,130.9068,131.9112,132.9157,133.9201,134.9246,135.929,136.9334,137.9379,138.9423,139.9467,140.9512,141.9556,142.9601,143.9645,144.9689,145.9734,146.9778,147.9822,148.9867,149.9911,150.9956,152

Position pixel : 7.3703,7.3693,7.3683,7.3674,7.3664,7.3654,7.3645,7.3635,7.3625,7.3616,7.3606,7.3596,7.3587,7.3577,7.3567,7.3557,7.3548,7.3538,7.3528,7.3519,7.3509,7.3499,7.349,7.348,7.347,7.3461,7.3451,7.3441,7.3431,7.3422,7.3412,7.3402,7.3393,7.3383,7.3373,7.3364,7.3354,7.3344,7.3335,7.3325,7.3315,7.3306,7.3296,7.3286,7.3276,7.3267,7.3257,7.3247,7.3238,7.3228,7.3218,7.3209,7.3199,7.3189,7.318,7.317,7.316,7.315,7.3141,7.3131,7.3121,7.3112,7.3102,7.3092,7.3083,7.3073,7.3063,7.3054,7.3044,7.3034,7.3024,7.3015,7.3005,7.2995,7.2986,7.2976,7.2966,7.2957,7.2947,7.2937,7.2928,7.2918,7.2908,7.2899,7.2889,7.2879,7.2869,7.286,7.285,7.284,7.2831,7.2821,7.2811,7.2802,7.2792,7.2782,7.2773,7.2763,7.2753,7.2743,7.2734,7.2724,7.2714,7.2705,7.2695,7.2685,7.2676,7.2666,7.2656,7.2647,7.2637,7.2627,7.2617,7.2608,7.2598,7.2588,7.2579,7.2569,7.2559,7.255,7.254,7.253,7.2521,7.2511,7.2501,7.2491,7.2482,7.2472,7.2462,7.2453,7.2443,7.2433,7.2424,7.2414,7.2404,7.2395,7.2385,7.2375,7.2366,7.2356,7.2346,7.2336,7.2327,7.2317,7.2307,7.2298,7.2288,7.2278

Pole type : Line
Start frame : 1
End frame : 152
Start time (s) : 0.000
End time (s) : 265.130000032
Time step (s) : 1.744276316

Feature Information :


Feature number : 1

Time (s) : 177.146086238,177.381040258,177.716115739,178.025201502,178.287191804,178.535751179,178.784136127,179.019090147,179.206948706,179.35538662,179.54324518,179.764593844,179.952452403,180.100890318,180.288574449,180.509923114,180.697781673,180.846219588,181.034078147,181.255426811,181.443285371,181.591723285,181.779407417,182.000930509,182.18861464,182.337052555,182.524911114,182.759865134,183.008250081,183.256809456,183.505194404,183.740148423,183.928006983,184.076444897,184.250698101,184.424951305,184.57338922,184.747642424,184.921895628,185.070333542,185.258192101,185.479540766,185.667399325,185.81583724,186.003521371,186.225044463,186.412728595,186.561166509,186.749025069,186.970373733,187.158232292,187.306670207,187.480923411,187.655176615,187.803614529,187.991473088,188.226252681,188.474812056,188.723371431,188.971756378,189.220315753,189.455269773,189.642953904,189.791391819,189.965645023,190.139898227,190.288336141,190.476194701,190.71114872,190.94610274,191.133786872,191.268793859,191.395777174,191.530784161,191.718642721,191.953422313,192.201981688,192.450366635,192.69892601,192.93388003,193.121738589,193.270176504,193.444429708,193.618682912,193.767120826,193.94137403,194.115627234,194.264065148,194.45174928,194.6867033,194.935262675,195.170216695,195.357900826,195.506338741,195.6941973,195.92915132,196.177536267,196.426095642,196.67448059,196.923039965,197.17159934,197.406378932,197.580632136

Position (um) : 1.3792,1.3792,1.3792,1.3792,1.3792,1.38,1.3837,1.3907,1.3981,1.4051,1.4088,1.4104,1.4141,1.4203,1.424,1.4256,1.4293,1.4355,1.4392,1.4408,1.4445,1.4507,1.4544,1.456,1.4597,1.4659,1.4704,1.4758,1.4856,1.4954,1.5,1.5016,1.5053,1.5115,1.516,1.5205,1.5267,1.5312,1.5357,1.5427,1.5501,1.5579,1.5661,1.5768,1.5866,1.592,1.5965,1.6027,1.6064,1.608,1.6117,1.6178,1.6224,1.6269,1.6331,1.6368,1.6376,1.6376,1.6376,1.6376,1.6376,1.6368,1.6331,1.6261,1.6178,1.6072,1.5965,1.5883,1.5813,1.5768,1.5723,1.5653,1.5579,1.5509,1.5472,1.5456,1.5419,1.5357,1.532,1.5304,1.5267,1.5205,1.516,1.5115,1.5053,1.5008,1.4963,1.4901,1.4856,1.4811,1.4749,1.4704,1.4659,1.4597,1.456,1.4544,1.4507,1.4445,1.44,1.4355,1.4293,1.4256,1.4248

Intensity : 360.871,362.2778,364.2841,366.0793,367.5146,368.6621,368.94,367.9823,366.1924,363.9776,362.6384,362.254,361.27,359.2455,358.4314,358.609,357.9271,356.2731,355.7575,356.1862,355.5447,353.1899,351.5818,350.5976,348.9996,346.6849,344.8274,342.622,338.9398,336.48,337.2473,338.5134,338.7407,337.7999,337.3543,336.7436,335.2656,334.3156,332.6447,327.4977,321.5733,315.0329,308.8827,302.4506,295.7928,290.3935,285.8538,281.8243,280.6932,281.4958,281.8714,281.7545,281.9884,282.2407,282.1794,282.6388,283.7056,284.5738,284.8215,285.069,285.3167,285.6272,286.1366,286.8497,287.6244,288.5339,290.0143,291.9286,294.1563,296.2238,298.235,300.6679,303.3554,306.1722,308.7173,309.4571,307.3688,305.5876,302.9461,299.9282,297.7743,296.3249,294.0696,291.709,293.4698,295.4627,297.5927,300.2727,303.2408,306.6173,310.4625,313.738,316.5379,319.0749,321.3605,323.5253,326.3083,329.7315,332.7962,335.9013,337.4962,333.6179,330.238

Time pixel : 101.5585,101.6932,101.8853,102.0625,102.2127,102.3552,102.4976,102.6323,102.74,102.8251,102.9328,103.0597,103.1674,103.2525,103.3601,103.487,103.5947,103.6798,103.7875,103.9144,104.0221,104.1072,104.2148,104.3418,104.4494,104.5345,104.6422,104.7769,104.9193,105.0618,105.2042,105.3389,105.4466,105.5317,105.6316,105.7315,105.8166,105.9165,106.0164,106.1015,106.2092,106.3361,106.4438,106.5289,106.6365,106.7635,106.8711,106.9562,107.0639,107.1908,107.2985,107.3836,107.4835,107.5834,107.6685,107.7762,107.9108,108.0533,108.1958,108.3382,108.4807,108.6154,108.723,108.8081,108.908,109.0079,109.093,109.2007,109.3354,109.4701,109.5777,109.6551,109.7279,109.8053,109.913,110.0476,110.1901,110.3325,110.475,110.6097,110.7174,110.8025,110.9024,111.0023,111.0874,111.1873,111.2872,111.3723,111.4799,111.6146,111.7571,111.8918,111.9994,112.0845,112.1922,112.3269,112.4693,112.6118,112.7542,112.8967,113.0392,113.1738,113.2737

Position pixel : 12.9259,12.9259,12.9259,12.9259,12.9259,12.9337,12.9685,13.0336,13.1032,13.1683,13.2031,13.2186,13.2534,13.3108,13.3455,13.3611,13.3959,13.4532,13.488,13.5035,13.5383,13.5957,13.6304,13.646,13.6808,13.7381,13.7807,13.831,13.9231,14.0153,14.0578,14.0733,14.1081,14.1655,14.208,14.2506,14.3079,14.3505,14.393,14.4581,14.5277,14.6006,14.6779,14.7778,14.87,14.9203,14.9628,15.0202,15.055,15.0705,15.1053,15.1626,15.2052,15.2477,15.3051,15.3399,15.3476,15.3476,15.3476,15.3476,15.3476,15.3399,15.3051,15.24,15.1626,15.0627,14.9628,14.8855,14.8204,14.7778,14.7353,14.6702,14.6006,14.5355,14.5007,14.4852,14.4504,14.393,14.3582,14.3427,14.3079,14.2506,14.208,14.1655,14.1081,14.0656,14.023,13.9657,13.9231,13.8806,13.8232,13.7807,13.7381,13.6808,13.646,13.6304,13.5957,13.5383,13.4958,13.4532,13.3959,13.3611,13.3533

Brightness max : 744.51
Brightness min :  0.00
Feature direction : Ambiguous
Feature speed : Slow
Feature type : Curve
Start frame : 1
End frame : 152
Start time (s) : 0.000
End time (s) : 265.130000032
Time step (s) : 1.744276316

