KYMOANALYSIS DATA

General Information :

Tiff path : E:\Google Drive\microtubule dynamics and cut7\19-15 screens and tests\PA-GFP\19-06-05 (cut7 PA-GFP, cut11-7, with mCh MTs)\
Spindle type : Monopolar
Start frame : 1
End frame : 139
Start time (s) : 0.000
End time (s) : 238.029999977
Time step (s) : 1.712446043
Num poles : 1
Num tracks : 3
Num tracks poleward : 0
Num tracks antipoleward : 2
Num tracks ambiguous : 1
Comments : {

}
Poles Information :


Pole number : 1

Time (s) : 6.059796851,7.79008658177,9.52037460009,11.2506643309,12.9809540616,14.7112420799,16.4415318107,18.1718266788,19.9021164096,21.6324061404,23.3626958711,25.0929684774,26.8232582082,28.553547939,30.2838376697,32.0141274005,33.7444171313,35.474706862,37.2049965928,38.9352863236,40.6655760543,42.3958657851,44.1261555159,45.8564452466,47.5867349774,49.3170247082,51.047314439,52.7776041697,54.5078939005,56.2381836313,57.968473362,59.6987630928,61.4290528236,63.1593425543,64.8896322851,66.6199220159,68.3501946222,70.0804843529,71.8107740837,73.5410638145,75.2713535452,77.001643276,78.7319330068,80.4622227375,82.1925124683,83.9228021991,85.6530919299,87.3833816606,89.1136713914,90.8439611222,92.5742508529,94.3045405837,96.0348303145,97.7651200452,99.495409776,101.225699507,102.955989238,104.686278968,106.416568699,108.14685843,109.877148161,111.607420767,113.337710498,115.068000228,116.798289959,118.52857969,120.258869421,121.989159152,123.719448882,125.449738613,127.180028344,128.910318075,130.640607805,132.370897536,134.101187267,135.831476998,137.561766728,139.292056459,141.02234619,142.752635921,144.482925652,146.213215382,147.943505113,149.673794844,151.404084575,153.134374305,154.864646912,156.594936642,158.325226373,160.055516104,161.785805835,163.516095565,165.246385296,166.976675027,168.706964758,170.437254489,172.167612717,173.897868199,175.628123681,177.358379163,179.088634645,180.819061371,182.549316853,184.279572335,186.009827817,187.740083298,189.470510025,191.200765507,192.931020989,194.66127647,196.391531952,198.121958679,199.852214161,201.582469642,203.312725124,205.042980606,206.773407333,208.503662814,210.233918296,211.964173778,213.69442926,215.424855986,217.155111468,218.88536695,220.615622432,222.345877914,224.076133396,225.806560122,227.536815604,229.267071086,230.997326568,232.727582049,234.458008776,236.188264258,237.91851974

Position (um) : 0.73673,0.73653,0.73632,0.73611,0.7359,0.7357,0.73549,0.73528,0.73507,0.73487,0.73466,0.73445,0.73425,0.73404,0.73383,0.73362,0.73342,0.73321,0.733,0.73279,0.73259,0.73238,0.73217,0.73196,0.73176,0.73155,0.73134,0.73114,0.73093,0.73072,0.73051,0.73031,0.7301,0.72989,0.72968,0.72948,0.72927,0.72906,0.72885,0.72865,0.72844,0.72823,0.72803,0.72782,0.72761,0.7274,0.7272,0.72699,0.72678,0.72657,0.72637,0.72616,0.72595,0.72574,0.72554,0.72533,0.72512,0.72492,0.72471,0.7245,0.72429,0.72409,0.72388,0.72367,0.72346,0.72326,0.72305,0.72284,0.72263,0.72243,0.72222,0.72201,0.72181,0.7216,0.72139,0.72118,0.72098,0.72077,0.72056,0.72035,0.72015,0.71994,0.71973,0.71952,0.71932,0.71911,0.7189,0.7187,0.71849,0.71828,0.71807,0.71787,0.71766,0.71745,0.71724,0.71704,0.71683,0.71662,0.71641,0.71621,0.716,0.71579,0.71559,0.71538,0.71517,0.71496,0.71476,0.71455,0.71434,0.71413,0.71393,0.71372,0.71351,0.7133,0.7131,0.71289,0.71268,0.71248,0.71227,0.71206,0.71185,0.71165,0.71144,0.71123,0.71102,0.71082,0.71061,0.7104,0.7102,0.70999,0.70978,0.70957,0.70937,0.70916,0.70895

Intensity : 190.25592,543.82724,879.44142,1014.9778,1012.5577,1010.6221,994.06948,963.32672,949.86099,949.10875,952.71898,949.89717,951.00854,957.58167,954.91925,952.72402,935.35594,933.36944,928.6661,933.08461,921.92818,907.14808,878.84267,869.17345,866.1135,879.7548,902.66519,918.7953,927.24419,931.53593,915.58198,891.97608,854.8629,842.84005,851.94216,853.62924,843.22014,813.49205,787.54139,786.78527,778.70482,780.71504,787.13047,788.37525,804.41168,759.99724,759.08322,729.08701,724.89861,704.91318,700.8941,708.23086,715.69217,718.57765,699.4424,674.06198,638.38712,635.59359,622.1247,615.43865,590.92967,588.85367,599.12224,613.74345,608.4281,603.43234,594.43842,591.40534,579.2925,571.00391,568.66148,574.73546,567.16555,551.7827,537.33584,554.06301,576.50926,609.08521,638.58899,656.91213,646.72383,624.31126,611.95732,599.16524,586.1602,578.34508,571.30346,568.0935,574.56445,587.73315,586.92349,574.77636,566.5959,559.40552,560.77993,564.98473,570.82616,559.71419,543.33321,541.06681,539.22111,537.77082,522.01262,508.44026,493.37925,491.39341,493.3861,500.74975,502.75945,517.47703,520.65805,521.88606,512.45716,502.89423,496.68062,495.85675,515.06569,524.01757,513.05485,487.92283,472.50394,485.17903,484.39918,482.52074,480.67775,481.72377,491.85664,501.28839,513.78118,505.40633,486.52744,497.05376,503.4839,508.49155,501.67307

Time pixel : 3.538679,4.549099,5.559518,6.569938,7.580358,8.590777,9.601197,10.61162,11.62204,12.63246,13.64288,14.65329,15.66371,16.67413,17.68455,18.69497,19.70539,20.71581,21.72623,22.73665,23.74707,24.75749,25.76791,26.77833,27.78875,28.79917,29.80959,30.82001,31.83043,32.84085,33.85127,34.86169,35.87211,36.88253,37.89295,38.90337,39.91378,40.9242,41.93462,42.94504,43.95546,44.96588,45.9763,46.98672,47.99714,49.00756,50.01798,51.0284,52.03882,53.04924,54.05966,55.07008,56.0805,57.09092,58.10134,59.11176,60.12218,61.1326,62.14302,63.15344,64.16386,65.17427,66.18469,67.19511,68.20553,69.21595,70.22637,71.23679,72.24721,73.25763,74.26805,75.27847,76.28889,77.29931,78.30973,79.32015,80.33057,81.34099,82.35141,83.36183,84.37225,85.38267,86.39309,87.40351,88.41393,89.42435,90.43476,91.44518,92.4556,93.46602,94.47644,95.48686,96.49728,97.5077,98.51812,99.52854,100.539,101.5494,102.5598,103.5702,104.5806,105.5911,106.6015,107.6119,108.6223,109.6327,110.6432,111.6536,112.664,113.6744,114.6848,115.6953,116.7057,117.7161,118.7265,119.7369,120.7474,121.7578,122.7682,123.7786,124.789,125.7995,126.8099,127.8203,128.8307,129.8411,130.8515,131.862,132.8724,133.8828,134.8932,135.9036,136.9141,137.9245,138.9349

Position pixel : 6.9047,6.9028,6.9008,6.8989,6.8969,6.895,6.8931,6.8911,6.8892,6.8872,6.8853,6.8833,6.8814,6.8795,6.8775,6.8756,6.8736,6.8717,6.8697,6.8678,6.8659,6.8639,6.862,6.86,6.8581,6.8561,6.8542,6.8523,6.8503,6.8484,6.8464,6.8445,6.8425,6.8406,6.8387,6.8367,6.8348,6.8328,6.8309,6.8289,6.827,6.825,6.8231,6.8212,6.8192,6.8173,6.8153,6.8134,6.8114,6.8095,6.8076,6.8056,6.8037,6.8017,6.7998,6.7978,6.7959,6.794,6.792,6.7901,6.7881,6.7862,6.7842,6.7823,6.7804,6.7784,6.7765,6.7745,6.7726,6.7706,6.7687,6.7668,6.7648,6.7629,6.7609,6.759,6.757,6.7551,6.7532,6.7512,6.7493,6.7473,6.7454,6.7434,6.7415,6.7396,6.7376,6.7357,6.7337,6.7318,6.7298,6.7279,6.726,6.724,6.7221,6.7201,6.7182,6.7162,6.7143,6.7123,6.7104,6.7085,6.7065,6.7046,6.7026,6.7007,6.6987,6.6968,6.6949,6.6929,6.691,6.689,6.6871,6.6851,6.6832,6.6813,6.6793,6.6774,6.6754,6.6735,6.6715,6.6696,6.6677,6.6657,6.6638,6.6618,6.6599,6.6579,6.656,6.6541,6.6521,6.6502,6.6482,6.6463,6.6443

Pole type : Line
Start frame : 1
End frame : 139
Start time (s) : 0.000
End time (s) : 238.029999977
Time step (s) : 1.712446043

Feature Information :


Feature number : 1

Time (s) : 156.848995137,157.009845194,157.237309402,157.519246519,157.836494273,158.118448513,158.358122462,158.585655167,158.813204998,159.040771952,159.268356031,159.495974359,159.723592687,159.95122814,160.178897841,160.406567543,160.634271493,160.862009692,161.077606649,161.250940438,161.388963589,161.562348751,161.778048454,162.005940774,162.233850217,162.46179391,162.689754727,162.929925285,163.212410384,163.53024037,163.812811091,164.053118645,164.281319204,164.509554013,164.737840195,164.96617775,165.194566679,165.422989857,165.651464408,165.880007457,166.108584754,166.349371793,166.632507621,166.951022585,167.234278285,167.475305066,167.69208361,167.866633236,168.005923597,168.180593093,168.385487262,168.548135387,168.633243956,168.706262655,168.814677614,168.942271969,169.105245458,169.268287446,169.408211412,169.571373271,169.734603628,169.874715963,170.050207434,170.268047695,170.498097696,170.740340314,171.024931722,171.35694076,171.708334688,172.106992127,172.535959861,172.922630178,173.219739566,173.462221926,173.692717163,173.923041156,174.153536393,174.384031631,174.62651399,174.911465012,175.231521177,175.516472199,175.758954559,175.989278551,176.219602544,176.449926537,176.680079285,176.910232033,177.152371904,177.448967558,177.823137019,178.197135235,178.4933884,178.735185781,178.964653551,179.193950076,179.423246601,179.64004227,179.814540522,179.953591141,180.127746903,180.344028839,180.560139529,180.733610313,180.871804709,181.044933004,181.260187472,181.487429062,181.714499407,181.941227263,182.167783874,182.393997997,182.620040874,182.845912508,183.071441651,183.296628306,183.521643716,183.746316637,183.970818313,184.207135867,184.485579594,184.79895722,185.076715968,185.301731378,185.47811332,185.611512867,185.708437313,185.839781924,186.01256773,186.208642802,186.446159068,186.7180955,186.965886442,187.212821162,187.494176047,187.781524493,188.061166931,188.292347147,188.480373723,188.655556953,188.829712716,189.0031835,189.175798061,189.359714766,189.585072665,189.857180341,190.147439946,190.472462205,190.784298629,191.030034636,191.262756053,191.518081758,191.737103607,191.900984694,192.009725017,192.08233273,192.189531852,192.35050178,192.589730492,192.996607672,193.619595542,194.33693919,194.984415039,195.654495175,196.370468866,196.968112535,197.419342067,197.751385355,198.046268564,198.36598224,198.714293765,198.980236635,199.161755916,199.319643441,199.478215945,199.637473427,199.797758376,199.959070794,200.121753168,200.310122232,200.572640211,200.865125995,201.077983038,201.328171405,201.669290657,201.942083311,202.090552383,202.182168247,202.323958779,202.541096937,202.766626081,202.936671973,203.157577513,203.501607923,203.903519009,204.278715937,204.609903002,204.925506808,205.20155311,205.43924062,205.654323843,205.828822095,205.957598038,206.06890703,206.134322469,206.171311304,206.23998039,206.357796678,206.496333563,206.68367516,206.914855376,207.147405548,207.339028261,207.496744541,207.691107167,207.928794678,208.180010512,208.420095447,208.618910433,208.783476498,208.984346419,209.22836998,209.485236886,209.74313126,210.001539368,210.272790821,210.635486893,211.203334001,211.901840742,212.501710591,212.991298915,213.362043483,213.648364461,213.910711195,214.173057929,214.435747152,214.69826513,214.960954353,215.223472332,215.486161555,215.748508289,215.998696655,216.20641636,216.378688432,216.573736037,216.768783641,216.952357857,217.213163389,217.551542727,217.854131943,218.07161259,218.253645605,218.525068303,218.91584849,219.318444554,219.630965957,219.846391669,220.013868892,220.216280015,220.472633187,220.795258022,221.20727254,221.661241986,222.072400281,222.405642281,222.726383425,223.069900101,223.402114633,223.776284093,224.208505475,224.581818712,224.924821655,225.320910424,225.728643827,226.113087964,226.520307633,226.91519769,227.24432982,227.561132338,227.925198366,228.362557086,228.924753122,229.541233697,230.122095395,230.629321913,231.011197381,231.338617064,231.676825157,231.979585618,232.22771905,232.421396697,232.579455467,232.772790625,233.008423201,233.255871654,233.503320107,233.738610193,233.931431618,234.076647042,234.214841438,234.359885618,234.540206186,234.708368387

Position (um) : 1.9314,1.9314,1.9322,1.9357,1.9413,1.9447,1.9455,1.9463,1.9498,1.9554,1.9588,1.9596,1.9597,1.9597,1.9605,1.9639,1.9696,1.973,1.9746,1.978,1.9836,1.9871,1.9879,1.9871,1.9838,1.9783,1.9749,1.9727,1.9659,1.954,1.9439,1.9369,1.9335,1.9328,1.9328,1.9329,1.9322,1.9288,1.9225,1.9158,1.9095,1.9054,1.9006,1.8909,1.8785,1.8688,1.864,1.8599,1.8536,1.8469,1.8398,1.8323,1.8226,1.813,1.8055,1.7984,1.7909,1.7813,1.7723,1.7675,1.7634,1.7579,1.7538,1.7497,1.7434,1.7367,1.7304,1.7271,1.7264,1.7264,1.7265,1.7266,1.7266,1.7267,1.7268,1.7276,1.731,1.7367,1.7402,1.7417,1.7452,1.7516,1.7585,1.7649,1.7683,1.7692,1.7692,1.7693,1.7701,1.7736,1.7792,1.7827,1.7835,1.7835,1.7836,1.7837,1.7837,1.7823,1.7755,1.7636,1.7535,1.7464,1.7423,1.7382,1.7327,1.7293,1.7279,1.7245,1.7182,1.7114,1.7044,1.6976,1.6913,1.6879,1.6872,1.6872,1.6872,1.6865,1.6831,1.6768,1.67,1.6637,1.6603,1.6595,1.6585,1.6549,1.6491,1.6455,1.6445,1.6443,1.644,1.6438,1.6435,1.6433,1.643,1.6427,1.6424,1.6421,1.6418,1.6415,1.6412,1.6402,1.6365,1.6298,1.6219,1.6118,1.6017,1.5939,1.5864,1.5793,1.5718,1.5646,1.5579,1.5534,1.5489,1.5429,1.5391,1.538,1.5376,1.5372,1.5368,1.5364,1.536,1.5356,1.5352,1.534,1.5302,1.5242,1.5204,1.5192,1.5188,1.5184,1.518,1.5176,1.5172,1.5168,1.5165,1.5161,1.5157,1.5154,1.5158,1.5188,1.5248,1.5313,1.5374,1.5412,1.5451,1.5504,1.5536,1.5549,1.558,1.5642,1.5716,1.5819,1.5949,1.6079,1.6183,1.6258,1.6329,1.6397,1.6468,1.6536,1.6608,1.6684,1.6789,1.6914,1.702,1.7119,1.7292,1.7537,1.7745,1.79,1.8033,1.8139,1.8216,1.8281,1.8316,1.8333,1.8369,1.8426,1.8462,1.8472,1.8474,1.8468,1.8429,1.8341,1.823,1.8081,1.7867,1.7677,1.7567,1.752,1.7481,1.742,1.7354,1.7293,1.7253,1.7214,1.7153,1.7087,1.7026,1.6987,1.6948,1.6894,1.6855,1.6815,1.6754,1.6688,1.6627,1.6587,1.6548,1.6487,1.6421,1.6352,1.6286,1.6217,1.6151,1.6082,1.6016,1.5947,1.5881,1.5819,1.5787,1.5781,1.5783,1.5785,1.5794,1.5837,1.5929,1.602,1.6071,1.6114,1.6172,1.6215,1.6258,1.6323,1.6393,1.6458,1.6501,1.6544,1.6601,1.6644,1.6695,1.6786,1.6877,1.692,1.6937,1.6972,1.703,1.7073,1.7115,1.718,1.7257,1.7356,1.7447,1.749,1.7507,1.7542,1.7607,1.7676,1.7741,1.7776,1.7785

Intensity : 308.7524,309.3128,310.0498,310.7808,309.6638,308.6684,307.979,307.3265,306.5162,305.5942,304.7383,302.3363,299.9769,297.6177,295.207,292.6111,289.8409,287.2044,285.6393,284.8639,284.0065,283.202,282.4742,281.8358,281.435,281.2514,280.8907,280.4633,280.2884,280.3608,280.2869,280.04,279.5273,279.7129,280.7307,281.7475,282.8246,284.1238,285.7041,287.2744,288.8292,288.6542,288.5069,288.809,289.5599,290.2354,290.5071,290.7142,291.1163,291.5449,292.0232,292.7096,293.8725,295.0887,295.9824,296.8543,297.8351,299.2257,300.5988,301.2347,301.2186,301.5281,301.4619,301.2225,301.2834,301.3642,301.2022,300.8423,300.9663,300.9761,300.9891,301.0017,301.3864,301.741,302.0782,302.3495,302.4074,302.3155,302.4545,302.1728,301.6109,300.8863,300.1893,299.5504,299.1243,298.6738,297.7851,296.8962,295.9081,294.5198,292.6573,291.3518,291.3126,291.3276,291.3401,291.353,291.3653,291.541,292.3171,293.724,295.0536,296.1489,296.9374,297.7294,298.7294,299.5019,300.084,301.0223,302.7024,304.5058,306.069,307.1367,308.1619,308.9978,309.6746,310.0575,309.8266,309.6308,309.533,309.4918,309.3387,309.0394,308.8024,308.6862,308.601,308.5905,308.6427,308.6336,308.5513,308.441,308.3069,308.5164,309.8478,311.1834,312.7131,314.286,315.8287,317.1184,318.4931,319.982,321.4698,323.0834,325.1742,327.984,331.5489,336.2323,340.9112,342.5823,343.8919,344.9212,345.8588,346.755,347.483,347.7729,347.9393,348.1458,348.2661,348.2878,348.2751,348.2422,348.7881,352.5685,355.997,360.1675,364.9847,369.1766,373.5207,377.0485,380.0231,382.9435,385.4086,385.4147,385.4332,385.4544,385.4762,385.4987,385.5205,385.5416,385.5621,385.5802,385.3062,384.7126,383.9804,383.2763,382.6792,382.3589,381.904,380.7326,379.2241,377.114,374.8705,373.0827,370.8626,367.6013,363.679,357.9609,352.2863,347.4848,343.268,339.5789,337.5981,336.34,335.1718,334.0354,332.5386,330.8139,329.4625,327.9716,324.5255,320.0074,316.8547,315.1329,312.5455,310.1529,308.2767,306.5327,305.2818,304.3841,303.3151,302.0199,301.5386,302.8212,304.2924,305.8816,307.9826,310.8834,314.5886,311.1723,306.7994,303.7312,302.0468,300.5619,299.5839,299.2406,300.2683,302.7979,305.0232,307.3735,310.4136,313.768,316.6875,317.5592,318.3348,319.4111,320.2557,321.1337,322.4884,324.0484,325.5956,326.4443,327.293,328.6178,330.0369,331.525,332.2468,332.0293,332.3133,332.9589,333.3733,332.8058,331.8225,329.4483,326.068,322.766,320.0229,317.785,316.173,314.4052,312.3401,310.1465,307.8381,305.8007,303.4319,301.3487,299.9565,300.6937,301.2945,301.6748,302.2899,302.3283,301.3065,300.4673,299.5738,298.6063,298.1689,298.2709,299.1537,300.7549,302.2276,303.4991,304.0236,304.1161,304.2746,304.2968,304.3389,304.9332,305.7705,306.2274,306.1708,306.0486,306.0119,306.4497,306.6484

Time pixel : 91.59354,91.68747,91.8203,91.98494,92.1702,92.33485,92.47481,92.60768,92.74056,92.87345,93.00635,93.13927,93.27219,93.40512,93.53807,93.67102,93.80399,93.93698,94.06288,94.1641,94.2447,94.34595,94.47191,94.60499,94.73808,94.87119,95.00431,95.14456,95.30952,95.49512,95.66013,95.80046,95.93372,96.067,96.20031,96.33365,96.46702,96.60041,96.73383,96.86729,97.00077,97.14138,97.30672,97.49272,97.65813,97.79888,97.92547,98.0274,98.10874,98.21074,98.33039,98.42537,98.47507,98.51771,98.58102,98.65553,98.7507,98.84591,98.92762,99.0229,99.11822,99.20004,99.30252,99.42973,99.56407,99.70553,99.87172,100.0656,100.2708,100.5036,100.7541,100.9799,101.1534,101.295,101.4296,101.5641,101.6987,101.8333,101.9749,102.1413,102.3282,102.4946,102.6362,102.7707,102.9052,103.0397,103.1741,103.3085,103.4499,103.6231,103.8416,104.06,104.233,104.3742,104.5082,104.6421,104.776,104.9026,105.0045,105.0857,105.1874,105.3137,105.4399,105.5412,105.6219,105.723,105.8487,105.9814,106.114,106.2464,106.3787,106.5108,106.6428,106.7747,106.9064,107.0379,107.1693,107.3005,107.4316,107.5696,107.7322,107.9152,108.0774,108.2088,108.3118,108.3897,108.4463,108.523,108.6239,108.7384,108.8771,109.0359,109.1806,109.3248,109.4891,109.6569,109.8202,109.9552,110.065,110.1673,110.269,110.3703,110.4711,110.5785,110.7101,110.869,111.0385,111.2283,111.4104,111.5539,111.6898,111.8389,111.9668,112.0625,112.126,112.1684,112.231,112.325,112.4647,112.7023,113.0661,113.485,113.8631,114.2544,114.6725,115.0215,115.285,115.4789,115.6511,115.8378,116.0412,116.1965,116.3025,116.3947,116.4873,116.5803,116.6739,116.7681,116.8631,116.9731,117.1264,117.2972,117.4215,117.5676,117.7668,117.9261,118.0128,118.0663,118.1491,118.2759,118.4076,118.5069,118.6359,118.8368,119.0715,119.2906,119.484,119.6683,119.8295,119.9683,120.0939,120.1958,120.271,120.336,120.3742,120.3958,120.4359,120.5047,120.5856,120.695,120.83,120.9658,121.0777,121.1698,121.2833,121.4221,121.5688,121.709,121.8251,121.9212,122.0385,122.181,122.331,122.4816,122.6325,122.7909,123.0027,123.3343,123.7422,124.0925,124.3784,124.5949,124.7621,124.9153,125.0685,125.2219,125.3752,125.5286,125.6819,125.8353,125.9885,126.1346,126.2559,126.3565,126.4704,126.5843,126.6915,126.8438,127.0414,127.2181,127.3451,127.4514,127.6099,127.8381,128.0732,128.2557,128.3815,128.4793,128.5975,128.7472,128.9356,129.1762,129.4413,129.6814,129.876,130.0633,130.2639,130.4579,130.6764,130.9288,131.1468,131.3471,131.5784,131.8165,132.041,132.2788,132.5094,132.7016,132.8866,133.0992,133.3546,133.6829,134.0429,134.3821,134.6783,134.9013,135.0925,135.29,135.4668,135.6117,135.7248,135.8171,135.93,136.0676,136.2121,136.3566,136.494,136.6066,136.6914,136.7721,136.8568,136.9621,137.0603

Position pixel : 18.1011,18.1015,18.109,18.1411,18.1939,18.2261,18.2336,18.241,18.2732,18.326,18.3582,18.3657,18.3661,18.3664,18.3739,18.4061,18.4589,18.4911,18.5057,18.5379,18.5907,18.6229,18.6304,18.6237,18.5923,18.5403,18.509,18.4881,18.4249,18.3134,18.2185,18.1523,18.1209,18.1143,18.1147,18.1152,18.1085,18.0772,18.0181,17.955,17.896,17.8576,17.8121,17.7212,17.6057,17.5149,17.4694,17.431,17.372,17.309,17.2429,17.1727,17.0819,16.9912,16.921,16.855,16.7848,16.6941,16.6104,16.565,16.5267,16.4748,16.4365,16.3982,16.3393,16.2763,16.2174,16.1862,16.1797,16.1803,16.1809,16.1815,16.1822,16.1828,16.1834,16.1911,16.2235,16.2766,16.309,16.3238,16.3562,16.4163,16.4805,16.5406,16.573,16.5807,16.5813,16.5819,16.5896,16.622,16.675,16.7073,16.715,16.7155,16.7161,16.7166,16.7171,16.7034,16.6403,16.5289,16.434,16.3678,16.3294,16.2909,16.2389,16.2075,16.1937,16.1623,16.1031,16.0398,15.9735,15.9102,15.8509,15.8194,15.8125,15.8127,15.8129,15.8059,15.7743,15.7148,15.6513,15.5919,15.5601,15.5525,15.5436,15.5099,15.4555,15.4217,15.4124,15.4103,15.408,15.4057,15.4033,15.4008,15.3983,15.3957,15.393,15.3903,15.3875,15.3847,15.3818,15.3718,15.337,15.2744,15.2006,15.1062,15.0117,14.9378,14.8679,14.8009,14.731,14.664,14.601,14.5586,14.5162,14.4602,14.4248,14.4141,14.4104,14.4067,14.4029,14.3992,14.3954,14.3916,14.3878,14.3769,14.3413,14.285,14.2494,14.2385,14.2347,14.2309,14.2271,14.2234,14.2197,14.216,14.2124,14.2089,14.2055,14.2021,14.2059,14.2345,14.2909,14.3515,14.4082,14.4443,14.4806,14.5306,14.5601,14.5722,14.602,14.6597,14.7287,14.8257,14.9475,15.0695,15.167,15.237,15.3034,15.3672,15.434,15.4979,15.5649,15.6361,15.7351,15.8517,15.9509,16.0437,16.2066,16.4355,16.6304,16.7759,16.9002,16.9999,17.072,17.1329,17.1662,17.182,17.2154,17.2694,17.3029,17.3118,17.3136,17.3084,17.2714,17.1891,17.0855,16.9461,16.7449,16.5674,16.4639,16.42,16.3832,16.3258,16.2643,16.2069,16.1701,16.1333,16.0759,16.0144,15.957,15.9202,15.8834,15.833,15.7962,15.7594,15.7019,15.6403,15.5828,15.5459,15.509,15.4514,15.3897,15.325,15.2633,15.1986,15.1369,15.0721,15.0103,14.9455,14.8836,14.8259,14.7958,14.7904,14.7921,14.7937,14.8024,14.8429,14.9287,15.0145,15.0621,15.1025,15.1564,15.1968,15.2372,15.2982,15.3633,15.4242,15.4646,15.5049,15.5587,15.599,15.6464,15.732,15.8176,15.8578,15.8734,15.9065,15.9603,16.0005,16.0407,16.1016,16.1736,16.2662,16.3517,16.3919,16.4074,16.4405,16.5013,16.5661,16.6269,16.66,16.6683

Brightness max : 535.20
Brightness min :  0.00
Feature direction : Ambiguous
Feature speed : Slow
Feature type : Curve
Start frame : 1
End frame : 139
Start time (s) : 0.000
End time (s) : 238.029999977
Time step (s) : 1.712446043

Feature number : 2

Time (s) : 114.65648232,114.77738101,115.011472385,115.222274492,115.367489917,115.535994608,115.746796715,115.96975719,116.180559298,116.349063989,116.482292291,116.650796982,116.861599089,117.08438832,117.307348794,117.530309269,117.753269744,117.976230219,118.199190694,118.446467902,118.778168701,119.180764765,119.512465564,119.759742773,119.982703247,120.205663722,120.41646583,120.584970521,120.718027578,120.886532269,121.097334377,121.320294852,121.543255326,121.766215801,121.989176276,122.212136751,122.435097226,122.6580577,122.880846931,123.103807405,123.32676788,123.549728355,123.77268883,123.995649305,124.218609779,124.441570254,124.664530729,124.887319959,125.098122067,125.266626758,125.39985506,125.580518117,125.845776009,126.170627024,126.4903407,126.76073593,126.948248772,127.128911829,127.339713937,127.562674412,127.77347652,127.929822844,128.008595362,128.08736788,128.243714203,128.454516311,128.677476786,128.900266016,129.123226491,129.334028599,129.50253329,129.623603225,129.737652131,129.858722067,130.01506839,130.171414714,130.304643016,130.46098934,130.617335664,130.750392721,130.918897412,131.12969952,131.352659995,131.575620469,131.786422577,131.954927268,132.08815557,132.244501894,132.388689851

Position (um) : 1.4501,1.4591,1.4688,1.4764,1.4835,1.491,1.5007,1.5097,1.5146,1.5188,1.5244,1.5278,1.5285,1.5285,1.5293,1.5327,1.5383,1.5417,1.5424,1.5424,1.5424,1.5424,1.5424,1.5424,1.5424,1.5424,1.5417,1.5383,1.5327,1.5293,1.5285,1.5285,1.5285,1.5285,1.5285,1.5285,1.5285,1.5285,1.5285,1.5285,1.5285,1.5285,1.5285,1.5285,1.5285,1.5293,1.5327,1.5383,1.5424,1.5466,1.5522,1.5563,1.5612,1.571,1.5841,1.5972,1.607,1.6119,1.6168,1.6265,1.6397,1.6536,1.6674,1.6813,1.6952,1.7084,1.7189,1.7272,1.7369,1.7466,1.7542,1.7613,1.7681,1.7744,1.7786,1.7835,1.7925,1.8022,1.8097,1.8168,1.8244,1.8349,1.8473,1.857,1.8619,1.8661,1.8717,1.875,1.8758

Intensity : 313.3676,313.175,312.1263,311.228,310.5376,309.7628,307.8588,305.6379,304.1259,302.8608,301.5666,301.0264,300.9734,301.0581,301.0151,300.5377,299.717,299.2782,299.3197,299.7273,300.2741,300.9377,301.4845,301.8921,302.2061,302.4665,302.805,303.4152,304.2518,304.862,305.2005,305.4609,305.7213,306.0511,306.3963,306.7414,307.0866,307.4317,307.7766,308.1218,308.4545,308.7087,308.963,309.2173,309.4716,309.6763,309.7388,309.7389,309.6076,309.2228,308.851,308.5176,308.1209,307.6329,307.2367,306.8655,305.6791,304.688,303.6232,302.3317,301.031,299.9822,299.2319,298.5298,297.7191,296.9171,296.2552,295.8791,295.471,295.1333,294.9451,294.7302,294.5562,294.462,294.6294,294.5878,293.4452,292.1654,291.0209,289.8351,288.1648,285.9306,283.3896,281.1355,279.5049,278.5027,277.6331,277.0024,276.708

Time pixel : 66.9548,67.0254,67.1621,67.2852,67.37,67.4684,67.5915,67.7217,67.8448,67.9432,68.021,68.1194,68.2425,68.3726,68.5028,68.633,68.7632,68.8934,69.0236,69.168,69.3617,69.5968,69.7905,69.9349,70.0651,70.1953,70.3184,70.4168,70.4945,70.5929,70.716,70.8462,70.9764,71.1066,71.2368,71.367,71.4972,71.6274,71.7575,71.8877,72.0179,72.1481,72.2783,72.4085,72.5387,72.6689,72.7991,72.9292,73.0523,73.1507,73.2285,73.334,73.4889,73.6786,73.8653,74.0232,74.1327,74.2382,74.3613,74.4915,74.6146,74.7059,74.7519,74.7979,74.8892,75.0123,75.1425,75.2726,75.4028,75.5259,75.6243,75.695,75.7616,75.8323,75.9236,76.0149,76.0927,76.184,76.2753,76.353,76.4514,76.5745,76.7047,76.8349,76.958,77.0564,77.1342,77.2255,77.3097

Position pixel : 13.5903,13.6745,13.7658,13.8365,13.9031,13.9738,14.0651,14.1493,14.1953,14.2342,14.2866,14.3184,14.3255,14.3255,14.3326,14.3644,14.4168,14.4486,14.4557,14.4557,14.4557,14.4557,14.4557,14.4557,14.4557,14.4557,14.4486,14.4168,14.3644,14.3326,14.3255,14.3255,14.3255,14.3255,14.3255,14.3255,14.3255,14.3255,14.3255,14.3255,14.3255,14.3255,14.3255,14.3255,14.3255,14.3326,14.3644,14.4168,14.4557,14.4945,14.547,14.5858,14.6318,14.7231,14.8462,14.9693,15.0606,15.1066,15.1526,15.2439,15.367,15.4972,15.6274,15.7575,15.8877,16.0108,16.1092,16.187,16.2783,16.3696,16.4403,16.5069,16.5705,16.63,16.6689,16.7148,16.7991,16.8904,16.961,17.0276,17.0983,17.1967,17.3127,17.404,17.45,17.4889,17.5413,17.5731,17.5802

Brightness max : 535.20
Brightness min :  0.00
Feature direction : Antipoleward
Feature speed : Slow
Feature type : Curve
Start frame : 1
End frame : 139
Start time (s) : 0.000
End time (s) : 238.029999977
Time step (s) : 1.712446043

Feature number : 3

Time (s) : 139.836631425,139.903245576,140.047433533,140.203779857,140.337008159,140.493354483,140.649700807,140.782757864,140.951262555,141.162064663,141.372866771,141.541371461,141.674599763,141.830946087,141.987292411,142.120520713,142.289025404,142.499827511,142.710458375,142.878963065,143.000033001,143.114081907,143.235151842,143.403656533,143.614458641,143.825260749,143.993765439,144.126993741,144.283340065,144.439686389,144.572743446,144.741248137,144.952050245,145.17501072,145.397971195,145.608773302,145.777277993,145.910506295,146.079010986,146.289813094,146.512602324,146.723404432,146.891909122,147.012979058,147.127027964,147.248097899,147.41660259,147.627404698,147.838206806,148.006711496,148.127781432,148.229671971

Position (um) : 1.4918,1.5007,1.5105,1.5188,1.5293,1.5424,1.5556,1.5661,1.5743,1.5841,1.5938,1.6014,1.6077,1.6119,1.616,1.6224,1.6299,1.6397,1.6494,1.6569,1.6641,1.6716,1.6813,1.6903,1.6945,1.696,1.7001,1.7091,1.7189,1.7264,1.7335,1.7403,1.7466,1.7508,1.7549,1.7613,1.7681,1.7744,1.7786,1.7827,1.7883,1.7925,1.7966,1.803,1.8097,1.8161,1.8202,1.8244,1.8307,1.8375,1.8439,1.8473

Intensity : 292.8425,293.431,294.3858,295.3586,296.2422,297.3945,298.7279,299.8991,301.3106,303.1216,305,306.4672,307.1947,308.224,309.2746,310.0806,309.5264,308.7971,308.2254,307.8834,307.6907,307.5695,307.5211,307.5531,307.6196,307.6813,307.4954,307.3722,306.5014,305.9017,305.4496,305.0997,304.8845,304.8487,304.9041,304.7628,303.9933,303.4063,302.6684,301.7584,300.8301,299.9623,299.2944,298.8779,298.5144,297.865,297.3415,296.8982,296.2119,295.4694,294.7695,294.3851

Time pixel : 81.659,81.6979,81.7821,81.8734,81.9512,82.0425,82.1338,82.2115,82.3099,82.433,82.5561,82.6545,82.7323,82.8236,82.9149,82.9927,83.0911,83.2142,83.3372,83.4356,83.5063,83.5729,83.6436,83.742,83.8651,83.9882,84.0866,84.1644,84.2557,84.347,84.4247,84.5231,84.6462,84.7764,84.9066,85.0297,85.1281,85.2059,85.3043,85.4274,85.5575,85.6806,85.779,85.8497,85.9163,85.987,86.0854,86.2085,86.3316,86.43,86.5007,86.5602

Position pixel : 13.9809,14.0651,14.1564,14.2342,14.3326,14.4557,14.5788,14.6772,14.7549,14.8462,14.9375,15.0082,15.0677,15.1066,15.1455,15.205,15.2757,15.367,15.4583,15.529,15.5956,15.6662,15.7575,15.8418,15.8806,15.8948,15.9337,16.0179,16.1092,16.1799,16.2465,16.3101,16.3696,16.4085,16.4474,16.5069,16.5705,16.63,16.6689,16.7078,16.7602,16.7991,16.8379,16.8975,16.961,17.0205,17.0594,17.0983,17.1578,17.2214,17.2809,17.3127

Brightness max : 535.20
Brightness min :  0.00
Feature direction : Antipoleward
Feature speed : Slow
Feature type : Curve
Start frame : 1
End frame : 139
Start time (s) : 0.000
End time (s) : 238.029999977
Time step (s) : 1.712446043

