KYMOANALYSIS DATA

General Information :

Tiff path : E:\Google Drive\microtubule dynamics and cut7\19-15 screens and tests\cut11-7\19-06-12&20 (Cut7-3GFP and  mCh-mts, timeseries for modeling data)\
Spindle type : Monopolar
Start frame : 1
End frame : 155
Start time (s) : 0.000
End time (s) : 601.010000005
Time step (s) : 3.877483871
Num poles : 1
Num tracks : 1
Num tracks poleward : 0
Num tracks antipoleward : 0
Num tracks ambiguous : 1
Comments : {

}
Poles Information :


Pole number : 1

Time (s) : 4.72248454359,8.61794442981,12.5134081935,16.4088719572,20.3043357209,24.1997994847,28.0952593709,31.9907231346,35.8861868983,39.7816661719,43.6771027933,47.5725781894,51.4680535856,55.3634902069,59.2589656031,63.1544409992,67.0498776206,70.9453530167,74.8408284129,78.7362650342,82.6317404304,86.5272158265,90.4226524478,94.318127844,98.2136032402,102.109078636,106.004515258,109.899990654,113.79546605,117.690902671,121.586378067,125.481853464,129.377290085,133.272765481,137.168240877,141.063677499,144.959152895,148.854628291,152.750064912,156.645540308,160.541015705,164.436452326,168.331927722,172.227403118,176.12283974,180.018315136,183.913790532,187.809265928,191.704702549,195.600177945,199.495653342,203.391089963,207.286565359,211.182040755,215.077477377,218.972952773,222.868428169,226.76386479,230.659340186,234.554815583,238.450252204,242.3457276,246.241202996,250.136639618,254.032115014,257.92759041,261.823027031,265.718502427,269.613977824,273.50945322,277.404889841,281.300365237,285.195840633,289.091277255,292.986752651,296.882228047,300.777664668,304.673140064,308.568615461,312.464052082,316.359527478,320.255002874,324.150439496,328.045914892,331.941390288,335.836826909,339.732302305,343.627777702,347.523214323,351.418689719,355.314165115,359.209640511,363.105077133,367.000552529,370.896027925,374.791464546,378.686939943,382.582415339,386.47785196,390.373443681,394.268763977,398.164084274,402.059792319,405.955112616,409.850820661,413.746140958,417.641461255,421.5371693,425.432489597,429.327809894,433.223517939,437.118838236,441.014158533,444.909866578,448.805186875,452.70089492,456.596215217,460.491535514,464.387243559,468.282563856,472.177884152,476.073592198,479.968912494,483.86462054,487.759940836,491.655261133,495.550969178,499.446289475,503.341609772,507.237317817,511.132638114,515.027958411,518.923666456,522.818986753,526.714694798,530.610015095,534.505335392,538.401043437,542.296363734,546.19168403,550.087392076,553.982712372,557.878420418,561.773740714,565.669061011,569.564769056,573.460089353,577.35540965,581.251117695,585.146437992,589.041758289,592.937466334,596.832786631,600.728494676

Position (um) : 2.273,2.273,2.273,2.273,2.273,2.273,2.273,2.273,2.273,2.273,2.273,2.273,2.273,2.273,2.273,2.273,2.273,2.273,2.273,2.273,2.273,2.273,2.273,2.273,2.273,2.273,2.273,2.273,2.273,2.273,2.273,2.273,2.273,2.273,2.273,2.273,2.273,2.273,2.273,2.273,2.273,2.273,2.273,2.273,2.273,2.273,2.273,2.273,2.273,2.273,2.273,2.273,2.273,2.273,2.273,2.273,2.273,2.273,2.273,2.273,2.273,2.273,2.273,2.273,2.273,2.273,2.273,2.273,2.273,2.273,2.273,2.273,2.273,2.273,2.273,2.273,2.273,2.273,2.273,2.273,2.273,2.273,2.273,2.273,2.273,2.273,2.273,2.273,2.273,2.273,2.273,2.273,2.273,2.273,2.273,2.273,2.273,2.273,2.273,2.273,2.273,2.273,2.273,2.273,2.273,2.273,2.273,2.273,2.273,2.273,2.273,2.273,2.273,2.273,2.273,2.273,2.273,2.273,2.273,2.273,2.273,2.273,2.273,2.273,2.273,2.273,2.273,2.273,2.273,2.273,2.273,2.273,2.273,2.273,2.273,2.273,2.273,2.273,2.273,2.273,2.273,2.273,2.273,2.273,2.273,2.273,2.273,2.273,2.273,2.273,2.273,2.273,2.273,2.273

Intensity : 1501.0406,1496.4445,1500.912,1535.9707,1567.0523,1573.6622,1551.1407,1507.0121,1528.6183,1555.0102,1583.2737,1556.3091,1558.4429,1559.8536,1558.1751,1507.8773,1438.8993,1375.2534,1352.2979,1407.211,1505.4436,1567.1706,1570.3389,1555.5881,1577.1682,1587.5194,1597.9376,1617.7197,1640.613,1623.4061,1570.4097,1560.4574,1617.7882,1695.6187,1717.4623,1698.5711,1665.5814,1648.7598,1586.7487,1535.3844,1504.9152,1495.4454,1504.4024,1526.1124,1555.8024,1556.113,1557.909,1583.4028,1636.1134,1655.4278,1631.5769,1636.7511,1671.7764,1739.7641,1799.3594,1820.7686,1800.6144,1723.5943,1677.4965,1669.3863,1654.5046,1628.9392,1587.0005,1556.1571,1536.2978,1528.6269,1538.6969,1539.1683,1514.1799,1466.6112,1430.0522,1404.8227,1386.7088,1360.1896,1354.0941,1376.1703,1382.0496,1390.0829,1403.0912,1451.3128,1482.5116,1506.6231,1519.4667,1553.5381,1612.8683,1704.9035,1809.672,1890.1803,1931.3029,1926.6601,1884.469,1845.2953,1796.996,1726.5386,1658.4302,1638.973,1672.9719,1680.2251,1662.9717,1651.0003,1661.4499,1643.2626,1583.5294,1532.2633,1489.6994,1456.5876,1409.2312,1381.1986,1357.0847,1367.5663,1366.1834,1370.041,1353.2531,1343.6022,1359.5423,1362.7789,1376.2887,1360.3419,1351.6549,1313.7289,1234.1364,1184.7802,1161.1938,1183.552,1159.1182,1118.6787,1060.2576,1059.4275,1085.4822,1105.1347,1088.8958,1060.16,1057.3688,1047.8666,1083.1689,1134.6792,1221.6746,1266.1461,1340.5775,1373.6336,1463.1554,1470.1445,1515.3877,1499.286,1519.6568,1498.0495,1465.1033,1464.2892,1472.4799,1451.5303,1404.4182,1368.1704,1329.7782,1285.9719

Time pixel : 1.217925,2.222561,3.227198,4.231835,5.236472,6.241109,7.245745,8.250382,9.255019,10.25966,11.26429,12.26893,13.27357,14.2782,15.28284,16.28748,17.29211,18.29675,19.30139,20.30602,21.31066,22.3153,23.31993,24.32457,25.32921,26.33385,27.33848,28.34312,29.34776,30.35239,31.35703,32.36167,33.3663,34.37094,35.37558,36.38021,37.38485,38.38949,39.39412,40.39876,41.4034,42.40803,43.41267,44.41731,45.42194,46.42658,47.43122,48.43586,49.44049,50.44513,51.44977,52.4544,53.45904,54.46368,55.46831,56.47295,57.47759,58.48222,59.48686,60.4915,61.49613,62.50077,63.50541,64.51004,65.51468,66.51932,67.52395,68.52859,69.53323,70.53787,71.5425,72.54714,73.55178,74.55641,75.56105,76.56569,77.57032,78.57496,79.5796,80.58423,81.58887,82.59351,83.59814,84.60278,85.60742,86.61205,87.61669,88.62133,89.62596,90.6306,91.63524,92.63988,93.64451,94.64915,95.65379,96.65842,97.66306,98.6677,99.67233,100.677,101.6816,102.6862,103.6909,104.6955,105.7002,106.7048,107.7094,108.7141,109.7187,110.7233,111.728,112.7326,113.7372,114.7419,115.7465,116.7512,117.7558,118.7604,119.7651,120.7697,121.7743,122.779,123.7836,124.7883,125.7929,126.7975,127.8022,128.8068,129.8114,130.8161,131.8207,132.8253,133.83,134.8346,135.8393,136.8439,137.8485,138.8532,139.8578,140.8624,141.8671,142.8717,143.8764,144.881,145.8856,146.8903,147.8949,148.8995,149.9042,150.9088,151.9134,152.9181,153.9227,154.9274

Position pixel : 21.3028,21.3028,21.3028,21.3028,21.3028,21.3028,21.3028,21.3028,21.3028,21.3028,21.3028,21.3028,21.3028,21.3028,21.3028,21.3028,21.3028,21.3028,21.3028,21.3028,21.3028,21.3028,21.3028,21.3028,21.3028,21.3028,21.3028,21.3028,21.3028,21.3028,21.3028,21.3028,21.3028,21.3028,21.3028,21.3028,21.3028,21.3028,21.3028,21.3028,21.3028,21.3028,21.3028,21.3028,21.3028,21.3028,21.3028,21.3028,21.3028,21.3028,21.3028,21.3028,21.3028,21.3028,21.3028,21.3028,21.3028,21.3028,21.3028,21.3028,21.3028,21.3028,21.3028,21.3028,21.3028,21.3028,21.3028,21.3028,21.3028,21.3028,21.3028,21.3028,21.3028,21.3028,21.3028,21.3028,21.3028,21.3028,21.3028,21.3028,21.3028,21.3028,21.3028,21.3028,21.3028,21.3028,21.3028,21.3028,21.3028,21.3028,21.3028,21.3028,21.3028,21.3028,21.3028,21.3028,21.3028,21.3028,21.3028,21.3028,21.3028,21.3028,21.3028,21.3028,21.3028,21.3028,21.3028,21.3028,21.3028,21.3028,21.3028,21.3028,21.3028,21.3028,21.3028,21.3028,21.3028,21.3028,21.3028,21.3028,21.3028,21.3028,21.3028,21.3028,21.3028,21.3028,21.3028,21.3028,21.3028,21.3028,21.3028,21.3028,21.3028,21.3028,21.3028,21.3028,21.3028,21.3028,21.3028,21.3028,21.3028,21.3028,21.3028,21.3028,21.3028,21.3028,21.3028,21.3028,21.3028,21.3028,21.3028,21.3028,21.3028,21.3028

Pole type : Line
Start frame : 1
End frame : 155
Start time (s) : 0.000
End time (s) : 601.010000005
Time step (s) : 3.877483871

Feature Information :


Feature number : 1

Time (s) : 6.61142019876,7.00649703038,7.53914698974,8.10246784652,8.66582747814,9.22914833492,9.76179829427,10.1875460233,10.5240728485,10.9498205775,11.4824705369,12.0457913936,12.6091510253,13.1417622098,13.5675487137,13.8733658666,14.1615792427,14.4673963956,14.8931828995,15.425794084,15.9584440434,16.3841917724,16.7207185976,17.1157954292,17.5108722608,17.8166894137,18.1049027898,18.3800490453,18.6682236466,18.9740407995,19.3691176311,19.7641944627,20.0700116157,20.3582249918,20.6333712473,20.9215458486,21.2274017763,21.6224786079,22.0175166647,22.3233725924,22.6115471937,22.8866934492,23.1749068254,23.450014306,23.7382276821,24.0133739376,24.3015485389,24.6073656918,25.0024425234,25.397519355,25.7340461802,26.1598326841,26.6617729712,27.0875207002,27.4240475254,27.819124357,28.2142011886,28.5507280138,28.9764757428,29.5091257022,30.072446559,30.6357674157,31.1991270474,31.7624479041,32.3257687609,32.8891283925,33.4524492493,34.0157701061,34.5790909629,35.1424505945,35.7057714513,36.269092308,36.8324519397,37.3957727964,37.9590936532,38.4917436126,38.9175301165,39.2540957165,39.6492113229,40.0443269294,40.380504781,40.7756203874,41.1707359939,41.5073015939,41.9330493229,42.4658156068,43.0292140133,43.5615925487,43.9873402778,44.3239058778,44.7496536068,45.2824198907,45.8458182972,46.4092167036,46.9726151101,47.5356257681,48.0990241746,48.6624225811,49.1951888649,49.620936594,49.957502194,50.383249923,50.9156284585,51.4483947424,51.8741424714,52.2107080714,52.6364558004,53.1692220843,53.7322327424,54.3262632714,55.0273123553,55.8175435682,56.5182049037,57.0816033102,57.5073510392,57.8132845166,58.1013815682,58.3766829231,58.6341478521,58.8024306521,58.9707134521,59.2281783811,59.5341118586,59.9598595876,60.4616060005,60.8873537295,61.193287207,61.4813842586,61.7566856134,62.044782665,62.3200840199,62.6081810715,62.9141145489,63.3398622779,63.8722408134,64.4050070973,64.8307548263,65.1366883038,65.4247853554,65.7000867102,65.9881837618,66.2634851167,66.5209500457,66.6892328457,66.8575156457,67.0839607038,67.2216113812,67.2832633748,67.4205263038,67.6473591102,67.7850097877,67.8156419102,67.8462740328,67.9839247102,68.2107575167,68.3790403167,68.5473231167,68.8047880457,69.0800894006,69.3375543296,69.5058371296,69.6741199296,69.9315848586,70.2371305877,70.6322461941,71.0579939232,71.5628423232,72.3530735361,73.2193034329,73.8133339619,74.1805316845,74.6062794135,75.1084135748,75.5341613039,75.8707269039,76.2964746329,76.7982210458,77.2239687748,77.5605343748,77.9862821039,78.5190483878,79.0518146716,79.4775624007,79.8141280007,80.2398757297,80.7722542652,81.3356526716,81.8990510781,82.4624494846,83.025847891,83.5888585491,84.1522569555,84.6850232394,85.1107709684,85.4167044459,85.7048014975,86.0107349749,86.4364827039,86.9382291169,87.3639768459,87.7005424459,88.1262901749,88.6284243362,89.0541720653,89.3601055427,89.6175704717,89.7858532717,89.9847681943,90.3488639298,90.7439795362,91.0499130137,91.3380100653,91.6439435427,92.0696912717,92.6024575556,93.1348360911,93.5605838201,93.8971494201,94.2922650266,94.687380633,95.023946233,95.4496939621,95.982460246,96.5458586524,97.1088693105,97.6722677169,98.2356661234,98.7990645299,99.3624629363,99.9258613428,100.488872001,101.052270407,101.615668814,102.17906722,102.742465627,103.305864033,103.868874691,104.401640975,104.827388704,105.133322182,105.421419233,105.696720588,105.98481764,106.259731246,106.548216046,106.853761775,107.279897253,107.781643665,108.207391394,108.543956994,108.969704723,109.502471007,110.065481665,110.628880072,111.192278478,111.725044762,112.150792491,112.487358091,112.91310582,113.414852233,113.840599962,114.177165562,114.602913291,115.135679575,115.699077982,116.262476388,116.825487046,117.388885453,117.952283859,118.515682266,119.048448549,119.443176407,119.642479078,119.841394001,120.205489736,120.600605343,120.90653882,121.194635872,121.500569349,121.926317078,122.459083362,123.022481769,123.585492427,124.148890833,124.71228924,125.275687646,125.839086053,126.402484459,126.934862995,127.360610724,127.697176324,128.122924053,128.655690337,129.219088743,129.782487149,130.345497808,130.878264091,131.30401182,131.641352917,132.06865164,132.602581169,133.16714282,133.701072349,134.159003195,134.634382717,135.288514246,135.960094453,136.555288227,137.119849879,137.684799279,138.24936093,138.813922582,139.378871982,139.943433633,140.508383033,141.072944685,141.637506337,142.202455737,142.797649511,143.500249588,144.291644046,144.993856375,145.589437898,146.15399955,146.71894895,147.252878479,147.680177201,148.018293795,148.445204769,148.948889924,149.375800898,149.713917492,150.141216214,150.675145743,151.209463021,151.636761743,151.943858466,152.233894259,152.540990982,152.968289704,153.471974859,153.899273582,154.237390175,154.633669027,155.030335627,155.368452221,155.796138692,156.330068221,156.895017621,157.459967021,158.024916421,158.589865821,159.155202969,159.689132498,160.116818969,160.454935563,160.882622034,161.38591944,161.813605911,162.121090382,162.411126176,162.687978524,162.947382195,163.086583866,163.11915473,163.121093472,163.122644466,163.124583208,163.12652195,163.128460692,163.161031556,163.300233227,163.529004776,163.668594195,163.701165059,163.703103801,163.736062414,163.875264085,164.104423382,164.274644924,164.444866466,164.673638014,164.813227434,164.876818169,165.016407588,165.275811259,165.584071227,165.981125576,166.378179924,166.686052143,166.945843563,167.116065105,167.317306518,167.683728743,168.08117084,168.389043059,168.648834479,168.819443769,169.020297434,169.387107408,169.784161756,170.123053847,170.520495943,170.917550292,171.256442382,171.65349673,172.050938827,172.358811047,172.649234589,172.957494556,173.385181027,173.889641679,174.31732815,174.625588118,174.884991789,175.024968956,175.057539821,175.059866311,175.061805053,175.064131543,175.066070285,175.068009027,175.069947769,175.102906382,175.242495801,175.47126735,175.610856769,175.643427634,175.675998498,175.84622004,176.212254518,176.578288995,176.748510537,176.781081401,176.782632395,176.814815511,176.954404931,177.182788731,177.321602653,177.353785769,177.355336763,177.356887756,177.35843875,177.359601995,177.36076524,177.362316234,177.363479479,177.364642724,177.365805969,177.366581466,177.367744711,177.399152331,177.537966253,177.765574556,177.903612982,177.966040472,178.104078898,178.331687201,178.50035775,178.669028298,178.927268724,179.202570079,179.491054879,179.797376105,180.192491711,180.587607318,180.893540795,181.151393472

Position (um) : 1.5444,1.5444,1.5444,1.5444,1.5444,1.5444,1.5436,1.5398,1.5336,1.5289,1.5243,1.5181,1.5143,1.5126,1.5088,1.5017,1.4941,1.4871,1.4824,1.477,1.4661,1.4523,1.4414,1.4359,1.4313,1.4242,1.4166,1.4087,1.4003,1.3894,1.3785,1.3693,1.3576,1.3438,1.332,1.3228,1.3111,1.2964,1.2817,1.27,1.2616,1.2537,1.2461,1.2382,1.2306,1.2227,1.2151,1.208,1.2034,1.1988,1.1925,1.1887,1.187,1.1833,1.177,1.1724,1.1678,1.1615,1.1577,1.156,1.1523,1.146,1.1422,1.1414,1.1414,1.1414,1.1414,1.1414,1.1414,1.1414,1.1414,1.1414,1.1414,1.1414,1.1414,1.1422,1.146,1.1523,1.1569,1.1615,1.1678,1.1724,1.177,1.1833,1.187,1.1879,1.1879,1.1887,1.1925,1.1988,1.2026,1.2034,1.2034,1.2034,1.2034,1.2034,1.2042,1.208,1.2151,1.2235,1.2344,1.2453,1.2537,1.2616,1.2692,1.2771,1.2847,1.2926,1.301,1.3128,1.3274,1.3429,1.3584,1.3739,1.3886,1.4003,1.4087,1.4166,1.4251,1.4359,1.4468,1.456,1.4678,1.4816,1.4933,1.5017,1.5096,1.5172,1.5251,1.5327,1.5406,1.5482,1.5553,1.5591,1.5599,1.5591,1.5553,1.5482,1.5406,1.5327,1.5251,1.5172,1.5088,1.4971,1.4816,1.4623,1.4405,1.4221,1.4095,1.4003,1.3886,1.3739,1.3593,1.3475,1.3383,1.3266,1.3119,1.2972,1.2855,1.2763,1.2654,1.2545,1.2453,1.2344,1.2235,1.2143,1.2026,1.1879,1.1724,1.1577,1.146,1.1376,1.1297,1.1221,1.115,1.1112,1.1095,1.1058,1.0995,1.0957,1.0949,1.094,1.0902,1.084,1.0802,1.0794,1.0794,1.0794,1.0794,1.0794,1.0794,1.0794,1.0802,1.084,1.0911,1.0995,1.1104,1.1204,1.1259,1.1314,1.1422,1.1569,1.1724,1.187,1.1988,1.208,1.2197,1.2336,1.2453,1.2537,1.2616,1.27,1.2809,1.2918,1.3002,1.3081,1.3157,1.3228,1.3274,1.332,1.3383,1.3429,1.3475,1.3538,1.3584,1.363,1.3693,1.3739,1.3785,1.3848,1.3894,1.3949,1.4058,1.4196,1.4313,1.4405,1.4514,1.4623,1.4707,1.4786,1.4862,1.4941,1.5017,1.5096,1.5172,1.5251,1.5327,1.5406,1.5482,1.5553,1.5591,1.5599,1.5599,1.5599,1.5599,1.5608,1.5646,1.5708,1.5746,1.5763,1.5801,1.5863,1.5901,1.5909,1.5909,1.5909,1.5909,1.5909,1.5909,1.5909,1.5901,1.5855,1.5754,1.5654,1.5599,1.5553,1.5482,1.5406,1.5336,1.5298,1.5289,1.5289,1.5289,1.5289,1.5289,1.5289,1.5289,1.5289,1.5298,1.5336,1.5398,1.5436,1.5444,1.5444,1.5444,1.5444,1.5453,1.5491,1.5552,1.5588,1.5594,1.5593,1.5599,1.5635,1.5696,1.5732,1.5738,1.5737,1.5743,1.5779,1.584,1.5876,1.5882,1.588,1.5878,1.5877,1.5875,1.5873,1.5871,1.5869,1.5867,1.5865,1.5863,1.5861,1.5859,1.5849,1.5809,1.5736,1.5658,1.5577,1.5499,1.5427,1.5378,1.533,1.5257,1.5179,1.5098,1.502,1.4939,1.4853,1.4733,1.4593,1.4482,1.4425,1.4377,1.4304,1.4217,1.4107,1.4004,1.3956,1.3945,1.3943,1.394,1.393,1.3889,1.3825,1.3785,1.3765,1.3725,1.3643,1.3519,1.3337,1.315,1.2984,1.2827,1.2669,1.2512,1.2354,1.2197,1.2039,1.1881,1.1724,1.1566,1.1408,1.1251,1.1093,1.0944,1.0824,1.072,1.0562,1.0351,1.0155,0.99887,0.98394,0.97193,0.96323,0.95417,0.94168,0.92428,0.90933,0.89893,0.88777,0.8766,0.86704,0.85587,0.8447,0.83514,0.82313,0.80901,0.797,0.78828,0.78089,0.77765,0.78113,0.79085,0.80142,0.80953,0.81716,0.82528,0.83669,0.85105,0.86625,0.88145,0.89666,0.91186,0.92707,0.94228,0.95749,0.97355,0.99255,1.014,1.033,1.0491,1.0643,1.0804,1.0994,1.1209,1.1399,1.156,1.1712,1.1865,1.2017,1.217,1.2322,1.2475,1.2619,1.2734,1.2825,1.294,1.3093,1.3284,1.3499,1.369,1.3852,1.4005,1.4158,1.4312,1.4465,1.4618,1.4772,1.4926,1.5071,1.5187,1.5278,1.5394,1.5532,1.5648,1.574,1.5848,1.5955,1.6039,1.6118,1.6193,1.6264,1.631,1.6356,1.6418,1.6456

Intensity : 344.5223,345.4825,346.777,348.585,350.6658,352.7464,354.3138,354.0558,352.2305,351.4346,350.9357,346.6272,342.5563,339.6902,336.3328,332.022,327.6705,324.7162,322.1605,319.1493,317.7534,315.9349,314.5919,314.7635,315.1709,314.7314,314.1637,313.5086,312.8432,311.7809,311.5611,312.9627,313.3508,313.2536,313.3808,313.9878,314.309,314.7762,315.2151,315.4223,315.9696,316.4318,316.9763,316.8797,316.6456,316.2231,315.8601,315.6031,316.1397,316.6232,316.4802,317.155,318.5482,319.138,318.3284,317.9281,317.5769,316.7085,316.5165,316.9611,316.9099,316.1719,315.3759,314.0124,312.8676,311.7226,310.5778,309.4329,308.288,307.3826,306.7881,306.1937,305.5992,305.0048,304.4104,303.9923,304.0187,304.3211,304.2065,304.0726,304.3166,304.1473,304.1615,304.7552,304.6255,303.6121,302.9133,302.7111,303.2614,304.4456,305.0132,304.8331,304.4376,304.0421,303.1204,302.056,301.2077,301.1541,302.1166,303.734,306.2839,308.8256,309.7959,310.4315,311.1421,312.1135,312.9434,313.619,314.1235,315.2555,316.8771,317.959,318.9592,320.1769,321.7176,324.2152,325.6042,326.9847,328.6579,331.5737,334.502,336.4926,339.1151,341.9437,343.747,346.5866,349.8208,352.956,356.3923,359.617,364.576,369.4395,374.1321,377.1196,378.5365,378.9071,377.1906,373.0847,368.5402,363.6539,359.3064,355.6573,351.425,344.2608,337.5933,330.2538,321.2519,313.3138,308.1277,304.5462,299.5268,295.6504,292.0681,289.3521,287.3152,284.5073,280.8723,277.1995,274.1966,272.2766,270.7073,269.1115,268.8865,269.785,271.3555,273.3527,275.4996,279.273,283.3324,285.4771,285.398,285.9552,286.8443,287.4484,287.7483,288.8393,290.5115,291.5742,291.8952,292.0824,292.8881,293.6786,293.7308,293.122,293.0552,293.6864,294.5308,293.1229,291.2782,289.4334,287.59,285.7453,284.1445,283.3576,283.8097,285.0767,286.7301,288.2183,288.961,289.7233,291.3688,293.5948,295.9337,299.4148,302.0022,303.7953,306.3132,309.2082,311.0951,312.0108,312.9763,314.0279,315.5436,317.6653,318.5039,319.016,319.5213,320.1302,319.7059,319.202,319.3007,318.4826,317.0664,315.7533,314.1422,312.9082,311.9684,310.6521,309.2979,308.2183,307.024,306.2598,306.9356,308.2675,308.8553,308.6388,308.7095,308.7845,309.0275,310.1345,311.1492,312.3112,315.0178,317.8228,320.3122,322.801,324.5537,326.0042,327.4337,328.8958,327.9258,325.07,321.7016,318.3309,314.9603,312.0483,310.6911,310.8577,312.4684,313.5074,315.1181,317.3958,319.0065,319.8168,320.398,320.9792,321.56,322.1412,322.7224,323.3036,323.5925,322.5675,319.6711,316.7743,315.4651,315.3176,314.0249,312.4341,310.9733,310.8848,312.0534,313.5985,315.1425,316.4673,316.2245,315.9818,315.739,315.4962,315.6007,316.8995,319.2113,320.3033,319.686,318.6837,317.6814,316.6798,316.04,316.6476,318.2212,318.5957,317.5796,316.1965,315.1686,315.2771,316.0908,315.6134,314.3566,313.3389,312.6274,312.7754,313.6116,313.6913,312.9084,313.8715,316.0091,318.1411,320.2688,322.3974,324.6354,327.1947,328.0676,328.8323,329.4646,330.0624,330.659,330.89,331.3399,330.2742,329.2981,328.3377,326.9209,325.1337,324.7198,324.6152,323.0984,321.2236,318.6045,316.0969,313.5014,313.4909,312.9747,311.4673,310.1946,310.4949,310.974,309.8858,308.4032,306.3671,304.5012,304.0663,304.6765,305.5248,306.4271,307.1589,306.87,306.2001,306.3518,307.0519,307.2188,306.3942,304.7798,302.1277,299.5891,297.3363,294.7605,292.6339,290.6063,288.5798,286.5551,284.5295,282.6828,281.5334,281.5611,281.0589,279.9228,278.6041,277.5405,277.3546,277.8382,278.0017,278.0995,278.4675,278.4073,278.0035,278.0621,278.7745,279.5701,280.3748,280.6267,280.5396,280.3674,279.8372,279.364,279.4052,279.3385,278.858,278.3758,277.3965,276.222,275.6011,275.3866,275.1835,275.5725,275.4038,275.7154,275.9437,275.8484,275.9055,276.0412,276.4702,276.8484,276.9981,277.352,277.9797,278.5869,279.5172,280.8137,282.2248,283.4857,284.9186,286.5389,287.9718,289.1806,290.1418,290.422,290.2808,290.7853,291.7888,292.5941,292.3807,290.6631,288.85,288.3809,288.891,289.6271,290.0886,289.5756,288.2962,288.0846,288.9828,290.4012,292.0052,293.4252,294.6274,296.3617,298.1808,300.0041,301.8276,303.6511,305.4802,307.3065,310.7385,312.7965,313.5808,315.6989,318.9396,321.1028,322.0095,324.2581,326.629,329.4359,333.8284,337.8585,341.4161,342.9206,344.3618,347.1455,348.4911

Time pixel : 1.70508,1.80697,1.94434,2.08962,2.23491,2.38019,2.51756,2.62736,2.71415,2.82395,2.96132,3.1066,3.25189,3.38925,3.49906,3.57793,3.65226,3.73113,3.84094,3.9783,4.11567,4.22547,4.31226,4.41415,4.51604,4.59491,4.66924,4.7402,4.81452,4.89339,4.99528,5.09717,5.17604,5.25037,5.32133,5.39565,5.47453,5.57642,5.6783,5.75718,5.8315,5.90246,5.97679,6.04774,6.12207,6.19303,6.26735,6.34622,6.44811,6.55,6.63679,6.7466,6.87605,6.98585,7.07264,7.17453,7.27642,7.36321,7.47301,7.61038,7.75566,7.90094,8.04623,8.19151,8.33679,8.48208,8.62736,8.77264,8.91792,9.06321,9.20849,9.35377,9.49906,9.64434,9.78962,9.92699,10.0368,10.1236,10.2255,10.3274,10.4141,10.516,10.6179,10.7047,10.8145,10.9519,11.0972,11.2345,11.3443,11.4311,11.5409,11.6783,11.8236,11.9689,12.1142,12.2594,12.4047,12.55,12.6874,12.7972,12.884,12.9938,13.1311,13.2685,13.3783,13.4651,13.5749,13.7123,13.8575,14.0107,14.1915,14.3953,14.576,14.7213,14.8311,14.91,14.9843,15.0553,15.1217,15.1651,15.2085,15.2749,15.3538,15.4636,15.593,15.7028,15.7817,15.856,15.927,16.0013,16.0723,16.1466,16.2255,16.3353,16.4726,16.61,16.7198,16.7987,16.873,16.944,17.0183,17.0893,17.1557,17.1991,17.2425,17.3009,17.3364,17.3523,17.3877,17.4462,17.4817,17.4896,17.4975,17.533,17.5915,17.6349,17.6783,17.7447,17.8157,17.8821,17.9255,17.9689,18.0353,18.1141,18.216,18.3258,18.456,18.6598,18.8832,19.0364,19.1311,19.2409,19.3704,19.4802,19.567,19.6768,19.8062,19.916,20.0028,20.1126,20.25,20.3874,20.4972,20.584,20.6938,20.8311,20.9764,21.1217,21.267,21.4123,21.5575,21.7028,21.8402,21.95,22.0289,22.1032,22.1821,22.2919,22.4213,22.5311,22.6179,22.7277,22.8572,22.967,23.0459,23.1123,23.1557,23.207,23.3009,23.4028,23.4817,23.556,23.6349,23.7447,23.8821,24.0194,24.1292,24.216,24.3179,24.4198,24.5066,24.6164,24.7538,24.8991,25.0443,25.1896,25.3349,25.4802,25.6255,25.7708,25.916,26.0613,26.2066,26.3519,26.4972,26.6425,26.7877,26.9251,27.0349,27.1138,27.1881,27.2591,27.3334,27.4043,27.4787,27.5575,27.6674,27.7968,27.9066,27.9934,28.1032,28.2406,28.3858,28.5311,28.6764,28.8138,28.9236,29.0104,29.1202,29.2496,29.3594,29.4462,29.556,29.6934,29.8387,29.984,30.1292,30.2745,30.4198,30.5651,30.7025,30.8043,30.8557,30.907,31.0009,31.1028,31.1817,31.256,31.3349,31.4447,31.5821,31.7274,31.8726,32.0179,32.1632,32.3085,32.4538,32.5991,32.7364,32.8462,32.933,33.0428,33.1802,33.3255,33.4708,33.616,33.7534,33.8632,33.9502,34.0604,34.1981,34.3437,34.4814,34.5995,34.7221,34.8908,35.064,35.2175,35.3631,35.5088,35.6544,35.8,35.9457,36.0913,36.237,36.3826,36.5282,36.6739,36.8274,37.0086,37.2127,37.3938,37.5474,37.693,37.8387,37.9764,38.0866,38.1738,38.2839,38.4138,38.5239,38.6111,38.7213,38.859,38.9968,39.107,39.1862,39.261,39.3402,39.4504,39.5803,39.6905,39.7777,39.8799,39.9822,40.0694,40.1797,40.3174,40.4631,40.6088,40.7545,40.9002,41.046,41.1837,41.294,41.3812,41.4915,41.6213,41.7316,41.8109,41.8857,41.9571,42.024,42.0599,42.0683,42.0688,42.0692,42.0697,42.0702,42.0707,42.0791,42.115,42.174,42.21,42.2184,42.2189,42.2274,42.2633,42.3224,42.3663,42.4102,42.4692,42.5052,42.5216,42.5576,42.6245,42.704,42.8064,42.9088,42.9882,43.0552,43.0991,43.151,43.2455,43.348,43.4274,43.4944,43.5384,43.5902,43.6848,43.7872,43.8746,43.9771,44.0795,44.1669,44.2693,44.3718,44.4512,44.5261,44.6056,44.7159,44.846,44.9563,45.0358,45.1027,45.1388,45.1472,45.1478,45.1483,45.1489,45.1494,45.1499,45.1504,45.1589,45.1949,45.2539,45.2899,45.2983,45.3067,45.3506,45.445,45.5394,45.5833,45.5917,45.5921,45.6004,45.6364,45.6953,45.7311,45.7394,45.7398,45.7402,45.7406,45.7409,45.7412,45.7416,45.7419,45.7422,45.7425,45.7427,45.743,45.7511,45.7869,45.8456,45.8812,45.8973,45.9329,45.9916,46.0351,46.0786,46.1452,46.2162,46.2906,46.3696,46.4715,46.5734,46.6523,46.7188

Position pixel : 14.4745,14.4745,14.4745,14.4745,14.4745,14.4745,14.4666,14.4311,14.3726,14.3292,14.2859,14.2274,14.1919,14.176,14.1406,14.0742,14.0032,13.9368,13.8934,13.8421,13.7402,13.6107,13.5089,13.4575,13.4142,13.3477,13.2768,13.2025,13.1236,13.0217,12.9198,12.833,12.7232,12.5938,12.484,12.3972,12.2874,12.15,12.0126,11.9028,11.824,11.7496,11.6787,11.6043,11.5334,11.4591,11.3881,11.3217,11.2783,11.2349,11.1764,11.1409,11.1251,11.0896,11.0311,10.9877,10.9443,10.8858,10.8504,10.8345,10.7991,10.7406,10.7051,10.6972,10.6972,10.6972,10.6972,10.6972,10.6972,10.6972,10.6972,10.6972,10.6972,10.6972,10.6972,10.7051,10.7406,10.7991,10.8425,10.8858,10.9443,10.9877,11.0311,11.0896,11.1251,11.133,11.133,11.1409,11.1764,11.2349,11.2704,11.2783,11.2783,11.2783,11.2783,11.2783,11.2862,11.3217,11.3881,11.467,11.5689,11.6708,11.7496,11.824,11.8949,11.9692,12.0402,12.1145,12.1934,12.3032,12.4406,12.5858,12.7311,12.8764,13.0138,13.1236,13.2025,13.2768,13.3557,13.4575,13.5594,13.6462,13.756,13.8855,13.9953,14.0742,14.1485,14.2194,14.2938,14.3647,14.439,14.51,14.5764,14.6119,14.6198,14.6119,14.5764,14.51,14.439,14.3647,14.2938,14.2194,14.1406,14.0308,13.8855,13.7047,13.5009,13.3281,13.2104,13.1236,13.0138,12.8764,12.739,12.6292,12.5425,12.4326,12.2953,12.1579,12.0481,11.9613,11.8594,11.7575,11.6708,11.5689,11.467,11.3802,11.2704,11.133,10.9877,10.8504,10.7406,10.6617,10.5874,10.5164,10.45,10.4145,10.3987,10.3632,10.3047,10.2692,10.2613,10.2534,10.2179,10.1594,10.124,10.116,10.116,10.116,10.116,10.116,10.116,10.116,10.124,10.1594,10.2258,10.3047,10.4066,10.5006,10.5519,10.6032,10.7051,10.8425,10.9877,11.1251,11.2349,11.3217,11.4315,11.561,11.6708,11.7496,11.824,11.9028,12.0047,12.1066,12.1855,12.2598,12.3308,12.3972,12.4406,12.484,12.5425,12.5858,12.6292,12.6877,12.7311,12.7745,12.833,12.8764,12.9198,12.9783,13.0217,13.073,13.1749,13.3043,13.4142,13.5009,13.6028,13.7047,13.7836,13.8579,13.9289,14.0032,14.0742,14.1485,14.2194,14.2938,14.3647,14.439,14.51,14.5764,14.6119,14.6198,14.6198,14.6198,14.6198,14.6277,14.6632,14.7217,14.7572,14.773,14.8085,14.867,14.9025,14.9104,14.9104,14.9104,14.9104,14.9104,14.9104,14.9104,14.9025,14.8591,14.7651,14.6711,14.6198,14.5764,14.51,14.439,14.3726,14.3372,14.3292,14.3292,14.3292,14.3292,14.3292,14.3292,14.3292,14.3292,14.3372,14.3726,14.4311,14.4666,14.4745,14.4745,14.4745,14.4745,14.4824,14.5179,14.5752,14.609,14.6152,14.6135,14.6197,14.6535,14.7102,14.744,14.7502,14.7484,14.7546,14.7883,14.8451,14.8788,14.8849,14.8832,14.8814,14.8796,14.8778,14.8761,14.8743,14.8725,14.8707,14.8689,14.867,14.8652,14.8634,14.8536,14.8163,14.7481,14.6752,14.5991,14.5262,14.4579,14.4126,14.3674,14.299,14.2262,14.1499,14.077,14.0007,13.9199,13.8081,13.6767,13.5728,13.5195,13.4741,13.4056,13.3247,13.2208,13.1247,13.0793,13.0693,13.0672,13.065,13.055,13.0173,12.9567,12.919,12.901,12.8633,12.7867,12.6701,12.4996,12.3244,12.1689,12.0213,11.8737,11.7261,11.5784,11.4308,11.2831,11.1354,10.9876,10.8399,10.6921,10.5444,10.3966,10.2567,10.1443,10.047,9.89918,9.70073,9.51735,9.36152,9.22151,9.10904,9.02749,8.94256,8.8255,8.6624,8.5223,8.42485,8.3202,8.21555,8.12598,8.0213,7.91661,7.82702,7.7144,7.58213,7.4695,7.38779,7.31855,7.28815,7.32079,7.41192,7.51097,7.58701,7.6585,7.73454,7.84153,7.97608,8.11855,8.26103,8.40353,8.54604,8.68856,8.8311,8.97365,9.12414,9.30221,9.50332,9.68144,9.83202,9.97471,10.1253,10.3036,10.5048,10.6831,10.8339,10.9768,11.1197,11.2627,11.4057,11.5487,11.6918,11.827,11.9347,12.0194,12.1272,12.2706,12.4494,12.6514,12.8304,12.9818,13.1254,13.2691,13.4129,13.5567,13.7005,13.8445,13.9885,14.1246,14.2333,14.319,14.4278,14.5563,14.6652,14.7512,14.8524,14.9536,15.0319,15.1057,15.1763,15.2424,15.2855,15.3287,15.3871,15.4225

Brightness max : 627.55
Brightness min : 235.00
Feature direction : Ambiguous
Feature speed : Slow
Feature type : Curve
Start frame : 1
End frame : 155
Start time (s) : 0.000
End time (s) : 601.010000005
Time step (s) : 3.877483871

