KYMOANALYSIS DATA

General Information :

Tiff path : E:\Google Drive\microtubule dynamics and cut7\19-15 screens and tests\PA-GFP\19-05-23 (cut7 PA-GFP, cut11-7,  with mCh MTs\
Spindle type : Monopolar
Start frame : 1
End frame : 67
Start time (s) : 0.000
End time (s) : 205.780000028
Time step (s) : 3.071343284
Num poles : 1
Num tracks : 1
Num tracks poleward : 0
Num tracks antipoleward : 1
Num tracks ambiguous : 0
Comments : {

}
Poles Information :


Pole number : 1

Time (s) : 14.6410934348,19.4219463907,24.2027993466

Position (um) : 3.252,3.2554,3.2587

Intensity : 589.7723,614.3972,586.2894

Time pixel : 4.767,6.3236,7.8802

Position pixel : 30.4783,30.5094,30.5406

Pole type : Line
Start frame : 1
End frame : 67
Start time (s) : 0.000
End time (s) : 205.780000028
Time step (s) : 3.071343284

Feature Information :


Feature number : 1

Time (s) : 15.0806333722,15.1576319483,15.21472822,15.2822670588,15.41639262,15.5867907454,15.7313281603,15.8455514171,15.9796769783,16.1138025395,16.2280257962,16.3829750649,16.6000883217,16.8216243127,16.9825627008,17.1375119695,17.3287338024,17.5770826203,17.8920181606,18.206953701,18.4553025189,18.656966919,18.8690431727,19.1640764086,19.5664223788,19.9851693221,20.3676437013,20.6825792416,20.9050673491,21.1231327223,21.4112554357,21.6387498328,21.7738275104,21.9079530716,22.0524904866,22.2342525821,22.5491881225,22.9307103852,23.2361861882,23.4949468599,23.7631672689,24.0011042331,24.2027686331,24.4044330332,24.642339284,24.9105904064,25.1485273706,25.3397492034,25.4946984721,25.6452250065,25.8200458662,25.9705724005,26.1255216692,26.3167742155,26.5547111797,26.812519735,26.9933297141,27.0712804067,27.1284073918,27.2158178216,27.3196292246,27.4537547858,27.587880347,27.7021036038,27.836229165,28.0015902874,28.2767826456,28.7873627532,29.4594955174,30.1821825922,30.8915707505,31.5562094371,32.0015542133,32.2813535865,32.5027974373,32.6637358253,32.8188386612,32.9889910791,33.1336513478,33.2374627508,33.3354386016,33.4392500045,33.5836031389,33.7645052583,33.9558499449,34.1468874972,34.3277896166,34.4620073181,34.5191343032,34.5397123032,34.5968392883,34.7310569898,34.9015165421,35.0458696764,35.1499882137,35.2476569302,35.341025766,35.4285590496,35.4752434675,35.4961286018,35.5636981541,35.7442931392,35.9918434079,36.1828809601,36.3180200646,36.5093647512,36.7670504528,37.0155221244,37.2535512289,37.4958802141,37.7606300051,38.1267341246,38.5244730799,38.8601709008,39.1086425725,39.2999872591,39.4443403934,39.5481517964,39.6461276472,39.7499390502,39.8838496174,40.0076247517,40.075194304,40.132321289,40.2198545726,40.3132234085,40.4108921249,40.5042609607,40.5917942443,40.6489212294,40.7060482145,40.7831389309,40.8298233488

Position (um) : 2.7866,2.7846,2.7803,2.7757,2.7721,2.7687,2.7654,2.7624,2.7604,2.7581,2.7534,2.7475,2.7425,2.7389,2.7355,2.7319,2.7268,2.7206,2.7139,2.7073,2.7006,2.694,2.6873,2.6803,2.6713,2.6588,2.6452,2.6349,2.6272,2.6189,2.6096,2.6017,2.5963,2.5923,2.5877,2.583,2.579,2.574,2.5674,2.5591,2.5498,2.5415,2.5345,2.5275,2.5193,2.5099,2.5017,2.4947,2.488,2.4814,2.4747,2.4681,2.4611,2.4528,2.4431,2.4333,2.4236,2.4157,2.4103,2.406,2.3997,2.3923,2.3868,2.3817,2.3771,2.3724,2.363,2.3454,2.3219,2.2966,2.2702,2.2442,2.2261,2.216,2.209,2.2024,2.1957,2.1891,2.1824,2.1758,2.1695,2.1645,2.1605,2.1555,2.1492,2.1426,2.1359,2.1293,2.1226,2.1163,2.1113,2.1074,2.1023,2.096,2.0894,2.0828,2.0761,2.0695,2.0628,2.0562,2.0495,2.0429,2.0363,2.0296,2.0226,2.0143,2.005,1.9968,1.9898,1.9828,1.9738,1.9608,1.9456,1.9327,1.9237,1.9167,1.9104,1.9054,1.9014,1.8967,1.8921,1.8881,1.8831,1.8768,1.8702,1.8635,1.8569,1.8502,1.8436,1.8373,1.8323,1.8287,1.8256

Intensity : 830.7906,852.3537,866.3761,883.1178,900.5094,892.4954,885.632,880.041,874.5359,868.9206,862.7975,854.9874,846.12,838.1109,832.1453,826.4535,819.493,811.0204,801.3704,792.4358,785.6739,780.2265,774.6862,767.4852,758.0471,747.9345,739.2196,732.9089,728.8385,725.1874,720.9066,720.7323,721.9102,723.1417,724.6433,726.6173,729.8872,734.2768,738.7154,743.4447,748.5131,753.2149,757.3481,761.6219,763.959,758.7611,753.6798,749.3363,745.7493,742.0672,737.3789,733.2284,728.7335,722.7327,714.5691,705.9215,700.0353,697.6308,695.8888,693.1537,689.9832,685.9325,681.8821,679.875,678.9944,677.9405,676.5299,674.9277,676.4197,680.6162,684.5524,679.612,673.3071,668.9905,665.5784,663.3806,661.3669,659.1399,657.4601,656.5953,655.8235,654.777,652.8654,650.5331,646.6938,642.9257,639.6136,636.358,634.7285,634.0732,632.7636,630.0905,627.0556,624.9831,623.994,623.4193,623.2018,623.3357,624.1124,625.2247,626.1298,626.7582,627.7629,629.6112,631.1944,633.2804,636.9935,633.7332,625.9732,617.6495,608.4349,594.9005,579.1647,564.8264,553.5336,543.1076,533.9271,527.0545,520.7224,513.7731,505.1405,501.4068,499.6992,497.6635,495.6828,493.8802,492.2694,490.8222,489.5117,488.2484,487.3993,487.1272,486.8036

Time pixel : 4.91011,4.93518,4.95377,4.97576,5.01943,5.07491,5.12197,5.15916,5.20283,5.2465,5.28369,5.33414,5.40483,5.47696,5.52936,5.57981,5.64207,5.72293,5.82547,5.92801,6.00887,6.07453,6.14358,6.23964,6.37064,6.50698,6.63151,6.73405,6.80649,6.87749,6.9713,7.04537,7.08935,7.13302,7.18008,7.23926,7.3418,7.46602,7.56548,7.64973,7.73706,7.81453,7.88019,7.94585,8.02331,8.11065,8.18812,8.25038,8.30083,8.34984,8.40676,8.45577,8.50622,8.56849,8.64596,8.7299,8.78877,8.81415,8.83275,8.86121,8.89501,8.93868,8.98235,9.01954,9.06321,9.11705,9.20665,9.37289,9.59173,9.82703,10.058,10.2744,10.4194,10.5105,10.5826,10.635,10.6855,10.7409,10.788,10.8218,10.8537,10.8875,10.9345,10.9934,11.0557,11.1179,11.1768,11.2205,11.2391,11.2458,11.2644,11.3081,11.3636,11.4106,11.4445,11.4763,11.5067,11.5352,11.5504,11.5572,11.5792,11.638,11.7186,11.7808,11.8248,11.8871,11.971,12.0519,12.1294,12.2083,12.2945,12.4137,12.5432,12.6525,12.7334,12.7957,12.8427,12.8765,12.9084,12.9422,12.9858,13.0261,13.0481,13.0667,13.0952,13.1256,13.1574,13.1878,13.2163,13.2349,13.2535,13.2786,13.2938

Position pixel : 26.1164,26.0978,26.0575,26.0139,25.9801,25.9482,25.9178,25.8894,25.8708,25.8488,25.8051,25.7496,25.7026,25.6688,25.6369,25.6031,25.556,25.4972,25.4349,25.3726,25.3104,25.2481,25.1858,25.1202,25.0359,24.9182,24.7906,24.6945,24.6221,24.5446,24.4573,24.3832,24.3327,24.2956,24.2519,24.2082,24.171,24.124,24.0617,23.9842,23.8969,23.8194,23.7538,23.6881,23.6106,23.5233,23.4458,23.3802,23.3179,23.2557,23.1934,23.1311,23.0655,22.988,22.8973,22.8046,22.7139,22.6398,22.5894,22.5488,22.4899,22.4212,22.3688,22.3217,22.278,22.2341,22.1464,21.9816,21.7613,21.5241,21.2765,21.0331,20.8629,20.7685,20.7028,20.6406,20.5783,20.516,20.4538,20.3915,20.3326,20.2856,20.2484,20.2013,20.1425,20.0802,20.0179,19.9557,19.8934,19.8345,19.7875,19.7503,19.7032,19.6443,19.5821,19.5198,19.4575,19.3953,19.333,19.2708,19.2085,19.1462,19.084,19.0217,18.956,18.8786,18.7912,18.7138,18.6481,18.5825,18.4982,18.3771,18.2343,18.1131,18.0289,17.9632,17.9043,17.8573,17.8201,17.7764,17.7327,17.6956,17.6485,17.5896,17.5274,17.4651,17.4028,17.3406,17.2783,17.2194,17.1724,17.1386,17.1101

Brightness max : 720.80
Brightness min :  0.00
Feature direction : Antipoleward
Feature speed : Slow
Feature type : Curve
Start frame : 1
End frame : 67
Start time (s) : 0.000
End time (s) : 205.780000028
Time step (s) : 3.071343284

