KYMOANALYSIS DATA

General Information :

Tiff path : E:\Google Drive\microtubule dynamics and cut7\19-15 screens and tests\PA-GFP\19-05-23 (cut7 PA-GFP, cut11-7,  with mCh MTs\
Spindle type : Monopolar
Start frame : 1
End frame : 90
Start time (s) : 0.000
End time (s) : 271.59000003
Time step (s) : 3.017666667
Num poles : 1
Num tracks : 1
Num tracks poleward : 0
Num tracks antipoleward : 0
Num tracks ambiguous : 1
Comments : {

}
Poles Information :


Pole number : 1

Time (s) : 11.848415518,12.026125908,12.265668288,12.5190315814,12.7724250514,13.0257883448,13.2791516381,13.5325149315,13.7859084015,14.0392716949,14.2926349882,14.5459982816,14.7993917516,15.052755045,15.3061183384,15.5594816317,15.8128449251,16.0662383951,16.3196016885,16.5729649818,16.8125375385,17.0040386652,17.1553746486,17.3468757752,17.5864483319,17.8536325386,18.182678912,18.5999316821,19.0310053654,19.4219139055,19.7910952455,20.1063508822,20.3735350889,20.6268983823,20.8802616756,21.133624969,21.3869882624,21.6403817324,21.8937450258,22.1471083191,22.4142925258,22.7295179858,23.0987295026,23.4758473059,23.8588193826,24.235937186,24.6189394394,24.9960572428,25.3790594961,25.7837889495,26.2905155362,26.8854786963,27.440276713,27.8713202197,28.1523253398,28.3793444031,28.6728728398,28.9880982999,29.3171446732,29.6863561899,30.0634438167,30.4325648034,30.7479109701,31.0149744701,31.2684584701,31.5219424701,31.7751247035,32.0286087035,32.2817909369,32.5352749369,32.788758937,33.0419411703,33.2954251703,33.5489091704,33.8020914037,34.0555754038,34.3087576371,34.5622416372,34.8293051372,35.1446513039,35.5001324373,35.8151768373,36.082542104,36.3357243373,36.5892083374,36.8426923374,37.1097558374,37.4386815041,37.8699060708,38.3491115376,38.7800343376,39.1089600043,39.376325271,39.6295075044,39.8829915044,40.1364755044,40.3896577378,40.6431417378,40.8966257379,41.1498079712,41.4032919712,41.6428947046,41.8342147713,41.985701638,42.1770217047,42.416624438,42.670108438,42.9235924381,43.1767746714,43.4441399381,43.7453030715,44.0389220382,44.2522710716,44.4574724049,44.6970751383,44.9505591383,45.2037413717,45.4572253717,45.710407605,45.9638916051,46.2173756051,46.4705578385,46.7240418385,46.9775258385,47.2445893386,47.5599355053,47.915114872,48.2443423053,48.573267972,48.9287491054,49.2437935054,49.5111587721,49.7507615055,49.9420815722,50.0796871722,50.2094468389,50.3467506722,50.5383725056,50.7779752389,51.0311574723,51.2846414723,51.5381254724,51.7913077057,52.0447917057,52.2982757058,52.5514579391,52.8049419392,53.0581241725,53.3116081726,53.5650921726,53.8182744059,54.071758406,54.325242406,54.5784246394,54.8319086394,55.0850908728,55.3385748728,55.5920588728,55.8316616062,56.0229816729,56.1744685395,56.3657886062,56.6192726063,56.948198273,57.3794228397,57.8722078064,58.3652945398,58.7962173398,59.1254447732,59.3925082732,59.6459922733,59.8991745066,60.1526585066,60.4061425067,60.65932474,60.9128087401,61.1659909734,61.4194749735,61.6590777068,61.8503977735,62.0018846402,62.1935064735,62.4331092069,62.7001727069,63.0155188736,63.3706982403,63.686044407,63.9531079071,64.2204731738,64.5493988405,64.9667421405,65.3976649406,65.7887545406,66.157815174,66.4731613407,66.7402248407,67.0072883407,67.3226345074,67.6919969075,68.0966660075,68.5894509742,69.1226726743,69.589203941,70.0340080077,70.4513513078,70.7802769745,71.0476422412,71.3147057412,71.6436314079,72.060974708,72.4921992747,72.8968683747,73.3416724414,73.8208779082,74.2518007082,74.5946076416,74.9512958416,75.444382575,76.0669272084,76.7591799418,77.4837217086,78.114414042,78.634961542,79.0797656087,79.4705534421,79.8399158422,80.1688415089,80.5116484422,80.9428730089,81.4356579757,81.9423242091,82.4354109424,82.8802150092,83.2713046092,83.6681277759,84.1068965093,84.5918355427,85.0447873094,85.5034726428,85.9826781095,86.4136009095,86.7428283429,87.0237731096,87.3526987763,87.7700420764,88.2009648764,88.5920544765,88.9611151098,89.2764612765,89.5435247766,89.8108900433,90.1536969766,90.6326006767,91.1519411101,91.5430307101,91.8239754768,92.0771577102,92.3306417102,92.5977052102,92.9130513769,93.2821120103,93.6593203437,94.0422622437,94.4194705771,94.7885312105,95.1038773772,95.3709408772,95.6244248772,95.8914883773,96.206834544,96.5623156773,96.8773600774,97.1447253441,97.3979075774,97.6652728441,97.9941985108,98.4254230775,98.9182080443,99.4248742776,99.9318422777,100.438508511,100.931293478,101.362518045,101.691443711,101.958808978,102.211991211,102.479356478,102.794400878,103.163763278,103.540669845,103.910032245,104.211497145,104.416698478,104.568185345,104.759505412,105.012989412,105.328335578,105.697396212,106.074604545,106.457546445,106.820873512,107.128071979,107.341421012,107.546622345,107.786225079,108.039709079,108.292891312,108.546375312,108.799557545,109.053041545,109.306525545,109.559707779,109.827073045,110.155998712,110.573342012,110.990685312,111.319610979,111.600555746,111.929481412,112.346824712,112.764168012,113.093093679,113.374038446,113.703265879,114.134188679,114.627275413,115.120060379,115.564864446,115.955954046,116.338895946,116.729985546,117.160908346,117.578251646,117.92105858,118.249984246,118.60546538,118.920811546,119.201756313,119.53068198,119.94802528,120.36536858,120.694294247,120.961357747,121.214841747,121.45444448,121.645764547,121.797251413,121.988873247,122.24205548,122.557401647,122.91288278,123.22792718,123.495292447,123.74847468,124.015839947,124.31700308,124.610622047,124.83755058,125.104915847,125.460396981,125.837303547,126.206665947,126.521710347,126.789075614,127.056139114,127.385064781,127.816289347,128.295494814,128.726417614,129.069224548,129.398451981,129.753631348,130.068977514,130.336041014,130.589525014,130.843009014,131.096191248,131.349675248,131.616738748,131.932084915,132.315026815,132.767978581,133.300898515,133.780103981,134.122910915,134.389974415,134.657339682,134.986265348,135.403608648,135.820951948,136.163758882,136.506565815,136.923909115,137.340950649,137.670178082,137.951122849,138.266167249,138.635529649,139.026317482,139.471423315,139.950327015,140.381551582,140.710477249,140.991422016,141.306768182,141.662249316,141.991174982,142.320100649,142.675581782,142.990927949,143.257991449,143.525356716,143.854282383,144.271625683,144.675087716,144.942151216,145.107217583,145.312720683,145.614185583,145.983246216,146.37403405,146.819139883,147.298043583,147.72926815,148.058193816,148.325559083,148.578741316,148.832225316,149.08540755,149.33889155,149.59237555,149.845557783,150.099041783,150.352525783,150.605708017,150.859192017,151.11237425,151.36585825,151.63292175,151.948267917,152.30374905,152.632674717,152.97548165,153.39282495,153.81016825,154.139093917,154.392577917,154.583897984,154.73538485,154.927006684,155.16630765,155.419791651,155.673275651,155.926457884,156.179941884,156.433425884,156.686608117,156.940092117,157.193274351,157.446758351,157.713821851,158.029168017,158.384649151,158.699693551,158.967058818,159.234122318,159.563349751,159.980391284,160.397734584,160.726660251,161.007605018,161.322951184,161.678432318,161.993476718,162.260841985,162.514024218,162.767508218,163.020992218,163.274174451,163.513777185,163.705399018,163.856584118,164.048205951,164.287808685,164.540990918,164.780593652,164.972215485,165.123400585,165.342784952,165.705810252,166.163288518,166.540496852,166.821441618,167.074925618,167.328107852,167.581591852,167.835075852,168.088258085,168.327860819,168.519482652,168.656786485,168.786546152,168.924151752,169.115471819,169.355074552,169.594677285,169.786299119,169.937484219,170.129106052,170.368708785,170.621891019,170.861493752,171.039234319,171.101096486,171.053115586,170.964999719,170.964999719,171.066996852,171.204300686,171.395922519,171.635525252,171.888707486,172.142191486,172.395675486,172.648857719,172.902341719,173.155825719,173.409007952,173.676373219,173.991417619,174.360780019,174.737686586,175.120930253,175.511718086,175.942640886,176.359984186,176.70279112,177.045598053,177.462941353,177.89416592,178.29883502,178.743639086,179.264186586,179.894577153,180.591658153,181.17406782,181.654480353,182.12553812,182.51662772,182.859434654,183.228495287,183.619584887,184.07827022,184.64679862,185.317324154,185.988151454,186.570561121,187.091108621,187.597774854,188.118322354,188.686850754,189.309395388,189.926206454,190.473007654,190.864097254,191.158923288,191.473967688,191.829448821,192.144794988,192.425739755,192.754665421,193.199469488,193.754418388,194.349200488,194.869747988,195.350160522,195.897263488,196.451910622,196.972458122,197.479124355,197.972211089,198.417015155,198.821684255,199.266488322,199.745693789,200.190497855,200.581587455,200.950648089,201.265994256,201.533057756,201.786541756,202.040025756,202.293207989,202.546691989,202.799874222,203.053358222,203.306842222,203.560024456,203.840969223,204.232058823,204.764978756,205.347388423,205.978080756,206.654641623,207.30675939,207.996899756,208.689454256,209.387742323,210.072149123,210.716420957,211.352846857,212.01069819,212.78472969,213.708739224,214.735952957,215.873311524,217.090638257,218.214115557,219.179467124,220.001479524,220.699767591,221.268295991,221.713401824,222.056208758,222.385134425,222.754496825,223.159165925,223.665832158,224.247034758,224.739819725,225.096507925,225.425735358,225.794795992,226.185885592,226.630689658,227.123474625,227.630140858,228.123227592,228.581912925,229.048444192,229.609126659,230.225937725,230.848482359,231.417010759,231.937558259,232.430644992,232.861567792,233.190493459,233.457858726,233.711040959,233.964524959,234.218008959,234.471191193,234.710793926,234.888534493

Position (um) : 2.4817,2.4817,2.4817,2.4817,2.4817,2.4817,2.4817,2.4817,2.4817,2.4817,2.4817,2.4817,2.4817,2.4817,2.4817,2.4817,2.4817,2.4817,2.4817,2.4817,2.4812,2.4791,2.4754,2.4733,2.4728,2.4723,2.4696,2.4633,2.4553,2.4491,2.4464,2.4454,2.4432,2.4396,2.4374,2.4369,2.4369,2.4369,2.4364,2.4343,2.4307,2.4285,2.4275,2.4253,2.4217,2.4195,2.419,2.4185,2.4163,2.4122,2.4079,2.4038,2.4016,2.4006,2.3984,2.3948,2.3926,2.3921,2.3921,2.3921,2.3921,2.3921,2.3921,2.3921,2.3921,2.3921,2.3921,2.3921,2.3921,2.3921,2.3921,2.3921,2.3921,2.3921,2.3921,2.3921,2.3921,2.3921,2.3921,2.3921,2.3921,2.3921,2.3926,2.3948,2.3984,2.4006,2.4011,2.4011,2.4011,2.4011,2.4011,2.4011,2.4011,2.4011,2.4011,2.4011,2.4011,2.4011,2.4011,2.4011,2.4011,2.4006,2.3984,2.3948,2.3926,2.3921,2.3921,2.3917,2.3895,2.3859,2.3832,2.3805,2.3769,2.3747,2.3742,2.3737,2.3716,2.3675,2.3631,2.359,2.3568,2.3563,2.3563,2.3558,2.3536,2.3495,2.3452,2.3411,2.3384,2.3357,2.3321,2.3299,2.3289,2.3268,2.3227,2.3183,2.3142,2.312,2.3115,2.3115,2.3115,2.3115,2.3115,2.3115,2.311,2.3088,2.3052,2.3026,2.2999,2.2963,2.2936,2.2909,2.2873,2.2851,2.2842,2.282,2.2784,2.2762,2.2752,2.273,2.2694,2.2672,2.2662,2.264,2.2599,2.2556,2.2515,2.2493,2.2488,2.2488,2.2488,2.2488,2.2488,2.2488,2.2488,2.2488,2.2488,2.2488,2.2483,2.2461,2.2425,2.2403,2.2398,2.2398,2.2398,2.2398,2.2398,2.2398,2.2398,2.2398,2.2398,2.2398,2.2398,2.2398,2.2403,2.2425,2.2461,2.2483,2.2488,2.2493,2.2515,2.2551,2.2573,2.2578,2.2578,2.2578,2.2578,2.2578,2.2583,2.2604,2.264,2.2662,2.2667,2.2667,2.2667,2.2667,2.2667,2.2667,2.2672,2.2694,2.273,2.2752,2.2757,2.2757,2.2757,2.2757,2.2757,2.2757,2.2757,2.2762,2.2784,2.2825,2.2868,2.2914,2.2958,2.2999,2.3021,2.303,2.3052,2.3088,2.311,2.3115,2.3115,2.3115,2.312,2.3142,2.3178,2.32,2.3205,2.3205,2.3205,2.321,2.3231,2.3268,2.3289,2.3294,2.3294,2.3299,2.3321,2.3357,2.3379,2.3389,2.3411,2.3447,2.3469,2.3473,2.3473,2.3473,2.3473,2.3478,2.35,2.3536,2.3558,2.3563,2.3563,2.3568,2.359,2.3626,2.3648,2.3658,2.3679,2.3716,2.3737,2.3742,2.3742,2.3747,2.3769,2.3805,2.3827,2.3832,2.3832,2.3837,2.3859,2.3895,2.3917,2.3926,2.3948,2.3989,2.4033,2.4079,2.4127,2.419,2.4248,2.4275,2.428,2.428,2.4285,2.4307,2.4343,2.4364,2.4369,2.4374,2.4396,2.4437,2.4481,2.4522,2.4544,2.4549,2.4553,2.4575,2.4611,2.4633,2.4638,2.4643,2.4665,2.4701,2.4728,2.4754,2.4791,2.4812,2.4822,2.4844,2.488,2.4907,2.4934,2.497,2.4992,2.4996,2.4996,2.4996,2.4996,2.4996,2.4996,2.4996,2.5001,2.5023,2.5059,2.5081,2.5086,2.5086,2.5086,2.5086,2.5091,2.5113,2.5149,2.5176,2.5202,2.5238,2.526,2.527,2.5292,2.5328,2.535,2.5355,2.5355,2.536,2.5382,2.5418,2.544,2.5449,2.5471,2.5507,2.5529,2.5534,2.5539,2.5561,2.5597,2.5619,2.5624,2.5624,2.5624,2.5624,2.5628,2.565,2.5686,2.5708,2.5713,2.5718,2.574,2.5776,2.5803,2.583,2.5866,2.5887,2.5892,2.5897,2.5919,2.5955,2.5977,2.5987,2.6009,2.6045,2.6067,2.6072,2.6072,2.6072,2.6072,2.6076,2.6098,2.6134,2.6156,2.6161,2.6166,2.6188,2.6229,2.6273,2.6314,2.6335,2.634,2.634,2.6345,2.6367,2.6403,2.6425,2.643,2.643,2.643,2.643,2.643,2.643,2.643,2.6435,2.6457,2.6493,2.6515,2.6519,2.6519,2.6519,2.6519,2.6519,2.6519,2.6519,2.6519,2.6519,2.6519,2.6519,2.6524,2.6546,2.6582,2.6604,2.6609,2.6609,2.6609,2.6609,2.6609,2.6614,2.6636,2.6672,2.6694,2.6704,2.6725,2.6761,2.6783,2.6793,2.6815,2.6856,2.69,2.6946,2.6989,2.7035,2.7079,2.7125,2.7168,2.7209,2.7231,2.7236,2.7241,2.7263,2.7299,2.7326,2.7353,2.7389,2.741,2.7415,2.7415,2.742,2.7442,2.7478,2.7505,2.7537,2.7595,2.7652,2.7684,2.7711,2.7752,2.7796,2.7841,2.7885,2.7931,2.7975,2.8021,2.8064,2.8105,2.8127,2.8132,2.8127,2.8105,2.8069,2.8047,2.8042,2.8042,2.8052,2.8101,2.8195,2.828,2.8333,2.8369,2.8369,2.8338,2.8316,2.8306,2.8284,2.8244,2.82,2.8159,2.8137,2.8132,2.8132,2.8132,2.8132,2.8132,2.8132,2.8132,2.8127,2.8105,2.8069,2.8047,2.8042,2.8038,2.8016,2.7975,2.7926,2.7858,2.7774,2.7684,2.7599,2.7537,2.751,2.75,2.7478,2.7437,2.7393,2.7348,2.7299,2.7231,2.7151,2.7084,2.703,2.6967,2.6905,2.6851,2.6783,2.6699,2.6614,2.6551,2.6519,2.6493,2.6457,2.6435,2.6425,2.6403,2.6362,2.6318,2.6277,2.6256,2.6246,2.6219,2.6156,2.6076,2.6014,2.5987,2.5982,2.5977,2.5955,2.5919,2.5897,2.5887,2.5866,2.583,2.5808,2.5803,2.5798,2.5776,2.574,2.5718,2.5708,2.5686,2.565,2.5628,2.5619,2.5597,2.5561,2.5534,2.5507,2.5471,2.5444,2.5418,2.5382,2.5355,2.5328,2.5287,2.5238,2.5176,2.5108,2.5037,2.496,2.4907,2.4853,2.4781,2.4733,2.4701,2.4665,2.4643,2.4638,2.4638,2.4638,2.4638,2.4638,2.4638,2.4638,2.4638,2.4638,2.4638,2.4638,2.4638,2.4638,2.4638,2.4638,2.4638,2.4638,2.4633,2.4611,2.4575,2.4553,2.4544,2.4522,2.4486,2.4464,2.4459,2.4459,2.4459,2.4459,2.4459,2.4459,2.4459

Intensity : 20.5065,21.81,26.0988,31.2464,36.3941,41.5418,46.6895,51.8372,56.9848,62.1325,67.2802,72.4279,77.5756,82.7232,83.5584,83.6888,83.8193,83.9497,84.0802,84.2107,84.3458,84.4876,84.6218,84.729,84.8192,84.9145,85,85,85,85,85,85,85,85,85,85,85,85,85,85,85,85,85,85,85,85,85,85,85,85,85,85,85,85,85,85,85,85,85,85,85,85,85,85,85,85,85,85,85,85,85,85,85,85,85,85,85,85,85,85,85,85,85,85,85,85,85,85,85,85,85,85,85,85,85,85,85,85,85,85,85,85,85,85,85,85,85,85,85,85,85,85,85,85,85,85,85,85,85,85,85,85,85,85,85,85,85,85,85,85,85,85,85,85,85,85,85,85,85,85,85,85,85,85,85,85,85,85,85,85,85,85,85,85,85,85,85,85,85,85,85,85,85,85,85,85,85,85,85,85,85,85,85,85,85,85,85,85,85,85,85,85,85,85,85,85,85,85,85,85,85,85,85,85,85,85,85,85,85,85,85,85,85,85,85,85,85,85,85,85,85,85,85,85,85,85,85,84.9996,84.8962,84.7872,84.6854,84.6004,84.4607,84.2295,84.0263,83.8344,83.6634,83.4852,83.2611,83.0185,83.3249,83.6894,84.0009,84.2577,84.4854,84.699,84.8629,84.8867,84.9123,84.9389,84.9586,84.9714,84.9818,84.9941,85,85,85,85,85,85,85,85,85,85,85,85,85,85,85,85,85,85,85,85,85,85,85,85,85,85,85,85,85,85,85,85,85,85,85,85,85,85,85,85,85,85,85,85,85,85,85,85,85,85,85,85,85,85,85,85,85,85,85,85,85,85,85,85,84.9832,84.9619,84.9404,84.9203,84.9107,84.9182,84.9397,84.9766,85,85,85,85,85,85,85,85,85,85,85,85,85,85,85,85,85,85,85,85,85,85,85,85,85,85,85,85,85,85,85,85,85,85,85,85,85,85,85,85,85,85,85,85,85,85,85,85,85,85,85,85,85,85,85,85,85,85,85,85,85,85,85,85,85,85,85,85,85,85,85,85,85,85,85,85,85,85,85,85,85,85,85,85,85,85,85,85,85,85,85,85,85,85,85,85,85,85,85,85,85,85,85,85,85,85,85,85,85,85,85,85,85,85,85,85,85,85,85,85,85,85,85,85,85,85,85,85,85,85,85,85,85,85,85,85,85,85,85,85,85,85,85,85,85,85,85,85,85,85,85,85,85,85,85,85,85,85,85,85,85,85,85,85,85,85,85,85,85,85,85,85,85,85,85,85,85,85,84.9174,84.5748,84.2581,83.9992,83.7633,83.56,83.3479,83.1662,83.0264,82.9997,83.0614,83.1716,83.3403,83.5512,83.7026,83.7904,83.8613,83.8936,83.7795,83.4859,83.1786,82.9487,82.8236,82.8832,83.0648,83.2383,83.3942,83.5845,83.8027,84.0033,84.1799,84.3058,84.3962,84.4781,84.5644,84.6662,84.7855,84.9073,84.9534,84.7669,84.5856,84.4572,84.3634,84.2456,84.1046,84.0243,84.0656,84.1761,84.4163,84.8203,85,85,85,85,85,85,85,85,84.9994,84.4117,83.8576,83.4922,83.3122,83.2268,83.4623,83.7308,83.9749,84.3342,84.8471,85,85,85,85,85,85,85,85,85,85,85,85,85,85,84.1211,82.9617,82.15,81.352,80.5207,79.7905,79.2954,79.0771,78.717,78.2537,78.0607,78.2445,78.2577,77.9728,77.6915,77.8776,78.5138,78.8659,78.9721,79.3321,79.9929,80.3541,80.4278,80.5252,80.7559,81.7747,82.809,83.7701,84.7094,85,85,85,85,85,85,85,85,85,85,85,82.9945,81.196,79.8043,77.6919,75.4907,73.7389,72.319,70.9279,69.3671,67.6561,65.7298,63.6231,61.8361,60.5432,59.3504,58.012,56.5949,55.7095,55.0957,54.4647,53.8509,53.2797,52.6987,51.8142,50.682,49.6201,48.569,47.5377,46.3744,44.7273,43.4756,42.4845,41.5544,40.6244,39.6943,38.7643,37.8849,37.2327

Time pixel : 3.92635,3.98524,4.06462,4.14858,4.23255,4.31651,4.40047,4.48443,4.5684,4.65236,4.73632,4.82028,4.90425,4.98821,5.07217,5.15613,5.24009,5.32406,5.40802,5.49198,5.57137,5.63483,5.68498,5.74844,5.82783,5.91637,6.02541,6.16368,6.30653,6.43607,6.55841,6.66288,6.75142,6.83538,6.91934,7.0033,7.08726,7.17123,7.25519,7.33915,7.42769,7.53215,7.6545,7.77947,7.90638,8.03135,8.15827,8.28324,8.41016,8.54428,8.7122,8.90936,9.09321,9.23605,9.32917,9.4044,9.50167,9.60613,9.71517,9.83752,9.96248,10.0848,10.1893,10.2778,10.3618,10.4458,10.5297,10.6137,10.6976,10.7816,10.8656,10.9495,11.0335,11.1175,11.2014,11.2854,11.3693,11.4533,11.5418,11.6463,11.7641,11.8685,11.9571,12.041,12.125,12.209,12.2975,12.4065,12.5494,12.7082,12.851,12.96,13.0486,13.1325,13.2165,13.3005,13.3844,13.4684,13.5524,13.6363,13.7203,13.7997,13.8631,13.9133,13.9767,14.0561,14.1401,14.2241,14.308,14.3966,14.4964,14.5937,14.6644,14.7324,14.8118,14.8958,14.9797,15.0637,15.1476,15.2316,15.3156,15.3995,15.4835,15.5675,15.656,15.7605,15.8782,15.9873,16.0963,16.2141,16.3185,16.4071,16.4865,16.5499,16.5955,16.6385,16.684,16.7475,16.8269,16.9108,16.9948,17.0788,17.1627,17.2467,17.3307,17.4146,17.4986,17.5825,17.6665,17.7505,17.8344,17.9184,18.0024,18.0863,18.1703,18.2542,18.3382,18.4222,18.5016,18.565,18.6152,18.6786,18.7626,18.8716,19.0145,19.1778,19.3412,19.484,19.5931,19.6816,19.7656,19.8495,19.9335,20.0175,20.1014,20.1854,20.2693,20.3533,20.4327,20.4961,20.5463,20.6098,20.6892,20.7777,20.8822,20.9999,21.1044,21.1929,21.2815,21.3905,21.5288,21.6716,21.8012,21.9235,22.028,22.1165,22.205,22.3095,22.4319,22.566,22.7293,22.906,23.0606,23.208,23.3463,23.4553,23.5439,23.6324,23.7414,23.8797,24.0226,24.1567,24.3041,24.4629,24.6057,24.7193,24.8375,25.0009,25.2072,25.4366,25.6767,25.8857,26.0582,26.2056,26.3351,26.4575,26.5665,26.6801,26.823,26.9863,27.1542,27.3176,27.465,27.5946,27.7261,27.8715,28.0322,28.1823,28.3343,28.4931,28.6359,28.745,28.8381,28.9471,29.0854,29.2282,29.3578,29.4801,29.5846,29.6731,29.7617,29.8753,30.034,30.2061,30.3357,30.4288,30.5127,30.5967,30.6852,30.7897,30.912,31.037,31.1639,31.2889,31.4112,31.5157,31.6042,31.6882,31.7767,31.8812,31.999,32.1034,32.192,32.2759,32.3645,32.4735,32.6164,32.7797,32.9476,33.1156,33.2835,33.4468,33.5897,33.6987,33.7873,33.8712,33.9598,34.0642,34.1866,34.3115,34.4339,34.5338,34.6018,34.652,34.7154,34.7994,34.9039,35.0262,35.1512,35.2781,35.3985,35.5003,35.571,35.639,35.7184,35.8024,35.8863,35.9703,36.0542,36.1382,36.2222,36.3061,36.3947,36.5037,36.642,36.7803,36.8893,36.9824,37.0914,37.2297,37.368,37.477,37.5701,37.6792,37.822,37.9854,38.1487,38.2961,38.4257,38.5526,38.6822,38.825,38.9633,39.0769,39.1859,39.3037,39.4082,39.5013,39.6103,39.7486,39.8869,39.9959,40.0844,40.1684,40.2478,40.3112,40.3614,40.4249,40.5088,40.6133,40.7311,40.8355,40.9241,41.008,41.0966,41.1964,41.2937,41.3689,41.4575,41.5753,41.7002,41.8226,41.927,42.0156,42.1041,42.2131,42.356,42.5148,42.6576,42.7712,42.8803,42.998,43.1025,43.191,43.275,43.359,43.4429,43.5269,43.6154,43.7199,43.8468,43.9969,44.1735,44.3323,44.4459,44.5344,44.623,44.732,44.8703,45.0086,45.1222,45.2358,45.3741,45.5123,45.6214,45.7145,45.8189,45.9413,46.0708,46.2183,46.377,46.5199,46.6289,46.722,46.8265,46.9443,47.0533,47.1623,47.2801,47.3846,47.4731,47.5617,47.6707,47.809,47.9427,48.0312,48.0859,48.154,48.2539,48.3762,48.5057,48.6532,48.8119,48.9548,49.0638,49.1524,49.2363,49.3203,49.4042,49.4882,49.5722,49.6561,49.7401,49.8241,49.908,49.992,50.0759,50.1599,50.2484,50.3529,50.4707,50.5797,50.6933,50.8316,50.9699,51.0789,51.1629,51.2263,51.2765,51.34,51.4193,51.5033,51.5873,51.6712,51.7552,51.8392,51.9231,52.0071,52.091,52.175,52.2635,52.368,52.4858,52.5902,52.6788,52.7673,52.8764,53.0146,53.1529,53.2619,53.355,53.4595,53.5773,53.6817,53.7703,53.8542,53.9382,54.0222,54.1061,54.1855,54.249,54.2991,54.3626,54.442,54.5259,54.6053,54.6688,54.7189,54.7916,54.9119,55.0635,55.1885,55.2816,55.3656,55.4495,55.5335,55.6175,55.7014,55.7808,55.8443,55.8898,55.9328,55.9784,56.0418,56.1212,56.2006,56.2641,56.3142,56.3777,56.4571,56.541,56.6204,56.6793,56.6998,56.6839,56.6547,56.6547,56.6885,56.734,56.7975,56.8769,56.9608,57.0448,57.1288,57.2127,57.2967,57.3807,57.4646,57.5532,57.6576,57.78,57.9049,58.0319,58.1614,58.3042,58.4425,58.5561,58.6697,58.808,58.9509,59.085,59.2324,59.4049,59.6138,59.8448,60.0378,60.197,60.3531,60.4827,60.5963,60.7186,60.8482,61.0002,61.1886,61.4108,61.6331,61.8261,61.9986,62.1665,62.339,62.5274,62.7337,62.9381,63.1193,63.2489,63.3466,63.451,63.5688,63.6733,63.7664,63.8754,64.0228,64.2067,64.4038,64.5763,64.7355,64.9168,65.1006,65.2731,65.441,65.6044,65.7518,65.8859,66.0333,66.1921,66.3395,66.4691,66.5914,66.6959,66.7844,66.8684,66.9524,67.0363,67.1203,67.2042,67.2882,67.3722,67.4561,67.5492,67.6788,67.8554,68.0484,68.2574,68.4816,68.6977,68.9264,69.1559,69.3873,69.6141,69.8276,70.0385,70.2565,70.513,70.8192,71.1596,71.5365,71.9399,72.3122,72.6321,72.9045,73.1359,73.3243,73.4718,73.5854,73.6944,73.8168,73.9509,74.1188,74.3114,74.4747,74.5929,74.702,74.8243,74.9539,75.1013,75.2646,75.4325,75.5959,75.7479,75.9025,76.0883,76.2927,76.499,76.6874,76.8599,77.0233,77.1661,77.2751,77.3637,77.4476,77.5316,77.6156,77.6995,77.7789,77.8378

Position pixel : 23.259,23.259,23.259,23.259,23.259,23.259,23.259,23.259,23.259,23.259,23.259,23.259,23.259,23.259,23.259,23.259,23.259,23.259,23.259,23.259,23.2544,23.2339,23.2001,23.1796,23.175,23.1704,23.1453,23.0865,23.0117,22.9528,22.9277,22.9185,22.898,22.8642,22.8437,22.8392,22.8392,22.8392,22.8346,22.8141,22.7803,22.7598,22.7506,22.7301,22.6963,22.6758,22.6712,22.6667,22.6461,22.6078,22.5668,22.5284,22.5079,22.4987,22.4782,22.4444,22.4239,22.4193,22.4193,22.4193,22.4193,22.4193,22.4193,22.4193,22.4193,22.4193,22.4193,22.4193,22.4193,22.4193,22.4193,22.4193,22.4193,22.4193,22.4193,22.4193,22.4193,22.4193,22.4193,22.4193,22.4193,22.4193,22.4239,22.4444,22.4782,22.4987,22.5033,22.5033,22.5033,22.5033,22.5033,22.5033,22.5033,22.5033,22.5033,22.5033,22.5033,22.5033,22.5033,22.5033,22.5033,22.4987,22.4782,22.4444,22.4239,22.4193,22.4193,22.4148,22.3943,22.3605,22.3354,22.3103,22.2765,22.256,22.2514,22.2468,22.2263,22.188,22.1469,22.1086,22.0881,22.0835,22.0835,22.0789,22.0584,22.02,21.979,21.9406,21.9156,21.8905,21.8567,21.8362,21.827,21.8065,21.7681,21.7271,21.6888,21.6683,21.6637,21.6637,21.6637,21.6637,21.6637,21.6637,21.6591,21.6386,21.6048,21.5797,21.5546,21.5208,21.4958,21.4707,21.4369,21.4164,21.4072,21.3867,21.3529,21.3324,21.3233,21.3028,21.2689,21.2484,21.2393,21.2188,21.1804,21.1394,21.101,21.0805,21.0759,21.0759,21.0759,21.0759,21.0759,21.0759,21.0759,21.0759,21.0759,21.0759,21.0714,21.0509,21.0171,20.9966,20.992,20.992,20.992,20.992,20.992,20.992,20.992,20.992,20.992,20.992,20.992,20.992,20.9966,21.0171,21.0509,21.0714,21.0759,21.0805,21.101,21.1348,21.1553,21.1599,21.1599,21.1599,21.1599,21.1599,21.1645,21.185,21.2188,21.2393,21.2439,21.2439,21.2439,21.2439,21.2439,21.2439,21.2484,21.2689,21.3028,21.3233,21.3278,21.3278,21.3278,21.3278,21.3278,21.3278,21.3278,21.3324,21.3529,21.3913,21.4323,21.4753,21.5163,21.5546,21.5751,21.5843,21.6048,21.6386,21.6591,21.6637,21.6637,21.6637,21.6683,21.6888,21.7226,21.7431,21.7476,21.7476,21.7476,21.7522,21.7727,21.8065,21.827,21.8316,21.8316,21.8362,21.8567,21.8905,21.911,21.9201,21.9406,21.9744,21.995,21.9995,21.9995,21.9995,21.9995,22.0041,22.0246,22.0584,22.0789,22.0835,22.0835,22.0881,22.1086,22.1424,22.1629,22.172,22.1925,22.2263,22.2468,22.2514,22.2514,22.256,22.2765,22.3103,22.3308,22.3354,22.3354,22.34,22.3605,22.3943,22.4148,22.4239,22.4444,22.4828,22.5238,22.5668,22.6123,22.6712,22.7255,22.7506,22.7552,22.7552,22.7598,22.7803,22.8141,22.8346,22.8392,22.8437,22.8642,22.9026,22.9436,22.982,23.0025,23.0071,23.0117,23.0322,23.066,23.0865,23.091,23.0956,23.1161,23.1499,23.175,23.2001,23.2339,23.2544,23.2635,23.284,23.3178,23.3429,23.368,23.4018,23.4223,23.4269,23.4269,23.4269,23.4269,23.4269,23.4269,23.4269,23.4315,23.452,23.4858,23.5063,23.5108,23.5108,23.5108,23.5108,23.5154,23.5359,23.5697,23.5948,23.6199,23.6537,23.6742,23.6833,23.7039,23.7377,23.7582,23.7627,23.7627,23.7673,23.7878,23.8216,23.8421,23.8513,23.8718,23.9056,23.9261,23.9307,23.9352,23.9557,23.9895,24.01,24.0146,24.0146,24.0146,24.0146,24.0192,24.0397,24.0735,24.094,24.0986,24.1032,24.1237,24.1575,24.1825,24.2076,24.2414,24.2619,24.2665,24.2711,24.2916,24.3254,24.3459,24.355,24.3756,24.4094,24.4299,24.4344,24.4344,24.4344,24.4344,24.439,24.4595,24.4933,24.5138,24.5184,24.523,24.5435,24.5819,24.6229,24.6612,24.6817,24.6863,24.6863,24.6909,24.7114,24.7452,24.7657,24.7703,24.7703,24.7703,24.7703,24.7703,24.7703,24.7703,24.7749,24.7954,24.8292,24.8497,24.8542,24.8542,24.8542,24.8542,24.8542,24.8542,24.8542,24.8542,24.8542,24.8542,24.8542,24.8588,24.8793,24.9131,24.9336,24.9382,24.9382,24.9382,24.9382,24.9382,24.9428,24.9633,24.9971,25.0176,25.0267,25.0472,25.0811,25.1016,25.1107,25.1312,25.1696,25.2106,25.2536,25.2946,25.3375,25.3785,25.4215,25.4625,25.5009,25.5214,25.5259,25.5305,25.551,25.5848,25.6099,25.635,25.6688,25.6893,25.6939,25.6939,25.6984,25.7189,25.7528,25.7778,25.8075,25.8618,25.9161,25.9458,25.9708,26.0092,26.0502,26.0932,26.1342,26.1771,26.2181,26.2611,26.3021,26.3405,26.361,26.3656,26.361,26.3405,26.3067,26.2862,26.2816,26.2816,26.2908,26.3363,26.4244,26.5038,26.554,26.5878,26.5878,26.5586,26.5381,26.5289,26.5084,26.47,26.429,26.3906,26.3701,26.3656,26.3656,26.3656,26.3656,26.3656,26.3656,26.3656,26.361,26.3405,26.3067,26.2862,26.2816,26.277,26.2565,26.2181,26.1726,26.1091,26.0297,25.9458,25.8664,25.8075,25.7824,25.7733,25.7528,25.7144,25.6734,25.6304,25.5848,25.5214,25.4466,25.3831,25.3329,25.2741,25.2152,25.165,25.1016,25.0222,24.9428,24.8839,24.8542,24.8292,24.7954,24.7749,24.7657,24.7452,24.7068,24.6658,24.6274,24.6069,24.5978,24.5727,24.5138,24.439,24.3801,24.355,24.3505,24.3459,24.3254,24.2916,24.2711,24.2619,24.2414,24.2076,24.1871,24.1825,24.178,24.1575,24.1237,24.1032,24.094,24.0735,24.0397,24.0192,24.01,23.9895,23.9557,23.9307,23.9056,23.8718,23.8467,23.8216,23.7878,23.7627,23.7377,23.6993,23.6537,23.5948,23.5314,23.4653,23.3931,23.3429,23.2928,23.2252,23.1796,23.1499,23.1161,23.0956,23.091,23.091,23.091,23.091,23.091,23.091,23.091,23.091,23.091,23.091,23.091,23.091,23.091,23.091,23.091,23.091,23.091,23.0865,23.066,23.0322,23.0117,23.0025,22.982,22.9482,22.9277,22.9231,22.9231,22.9231,22.9231,22.9231,22.9231,22.9231

Pole type : Curve
Start frame : 1
End frame : 90
Start time (s) : 0.000
End time (s) : 271.59000003
Time step (s) : 3.017666667

Feature Information :


Feature number : 1

Time (s) : 17.6749263186,17.8511882286,18.0893123053,18.3412271187,18.5931419321,18.8450567454,19.0970017354,19.3489165488,19.6008011855,19.8527159989,20.1046308122,20.3565154489,20.6084302623,20.860314899,21.1121995357,21.3640841724,21.6159688091,21.8540325324,22.0440248258,22.1938821525,22.3838744458,22.6357289058,22.9356547959,23.2276442226,23.4393335393,23.6431165693,23.8811199393,24.1329442227,24.384768506,24.6365927894,24.8883868961,25.1263902661,25.3301129428,25.5417720828,25.8337011562,26.1335365162,26.3990911829,26.6508551129,26.902619043,27.140531883,27.3304034697,27.480109913,27.6837722364,27.9835472431,28.3234270398,28.5751306165,28.7385976198,28.9283786765,29.1662311632,29.4178743866,29.6695176099,29.9211306566,30.1727437033,30.43829837,30.7515321701,31.1052027034,31.4187382701,31.6839911702,31.9356645702,32.1870362036,32.4248283369,32.6143378036,32.7501328036,32.8777801036,32.999693837,33.127341137,33.2492548703,33.3904816704,33.5742575704,33.8039020037,34.0012574038,34.1907668704,34.3663950705,34.5157695705,34.7191603038,35.0185128372,35.3715798372,35.6848136373,35.9497647706,36.1872551373,36.376764604,36.5258373374,36.7150450374,36.9664166708,37.2932299708,37.7220404042,38.2127130042,38.7033856043,39.1321960377,39.4590093377,39.7239604711,39.9750303377,40.2399814711,40.5529135045,40.9059805045,41.2189125379,41.4699824046,41.6588883379,41.8079610713,42.011050038,42.3236803047,42.7386094714,43.1535386381,43.4939314381,43.8207447382,44.1873912382,44.5760667049,45.0184566383,45.5227087384,46.1030060384,46.7711174385,47.4392288386,48.005644872,48.4480348054,48.7748481054,49.0259179721,49.2148239054,49.3500153721,49.4773609055,49.5989728721,49.7260166388,49.8476286055,49.9610928722,50.0208426722,50.0461910722,50.1059408722,50.2055238722,50.2791549389,50.3527860056,50.4662502722,50.6017435056,50.7912529723,51.028743339,51.2801149723,51.5314866057,51.7828582391,52.0481111391,52.3477654391,52.6395738058,52.8372309725,52.9648782725,53.0526923725,53.2023686392,53.4667162392,53.7048101393,53.8544864059,53.9827372393,54.1049527393,54.2332035727,54.3693003393,54.559715106,54.7842295061,54.9743425061,55.1246223061,55.3150370728,55.5537345061,55.8060114395,56.0585901395,56.3111688396,56.5637475396,56.8024449729,56.993463273,57.1440448396,57.3350631397,57.5740623397,57.8269428064,58.0801250397,58.3333072731,58.6000690065,58.9151134065,59.2705945399,59.5856389399,59.8530042066,60.1203694733,60.43571564,60.79149854,61.1074482401,61.3751152734,61.6156233068,61.8078486735,61.9602408402,62.1530697402,62.3799982736,62.5728271736,62.7255211069,62.9047705069,63.084019907,63.2373173737,63.4304480403,63.6582818737,63.8517143071,63.9914322737,64.1233043071,64.2630222738,64.4431769738,64.6233316738,64.7772326738,64.9712686405,65.2132855072,65.4694854072,65.7256853073,65.9818852073,66.2380851073,66.4942850073,66.750786674,67.0208678407,67.3392316741,67.6977304741,68.0160943075,68.2861754742,68.5565584076,68.9026847743,69.3852096743,69.8936865077,70.2398128744,70.4700608411,70.6912558078,70.8321808412,70.9387044745,71.1194627079,71.3485036079,71.5434448746,71.6979494079,71.8928906746,72.1355110746,72.3920127413,72.6488161747,72.9053178414,73.1618195081,73.4183211748,73.6748228415,73.9313245082,74.1878261749,74.4443278416,74.7008295083,74.9570294083,75.213531075,75.469730975,75.7262326417,75.9824325417,76.2386324418,76.4948323418,76.7510322418,77.0072321418,77.2634320419,77.5196319419,77.7894113419,78.1074734086,78.4517891753,78.7076873087,78.8754695754,79.0556242754,79.2360807421,79.3761004754,79.5082742754,79.6482940088,79.8423299755,80.0843468422,80.3399432089,80.5958413422,80.8514377089,81.0934545756,81.2874905423,81.4410897757,81.620942709,81.801097409,81.9546966424,82.1484308424,82.3901459424,82.6318610425,82.8255952425,82.9791944758,83.1590474092,83.3527816092,83.5543617426,83.7879291426,84.0033905426,84.272868176,84.6026991427,84.8579937427,85.0251724761,85.2189066761,85.4606217761,85.7159163761,85.9712109762,86.2268073429,86.4821019429,86.7238170429,86.9033682096,86.9812240096,87.0107971429,87.0747716763,87.1924606763,87.3318768763,87.5253093097,87.7670244097,88.0084377431,88.2009648764,88.3524517431,88.5301923098,88.7076311098,88.8591179765,89.0507398098,89.2903425432,89.5435247766,89.7970087766,90.0501910099,90.30367501,90.55715901,90.8103412434,91.0638252434,91.3170074768,91.5704914768,91.8239754768,92.0771577102,92.3167604435,92.5083822769,92.6595673769,92.8511892103,93.0907919436,93.330394677,93.5217147437,93.6593203437,93.7890800104,93.9128043437,94.0422622437,94.1659865771,94.2957462437,94.4333518438,94.6110924105,94.7885312105,94.9261368105,95.0558964772,95.1796208105,95.2954992105,95.3573613772,95.3848221439,95.4466843105,95.5764439772,95.7759117439,96.0556494439,96.2949504106,96.4464372773,96.576196944,96.727382044,96.980866044,97.3224659108,97.6375103108,97.9048755775,98.1580578108,98.4115418109,98.6511445442,98.8424646109,98.9939514776,99.185573311,99.4248742776,99.6783582777,99.9318422777,100.185024511,100.452389778,100.767434178,101.122915311,101.438261478,101.705324978,101.958808978,102.211991211,102.465475211,102.718959211,102.972141445,103.225625445,103.478807678,103.732291678,103.985775678,104.238957912,104.492441912,104.745624145,104.985226878,105.190729978,105.403777245,105.697396212,105.998861112,106.265924612,106.519408612,106.772590845,107.026074845,107.265677579,107.457299412,107.608484512,107.800106345,108.039709079,108.292891312,108.532494045,108.724115879,108.875300979,109.066922812,109.306525545,109.559707779,109.813191779,110.066675779,110.319858012,110.573342012,110.826524246,111.080008246,111.333492246,111.586674479,111.826277212,112.017899046,112.169084146,112.346824712,112.524565279,112.676052146,112.881253479,113.168837113,113.462456079,113.675503346,113.881006446,114.120609179,114.359910146,114.565413246,114.778460513,115.085960746,115.462867313,115.894091879,116.297553913,116.564617413,116.71610428,116.84556218,116.98316778,117.160908346,117.338648913,117.489834013,117.681455846,117.92105858,118.174240813,118.413843546,118.60546538,118.74307098,118.87252888,118.996253213,119.12601288,119.249737213,119.406957647,119.66828758,120.07748318,120.502672413,120.88591608,121.214841747,121.530187913,121.83738638,122.11259758,122.40591478,122.645517514,122.81058388,123.002205714,123.241808447,123.495292447,123.762355947,124.063820847,124.357138047,124.57048708,124.762108914,124.93984948,125.09103458,125.268775147,125.446515714,125.597700814,125.789322647,126.015044114,126.206665947,126.343969781,126.459848181

Position (um) : 1.8814,1.8809,1.8786,1.8745,1.8695,1.8632,1.8573,1.8541,1.8508,1.8449,1.8386,1.8337,1.8295,1.8272,1.8267,1.8266,1.8265,1.826,1.8237,1.82,1.8177,1.8172,1.8166,1.8144,1.8107,1.8084,1.8078,1.8078,1.8077,1.8076,1.8075,1.807,1.8047,1.801,1.7987,1.7982,1.7981,1.798,1.7979,1.7974,1.7951,1.7914,1.7896,1.7912,1.7952,1.7995,1.8036,1.8061,1.8087,1.8122,1.8148,1.8179,1.8236,1.8298,1.8351,1.8413,1.8475,1.8522,1.8567,1.861,1.8655,1.8698,1.8743,1.8785,1.883,1.8878,1.8945,1.9029,1.9117,1.9201,1.9263,1.9293,1.9319,1.9359,1.9407,1.9473,1.9557,1.9641,1.9707,1.976,1.9821,1.9883,1.9931,1.9975,2.0018,2.0058,2.0079,2.0082,2.0081,2.008,2.0079,2.0078,2.0067,2.0022,1.9944,1.9877,1.9825,1.9775,1.9711,1.9643,1.9561,1.9434,1.9285,1.9151,1.9036,1.8938,1.8823,1.8693,1.8557,1.8422,1.829,1.8178,1.8082,1.7996,1.7927,1.7873,1.7809,1.7745,1.7695,1.7648,1.7598,1.7529,1.7443,1.7348,1.7235,1.7108,1.6996,1.6905,1.6836,1.6782,1.6713,1.6627,1.6537,1.6446,1.636,1.6287,1.621,1.6106,1.6003,1.593,1.5875,1.5807,1.5726,1.5657,1.5608,1.5561,1.5517,1.547,1.5426,1.5379,1.5335,1.5289,1.5244,1.5198,1.5154,1.5112,1.509,1.5084,1.5079,1.5057,1.5015,1.4971,1.493,1.4908,1.4903,1.4903,1.4902,1.4902,1.4902,1.4902,1.4897,1.4875,1.4839,1.4818,1.4813,1.4813,1.4813,1.4814,1.4819,1.4841,1.4878,1.49,1.491,1.4938,1.5001,1.5087,1.5177,1.5268,1.5353,1.5422,1.5472,1.5519,1.5564,1.5611,1.566,1.5724,1.5789,1.5838,1.5886,1.5936,1.6,1.6064,1.6114,1.6161,1.6212,1.6281,1.6367,1.6458,1.6549,1.6635,1.671,1.6797,1.6946,1.7131,1.7297,1.7456,1.761,1.7755,1.7909,1.8054,1.815,1.8205,1.8247,1.8271,1.8277,1.8279,1.8281,1.8282,1.8284,1.8285,1.8287,1.8288,1.829,1.8292,1.8288,1.8263,1.8207,1.815,1.812,1.8095,1.8055,1.8008,1.7942,1.7858,1.777,1.7682,1.7594,1.7506,1.7417,1.7334,1.7267,1.7215,1.7154,1.7092,1.7045,1.7,1.6953,1.6886,1.6808,1.6741,1.6694,1.6649,1.6607,1.6567,1.6541,1.6511,1.6449,1.637,1.6304,1.6251,1.6189,1.6128,1.6075,1.6014,1.5952,1.5899,1.5833,1.5754,1.5687,1.564,1.5595,1.5547,1.5481,1.5402,1.5335,1.5283,1.5221,1.5159,1.5107,1.504,1.4961,1.4894,1.4847,1.4802,1.4754,1.4688,1.4604,1.4515,1.443,1.4362,1.4314,1.4273,1.4251,1.4246,1.4246,1.4246,1.4246,1.4246,1.4246,1.4246,1.4246,1.4251,1.4273,1.4314,1.4357,1.4403,1.4447,1.4493,1.4542,1.4609,1.4694,1.4783,1.4873,1.4963,1.5052,1.5137,1.5205,1.5258,1.5326,1.5411,1.5495,1.5563,1.5612,1.5657,1.5706,1.5774,1.5854,1.5921,1.598,1.6074,1.6217,1.636,1.6454,1.6508,1.6558,1.6629,1.6728,1.6807,1.6839,1.6844,1.6844,1.6849,1.6871,1.6907,1.6929,1.6934,1.6934,1.6934,1.6934,1.6929,1.6907,1.6871,1.6844,1.6817,1.6776,1.6733,1.6692,1.667,1.6665,1.666,1.6638,1.6602,1.658,1.657,1.6549,1.6512,1.6486,1.6459,1.6423,1.6401,1.6391,1.6369,1.6333,1.6311,1.6306,1.6302,1.628,1.6244,1.6222,1.6217,1.6217,1.6212,1.619,1.6154,1.6132,1.6127,1.6127,1.6127,1.6127,1.6127,1.6127,1.6127,1.6127,1.6127,1.6127,1.6132,1.6154,1.619,1.6217,1.6244,1.6285,1.6333,1.6401,1.6486,1.6575,1.6665,1.6754,1.6844,1.6934,1.7023,1.7118,1.7234,1.7377,1.7502,1.7578,1.7628,1.7677,1.775,1.7856,1.7987,1.813,1.8309,1.8515,1.8694,1.8837,1.8963,1.9052,1.9106,1.9151,1.92,1.9268,1.9362,1.9496,1.9657,1.9791,1.989,1.9989,2.0123,2.0294,2.0471,2.0643,2.0776,2.088,2.0997,2.1144,2.1292,2.1408,2.1503,2.1592,2.1677,2.1745,2.1793,2.1834,2.1861,2.1888,2.1924,2.1946,2.1955,2.1977,2.2013,2.2035

Intensity : 28.3143,29.487,30.8501,30.2202,29.3605,28.3064,27.3313,26.7339,26.1401,25.1885,24.1799,23.3739,22.68,22.2508,22.0546,21.8733,21.6898,21.4507,21.0205,20.4318,20.0041,19.7624,19.4877,18.9985,18.5841,18.3002,18.1066,17.9363,17.9528,17.975,17.998,17.9871,17.8605,17.6424,17.5256,17.5216,17.546,17.5682,17.5904,17.5796,17.3223,16.9857,16.7389,16.6527,16.6938,16.807,16.9577,16.9993,17.0076,17.0649,17.1294,17.376,17.9751,18.7013,19.2709,19.9302,20.5917,21.0778,21.5252,21.9365,22.3729,22.8012,23.2803,23.733,24.2109,24.7145,25.4689,26.4397,27.4369,28.3369,29.4215,29.918,30.3141,30.9864,31.7489,32.766,33.9913,35.1823,36.0671,36.7015,37.9551,39.2161,40.3012,41.4333,42.6481,43.9725,45.069,45.873,46.5006,47.4101,48.294,49.1321,49.8374,50.0807,49.8259,49.617,49.4614,49.1296,48.388,47.7121,47.036,45.3718,43.1307,41.2821,40.1269,39.1845,37.9364,36.4068,34.9688,33.852,32.8106,31.9681,31.5762,31.4799,31.5044,31.4767,31.1664,30.7125,30.3988,30.0959,29.7624,29.1658,28.3252,27.2364,25.8565,24.3532,23.4526,22.8421,22.3981,22.1221,21.7462,21.2821,20.8048,20.3046,20.1906,20.1856,20.1545,19.8896,19.5761,19.5951,19.5503,19.3125,19.1213,19.2366,19.4014,19.3842,19.3275,19.2345,19.1589,18.988,18.6931,18.3793,18.0667,17.7231,17.3939,17.0828,16.9211,16.8962,16.8698,16.6951,16.3471,15.9633,15.6297,15.5262,15.5548,15.6097,15.6646,15.7201,15.7785,15.8476,15.9031,15.8702,15.7603,15.7174,15.711,15.5594,15.4254,15.312,15.2327,15.2513,15.3509,15.3677,15.3146,15.3527,15.7853,16.3765,17.0039,17.6395,18.2176,18.6424,18.9302,19.2175,19.4904,19.7706,20.0458,20.4208,20.8051,21.0547,21.2481,21.4453,21.7357,22.263,22.6357,22.9335,23.2088,23.6654,24.2388,24.8025,25.3915,25.9692,26.4095,26.8704,27.7642,29.4533,31.379,33.2476,35.0229,36.7284,38.5676,40.1795,41.1273,41.6775,42.0879,42.1683,41.9443,41.6326,41.58,41.5636,41.5463,41.5282,41.5093,41.4882,41.4676,41.4449,41.3667,41.0458,40.4,39.7905,39.5289,39.3196,38.9658,38.5362,37.9139,37.1228,36.2903,35.4683,34.659,33.8766,33.1156,32.3257,31.6959,31.2132,30.6422,30.067,29.6434,29.2563,28.8552,28.2857,27.6051,27.0387,26.6501,26.2856,25.9295,25.5904,25.5571,25.5189,25.1495,24.6717,24.371,24.2016,23.8757,23.4946,23.2352,22.9024,22.6926,22.6033,22.3722,22.1024,21.9277,21.7354,21.505,21.2735,20.931,20.509,20.1835,19.97,19.6885,19.3993,19.1371,18.6923,18.1195,17.7652,17.6045,17.4733,17.3656,17.159,16.853,16.4814,16.1039,15.8295,15.6555,15.5073,15.4847,15.5816,15.7131,15.8448,15.9763,16.108,16.1952,15.9125,15.6295,15.3735,15.2054,15.1284,15.0527,14.9895,14.9627,14.9866,14.9619,14.9443,14.9783,15.0768,15.3169,15.6097,15.9826,16.3207,16.5705,16.7392,16.9705,17.2501,17.5237,17.7419,17.868,17.9827,18.1167,18.3929,18.761,19.0341,19.1933,19.4107,19.723,20.0619,20.2861,20.357,20.3203,20.1972,20.0408,19.8453,19.5335,19.1392,18.7252,18.3527,18.1238,18.0134,17.7821,17.4076,17.1492,17.1529,17.1565,17.1424,17.0677,16.9443,16.8557,16.7674,16.631,16.4866,16.3542,16.1847,15.9549,15.725,15.4389,15.1066,14.8229,14.5803,14.2986,13.9726,13.6894,13.4354,13.1472,12.9942,13.3085,13.5444,13.7179,13.9353,14.2073,14.4636,14.6086,14.6598,14.803,15.0565,15.3417,15.5948,15.5841,15.3727,15.1877,15.0329,14.8866,14.7402,14.5938,14.4476,14.3012,14.1549,14.0085,13.8621,13.7158,13.6551,13.6776,13.7498,13.7912,13.8336,13.9231,14.0266,14.174,14.3752,14.6092,14.8486,15.0869,15.3294,15.5809,15.6709,15.4025,15.0186,14.6221,14.257,14.009,13.8906,13.8041,13.7641,13.7493,13.8003,13.9301,14.2086,14.6515,14.9966,15.2338,15.4526,15.6043,15.6528,15.6815,15.7124,15.9962,16.4233,16.9727,17.5155,17.838,17.9488,18.0793,18.4092,19.0763,20.7324,22.2894,23.4775,24.4324,25.483,26.8145,28.1187,29.7254,31.5965,33.3883,35.1164,36.5057,37.502,38.3483,38.8951,39.4458,40.2016,40.6541,40.8453,41.3041,42.0799,42.5496

Time pixel : 5.85715,5.91556,5.99447,6.07795,6.16143,6.24491,6.3284,6.41188,6.49535,6.57883,6.66231,6.74578,6.82926,6.91273,6.9962,7.07967,7.16314,7.24203,7.30499,7.35465,7.41761,7.50107,7.60046,7.69722,7.76737,7.8349,7.91377,7.99722,8.08067,8.16412,8.24756,8.32643,8.39394,8.46408,8.56082,8.66018,8.74818,8.83161,8.91504,8.99388,9.0568,9.10641,9.1739,9.27324,9.38587,9.46928,9.52345,9.58634,9.66516,9.74855,9.83194,9.91532,9.9987,10.0867,10.1905,10.3077,10.4116,10.4995,10.5829,10.6662,10.745,10.8078,10.8528,10.8951,10.9355,10.9778,11.0182,11.065,11.1259,11.202,11.2674,11.3302,11.3884,11.4379,11.5053,11.6045,11.7215,11.8253,11.9131,11.9918,12.0546,12.104,12.1667,12.25,12.3583,12.5004,12.663,12.8256,12.9677,13.076,13.1638,13.247,13.3348,13.4385,13.5555,13.6592,13.7424,13.805,13.8544,13.9217,14.0253,14.1628,14.3003,14.4131,14.5214,14.6429,14.7717,14.9183,15.0854,15.2777,15.4991,15.7205,15.9082,16.0548,16.1631,16.2463,16.3089,16.3537,16.3959,16.4362,16.4783,16.5186,16.5562,16.576,16.5844,16.6042,16.6372,16.6616,16.686,16.7236,16.7685,16.8313,16.91,16.9933,17.0766,17.1599,17.2478,17.3471,17.4438,17.5093,17.5516,17.5807,17.6303,17.7179,17.7968,17.8464,17.8889,17.9294,17.9719,18.017,18.0801,18.1545,18.2175,18.2673,18.3304,18.4095,18.4931,18.5768,18.6605,18.7442,18.8233,18.8866,18.9365,18.9998,19.079,19.1628,19.2467,19.3306,19.419,19.5234,19.6412,19.7456,19.8342,19.9228,20.0273,20.1452,20.2499,20.3386,20.4183,20.482,20.5325,20.5964,20.6716,20.7355,20.7861,20.8455,20.9049,20.9557,21.0197,21.0952,21.1593,21.2056,21.2493,21.2956,21.3553,21.415,21.466,21.5303,21.6105,21.6954,21.7803,21.8652,21.9501,22.035,22.12,22.2095,22.315,22.4338,22.5393,22.6288,22.7184,22.8331,22.993,23.1615,23.2762,23.3525,23.4258,23.4725,23.5078,23.5677,23.6436,23.7082,23.7594,23.824,23.9044,23.9894,24.0745,24.1595,24.2445,24.3295,24.4145,24.4995,24.5845,24.6695,24.7545,24.8394,24.9244,25.0093,25.0943,25.1792,25.2641,25.349,25.4339,25.5188,25.6037,25.6886,25.778,25.8834,25.9975,26.0823,26.1379,26.1976,26.2574,26.3038,26.3476,26.394,26.4583,26.5385,26.6232,26.708,26.7927,26.8729,26.9372,26.9881,27.0477,27.1074,27.1583,27.2225,27.3026,27.3827,27.4469,27.4978,27.5574,27.6216,27.6884,27.7658,27.8372,27.9265,28.0358,28.1204,28.1758,28.24,28.3201,28.4047,28.4893,28.574,28.6586,28.7387,28.7982,28.824,28.8338,28.855,28.894,28.9402,29.0043,29.0844,29.1644,29.2282,29.2784,29.3373,29.3961,29.4463,29.5098,29.5892,29.6731,29.7571,29.841,29.925,30.009,30.0929,30.1769,30.2608,30.3448,30.4288,30.5127,30.5921,30.6556,30.7057,30.7692,30.8486,30.928,30.9914,31.037,31.08,31.121,31.1639,31.2049,31.2479,31.2935,31.3524,31.4112,31.4568,31.4998,31.5408,31.5792,31.5997,31.6088,31.6293,31.6723,31.7384,31.8311,31.9104,31.9606,32.0036,32.0537,32.1377,32.2509,32.3553,32.4439,32.5278,32.6118,32.6912,32.7546,32.8048,32.8683,32.9476,33.0316,33.1156,33.1995,33.2881,33.3925,33.5103,33.6148,33.7033,33.7873,33.8712,33.9552,34.0392,34.1231,34.2071,34.291,34.375,34.459,34.5429,34.6269,34.7108,34.7902,34.8583,34.9289,35.0262,35.1261,35.2146,35.2986,35.3825,35.4665,35.5459,35.6094,35.6595,35.723,35.8024,35.8863,35.9657,36.0292,36.0793,36.1428,36.2222,36.3061,36.3901,36.4741,36.558,36.642,36.7259,36.8099,36.8939,36.9778,37.0572,37.1207,37.1708,37.2297,37.2886,37.3388,37.4068,37.5021,37.5994,37.67,37.7381,37.8175,37.8968,37.9649,38.0355,38.1374,38.2623,38.4052,38.5389,38.6274,38.6776,38.7205,38.7661,38.825,38.8839,38.934,38.9975,39.0769,39.1608,39.2402,39.3037,39.3493,39.3922,39.4332,39.4762,39.5172,39.5693,39.6559,39.7915,39.9324,40.0594,40.1684,40.2729,40.3747,40.4659,40.5631,40.6425,40.6972,40.7607,40.8401,40.9241,41.0126,41.1125,41.2097,41.2804,41.3439,41.4028,41.4529,41.5118,41.5707,41.6208,41.6843,41.7591,41.8226,41.8681,41.9065

Position pixel : 17.633,17.6278,17.6066,17.5675,17.5213,17.4617,17.4067,17.3764,17.346,17.291,17.2315,17.1852,17.1461,17.1249,17.1197,17.119,17.1183,17.113,17.0918,17.0573,17.036,17.0308,17.0255,17.0043,16.9697,16.9485,16.9432,16.9425,16.9418,16.941,16.9403,16.935,16.9137,16.8792,16.8579,16.8526,16.8519,16.8511,16.8503,16.845,16.8237,16.7892,16.7724,16.7876,16.8252,16.8654,16.903,16.9273,16.9515,16.9845,17.0088,17.0376,17.0911,17.1492,17.1985,17.2565,17.3146,17.3593,17.4014,17.4415,17.4836,17.5237,17.5658,17.6059,17.648,17.6927,17.7552,17.8337,17.9167,17.9952,18.0531,18.0818,18.1059,18.1434,18.188,18.2505,18.3289,18.4073,18.4697,18.5189,18.5768,18.6346,18.6792,18.7211,18.7611,18.7984,18.8179,18.8214,18.8204,18.8193,18.8182,18.8172,18.8069,18.7648,18.6916,18.629,18.5803,18.5336,18.4736,18.4091,18.3327,18.2138,18.0745,17.9484,17.8408,17.7485,17.641,17.5195,17.3915,17.2654,17.1419,17.0363,16.9467,16.8662,16.8016,16.7503,16.6903,16.6304,16.5837,16.5396,16.493,16.4284,16.348,16.2584,16.1529,16.0341,15.9286,15.8436,15.7791,15.728,15.6635,15.5832,15.4982,15.4133,15.333,15.2641,15.1925,15.0944,14.9982,14.9293,14.8783,14.8141,14.7385,14.6742,14.6279,14.5842,14.5425,14.4989,14.4572,14.4137,14.3721,14.3285,14.287,14.2435,14.202,14.1631,14.1422,14.1372,14.1322,14.1113,14.0726,14.0313,13.9926,13.9719,13.9671,13.9669,13.9667,13.9666,13.9665,13.9664,13.9618,13.9413,13.9075,13.8871,13.8826,13.8828,13.8831,13.8834,13.8883,13.9092,13.9435,13.9645,13.9742,14,14.0595,14.1396,14.2244,14.3091,14.3894,14.4537,14.5003,14.5442,14.5863,14.6303,14.677,14.737,14.7971,14.8439,14.8881,14.9349,14.9951,15.0553,15.1022,15.1466,15.1936,15.2584,15.3392,15.4247,15.5101,15.5909,15.6605,15.7418,15.8816,16.0552,16.2113,16.3603,16.5046,16.6403,16.7847,16.9199,17.01,17.0617,17.1016,17.1236,17.1297,17.1312,17.1327,17.1342,17.1357,17.1372,17.1387,17.1401,17.1416,17.143,17.1399,17.1162,17.0633,17.0104,16.9822,16.9584,16.9214,16.8772,16.8151,16.737,16.6543,16.5717,16.489,16.4063,16.3236,16.2454,16.1832,16.1343,16.0766,16.0189,15.9745,15.9327,15.8883,15.826,15.7523,15.69,15.6455,15.6037,15.5638,15.5265,15.5025,15.4739,15.4161,15.3423,15.2799,15.2308,15.1729,15.1151,15.066,15.0081,14.9502,14.9011,14.8386,14.7648,14.7023,14.6577,14.6157,14.5711,14.5086,14.4348,14.3723,14.3231,14.2652,14.2072,14.158,14.0955,14.0216,13.9591,13.9145,13.8724,13.8278,13.7653,13.6868,13.6033,13.5239,13.4605,13.4149,13.3765,13.356,13.3514,13.3514,13.3514,13.3514,13.3514,13.3514,13.3514,13.3514,13.356,13.3765,13.4149,13.4559,13.4988,13.5398,13.5828,13.6284,13.6918,13.7712,13.8552,13.9392,14.0231,14.1071,14.1865,14.2499,14.3001,14.3635,14.4429,14.5223,14.5858,14.6314,14.6743,14.7199,14.7833,14.8582,14.9216,14.9764,15.0649,15.1986,15.3323,15.4208,15.471,15.5185,15.5846,15.6773,15.7521,15.7817,15.7863,15.7863,15.7909,15.8114,15.8452,15.8657,15.8703,15.8703,15.8703,15.8703,15.8657,15.8452,15.8114,15.7863,15.7612,15.7229,15.6819,15.6435,15.623,15.6184,15.6138,15.5933,15.5595,15.539,15.5299,15.5094,15.4756,15.4505,15.4254,15.3916,15.3711,15.3619,15.3414,15.3076,15.2871,15.2825,15.278,15.2575,15.2237,15.2032,15.1986,15.1986,15.194,15.1735,15.1397,15.1192,15.1146,15.1146,15.1146,15.1146,15.1146,15.1146,15.1146,15.1146,15.1146,15.1146,15.1192,15.1397,15.1735,15.1986,15.2237,15.262,15.3076,15.3711,15.4505,15.5344,15.6184,15.7024,15.7863,15.8703,15.9542,16.0428,16.1518,16.2855,16.4033,16.4739,16.5215,16.5671,16.6351,16.735,16.8573,16.9914,17.1594,17.352,17.5199,17.654,17.7718,17.8557,17.9059,17.9488,17.9944,18.0579,18.1464,18.2714,18.423,18.5479,18.641,18.7341,18.8591,19.0198,19.1858,19.3465,19.4715,19.5692,19.6782,19.8165,19.9548,20.0638,20.1524,20.2363,20.3157,20.3792,20.4247,20.4631,20.4882,20.5133,20.5471,20.5676,20.5767,20.5972,20.6311,20.6516

Brightness max : 73.90
Brightness min :  0.00
Feature direction : Ambiguous
Feature speed : Slow
Feature type : Curve
Start frame : 1
End frame : 90
Start time (s) : 0.000
End time (s) : 271.59000003
Time step (s) : 3.017666667

