KYMOANALYSIS DATA

General Information :

Tiff path : E:\Google Drive\microtubule dynamics and cut7\19-15 screens and tests\cut11-7\19-06-12&20 (Cut7-3GFP and  mCh-mts, timeseries for modeling data)\
Spindle type : Monopolar
Start frame : 1
End frame : 376
Start time (s) : 0.000
End time (s) : 598.139999872
Time step (s) : 1.590797872
Num poles : 1
Num tracks : 8
Num tracks poleward : 4
Num tracks antipoleward : 4
Num tracks ambiguous : 0
Comments : {

}
Poles Information :


Pole number : 1

Time (s) : 1.590797872,3.18584953751,4.78090120302,6.37595127773,7.97100294324,9.56605460875,11.1611062743,12.7561579398,14.3512080145,15.9462533168,17.5413145271,19.1363598294,20.7314210397,22.326466342,23.9215116443,25.5165728546,27.111618157,28.7066634593,30.3017246696,31.8967699719,33.4918311822,35.0868764845,36.6819217868,38.2769829971,39.8720282994,41.4670736018,43.0621348121,44.6571801144,46.2522413247,47.847286627,49.4423319293,51.0373931396,52.6324384419,54.2274996522,55.8225449545,57.4175902569,59.0126514672,60.6076967695,62.2027420718,63.7978032821,65.3928485844,66.9879097947,68.582955097,70.1780003993,71.7730616096,73.368106912,74.9631522143,76.5582134246,78.1532587269,79.7483199372,81.3433652395,82.9384105418,84.5334717521,86.1285170544,87.7235782647,89.3186235671,90.9136688694,92.5087300797,94.103775382,95.6988206843,97.2938818946,98.8889271969,100.483988407,102.07903371,103.674079012,105.269140222,106.864185524,108.459230827,110.054292037,111.649337339,113.24439855,114.839443852,116.434489154,118.029550365,119.624595667,121.219640969,122.81470218,124.409747482,126.004808692,127.599853995,129.194899297,130.789960507,132.385005809,133.98006702,135.575112322,137.170157624,138.765218835,140.360264137,141.955309439,143.55037065,145.145415952,146.740477162,148.335522465,149.930567767,151.525628977,153.120674279,154.715719582,156.310780792,157.905826094,159.500871397,161.095964423,162.691057449,164.285991396,165.881084422,167.476177448,169.071111395,170.666204421,172.261297447,173.856390473,175.45132442,177.046417446,178.641510472,180.236603499,181.831537445,183.426630471,185.021723498,186.616816524,188.21175047,189.806843497,191.401936523,192.997029549,194.591963496,196.187056522,197.782149548,199.377242574,200.972176521,202.567269547,204.162362573,205.75729652,207.352389546,208.947482572,210.542575599,212.137509545,213.732602571,215.327695598,216.922788624,218.51772257,220.112815597,221.707908623,223.303001649,224.897935595,226.493028622,228.088121648,229.683214674,231.278148621,232.873241647,234.468334673,236.06326862,237.658361646,239.253454672,240.848547698,242.443481645,244.038574671,245.633667697,247.228760724,248.82369467,250.418787696,252.013880723,253.608973749,255.203907695,256.799000722,258.394093748,259.989186774,261.584120721,263.179213747,264.774306773,266.369399799,267.964333746,269.559426772,271.154519798,272.749453745,274.344546771,275.939639797,277.534732824,279.12966677,280.724759796,282.319852823,283.914945849,285.509879795,287.104972822,288.700065848,290.295158874,291.890092821,293.485185847,295.080278873,296.675371899,298.270305846,299.865398872,301.460491898,303.055425845,304.650518871,306.245611897,307.840704923,309.43563887,311.030731896,312.625824922,314.220917949,315.815851895,317.410944921,319.006037948,320.601130974,322.19606492,323.791157947,325.386250973,326.981343999,328.576277946,330.171370972,331.766463998,333.361397945,334.956490971,336.551583997,338.146677023,339.74161097,341.336703996,342.931797022,344.526890049,346.121823995,347.716917021,349.312010048,350.907103074,352.50203702,354.097130047,355.692223073,357.287316099,358.882250046,360.477343072,362.072436098,363.667529124,365.262463071,366.857556097,368.452649123,370.04758307,371.642676096,373.237769122,374.832862149,376.427796095,378.022889121,379.617982147,381.213075174,382.80800912,384.403102146,385.998195173,387.593288199,389.188222145,390.783315172,392.378408198,393.973501224,395.568435171,397.163528197,398.758621223,400.35355517,401.948648196,403.543741222,405.138834248,406.733768195,408.328861221,409.923954247,411.519047274,413.11398122,414.709074246,416.304167273,417.899260299,419.494194245,421.089287272,422.684380298,424.279473324,425.874407271,427.469500297,429.064593323,430.659686349,432.254620296,433.849713322,435.444806348,437.039740295,438.634833321,440.229926347,441.825019374,443.41995332,445.015046346,446.610139373,448.205232399,449.800166345,451.395259371,452.990352398,454.585445424,456.18037937,457.775472397,459.370565423,460.965658449,462.560592396,464.155685422,465.750778448,467.345712395,468.940805421,470.535898447,472.130991473,473.72592542,475.321018446,476.916111472,478.511204499,480.106138445,481.701231471,483.296324498,484.891417524,486.48635147,488.081444497,489.676537523,491.271630549,492.866564496,494.461657522,496.056750548,497.651843574,499.246777521,500.841870547,502.436963573,504.03189752,505.626990546,507.222083572,508.817176599,510.412110545,512.007203571,513.602296598,515.197389624,516.79232357,518.387416597,519.982509623,521.577602649,523.172536595,524.767629622,526.362722648,527.957815674,529.552749621,531.147842647,532.742935673,534.33786962,535.932962646,537.528055672,539.123148698,540.718082645,542.313175671,543.908268697,545.503361724,547.09829567,548.693388696,550.288481723,551.883574749,553.478508695,555.073601722,556.668694748,558.263787774,559.858721721,561.453814747,563.048907773,564.644000799,566.238934746,567.834027772,569.429120798,571.024054745,572.619147771,574.214240797,575.809333824,577.40426777,578.999360796,580.594453823,582.189546849,583.784480795,585.379573822,586.974666848,588.569759874,590.164693821,591.759786847,593.354879873,594.949972899,596.544906846,598.139999872

Position (um) : 1.6805,1.6803,1.68,1.6797,1.6795,1.6792,1.6789,1.6787,1.6784,1.6781,1.6779,1.6776,1.6773,1.677,1.6768,1.6765,1.6762,1.676,1.6757,1.6754,1.6752,1.6749,1.6746,1.6744,1.6741,1.6738,1.6736,1.6733,1.673,1.6728,1.6725,1.6722,1.672,1.6717,1.6714,1.6712,1.6709,1.6706,1.6704,1.6701,1.6698,1.6696,1.6693,1.669,1.6688,1.6685,1.6682,1.668,1.6677,1.6674,1.6672,1.6669,1.6666,1.6663,1.6661,1.6658,1.6655,1.6653,1.665,1.6647,1.6645,1.6642,1.6639,1.6637,1.6634,1.6631,1.6629,1.6626,1.6623,1.6621,1.6618,1.6615,1.6613,1.661,1.6607,1.6605,1.6602,1.6599,1.6597,1.6594,1.6591,1.6589,1.6586,1.6583,1.6581,1.6578,1.6575,1.6573,1.657,1.6567,1.6565,1.6562,1.6559,1.6557,1.6554,1.6551,1.6548,1.6546,1.6543,1.654,1.6538,1.6535,1.6532,1.653,1.6527,1.6524,1.6522,1.6519,1.6516,1.6514,1.6511,1.6508,1.6506,1.6503,1.65,1.6498,1.6495,1.6492,1.649,1.6487,1.6484,1.6482,1.6479,1.6476,1.6474,1.6471,1.6468,1.6466,1.6463,1.646,1.6458,1.6455,1.6452,1.645,1.6447,1.6444,1.6442,1.6439,1.6436,1.6433,1.6431,1.6428,1.6425,1.6423,1.642,1.6417,1.6415,1.6412,1.6409,1.6407,1.6404,1.6401,1.6399,1.6396,1.6393,1.6391,1.6388,1.6385,1.6383,1.638,1.6377,1.6375,1.6372,1.6369,1.6367,1.6364,1.6361,1.6359,1.6356,1.6353,1.6351,1.6348,1.6345,1.6343,1.634,1.6337,1.6335,1.6332,1.6329,1.6326,1.6324,1.6321,1.6318,1.6316,1.6313,1.631,1.6308,1.6305,1.6302,1.63,1.6297,1.6294,1.6292,1.6289,1.6286,1.6284,1.6281,1.6278,1.6276,1.6273,1.627,1.6268,1.6265,1.6262,1.626,1.6257,1.6254,1.6252,1.6249,1.6246,1.6244,1.6241,1.6238,1.6236,1.6233,1.623,1.6228,1.6225,1.6222,1.622,1.6217,1.6214,1.6211,1.6209,1.6206,1.6203,1.6201,1.6198,1.6195,1.6193,1.619,1.6187,1.6185,1.6182,1.6179,1.6177,1.6174,1.6171,1.6169,1.6166,1.6163,1.6161,1.6158,1.6155,1.6153,1.615,1.6147,1.6145,1.6142,1.6139,1.6137,1.6134,1.6131,1.6129,1.6126,1.6123,1.6121,1.6118,1.6115,1.6113,1.611,1.6107,1.6104,1.6102,1.6099,1.6096,1.6094,1.6091,1.6088,1.6086,1.6083,1.608,1.6078,1.6075,1.6072,1.607,1.6067,1.6064,1.6062,1.6059,1.6056,1.6054,1.6051,1.6048,1.6046,1.6043,1.604,1.6038,1.6035,1.6032,1.603,1.6027,1.6024,1.6022,1.6019,1.6016,1.6014,1.6011,1.6008,1.6006,1.6003,1.6,1.5998,1.5995,1.5992,1.5989,1.5987,1.5984,1.5981,1.5979,1.5976,1.5973,1.5971,1.5968,1.5965,1.5963,1.596,1.5957,1.5955,1.5952,1.5949,1.5947,1.5944,1.5941,1.5939,1.5936,1.5933,1.5931,1.5928,1.5925,1.5923,1.592,1.5917,1.5915,1.5912,1.5909,1.5907,1.5904,1.5901,1.5899,1.5896,1.5893,1.5891,1.5888,1.5885,1.5883,1.588,1.5877,1.5874,1.5872,1.5869,1.5866,1.5864,1.5861,1.5858,1.5856,1.5853,1.585,1.5848,1.5845,1.5842,1.584,1.5837,1.5834,1.5832,1.5829,1.5826,1.5824,1.5821,1.5818,1.5816,1.5813,1.581,1.5808,1.5805

Intensity : 2391.5,2447.1343,2492.7702,2528.156,2526.6414,2578.0598,2535.6158,2490.6775,2432.3302,2456.4128,2580.3476,2628.7233,2662.9179,2609.453,2603.0223,2607.8451,2607.2074,2592.7745,2532.5077,2490.8105,2481.5169,2483.058,2500.7215,2462.7229,2423.4145,2399.5526,2432.6773,2410.1317,2384.5225,2324.8328,2404.4944,2511.5119,2627.797,2639.9743,2590.2634,2551.8536,2567.1671,2633.3378,2615.5232,2617.4143,2561.1791,2541.9904,2587.533,2644.746,2670.0372,2570.3705,2431.4301,2405.3105,2380.8314,2429.5368,2409.2801,2446.9118,2479.2318,2513.5157,2503.2579,2518.6571,2555.0925,2605.2092,2601.7026,2586.258,2530.8818,2489.1988,2495.8924,2518.3207,2565.752,2553.4892,2559.5822,2570.5705,2571.2851,2618.1556,2637.2681,2681.9011,2729.4252,2739.0318,2740.6797,2774.9393,2860.8834,2931.9485,2882.4338,2836.691,2836.5938,2842.4436,2819.6083,2771.7049,2746.8302,2717.7029,2719.3638,2701.2749,2716.1488,2715.4245,2716.8376,2670.7011,2632.0218,2629.2674,2656.9607,2647.9826,2630.1054,2617.4084,2635.2568,2653.0537,2685.179,2691.2805,2708.1379,2679.2941,2698.8167,2704.1911,2681.8915,2622.8671,2606.229,2642.3438,2655.7299,2607.3201,2572.4142,2622.6971,2675.2791,2748.7054,2676.9907,2601.6625,2548.832,2596.0801,2666.645,2655.9977,2661.254,2658.215,2716.6815,2756.413,2802.8036,2771.7517,2711.4131,2628.1524,2610.145,2658.9687,2711.0774,2731.425,2731.6363,2720.1311,2657.2273,2595.4615,2575.519,2582.1717,2559.9427,2531.3751,2534.1878,2524.6587,2509.6731,2502.083,2540.5038,2578.8628,2618.8027,2638.3915,2660.6538,2650.1157,2624.763,2581.1628,2556.8997,2509.4855,2468.2886,2431.5852,2432.5351,2446.7265,2459.2739,2471.8743,2439.5442,2414.0573,2371.2508,2362.3079,2357.9776,2351.8585,2358.7126,2373.5494,2411.5418,2452.3986,2466.6142,2441.0242,2401.4837,2355.5162,2335.7171,2313.6225,2318.3407,2362.5301,2388.2115,2376.8602,2353.4214,2377.0807,2416.7786,2369.3296,2293.6976,2235.75,2204.1922,2171.3801,2137.3483,2130.5415,2133.1675,2128.706,2128.5721,2132.4314,2130.6933,2135.5818,2140.2958,2140.644,2142.9991,2155.5262,2169.3615,2144.9485,2105.125,2051.0236,2055.7176,2096.3883,2151.7272,2177.4294,2151.8856,2095.2661,2021.4336,1984.092,2033.9668,2102.3625,2133.9761,2108.387,2040.545,1965.2259,1918.8218,1924.3485,1924.162,1916.7944,1921.731,1943.0597,1950.408,1939.8185,1945.4971,1970.3348,1991.1769,1993.4465,1973.3506,1958.2246,1946.2703,1928.603,1885.9869,1882.1143,1910.5232,1956.0975,1952.7738,1923.8393,1902.5052,1906.5245,1927.6262,1959.4392,1966.4955,1969.9961,1939.3792,1920.0628,1905.5931,1900.4055,1903.8106,1920.4114,1942.5655,1942.5239,1909.5716,1849.7645,1798.8929,1805.9787,1853.5308,1887.7779,1875.2093,1841.953,1830.5017,1802.4277,1774.9341,1751.3283,1757.211,1799.7001,1799.5083,1789.8659,1748.2355,1746.8705,1726.4413,1733.0027,1751.0504,1773.4062,1754.6846,1778.6747,1789.9072,1820.9504,1807.692,1842.3082,1905.6851,1939.3668,1912.8112,1909.0842,1918.4389,1959.87,1958.2527,1945.1066,1922.8371,1906.8993,1890.6047,1875.0018,1839.2941,1874.092,1881.229,1902.4198,1866.2259,1858.2881,1864.4049,1879.3508,1870.2149,1828.9916,1780.0134,1749.6019,1725.7587,1717.5371,1750.5716,1785.4149,1816.7219,1784.1087,1757.9073,1716.6503,1706.0396,1725.7379,1716.7619,1699.1509,1684.9516,1737.3326,1770.1589,1711.3675,1644.9173,1610.9454,1598.438,1534.1979,1454.8784,1460.8373,1520.0603,1571.0477,1605.9273,1619.0168,1644.2647,1642.9632,1635.3825,1679.1588,1641.3332,1648.5795,1637.4669,1657.7667,1616.54,1555.2257,1536.6564,1563.8649,1596.7154,1603.021,1586.6884,1573.949,1565.0892,1572.9874,1559.5173,1587.1497,1598.5749,1601.7212,1563.5251,1545.5159,1573.488,1648.9983,1663.1643,1660.6113,1605.1113,1593.6123,1559.0912,1515.282,1509.5603,1481.6703,1509.023,1469.0226,1478.8526,1444.8756,1458.269,1471.4149,1504.5625

Time pixel : 1,2.002674,3.005348,4.008021,5.010695,6.013369,7.016043,8.018717,9.02139,10.02406,11.02674,12.02941,13.03209,14.03476,15.03743,16.04011,17.04278,18.04545,19.04813,20.0508,21.05348,22.05615,23.05882,24.0615,25.06417,26.06684,27.06952,28.07219,29.07487,30.07754,31.08021,32.08289,33.08556,34.08824,35.09091,36.09358,37.09626,38.09893,39.1016,40.10428,41.10695,42.10963,43.1123,44.11497,45.11765,46.12032,47.12299,48.12567,49.12834,50.13102,51.13369,52.13636,53.13904,54.14171,55.14439,56.14706,57.14973,58.15241,59.15508,60.15775,61.16043,62.1631,63.16578,64.16845,65.17112,66.1738,67.17647,68.17914,69.18182,70.18449,71.18717,72.18984,73.19251,74.19519,75.19786,76.20053,77.20321,78.20588,79.20856,80.21123,81.2139,82.21658,83.21925,84.22193,85.2246,86.22727,87.22995,88.23262,89.23529,90.23797,91.24064,92.24332,93.24599,94.24866,95.25134,96.25401,97.25668,98.25936,99.26203,100.2647,101.2674,102.2701,103.2727,104.2754,105.2781,106.2807,107.2834,108.2861,109.2888,110.2914,111.2941,112.2968,113.2995,114.3021,115.3048,116.3075,117.3102,118.3128,119.3155,120.3182,121.3209,122.3235,123.3262,124.3289,125.3316,126.3342,127.3369,128.3396,129.3422,130.3449,131.3476,132.3503,133.3529,134.3556,135.3583,136.361,137.3636,138.3663,139.369,140.3717,141.3743,142.377,143.3797,144.3824,145.385,146.3877,147.3904,148.393,149.3957,150.3984,151.4011,152.4037,153.4064,154.4091,155.4118,156.4144,157.4171,158.4198,159.4225,160.4251,161.4278,162.4305,163.4332,164.4358,165.4385,166.4412,167.4439,168.4465,169.4492,170.4519,171.4545,172.4572,173.4599,174.4626,175.4652,176.4679,177.4706,178.4733,179.4759,180.4786,181.4813,182.484,183.4866,184.4893,185.492,186.4947,187.4973,188.5,189.5027,190.5053,191.508,192.5107,193.5134,194.516,195.5187,196.5214,197.5241,198.5267,199.5294,200.5321,201.5348,202.5374,203.5401,204.5428,205.5455,206.5481,207.5508,208.5535,209.5561,210.5588,211.5615,212.5642,213.5668,214.5695,215.5722,216.5749,217.5775,218.5802,219.5829,220.5856,221.5882,222.5909,223.5936,224.5963,225.5989,226.6016,227.6043,228.607,229.6096,230.6123,231.615,232.6176,233.6203,234.623,235.6257,236.6283,237.631,238.6337,239.6364,240.639,241.6417,242.6444,243.6471,244.6497,245.6524,246.6551,247.6578,248.6604,249.6631,250.6658,251.6684,252.6711,253.6738,254.6765,255.6791,256.6818,257.6845,258.6872,259.6898,260.6925,261.6952,262.6979,263.7005,264.7032,265.7059,266.7086,267.7112,268.7139,269.7166,270.7193,271.7219,272.7246,273.7273,274.7299,275.7326,276.7353,277.738,278.7406,279.7433,280.746,281.7487,282.7513,283.754,284.7567,285.7594,286.762,287.7647,288.7674,289.7701,290.7727,291.7754,292.7781,293.7807,294.7834,295.7861,296.7888,297.7914,298.7941,299.7968,300.7995,301.8021,302.8048,303.8075,304.8102,305.8128,306.8155,307.8182,308.8209,309.8235,310.8262,311.8289,312.8316,313.8342,314.8369,315.8396,316.8422,317.8449,318.8476,319.8503,320.8529,321.8556,322.8583,323.861,324.8636,325.8663,326.869,327.8717,328.8743,329.877,330.8797,331.8824,332.885,333.8877,334.8904,335.893,336.8957,337.8984,338.9011,339.9037,340.9064,341.9091,342.9118,343.9144,344.9171,345.9198,346.9225,347.9251,348.9278,349.9305,350.9332,351.9358,352.9385,353.9412,354.9439,355.9465,356.9492,357.9519,358.9545,359.9572,360.9599,361.9626,362.9652,363.9679,364.9706,365.9733,366.9759,367.9786,368.9813,369.984,370.9866,371.9893,372.992,373.9947,374.9973,376

Position pixel : 15.75,15.7475,15.745,15.7425,15.74,15.7375,15.735,15.7325,15.7299,15.7274,15.7249,15.7224,15.7199,15.7174,15.7149,15.7124,15.7099,15.7074,15.7049,15.7024,15.6999,15.6974,15.6949,15.6923,15.6898,15.6873,15.6848,15.6823,15.6798,15.6773,15.6748,15.6723,15.6698,15.6673,15.6648,15.6623,15.6598,15.6573,15.6547,15.6522,15.6497,15.6472,15.6447,15.6422,15.6397,15.6372,15.6347,15.6322,15.6297,15.6272,15.6247,15.6222,15.6197,15.6171,15.6146,15.6121,15.6096,15.6071,15.6046,15.6021,15.5996,15.5971,15.5946,15.5921,15.5896,15.5871,15.5846,15.5821,15.5795,15.577,15.5745,15.572,15.5695,15.567,15.5645,15.562,15.5595,15.557,15.5545,15.552,15.5495,15.547,15.5445,15.5419,15.5394,15.5369,15.5344,15.5319,15.5294,15.5269,15.5244,15.5219,15.5194,15.5169,15.5144,15.5119,15.5094,15.5069,15.5043,15.5018,15.4993,15.4968,15.4943,15.4918,15.4893,15.4868,15.4843,15.4818,15.4793,15.4768,15.4743,15.4718,15.4693,15.4667,15.4642,15.4617,15.4592,15.4567,15.4542,15.4517,15.4492,15.4467,15.4442,15.4417,15.4392,15.4367,15.4342,15.4317,15.4291,15.4266,15.4241,15.4216,15.4191,15.4166,15.4141,15.4116,15.4091,15.4066,15.4041,15.4016,15.3991,15.3966,15.3941,15.3915,15.389,15.3865,15.384,15.3815,15.379,15.3765,15.374,15.3715,15.369,15.3665,15.364,15.3615,15.359,15.3565,15.3539,15.3514,15.3489,15.3464,15.3439,15.3414,15.3389,15.3364,15.3339,15.3314,15.3289,15.3264,15.3239,15.3214,15.3189,15.3163,15.3138,15.3113,15.3088,15.3063,15.3038,15.3013,15.2988,15.2963,15.2938,15.2913,15.2888,15.2863,15.2838,15.2813,15.2787,15.2762,15.2737,15.2712,15.2687,15.2662,15.2637,15.2612,15.2587,15.2562,15.2537,15.2512,15.2487,15.2462,15.2436,15.2411,15.2386,15.2361,15.2336,15.2311,15.2286,15.2261,15.2236,15.2211,15.2186,15.2161,15.2136,15.2111,15.2086,15.206,15.2035,15.201,15.1985,15.196,15.1935,15.191,15.1885,15.186,15.1835,15.181,15.1785,15.176,15.1735,15.171,15.1684,15.1659,15.1634,15.1609,15.1584,15.1559,15.1534,15.1509,15.1484,15.1459,15.1434,15.1409,15.1384,15.1359,15.1334,15.1308,15.1283,15.1258,15.1233,15.1208,15.1183,15.1158,15.1133,15.1108,15.1083,15.1058,15.1033,15.1008,15.0983,15.0958,15.0932,15.0907,15.0882,15.0857,15.0832,15.0807,15.0782,15.0757,15.0732,15.0707,15.0682,15.0657,15.0632,15.0607,15.0582,15.0556,15.0531,15.0506,15.0481,15.0456,15.0431,15.0406,15.0381,15.0356,15.0331,15.0306,15.0281,15.0256,15.0231,15.0206,15.018,15.0155,15.013,15.0105,15.008,15.0055,15.003,15.0005,14.998,14.9955,14.993,14.9905,14.988,14.9855,14.983,14.9804,14.9779,14.9754,14.9729,14.9704,14.9679,14.9654,14.9629,14.9604,14.9579,14.9554,14.9529,14.9504,14.9479,14.9454,14.9428,14.9403,14.9378,14.9353,14.9328,14.9303,14.9278,14.9253,14.9228,14.9203,14.9178,14.9153,14.9128,14.9103,14.9078,14.9052,14.9027,14.9002,14.8977,14.8952,14.8927,14.8902,14.8877,14.8852,14.8827,14.8802,14.8777,14.8752,14.8727,14.8702,14.8676,14.8651,14.8626,14.8601,14.8576,14.8551,14.8526,14.8501,14.8476,14.8451,14.8426,14.8401,14.8376,14.8351,14.8326,14.83,14.8275,14.825,14.8225,14.82,14.8175,14.815,14.8125

Pole type : Line
Start frame : 1
End frame : 376
Start time (s) : 0.000
End time (s) : 598.139999872
Time step (s) : 1.590797872

Feature Information :


Feature number : 1

Time (s) : 12.5978465079,14.2468675821,15.8958886562,17.5449097303,19.1939308044,20.8429518785,22.4919729526,24.1409940267,25.7900151009,27.439036175,29.0880572491

Position (um) : 2.3937,2.4306,2.4674,2.5043,2.5412,2.578,2.6149,2.6518,2.6887,2.7255,2.7624

Intensity : 459.1656,420.5453,401.8039,387.628,363.0776,349.3855,348.2493,344.0296,346.6906,339.0146,328.7292

Time pixel : 7.9192,8.9558,9.9924,11.029,12.0656,13.1022,14.1388,15.1754,16.212,17.2486,18.2852

Position pixel : 22.4339,22.7794,23.125,23.4705,23.8161,24.1616,24.5071,24.8527,25.1982,25.5438,25.8893

Brightness max : 784.74
Brightness min : 224.00
Feature direction : Antipoleward
Feature speed : Slow
Feature type : Line
Start frame : 1
End frame : 376
Start time (s) : 0.000
End time (s) : 598.139999872
Time step (s) : 1.590797872

Feature number : 2

Time (s) : 31.6996701156,33.2473573652,34.7950446149,36.3425727848,37.8902600344

Position (um) : 2.8167,2.7224,2.628,2.5336,2.4392

Intensity : 316.2957,331.9628,358.1586,389.6072,433.8752

Time pixel : 19.9269,20.8998,21.8727,22.8455,23.8184

Position pixel : 26.3986,25.5142,24.6297,23.7452,22.8608

Brightness max : 784.74
Brightness min : 224.00
Feature direction : Poleward
Feature speed : Slow
Feature type : Line
Start frame : 1
End frame : 376
Start time (s) : 0.000
End time (s) : 598.139999872
Time step (s) : 1.590797872

Feature number : 3

Time (s) : 42.3925361718,44.0808499533,45.7691637349,47.4574775164,49.1459503778,50.8342641593,52.5225779409,54.2108917224

Position (um) : 2.477,2.5201,2.5633,2.6064,2.6496,2.6927,2.7358,2.779

Intensity : 402.232,418.718,419.6517,400.7165,392.4688,385.4466,371.9733,335.8743

Time pixel : 26.6486,27.7099,28.7712,29.8325,30.8939,31.9552,33.0165,34.0778

Position pixel : 23.2146,23.6189,24.0232,24.4275,24.8319,25.2362,25.6405,26.0448

Brightness max : 784.74
Brightness min : 224.00
Feature direction : Antipoleward
Feature speed : Slow
Feature type : Line
Start frame : 1
End frame : 376
Start time (s) : 0.000
End time (s) : 598.139999872
Time step (s) : 1.590797872

Feature number : 4

Time (s) : 54.6626783181,55.9922671795,57.3218560409,58.6512858226,59.980874684,61.3104635454

Position (um) : 2.7743,2.6896,2.6048,2.5201,2.4354,2.3507

Intensity : 336.1607,368.8406,387.6738,398.7543,423.2267,458.3632

Time pixel : 34.3618,35.1976,36.0334,36.8691,37.7049,38.5407

Position pixel : 26.0008,25.2068,24.4128,23.6188,22.8248,22.0308

Brightness max : 784.74
Brightness min : 224.00
Feature direction : Poleward
Feature speed : Slow
Feature type : Line
Start frame : 1
End frame : 376
Start time (s) : 0.000
End time (s) : 598.139999872
Time step (s) : 1.590797872

Feature number : 5

Time (s) : 62.5490587685,63.5043328907,64.4596070128,65.4148811349,66.3699961773,67.3252702994,68.2805444216

Position (um) : 2.8682,2.7681,2.668,2.5679,2.4678,2.3676,2.2675

Intensity : 300.5145,309.0102,328.1131,353.224,374.3384,412.3432,467.8321

Time pixel : 39.3193,39.9198,40.5203,41.1208,41.7212,42.3217,42.9222

Position pixel : 26.881,25.9428,25.0045,24.0663,23.128,22.1898,21.2515

Brightness max : 784.74
Brightness min : 224.00
Feature direction : Poleward
Feature speed : Slow
Feature type : Line
Start frame : 1
End frame : 376
Start time (s) : 0.000
End time (s) : 598.139999872
Time step (s) : 1.590797872

Feature number : 6

Time (s) : 73.9083100533,75.5162885424,77.1242670314,78.7322455204,80.3400649296,81.9480434186,83.5560219077,85.1640003967

Position (um) : 2.326,2.3853,2.4446,2.504,2.5633,2.6226,2.6819,2.7412

Intensity : 507.7874,489.0813,459.2565,431.5822,409.8825,399.399,381.6956,355.0134

Time pixel : 46.4599,47.4707,48.4815,49.4923,50.503,51.5138,52.5246,53.5354

Position pixel : 21.7995,22.3554,22.9114,23.4673,24.0232,24.5791,25.1351,25.691

Brightness max : 784.74
Brightness min : 224.00
Feature direction : Antipoleward
Feature speed : Slow
Feature type : Line
Start frame : 1
End frame : 376
Start time (s) : 0.000
End time (s) : 598.139999872
Time step (s) : 1.590797872

Feature number : 7

Time (s) : 85.7619813168,86.9506254867,88.1394287365,89.3280729064

Position (um) : 2.7786,2.6704,2.5622,2.454

Intensity : 339.028,364.9219,402.1023,460.9245

Time pixel : 53.9113,54.6585,55.4058,56.153

Position pixel : 26.0413,25.0272,24.013,22.9989

Brightness max : 784.74
Brightness min : 224.00
Feature direction : Poleward
Feature speed : Slow
Feature type : Line
Start frame : 1
End frame : 376
Start time (s) : 0.000
End time (s) : 598.139999872
Time step (s) : 1.590797872

Feature number : 8

Time (s) : 90.6947273583,92.1211958101,93.5476642619,94.9741327137,96.4006011655,97.8270696174,99.2535380692,100.680006521,102.106474973

Position (um) : 2.2088,2.2817,2.3546,2.4275,2.5004,2.5733,2.6462,2.7191,2.792

Intensity : 641.8627,557.1145,504.8222,470.3327,441.4995,419.4018,391.7853,359.1061,336.84

Time pixel : 57.0121,57.9088,58.8055,59.7022,60.5989,61.4956,62.3923,63.289,64.1857

Position pixel : 20.7011,21.3843,22.0675,22.7507,23.4339,24.1171,24.8003,25.4835,26.1667

Brightness max : 784.74
Brightness min : 224.00
Feature direction : Antipoleward
Feature speed : Slow
Feature type : Line
Start frame : 1
End frame : 376
Start time (s) : 0.000
End time (s) : 598.139999872
Time step (s) : 1.590797872

