KYMOANALYSIS DATA

General Information :

Tiff path : E:\Google Drive\microtubule dynamics and cut7\21-15 screens and tests\cut7-989 TailD\pkl1D, klp2D (from crossing)\
Spindle type : Bipolar
Start frame : 1
End frame : 327
Start time (s) : 0.000
End time (s) : 2795.000
Time step (s) : 8.574
Num poles : 2
Num tracks : 6
Num tracks poleward : 2
Num tracks antipoleward : 0
Num tracks ambiguous : 1
Comments : {

}
Poles Information :


Pole number : 1

Time (s) : 10.32049,11.97378,13.77644,15.32475,17.28701,19.88159,23.10825,26.88699,30.75474,34.55167,37.81465,40.74116,44.0198,47.70915,51.00146,53.81644,56.4981,59.18471,61.87571,64.70939,68.02973,71.75646,75.08182,77.92557,80.63177,83.33878,85.90735,88.13138,90.43476,93.6835,97.49431,101.3629,104.6875,107.5269,110.2256,112.9222,115.6166,118.3086,120.9983,123.8244,127.2702,131.7394,136.6896,141.2928,145.3512,149.1888,152.6205,156.189,160.6424,165.5773,170.1658,174.3489,178.9341,184.1398,189.8276,195.4342,200.0936,204.0498,207.3238,210.2521,213.663,218.3765,225.2334,235.8021,250.9106,269.7308,290.5559,311.7841,331.0861,346.3304,356.6879,362.8223,366.5476,369.9953,374.4689,380.1868,386.9305,393.8131,400.292,406.83,413.9311,421.9783,429.8276,436.3656,441.8187,447.4569,453.036,458.2705,463.3662,468.6008,474.3187,480.4402,486.297,492.2925,499.0362,505.9188,512.3977,518.5193,523.615,527.8237,532.2972,537.3929,543.3885,551.0321,560.3237,570.2374,579.8067,588.9723,598.4027,607.6943,616.0989,623.7424,630.625,636.6206,642.6161,649.4987,657.1423,665.5469,674.6996,683.0913,689.0869,693.4345,697.908,702.726,707.1996,711.1306,714.8431,718.0132,720.6999,723.2477,725.7956,728.3434,731.0301,734.2002,737.9127,741.7049,745.4174,748.5875,751.413,754.583,758.2955,762.2266,766.7001,771.657,776.8916,782.6095,788.731,794.4489,799.6835,804.6404,809.1139,813.1838,817.5185,821.7143,825.0232,827.7099,830.2578,832.8056,835.3535,838.0402,841.6267,847.3446,854.8365,861.4414,865.5113,867.7146,869.2366,871.0235,872.8103,874.3324,876.258,878.5282,880.4539,881.9759,884.0404,887.0716,890.5065,893.0544,894.5764,895.741,896.5021,897.2631,898.2889,899.0499,899.8109,900.9756,902.3588,904.2845,906.5547,908.4803,910.0024,911.7892,913.576,915.0981,917.0238,919.4328,921.9806,924.5285,927.0764,929.6242,932.0332,933.9589,935.6198,938.1676,941.7413,945.8112,950.9069,956.612,960.8078

Position (um) : 3.9375,3.9358,3.928,3.9151,3.9055,3.8959,3.8829,3.8733,3.8635,3.8488,3.833,3.8164,3.8006,3.7857,3.7759,3.7643,3.7433,3.7206,3.7029,3.6862,3.6703,3.6536,3.6376,3.6226,3.6143,3.6121,3.6098,3.5998,3.5788,3.5578,3.5461,3.5361,3.5228,3.5129,3.5029,3.4897,3.4797,3.4698,3.4566,3.4484,3.4445,3.4363,3.4231,3.4132,3.4033,3.3901,3.3803,3.3687,3.3478,3.3252,3.3076,3.291,3.2752,3.2586,3.2427,3.2262,3.2103,3.1955,3.1874,3.1836,3.1756,3.1607,3.1432,3.1172,3.0774,3.0232,2.9611,2.8991,2.8449,2.8034,2.7716,2.7476,2.7304,2.7142,2.6987,2.6825,2.6653,2.6413,2.6113,2.5796,2.5479,2.5162,2.4845,2.4545,2.4305,2.4133,2.3971,2.3816,2.3671,2.3577,2.3482,2.3354,2.326,2.3148,2.2942,2.2737,2.2643,2.2625,2.2608,2.2531,2.2386,2.2231,2.2051,2.1802,2.1434,2.1057,2.0723,2.0388,2.0011,1.9644,1.9394,1.9232,1.9155,1.912,1.9043,1.8915,1.8838,1.882,1.882,1.8803,1.8726,1.8598,1.8521,1.8503,1.8503,1.8503,1.8503,1.8503,1.8503,1.8503,1.8503,1.8503,1.8486,1.8409,1.8281,1.8203,1.8186,1.8186,1.8186,1.8186,1.8186,1.8186,1.8186,1.8186,1.8186,1.8186,1.8186,1.8186,1.8186,1.8186,1.8169,1.8091,1.7964,1.7886,1.7869,1.7869,1.7869,1.7869,1.7869,1.7869,1.7869,1.7886,1.7964,1.8091,1.8186,1.8281,1.8409,1.8503,1.8615,1.882,1.9043,1.9232,1.9455,1.9677,1.9884,2.0201,2.0628,2.1005,2.1262,2.1452,2.1691,2.1991,2.2308,2.2608,2.2848,2.302,2.3182,2.3337,2.3499,2.3654,2.3799,2.3894,2.3988,2.4116,2.4194,2.4211,2.4228,2.4305,2.4433,2.4511,2.4545,2.4623,2.4768,2.4922,2.5067,2.5179,2.5351,2.5607,2.5762

Intensity : 1042.5548,1029.22,1020.8507,1020.6586,1014.2249,1002.3209,990.74161,980.3597,988.94984,1006.2471,1015.9777,1030.4096,1043.2818,1048.2856,1046.8949,1055.2483,1079.9886,1099.3122,1110.8052,1120.522,1127.0014,1127.5411,1128.9821,1124.7764,1108.3735,1092.8349,1078.2025,1064.0984,1055.6935,1045.1197,1044.2294,1047.6238,1055.9408,1056.9305,1059.8158,1070.6373,1084.9625,1101.3239,1115.5143,1115.0454,1110.343,1103.3704,1098.8494,1081.6461,1062.89,1061.9581,1063.6805,1059.6899,1054.5347,1065.3726,1084.2767,1090.8369,1099.9171,1109.064,1118.3713,1130.8014,1139.7001,1140.8667,1134.6701,1129.3459,1125.3079,1114.846,1094.973,1074.6897,1084.1075,1061.2145,1038.7542,1054.0412,1037.4094,994.84505,992.39605,994.76945,999.23147,1009.7249,1028.3656,1039.6614,1042.3534,1061.726,1061.0395,1069.0737,1070.9221,1060.971,1090.7666,1075.7876,1069.2665,1064.2185,1070.2796,1093.0687,1123.0961,1127.15,1112.3156,1077.4104,1072.0806,1061.2251,1069.2961,1110.3856,1113.51,1120.6879,1134.4142,1159.6414,1199.5155,1241.0854,1278.1941,1308.3988,1341.4992,1348.6651,1379.8681,1460.8736,1560.8779,1598.8756,1643.3179,1637.1435,1624.3044,1612.8589,1595.1154,1589.465,1562.6361,1544.1062,1520.9278,1527.0085,1530.7637,1530.3575,1531.5454,1527.2191,1474.6864,1425.4806,1420.7542,1422.0087,1419.321,1401.8021,1384.2832,1366.7643,1370.4703,1388.2719,1409.8628,1394.6107,1369.9494,1373.4955,1381.0025,1390.2176,1428.2391,1468.4989,1503.1646,1538.6005,1546.1159,1522.8788,1451.7948,1410.4375,1376.9262,1350.101,1347.346,1355.1034,1347.5704,1332.5228,1336.7348,1349.7117,1362.018,1372.6273,1381.2207,1390.2823,1404.7738,1434.6743,1454.8505,1464.3337,1467.7066,1460.4442,1461.1081,1459.7322,1463.1032,1483.1824,1465.0553,1430.5258,1403.6967,1393.0645,1380.1674,1383.5381,1393.201,1416.1667,1433.5403,1438.8096,1446.551,1458.4737,1469.256,1467.7244,1460.5123,1448.2491,1431.1826,1406.318,1373.6149,1334.1088,1304.1097,1277.6792,1251.5447,1225.2832,1199.9784,1195.7195,1195.324,1191.8949,1187.9359,1188.5138,1191.325,1189.6969,1180.317,1169.4399,1162.3642,1144.6369,1114.1976,1131.7459,1144.4699

Time pixel : 1.20375,1.396585,1.60684,1.78743,2.016302,2.318926,2.695274,3.136014,3.587136,4.029998,4.410582,4.751921,5.13433,5.564645,5.948649,6.276981,6.589761,6.903118,7.216988,7.547499,7.934773,8.369448,8.757307,9.088994,9.404636,9.720373,10.01996,10.27937,10.54803,10.92695,11.37143,11.82265,12.21042,12.5416,12.85637,13.17089,13.48515,13.79915,14.11286,14.44249,14.8444,15.36567,15.94304,16.47994,16.95331,17.40091,17.80118,18.21739,18.73683,19.31241,19.8476,20.33551,20.8703,21.47749,22.14089,22.79483,23.33828,23.79973,24.18159,24.52315,24.92098,25.47075,26.27052,27.50322,29.26542,31.46056,33.88953,36.36552,38.61683,40.39489,41.60295,42.31845,42.75296,43.15509,43.67687,44.34379,45.13036,45.93311,46.6888,47.45137,48.27962,49.21822,50.13374,50.89631,51.53235,52.18996,52.84069,53.45123,54.04558,54.65612,55.32304,56.03703,56.72015,57.41945,58.20602,59.00878,59.76446,60.47845,61.0728,61.56369,62.08547,62.67982,63.37912,64.27065,65.35439,66.5107,67.62683,68.69587,69.79581,70.87955,71.85983,72.75136,73.55411,74.25342,74.95272,75.75548,76.647,77.62729,78.69484,79.67362,80.37293,80.88001,81.40179,81.96375,82.48553,82.94404,83.37705,83.7468,84.06016,84.35734,84.65451,84.95169,85.26505,85.6348,86.06781,86.51013,86.94314,87.31289,87.64245,88.01219,88.44521,88.90371,89.42549,90.00365,90.61419,91.28111,91.9951,92.66202,93.27256,93.85072,94.3725,94.8472,95.35278,95.84217,96.22811,96.54148,96.83865,97.13582,97.433,97.74637,98.16469,98.83161,99.70544,100.4758,100.9505,101.2075,101.385,101.5934,101.8018,101.9794,102.204,102.4688,102.6934,102.8709,103.1117,103.4652,103.8659,104.163,104.3406,104.4764,104.5652,104.6539,104.7736,104.8624,104.9511,105.087,105.2483,105.4729,105.7377,105.9623,106.1398,106.3482,106.5566,106.7342,106.9588,107.2397,107.5369,107.8341,108.1313,108.4284,108.7094,108.934,109.1277,109.4249,109.8417,110.3164,110.9108,111.5762,112.0656

Position pixel : 36.9025,36.8861,36.8131,36.6927,36.6028,36.5126,36.3912,36.3005,36.2094,36.071,35.923,35.768,35.6195,35.4802,35.3877,35.2788,35.0826,34.87,34.7043,34.5478,34.3981,34.2414,34.0916,33.951,33.8736,33.8526,33.8315,33.7379,33.5409,33.3439,33.2341,33.1406,33.0163,32.9229,32.8296,32.7054,32.6122,32.5191,32.3951,32.3183,32.2818,32.2051,32.0815,31.9888,31.8961,31.7727,31.6802,31.5716,31.3758,31.1638,30.999,30.8435,30.695,30.5396,30.3912,30.2359,30.0875,29.9485,29.8728,29.8373,29.7616,29.6227,29.4583,29.2145,28.8418,28.3332,27.7521,27.171,26.6625,26.2736,25.9756,25.751,25.5897,25.4377,25.2925,25.1405,24.9791,24.7545,24.4736,24.1764,23.8792,23.582,23.2849,23.0039,22.7793,22.6179,22.4659,22.3208,22.1849,22.0962,22.0074,21.8878,21.799,21.694,21.5018,21.3096,21.2208,21.2046,21.1885,21.1159,20.98,20.8349,20.6667,20.4328,20.0885,19.735,19.4216,19.1082,18.7547,18.4104,18.1765,18.0245,17.9519,17.9195,17.847,17.7273,17.6548,17.6386,17.6386,17.6224,17.5498,17.4301,17.3576,17.3414,17.3414,17.3414,17.3414,17.3414,17.3414,17.3414,17.3414,17.3414,17.3252,17.2526,17.133,17.0604,17.0442,17.0442,17.0442,17.0442,17.0442,17.0442,17.0442,17.0442,17.0442,17.0442,17.0442,17.0442,17.0442,17.0442,17.028,16.9554,16.8358,16.7632,16.747,16.747,16.747,16.747,16.747,16.747,16.747,16.7632,16.8358,16.9554,17.0442,17.133,17.2526,17.3414,17.4463,17.6386,17.847,18.0245,18.2329,18.4413,18.635,18.9322,19.3328,19.6864,19.9272,20.1047,20.3293,20.6103,20.9075,21.1885,21.4131,21.5744,21.7264,21.8716,22.0236,22.1687,22.3046,22.3933,22.4821,22.6018,22.6743,22.6905,22.7067,22.7793,22.8989,22.9715,23.0039,23.0765,23.2123,23.3574,23.4933,23.5982,23.7596,23.9989,24.144

Pole type : Curve
Start frame : 1
End frame : 327
Start time (s) : 0.000
End time (s) : 2795.000
Time step (s) : 8.574

Pole number : 2

Time (s) : 8.57362,10.78211,15.48965,23.42371,33.23447,43.33287,52.68004,60.24994,65.55895,69.09014,71.86898,74.51732,77.03477,79.21522,81.48251,84.70254,88.49186,92.346,95.80175,99.40111,103.7529,108.2473,112.4803,117.1197,122.2449,127.372,132.0173,136.3989,141.6682,147.8248,153.7166,159.2636,165.2932,172.209,179.1236,185.011,189.6524,193.2662,196.7393,200.7527,205.4659,211.123,216.8575,222.5227,229.0135,236.3091,242.7951,248.312,253.549,258.7836,264.016,269.2462,274.3356,278.8007,282.238,285.1902,288.4851,292.182,295.6125,299.0415,302.7339,306.1601,309.5852,313.2738,316.6966,320.1184,323.6652,326.3241,328.0952,330.1304,332.6481,335.3041,337.9594,340.6141,343.2682,345.9218,348.5749,351.3662,354.5694,358.2819,362.3518,367.7251,375.2299,384.7991,396.2349,409.1002,421.5618,432.5143,442.0835,450.4881,458.4093,466.6751,475.3445,483.6103,491.2538,498.2752,504.7542,511.0145,516.5936,521.2059,525.2758,529.6105,534.0841,538.7762,544.2755,549.9934,555.8501,561.9717,567.6896,573.063,578.7809,585.0412,591.3813,597.5028,602.5986,606.6685,610.5198,614.4509,619.0632,624.6423,630.7638,636.3429,640.8164,644.2641,647.7118,652.1854,657.9033,664.7858,672.1517,679.0343,684.7522,689.2257,692.6734,695.9823,699.556,702.726,705.5516,708.8604,713.1951,718.152,723.2477,728.3434,733.3003,737.635,740.9439,743.6306,746.1785,748.8651,752.0352,755.6089,758.7789,761.4656,764.1523,767.3223,770.896,774.0661,776.7527,779.4394,782.7483,787.2218,792.9397,799.6835,806.4272,812.1451,816.7574,820.6885,824.401,827.5711,830.3966,833.5666,837.2791,841.2102,845.6837,850.6406,855.5975,859.9322,863.2411,865.9278,868.4756,871.0235,873.7102,877.019,881.2149,885.4108,888.8585,892.0285,894.98,897.2631,899.9498,903.3846,906.6935,910.0024,913.576,916.8849,920.1938,923.7675,926.9375,929.6242,932.1721,934.7199,937.2678,939.8156,942.3635,944.9114,947.3204,949.2461,950.6293,951.9327,953.1771,954.4806,955.8638,957.7895,960.0597,961.9853,963.5074,965.4331,967.8421,970.2511,972.0379

Position (um) : 10.5465,10.5465,10.5483,10.558,10.5804,10.6124,10.6504,10.6875,10.7129,10.7313,10.7473,10.7624,10.7724,10.7826,10.796,10.8062,10.8165,10.83,10.8386,10.8412,10.8421,10.8447,10.8534,10.8671,10.8775,10.8879,10.9017,10.9104,10.9131,10.9158,10.9245,10.9383,10.947,10.9514,10.9601,10.9738,10.9842,10.9947,11.0083,11.0187,11.0291,11.0428,11.0514,11.0557,11.0643,11.0796,11.0959,11.1112,11.1198,11.1223,11.1231,11.1238,11.1246,11.1253,11.126,11.1267,11.1274,11.1281,11.1288,11.1312,11.1396,11.1531,11.1632,11.1733,11.1867,11.1951,11.1992,11.2076,11.2209,11.2293,11.2317,11.2323,11.2329,11.2335,11.2341,11.2347,11.2353,11.2358,11.236,11.236,11.236,11.2378,11.2455,11.26,11.2755,11.2917,11.3072,11.3234,11.3406,11.3629,11.3851,11.4023,11.4185,11.4358,11.458,11.4802,11.4974,11.5119,11.5197,11.5214,11.5214,11.5214,11.5231,11.5309,11.5436,11.5514,11.5531,11.5548,11.5626,11.5754,11.5831,11.5848,11.5848,11.5848,11.5848,11.5866,11.5943,11.6071,11.6148,11.6165,11.6165,11.6165,11.6165,11.6165,11.6165,11.6165,11.6165,11.6165,11.6165,11.6183,11.626,11.6388,11.6465,11.6482,11.6482,11.6482,11.6482,11.6482,11.6482,11.65,11.6577,11.6705,11.6782,11.68,11.68,11.68,11.68,11.68,11.68,11.68,11.68,11.68,11.68,11.68,11.68,11.68,11.68,11.68,11.68,11.68,11.68,11.68,11.68,11.68,11.68,11.68,11.68,11.68,11.68,11.68,11.68,11.68,11.68,11.68,11.68,11.68,11.6782,11.6705,11.6577,11.6482,11.637,11.6165,11.5943,11.5771,11.5626,11.5531,11.5436,11.5309,11.5214,11.5119,11.4992,11.4914,11.488,11.4802,11.4675,11.458,11.4485,11.434,11.4185,11.4023,11.3868,11.3723,11.3629,11.3534,11.3389,11.3234,11.3072,11.2917,11.2755,11.26,11.2455,11.2378,11.2343,11.2266,11.2138,11.2043,11.1931,11.1726,11.1521

Intensity : 1847.91,1859.1775,1885.6226,1917.0499,1989.4359,1958.7196,1967.5434,1936.4157,1962.6607,1983.0396,2008.1305,2034.9486,2059.0434,2083.4605,2105.201,2141.2727,2146.4041,2140.2332,2128.6356,2103.8159,2066.9572,2004.9583,1964.1061,1973.303,1965.8555,1934.0442,1909.4305,1889.9526,1862.5665,1849.2204,1877.7352,1888.7058,1885.3114,1850.8038,1773.1936,1705.2143,1649.8602,1614.5462,1581.408,1578.5583,1580.2651,1617.2661,1645.8646,1660.2985,1725.1503,1741.2487,1741.0578,1734.9088,1675.8613,1643.3685,1677.5889,1683.6791,1675.7676,1705.1956,1728.1278,1756.1333,1790.2824,1824.0939,1836.6068,1851.3152,1867.7628,1888.797,1903.7696,1910.9388,1923.0196,1964.7412,2009.1483,2040.737,2047.6225,2062.394,2087.4408,2107.0467,2111.3832,2115.7872,2120.4473,2126.5779,2132.8462,2139.5933,2127.7001,2112.793,2106.0682,2107.9175,2097.8234,2041.156,2003.0951,2048.7913,2065.6668,1965.1992,1904.4166,1868.3361,1855.0857,1853.2737,1863.874,1841.6892,1807.7114,1790.6732,1784.4602,1784.1523,1791.339,1803.872,1819.4836,1837.3968,1855.446,1853.0236,1831.5515,1827.423,1844.128,1831.4847,1781.6343,1701.6713,1653.3997,1636.7173,1647.1794,1669.7161,1686.1912,1693.1487,1689.1889,1680.8097,1700.9382,1763.6139,1836.0364,1886.0957,1901.2613,1911.7616,1920.1545,1923.1847,1860.968,1797.7006,1741.968,1703.8677,1691.4364,1668.6271,1651.6911,1649.1515,1650.7829,1652.2301,1685.7682,1729.7107,1767.7165,1769.7932,1761.7588,1745.2357,1696.6047,1663.4042,1692.529,1716.1774,1737.7593,1753.1143,1771.2318,1779.245,1762.5552,1748.4103,1739.966,1739.7026,1739.4057,1725.8351,1710.961,1696.0869,1717.0824,1761.3149,1783.2827,1794.6268,1801.7095,1751.2085,1696.0085,1636.1712,1586.1626,1553.365,1524.132,1502.0947,1484.4311,1471.9481,1478.6173,1475.2755,1453.9464,1439.6876,1434.086,1441.0884,1444.7603,1443.8622,1446.8376,1426.3894,1387.5262,1355.1135,1334.3999,1311.8621,1296.7265,1296.3741,1286.3265,1295.9588,1311.757,1322.5279,1331.1962,1345.8085,1329.3488,1300.39,1281.1767,1283.024,1290.1329,1291.9602,1284.068,1280.6531,1273.2669,1273.813,1293.093,1323.0597,1360.679,1395.0436,1428.2117,1465.3646,1505.6279,1528.9726,1540.7733,1555.8298,1595.0362,1620.2049,1635.6224,1657.7197,1679.4998

Time pixel : 1,1.257591,1.806664,2.732068,3.876364,5.054209,6.144434,7.027364,7.64659,8.058456,8.382572,8.691466,8.985093,9.239414,9.503863,9.879437,10.32141,10.77095,11.17401,11.59383,12.10141,12.62563,13.11934,13.66047,14.25825,14.85627,15.39808,15.90913,16.52373,17.24182,17.92902,18.576,19.27928,20.08592,20.89241,21.5791,22.12046,22.54196,22.94705,23.41517,23.9649,24.62472,25.29357,25.95435,26.71141,27.56235,28.31886,28.96233,29.57315,30.1837,30.794,31.40403,31.99764,32.51843,32.91936,33.26369,33.648,34.07919,34.47931,34.87926,35.30992,35.70955,36.10904,36.53927,36.93849,37.3376,37.75129,38.06141,38.26799,38.50536,38.79903,39.10881,39.41852,39.72816,40.03773,40.34723,40.65668,40.98225,41.35586,41.78887,42.26357,42.8903,43.76563,44.88176,46.2156,47.71616,49.16964,50.4471,51.56323,52.54352,53.46742,54.43152,55.44269,56.40678,57.2983,58.11725,58.87293,59.60312,60.25385,60.79182,61.26652,61.77211,62.29388,62.84115,63.48258,64.1495,64.83261,65.54661,66.21352,66.84026,67.50718,68.23737,68.97685,69.69085,70.2852,70.7599,71.20911,71.66761,72.20558,72.85631,73.57031,74.22103,74.74281,75.14494,75.54707,76.06885,76.73577,77.53853,78.39766,79.20042,79.86734,80.38912,80.79125,81.17719,81.59401,81.96375,82.29331,82.67925,83.18483,83.76299,84.35734,84.95169,85.52984,86.03543,86.42136,86.73473,87.03191,87.34527,87.71502,88.13184,88.50158,88.81495,89.12832,89.49806,89.91488,90.28463,90.59799,90.91136,91.2973,91.81908,92.48599,93.27256,94.05913,94.72605,95.26402,95.72252,96.15554,96.52528,96.85484,97.22459,97.6576,98.11611,98.63789,99.21604,99.7942,100.2998,100.6857,100.9991,101.2963,101.5934,101.9068,102.2927,102.7821,103.2715,103.6737,104.0434,104.3877,104.6539,104.9673,105.3679,105.7539,106.1398,106.5566,106.9426,107.3285,107.7453,108.1151,108.4284,108.7256,109.0228,109.32,109.6171,109.9143,110.2115,110.4925,110.7171,110.8784,111.0304,111.1756,111.3276,111.4889,111.7135,111.9783,112.2029,112.3805,112.6051,112.8861,113.167,113.3754

Position pixel : 98.8425,98.84277,98.85978,98.9499,99.16021,99.4598,99.81629,100.164,100.4018,100.5745,100.7245,100.8656,100.9601,101.055,101.1812,101.2768,101.3727,101.4999,101.5802,101.6044,101.6127,101.6373,101.7185,101.8469,101.9446,102.0423,102.171,102.2528,102.2781,102.3035,102.3853,102.5141,102.5958,102.6373,102.7189,102.8475,102.9451,103.0427,103.171,103.2683,103.3656,103.4935,103.5743,103.6148,103.6953,103.839,103.9919,104.1353,104.2153,104.2389,104.2461,104.2532,104.2602,104.2671,104.2739,104.2806,104.2872,104.2937,104.3001,104.3227,104.4015,104.5274,104.6223,104.7171,104.8428,104.9213,104.9596,105.0381,105.1635,105.2419,105.2638,105.2695,105.2752,105.2809,105.2865,105.2921,105.2976,105.3032,105.3049,105.3049,105.3049,105.3211,105.3937,105.5295,105.6747,105.8267,105.9718,106.1239,106.2852,106.4936,106.702,106.8634,107.0154,107.1767,107.3851,107.5936,107.7549,107.8907,107.9633,107.9795,107.9795,107.9795,107.9957,108.0683,108.1879,108.2605,108.2767,108.2929,108.3654,108.4851,108.5576,108.5738,108.5738,108.5738,108.5738,108.59,108.6626,108.7822,108.8548,108.871,108.871,108.871,108.871,108.871,108.871,108.871,108.871,108.871,108.871,108.8872,108.9598,109.0794,109.152,109.1682,109.1682,109.1682,109.1682,109.1682,109.1682,109.1844,109.2569,109.3766,109.4492,109.4654,109.4654,109.4654,109.4654,109.4654,109.4654,109.4654,109.4654,109.4654,109.4654,109.4654,109.4654,109.4654,109.4654,109.4654,109.4654,109.4654,109.4654,109.4654,109.4654,109.4654,109.4654,109.4654,109.4654,109.4654,109.4654,109.4654,109.4654,109.4654,109.4654,109.4654,109.4654,109.4654,109.4492,109.3766,109.2569,109.1682,109.0632,108.871,108.6626,108.5013,108.3654,108.2767,108.1879,108.0683,107.9795,107.8907,107.7711,107.6985,107.6661,107.5936,107.4739,107.3851,107.2964,107.1605,107.0154,106.8634,106.7182,106.5824,106.4936,106.4049,106.269,106.1239,105.9718,105.8267,105.6747,105.5295,105.3937,105.3211,105.2887,105.2162,105.0965,105.0077,104.9028,104.7106,104.5184

Pole type : Curve
Start frame : 1
End frame : 327
Start time (s) : 0.000
End time (s) : 2795.000
Time step (s) : 8.574

Feature Information :


Feature number : 1

Time (s) : 12.53424,13.43408,15.84311,19.27796,22.44801,25.27352,28.44357,32.15608,35.94832,39.66082,42.83087,45.51756,48.06542,50.7521,53.92215,57.49583,60.8047,64.11358,67.68726,70.85731,73.54399,76.09185,78.77854,81.94859,85.66109,89.86982,95.72655,103.4961,111.623,119.2666,126.0103,131.2449,135.3148,139.0273,142.3362,145.7839,150.1186,155.0754,160.0323,164.367,167.8147,171.1236,174.6623,177.5652,179.9814,182.3939,185.4244,189.7535,195.8045,203.2782,210.3401,215.8837,220.1722,223.9064,227.8924,231.8645,235.5573,239.5004,243.2905,246.1808,248.4381,250.5484,252.6544,254.7607,256.7339,258.3743,260.2518,263.4453,267.2936,271.1942,276.0278,281.8001,287.3641,292.366,296.808,300.7558,304.6569,308.5316,312.358,315.6721,318.67,322.0387,325.8352,329.2495,332.1994,335.0266,337.8674,340.7188,343.5785,346.4437,349.1733,351.4208,353.1249,354.7469,356.4446,358.6796,361.3918,364.2361,367.0731,369.7636,371.963,373.7511,375.9354,378.5957,381.527,384.9352,388.6022,391.3769,393.2596,395.4028,398.0253,400.7832,403.3991,405.5289,407.1138,408.6168,410.0587,411.4191,412.2353

Position (um) : 6.4703,6.4575,6.4498,6.4481,6.4481,6.4481,6.4481,6.4481,6.4481,6.4463,6.4386,6.4241,6.4086,6.3924,6.3769,6.3607,6.3452,6.329,6.3135,6.299,6.2912,6.2878,6.28,6.2655,6.2501,6.2338,6.2184,6.2039,6.1944,6.1849,6.1721,6.1644,6.1627,6.1627,6.1627,6.161,6.1532,6.1404,6.1327,6.131,6.1292,6.1215,6.1088,6.1019,6.101,6.1001,6.0932,6.0796,6.0633,6.042,6.0207,6.0044,5.9892,5.9747,5.9596,5.9452,5.9301,5.9158,5.9009,5.8867,5.8735,5.8671,5.865,5.8586,5.8454,5.8312,5.8163,5.8019,5.7868,5.7705,5.7474,5.718,5.6868,5.6571,5.6332,5.6142,5.5901,5.5599,5.5278,5.4957,5.4634,5.4311,5.4005,5.3757,5.356,5.3294,5.2925,5.2549,5.2272,5.2006,5.1696,5.1369,5.1042,5.0664,5.0087,4.9283,4.8485,4.7729,4.6976,4.635,4.5913,4.5553,4.5151,4.4681,4.4184,4.3637,4.3108,4.2689,4.2348,4.2025,4.1701,4.1377,4.1054,4.0731,4.0407,4.0101,3.9856,3.9678,3.9527

Intensity : 577.9313,585.3737,582.0733,567.0556,550.5767,535.8887,518.7815,498.626,483.1321,475.8172,474.6015,480.8673,488.7534,495.4957,503.0746,512.2431,519.2825,520.004,520.0424,523.9886,523.2165,519.8331,518.3325,520.3028,524.0883,532.8115,541.3796,543.313,544.2341,522.8012,508.0643,491.9712,474.163,463.0401,458.5026,454.7299,449.2079,444.7457,427.8072,408.7671,392.5004,379.993,366.1822,351.9423,337.7595,335.8546,335.8092,336.6135,336.0022,341.0368,338.6864,334.7789,340.1962,344.6873,347.514,350.3002,355.4697,361.0251,358.4181,356.0742,354.8232,355.5072,355.1152,355.9289,358.7077,361.8424,365.085,367.5289,371.073,377.5268,382.2966,380.9533,374.907,366.7843,349.6681,334.7368,323.0544,311.6607,312.86,315.7318,320.0723,325.4758,331.4895,334.6178,337.3226,339.3562,337.1511,336.1057,334.495,327.4827,321.4187,317.0452,316.5719,317.3225,319.8073,324.5808,324.9564,323.1867,322.0529,321.5567,322.6681,326.8258,333.0258,339.352,342.3358,343.1766,344.4751,345.7495,355.1125,363.0705,370.0106,383.3057,397.8072,412.9501,430.753,450.3352,465.1176,474.7823,483.4231

Time pixel : 1.46195,1.56691,1.84789,2.24852,2.61826,2.94782,3.31757,3.75058,4.1929,4.62591,4.99566,5.30902,5.6062,5.91957,6.28931,6.70613,7.09207,7.47801,7.89483,8.26457,8.57794,8.87511,9.18848,9.55823,9.99124,10.4821,11.1652,12.0715,13.0194,13.9109,14.6974,15.308,15.7827,16.2157,16.6016,17.0038,17.5094,18.0875,18.6657,19.1713,19.5734,19.9593,20.3721,20.7106,20.9925,21.2738,21.6273,22.1323,22.838,23.7097,24.5334,25.18,25.6802,26.1157,26.5807,27.0439,27.4747,27.9346,28.3766,28.7138,28.977,29.2232,29.4688,29.7145,29.9446,30.136,30.3549,30.7274,31.1763,31.6312,32.195,32.8683,33.5172,34.1006,34.6188,35.0792,35.5342,35.9862,36.4325,36.819,37.1687,37.5616,38.0044,38.4026,38.7467,39.0765,39.4078,39.7404,40.0739,40.4081,40.7265,40.9886,41.1874,41.3766,41.5746,41.8353,42.1516,42.4834,42.8142,43.1281,43.3846,43.5932,43.8479,44.1582,44.5001,44.8976,45.3253,45.649,45.8686,46.1185,46.4244,46.7461,47.0512,47.2996,47.4845,47.6598,47.828,47.9866,48.0818

Position pixel : 60.64,60.5204,60.4478,60.4316,60.4316,60.4316,60.4316,60.4316,60.4316,60.4154,60.3429,60.207,60.0619,59.9099,59.7647,59.6127,59.4675,59.3155,59.1704,59.0345,58.962,58.9296,58.857,58.7212,58.576,58.424,58.2788,58.143,58.0542,57.9655,57.8458,57.7733,57.7571,57.7571,57.7571,57.7409,57.6683,57.5487,57.4761,57.4599,57.4437,57.3711,57.2525,57.1876,57.1792,57.1709,57.1063,56.9786,56.8256,56.6257,56.426,56.2737,56.1309,55.9954,55.8534,55.7187,55.5775,55.4436,55.3033,55.1702,55.0467,54.9867,54.967,54.9071,54.7838,54.6508,54.5105,54.3763,54.2342,54.0817,53.8647,53.5897,53.297,53.0187,52.795,52.617,52.391,52.1076,51.8072,51.5058,51.2037,50.9008,50.6134,50.3818,50.1967,49.9479,49.6021,49.2491,48.9901,48.7402,48.45,48.1435,47.8371,47.4822,46.9421,46.1884,45.4401,44.7323,44.0262,43.44,43.03,42.6928,42.3156,41.8753,41.4098,40.8974,40.4013,40.0088,39.6891,39.3857,39.0824,38.7792,38.476,38.173,37.87,37.5833,37.353,37.1861,37.0446

Brightness max : 
Brightness min : 
Feature direction : 
Feature speed : 
Feature type : Curve
Start frame : 1
End frame : 327
Start time (s) : 0.000
End time (s) : 2795.000
Time step (s) : 8.574

Feature number : 2

Time (s) : 105.0181,106.805,109.214,111.623,113.5487,115.0707,116.9964,119.4054,121.9533,124.5011,127.049,129.5969,132.1447,134.8314,138.0015,141.5751,144.7452,147.4319,149.9797,152.3888,154.3144,155.8365,157.7621,160.0323,161.958,163.48,165.4057,167.6759,169.6016,171.1236,173.1881,176.0805,179.032,181.315,184.2794,189.0974,194.9413,199.8982,203.3459,206.0326,208.5805,211.1283,213.6762,216.0852,218.0109,219.5329,221.5974,224.4898,227.4413,229.5855,231.7888,234.6812,237.7715,240.538,243.6283,246.6595,249.3462,251.894,254.4419,256.8509,258.6378,259.3988,259.5376

Position (um) : 6.161,6.1515,6.131,6.1087,6.0915,6.0753,6.0564,6.0246,5.9836,5.9519,5.9295,5.8978,5.8551,5.8156,5.7822,5.7505,5.7188,5.6871,5.6553,5.6236,5.5937,5.5697,5.5507,5.5268,5.4968,5.4668,5.4429,5.4239,5.3999,5.37,5.3383,5.3065,5.2766,5.2509,5.2225,5.178,5.1275,5.0863,5.0546,5.0306,5.0134,4.9972,4.98,4.956,4.926,4.8961,4.8721,4.8532,4.8309,4.807,4.7803,4.7418,4.6963,4.6501,4.6107,4.5773,4.5455,4.5138,4.4839,4.4599,4.441,4.4187,4.3982

Intensity : 566.9158,570.0305,578.2465,587.642,589.9276,589.1232,581.5641,573.5479,566.2167,550.2157,536.8983,520.9544,500.1912,479.6575,462.8683,446.7739,434.6368,421.7077,405.7459,394.1279,383.8194,378.077,372.5414,368.8082,366.482,365.7567,365.4297,365.1261,364.9131,364.781,362.562,358.447,354.7726,352.9089,350.1628,341.9997,335.1777,334.9396,338.5,342.0518,343.0712,345.2651,348.1887,349.6658,351.4482,354.5507,357.5838,357.4053,357.2205,360.0196,369.3214,386.0761,409.1799,444.5417,467.184,483.9547,500.9414,515.3028,527.1966,534.3305,543.0724,559.229,576.1422

Time pixel : 12.249,12.4574,12.7384,13.0194,13.244,13.4215,13.6461,13.9271,14.2242,14.5214,14.8186,15.1158,15.4129,15.7263,16.0961,16.5129,16.8826,17.196,17.4932,17.7741,17.9987,18.1763,18.4009,18.6657,18.8903,19.0678,19.2924,19.5572,19.7818,19.9593,20.2001,20.5375,20.8817,21.148,21.4938,22.0557,22.7373,23.3155,23.7176,24.031,24.3282,24.6253,24.9225,25.2035,25.4281,25.6056,25.8464,26.1838,26.528,26.7781,27.0351,27.3725,27.7329,28.0556,28.416,28.7696,29.083,29.3801,29.6773,29.9583,30.1667,30.2555,30.2716

Position pixel : 57.7409,57.6521,57.4599,57.2515,57.0901,56.9381,56.7606,56.4634,56.079,55.7818,55.5719,55.2747,54.8741,54.5043,54.191,53.8938,53.5966,53.2995,53.0023,52.7051,52.4241,52.1995,52.022,51.7974,51.5164,51.2354,51.0108,50.8333,50.6087,50.3277,50.0305,49.7334,49.4524,49.2116,48.9453,48.5285,48.0553,47.6693,47.3722,47.1476,46.9862,46.8342,46.6729,46.4483,46.1673,45.8863,45.6617,45.4842,45.2758,45.0511,44.8011,44.4406,44.0145,43.5815,43.2117,42.8984,42.6012,42.304,42.023,41.7984,41.6209,41.4125,41.2203

Brightness max : 
Brightness min : 
Feature direction : 
Feature speed : 
Feature type : Curve
Start frame : 1
End frame : 327
Start time (s) : 0.000
End time (s) : 2795.000
Time step (s) : 8.574

Feature number : 3

Time (s) : 21.21649,24.24771,29.26369,35.54469,42.47348,47.37127,49.85225,51.23546,52.53894,53.92215,55.84782,58.39568,61.56572,65.41706,70.24798,77.68585,88.98283,103.7738,120.0276,136.2018,150.1726,159.7418,164.8504,167.8147,170.5014,173.9491,178.906,184.8887,190.7455,196.741,203.4847,210.2285,216.0852,221.4586,227.1765,233.4368,239.9158,247.076,255.4806,265.3943,275.8506,285.3607,293.4079,299.1258,302.8512,306.1601,309.8726,313.8036,318.416,324.1339,331.0165,338.5212,346.1648,353.6695,360.5521,366.27,370.8823,374.9522,379.4258,384.5215,390.3782,397.3996,405.3877,413.5737,421.297,428.722,435.0621,440.2967,444.7702,448.8401,453.3136,458.5482,464.8883,472.1745,479.2756,486.5746,494.7015,503.2321,510.7369,516.8712,522.8668,529.8882,538.154,547.1679,555.2151,561.568,568.2449,576.233,585.0412,593.9292,602.8762,611.903,621.3334,630.625,638.8908,646.051,652.6687,659.6901,667.056,674.0774,680.6952,687.7166,694.9436,701.204,705.8961,709.8863,713.8173,718.4297,724.1476,731.0301,738.2572,744.5176,749.2097,753.061,756.2311,758.9177,761.4656,764.0135,766.5613,769.1092,771.7959,774.9659,778.5396,781.7096,784.3963,786.9442,789.492,792.0399,794.4489,796.5134,798.6576,801.6091,804.6404,807.327,809.8749,812.4228,814.9706,817.5185,820.2052,823.3752,826.8101,829.3579,831.0188,832.8056,834.5925,836.1145,838.0402,840.4492,842.8582,844.7839,846.1671,847.4706,848.8538,850.6406,852.4275,853.8107,855.1141,856.3585,857.662,858.9064,860.071,860.6932

Position (um) : 4.926,4.926,4.9226,4.9071,4.8816,4.8644,4.8532,4.8387,4.8232,4.8087,4.7992,4.7897,4.777,4.7658,4.7468,4.7118,4.6741,4.6389,4.5995,4.555,4.5173,4.4933,4.4821,4.4727,4.4599,4.4504,4.4392,4.4187,4.3965,4.3793,4.363,4.3476,4.3313,4.3158,4.3013,4.2919,4.2824,4.2679,4.2507,4.2267,4.1968,4.165,4.1351,4.1128,4.1016,4.0922,4.0794,4.0699,4.0587,4.0382,4.016,3.997,3.9748,3.9543,3.9431,3.9336,3.9191,3.9036,3.8874,3.8702,3.848,3.8257,3.8085,3.7923,3.7751,3.7528,3.7306,3.7134,3.6972,3.6817,3.6672,3.6577,3.6465,3.626,3.6038,3.5848,3.5626,3.5421,3.5309,3.5214,3.5069,3.4914,3.4752,3.4597,3.4452,3.4375,3.434,3.4263,3.4135,3.4058,3.404,3.404,3.404,3.404,3.404,3.404,3.404,3.404,3.404,3.404,3.4023,3.3946,3.3818,3.3741,3.3723,3.3723,3.3723,3.3723,3.3723,3.3723,3.3723,3.3723,3.3723,3.3723,3.3706,3.3629,3.3501,3.3406,3.3312,3.3167,3.2994,3.2772,3.255,3.236,3.2138,3.1916,3.1726,3.1504,3.1281,3.1092,3.0835,3.0475,3.0108,2.9841,2.9584,2.9284,2.8967,2.8633,2.8238,2.7776,2.7304,2.6842,2.6448,2.6113,2.5796,2.5462,2.5067,2.4623,2.4228,2.3894,2.3559,2.3182,2.2798,2.2453,2.2086,2.1786,2.1597,2.1434,2.128,2.1117,2.0963,2.0818

Intensity : 959.89626,937.14679,891.18427,848.56305,838.66534,846.44997,853.80119,865.07581,878.39662,891.72011,900.06006,904.28653,900.35681,882.60432,865.54228,857.7613,864.35951,871.70303,840.92328,814.17672,798.91001,803.6571,805.72454,802.70153,801.62708,781.51167,742.57705,703.87791,673.96298,645.84057,652.37151,640.83632,630.86602,637.96448,652.01132,671.22367,696.71143,700.56993,681.15913,679.22512,669.97591,664.00114,638.19007,630.4618,619.18442,607.54129,602.94938,609.30596,616.84586,623.34087,630.12747,643.68765,666.01171,681.29386,686.088,662.3418,653.66323,655.3832,656.65828,655.97932,648.54028,627.70759,604.6403,590.40978,582.36348,578.53243,577.18975,591.32375,615.19794,626.47656,633.7688,635.76459,634.55247,631.59864,629.27639,637.74762,635.71344,648.40196,660.7137,660.3799,645.37707,613.53744,569.19494,567.71197,604.39772,624.71969,628.25023,603.66944,558.58892,532.90421,533.5811,560.33881,594.79296,602.55643,595.9516,604.57897,629.35314,651.28194,664.15562,651.30642,645.43812,648.04846,635.32926,638.79947,638.79851,637.40231,640.51154,648.27067,655.21362,655.27925,642.10674,638.85617,622.15798,603.53757,593.34011,591.14025,592.51711,589.06481,580.56426,576.14781,571.35237,577.58898,587.52877,589.08441,585.49945,580.21389,572.04074,567.8807,566.31853,566.51835,562.63739,550.89139,543.3525,533.12182,516.59403,502.11081,489.01123,475.21532,463.22924,452.72505,454.91591,468.05748,486.97218,506.06053,525.44168,548.43414,580.12744,622.58763,668.1426,713.1089,759.9855,823.11765,895.10749,976.97791,1070.1074,1148.4414,1207.8148,1262.7023,1313.2239,1351.6473,1386.8601,1412.6891

Time pixel : 2.474624,2.828176,3.413225,4.145821,4.953973,5.525236,5.81461,5.975943,6.127977,6.28931,6.513914,6.811088,7.180832,7.63004,8.193503,9.061033,10.37868,12.10384,13.99964,15.88614,17.51566,18.63178,19.22763,19.57338,19.88675,20.28888,20.86703,21.56484,22.24795,22.94725,23.73382,24.52039,25.2035,25.83023,26.49715,27.22734,27.98302,28.81816,29.79845,30.95476,32.17434,33.28358,34.22218,34.88909,35.32361,35.70955,36.14256,36.60107,37.13904,37.80596,38.60872,39.48405,40.37557,41.2509,42.05366,42.72058,43.25855,43.73325,44.25503,44.84937,45.53249,46.35144,47.28314,48.23794,49.13876,50.00479,50.74428,51.35482,51.8766,52.3513,52.87308,53.48362,54.2231,55.07294,55.90119,56.75253,57.70043,58.69541,59.57074,60.28624,60.98554,61.80449,62.76858,63.81994,64.75854,65.49953,66.2783,67.21,68.23737,69.27403,70.31758,71.37044,72.47037,73.55411,74.51821,75.35335,76.12523,76.94418,77.80332,78.62227,79.39414,80.21309,81.05604,81.78623,82.3335,82.7989,83.2574,83.79538,84.46229,85.26505,86.108,86.83819,87.38546,87.83466,88.20441,88.51778,88.81495,89.11212,89.4093,89.70647,90.01984,90.38958,90.80641,91.17615,91.48952,91.78669,92.08387,92.38104,92.66202,92.90282,93.15291,93.49717,93.85072,94.16408,94.46126,94.75843,95.05561,95.35278,95.66615,96.03589,96.43652,96.7337,96.92741,97.13582,97.34424,97.52176,97.74637,98.02735,98.30833,98.53293,98.69427,98.8463,99.00763,99.21604,99.42445,99.58579,99.73782,99.88296,100.035,100.1801,100.316,100.3885

Position pixel : 46.1673,46.1673,46.1349,45.9897,45.7505,45.5891,45.4842,45.3483,45.2032,45.0673,44.9786,44.8898,44.7702,44.6652,44.4877,44.1596,43.8061,43.4765,43.1068,42.6899,42.3364,42.1118,42.0068,41.9181,41.7984,41.7097,41.6047,41.4125,41.2041,41.0427,40.8907,40.7456,40.5935,40.4484,40.3126,40.2238,40.135,39.9992,39.8379,39.6133,39.3323,39.0351,38.7541,38.5457,38.4407,38.352,38.2323,38.1436,38.0386,37.8464,37.638,37.4605,37.2521,37.0598,36.9549,36.8661,36.7303,36.5851,36.4331,36.2718,36.0634,35.8549,35.6936,35.5416,35.3802,35.1718,34.9634,34.8021,34.6501,34.5049,34.3691,34.2803,34.1754,33.9831,33.7747,33.5972,33.3888,33.1966,33.0916,33.0029,32.867,32.7219,32.5698,32.4247,32.2889,32.2163,32.1839,32.1113,31.9917,31.9191,31.9029,31.9029,31.9029,31.9029,31.9029,31.9029,31.9029,31.9029,31.9029,31.9029,31.8867,31.8142,31.6945,31.6219,31.6057,31.6057,31.6057,31.6057,31.6057,31.6057,31.6057,31.6057,31.6057,31.6057,31.5896,31.517,31.3973,31.3086,31.2198,31.084,30.9226,30.7142,30.5058,30.3283,30.1199,29.9115,29.7339,29.5255,29.3171,29.1396,28.8988,28.5614,28.2172,27.9671,27.7263,27.4453,27.1481,26.8348,26.465,26.032,25.5897,25.1567,24.7869,24.4736,24.1764,23.863,23.4933,23.0765,22.7067,22.3933,22.08,21.7264,21.366,21.0433,20.6991,20.4181,20.2406,20.0885,19.9434,19.7913,19.6462,19.5104

Brightness max : 1831.64
Brightness min :  0.00
Feature direction : Poleward
Feature speed : Slow
Feature type : Curve
Start frame : 1
End frame : 327
Start time (s) : 0.000
End time (s) : 2795.000
Time step (s) : 8.574

Feature number : 4

Time (s) : 354.7082,357.0504,362.087,369.3603,375.4227,379.1481,381.9736,385.1437,388.8562,392.6484,396.3609,399.531,402.2176,404.7655,407.4522,410.7611,415.0958,419.9138,424.2485,427.5574,430.3829,433.553,437.1266,440.2967,442.9834,445.5312,448.2179,451.388,454.9616,457.9929,460.1962,462.4792,466.0529,470.2488,474.3187,478.9489,484.598,490.1715,494.3206,497.5094,500.9121,504.8678,508.7772,512.1385,514.5703,516.9396,519.6698,522.5523,525.582,529.0956,533.1426,537.2484,541.2411,544.6453,547.5086,550.0276,551.8517

Position (um) : 3.9414,3.925,3.87,3.783,3.7153,3.6834,3.6655,3.6482,3.6243,3.596,3.5721,3.5548,3.5386,3.5214,3.4974,3.4657,3.4263,3.3818,3.3441,3.3184,3.2994,3.2772,3.255,3.2378,3.2215,3.206,3.1898,3.1726,3.1504,3.1281,3.1092,3.0852,3.0552,3.0235,2.9918,2.9597,2.9235,2.8889,2.8602,2.8381,2.8185,2.8038,2.787,2.7606,2.7321,2.7066,2.6773,2.6478,2.6197,2.5805,2.5305,2.4842,2.443,2.3985,2.3501,2.31,2.2852

Intensity : 691.24294,701.9841,730.25987,732.11306,745.61446,740.92206,735.84208,730.72817,719.0218,701.48636,687.86711,677.92898,669.87479,665.95823,659.43863,652.68902,643.60363,629.54023,619.86504,613.58633,610.17659,609.61022,613.76091,618.84247,623.53907,628.43198,628.83804,629.04167,626.69519,610.36133,598.81292,587.20454,577.4851,567.89577,564.91386,565.18888,563.41162,554.31884,540.17363,530.21838,529.6377,530.03022,534.44312,543.5561,553.20505,561.39088,573.19526,593.30506,604.67327,622.72684,664.56655,716.07935,775.93228,865.34298,968.02562,1054.8455,1105.6633

Time pixel : 41.372,41.6452,42.2327,43.081,43.7881,44.2226,44.5522,44.9219,45.355,45.7973,46.2303,46.6,46.9134,47.2106,47.5239,47.9099,48.4155,48.9774,49.483,49.8689,50.1985,50.5683,50.9851,51.3548,51.6682,51.9654,52.2787,52.6485,53.0653,53.4188,53.6758,53.9421,54.3589,54.8483,55.323,55.8631,56.522,57.1721,57.656,58.0279,58.4248,58.8862,59.3422,59.7342,60.0179,60.2942,60.6127,60.9489,61.3022,61.712,62.1841,62.663,63.1287,63.5257,63.8597,64.1535,64.3663

Position pixel : 36.9387,36.7852,36.2703,35.4543,34.8198,34.5211,34.3529,34.1915,33.9669,33.7022,33.4776,33.3162,33.1642,33.0029,32.7782,32.4811,32.1113,31.6945,31.341,31.1002,30.9226,30.7142,30.5058,30.3445,30.1924,30.0473,29.8953,29.7339,29.5255,29.3171,29.1396,28.915,28.634,28.3368,28.0397,27.7388,27.3991,27.0748,26.8057,26.5987,26.4155,26.2772,26.1201,25.8727,25.6057,25.366,25.0922,24.8156,24.5521,24.1849,23.7161,23.2825,22.8959,22.4784,22.0257,21.6497,21.4175

Brightness max : 1831.64
Brightness min :  0.00
Feature direction : Poleward
Feature speed : Slow
Feature type : Curve
Start frame : 1
End frame : 327
Start time (s) : 0.000
End time (s) : 2795.000
Time step (s) : 8.574

Feature number : 5

Time (s) : 250.3849,252.7939,256.3676,260.2986,264.7722,269.729,274.8248,279.9205,284.8774,289.2121,292.6598,295.9686,299.6811,303.4734,307.3247,311.2558,315.5905,319.9252,323.8562,327.7076,331.4998,335.2123,338.5212,341.8301,345.4038,348.7126,352.1603,356.495,361.4519,366.4088,370.7435,374.0524,376.7391,379.2869,381.8348,384.5215,387.8304,392.0262,396.3609,400.4308,404.9043,409.7224,414.0571,417.366,420.1915,423.5004,427.8351,432.6531,437.1266,441.1965,445.6701,450.4881,454.8228,458.1317,460.9572,464.2661,468.7396,474.7352,483.1398,494.357,507.0243,518.9229,529.0681,539.0409,548.0549,554.6726,559.285,562.5939,565.2805,568.1061,572.176,578.1587,584.6247,589.8593,594.068,598.5415,603.4984,608.5941,613.9675,620.3076,627.5938,634.5561,640.9553,646.6732,651.7689,656.1036,659.4125,662.238,665.6857,670.7814,677.3863,683.9912,689.0869,692.6734,696.1211,700.4558,705.4127,710.6473,716.504,723.5254,731.5135,739.5607,746.523,752.3,756.8532,760.7046,763.8746,766.5613,769.3868,773.3179,778.5396,783.3576,786.8053,789.492,792.0399,794.5877,797.1356,799.6835,802.2313,804.7792,807.6047,811.5358,816.8963,822.3365,826.8101,830.1189,832.8056,835.4923,838.6624,842.236,845.4061,848.0928,850.6406,853.3273,856.3585,859.31,861.4542,863.5187,866.0666,869.2366,872.8103,875.9804,878.5282,880.4539,881.9759,883.7628,885.5496,887.0716,888.9973,891.4063,893.9542,896.5021,899.0499,901.5978,904.1456,906.6935,909.2413,911.7892,914.3371,916.7461,918.6718,920.1938,922.1195,924.5285,927.0764,929.6242,932.1721,934.7199,937.129,939.0546,940.5767,942.5023,944.9114,947.3204,949.2461,950.6293,951.9327,953.1771,954.4806,955.725,956.8896,957.5118

Position (um) : 10.3482,10.3482,10.3482,10.3482,10.3482,10.3482,10.3482,10.3465,10.3387,10.3242,10.3087,10.2943,10.2865,10.2848,10.2848,10.2848,10.2848,10.2848,10.2848,10.2848,10.2848,10.2848,10.2848,10.2848,10.2848,10.2848,10.2831,10.2753,10.2608,10.2453,10.2308,10.2231,10.2196,10.2119,10.1991,10.1914,10.1897,10.1897,10.1897,10.1897,10.1897,10.1897,10.1897,10.1897,10.1897,10.1897,10.1897,10.1897,10.1897,10.1897,10.1897,10.1897,10.1897,10.1897,10.1897,10.1914,10.1991,10.2119,10.2196,10.2231,10.2308,10.2436,10.2513,10.2531,10.2531,10.2531,10.2531,10.2531,10.2531,10.2531,10.2531,10.2531,10.2531,10.2531,10.2531,10.2531,10.2531,10.2531,10.2531,10.2531,10.2531,10.2548,10.2625,10.2753,10.2831,10.2848,10.2848,10.2848,10.2848,10.2848,10.2848,10.2848,10.2848,10.2848,10.2831,10.2753,10.2625,10.2531,10.2436,10.2308,10.2231,10.2214,10.2214,10.2196,10.2119,10.1991,10.1914,10.1897,10.1897,10.1897,10.1897,10.1897,10.1897,10.1897,10.1897,10.1897,10.1897,10.1897,10.1897,10.1897,10.1897,10.1897,10.1879,10.1802,10.1674,10.1597,10.1579,10.1579,10.1579,10.1579,10.1579,10.1579,10.1579,10.1579,10.1562,10.1485,10.1357,10.1262,10.115,10.0945,10.074,10.0645,10.0611,10.0534,10.0406,10.0311,10.0216,10.0089,9.9994,9.98993,9.97717,9.96942,9.9677,9.9677,9.9677,9.9677,9.9677,9.9677,9.9677,9.96942,9.97717,9.98993,9.9994,10.0089,10.0234,10.0406,10.0628,10.0851,10.104,10.1262,10.1502,10.1786,10.2248,10.2831,10.337,10.3782,10.4099,10.4339,10.4511,10.4673,10.4828,10.4973

Intensity : 1352.9127,1326.3271,1286.8885,1244.4394,1196.4218,1168.9072,1150.3577,1160.6682,1172.0255,1182.8111,1183.2996,1171.8244,1161.4519,1150.181,1139.073,1127.1116,1113.5724,1107.6434,1106.4398,1103.0935,1097.6297,1097.2195,1111.8794,1126.5394,1122.7137,1110.9199,1097.7696,1074.7717,1046.2515,1011.6251,989.85128,982.40316,976.46322,972.55348,968.69267,966.21347,962.16435,955.29144,955.69357,964.49197,966.55591,958.12031,940.6752,921.95796,905.65589,874.38936,833.42958,827.97841,830.84153,845.17477,861.34798,907.27857,945.66845,947.98126,949.95621,956.57923,976.77344,1002.3867,1008.5165,959.73083,889.41941,886.66111,861.86496,863.78855,852.78524,839.8723,828.00891,816.98842,808.04018,803.77462,799.5378,796.5453,795.13858,793.2961,792.23402,791.4133,793.78342,797.84443,810.80802,827.53309,846.21952,856.69766,851.80173,825.99556,797.66288,770.20905,750.05519,741.62813,735.26205,728.62651,725.56242,736.21739,737.45364,735.40511,739.36454,755.44779,776.56072,794.60274,832.99288,859.40888,876.4145,880.18002,851.86727,831.46856,816.71243,807.03926,806.64217,820.0965,834.26635,852.29966,873.29935,886.6078,893.84907,896.22152,889.98411,883.74671,877.5093,866.09621,854.21575,842.33528,833.08234,823.9055,810.31535,795.70907,791.76509,789.28939,784.24946,775.59645,765.38669,758.50208,755.54598,753.04061,746.16905,737.14283,727.14585,723.48924,723.5193,715.84823,705.99615,669.69368,640.83576,626.39597,619.17304,616.05413,617.62206,618.80991,617.05228,618.70214,622.25833,629.37459,647.34677,662.52371,673.52871,682.62625,691.11183,699.59741,707.89175,715.26408,722.63641,729.76389,717.13711,701.50859,681.57759,657.29303,628.51131,588.37784,547.53377,509.97219,473.67681,447.62821,430.16922,411.86916,409.91733,425.26777,447.52361,471.52474,489.27909,488.17242,479.44247,473.62245,470.3974,475.07802

Time pixel : 29.2041,29.48508,29.90191,30.36041,30.88219,31.46035,32.05469,32.64904,33.2272,33.73278,34.13491,34.52085,34.95387,35.39618,35.84539,36.3039,36.80948,37.31507,37.77357,38.22278,38.6651,39.09811,39.48405,39.86998,40.28681,40.67274,41.07487,41.58046,42.15861,42.73677,43.24236,43.62829,43.94166,44.23883,44.53601,44.84937,45.23531,45.7247,46.23029,46.70499,47.22677,47.78873,48.29432,48.68025,49.00981,49.39575,49.90133,50.4633,50.98507,51.45977,51.98155,52.54352,53.0491,53.43504,53.7646,54.15053,54.67231,55.37162,56.3519,57.66025,59.13772,60.52553,61.70884,62.87204,63.92339,64.69527,65.23324,65.61918,65.93254,66.2621,66.7368,67.43461,68.18879,68.79933,69.29022,69.812,70.39015,70.9845,71.61124,72.35073,73.20056,74.01262,74.759,75.42592,76.02027,76.52586,76.91179,77.24135,77.64348,78.23783,79.0082,79.77858,80.37293,80.79125,81.19338,81.69896,82.27712,82.88766,83.57077,84.38972,85.32143,86.26003,87.07209,87.7459,88.27698,88.72619,89.09593,89.4093,89.73886,90.19736,90.80641,91.36837,91.7705,92.08387,92.38104,92.67821,92.97539,93.27256,93.56974,93.86691,94.19647,94.65498,95.28021,95.91474,96.43652,96.82246,97.13582,97.44919,97.81894,98.23576,98.6055,98.91887,99.21604,99.52941,99.88296,100.2272,100.4773,100.7181,101.0153,101.385,101.8018,102.1716,102.4688,102.6934,102.8709,103.0793,103.2877,103.4652,103.6898,103.9708,104.268,104.5652,104.8624,105.1595,105.4567,105.7539,106.051,106.3482,106.6454,106.9264,107.151,107.3285,107.5531,107.8341,108.1313,108.4284,108.7256,109.0228,109.3038,109.5284,109.7059,109.9305,110.2115,110.4925,110.7171,110.8784,111.0304,111.1756,111.3276,111.4728,111.6086,111.6812

Position pixel : 96.984,96.984,96.984,96.984,96.984,96.984,96.984,96.9679,96.8953,96.7594,96.6143,96.4785,96.4059,96.3897,96.3897,96.3897,96.3897,96.3897,96.3897,96.3897,96.3897,96.3897,96.3897,96.3897,96.3897,96.3897,96.3735,96.3009,96.1651,96.02,95.8841,95.8115,95.7792,95.7066,95.5869,95.5144,95.4982,95.4982,95.4982,95.4982,95.4982,95.4982,95.4982,95.4982,95.4982,95.4982,95.4982,95.4982,95.4982,95.4982,95.4982,95.4982,95.4982,95.4982,95.4982,95.5144,95.5869,95.7066,95.7792,95.8115,95.8841,96.0038,96.0763,96.0925,96.0925,96.0925,96.0925,96.0925,96.0925,96.0925,96.0925,96.0925,96.0925,96.0925,96.0925,96.0925,96.0925,96.0925,96.0925,96.0925,96.0925,96.1087,96.1813,96.3009,96.3735,96.3897,96.3897,96.3897,96.3897,96.3897,96.3897,96.3897,96.3897,96.3897,96.3735,96.3009,96.1813,96.0925,96.0038,95.8841,95.8115,95.7954,95.7954,95.7792,95.7066,95.5869,95.5144,95.4982,95.4982,95.4982,95.4982,95.4982,95.4982,95.4982,95.4982,95.4982,95.4982,95.4982,95.4982,95.4982,95.4982,95.4982,95.482,95.4094,95.2898,95.2172,95.201,95.201,95.201,95.201,95.201,95.201,95.201,95.201,95.1848,95.1122,94.9926,94.9038,94.7989,94.6067,94.4144,94.3257,94.2933,94.2207,94.1011,94.0123,93.9235,93.8039,93.7151,93.6264,93.5067,93.4342,93.418,93.418,93.418,93.418,93.418,93.418,93.418,93.4342,93.5067,93.6264,93.7151,93.8039,93.9397,94.1011,94.3095,94.5179,94.6954,94.9038,95.1284,95.3947,95.8277,96.3735,96.8791,97.265,97.5622,97.7868,97.9481,98.1002,98.2453,98.3812

Brightness max : 
Brightness min : 
Feature direction : 
Feature speed : 
Feature type : Curve
Start frame : 1
End frame : 327
Start time (s) : 0.000
End time (s) : 2795.000
Time step (s) : 8.574

Feature number : 6

Time (s) : 45.90611,49.4935,55.15349,60.84638,66.65532,72.74454,78.89178,84.50637,89.64634,94.51366,98.77003,102.0191,104.6573,107.1591,109.6609,112.1627,114.6645,117.1664,119.8045,122.9173,126.4264,129.6755,132.9246,136.57,140.5663,145.57,151.4446,156.9229,161.3156,164.701,168.0864,172.2064,176.4628,180.4592,184.9882,190.4381,196.2762,201.5798,205.7961,209.0032,212.0716,215.5339,218.9352,221.7803,223.6926,225.5223,227.6855,229.9797,232.1317,233.8026,235.0704,236.7272,238.8513,241.1041,243.3494,245.5874,247.8188,250.1807,253.0123,256.3731,259.8104,263.3058,266.7456,270.1119,272.953,275.466,278.3306,281.6076,284.6437,287.7016,291.044,294.1532,297.2913,300.7199,303.9202,307.2892,311.8318,318.0977,325.7936,333.1187,339.1225,344.4021,349.5667,354.6144,359.2049,363.2781,367.1498,370.4998,373.3838,376.1381,378.8969,381.6584,384.5571,387.9298,391.8331,395.9479,400.4548,404.6841,407.6986,410.1745,413.3006,416.4988,419.4887,422.6746,425.7763,428.0799,430.2999,432.8535,435.539,438.0842,440.1512,441.8186,443.8796,446.4126,449.0798,451.7449,454.272,456.3228,457.8396,459.1403

Position (um) : 10.3153,10.3153,10.3153,10.3153,10.3153,10.3153,10.317,10.3246,10.3372,10.3448,10.3465,10.3465,10.3465,10.3465,10.3465,10.3465,10.3465,10.3465,10.3465,10.3465,10.3465,10.3465,10.3465,10.3465,10.3465,10.3465,10.3465,10.3482,10.3558,10.3683,10.3759,10.3776,10.3776,10.3776,10.3776,10.3797,10.3898,10.4049,10.4151,10.4193,10.4237,10.4339,10.4508,10.4688,10.4858,10.4963,10.5009,10.5039,10.5087,10.5195,10.5353,10.5463,10.5515,10.5551,10.5588,10.5627,10.5666,10.5723,10.584,10.6006,10.6124,10.6182,10.6223,10.6264,10.6303,10.6341,10.6377,10.6411,10.6442,10.6469,10.6494,10.6514,10.653,10.6559,10.6642,10.6769,10.6843,10.6855,10.6862,10.6924,10.7033,10.7089,10.7082,10.7056,10.7045,10.709,10.7182,10.7224,10.7222,10.7262,10.735,10.7388,10.7384,10.7423,10.7511,10.755,10.753,10.7512,10.7553,10.7644,10.7687,10.7672,10.7641,10.7628,10.7674,10.7771,10.7836,10.7902,10.8,10.8067,10.8135,10.8235,10.8287,10.8296,10.8348,10.845,10.852,10.8589,10.8692,10.8745

Intensity : 1674.4537,1659.5378,1621.9072,1585.0033,1597.4184,1607.3812,1629.3213,1680.944,1698.2558,1703.744,1700.9911,1698.608,1688.7501,1675.7405,1662.7309,1653.5264,1654.0071,1654.4878,1654.9947,1663.2265,1673.1807,1683.2807,1695.1767,1708.5238,1719.1909,1731.6561,1692.8926,1674.1416,1677.8845,1669.4531,1646.9841,1620.9236,1615.8108,1606.1226,1547.1027,1494.6811,1481.5835,1474.0686,1467.5076,1477.4132,1487.359,1506.5425,1537.9711,1557.7868,1569.5175,1581.7401,1595.2786,1609.4901,1619.5545,1622.3694,1627.1271,1630.9208,1633.3018,1628.9996,1617.6611,1606.7599,1592.2268,1575.1549,1553.084,1528.8502,1508.6428,1492.7264,1479.3889,1467.9251,1459.2477,1455.6531,1456.3232,1457.0413,1464.0987,1475.9172,1488.5868,1499.2219,1509.5235,1516.5863,1507.0053,1494.9769,1475.4868,1446.7819,1383.1615,1358.4709,1334.7712,1309.6056,1284.4505,1263.2578,1247.641,1257.114,1273.2847,1290.5339,1307.6582,1325.3804,1335.8235,1339.3009,1341.3267,1335.346,1324.9081,1312.0727,1293.7109,1273.9909,1265.5683,1268.2373,1264.936,1254.1493,1240.4851,1217.0075,1202.5421,1203.2485,1199.0242,1192.7153,1190.795,1186.2328,1187.7692,1195.4359,1192.6606,1184.13,1192.3293,1206.6124,1215.9086,1224.324,1236.1798,1241.7521

Time pixel : 5.35434,5.77277,6.43293,7.09693,7.77447,8.48469,9.20169,9.85656,10.4561,11.0238,11.5202,11.8992,12.2069,12.4987,12.7905,13.0823,13.3741,13.6659,13.9736,14.3367,14.746,15.1249,15.5039,15.9291,16.3952,16.9788,17.664,18.303,18.8153,19.2102,19.6051,20.0856,20.5821,21.0482,21.5764,22.2121,22.893,23.5116,24.0034,24.3775,24.7354,25.1392,25.5359,25.8678,26.0908,26.3042,26.5565,26.8241,27.0751,27.27,27.4179,27.6111,27.8589,28.1216,28.3835,28.6445,28.9048,29.1803,29.5106,29.9026,30.3035,30.7112,31.1124,31.505,31.8364,32.1295,32.4636,32.8458,33.1999,33.5566,33.9465,34.3091,34.6751,35.075,35.4483,35.8413,36.3711,37.1019,37.9995,38.8539,39.5542,40.17,40.7724,41.3611,41.8965,42.3716,42.8232,43.2139,43.5503,43.8716,44.1933,44.5154,44.8535,45.2469,45.7022,46.1821,46.7078,47.2011,47.5527,47.8415,48.2061,48.5791,48.9278,49.2994,49.6612,49.9299,50.1888,50.4867,50.7999,51.0968,51.3378,51.5323,51.7727,52.0682,52.3792,52.6901,52.9849,53.2241,53.401,53.5527

Position pixel : 96.67613,96.67613,96.67613,96.67613,96.67613,96.67613,96.69203,96.76329,96.88078,96.95204,96.96794,96.96794,96.96794,96.96794,96.96794,96.96794,96.96794,96.96794,96.96794,96.96794,96.96794,96.96794,96.96794,96.96794,96.96794,96.96794,96.96794,96.98384,97.0551,97.17258,97.24384,97.25974,97.25974,97.25974,97.25974,97.27949,97.37423,97.51543,97.61065,97.65078,97.69122,97.78736,97.94602,98.11426,98.27389,98.37197,98.41534,98.44355,98.48845,98.58958,98.73787,98.84092,98.88962,98.92344,98.95829,98.99411,99.03084,99.08427,99.19372,99.34986,99.46003,99.51482,99.55338,99.5913,99.62821,99.66371,99.69743,99.72895,99.75788,99.78385,99.80649,99.82549,99.84057,99.8674,99.94529,100.065,100.1344,100.1448,100.1517,100.2104,100.312,100.3643,100.3584,100.3339,100.3229,100.3652,100.452,100.491,100.4894,100.5264,100.609,100.6449,100.6413,100.6773,100.7598,100.7964,100.7783,100.7608,100.7995,100.8852,100.9255,100.9113,100.882,100.8694,100.9131,101.0036,101.0646,101.1262,101.2188,101.2815,101.3447,101.4387,101.4869,101.4959,101.5447,101.64,101.7053,101.7707,101.8666,101.9166

Brightness max : 1831.64
Brightness min :  0.00
Feature direction : Ambiguous
Feature speed : Slow
Feature type : Curve
Start frame : 1
End frame : 327
Start time (s) : 0.000
End time (s) : 2795.000
Time step (s) : 8.574

