KYMOANALYSIS DATA

General Information :

Tiff path : E:\Google Drive\microtubule dynamics and cut7\21-15 screens and tests\cut7-989 TailD\pkl1D, klp2D (from crossing)\
Spindle type : Bipolar
Start frame : 1
End frame : 206
Start time (s) : 0.000
End time (s) : 1839.000
Time step (s) : 8.971
Num poles : 2
Num tracks : 1
Num tracks poleward : 1
Num tracks antipoleward : 0
Num tracks ambiguous : 0
Comments : {

}
Poles Information :


Pole number : 1

Time (s) : 9.403781,10.65135,12.798,15.33882,18.19088,21.13428,24.13015,27.33912,30.33499,33.27839,36.13045,38.71694,41.15962,43.24539,45.10446,47.19023,49.54157,51.62734,53.39507,55.16281,57.33992,60.10063,62.86135,65.03846,66.89754,69.16599,72.42743,76.36381,80.03462,82.97803,85.15514,87.01422,89.09999,91.45132,93.53709,95.39617,97.48194,99.92462,102.4198,104.9538,107.4489,109.8916,111.9774,113.7451,115.4215,117.0979,118.7743,120.542,122.6278,124.9791,127.0649,128.924,131.1011,133.9531,137.1232,140.0666,142.7445,145.6879,148.9493,152.2107,155.0628,157.2399,159.099,161.1848,163.6274,166.3053,169.7494,174.1865,179.033,183.4701,186.9142,189.6834,192.5355,195.4789,198.4747,201.775,205.363,209.8914,215.0035,219.8584,224.8876,229.9996,234.2625,237.798,241.1508,244.5035,247.765,250.7084,253.3862,256.2383,259.0903,261.8595,265.2123,269.0573,272.3188,274.5872,276.355,278.0314,279.6164,280.8834,281.8849,283.1519,284.7369,286.4133,288.181,290.2668,292.6181,294.7953,297.1215,300.1853,303.6055,306.5854,309.5122,312.7565,316.4096,320.3276,323.9793,327.2209,330.0524,332.7088,335.948,339.587,342.4148,344.3923,346.7171,349.2673,351.3238,352.9696,354.5226,356.0739,357.6235,359.2627,361.3093,364.029,367.0646,369.8714,372.3191,374.7121,377.1553,379.7703,381.9735,383.3251,384.5305,385.8688,386.9781,387.8194,388.924,390.3444,391.8541,393.2705,394.3671,395.1965,396.29,397.6091,398.7005,399.5257,400.5248,401.5239,402.3491,403.3493,404.4419,405.6799,407.451,409.277,410.9706,412.8942,415.0872,417.019,418.6377,420.1703,421.7087,423.2534,424.8048,426.2721,427.4291,428.3285,429.4106,430.5015,431.4274,432.6282,434.0655,435.286,436.2511,437.4007,438.4693,438.9648

Position (um) : 1.6416,1.6308,1.6088,1.5851,1.564,1.543,1.5193,1.4962,1.4794,1.4632,1.4444,1.4244,1.4056,1.3905,1.3786,1.3635,1.3458,1.3307,1.3199,1.3086,1.2929,1.2709,1.252,1.239,1.224,1.2051,1.1852,1.1642,1.1404,1.1184,1.1065,1.0984,1.0855,1.0715,1.0607,1.0505,1.0396,1.0257,1.0117,0.99977,0.9847,0.96693,0.95186,0.93995,0.92597,0.91198,0.90007,0.885,0.86723,0.85216,0.84025,0.82518,0.80742,0.79235,0.78043,0.76536,0.74651,0.72657,0.70772,0.69265,0.68182,0.67271,0.66675,0.6608,0.65168,0.64194,0.63174,0.62092,0.60694,0.59404,0.587,0.58104,0.57301,0.56706,0.56001,0.54712,0.53313,0.52122,0.50724,0.49434,0.48839,0.4873,0.4873,0.4873,0.4873,0.4873,0.4873,0.4873,0.4873,0.4873,0.4873,0.4873,0.4873,0.4873,0.48839,0.49325,0.50128,0.50615,0.50832,0.51319,0.52122,0.52609,0.52826,0.53313,0.54225,0.55199,0.56219,0.57301,0.58793,0.60629,0.62574,0.64519,0.66463,0.68407,0.70351,0.72294,0.74237,0.7618,0.78231,0.8066,0.83405,0.85833,0.87882,0.89823,0.91762,0.93701,0.9564,0.97469,0.98811,0.99457,1.0021,1.0204,1.0477,1.0779,1.1112,1.1445,1.1746,1.203,1.2283,1.2535,1.2797,1.2989,1.3112,1.3256,1.3426,1.357,1.3681,1.3824,1.3994,1.4137,1.4238,1.4332,1.4421,1.4515,1.4605,1.4688,1.4739,1.4791,1.4863,1.4914,1.4966,1.5049,1.5149,1.5292,1.5473,1.5654,1.5787,1.5839,1.5843,1.5837,1.583,1.5824,1.5819,1.5802,1.5749,1.5664,1.56,1.5536,1.5452,1.5401,1.5376,1.5326,1.5244,1.5183,1.5123,1.5042

Intensity : 1319.9485,1335.9397,1370.8447,1393.2461,1403.6332,1400.5412,1407.2487,1415.0452,1398.9826,1386.3276,1384.4791,1387.5376,1393.5353,1398.9901,1395.2987,1397.1634,1406.9852,1420.5872,1432.7688,1451.2283,1482.0194,1519.4729,1546.1888,1560.553,1581.7683,1613.5717,1643.5004,1605.5077,1569.0594,1511.9952,1461.4131,1419.0582,1380.1243,1351.2485,1321.9719,1296.5305,1274.9228,1259.4609,1249.1048,1240.7629,1245.1448,1288.729,1322.5044,1347.9204,1380.2259,1409.5455,1419.833,1438.9867,1466.5644,1489.725,1479.8189,1473.996,1473.3287,1471.7865,1464.9615,1468.4231,1485.185,1464.2944,1447.1399,1437.0841,1423.5867,1414.7312,1406.5492,1397.5364,1400.8133,1407.9539,1401.9294,1364.4569,1322.3604,1298.8232,1283.0969,1269.3944,1254.2951,1238.8032,1232.0214,1242.1505,1253.6058,1248.9359,1244.8853,1227.4078,1215.5911,1209.3305,1207.5253,1213.8272,1219.8034,1228.355,1237.8302,1246.3814,1256.3588,1267.4863,1278.6139,1284.9105,1289.1451,1294.0013,1300.5808,1303.1217,1302.8861,1303.9669,1294.5434,1285.1201,1275.6974,1266.4745,1256.8929,1245.6452,1225.0774,1205.9736,1187.6115,1170.5025,1149.2748,1133.7419,1135.8082,1159.2834,1193.3248,1249.3622,1315.945,1401.6442,1487.7544,1518.5582,1554.7446,1598.3719,1639.262,1683.7173,1678.777,1671.509,1670.6411,1677.7126,1679.6366,1651.4994,1628.1427,1618.0856,1609.3231,1593.1809,1578.6124,1569.3673,1549.9592,1560.0508,1591.1353,1587.0163,1592.9605,1581.0607,1572.5177,1541.5957,1528.2573,1510.5902,1471.3255,1441.1038,1424.8685,1408.7107,1382.2296,1361.0826,1349.0455,1334.6142,1326.7598,1324.2936,1322.207,1319.045,1327.7892,1337.9614,1342.1316,1355.3396,1366.2928,1370.0815,1380.3671,1383.5593,1377.6621,1375.9018,1376.5146,1390.6991,1410.4135,1430.9792,1450.6817,1456.0807,1461.4798,1468.6092,1481.9019,1500.5086,1516.0149,1531.7475,1548.681,1560.0924,1566.7508,1579.5363,1599.8696,1616.706,1634.141,1655.6103

Time pixel : 1.04827,1.18734,1.42664,1.70987,2.0278,2.35591,2.68987,3.04759,3.38155,3.70966,4.02759,4.31592,4.58821,4.82072,5.02796,5.26047,5.52258,5.75509,5.95214,6.1492,6.39189,6.69964,7.00738,7.25007,7.45731,7.71018,8.07375,8.51255,8.92175,9.24986,9.49255,9.69979,9.9323,10.1944,10.4269,10.6342,10.8667,11.139,11.4171,11.6996,11.9777,12.25,12.4825,12.6796,12.8665,13.0533,13.2402,13.4373,13.6698,13.9319,14.1644,14.3716,14.6143,14.9322,15.2856,15.6137,15.9122,16.2404,16.6039,16.9675,17.2854,17.5281,17.7353,17.9679,18.2401,18.5387,18.9226,19.4172,19.9575,20.4521,20.836,21.1447,21.4626,21.7907,22.1247,22.4926,22.8926,23.3974,23.9672,24.5084,25.069,25.6389,26.1141,26.5082,26.882,27.2557,27.6193,27.9474,28.2459,28.5638,28.8817,29.1904,29.5642,29.9928,30.3564,30.6092,30.8063,30.9932,31.1699,31.3111,31.4227,31.564,31.7407,31.9275,32.1246,32.3571,32.6192,32.8619,33.1212,33.4627,33.844,34.1762,34.5024,34.8641,35.2713,35.7081,36.1151,36.4765,36.7921,37.0883,37.4493,37.855,38.1702,38.3907,38.6498,38.9341,39.1633,39.3468,39.5199,39.6928,39.8656,40.0483,40.2765,40.5796,40.918,41.2309,41.5038,41.7705,42.0429,42.3344,42.58,42.7306,42.865,43.0142,43.1378,43.2316,43.3548,43.5131,43.6814,43.8393,43.9615,44.054,44.1759,44.3229,44.4446,44.5366,44.648,44.7593,44.8513,44.9628,45.0846,45.2226,45.42,45.6236,45.8124,46.0268,46.2713,46.4866,46.6671,46.8379,47.0094,47.1816,47.3545,47.5181,47.6471,47.7473,47.868,47.9896,48.0928,48.2266,48.3869,48.5229,48.6305,48.7586,48.8778,48.933

Position pixel : 15.3853,15.2838,15.0775,14.8552,14.6582,14.4611,14.2388,14.0223,13.865,13.7136,13.5369,13.35,13.1734,13.0321,12.9205,12.7792,12.6127,12.4715,12.37,12.2643,12.1172,11.9109,11.7342,11.6124,11.4711,11.2944,11.1076,10.9105,10.6882,10.4819,10.3703,10.2941,10.1732,10.0421,9.94069,9.84509,9.74364,9.61258,9.48152,9.36989,9.22865,9.06214,8.9209,8.80927,8.67821,8.54716,8.43552,8.29428,8.12778,7.98654,7.8749,7.73366,7.56716,7.42592,7.31428,7.17304,6.99635,6.80948,6.63279,6.49155,6.3901,6.30468,6.24886,6.19304,6.10762,6.01635,5.92075,5.8193,5.68824,5.56737,5.50137,5.44555,5.37031,5.31449,5.24849,5.12762,4.99656,4.88493,4.75387,4.633,4.57718,4.567,4.567,4.567,4.567,4.567,4.567,4.567,4.567,4.567,4.567,4.567,4.567,4.567,4.57718,4.62282,4.69806,4.74369,4.76406,4.80969,4.88493,4.93057,4.95093,4.99656,5.08199,5.17326,5.26886,5.37031,5.5101,5.68221,5.86448,6.04673,6.22895,6.41115,6.59332,6.77547,6.95758,7.13966,7.3319,7.55954,7.81676,8.04433,8.2364,8.41824,8.60003,8.78177,8.96345,9.13488,9.26062,9.32123,9.39194,9.56309,9.81958,10.1022,10.4143,10.7264,11.0087,11.2749,11.5115,11.7479,11.9934,12.1738,12.289,12.4236,12.5833,12.7176,12.8222,12.9564,13.1157,13.2497,13.3438,13.432,13.5158,13.6038,13.6875,13.7654,13.8136,13.8618,13.9294,13.9777,14.026,14.104,14.198,14.332,14.5016,14.6713,14.7955,14.8447,14.8485,14.8423,14.8363,14.8306,14.8253,14.81,14.7596,14.68,14.6201,14.5607,14.4822,14.4337,14.4109,14.3632,14.2864,14.2295,14.173,14.0975

Pole type : Curve
Start frame : 1
End frame : 206
Start time (s) : 0.000
End time (s) : 1839.000
Time step (s) : 8.971

Pole number : 2

Time (s) : 15.43016,16.60583,18.19088,19.95861,22.04438,24.48706,27.07355,29.92561,32.68632,34.86343,36.72251,38.89962,41.66034,44.42105,46.59817,48.3659,50.13363,52.2194,54.57074,56.74785,59.10765,62.36909,66.39682,70.56835,74.59608,78.0402,81.12741,84.42773,87.83297,91.54267,95.21348,98.6576,102.0104,105.4545,109.2167,113.2444,117.0979,120.9514,124.8878,128.2406,130.9184,133.4524,135.9476,138.5729,141.4775,144.7778,148.183,151.8927,155.5635,159.0077,162.3604,165.7132,169.1573,172.9195,177.0386,181.2101,185.3292,189.0913,192.5355,195.7969,198.7403,201.4181,204.1788,206.5302,208.0323,209.3907,211.0671,213.1529,215.5955,218.0907,220.6247,223.2112,225.9719,228.4146,230.3261,232.5421,235.3553,238.5643,241.5601,244.5035,247.3556,249.9421,252.2934,253.9698,255.0626,256.3296,257.9147,259.5911,261.3588,263.4446,265.9786,268.9745,272.5015,275.6716,278.0314,280.2085,282.5598,284.6456,286.4133,288.0897,289.7661,291.5338,293.6196,296.1536,299.1495,302.6765,305.8466,308.115,309.9741,312.0599,314.5026,317.089,320.0324,323.2025,326.0546,328.2317,329.9994,331.6758,333.3522,335.0286,336.705,338.3814,340.0578,341.7342,343.5019,345.5877,347.939,350.0248,351.7925,353.4689,355.1453,356.913,359.0901,362.0335,365.7044,369.9148,374.587,379.7904,384.5456,388.081,390.7589,393.2016,395.2873,397.0551,398.7314,400.3165,401.5835,402.5849,403.852,405.437,407.1134,408.6984,409.9655,410.9669,412.2339,413.819,415.4953,417.1717,418.8481,420.5245,422.2009,423.8773,425.4623,426.7294,427.7308,428.9978,430.5829,432.1679,433.4349,434.4364,435.7034,437.1971,438.4641,439.4655,440.7325,442.2262,443.4933,444.4947,445.7617,447.3468,448.9318,450.1075

Position (um) : 9.47996,9.48105,9.48592,9.49503,9.50585,9.52092,9.53978,9.55972,9.57966,9.5996,9.61954,9.63947,9.65833,9.6734,9.68422,9.69442,9.70525,9.71923,9.73322,9.74513,9.7602,9.77905,9.79899,9.82002,9.84374,9.86684,9.88362,9.89977,9.91863,9.93748,9.95255,9.96446,9.97844,9.99243,10.0033,10.0135,10.0232,10.0323,10.0383,10.0442,10.0522,10.0571,10.0593,10.0642,10.0733,10.083,10.0921,10.0981,10.104,10.1132,10.1229,10.1331,10.1439,10.159,10.1778,10.1967,10.2118,10.2237,10.2377,10.2516,10.2625,10.2716,10.2775,10.2835,10.2915,10.2975,10.3034,10.3115,10.3174,10.3245,10.3374,10.3502,10.3573,10.3632,10.3724,10.3821,10.3923,10.402,10.4122,10.422,10.4322,10.4419,10.4521,10.4619,10.471,10.4758,10.4769,10.4769,10.4769,10.4769,10.4769,10.4769,10.4769,10.4769,10.4769,10.4769,10.4769,10.4769,10.4769,10.4758,10.471,10.4619,10.451,10.436,10.4171,10.3972,10.3772,10.3584,10.3433,10.3314,10.3163,10.2975,10.2775,10.2576,10.2377,10.2188,10.2048,10.1978,10.1907,10.1778,10.1639,10.1519,10.1369,10.1191,10.104,10.0932,10.083,10.0722,10.0582,10.0442,10.0334,10.0232,10.0124,9.9973,9.97844,9.9585,9.93857,9.91971,9.90573,9.89869,9.89273,9.8847,9.87875,9.87279,9.86476,9.85881,9.85285,9.84482,9.83995,9.83778,9.83291,9.8238,9.81406,9.80386,9.79412,9.78501,9.77905,9.77309,9.76507,9.75911,9.75316,9.74513,9.73917,9.73322,9.72519,9.72032,9.71923,9.72032,9.72519,9.73322,9.73808,9.74026,9.74513,9.75316,9.75802,9.7602,9.76507,9.77309,9.77905,9.78501,9.79303,9.7979

Intensity : 1442.7101,1441.8372,1441.6667,1435.5489,1416.4162,1395.5119,1379.9451,1378.6519,1385.0224,1397.0393,1381.3738,1353.4437,1330.2239,1315.6146,1315.2918,1318.7775,1324.8369,1324.008,1320.1331,1316.237,1316.2128,1326.7502,1338.9729,1359.2606,1370.7687,1384.5503,1399.1703,1399.7231,1403.5256,1399.5726,1399.4773,1402.2114,1420.5274,1443.0962,1467.2282,1486.3592,1506.8819,1521.7731,1534.5437,1524.3323,1509.7126,1501.462,1501.0813,1502.8878,1504.8764,1513.2226,1529.369,1550.8337,1587.3915,1628.7836,1664.8603,1680.1658,1690.4642,1685.9344,1679.1827,1674.4816,1665.1968,1663.4985,1687.3269,1698.7259,1701.149,1702.44,1707.5563,1711.3614,1703.3366,1697.0387,1690.2189,1682.5763,1674.1585,1660.3342,1649.7496,1641.8425,1617.595,1597.5744,1580.8318,1566.619,1573.9569,1593.6523,1615.138,1622.5866,1627.2112,1633.1321,1643.1713,1639.2129,1621.8001,1615.1246,1618.7988,1625.4728,1625.6132,1622.0039,1617.619,1612.4348,1631.6794,1649.9708,1663.5869,1660.7622,1657.2298,1654.0963,1651.4407,1652.0012,1663.239,1687.1273,1701.0247,1700.1583,1650.0599,1605.585,1582.066,1583.4061,1579.9109,1567.0761,1559.7686,1552.5462,1562.0878,1590.7329,1616.5804,1620.389,1631.0015,1642.3928,1634.1778,1631.42,1634.6699,1639.7444,1654.3514,1636.384,1624.5042,1618.7454,1617.4245,1619.054,1613.7407,1614.5539,1618.518,1610.1046,1595.3781,1576.5939,1570.2921,1587.0795,1637.3933,1671.9768,1663.228,1655.7091,1651.2486,1655.5258,1650.7639,1624.7012,1607.2808,1589.7325,1580.1677,1582.3805,1575.5103,1575.1986,1583.0429,1605.4686,1627.601,1636.4454,1646.4961,1644.1265,1632.7198,1622.0016,1614.9585,1605.7369,1603.8299,1617.8052,1628.3324,1638.3991,1651.1686,1659.347,1662.1438,1658.4037,1649.0901,1634.7771,1624.4907,1617.8199,1606.7391,1590.2826,1568.2685,1548.885,1530.8423,1515.6745,1503.264,1492.5165,1478.8239,1454.0527

Time pixel : 1.72006,1.85111,2.0278,2.22486,2.45737,2.72966,3.01799,3.33592,3.64366,3.88635,4.09359,4.33628,4.64403,4.95178,5.19447,5.39152,5.58858,5.82109,6.0832,6.32589,6.58894,6.95251,7.40149,7.86651,8.3155,8.69942,9.04357,9.41147,9.79106,10.2046,10.6138,10.9977,11.3715,11.7554,12.1748,12.6238,13.0533,13.4829,13.9217,14.2954,14.5939,14.8764,15.1546,15.4472,15.771,16.1389,16.5185,16.932,17.3412,17.7252,18.0989,18.4727,18.8566,19.276,19.7351,20.2001,20.6593,21.0787,21.4626,21.8262,22.1543,22.4528,22.7606,23.0227,23.1901,23.3415,23.5284,23.7609,24.0332,24.3114,24.5938,24.8822,25.1899,25.4622,25.6753,25.9223,26.2359,26.5936,26.9276,27.2557,27.5736,27.862,28.1241,28.3109,28.4328,28.574,28.7507,28.9376,29.1346,29.3671,29.6496,29.9836,30.3767,30.7301,30.9932,31.2359,31.498,31.7305,31.9275,32.1144,32.3013,32.4983,32.7308,33.0133,33.3473,33.7404,34.0938,34.3467,34.5539,34.7864,35.0587,35.3471,35.6752,36.0286,36.3465,36.5892,36.7862,36.9731,37.16,37.3469,37.5337,37.7206,37.9075,38.0943,38.2914,38.5239,38.786,39.0185,39.2156,39.4025,39.5893,39.7864,40.0291,40.3572,40.7664,41.2357,41.7566,42.3366,42.8667,43.2608,43.5593,43.8316,44.0641,44.2612,44.448,44.6247,44.766,44.8776,45.0188,45.1955,45.3824,45.5591,45.7003,45.812,45.9532,46.1299,46.3168,46.5036,46.6905,46.8774,47.0643,47.2511,47.4278,47.5691,47.6807,47.8219,47.9986,48.1753,48.3166,48.4282,48.5694,48.7359,48.8772,48.9888,49.1301,49.2966,49.4378,49.5494,49.6907,49.8674,50.0441,50.1751

Position pixel : 88.8469,88.857,88.9027,88.9881,89.0895,89.2308,89.4075,89.5943,89.7812,89.9681,90.155,90.3418,90.5185,90.6598,90.7612,90.8568,90.9583,91.0893,91.2204,91.332,91.4733,91.65,91.8368,92.0339,92.2562,92.4727,92.63,92.7814,92.9581,93.1348,93.276,93.3876,93.5187,93.6497,93.7512,93.8468,93.9381,94.0235,94.0793,94.1351,94.2104,94.256,94.2764,94.322,94.4074,94.4987,94.5841,94.6399,94.6957,94.7812,94.8724,94.968,95.0695,95.2107,95.3874,95.5641,95.7053,95.817,95.948,96.0791,96.1805,96.266,96.3218,96.3776,96.4528,96.5087,96.5645,96.6397,96.6955,96.7615,96.8824,97.0033,97.0693,97.1251,97.2105,97.3018,97.3974,97.4887,97.5843,97.6755,97.7711,97.8624,97.958,98.0493,98.1347,98.1803,98.1905,98.1905,98.1905,98.1905,98.1905,98.1905,98.1905,98.1905,98.1905,98.1905,98.1905,98.1905,98.1905,98.1803,98.1347,98.0493,97.9478,97.8066,97.6299,97.443,97.2562,97.0795,96.9382,96.8266,96.6854,96.5087,96.3218,96.1349,95.948,95.7713,95.6403,95.5743,95.5083,95.3874,95.2564,95.1447,95.0035,94.837,94.6957,94.5943,94.4987,94.3972,94.2662,94.1351,94.0337,93.9381,93.8366,93.6954,93.5187,93.3318,93.1449,92.9682,92.8372,92.7712,92.7154,92.6401,92.5843,92.5285,92.4533,92.3974,92.3416,92.2664,92.2208,92.2004,92.1548,92.0693,91.9781,91.8825,91.7912,91.7058,91.65,91.5941,91.5189,91.4631,91.4073,91.332,91.2762,91.2204,91.1452,91.0995,91.0893,91.0995,91.1452,91.2204,91.266,91.2864,91.332,91.4073,91.4529,91.4733,91.5189,91.5941,91.65,91.7058,91.781,91.8266

Pole type : Curve
Start frame : 1
End frame : 206
Start time (s) : 0.000
End time (s) : 1839.000
Time step (s) : 8.971

Feature Information :


Feature number : 1

Time (s) : 13.84512,15.33882,17.28078,19.10098,21.13428,23.22005,25.39716,27.7485,29.83426,31.69334,33.77911,36.13045,38.21622,40.07529,42.16106,44.42105,46.09744,47.19023,48.3659,49.54157,50.54301,51.81002,53.39507,54.98012,56.24713,57.24857,58.42424,59.59991,60.51001,61.45899,62.77846,64.72043,66.71485,68.48258,70.15897,71.83536,73.51175,75.18814,76.77319,78.0402,79.04164,80.30866,81.8937,83.47875,84.74576,85.7472,86.92287,88.18989,89.60071,91.45132,93.03637,94.12916,95.30482,96.48049,97.48194,98.6576,99.83327,100.8347,102.1017,103.6868,105.3632,107.0396,108.8073,110.9844,113.9278,117.5986,121.7177,125.7979,129.4162,132.0941,134.3625,136.8052,139.3917,142.2437,145.0958,147.6823,150.2163,152.8028,155.7462,159.099,162.7698,166.3882,169.384,171.9181,174.0952,176.2723,178.6236,180.8007,182.9778,185.4205,187.9157,190.3583,192.4441,194.2118,195.8882,197.5646,199.241,200.9174,202.6851,204.7709,207.2136,209.8001,212.7435,216.0963,219.7671,223.3854,226.4726,229.416,232.1768,234.3539,236.2129,238.3901,241.1508,244.0028,246.6807,249.6241,252.8855,256.1469,258.999,261.1761,262.9438,264.6202,266.2966,267.8817,269.24,270.6508,272.5928,274.5872,276.355,278.0314,279.7991,281.9762,284.7369,287.4976,289.6747,291.4425,293.1189,294.8866,296.9724,299.3237,301.5008,303.6779,306.1206,308.6158,311.0584,313.1442,314.8206,316.0876,317.089,318.2647,319.4404,320.4418,321.7088,323.2939,324.9703,326.5553,327.8223,328.8238,330.0908,331.6758,333.3522,335.0286,336.705,338.3814,340.0578,341.7342,343.4106,345.087,346.7633,348.4397,350.1161,351.7925,353.4689,355.1453,356.8217,358.4981,360.1745,361.8509,363.4359,364.7029,365.613,366.3793

Position (um) : 2.242,2.2409,2.236,2.2269,2.2161,2.2021,2.1881,2.1773,2.1671,2.1563,2.1423,2.1283,2.1175,2.1073,2.0975,2.0873,2.0776,2.0685,2.0625,2.0566,2.0474,2.0377,2.0275,2.0167,2.0027,1.9898,1.9828,1.9768,1.9677,1.9579,1.9477,1.9369,1.9229,1.909,1.897,1.8831,1.8691,1.8582,1.848,1.8383,1.8281,1.8184,1.8093,1.8033,1.7973,1.7893,1.7834,1.7774,1.7694,1.7634,1.7575,1.7494,1.7435,1.7375,1.7295,1.7235,1.7176,1.7096,1.7036,1.6976,1.6885,1.6788,1.6686,1.6578,1.6427,1.6228,1.5979,1.5711,1.5511,1.5381,1.5241,1.5102,1.4993,1.4891,1.4794,1.4692,1.4595,1.4503,1.4444,1.4373,1.4244,1.4116,1.4056,1.4034,1.3986,1.3894,1.3797,1.3706,1.3646,1.3587,1.3496,1.3398,1.3307,1.3248,1.3188,1.3108,1.3059,1.3048,1.3048,1.3048,1.3037,1.2989,1.2908,1.2849,1.2789,1.2709,1.2649,1.259,1.251,1.2461,1.245,1.245,1.245,1.245,1.245,1.245,1.245,1.245,1.245,1.245,1.245,1.245,1.245,1.2439,1.239,1.231,1.2261,1.2251,1.2251,1.2251,1.2251,1.2251,1.2261,1.231,1.239,1.245,1.251,1.2601,1.2698,1.2789,1.2849,1.2908,1.2999,1.3097,1.3199,1.3296,1.3398,1.3496,1.3587,1.3646,1.3706,1.3797,1.3894,1.3996,1.4094,1.4196,1.4293,1.4384,1.4444,1.4503,1.4595,1.4692,1.4794,1.4891,1.4993,1.5091,1.5182,1.5241,1.5301,1.5392,1.549,1.5581,1.564,1.57,1.578,1.5829,1.584,1.584,1.5851,1.5899,1.5979,1.6028

Intensity : 882.9581,880.6758,879.3539,878.6961,878.4162,883.9611,892.6399,897.2143,899.5556,906.0376,918.6321,925.2907,911.4756,902.0391,892.3752,884.2992,880.9443,882.7714,880.2481,878.2809,883.0318,887.3341,890.9346,888.1111,890.6693,894.8138,896.0799,897.3283,901.896,907.5913,914.1366,918.4265,926.091,922.54,917.6187,912.7994,906.0535,902.2473,900.9775,902.0783,905.1172,909.5328,897.9665,879.854,865.9272,855.0887,843.7735,832.477,821.041,816.293,814.2261,815.1818,816.2844,818.3819,822.8622,827.0488,828.0683,832.1449,831.1035,828.178,826.9274,827.9507,835.849,850.1937,873.5359,900.6459,911.1041,899.3646,874.6237,859.9463,850.2651,846.3571,844.2,838.6306,830.9099,826.3524,823.8327,822.6445,818.0433,813.9091,815.7872,828.6464,840.099,841.5719,839.5106,840.6109,835.3585,828.7798,823.9611,819.4975,814.8288,805.6228,798.0045,792.768,788.5881,785.1754,780.1958,774.856,769.0846,762.2749,760.4489,770.6981,784.0195,798.9877,813.7402,823.6452,827.957,830.3474,831.9873,825.5937,814.4691,801.8381,785.8212,769.1454,753.4168,736.1282,714.3151,690.077,668.8812,654.8727,645.4803,636.5732,627.6662,619.3287,612.2871,603.2025,590.283,576.7158,564.6079,553.1256,548.8523,543.9361,537.492,532.397,537.1153,541.1458,544.9657,548.4934,552.5325,556.746,560.4599,564.7059,574.0531,588.9135,603.4118,615.6508,620.2366,619.5549,618.5507,618.3729,618.0928,616.7111,615.764,617.4884,620.6949,622.7154,623.3796,623.1104,623.3266,623.3992,619.2817,613.7438,607.2338,600.1081,592.3394,585.7617,580.1018,575.5935,570.8765,564.3695,557.4439,551.5235,546.7911,541.5997,534.5496,529.1362,537.1455,548.6267,558.4473,562.1077,559.5445,559.8339

Time pixel : 1.54337,1.70987,1.92635,2.12925,2.35591,2.58842,2.83111,3.09323,3.32573,3.53297,3.76548,4.02759,4.2601,4.46734,4.69985,4.95178,5.13865,5.26047,5.39152,5.52258,5.63421,5.77545,5.95214,6.12883,6.27007,6.38171,6.51276,6.64382,6.74527,6.85106,6.99814,7.21462,7.43695,7.634,7.82088,8.00775,8.19462,8.38149,8.55819,8.69942,8.81106,8.9523,9.12899,9.30568,9.44692,9.55855,9.68961,9.83085,9.98812,10.1944,10.3711,10.4929,10.624,10.755,10.8667,10.9977,11.1288,11.2404,11.3817,11.5583,11.7452,11.9321,12.1291,12.3718,12.6999,13.1091,13.5683,14.0231,14.4265,14.725,14.9779,15.2502,15.5385,15.8564,16.1744,16.4627,16.7452,17.0335,17.3616,17.7353,18.1445,18.5479,18.8819,19.1643,19.407,19.6497,19.9118,20.1545,20.3972,20.6695,20.9476,21.2199,21.4524,21.6495,21.8364,22.0232,22.2101,22.397,22.594,22.8266,23.0989,23.3872,23.7153,24.089,24.4982,24.9016,25.2457,25.5738,25.8816,26.1243,26.3315,26.5742,26.882,27.1999,27.4984,27.8265,28.1901,28.5536,28.8716,29.1142,29.3113,29.4982,29.6851,29.8617,30.0132,30.1704,30.3869,30.6092,30.8063,30.9932,31.1902,31.4329,31.7407,32.0484,32.2911,32.4881,32.675,32.8721,33.1046,33.3667,33.6094,33.8521,34.1244,34.4025,34.6748,34.9073,35.0942,35.2354,35.3471,35.4781,35.6092,35.7208,35.8621,36.0387,36.2256,36.4023,36.5435,36.6552,36.7964,36.9731,37.16,37.3469,37.5337,37.7206,37.9075,38.0943,38.2812,38.4681,38.655,38.8418,39.0287,39.2156,39.4025,39.5893,39.7762,39.9631,40.15,40.3368,40.5135,40.6548,40.7562,40.8416

Position pixel : 21.0119,21.0017,20.956,20.8706,20.7692,20.6381,20.507,20.4056,20.31,20.2085,20.0775,19.9464,19.845,19.7494,19.6581,19.5625,19.4712,19.3858,19.33,19.2742,19.1888,19.0975,19.0019,18.9004,18.7694,18.6485,18.5825,18.5267,18.4413,18.35,18.2544,18.1529,18.0219,17.8908,17.7792,17.6481,17.5171,17.4156,17.32,17.2287,17.1331,17.0419,16.9565,16.9006,16.8448,16.7696,16.7138,16.6579,16.5827,16.5269,16.4711,16.3958,16.34,16.2842,16.209,16.1531,16.0973,16.0221,15.9663,15.9105,15.825,15.7338,15.6382,15.5367,15.3955,15.2086,14.9761,14.7242,14.5373,14.4155,14.2844,14.1534,14.0519,13.9563,13.865,13.7694,13.6782,13.5927,13.5369,13.4709,13.35,13.2292,13.1734,13.153,13.1074,13.0219,12.9307,12.8452,12.7894,12.7336,12.6482,12.5569,12.4715,12.4157,12.3599,12.2846,12.239,12.2288,12.2288,12.2288,12.2186,12.173,12.0977,12.0419,11.9861,11.9109,11.8551,11.7992,11.724,11.6784,11.6682,11.6682,11.6682,11.6682,11.6682,11.6682,11.6682,11.6682,11.6682,11.6682,11.6682,11.6682,11.6682,11.658,11.6124,11.5371,11.4915,11.4813,11.4813,11.4813,11.4813,11.4813,11.4915,11.5371,11.6124,11.6682,11.724,11.8094,11.9007,11.9861,12.0419,12.0977,12.1832,12.2744,12.37,12.4613,12.5569,12.6482,12.7336,12.7894,12.8452,12.9307,13.0219,13.1175,13.2088,13.3044,13.3957,13.4811,13.5369,13.5927,13.6782,13.7694,13.865,13.9563,14.0519,14.1432,14.2286,14.2844,14.3402,14.4257,14.5169,14.6023,14.6582,14.714,14.7892,14.8348,14.845,14.845,14.8552,14.9008,14.9761,15.0217

Brightness max : 1300.39
Brightness min : 245.00
Feature direction : Poleward
Feature speed : Slow
Feature type : Curve
Start frame : 1
End frame : 206
Start time (s) : 0.000
End time (s) : 1839.000
Time step (s) : 8.971

