KYMOANALYSIS DATA

General Information :

Tiff path : E:\Google Drive\microtubule dynamics and cut7\21-15 screens and tests\cut7-989 TailD\pkl1D, klp2D (from transformation)\
Spindle type : Bipolar
Start frame : 1
End frame : 262
Start time (s) : 0.000
End time (s) : 2344.000
Time step (s) : 8.981
Num poles : 2
Num tracks : 6
Num tracks poleward : 4
Num tracks antipoleward : 0
Num tracks ambiguous : 2
Comments : {

}
Poles Information :


Pole number : 1

Time (s) : 12.30238,12.9406,14.43911,16.45942,18.71259,21.37112,24.36815,27.02668,29.27984,31.41658,33.66974,36.32827,39.3253,41.98383,44.237,46.37373,48.51047,50.64721,52.78394,55.03711,57.69564,60.69267,63.3512,65.72079,68.49575,72.01457,75.53339,78.30835,80.56152,82.69825,84.83499,87.08816,89.74669,92.74371,95.51867,98.29363,101.2907,103.9492,106.3188,108.9773,111.9743,114.5164,116.2478,117.5243,119.1392,121.1595,123.2962,125.5494,128.3244,131.9596,136.3495,142.0159,149.9246,159.7372,170.3045,180.7553,190.0461,197.3274,203.3991,208.9878,213.3281,216.7909,220.204,224.4775,229.4949,234.2901,238.68,242.8371,246.5887,249.8855,252.999,255.6575,257.9107,260.0474,262.1841,264.3209,266.3412,267.9561,269.2326,270.8475,272.8678,275.121,278.0124,282.1694,287.1867,292.0984,297.0101,302.0275,306.3009,309.8306,313.4658,317.1011,320.3978,323.5113,326.1698,328.5394,331.4308,335.4714,340.0834,344.5401,349.1521,353.3091,356.7223,359.9522,363.1325,366.246,368.9045,371.1577,373.2944,375.4312,377.5679,379.7046,381.8414,383.9781,386.1148,388.2516,390.3883,392.5251,394.6618,396.7985,398.9353,401.072,403.3252,406.1001,409.6189,413.2542,416.551,419.6644,422.3229,424.5761,426.7128,428.8496,430.9863,433.123,435.2598,437.3965,439.5333,441.7864,444.6778,448.9513,454.2576,458.8695,461.9442,464.6523,467.1944,469.3311,470.9461,472.2225,473.8375,475.7414,477.3563,478.5163,479.6095,480.7695,482.268,483.7665,485.0429,486.6579,488.6782,490.8149,492.8352,494.3338

Position (um) : 2.6771,2.6655,2.6517,2.6326,2.6086,2.5846,2.5654,2.5516,2.5386,2.5262,2.5146,2.507,2.4994,2.4892,2.483,2.4802,2.474,2.4624,2.4487,2.4295,2.4069,2.3877,2.3725,2.3547,2.3369,2.3231,2.3101,2.2963,2.2785,2.2607,2.247,2.234,2.2202,2.201,2.177,2.153,2.1338,2.1186,2.0994,2.0754,2.0514,2.0323,2.0185,2.0069,1.9993,1.9903,1.9725,1.9499,1.9307,1.9142,1.8874,1.8442,1.7872,1.7187,1.6453,1.5767,1.5197,1.4751,1.4422,1.4154,1.3914,1.3722,1.357,1.3379,1.3139,1.2885,1.2645,1.2453,1.2301,1.2123,1.1945,1.1807,1.1691,1.1615,1.154,1.1437,1.1362,1.1286,1.1184,1.1108,1.1032,1.0916,1.0778,1.0586,1.0346,1.0092,0.98384,0.95984,0.94065,0.92548,0.90768,0.89126,0.88368,0.88229,0.88229,0.88229,0.88091,0.87471,0.86449,0.85829,0.85691,0.85552,0.84932,0.8391,0.8329,0.83152,0.83152,0.83014,0.82394,0.81372,0.80613,0.79855,0.78833,0.78213,0.77937,0.77317,0.76294,0.75675,0.75536,0.75536,0.75536,0.75536,0.75536,0.75536,0.75536,0.75536,0.75536,0.75675,0.76294,0.77455,0.78695,0.79994,0.81233,0.82532,0.83772,0.84932,0.85552,0.85829,0.86449,0.87471,0.88229,0.88988,0.9001,0.9063,0.90768,0.90906,0.91526,0.92548,0.93168,0.93445,0.94065,0.95225,0.96465,0.97626,0.98384,0.99142,1.003,1.0154,1.0284,1.0408,1.0524,1.0586

Intensity : 483.09003,488.06101,493.94581,502.74081,513.46694,522.71543,530.46383,534.95977,538.01306,541.78767,546.02938,546.97248,533.86546,523.56748,513.5703,505.07731,498.93053,494.58292,491.21055,489.82208,485.19348,474.95079,466.11996,469.63048,473.71313,477.78986,495.40274,512.06123,530.04042,561.21775,593.11497,629.36656,677.03094,739.36637,810.94619,888.6428,934.14028,978.00061,1034.7341,1087.5768,1105.2797,1111.8781,1116.7862,1117.0561,1093.9123,1060.8516,1036.9564,1010.3371,965.6473,884.61145,806.58621,772.65533,728.64381,685.02173,646.65996,649.45108,665.37782,703.48871,734.94027,781.25227,834.55888,873.04448,902.10262,946.84437,993.21132,1040.3814,1033.932,1021.4379,1007.9817,1003.43,992.7122,971.19541,950.7371,926.30586,938.72681,963.73995,984.84282,1004.1917,1025.9349,1044.3022,1064.7077,1093.1419,1129.2477,1170.3503,1224.0148,1265.8846,1312.9111,1323.3729,1337.382,1374.8422,1418.0879,1446.157,1452.7081,1448.8222,1458.3869,1466.9122,1479.9339,1466.928,1445.4019,1433.268,1417.6131,1382.1428,1356.2538,1342.9102,1331.3422,1310.8887,1292.1339,1281.5612,1282.2576,1292.917,1303.2137,1332.9741,1367.8138,1393.0598,1410.5139,1443.146,1484.0114,1516.2447,1538.5173,1555.1718,1570.9796,1586.7874,1603.4565,1620.4902,1640.2538,1659.5059,1649.6514,1639.6367,1623.0808,1549.074,1486.4626,1432.0283,1385.1948,1365.6979,1350.296,1337.4736,1316.6313,1306.8196,1304.503,1309.1864,1298.2881,1275.304,1231.7049,1193.0114,1154.5864,1132.2505,1120.3718,1116.2009,1104.4613,1086.2357,1068.7057,1062.7701,1052.5457,1030.8102,1007.111,984.57385,964.86431,931.49537,891.76996,851.63896,815.31198,785.15747

Time pixel : 1.36985,1.44091,1.60777,1.83273,2.08361,2.37963,2.71335,3.00937,3.26026,3.49818,3.74906,4.04508,4.3788,4.67482,4.92571,5.16363,5.40155,5.63947,5.87739,6.12828,6.4243,6.75801,7.05404,7.31789,7.62687,8.01869,8.4105,8.71949,8.97037,9.2083,9.44622,9.6971,9.99312,10.3268,10.6358,10.9448,11.2785,11.5745,11.8384,12.1344,12.4681,12.7512,12.944,13.0861,13.2659,13.4909,13.7288,13.9797,14.2887,14.6935,15.1823,15.8132,16.6938,17.7864,18.9631,20.1268,21.1613,21.972,22.6481,23.2704,23.7537,24.1393,24.5193,24.9952,25.5538,26.0878,26.5766,27.0395,27.4572,27.8243,28.171,28.467,28.7179,28.9558,29.1937,29.4316,29.6566,29.8364,29.9785,30.1584,30.3833,30.6342,30.9562,31.419,31.9777,32.5246,33.0715,33.6302,34.106,34.4991,34.9038,35.3086,35.6757,36.0224,36.3184,36.5822,36.9042,37.3541,37.8676,38.3639,38.8774,39.3403,39.7204,40.08,40.4341,40.7808,41.0768,41.3277,41.5656,41.8036,42.0415,42.2794,42.5173,42.7552,42.9932,43.2311,43.469,43.7069,43.9448,44.1828,44.4207,44.6586,44.9095,45.2185,45.6103,46.0151,46.3822,46.7288,47.0249,47.2758,47.5137,47.7516,47.9895,48.2274,48.4654,48.7033,48.9412,49.1921,49.514,49.9899,50.5807,51.0943,51.4366,51.7382,52.0212,52.2591,52.439,52.5811,52.7609,52.9729,53.1527,53.2819,53.4036,53.5328,53.6996,53.8665,54.0086,54.1884,54.4134,54.6513,54.8763,55.0431

Position pixel : 25.0903,24.9815,24.8524,24.6725,24.4476,24.2226,24.0428,23.9136,23.7919,23.6757,23.567,23.4959,23.4248,23.329,23.2709,23.245,23.1869,23.0782,22.949,22.7692,22.5572,22.3774,22.2352,22.0684,21.9015,21.7723,21.6506,21.5215,21.3546,21.1877,21.0586,20.9369,20.8077,20.6279,20.4029,20.178,19.9981,19.856,19.6762,19.4512,19.2263,19.0465,18.9173,18.8085,18.7375,18.6534,18.4866,18.2746,18.0948,17.9397,17.6888,17.284,16.7501,16.1074,15.4195,14.7768,14.2429,13.8251,13.5162,13.2653,13.0403,12.8605,12.7184,12.5385,12.3136,12.0757,11.8507,11.6709,11.5288,11.3619,11.195,11.0659,10.9571,10.8861,10.815,10.7192,10.6481,10.5771,10.4813,10.4102,10.3391,10.2304,10.1012,9.9214,9.69644,9.45852,9.2206,8.99564,8.81582,8.67369,8.50684,8.35294,8.28188,8.26892,8.26892,8.26892,8.25595,8.19785,8.10206,8.04396,8.03099,8.01803,7.95993,7.86414,7.80604,7.79307,7.79307,7.78011,7.72201,7.62622,7.55515,7.48409,7.38829,7.33019,7.30426,7.24616,7.15037,7.09227,7.07931,7.07931,7.07931,7.07931,7.07931,7.07931,7.07931,7.07931,7.07931,7.09227,7.15037,7.25913,7.37533,7.49705,7.61325,7.73497,7.85117,7.95993,8.01803,8.04396,8.10206,8.19785,8.26892,8.33998,8.43577,8.49387,8.50684,8.5198,8.5779,8.67369,8.73179,8.75772,8.81582,8.92458,9.04078,9.14954,9.2206,9.29167,9.40042,9.51662,9.63834,9.75455,9.8633,9.9214

Pole type : Curve
Start frame : 1
End frame : 262
Start time (s) : 0.000
End time (s) : 2344.000
Time step (s) : 8.981

Pole number : 2

Time (s) : 21.48754,23.33534,27.03746,32.50973,38.34858,44.12057,49.25433,53.18931,56.41919,59.07772,61.44732,64.10585,67.2193,70.39963,73.51309,76.17162,78.30835,79.9233,81.08331,82.17646,83.4529,85.47321,87.94845,90.38491,93.38194,96.26254,98.29363,100.5468,103.4274,106.2024,108.9773,111.9743,114.6329,117.0025,119.661,122.658,125.3166,127.6861,130.3447,133.4581,136.6385,139.7519,142.4104,144.6636,146.8004,149.0535,151.712,154.7091,157.3676,159.6208,161.7575,163.8942,166.031,168.1677,170.3045,172.4412,174.4615,176.0764,177.2365,178.3296,179.4896,181.1046,183.1249,185.2616,187.3983,189.5351,191.6718,193.8086,195.9453,198.082,200.2188,202.3555,204.4922,206.629,208.7657,210.9024,213.0392,215.1759,217.3127,219.4494,221.5861,223.7229,225.8596,227.9963,230.2495,233.0245,236.5433,240.1785,243.4753,246.5887,249.2473,251.5004,253.6372,255.7739,257.9107,260.1638,262.9388,266.4576,269.9764,272.7514,275.0045,277.1413,279.278,281.4148,283.5515,285.6882,287.825,289.9617,292.0984,294.2352,296.3719,298.5086,300.6454,302.7821,304.9189,307.0556,309.1923,311.3291,313.4658,315.6025,317.7393,319.876,322.0127,324.1495,326.2862,328.423,330.5597,332.6964,334.8332,336.9699,339.1066,341.2434,343.3801,345.5169,347.6536,349.7903,351.9271,354.0638,356.2005,358.4537,361.2287,364.8639,369.021,373.2944,377.5679,381.7249,385.4766,388.7734,392.0033,395.1836,398.297,400.9556,403.2087,405.3455,407.4822,409.6189,411.7557,413.8924,416.0292,418.2823,420.9409,423.9379,426.5964,428.8496,430.9863,433.123,435.2598,437.513,440.1715,443.2849,446.5817,450.3334,454.4904,458.6475,462.2827,465.0577,467.3108,469.4476,471.4679,473.0828,474.3593,475.9742,477.9945,480.2477,482.9062,486.0197,489.2,492.3135,494.972,497.3416,500.0001,502.9971,505.6557,507.9088,510.0456,512.1823,514.319,516.4558,518.5925,520.7292,522.866,524.8863,526.5012,527.7777,529.2762,530.7747,532.0512,533.6661,535.57,537.1849,538.3449,539.3217,539.8434

Position (um) : 9.46422,9.47319,9.49858,9.54177,9.59597,9.64938,9.68855,9.7167,9.74209,9.76748,9.79286,9.81825,9.84363,9.86902,9.89441,9.91841,9.9376,9.95138,9.96437,9.97676,9.98975,10.0035,10.0227,10.0467,10.0721,10.0975,10.1215,10.1407,10.1559,10.175,10.199,10.2244,10.2498,10.2752,10.3006,10.3246,10.3438,10.3576,10.3719,10.3905,10.4137,10.4337,10.4529,10.4707,10.4845,10.4975,10.5099,10.5215,10.5291,10.5366,10.5469,10.5531,10.5544,10.5544,10.5544,10.5544,10.5558,10.562,10.5736,10.586,10.599,10.6114,10.623,10.6292,10.6306,10.6306,10.6306,10.6306,10.6306,10.6306,10.6306,10.6306,10.6306,10.6306,10.6306,10.6306,10.6306,10.6306,10.6306,10.6306,10.6306,10.6306,10.6306,10.6306,10.6306,10.6306,10.6306,10.6306,10.6306,10.6306,10.6306,10.6306,10.6306,10.6306,10.6306,10.632,10.6382,10.6484,10.6546,10.656,10.656,10.6568,10.6602,10.6658,10.6692,10.67,10.67,10.67,10.67,10.67,10.67,10.67,10.67,10.67,10.67,10.67,10.67,10.67,10.67,10.67,10.67,10.67,10.67,10.67,10.67,10.67,10.67,10.67,10.67,10.67,10.67,10.67,10.67,10.67,10.67,10.67,10.67,10.67,10.67,10.67,10.67,10.67,10.67,10.67,10.67,10.67,10.67,10.67,10.67,10.67,10.67,10.67,10.67,10.67,10.67,10.67,10.67,10.67,10.67,10.67,10.67,10.67,10.67,10.67,10.67,10.67,10.6692,10.6658,10.6602,10.6554,10.6484,10.6368,10.623,10.6052,10.5874,10.5736,10.562,10.5558,10.5531,10.5469,10.5366,10.5304,10.5291,10.5277,10.5215,10.5099,10.4975,10.4859,10.4783,10.4707,10.4591,10.4467,10.4337,10.4213,10.4097,10.4021,10.3945,10.3829,10.3705,10.3589,10.3527,10.35,10.3438,10.3336,10.326,10.3184,10.3082,10.302,10.2992,10.293,10.2814,10.269,10.2574

Intensity : 582.3911,595.04909,618.89825,676.62992,725.10256,764.27313,789.07444,803.9132,812.32215,817.27461,820.31653,824.74051,835.1047,852.70051,894.16594,948.77598,993.53711,1028.6843,1057.742,1090.4875,1130.5703,1193.6897,1280.085,1353.4619,1399.1939,1452.7594,1501.5323,1533.8338,1554.364,1584.7612,1594.1231,1567.7782,1548.4492,1519.2942,1517.0828,1529.8463,1552.4052,1523.3442,1476.8879,1430.2572,1377.146,1321.5195,1277.7968,1240.0918,1219.0267,1201.5497,1186.5022,1170.1575,1155.8863,1144.627,1136.6293,1163.7784,1191.1032,1218.1724,1245.2417,1259.6636,1272.2479,1287.1613,1299.7344,1312.432,1326.8128,1377.4986,1443.6132,1510.9926,1575.6703,1635.2883,1689.5932,1743.8981,1798.203,1844.1487,1862.9776,1881.8066,1900.6356,1918.0657,1893.9409,1869.816,1845.6912,1821.5663,1781.8985,1739.036,1696.1734,1653.3109,1630.7961,1620.4154,1609.4691,1595.9878,1601.6915,1611.2814,1620.5191,1630.4287,1638.8903,1645.9194,1644.4697,1643.0201,1641.5704,1641.6688,1638.6772,1636.0783,1628.108,1616.0279,1604.9512,1595.4455,1587.6032,1580.1172,1569.8296,1555.9166,1540.9763,1526.2252,1511.474,1496.7229,1481.9831,1473.18,1464.3769,1455.5738,1446.7707,1434.9266,1422.3168,1409.7069,1397.0971,1383.0697,1368.0807,1353.0916,1338.1026,1328.6263,1327.6746,1326.7229,1325.7712,1326.6244,1335.1896,1343.7548,1352.32,1360.8851,1366.6335,1372.3437,1378.0538,1383.7639,1387.4234,1390.5164,1393.6094,1396.8709,1388.2262,1370.4159,1355.0775,1360.7876,1364.4654,1347.3388,1331.8824,1291.6951,1245.3013,1199.2595,1112.2434,1037.9418,974.96946,918.20921,863.72516,809.24111,754.75706,719.13856,716.75934,714.25049,711.29026,725.76092,748.55464,767.87284,786.1928,813.6103,841.45145,870.79492,905.57687,953.22643,1005.2077,1067.1281,1136.2868,1215.6548,1327.1811,1409.6041,1471.8805,1512.9044,1552.3756,1579.457,1594.0966,1617.6996,1669.3462,1727.096,1788.931,1831.423,1832.5369,1840.7963,1856.5497,1876.9202,1903.5317,1921.8058,1893.3181,1874.8533,1864.0053,1856.0141,1818.9838,1784.436,1753.8449,1727.0873,1667.391,1608.6517,1558.4609,1519.4801,1477.7719,1418.196,1357.6672,1281.113,1190.5138,1115.5883,1065.5795,1029.204,1014.2991

Time pixel : 2.3926,2.59835,3.01057,3.6199,4.27004,4.91274,5.48438,5.92253,6.28217,6.57819,6.84204,7.13807,7.48474,7.83887,8.18554,8.48157,8.71949,8.89931,9.02847,9.15019,9.29232,9.51728,9.79289,10.0642,10.3979,10.7187,10.9448,11.1957,11.5164,11.8254,12.1344,12.4681,12.7642,13.028,13.324,13.6577,13.9538,14.2176,14.5136,14.8603,15.2144,15.5611,15.8571,16.108,16.3459,16.5968,16.8929,17.2266,17.5226,17.7735,18.0114,18.2493,18.4872,18.7252,18.9631,19.201,19.426,19.6058,19.7349,19.8567,19.9858,20.1657,20.3906,20.6285,20.8665,21.1044,21.3423,21.5802,21.8181,22.0561,22.294,22.5319,22.7698,23.0077,23.2457,23.4836,23.7215,23.9594,24.1974,24.4353,24.6732,24.9111,25.149,25.387,25.6379,25.9468,26.3387,26.7434,27.1105,27.4572,27.7532,28.0041,28.242,28.4799,28.7179,28.9688,29.2777,29.6696,30.0614,30.3704,30.6212,30.8592,31.0971,31.335,31.5729,31.8108,32.0488,32.2867,32.5246,32.7625,33.0005,33.2384,33.4763,33.7142,33.9521,34.1901,34.428,34.6659,34.9038,35.1418,35.3797,35.6176,35.8555,36.0934,36.3314,36.5693,36.8072,37.0451,37.283,37.521,37.7589,37.9968,38.2347,38.4727,38.7106,38.9485,39.1864,39.4243,39.6623,39.9131,40.2221,40.6269,41.0898,41.5656,42.0415,42.5044,42.9221,43.2892,43.6488,44.003,44.3496,44.6457,44.8965,45.1345,45.3724,45.6103,45.8482,46.0861,46.3241,46.575,46.871,47.2047,47.5007,47.7516,47.9895,48.2274,48.4654,48.7162,49.0123,49.3589,49.726,50.1438,50.6067,51.0695,51.4743,51.7833,52.0342,52.2721,52.4971,52.6769,52.819,52.9988,53.2238,53.4747,53.7707,54.1174,54.4715,54.8182,55.1142,55.3781,55.6741,56.0078,56.3038,56.5547,56.7926,57.0305,57.2685,57.5064,57.7443,57.9822,58.2201,58.4451,58.6249,58.7671,58.9339,59.1008,59.2429,59.4227,59.6347,59.8145,59.9437,60.0525,60.1106

Position pixel : 88.69938,88.78341,89.02133,89.42611,89.93413,90.4347,90.80178,91.06563,91.30356,91.54148,91.7794,92.01732,92.25524,92.49316,92.73108,92.95604,93.13586,93.26503,93.38675,93.50295,93.62467,93.75384,93.93366,94.15861,94.39654,94.63446,94.85942,95.03924,95.18137,95.36119,95.58614,95.82407,96.06199,96.29991,96.53783,96.76279,96.94261,97.07177,97.20646,97.38076,97.59827,97.78554,97.96536,98.13222,98.26138,98.3831,98.4993,98.60806,98.67912,98.75019,98.84598,98.90408,98.91705,98.91705,98.91705,98.91705,98.93001,98.98811,99.09687,99.21307,99.33479,99.45099,99.55975,99.61785,99.63081,99.63081,99.63081,99.63081,99.63081,99.63081,99.63081,99.63081,99.63081,99.63081,99.63081,99.63081,99.63081,99.63081,99.63081,99.63081,99.63081,99.63081,99.63081,99.63081,99.63081,99.63081,99.63081,99.63081,99.63081,99.63081,99.63081,99.63081,99.63081,99.63081,99.63081,99.64378,99.70188,99.79767,99.85577,99.86873,99.86873,99.87589,99.90794,99.96079,99.99285,100,100,100,100,100,100,100,100,100,100,100,100,100,100,100,100,100,100,100,100,100,100,100,100,100,100,100,100,100,100,100,100,100,100,100,100,100,100,100,100,100,100,100,100,100,100,100,100,100,100,100,100,100,100,100,100,100,100,100,100,100,99.99285,99.96079,99.90794,99.86292,99.79767,99.68891,99.55975,99.39289,99.22603,99.09687,98.98811,98.93001,98.90408,98.84598,98.75019,98.69209,98.67912,98.66616,98.60806,98.4993,98.3831,98.27435,98.20328,98.13222,98.02346,97.90726,97.78554,97.66934,97.56058,97.48952,97.41845,97.3097,97.19349,97.08474,97.02664,97.00071,96.94261,96.84682,96.77575,96.70469,96.6089,96.55079,96.52487,96.46677,96.35801,96.24181,96.13305

Pole type : Curve
Start frame : 1
End frame : 262
Start time (s) : 0.000
End time (s) : 2344.000
Time step (s) : 8.981

Feature Information :


Feature number : 1

Time (s) : 48.6269,49.49797,52.27293,57.29027,63.46763,69.76141,75.53339,80.44509,84.83499,89.10846,93.38194,97.53898,101.2907,104.8203,108.9773,113.4729,117.4078,121.1595,124.7948,128.2079,131.9596,136.1167,140.1573,143.2707,145.1854,146.9168,148.9371,151.1903,154.0816,158.2387,163.256,168.1677,173.1958,178.8514,184.507,189.4187,193.6921,197.5602,201.4952,206.1072,210.786,215.0595,218.6947,221.5861,224.3611,227.4745,230.6549,233.7683,236.5433,239.3182,242.3153,244.9738,247.3434,250.1184,253.6372,257.2724,260.6856,264.4373,268.4779,272.2296,275.5263,278.7562,282.1694,286.3264,290.9384,295.3952,300.24,305.4406,310.5744,314.7315,317.7393,320.5142,323.5113,326.2862,329.1776,332.6964,336.2153,338.9902,341.2434,343.3801,345.5169,347.6536,349.7903,351.9271,354.0638,356.2005,358.3373,360.474,362.7272,365.5021,369.021,372.5398,375.3147,377.5679,379.8211,382.596,386.1148,389.6337,392.4086,395.0111,398.946,404.7073,410.13,413.6596,416.0292,418.1659,420.3026,422.4394,424.5761,426.5964,428.2114,429.4878,430.9863,432.4848,433.7613,435.3762,437.2801,438.895,440.1715,441.7864,443.8067,445.9435,448.0802,450.2169,452.3537,454.4904,456.5107,458.1257,459.4021,461.0171,463.0374,465.1741,467.3108,469.4476,471.5843,473.721,475.7414,477.2399

Position (um) : 9.31811,9.32971,9.34349,9.36268,9.38807,9.41965,9.45526,9.48684,9.51361,9.53762,9.5568,9.57197,9.58977,9.60896,9.62894,9.65215,9.67213,9.6927,9.7167,9.74209,9.76748,9.79148,9.81067,9.82445,9.83605,9.84225,9.84502,9.8526,9.8704,9.89441,9.91979,9.94518,9.96918,9.98837,10.0022,10.0138,10.02,10.0213,10.0213,10.0227,10.0289,10.0391,10.0453,10.0467,10.0481,10.0543,10.0645,10.0707,10.0735,10.0797,10.0913,10.1037,10.1167,10.1291,10.1421,10.1545,10.1661,10.1723,10.1737,10.1737,10.1737,10.175,10.1812,10.1915,10.1977,10.199,10.2004,10.2066,10.2168,10.223,10.2244,10.2244,10.2244,10.2244,10.2244,10.2244,10.2244,10.2244,10.2244,10.2244,10.2244,10.2258,10.232,10.2422,10.2484,10.2498,10.2498,10.2498,10.2498,10.2498,10.2498,10.2498,10.2498,10.2498,10.2498,10.2512,10.2574,10.2676,10.2738,10.2752,10.2752,10.2752,10.2752,10.2752,10.2752,10.2752,10.2738,10.2676,10.2574,10.2498,10.2422,10.232,10.2244,10.2168,10.2052,10.1928,10.1799,10.1675,10.1545,10.1407,10.1215,10.0989,10.0797,10.0659,10.0529,10.0405,10.0275,10.0151,10.0022,9.98837,9.96918,9.94518,9.91979,9.89441,9.86902,9.84363,9.81963,9.80183

Intensity : 800.92665,801.83278,805.27051,804.22014,808.99351,827.281,886.57003,960.82573,1040.9282,1116.587,1163.1711,1208.6767,1232.5841,1243.7891,1220.3135,1143.4593,1088.0616,1049.6368,1013.8408,969.36012,926.47852,881.44894,831.05742,791.65414,779.62328,773.38985,767.36834,759.33941,744.11556,718.14707,699.40807,711.94004,721.4447,729.97318,794.9902,855.26342,888.77263,920.11934,921.65398,923.36067,885.75552,849.79663,832.98395,820.48069,808.5457,808.74697,810.79477,812.12276,817.99626,825.66864,837.18275,855.50428,872.84948,891.46956,904.0447,912.51251,920.52264,909.1003,891.98598,867.36103,843.46423,823.18341,824.10386,824.65194,826.92688,828.89984,826.38582,823.68347,822.68905,821.86677,825.14894,827.89263,830.35979,826.25142,821.97068,816.3336,807.41259,800.37745,794.66517,768.2744,741.59855,714.98035,688.47835,674.40941,665.10268,654.76427,643.99685,629.33571,610.90808,588.21293,567.59457,574.42542,579.81227,585.07844,594.84949,607.68422,626.05985,664.40357,692.04342,716.06765,775.32831,858.2756,892.27103,911.85716,915.57703,918.93135,923.27615,926.49795,907.92383,886.87973,868.45217,849.15502,827.91831,818.38496,808.73577,796.38607,781.29291,766.91201,753.89376,745.1965,736.14102,727.38984,719.43517,713.68509,706.32466,696.06273,684.42978,680.94855,682.24969,681.59923,676.96434,666.25349,652.5166,653.33772,648.7246,638.67724,624.17919,615.58609

Time pixel : 5.41451,5.51151,5.82049,6.37916,7.067,7.7678,8.4105,8.95741,9.44622,9.92206,10.3979,10.8608,11.2785,11.6715,12.1344,12.635,13.0731,13.4909,13.8957,14.2757,14.6935,15.1563,15.6063,15.9529,16.1661,16.3589,16.5839,16.8348,17.1567,17.6196,18.1783,18.7252,19.285,19.9148,20.5445,21.0914,21.5673,21.998,22.4361,22.9496,23.4706,23.9465,24.3512,24.6732,24.9822,25.3289,25.683,26.0297,26.3387,26.6476,26.9814,27.2774,27.5412,27.8502,28.242,28.6468,29.0269,29.4446,29.8945,30.3123,30.6793,31.039,31.419,31.8819,32.3954,32.8917,33.4312,34.0102,34.5819,35.0448,35.3797,35.6887,36.0224,36.3314,36.6533,37.0451,37.4369,37.7459,37.9968,38.2347,38.4727,38.7106,38.9485,39.1864,39.4243,39.6623,39.9002,40.1381,40.389,40.698,41.0898,41.4816,41.7906,42.0415,42.2924,42.6013,42.9932,43.385,43.694,43.9837,44.4219,45.0634,45.6672,46.0602,46.3241,46.562,46.7999,47.0378,47.2758,47.5007,47.6805,47.8227,47.9895,48.1564,48.2985,48.4783,48.6903,48.8701,49.0123,49.1921,49.417,49.655,49.8929,50.1308,50.3687,50.6067,50.8316,51.0114,51.1536,51.3334,51.5583,51.7963,52.0342,52.2721,52.51,52.7479,52.9729,53.1398

Position pixel : 87.33,87.4387,87.5679,87.7477,87.9856,88.2816,88.6154,88.9114,89.1623,89.3872,89.567,89.7092,89.876,90.0558,90.2431,90.4606,90.6479,90.8407,91.0656,91.3036,91.5415,91.7664,91.9463,92.0754,92.1842,92.2423,92.2682,92.3393,92.5061,92.7311,92.969,93.2069,93.4319,93.6117,93.7409,93.8496,93.9077,93.9207,93.9207,93.9337,93.9918,94.0875,94.1457,94.1586,94.1716,94.2297,94.3255,94.3836,94.4095,94.4676,94.5764,94.6926,94.8143,94.9305,95.0522,95.1684,95.2772,95.3353,95.3482,95.3482,95.3482,95.3612,95.4193,95.5151,95.5732,95.5861,95.5991,95.6572,95.753,95.8111,95.8241,95.8241,95.8241,95.8241,95.8241,95.8241,95.8241,95.8241,95.8241,95.8241,95.8241,95.837,95.8951,95.9909,96.049,96.062,96.062,96.062,96.062,96.062,96.062,96.062,96.062,96.062,96.062,96.075,96.1331,96.2288,96.2869,96.2999,96.2999,96.2999,96.2999,96.2999,96.2999,96.2999,96.2869,96.2288,96.1331,96.062,95.9909,95.8951,95.8241,95.753,95.6442,95.528,95.4063,95.2901,95.1684,95.0392,94.8594,94.6474,94.4676,94.3384,94.2167,94.1005,93.9788,93.8626,93.7409,93.6117,93.4319,93.2069,92.969,92.7311,92.4932,92.2552,92.0303,91.8634

Brightness max : 1263.00
Brightness min : 263.00
Feature direction : Ambiguous
Feature speed : Slow
Feature type : Curve
Start frame : 1
End frame : 262
Start time (s) : 0.000
End time (s) : 2344.000
Time step (s) : 8.981

Feature number : 2

Time (s) : 9.53281,11.47226,15.77377,21.47676,26.38845,30.55628,35.40111,41.12354,47.23403,52.43466,56.30277,59.19415,61.96911,64.96614,67.7411,70.51606,73.51309,76.17162,78.54121,81.19974,84.3132,87.72638,91.99985,96.90076,101.2907,105.5749,111.3469,118.1517,124.0401,128.7297,133.4581,138.2534,143.1651,148.2989,153.2106,158.2387,163.8942,169.6662,175.2161,180.9881,186.6437,191.5554,195.9453,200.1023,203.854,207.1508,210.2642,212.9228,215.2923,217.9509,220.9479,223.6064,225.8596,227.9963,230.1331,232.2698,234.4065,236.5433,238.68,240.8168,242.9535,245.0902,247.227,249.3637,251.5004,253.6372,255.7739,257.9107,260.0474,262.1841,264.3209,266.574,269.2326,272.2296,274.8881,277.1413,279.278,281.4148,283.5515,285.6882,287.825,289.8453,291.5766,293.3749,295.8501,298.3922,300.529,302.1439,303.4203,304.9189,306.4174,307.6938,309.3088,311.3291,313.3494,314.9643,316.1243,317.1011

Position (um) : 4.7142,4.7066,4.6888,4.6662,4.647,4.6305,4.6051,4.5709,4.5393,4.5125,4.4871,4.4631,4.4439,4.4288,4.4096,4.3856,4.3616,4.3424,4.3272,4.3081,4.284,4.2587,4.2319,4.2003,4.1647,4.1317,4.0988,4.0632,4.0316,4.0048,3.9794,3.954,3.9286,3.9033,3.8779,3.8525,3.8271,3.8003,3.7701,3.7407,3.7207,3.7064,3.6926,3.6748,3.657,3.6432,3.6302,3.6164,3.5986,3.5808,3.5657,3.5478,3.53,3.5163,3.5033,3.4909,3.4779,3.4641,3.4463,3.4285,3.4133,3.3955,3.3777,3.3639,3.351,3.3386,3.3256,3.3118,3.294,3.2762,3.2624,3.2494,3.2356,3.2178,3.2,3.1862,3.1733,3.1609,3.1479,3.1355,3.1239,3.1163,3.1073,3.0895,3.0669,3.0491,3.0401,3.0325,3.0223,3.0147,3.0072,2.9969,2.9907,2.9894,2.988,2.9818,2.9715,2.9653

Intensity : 446.5466,446.8221,446.6969,440.782,436.7146,425.9351,416.6507,405.4078,393.7528,386.3286,385.3132,387.6011,389.5608,391.4976,396.4128,403.7344,409.2826,412.5906,415.0817,418.5884,419.2723,418.8828,421.0351,432.1048,442.1951,441.1856,442.2874,449.8326,448.8252,444.79,439.59,431.0717,417.6808,412.7879,413.1399,410.5017,406.2663,405.0397,402.6186,400.6744,396.9539,394.1895,393.4418,399.3278,408.3708,416.6735,426.7989,437.2599,449.4363,455.675,459.5779,465.3582,466.671,461.7587,455.0396,448.1861,443.3181,441.4863,441.7224,442.6731,442.0214,436.0045,430.464,424.3973,418.6402,421.5521,424.9083,428.7894,430.8372,432.0147,433.7457,436.3768,440.4105,438.5061,436.9869,432.3637,429.3532,427.6214,427.245,428.0869,429.1522,426.9542,426.1559,427.9113,430.1412,433.8099,435.3791,436.7918,439.097,440.5615,441.1712,442.4805,442.2554,440.1718,438.0941,435.0301,431.3786,428.1114

Time pixel : 1.06146,1.27741,1.75638,2.3914,2.9383,3.40238,3.94185,4.57903,5.25942,5.8385,6.26921,6.59116,6.90014,7.23386,7.54284,7.85183,8.18554,8.48157,8.74542,9.04144,9.38812,9.76817,10.244,10.7897,11.2785,11.7556,12.3983,13.156,13.8116,14.3338,14.8603,15.3943,15.9412,16.5128,17.0597,17.6196,18.2493,18.892,19.51,20.1527,20.7824,21.3293,21.8181,22.281,22.6988,23.0658,23.4125,23.7085,23.9724,24.2684,24.6021,24.8982,25.149,25.387,25.6249,25.8628,26.1007,26.3387,26.5766,26.8145,27.0524,27.2903,27.5283,27.7662,28.0041,28.242,28.4799,28.7179,28.9558,29.1937,29.4316,29.6825,29.9785,30.3123,30.6083,30.8592,31.0971,31.335,31.5729,31.8108,32.0488,32.2737,32.4665,32.6667,32.9424,33.2254,33.4633,33.6432,33.7853,33.9521,34.119,34.2611,34.4409,34.6659,34.8909,35.0707,35.1999,35.3086

Position pixel : 44.1821,44.111,43.9442,43.7322,43.5524,43.3973,43.1594,42.8386,42.5426,42.2917,42.0538,41.8288,41.649,41.5069,41.3271,41.1021,40.8771,40.6973,40.5552,40.3754,40.1504,39.9125,39.6616,39.3656,39.0319,38.7229,38.4139,38.0802,37.7842,37.5333,37.2954,37.0574,36.8195,36.5816,36.3437,36.1057,35.8678,35.6169,35.3339,35.0583,34.871,34.7363,34.6071,34.4403,34.2734,34.1443,34.0225,33.8934,33.7265,33.5597,33.4175,33.2507,33.0838,32.9547,32.8329,32.7167,32.595,32.4659,32.299,32.1321,31.99,31.8232,31.6563,31.5271,31.4054,31.2892,31.1675,31.0383,30.8715,30.7046,30.5754,30.4537,30.3246,30.1577,29.9908,29.8617,29.74,29.6238,29.502,29.3858,29.2771,29.206,29.122,28.9551,28.7431,28.5763,28.4923,28.4212,28.3254,28.2543,28.1833,28.0875,28.0294,28.0164,28.0034,27.9453,27.8496,27.7915

Brightness max : 447.79
Brightness min : 263.00
Feature direction : Ambiguous
Feature speed : Slow
Feature type : Curve
Start frame : 1
End frame : 262
Start time (s) : 0.000
End time (s) : 2344.000
Time step (s) : 8.981

Feature number : 3

Time (s) : 8.980843,9.039057,9.416382,10.48475,12.36059,15.07733,18.59616,22.11498,24.88994,27.25953,30.03449,33.55331,37.18856,40.48532,43.59877,46.2573,48.51047,50.76363,53.42216,56.41919,59.07772,61.33089,63.46763,65.60436,67.7411,69.87783,72.01457,74.15131,76.28804,78.42478,80.44509,82.06003,83.33648,84.95142,86.97173,89.10846,91.2452,93.38194,95.51867,97.65541,99.79215,101.9289,104.0656,106.2024,108.3391,110.4758,112.6126,114.7493,116.886,119.0228,121.1595,123.4127,126.0712,129.0682,131.7268,133.9799,136.1167,138.3698,141.0284,144.0254,146.6839,148.9371,151.1903,153.8488,156.9622,160.259,163.8942,167.5295,170.8262,173.9397,176.5982,178.8514,180.9881,183.1249,185.2616,187.3983,189.5351,191.6718,193.8086,195.8289,197.4438,198.7202,200.3352,202.3555,204.4922,206.629,208.6493,210.2642,211.4242,212.5174,213.561,214.6541,215.8141,217.3127,218.8112,219.9712,221.0643,222.2244,223.7229,225.105,225.8596,226.6143,228.1128,230.1331,232.1534,233.7683,234.9283,236.0215,237.1815,238.7965,240.8168,242.9535,245.0902,247.227,249.2473,250.8622,252.0222,253.1154,254.2754,255.7739,257.2724,258.5489,260.1638,262.0677,263.6826,264.9591,266.6905,269.2326,272.1132,274.3663,276.1646,278.118,279.7998,281.5312,283.5515,285.6882,287.9414,290.5999,293.597,296.2555,298.5086,300.6454,302.7821,304.8024,306.4174,307.6938,309.3088,311.3291,313.4658,315.6025,317.6228,319.2378,320.5142,322.1292,324.0331,325.648,326.808,327.9012,328.9448,329.9215,330.4433,330.6761,331.1979,332.0582,332.58,332.6964,332.8129,333.3347,334.1949,334.7167

Position (um) : 5.7565,5.7565,5.7565,5.7565,5.7565,5.7565,5.7565,5.7565,5.7565,5.7565,5.7565,5.7565,5.7565,5.7565,5.7565,5.7565,5.7565,5.7565,5.7565,5.7565,5.7565,5.7565,5.7565,5.7565,5.7565,5.7565,5.7565,5.7565,5.7565,5.7565,5.7551,5.7489,5.7386,5.7324,5.7311,5.7311,5.7311,5.7311,5.7311,5.7311,5.7311,5.7311,5.7311,5.7311,5.7311,5.7311,5.7311,5.7311,5.7311,5.7311,5.7311,5.7311,5.7311,5.7324,5.7386,5.7489,5.7551,5.7578,5.764,5.7743,5.7805,5.7818,5.7818,5.7818,5.7818,5.7818,5.7818,5.7805,5.7743,5.7626,5.7503,5.7373,5.7249,5.7119,5.6981,5.6789,5.6549,5.6295,5.6027,5.5712,5.5342,5.4964,5.4594,5.4264,5.3921,5.3503,5.3085,5.2769,5.2563,5.2411,5.222,5.1993,5.1788,5.1574,5.128,5.0964,5.0634,5.0278,4.9962,4.9695,4.9441,4.9173,4.8857,4.8501,4.8185,4.7918,4.7664,4.741,4.7142,4.6813,4.6395,4.5963,4.5557,4.5111,4.4631,4.4199,4.387,4.3602,4.3348,4.3094,4.2827,4.2511,4.2155,4.1825,4.1495,4.1125,4.0734,4.0288,3.9808,3.9362,3.8971,3.8601,3.8285,3.8003,3.7687,3.7318,3.6926,3.648,3.6,3.5568,3.5238,3.4971,3.4703,3.4387,3.4045,3.3791,3.3612,3.3358,3.3016,3.27,3.2432,3.2178,3.1924,3.1671,3.1417,3.1163,3.0909,3.0655,3.0401,3.0147,2.9894,2.9653,2.9462,2.931,2.9118,2.8878,2.8638,2.8446,2.8308,2.8192

Intensity : NaN,464.7242,464.5435,464.0318,463.1335,461.8325,461.027,464.2205,466.7388,468.1993,464.6774,460.2113,455.5975,451.4133,447.4618,442.3623,436.6297,430.897,424.1331,420.0912,417.0864,414.5398,412.6508,412.1034,411.5559,411.0085,410.405,409.1439,407.8827,406.6215,405.7435,404.9918,405.0912,403.6224,400.443,396.8018,394.443,392.709,390.975,389.241,387.6982,386.3715,385.0448,383.7182,382.4097,381.1516,379.8934,378.6353,377.3275,375.2831,373.2388,371.083,368.583,366.0853,363.9216,362.2966,361.2583,360.3119,359.001,356.8968,354.9785,353.6141,352.375,350.0957,346.2172,342.1103,340.8849,341.943,343.7336,344.7627,345.2008,345.4429,344.8939,344.086,343.3451,343.0602,341.5014,336.9144,332.97,330.2027,329.461,330.9823,332.541,333.3091,334.187,336.477,335.2654,333.2744,331.8992,330.6226,329.1602,326.946,324.6246,320.9871,317.0481,314.0145,311.4943,309.2238,307.6571,308.6587,310.9877,313.5406,317.5567,322.46,327.0943,329.828,329.3512,329.0686,328.9583,329.0521,329.0962,328.4274,325.4147,322.0869,319.306,318.3771,318.1572,318.8369,319.9987,320.69,321.3353,323.9651,328.1737,331.3988,335.6493,342.4394,349.4485,355.766,353.2529,350.9131,348.9085,347.8644,346.6106,343.9248,341.1593,339.0851,335.9809,334.1996,331.5863,329.8197,329.65,329.6005,330.1283,331.8053,335.355,338.9443,341.3198,344.631,349.6047,354.5823,357.218,359.8154,363.267,366.7107,369.5991,373.6809,377.9219,380.7046,383.2228,385.5319,388.4373,389.0127,388.5454,387.1135,386.272,386.5904,384.8944,381.7389,378.2806,376.0207

Time pixel : 1,1.00648,1.0485,1.16746,1.37633,1.67883,2.07065,2.46246,2.77145,3.0353,3.34428,3.7361,4.14088,4.50796,4.85464,5.15066,5.40155,5.65244,5.94846,6.28217,6.57819,6.82908,7.067,7.30492,7.54284,7.78077,8.01869,8.25661,8.49453,8.73245,8.95741,9.13723,9.27936,9.45918,9.68414,9.92206,10.16,10.3979,10.6358,10.8737,11.1117,11.3496,11.5875,11.8254,12.0634,12.3013,12.5392,12.7771,13.015,13.253,13.4909,13.7418,14.0378,14.3715,14.6675,14.9184,15.1563,15.4072,15.7032,16.037,16.333,16.5839,16.8348,17.1308,17.4775,17.8445,18.2493,18.6541,19.0212,19.3679,19.6639,19.9148,20.1527,20.3906,20.6285,20.8665,21.1044,21.3423,21.5802,21.8052,21.985,22.1271,22.3069,22.5319,22.7698,23.0077,23.2327,23.4125,23.5417,23.6634,23.7796,23.9013,24.0305,24.1974,24.3642,24.4934,24.6151,24.7443,24.9111,25.065,25.149,25.2331,25.3999,25.6249,25.8498,26.0297,26.1588,26.2806,26.4097,26.5895,26.8145,27.0524,27.2903,27.5283,27.7532,27.933,28.0622,28.1839,28.3131,28.4799,28.6468,28.7889,28.9688,29.1807,29.3606,29.5027,29.6955,29.9785,30.2993,30.5502,30.7504,30.9679,31.1552,31.348,31.5729,31.8108,32.0617,32.3578,32.6915,32.9875,33.2384,33.4763,33.7142,33.9392,34.119,34.2611,34.4409,34.6659,34.9038,35.1418,35.3667,35.5465,35.6887,35.8685,36.0805,36.2603,36.3895,36.5112,36.6274,36.7361,36.7942,36.8202,36.8783,36.9741,37.0322,37.0451,37.0581,37.1162,37.212,37.2701

Position pixel : 53.9499,53.9499,53.9499,53.9499,53.9499,53.9499,53.9499,53.9499,53.9499,53.9499,53.9499,53.9499,53.9499,53.9499,53.9499,53.9499,53.9499,53.9499,53.9499,53.9499,53.9499,53.9499,53.9499,53.9499,53.9499,53.9499,53.9499,53.9499,53.9499,53.9499,53.9369,53.8788,53.783,53.7249,53.7119,53.7119,53.7119,53.7119,53.7119,53.7119,53.7119,53.7119,53.7119,53.7119,53.7119,53.7119,53.7119,53.7119,53.7119,53.7119,53.7119,53.7119,53.7119,53.7249,53.783,53.8788,53.9369,53.9628,54.0209,54.1167,54.1748,54.1878,54.1878,54.1878,54.1878,54.1878,54.1878,54.1748,54.1167,54.008,53.8918,53.77,53.6538,53.5321,53.403,53.2231,52.9982,52.7603,52.5094,52.2133,51.8667,51.5125,51.1659,50.8569,50.5349,50.1431,49.7513,49.4553,49.2625,49.1204,48.9405,48.7286,48.5358,48.3355,48.0599,47.7639,47.4549,47.1212,46.8252,46.5743,46.3364,46.0855,45.7895,45.4558,45.1597,44.9088,44.6709,44.433,44.1821,43.8731,43.4813,43.0765,42.6965,42.2787,41.8288,41.424,41.1151,40.8642,40.6263,40.3883,40.1374,39.8414,39.5077,39.1987,38.8897,38.5431,38.176,37.7582,37.3083,36.8906,36.5235,36.1768,35.8808,35.6169,35.3209,34.9742,34.6071,34.1894,33.7395,33.3347,33.0257,32.7748,32.524,32.2279,31.9072,31.6693,31.5012,31.2633,30.9425,30.6465,30.3956,30.1577,29.9198,29.6819,29.4439,29.206,28.9681,28.7302,28.4923,28.2543,28.0164,27.7915,27.6116,27.4695,27.2897,27.0647,26.8398,26.6599,26.5308,26.422

Brightness max : 447.79
Brightness min : 263.00
Feature direction : Poleward
Feature speed : Slow
Feature type : Curve
Start frame : 1
End frame : 262
Start time (s) : 0.000
End time (s) : 2344.000
Time step (s) : 8.981

Feature number : 4

Time (s) : 237.1815,238.1582,239.2018,240.1785,240.8168,241.455,242.3153,242.8371,243.0699,243.5917,244.452,245.0902,245.8449,247.227,248.6091,249.3637,250.0019,250.9786,252.0222,252.999,253.5208,253.6372,253.6372,253.6372,253.6372,253.6372,253.6372,253.6372,253.7536,254.2754,255.1357,255.6575

Position (um) : 3.0627,3.049,3.0209,2.9907,2.964,2.9386,2.9104,2.8726,2.8268,2.789,2.7595,2.7265,2.6833,2.6353,2.5921,2.5592,2.531,2.498,2.4562,2.4144,2.3801,2.3457,2.3039,2.2621,2.2291,2.2024,2.177,2.1516,2.1276,2.1084,2.0946,2.083

Intensity : 378.3912,375.5901,367.4116,357.6069,352.6254,348.0247,342.3668,335.1,331.83,328.7551,327.1434,327.2498,327.5972,328.2986,329.3316,330.5145,332.0734,333.9338,335.5333,335.3418,336.0769,337.8855,344.736,351.5865,358.6164,366.7742,374.5104,382.2467,390.7551,399.7734,405.1661,409.9383

Time pixel : 26.4097,26.5185,26.6347,26.7434,26.8145,26.8856,26.9814,27.0395,27.0654,27.1235,27.2193,27.2903,27.3744,27.5283,27.6822,27.7662,27.8372,27.946,28.0622,28.171,28.2291,28.242,28.242,28.242,28.242,28.242,28.242,28.242,28.255,28.3131,28.4089,28.467

Position pixel : 28.7042,28.5751,28.3124,28.0294,27.7785,27.5406,27.2767,26.9226,26.4931,26.139,25.8621,25.5532,25.1484,24.6985,24.2937,23.9847,23.7209,23.4119,23.0201,22.6282,22.3063,21.9843,21.5925,21.2007,20.8917,20.6408,20.4029,20.165,19.94,19.7602,19.6311,19.5223

Brightness max : 447.79
Brightness min : 263.00
Feature direction : Poleward
Feature speed : Slow
Feature type : Curve
Start frame : 1
End frame : 262
Start time (s) : 0.000
End time (s) : 2344.000
Time step (s) : 8.981

Feature number : 5

Time (s) : 69.99426,70.74891,72.76922,75.76625,78.94657,82.17646,85.35678,88.47024,91.12877,93.38194,95.6351,98.29363,101.4071,104.5874,107.7009,110.3594,112.729,115.3875,118.3846,121.0431,123.4127,126.3041,130.4611,135.362,139.5191,142.4104,144.5472,146.1621,147.3221,148.4153,149.4589,150.552,151.712,153.327,155.4637,158.1223,161.1193,163.7778,166.031,168.1677,170.3045,172.4412,174.5779,176.5982,178.2132,179.3732,180.3499,180.9881,181.6264,182.6031,183.6467,184.7398,185.7834,186.8766,187.9201,188.8969,189.5351,190.2897,191.6718,193.1703,194.3303,195.3071,195.9453,196.5835,197.4438,197.9656,198.1985,198.7202,199.5805,200.2188,200.857,201.8337,202.8773,203.9704,205.014,206.1072,207.1508,208.2439,209.2875,210.3807,211.4242,212.5174,213.561,214.6541,215.6977,216.7909,217.8345,218.9276,219.9712,220.9479

Position (um) : 5.5458,5.5342,5.5204,5.5012,5.4786,5.4594,5.4442,5.425,5.4024,5.3832,5.3695,5.3565,5.3427,5.3249,5.3071,5.2919,5.2727,5.2501,5.2309,5.2171,5.2042,5.1918,5.1788,5.165,5.1472,5.1308,5.1218,5.1142,5.1026,5.0902,5.0772,5.0634,5.0443,5.0202,4.9935,4.9619,4.9263,4.8933,4.8603,4.8247,4.7918,4.7588,4.7232,4.6916,4.6662,4.647,4.6319,4.6127,4.5887,4.5633,4.5379,4.5125,4.4871,4.4631,4.4439,4.4288,4.4096,4.3856,4.3602,4.3362,4.317,4.3019,4.284,4.2662,4.2511,4.2319,4.2093,4.1901,4.1749,4.1571,4.1379,4.1179,4.0947,4.0748,4.0542,4.0302,4.0048,3.9808,3.9616,3.9478,3.9348,3.9211,3.9019,3.8793,3.8601,3.8463,3.8333,3.8195,3.8017,3.7853

Intensity : 441.9862,438.21,431.841,423.5451,414.572,405.8652,397.8142,390.3254,386.1488,384.4174,383.4794,382.9512,379.9233,376.9396,375.3478,374.6993,374.9864,376.0897,377.521,377.8858,378.105,378.1641,377.8598,377.9157,374.4684,373.1322,371.1598,368.6601,367.8223,367.4993,367.6319,368.1036,369.7572,370.6027,366.4924,362.9728,362.1574,363.0725,365.7196,371.1673,376.7442,377.3001,378.2298,378.7113,375.653,374.1752,372.3624,371.508,371.0482,366.6677,362.7573,359.4951,357.0394,354.1657,351.9307,350.1133,348.0769,345.8652,343.5155,341.5256,340.1279,339.0755,338.3236,337.6904,337.3977,337.389,337.6106,337.512,337.0182,336.715,336.4377,335.8296,335.1595,334.3511,333.5671,333.7454,334.0673,334.2307,334.339,334.1796,334.8791,335.8799,337.9877,340.9608,343.7556,345.7048,348.6955,352.5488,357.5555,362.0628

Time pixel : 7.79373,7.87776,8.10272,8.43643,8.79055,9.15019,9.50432,9.851,10.147,10.3979,10.6488,10.9448,11.2915,11.6456,11.9923,12.2883,12.5522,12.8482,13.1819,13.4779,13.7418,14.0637,14.5266,15.0723,15.5352,15.8571,16.0951,16.2749,16.404,16.5258,16.642,16.7637,16.8929,17.0727,17.3106,17.6066,17.9403,18.2364,18.4872,18.7252,18.9631,19.201,19.4389,19.6639,19.8437,19.9729,20.0816,20.1527,20.2238,20.3325,20.4487,20.5704,20.6866,20.8084,20.9246,21.0333,21.1044,21.1884,21.3423,21.5092,21.6383,21.7471,21.8181,21.8892,21.985,22.0431,22.069,22.1271,22.2229,22.294,22.365,22.4738,22.59,22.7117,22.8279,22.9496,23.0658,23.1876,23.3038,23.4255,23.5417,23.6634,23.7796,23.9013,24.0175,24.1393,24.2555,24.3772,24.4934,24.6021

Position pixel : 51.9754,51.8667,51.7375,51.5577,51.3457,51.1659,51.0237,50.8439,50.6319,50.4521,50.3229,50.2012,50.0721,49.9052,49.7383,49.5962,49.4164,49.2044,49.0246,48.8954,48.7737,48.6575,48.5358,48.4066,48.2397,48.0859,48.0018,47.9308,47.822,47.7058,47.5841,47.4549,47.2751,47.0501,46.7993,46.5032,46.1695,45.8605,45.5515,45.2178,44.9088,44.5999,44.2661,43.9701,43.7322,43.5524,43.4102,43.2304,43.0055,42.7675,42.5296,42.2917,42.0538,41.8288,41.649,41.5069,41.3271,41.1021,40.8642,40.6392,40.4594,40.3173,40.1504,39.9836,39.8414,39.6616,39.4496,39.2698,39.1277,38.9608,38.781,38.5937,38.3762,38.1889,37.9962,37.7712,37.5333,37.3083,37.1285,36.9993,36.8776,36.7484,36.5686,36.3566,36.1768,36.0476,35.9259,35.7968,35.6299,35.476

Brightness max : 447.79
Brightness min : 263.00
Feature direction : Poleward
Feature speed : Slow
Feature type : Curve
Start frame : 1
End frame : 262
Start time (s) : 0.000
End time (s) : 2344.000
Time step (s) : 8.981

Feature number : 6

Time (s) : 326.9244,327.9012,328.9448,330.0379,331.0815,332.0582,332.6964,333.3347,334.1949,334.7167,334.8332,334.8332,334.8332,334.8332,334.8332,334.8332,334.8332,334.8332,334.8332,334.9496,335.4714,336.3317,336.8535,336.9699,336.9699,336.9699,336.9699,336.9699,336.9699,336.9699,336.9699,336.9699,336.9699

Position (um) : 2.861,2.8548,2.8432,2.8295,2.8103,2.7863,2.7609,2.7355,2.7101,2.6847,2.6579,2.625,2.5832,2.5414,2.5084,2.4816,2.4549,2.4233,2.3877,2.3561,2.3293,2.3025,2.2696,2.2278,2.186,2.1516,2.1186,2.083,2.0514,2.0247,1.9993,1.9753,1.9575

Intensity : 398.9513,395.9532,392.2728,388.335,384.0758,379.632,375.7801,372.1069,368.4258,365.6383,363.286,360.237,356.3706,353.0267,350.8638,349.1076,347.3514,345.6935,343.836,342.0867,341.1177,340.3587,339.9477,339.9374,340.1415,340.3092,340.6081,341.1017,341.5395,342.0413,343.6569,345.1844,346.3174

Time pixel : 36.4024,36.5112,36.6274,36.7491,36.8653,36.9741,37.0451,37.1162,37.212,37.2701,37.283,37.283,37.283,37.283,37.283,37.283,37.283,37.283,37.283,37.296,37.3541,37.4499,37.508,37.521,37.521,37.521,37.521,37.521,37.521,37.521,37.521,37.521,37.521

Position pixel : 26.8138,26.7557,26.647,26.5178,26.338,26.113,25.8751,25.6372,25.3993,25.1613,24.9105,24.6015,24.2097,23.8178,23.5089,23.258,23.0071,22.7111,22.3774,22.0813,21.8304,21.5796,21.2706,20.8788,20.4869,20.165,19.856,19.5223,19.2263,18.9754,18.7375,18.5125,18.3457

Brightness max : 447.79
Brightness min : 263.00
Feature direction : Poleward
Feature speed : Slow
Feature type : Curve
Start frame : 1
End frame : 262
Start time (s) : 0.000
End time (s) : 2344.000
Time step (s) : 8.981

