KYMOANALYSIS DATA

General Information :

Tiff path : E:\Google Drive\microtubule dynamics and cut7\21-15 screens and tests\cut7-989 TailD\pkl1D, klp2D (from transformation)\
Spindle type : Bipolar
Start frame : 1
End frame : 234
Start time (s) : 0.000
End time (s) : 2104.000
Time step (s) : 9.030
Num poles : 2
Num tracks : 2
Num tracks poleward : 0
Num tracks antipoleward : 0
Num tracks ambiguous : 2
Comments : {

}
Poles Information :


Pole number : 1

Time (s) : 54.883946,56.801905,59.855932,63.014466,65.609806,68.205146,71.36368,74.522214,77.013047,79.140019,81.526345,84.216512,86.602838,88.625303,90.543261,92.461219,94.483684,96.87001,99.664683,102.62388,106.09594,110.40022,115.37221,120.08484,124.18979,128.43405,132.63383,136.67876,141.08755,146.16404,151.24054,155.75384,160.05812,164.09337,167.05257,169.17954,171.20201,173.69284,177.06039,181.67819,188.2643,196.02127,202.13901,206.08911,209.45666,212.6152,215.21054,217.80588,221.06892,224.69582,227.95886,230.5542,233.14954,236.41258,240.2485,244.65729,249.83829,255.38315,260.56415,264.97294,268.91336,272.64477,276.01232,278.97152,281.76619,284.36153,287.42524,291.565,296.23314,301.05028,305.82293,310.53556,314.83985,318.78027,322.51168,325.87923,329.04744,332.88336,337.28247,341.01388,343.60922,345.63168,347.65415,350.14498,353.40802,357.03493,360.29797,362.89331,365.38414,368.07431,370.56514,373.05597,375.74614,378.23697,380.7278,383.41797,385.8043,387.82676,389.84923,392.23555,395.03023,397.98943,401.46148,405.76577,411.05127,417.58704,426.50912,438.58007,452.56897,466.8269,480.66096,493.4693,504.81252,513.78495,520.15619,524.36564,527.94221,531.67362,535.50953,539.44996,543.75424,548.57138,554.02141,560.75651,568.68769,577.23624,585.94932,595.17525,605.02439,614.91802,624.09946,632.85703,641.77912,651.73277,662.39861,672.62129,682.72394,692.46857,701.22613,709.06249,716.67431,723.83328,730.77739,737.93637,745.33917,752.02978,757.99267,763.64204,768.92754,773.90921,779.09021,784.27121,789.25287,794.32936,799.042,803.25145,808.06859,813.40444,818.22158,822.64005,828.39392,835.69221,843.52857,852.18163,861.66691,871.72507,882.19157,892.7181,903.18461,913.03375,921.68681,929.0548,935.78989,942.11664,948.44339,955.07398,961.76459,968.39518,974.61742,980.3713,985.5523,989.96109,993.90151,997.73743,1001.5733,1005.4093,1009.2452,1013.0811,1017.0215,1021.4303,1026.6113,1032.0517,1036.9733,1041.7556,1048.0224,1055.849,1064.2931,1072.4333,1080.0006,1086.7357,1092.6541,1098.348,1103.6935,1108.979,1114.16,1119.0372,1123.7498,1128.0541,1131.9945,1135.8304,1139.6663,1143.5022,1147.3382,1151.1741,1155.1145,1159.3143,1163.454,1166.9861,1170.4582,1174.1896,1178.0255,1181.9659,1186.3747,1191.4512,1196.6322,1201.5093,1206.222,1210.5263,1214.4667,1218.3026,1222.1385,1225.9744,1229.9149,1234.3237,1239.4001,1244.6856,1250.1357,1256.0889,1261.8428,1267.3973,1273.455,1279.5728,1285.3266,1290.5076,1294.8119,1298.1795,1300.6703,1302.6928,1304.6107,1306.5287,1308.5511,1310.833,1313.1593,1315.2418,1317.5681,1319.9544,1322.5497,1325.9173,1330.3261,1335.9754,1342.7105,1350.5469,1359.7631,1369.0394,1377.0751,1383.3418,1388.1242,1393.0458,1398.5907,1404.24,1409.421,1413.9343,1418.4476,1423.8376,1430.7373,1439.6497,1449.6981,1458.8699,1465.7095,1470.7009,1476.2999,1483.6582,1491.9977,1500.1379,1507.9143,1515.5861,1523.1534,1530.2524,1536.6836,1543.1149,1550.3184,1558.3541,1567.0071,1576.084,1585.5093,1594.6908,1603.8122,1612.6201,1620.2919,1626.6187,1631.9042,1636.313,1640.2534,1643.9848,1647.2478,1649.8432,1652.6475,1656.9518,1662.905,1669.7001,1677.4765,1686.1799,1694.7284,1702.7738,1711.2178,1719.2438,1725.3112,1730.4071,1737.2467,1746.4185,1756.5714,1766.1612,1775.0833,1784.1002,1792.9081,1800.6845,1807.5841,1814.3192,1821.2188,1828.8907,1837.2302,1845.0569,1851.3236,1856.3149,1862.2778,1870.0445,1878.444,1886.4197,1893.1103,1898.5003,1903.0136,1907.4224,1912.1351,1917.0122,1922.5067,1929.3019,1937.8504,1947.8041,1958.7389,1969.9332,1980.0861,1987.8625,1993.835,2000.2663,2007.8239,2014.8184,2020.3729,2025.1901,2029.3899,2032.7574,2035.2482,2037.3752,2039.866,2043.0246,2046.3921,2049.9242,2054.273,2059.514,2065.4672,2071.1166,2076.0982,2080.7064,2084.4378,2087.0331,2089.0556,2090.9735,2092.8915,2094.8094,2096.7274,2098.5409,2099.9904,2101.1362,2102.5858,2104.3992,2106.3172,2108.1306,2109.5802,2110.6215,2111.4982,2111.9666

Position (um) : 6.3421,6.3421,6.3421,6.3421,6.3408,6.3353,6.3262,6.3207,6.3194,6.3194,6.3194,6.3194,6.3194,6.3194,6.3194,6.3194,6.3194,6.3194,6.3194,6.3194,6.3194,6.3194,6.3194,6.3194,6.3194,6.3182,6.3127,6.3035,6.298,6.2968,6.2968,6.2955,6.29,6.2809,6.2753,6.2741,6.2741,6.2729,6.2673,6.2582,6.2514,6.2447,6.2355,6.23,6.2288,6.2288,6.2288,6.2288,6.2288,6.2275,6.222,6.2129,6.2073,6.2061,6.2049,6.1993,6.1902,6.1847,6.1834,6.1834,6.1834,6.1834,6.1822,6.1767,6.1676,6.162,6.1608,6.1608,6.1595,6.154,6.1449,6.1381,6.1314,6.1222,6.1167,6.1155,6.1142,6.1087,6.0996,6.094,6.0928,6.0928,6.0928,6.0916,6.086,6.0769,6.0714,6.0701,6.0701,6.0701,6.0689,6.0634,6.0542,6.0487,6.0475,6.0475,6.0475,6.0475,6.0462,6.0407,6.0316,6.026,6.0236,6.018,6.0089,6.0021,5.9941,5.9782,5.9568,5.9342,5.9127,5.8956,5.8833,5.8729,5.8674,5.8662,5.8649,5.8594,5.8503,5.8447,5.8435,5.8435,5.8435,5.8435,5.8435,5.8435,5.8435,5.8435,5.8435,5.8435,5.8435,5.8435,5.8435,5.8435,5.8435,5.8435,5.8435,5.8447,5.8503,5.8594,5.8649,5.8662,5.8674,5.8729,5.8821,5.8876,5.8888,5.8888,5.8888,5.8888,5.8888,5.8888,5.8888,5.8888,5.8888,5.8888,5.8888,5.8888,5.8888,5.8888,5.8888,5.8888,5.8888,5.8876,5.8821,5.8729,5.8674,5.8649,5.8594,5.8503,5.8447,5.8435,5.8435,5.8435,5.8435,5.8435,5.8435,5.8435,5.8435,5.8447,5.8515,5.8662,5.8821,5.8956,5.9127,5.9342,5.9568,5.9795,6.0021,6.0236,6.0407,6.053,6.0646,6.0757,6.0873,6.0983,6.1087,6.1142,6.1167,6.1222,6.1314,6.1369,6.1394,6.1449,6.154,6.1595,6.1608,6.162,6.1676,6.1767,6.1822,6.1834,6.1834,6.1834,6.1834,6.1834,6.1834,6.1834,6.1834,6.1834,6.1822,6.1754,6.1595,6.1381,6.1155,6.0928,6.0714,6.0542,6.0419,6.0303,6.0193,6.0077,5.9954,5.9795,5.9648,5.9581,5.9556,5.95,5.9409,5.9342,5.9274,5.9183,5.9115,5.9047,5.8956,5.8888,5.8821,5.8729,5.8674,5.8649,5.8594,5.849,5.838,5.8264,5.8153,5.8037,5.7914,5.7743,5.7529,5.7302,5.7051,5.6701,5.6224,5.5753,5.541,5.5207,5.5011,5.4741,5.4436,5.4209,5.4061,5.389,5.3676,5.3449,5.321,5.2916,5.2543,5.2169,5.1875,5.1636,5.141,5.1171,5.0889,5.0571,5.0289,5.005,4.9823,4.9609,4.9438,4.9302,4.9131,4.8917,4.869,4.8463,4.8249,4.8078,4.7955,4.7839,4.7728,4.7625,4.7557,4.7489,4.7398,4.733,4.7263,4.7159,4.7036,4.6865,4.665,4.6411,4.6117,4.5732,4.5291,4.4837,4.4384,4.3943,4.3558,4.3239,4.2864,4.2307,4.1609,4.0893,4.0249,3.9625,3.9013,3.8436,3.788,3.7371,3.6893,3.6372,3.5772,3.5185,3.4719,3.4332,3.3879,3.3322,3.2715,3.2123,3.165,3.124,3.0842,3.0437,2.9991,2.953,2.8992,2.8317,2.7485,2.6584,2.5617,2.4612,2.3639,2.2856,2.2278,2.1684,2.0986,2.0283,1.9719,1.9296,1.8946,1.8616,1.8334,1.8095,1.7856,1.7574,1.7232,1.6827,1.6338,1.5829,1.5308,1.4751,1.42,1.371,1.3373,1.3177,1.3054,1.2938,1.2815,1.2644,1.2442,1.2271,1.2148,1.2032,1.1909,1.1737,1.1535,1.1364,1.1241,1.1125,1.1014,1.0911

Intensity : 2075.9272,2080.8793,2088.7648,2096.9201,2102.9626,2094.6543,2077.1129,2053.9652,2040.8007,2033.0647,2022.6573,1994.7105,1969.9202,1948.9098,1927.8533,1898.9893,1868.5526,1832.64,1791.2086,1752.223,1706.4807,1665.2207,1637.3698,1622.1255,1616.1251,1603.3065,1574.4784,1537.074,1513.7592,1507.7768,1515.6781,1514.6554,1500.132,1468.0637,1435.3547,1417.9714,1404.0392,1377.306,1331.6101,1266.836,1189.4349,1117.8148,1061.4114,1028.9439,1015.2016,1010.9507,1007.4577,1001.661,990.34012,976.07436,950.48572,918.32683,889.86456,862.29994,828.49865,779.42391,720.58112,683.44205,666.88811,649.92552,633.18124,625.49679,625.70245,621.29371,612.62097,607.57267,607.05267,599.40838,584.10968,564.47921,543.6166,514.39152,484.32904,471.97059,468.41221,472.98866,495.94023,522.78327,569.79645,616.953,647.67174,661.87744,676.08314,693.96224,705.87575,693.11361,680.17016,667.91918,655.01361,641.07525,629.3778,626.1205,623.16017,621.05299,625.51216,635.1521,643.70326,650.95056,646.54109,638.95815,632.14282,623.53735,610.29279,595.72782,566.52379,537.17008,528.88289,559.89565,668.82308,733.07336,708.77823,657.78898,602.375,570.37055,548.9158,538.56908,548.21889,556.05806,567.61431,583.57121,599.88856,613.98407,609.46598,585.41131,552.95384,532.69537,520.73571,516.97919,521.68493,528.0604,509.67376,489.81492,458.30658,466.77558,477.71131,474.63867,440.58501,425.58665,434.00138,451.32446,454.6199,436.5641,414.78083,418.44498,425.99299,432.11676,436.17138,436.22705,434.96396,431.20733,426.36188,420.51506,396.64304,365.45574,356.1023,348.99896,342.81692,337.28106,338.88143,340.81761,345.70256,362.91794,382.7991,397.97813,394.79922,379.00971,383.67806,426.93409,541.5852,591.30441,581.29426,525.36026,500.00246,512.88918,561.00873,591.882,619.13665,640.34419,652.5425,639.1262,638.31902,671.15106,691.33729,684.20608,682.688,712.37579,750.38883,789.29623,812.75589,852.77808,951.58229,1017.4614,1045.6096,1082.5494,1144.1535,1236.126,1217.4843,1130.0707,999.58566,988.3707,1104.1114,1206.3903,1323.8101,1478.3936,1528.7183,1521.9883,1476.0352,1427.6006,1341.8763,1249.2658,1196.7127,1185.6532,1179.2092,1199.9234,1221.202,1187.4392,1142.4345,1096.7454,1047.0057,994.6296,956.15926,927.13502,929.15749,935.32653,889.47417,830.7058,758.75375,689.99866,661.49866,634.35434,606.19981,576.50679,545.35869,511.07827,479.56822,462.16167,525.82043,619.38429,669.48397,726.42733,790.91759,727.76318,713.99853,736.47596,756.21136,773.79877,791.11956,822.80321,852.43086,880.51899,907.77854,956.42294,1020.9379,1081.863,1155.0179,1197.712,1226.9068,1270.4413,1313.8149,1352.5563,1175.0448,1036.1432,938.32878,987.13329,1129.3018,1240.471,1322.6559,1426.2221,1536.2796,1523.8123,1500.3316,1537.7698,1601.3285,1659.4806,1705.4346,1710.2665,1684.8489,1673.0082,1633.4744,1627.3294,1625.076,1597.0662,1482.0143,1357.034,1322.3454,1342.2131,1345.7087,1339.3516,1340.8886,1362.7546,1374.2642,1365.2117,1323.653,1299.8004,1294.535,1286.1553,1288.0371,1315.7273,1360.6764,1393.0659,1397.8791,1388.8216,1364.5813,1345.7005,1339.7425,1341.5315,1347.9595,1355.2356,1355.6234,1356.8709,1345.4123,1322.9243,1302.9577,1315.3578,1275.7266,1278.4125,1300.421,1287.8986,1302.5223,1298.6313,1266.4649,1209.9788,1175.4729,1172.1122,1146.5747,1134.1047,1133.7758,1112.315,1109.7367,1104.9075,1121.4096,1153.6837,1155.7558,1182.3816,1193.9284,1179.4851,1149.3334,1091.1454,1063.327,1061.2237,1075.7801,1089.8021,1117.5646,1129.3424,1132.278,1073.8032,967.30735,879.69112,855.49887,830.96459,818.53383,813.55321,817.53931,819.105,818.57874,827.58675,817.02275,819.30177,816.81298,809.40457,800.00549,794.03739,785.12135,780.95048,782.62082,784.60894,784.60344,786.5808,772.32231,768.75307,779.50102,782.68161,783.95609,784.65326,786.401,787.54189,788.07886,785.41609,774.74419,763.93052,755.20728,747.32889,737.77651,726.32121,721.30268,715.99906,711.49835,706.77997,701.93666,697.33382

Time pixel : 6.077928,6.290325,6.628532,6.978313,7.265725,7.553136,7.902917,8.252698,8.528536,8.76408,9.028345,9.326258,9.590523,9.814494,10.02689,10.23929,10.46326,10.72752,11.03701,11.36472,11.74922,12.22588,12.77649,13.29837,13.75296,14.22297,14.68806,15.136,15.62424,16.18642,16.7486,17.2484,17.72507,18.17194,18.49964,18.73519,18.95916,19.235,19.60792,20.11931,20.84866,21.70768,22.38517,22.82261,23.19553,23.54531,23.83273,24.12014,24.48149,24.88314,25.24449,25.53191,25.81932,26.18067,26.60547,27.0937,27.66745,28.2815,28.85525,29.34349,29.77985,30.19308,30.566,30.89371,31.2032,31.49061,31.82989,32.28833,32.80529,33.33874,33.86727,34.38916,34.86582,35.30219,35.71541,36.08834,36.43919,36.86398,37.35115,37.76437,38.05178,38.27575,38.49972,38.77556,39.13692,39.53856,39.89992,40.18733,40.46317,40.76108,41.03692,41.31276,41.61067,41.88651,42.16235,42.46026,42.72453,42.9485,43.17247,43.43673,43.74622,44.07392,44.45842,44.93509,45.52041,46.24419,47.23224,48.56899,50.11814,51.69709,53.22909,54.6475,55.90367,56.89729,57.60285,58.06901,58.46508,58.8783,59.3031,59.73947,60.21613,60.74959,61.35313,62.09899,62.9773,63.92398,64.88887,65.91057,67.00128,68.09691,69.11368,70.0835,71.07155,72.17383,73.35498,74.48705,75.60584,76.68497,77.6548,78.52261,79.36555,80.15834,80.92734,81.72014,82.53994,83.28086,83.9412,84.56682,85.15215,85.70382,86.27758,86.85133,87.403,87.96518,88.48707,88.95323,89.48668,90.07758,90.61104,91.10035,91.73754,92.54576,93.41357,94.37182,95.42224,96.53609,97.69517,98.86089,100.02,101.1107,102.0689,102.8849,103.6307,104.3314,105.032,105.7663,106.5072,107.2415,107.9305,108.5677,109.1415,109.6297,110.0661,110.4909,110.9157,111.3405,111.7653,112.1901,112.6264,113.1147,113.6884,114.2909,114.8359,115.3655,116.0595,116.9262,117.8614,118.7628,119.6008,120.3467,121.0021,121.6326,122.2246,122.8099,123.3837,123.9238,124.4457,124.9223,125.3587,125.7835,126.2083,126.6331,127.0579,127.4827,127.919,128.3841,128.8426,129.2337,129.6182,130.0314,130.4562,130.8926,131.3808,131.943,132.5168,133.0569,133.5788,134.0554,134.4918,134.9166,135.3414,135.7662,136.2025,136.6908,137.253,137.8383,138.4418,139.1011,139.7383,140.3534,141.0242,141.7017,142.3389,142.9127,143.3893,143.7623,144.0381,144.2621,144.4745,144.6869,144.9108,145.1635,145.4212,145.6518,145.9094,146.1737,146.4611,146.834,147.3222,147.9478,148.6937,149.5615,150.5821,151.6094,152.4993,153.1933,153.7229,154.2679,154.882,155.5076,156.0813,156.5811,157.0809,157.6778,158.4419,159.4289,160.5417,161.5574,162.3148,162.8675,163.4876,164.3025,165.226,166.1274,166.9886,167.8382,168.6762,169.4624,170.1746,170.8868,171.6845,172.5744,173.5326,174.5378,175.5816,176.5984,177.6085,178.5839,179.4335,180.1341,180.7194,181.2077,181.644,182.0573,182.4186,182.706,183.0166,183.4932,184.1525,184.905,185.7662,186.73,187.6767,188.5676,189.5027,190.3915,191.0635,191.6278,192.3852,193.4009,194.5253,195.5872,196.5753,197.5738,198.5492,199.4104,200.1745,200.9203,201.6844,202.534,203.4575,204.3243,205.0182,205.571,206.2313,207.0914,208.0216,208.9048,209.6458,210.2427,210.7425,211.2307,211.7526,212.2927,212.9012,213.6537,214.6004,215.7026,216.9136,218.1532,219.2776,220.1388,220.8002,221.5124,222.3493,223.1239,223.739,224.2725,224.7376,225.1105,225.3863,225.6219,225.8977,226.2475,226.6204,227.0116,227.4932,228.0736,228.7328,229.3584,229.9101,230.4204,230.8336,231.1211,231.345,231.5574,231.7698,231.9822,232.1946,232.3954,232.556,232.6829,232.8434,233.0442,233.2566,233.4574,233.618,233.7333,233.8304,233.8822

Position pixel : 59.4385,59.4385,59.4385,59.4385,59.4269,59.375,59.2895,59.2376,59.2261,59.2261,59.2261,59.2261,59.2261,59.2261,59.2261,59.2261,59.2261,59.2261,59.2261,59.2261,59.2261,59.2261,59.2261,59.2261,59.2261,59.2145,59.1626,59.0771,59.0252,59.0137,59.0137,59.0021,58.9502,58.8647,58.8128,58.8013,58.8013,58.7897,58.7378,58.6523,58.5889,58.5254,58.4399,58.3881,58.3765,58.3765,58.3765,58.3765,58.3765,58.3649,58.313,58.2275,58.1757,58.1641,58.1525,58.1006,58.0151,57.9633,57.9517,57.9517,57.9517,57.9517,57.9401,57.8882,57.8027,57.7509,57.7393,57.7393,57.7277,57.6758,57.5903,57.5269,57.4635,57.3779,57.3261,57.3145,57.3029,57.2511,57.1655,57.1137,57.1021,57.1021,57.1021,57.0905,57.0387,56.9531,56.9013,56.8897,56.8897,56.8897,56.8781,56.8263,56.7407,56.6889,56.6773,56.6773,56.6773,56.6773,56.6657,56.6139,56.5283,56.4765,56.4533,56.4015,56.3159,56.2525,56.1775,56.0285,55.8277,55.6153,55.4145,55.254,55.1387,55.0416,54.9897,54.9781,54.9665,54.9147,54.8292,54.7773,54.7657,54.7657,54.7657,54.7657,54.7657,54.7657,54.7657,54.7657,54.7657,54.7657,54.7657,54.7657,54.7657,54.7657,54.7657,54.7657,54.7657,54.7773,54.8292,54.9147,54.9665,54.9781,54.9897,55.0416,55.1271,55.1789,55.1905,55.1905,55.1905,55.1905,55.1905,55.1905,55.1905,55.1905,55.1905,55.1905,55.1905,55.1905,55.1905,55.1905,55.1905,55.1905,55.1905,55.1789,55.1271,55.0416,54.9897,54.9665,54.9147,54.8292,54.7773,54.7657,54.7657,54.7657,54.7657,54.7657,54.7657,54.7657,54.7657,54.7773,54.8407,54.9781,55.1271,55.254,55.4145,55.6153,55.8277,56.0401,56.2525,56.4533,56.6139,56.7292,56.8378,56.9416,57.0502,57.154,57.2511,57.3029,57.3261,57.3779,57.4635,57.5153,57.5385,57.5903,57.6758,57.7277,57.7393,57.7509,57.8027,57.8882,57.9401,57.9517,57.9517,57.9517,57.9517,57.9517,57.9517,57.9517,57.9517,57.9517,57.9401,57.8767,57.7277,57.5269,57.3145,57.1021,56.9013,56.7407,56.6254,56.5168,56.413,56.3044,56.1891,56.0401,55.9027,55.8393,55.8161,55.7643,55.6788,55.6153,55.5519,55.4664,55.4029,55.3395,55.254,55.1905,55.1271,55.0416,54.9897,54.9665,54.9147,54.8176,54.7139,54.6052,54.5015,54.3928,54.2775,54.117,53.9161,53.7037,53.4682,53.1405,52.6936,52.2517,51.9306,51.7403,51.5566,51.3039,51.0176,50.8052,50.6667,50.5062,50.3054,50.093,49.869,49.5932,49.2434,48.8936,48.6178,48.3938,48.1814,47.9574,47.6932,47.3953,47.131,46.907,46.6946,46.4938,46.3333,46.2064,46.0459,45.845,45.6326,45.4202,45.2194,45.0589,44.9436,44.8349,44.7312,44.6341,44.5706,44.5072,44.4217,44.3582,44.2948,44.1977,44.0824,43.9219,43.7211,43.4971,43.2212,42.8599,42.4467,42.0219,41.5971,41.1839,40.8225,40.5235,40.1727,39.6508,38.9964,38.3256,37.7221,37.1367,36.563,36.0229,35.501,35.0243,34.5764,34.0882,33.526,32.9754,32.539,32.1766,31.7518,31.2299,30.6611,30.1055,29.6625,29.278,28.9051,28.5255,28.1074,27.6759,27.1712,26.5389,25.7594,24.9148,24.0084,23.0666,22.1547,21.4204,20.8792,20.3226,19.6683,19.009,18.4805,18.0844,17.7567,17.4472,17.1829,16.959,16.735,16.4707,16.1497,15.7701,15.3117,14.835,14.3468,13.8249,13.3079,12.8495,12.5334,12.3497,12.2344,12.1257,12.0104,11.8499,11.6606,11.5001,11.3848,11.2761,11.1608,11.0003,10.811,10.6505,10.5352,10.4265,10.3228,10.2257

Pole type : Curve
Start frame : 1
End frame : 234
Start time (s) : 0.000
End time (s) : 2104.000
Time step (s) : 9.030

Pole number : 2

Time (s) : 54.794122,56.564336,59.470247,62.6893,66.072498,70.062987,74.008593,77.330578,80.243802,83.355936,86.363127,88.70217,90.572384,92.337618,94.102363,95.762097,97.057448,98.152926,100.02005,102.91817,105.92019,108.25389,110.11858,111.87809,113.63691,115.39502,117.15238,119.01348,121.23764,123.76481,125.98728,127.84501,129.59731,131.34866,133.09902,134.84837,136.59668,138.3439,140.09,141.93946,144.25611,147.34374,150.79399,153.87909,156.19066,158.13701,160.44584,163.52546,167.072,170.61706,173.79674,176.77555,180.4205,184.73155,188.94615,193.26363,198.14263,203.12445,207.90524,212.98815,218.5377,224.55388,230.87215,236.88482,242.42737,247.49979,252.16211,256.76267,261.42151,266.48697,271.81009,276.87217,281.62875,286.68755,292.31763,298.67388,305.37695,311.42639,316.886,321.42307,325.33562,329.5063,334.34353,339.3887,344.49289,349.9445,355.51533,361.53827,367.87997,374.26563,380.13804,385.28245,389.91383,394.38065,398.3347,401.45675,403.70245,405.48029,407.25878,409.61097,413.10018,417.46724,422.20913,427.72467,434.01405,440.46976,447.07642,454.10912,461.85633,469.77057,477.79201,486.01566,494.04303,502.07364,510.2025,517.77179,525.04103,532.92193,541.4399,550.73441,560.33729,569.54621,579.27286,590.29548,601.83617,612.67006,622.51275,631.18058,639.3859,647.69206,655.49152,662.10118,667.64121,673.28261,678.92101,683.12628,685.734,687.67134,689.51125,691.35833,693.31716,695.9607,700.32056,706.90965,715.37969,725.24683,735.6499,746.10503,756.1594,765.96635,775.94441,785.77416,794.43947,801.92467,808.80831,815.64752,822.35309,828.75435,834.92654,841.92984,850.03875,858.88315,868.26913,878.27553,888.09486,897.72661,907.66376,916.52588,922.86667,927.56814,932.67731,938.52265,944.58488,950.6544,956.83514,963.59488,971.49625,980.27932,989.12683,997.76334,1006.5232,1016.0929,1025.3611,1033.764,1042.0985,1050.1301,1057.9627,1065.985,1073.0799,1079.367,1086.8683,1095.6242,1104.8913,1113.688,1121.5108,1129.1665,1137.0789,1144.9882,1152.5307,1159.6615,1166.7288,1173.8527,1181.1724,1187.811,1192.6421,1196.3334,1200.5841,1205.9671,1211.9192,1217.8676,1223.5529,1229.2946,1235.5359,1241.4698,1246.837,1252.4001,1258.2194,1263.7761,1269.0258,1274.4718,1279.8105,1284.4786,1288.6757,1292.9747,1298.1035,1304.0969,1309.5249,1313.9792,1318.5707,1323.4796,1328.4312,1332.9727,1337.1486,1341.2184,1345.1822,1348.8852,1352.7514,1357.4833,1362.214,1365.972,1369.2005,1372.488,1376.5467,1381.3766,1386.2656,1390.8343,1395.0539,1399.6209,1404.5065,1409.6447,1415.0801,1421.1378,1427.36,1433.8958,1441.2541,1448.7614,1455.7211,1462.6555,1468.7732,1473.8594,1478.6765,1483.5537,1488.7347,1493.9157,1499.0019,1504.6512,1510.6044,1516.159,1522.1219,1529.2208,1537.2565,1545.7006,1554.0498,1562.7628,1571.6656,1578.869,1584.4333,1590.8045,1598.5267,1606.3978,1613.2975,1619.6242,1625.7864,1631.8093,1638.5444,1645.9027,1653.1062,1660.0058,1667.3138,1675.663,1685.5122,1696.2825,1707.1826,1718.9942,1731.1696,1742.8419,1754.1851,1764.6071,1773.8331,1781.9733,1789.3857,1796.6492,1804.1565,1811.5245,1819.1964,1827.0675,1834.54,1842.3164,1850.7604,1859.369,1867.7085,1874.912,1881.3529,1889.2337,1899.2822,1910.3216,1921.8894,1934.0048,1945.5726,1956.7165,1967.4423,1977.3456,1987.309,1998.4432,2009.6374,2019.6956,2028.4531,2036.4985,2044.9425,2053.1776,2059.9727,2065.4672,2070.5534,2076.5163,2083.9791,2092.5276,2101.2388,2108.5022,2112.1166,2112.9778,2113.03,2113.03

Position (um) : 6.5237,6.5242,6.5248,6.5253,6.5259,6.5264,6.527,6.5275,6.528,6.5286,6.5291,6.5297,6.5302,6.5308,6.5314,6.5332,6.5392,6.5489,6.555,6.5581,6.5642,6.5739,6.58,6.5818,6.5824,6.5829,6.5835,6.5841,6.5847,6.5853,6.5859,6.5877,6.5939,6.6036,6.6097,6.6116,6.6122,6.6128,6.6134,6.6141,6.6147,6.6153,6.616,6.6166,6.6173,6.6179,6.6198,6.626,6.6371,6.6488,6.6611,6.6728,6.6839,6.6901,6.6921,6.694,6.7003,6.7101,6.7164,6.7183,6.7191,6.7198,6.7206,6.7213,6.7221,6.7241,6.7304,6.7403,6.7467,6.7487,6.7495,6.7516,6.7579,6.7679,6.7742,6.7763,6.7771,6.7792,6.7856,6.7956,6.8032,6.8108,6.8221,6.834,6.8465,6.8597,6.8777,6.9012,6.9291,6.9562,6.9762,6.9942,7.0122,7.0309,7.0513,7.0633,7.0666,7.0675,7.0697,7.0761,7.0861,7.0925,7.0946,7.0942,7.0895,7.08,7.0698,7.0603,7.0544,7.0484,7.0389,7.0286,7.019,7.013,7.007,6.9987,6.9926,6.9866,6.9769,6.9666,6.9569,6.952,6.9514,6.9508,6.9459,6.9373,6.9323,6.9317,6.9322,6.9327,6.9332,6.9336,6.934,6.9345,6.9348,6.9352,6.9355,6.9358,6.9361,6.9364,6.9366,6.9368,6.937,6.9371,6.9373,6.9374,6.9374,6.9375,6.9375,6.9387,6.9441,6.9531,6.9584,6.9594,6.9591,6.9587,6.9583,6.9578,6.9573,6.9567,6.956,6.9566,6.9613,6.9697,6.9744,6.9747,6.9738,6.9729,6.9719,6.9708,6.971,6.9755,6.9835,6.9879,6.9879,6.9867,6.9855,6.9843,6.983,6.9818,6.9805,6.9792,6.9792,6.9834,6.9912,6.9954,6.9954,6.9941,6.994,6.9982,7.006,7.0115,7.017,7.0248,7.0303,7.0359,7.0437,7.0493,7.0548,7.0639,7.0738,7.0842,7.0941,7.1033,7.1077,7.1077,7.1079,7.1123,7.1203,7.1247,7.1249,7.1239,7.124,7.1285,7.1366,7.1412,7.1414,7.1404,7.1395,7.1385,7.1375,7.1378,7.1424,7.1506,7.1565,7.1636,7.1773,7.1924,7.205,7.2213,7.2418,7.2624,7.2787,7.2901,7.3009,7.3111,7.3206,7.3266,7.3325,7.3408,7.3455,7.346,7.3464,7.3511,7.3594,7.3642,7.3646,7.365,7.3698,7.3781,7.3833,7.3858,7.3913,7.4017,7.4128,7.4244,7.4367,7.4526,7.4672,7.4752,7.4832,7.4979,7.5138,7.5261,7.5377,7.5487,7.5591,7.5659,7.5726,7.5842,7.6008,7.6216,7.6394,7.6565,7.6724,7.6847,7.6963,7.7086,7.7245,7.7392,7.7472,7.7539,7.7631,7.7698,7.7778,7.7937,7.8152,7.8378,7.8617,7.8912,7.9285,7.967,8.0032,8.043,8.0871,8.1312,8.171,8.2072,8.2458,8.2831,8.3137,8.3432,8.375,8.4032,8.4271,8.4497,8.4724,8.4963,8.5245,8.5563,8.5845,8.6084,8.631,8.6549,8.6831,8.7174,8.7566,8.8,8.8405,8.8803,8.9189,8.9551,8.9949,9.0402,9.0911,9.1455,9.1964,9.2442,9.2938,9.3427,9.3832,9.4187,9.4524,9.4867,9.5216,9.5614,9.6068,9.6576,9.7121,9.7605,9.7935,9.807

Intensity : 2342.4433,2345.2827,2350.7602,2356.9279,2355.9086,2353.2216,2342.59,2325.2994,2310.0069,2288.2523,2264.6622,2246.1282,2232.414,2226.5963,2220.9492,2213.528,2200.2512,2182.97,2174.4914,2178.2524,2182.1395,2185.81,2191.8011,2199.6814,2208.0913,2216.6497,2225.3576,2227.8479,2229.694,2231.8823,2233.9502,2230.0557,2227.3892,2227.3293,2225.2372,2220.404,2215.7593,2211.6775,2207.6401,2203.3787,2197.9663,2216.9598,2238.6285,2258.7272,2279.432,2296.7327,2315.1366,2332.5625,2346.6311,2363.8389,2358.2885,2348.2798,2345.1448,2372.6731,2405.4847,2431.8432,2462.9511,2461.9674,2460.5255,2435.2251,2409.3492,2388.8111,2429.8041,2457.705,2441.0871,2403.5176,2345.1311,2282.2003,2240.1513,2184.5012,2130.9657,2088.3963,2037.0122,1984.013,1944.4348,1919.6901,1931.8594,1882.4442,1831.3227,1871.263,1910.9614,1996.9785,2108.457,2264.1417,2362.7492,2356.2143,2315.9599,2255.887,2163.2566,2080.6882,2048.6216,2034.1806,2051.9883,2110.2521,2135.2234,2114.7114,2120.8601,2132.2812,2129.2642,2100.6598,2058.3586,1997.1424,1911.0101,1846.6053,1812.5316,1842.9638,1947.4914,2059.4445,2113.7811,2155.2907,2265.4103,2361.8992,2384.415,2339.9048,2273.8586,2224.3584,2195.84,2150.3868,2182.4285,2257.7194,2249.7802,2191.2495,2010.6046,1862.3346,1813.3844,1924.3336,1884.0476,1823.5505,1779.252,1797.2416,1803.001,1787.0042,1762.4906,1721.7199,1688.4859,1680.7257,1676.2853,1670.3302,1663.7907,1657.1723,1650.069,1646.6078,1672.8049,1718.3649,1758.6493,1671.104,1572.9392,1622.1949,1757.5023,1780.1158,1807.3182,1840.679,1758.5939,1683.2939,1571.7523,1488.0298,1467.3178,1522.0746,1636.7448,1774.4349,1847.4357,1803.4241,1671.6523,1735.5606,1906.023,2142.1072,2234.7243,2155.6282,2065.1582,2034.4566,2031.0547,2061.3856,2156.6305,2190.642,2124.888,2071.7852,2009.5828,2009.071,2063.6847,2058.6031,2062.3784,2153.5299,2304.9775,2422.0834,2464.5508,2466.5509,2437.0034,2454.3281,2419.8915,2396.3832,2352.1545,2273.4129,2207.2863,2187.769,2208.1884,2264.9245,2292.4509,2244.5401,2173.55,2117.0339,2126.3116,2204.5002,2276.7345,2252.6326,2205.2908,2145.0992,2075.8552,2015.5139,1978.3329,1985.1396,1912.3314,1822.1696,1747.345,1736.8619,1763.8317,1810.6687,1823.2321,1810.4596,1732.3701,1665.8973,1667.512,1643.8707,1607.6595,1588.7872,1569.0313,1530.8326,1500.8504,1447.8238,1379.204,1213.517,1045.2113,903.39573,768.12921,708.33474,645.98998,709.17349,782.92161,891.96217,1008.2709,1128.3536,1253.424,1388.4329,1496.4749,1623.8631,1712.2215,1790.9182,1779.5176,1767.7547,1682.3078,1604.0104,1536.7492,1479.4892,1447.1307,1438.6369,1405.3963,1381.1105,1399.5965,1497.788,1556.2785,1591.9895,1637.178,1669.4273,1678.2409,1660.9984,1639.7065,1614.4197,1593.7807,1569.6333,1538.4674,1497.5456,1473.4653,1514.3905,1579.7402,1560.1794,1527.0349,1547.8796,1553.9334,1570.4504,1624.0841,1641.6098,1678.1336,1705.5392,1732.4165,1748.6637,1739.8699,1740.9987,1754.9382,1706.5363,1666.9759,1607.856,1556.1027,1523.6879,1552.2656,1598.5985,1714.1364,1749.9973,1693.8769,1701.364,1667.877,1658.0088,1701.2401,1652.1919,1623.001,1574.7418,1555.0743,1518.5396,1474.1598,1443.9335,1404.1609,1362.108,1398.5719,1463.9013,1526.1488,1552.9714,1493.8828,1440.502,1396.3529,1443.6887,1535.6945,1536.6201,1476.1847,1442.0557,1441.389,1432.9984,1403.4116,1334.4299,1297.6936,1266.1767,1286.0058,1306.2769,1316.5341,1293.6818,1258.3239,1213.6493,1196.0317,1176.9946,1185.1715,1173.9639,1152.8507,1087.8886,1040.2863,1020.6196

Time pixel : 6.06798,6.264016,6.585821,6.942304,7.316964,7.758876,8.195818,8.5637,8.886315,9.230957,9.563977,9.823006,10.03012,10.2256,10.42103,10.60483,10.74828,10.8696,11.07637,11.39731,11.72975,11.98819,12.19469,12.38954,12.58432,12.77901,12.97362,13.17972,13.42603,13.70589,13.95201,14.15774,14.35179,14.54574,14.73958,14.9333,15.12691,15.3204,15.51377,15.71858,15.97513,16.31706,16.69914,17.04079,17.29678,17.51232,17.768,18.10905,18.50179,18.89438,19.2465,19.57638,19.98003,20.45744,20.92417,21.40229,21.9426,22.4943,23.02373,23.58662,24.20118,24.86742,25.56712,26.23297,26.84676,27.40848,27.9248,28.43427,28.9502,29.51115,30.10064,30.66122,31.18797,31.74819,32.37168,33.07558,33.81788,34.48781,35.09241,35.59485,36.02814,36.49,37.02569,37.58439,38.14964,38.75336,39.37028,40.03727,40.73956,41.44672,42.09704,42.66673,43.17962,43.67428,44.11216,44.4579,44.70659,44.90347,45.10043,45.36091,45.74731,46.23093,46.75605,47.36685,48.06334,48.77826,49.50989,50.2887,51.14664,52.02307,52.91138,53.82208,54.71104,55.60036,56.50056,57.3388,58.1438,59.01654,59.95984,60.98912,62.05256,63.07237,64.14951,65.37017,66.64821,67.84797,68.93796,69.89785,70.80652,71.72635,72.59008,73.32204,73.93555,74.56029,75.18469,75.65039,75.93917,76.15372,76.35747,76.56202,76.77894,77.07169,77.55451,78.2842,79.22218,80.31488,81.46693,82.62475,83.73818,84.82422,85.92921,87.01777,87.97737,88.8063,89.5686,90.32598,91.06857,91.77745,92.46097,93.23653,94.13452,95.11396,96.15338,97.2615,98.34891,99.41554,100.516,101.4974,102.1996,102.7202,103.286,103.9334,104.6047,105.2768,105.9613,106.7099,107.5849,108.5575,109.5373,110.4938,111.4638,112.5236,113.55,114.4805,115.4035,116.2929,117.1603,118.0487,118.8344,119.5307,120.3614,121.331,122.3573,123.3314,124.1977,125.0455,125.9218,126.7977,127.6329,128.4226,129.2052,129.9941,130.8047,131.5399,132.0749,132.4837,132.9544,133.5505,134.2097,134.8684,135.498,136.1339,136.825,137.4822,138.0765,138.6926,139.337,139.9524,140.5337,141.1369,141.7281,142.245,142.7098,143.1859,143.7539,144.4176,145.0187,145.512,146.0204,146.564,147.1124,147.6153,148.0778,148.5285,148.9674,149.3775,149.8056,150.3297,150.8535,151.2697,151.6272,151.9913,152.4408,152.9756,153.5171,154.023,154.4903,154.996,155.5371,156.1061,156.708,157.3789,158.0679,158.7917,159.6066,160.4379,161.2087,161.9766,162.6541,163.2173,163.7508,164.2909,164.8646,165.4384,166.0016,166.6273,167.2865,167.9016,168.562,169.3481,170.238,171.1731,172.0977,173.0626,174.0485,174.8462,175.4624,176.168,177.0232,177.8948,178.6589,179.3595,180.0419,180.7089,181.4548,182.2696,183.0674,183.8314,184.6407,185.5653,186.6561,187.8488,189.0559,190.3639,191.7122,193.0048,194.261,195.4151,196.4368,197.3383,198.1592,198.9635,199.7949,200.6108,201.4604,202.3321,203.1596,204.0208,204.9559,205.9092,206.8327,207.6305,208.3437,209.2165,210.3293,211.5518,212.8328,214.1745,215.4555,216.6896,217.8774,218.9741,220.0775,221.3105,222.5501,223.664,224.6338,225.5248,226.4599,227.3718,228.1244,228.7328,229.2961,229.9564,230.7829,231.7295,232.6942,233.4986,233.8988,233.9942,234,234

Position pixel : 61.1407,61.1457,61.1508,61.1558,61.1609,61.166,61.1711,61.1762,61.1813,61.1864,61.1916,61.1968,61.2019,61.2071,61.2123,61.2292,61.2863,61.3771,61.4342,61.4627,61.5199,61.6107,61.668,61.6849,61.6903,61.6958,61.7012,61.7067,61.7123,61.7178,61.7234,61.7406,61.7981,61.8893,61.9468,61.9641,61.9699,61.9757,61.9816,61.9875,61.9934,61.9994,62.0054,62.0114,62.0175,62.0237,62.0414,62.0996,62.2029,62.313,62.4281,62.5382,62.6418,62.7003,62.7184,62.7367,62.7953,62.8876,62.9463,62.9647,62.9717,62.9787,62.9858,62.9929,63.0001,63.0189,63.0781,63.171,63.2303,63.2494,63.2569,63.2761,63.3356,63.4288,63.4885,63.5079,63.5157,63.5352,63.5951,63.6886,63.7601,63.8317,63.9369,64.0488,64.1657,64.2892,64.458,64.6787,64.9397,65.1941,65.3812,65.5501,65.719,65.8946,66.0855,66.1976,66.2291,66.2374,66.2573,66.3175,66.4112,66.4713,66.491,66.4876,66.4437,66.3546,66.2588,66.1696,66.1139,66.0582,65.9687,65.8725,65.7828,65.7266,65.6703,65.5919,65.5354,65.4787,65.3883,65.291,65.2003,65.1546,65.149,65.1433,65.0971,65.017,64.9705,64.964,64.9689,64.9736,64.9781,64.9823,64.9864,64.9902,64.9938,64.9972,65.0003,65.0032,65.0059,65.0083,65.0104,65.0124,65.014,65.0154,65.0166,65.0175,65.0181,65.0185,65.0187,65.03,65.081,65.1651,65.2151,65.2242,65.2211,65.2176,65.2135,65.209,65.2039,65.1983,65.1923,65.1973,65.2422,65.3203,65.3644,65.3678,65.3592,65.3502,65.3409,65.3313,65.3329,65.3745,65.4496,65.4907,65.4913,65.4801,65.4687,65.4572,65.4455,65.4337,65.4218,65.4097,65.4092,65.4489,65.5222,65.5618,65.5611,65.5489,65.5482,65.5879,65.6612,65.7125,65.7639,65.8374,65.8889,65.9405,66.0143,66.0661,66.118,66.2036,66.2961,66.3935,66.4862,66.5724,66.6134,66.6143,66.6153,66.6567,66.732,66.7736,66.7752,66.7652,66.767,66.8092,66.8851,66.9276,66.9298,66.9206,66.9114,66.9024,66.8935,66.8962,66.9394,67.0162,67.0711,67.1377,67.2666,67.4073,67.5259,67.6782,67.8709,68.0637,68.2162,68.3235,68.4243,68.5201,68.6094,68.6651,68.7208,68.7986,68.8428,68.8468,68.8508,68.8951,68.9731,69.0175,69.0216,69.0258,69.0702,69.1484,69.1972,69.2203,69.2722,69.3693,69.473,69.5817,69.697,69.8459,69.9833,70.0583,70.1334,70.2707,70.4197,70.535,70.6437,70.7474,70.8445,70.9079,70.9714,71.08,71.2356,71.4298,71.597,71.7575,71.9065,72.0218,72.1304,72.2458,72.3947,72.5321,72.6071,72.6706,72.7561,72.8195,72.8945,73.0435,73.2443,73.4567,73.6807,73.9565,74.3063,74.6676,75.0069,75.3799,75.7931,76.2063,76.5792,76.9185,77.2799,77.6296,77.917,78.1929,78.4908,78.7551,78.979,79.1914,79.4038,79.6278,79.8921,80.19,80.4542,80.6782,80.8906,81.1146,81.3788,81.6999,82.0679,82.4745,82.8541,83.227,83.5883,83.9276,84.3005,84.7253,85.202,85.7123,86.189,86.6369,87.102,87.5604,87.94,88.2727,88.5888,88.9098,89.2376,89.6105,90.0353,90.5119,91.0222,91.4758,91.7852,91.9121

Pole type : Curve
Start frame : 1
End frame : 234
Start time (s) : 0.000
End time (s) : 2104.000
Time step (s) : 9.030

Feature Information :


Feature number : 1

Time (s) : 1324.4677,1325.8128,1327.7307,1330.117,1333.0162,1336.4438,1340.6881,1345.3562,1349.9643,1353.8002,1356.864,1359.7631,1362.6178,1365.517,1368.3717,1371.2709,1374.2301,1377.4931,1380.7562,1383.7154,1386.51,1388.8964,1390.9188,1392.8368,1394.8593,1397.2456,1399.9357,1402.4266,1404.9174,1407.7121,1410.6713,1413.9343,1417.0929,1419.5837,1421.6062,1423.6286,1426.015,1428.7051,1431.0914,1433.1139,1435.0319,1436.9498,1438.8678,1440.7857,1442.7037,1444.6217,1446.5396,1448.4576,1450.3755,1452.2935,1454.2114,1456.1294,1458.0474,1459.9653,1461.8833,1463.8012,1465.7192,1467.6372,1469.4506,1470.9002,1472.0459,1473.4955,1475.309,1477.2269,1479.1449,1481.0629,1482.9808,1484.8988,1486.9212,1489.4121,1492.7796,1497.1884,1502.6288,1508.2181,1513.2598,1518.3808,1523.0489,1527.0939,1530.8253,1534.1928,1537.2565,1540.6241,1544.46,1548.7643,1553.3724,1557.6767,1561.7216,1566.1304,1571.2069,1576.3879,1581.1605,1585.5093,1589.5098,1593.754,1598.0583,1602.4671,1607.0752,1611.484,1615.8928,1620.5009,1624.9097,1629.3185,1634.0311,1638.8038,1643.5164,1647.7162,1651.1883,1654.252,1657.6195,1661.4554,1665.9687,1671.5136,1677.3623,1682.2394,1686.2844,1690.2248,1694.6336,1699.6056,1704.3182,1708.5277,1713.3448,1718.7852,1724.0707,1729.0523,1734.4423,1740.5601,1747.0862,1753.3084,1759.0623,1764.2433,1768.5476,1771.9151,1774.5104,1777.2103,1781.0462,1786.0182,1791.0947,1795.399,1798.871,1801.8302,1804.6249,1807.0112,1809.1382,1811.5245,1814.2147,1816.601,1818.8325,1821.6872,1825.2541,1828.6816,1832.1537,1835.9896,1840.1894,1844.2246,1847.1838,1849.3108,1851.2288,1853.3557,1856.2104,1859.7773,1863.2049,1866.5724,1869.8355,1872.7947,1875.7984,1879.3304,1883.8341,1888.4422,1892.5471,1896.6869,1900.3138,1902.9091,1904.9316,1906.8496,1908.7675,1910.79,1913.2808,1916.5438,1920.2753,1924.2157,1928.6245,1933.8055,1939.3503,1944.6358,1949.6175,1955.0075,1961.0207,1967.0785,1972.424,1977.2411,1981.6499,1986.0587,1990.7713,1995.544,2000.3611,2005.2383,2010.5238,2016.0687,2021.4587,2026.9087,2032.8619,2038.4068,2042.8156,2046.2876,2049.2468,2052.0415,2054.4278,2056.4503,2058.3682,2060.2862,2062.3087,2064.695,2067.4897,2070.4489,2073.7119,2076.9749,2079.9341,2082.8333,2085.688,2088.5872,2091.4419,2094.2366,2096.6229,2098.6454,2100.5633,2102.4813,2104.3992,2106.3172,2108.2351,2110.1009,2111.6801,2112.6391,2112.9778

Position (um) : 6.9766,6.9766,6.9766,6.9766,6.9766,6.9766,6.9766,6.9766,6.9766,6.9766,6.9766,6.9766,6.9766,6.9766,6.9766,6.9766,6.9766,6.9766,6.9766,6.9766,6.9766,6.9766,6.9766,6.9766,6.9766,6.9754,6.9699,6.9607,6.9552,6.954,6.954,6.954,6.954,6.954,6.9527,6.9472,6.9381,6.9326,6.9313,6.9313,6.9313,6.9313,6.9313,6.9313,6.9313,6.9313,6.9313,6.9313,6.9326,6.9381,6.9472,6.9527,6.9552,6.9607,6.9699,6.9754,6.9766,6.9766,6.9779,6.9834,6.9925,6.9981,6.9993,6.9993,6.9993,6.9993,6.9993,6.9993,6.9993,6.9993,6.9993,7.0005,7.0061,7.0152,7.0207,7.022,7.022,7.022,7.022,7.022,7.022,7.022,7.022,7.022,7.022,7.022,7.022,7.022,7.022,7.022,7.022,7.022,7.022,7.022,7.022,7.022,7.022,7.022,7.022,7.022,7.022,7.022,7.022,7.022,7.022,7.022,7.022,7.022,7.022,7.022,7.022,7.022,7.022,7.022,7.022,7.022,7.022,7.0232,7.0287,7.0391,7.0502,7.0618,7.0741,7.0912,7.1126,7.1353,7.1579,7.1818,7.2088,7.2351,7.2529,7.2657,7.2768,7.2884,7.2995,7.3098,7.3154,7.3178,7.3234,7.3325,7.338,7.3392,7.3392,7.3392,7.3392,7.3392,7.3405,7.346,7.3551,7.3607,7.3631,7.3687,7.3778,7.3833,7.3846,7.3846,7.3858,7.3913,7.4005,7.4072,7.414,7.4244,7.4354,7.4458,7.4526,7.4606,7.4752,7.4911,7.5034,7.515,7.5261,7.5377,7.5487,7.5591,7.5659,7.5739,7.5885,7.6044,7.618,7.6351,7.6565,7.6792,7.7006,7.7177,7.7313,7.7472,7.7618,7.7686,7.7711,7.7766,7.787,7.798,7.8096,7.8219,7.8378,7.8537,7.8685,7.8912,7.9217,7.9499,7.9738,7.9952,8.0124,8.0259,8.0418,8.0565,8.0645,8.0712,8.0804,8.0871,8.0939,8.1042,8.1153,8.1269,8.138,8.1496,8.1606,8.171,8.1778,8.1845,8.1937,8.1992,8.2004,8.2017,8.2072,8.2163,8.2219,8.2231,8.2231,8.2231,8.2231,8.2231,8.2231

Intensity : 811.74403,789.99571,763.18477,756.4784,748.33075,738.69816,755.36842,773.72252,861.2313,935.62268,975.63694,1008.0028,1039.872,1064.7677,1085.8697,1107.3004,1107.3114,1088.547,1069.7827,1043.374,1014.9157,990.61554,970.19219,951.78738,932.37971,908.03207,876.49509,844.82154,818.01016,793.01874,781.01769,774.99161,769.15854,766.8605,765.17687,762.40799,759.54774,760.11942,762.90217,765.94119,768.82317,764.90194,756.66007,748.41819,740.17632,731.93445,731.54875,732.00278,733.45867,737.03116,741.43086,751.3264,760.478,770.25965,780.72644,789.63101,796.83026,803.78807,810.52855,816.40034,820.92243,821.65716,821.90068,822.0821,822.26352,822.06256,816.8444,811.62624,806.12374,799.34697,796.8652,794.91592,792.88283,791.42346,781.06258,769.78901,755.41223,742.51413,729.40479,717.57379,717.84085,723.29334,729.10622,730.7665,732.88453,741.69475,749.97411,738.58767,722.6335,723.54403,722.66486,714.90939,709.38516,732.56976,756.08222,760.73916,764.33785,767.25975,770.14733,770.25262,770.02564,779.32654,790.56535,789.85982,787.76029,760.98565,738.85041,730.4378,730.31575,730.17674,736.15217,741.75714,738.25121,723.2333,702.35809,685.59619,672.6497,666.92206,676.90179,690.9177,699.81598,707.33654,714.50778,717.05274,720.11012,718.72693,708.16591,688.04102,672.94908,658.48226,650.03692,641.38059,633.38498,624.79482,619.1559,618.89157,618.30058,616.71756,618.37307,621.99309,628.46774,633.33538,634.80683,636.45771,638.31878,641.63473,645.50876,650.97331,656.5374,656.57897,655.79259,653.7109,651.99876,647.6575,642.08681,638.2713,634.63178,626.76014,617.96049,608.53017,603.33021,601.55362,602.9039,608.55319,613.08937,618.79002,625.2226,629.13568,632.43669,637.0979,630.77342,630.21866,632.36953,632.745,629.57061,627.06412,619.9438,617.80668,620.30055,625.31369,632.5323,641.30654,630.22663,612.13518,593.99079,581.15387,576.1803,583.28465,581.12483,579.04806,580.16436,575.72676,569.32828,564.42148,577.59262,594.29573,607.85445,628.55016,637.06378,628.08947,622.96672,641.06974,644.0663,637.52502,633.49614,636.85024,642.17528,647.18545,652.3605,650.65546,646.73855,643.05609,634.19425,634.72273,639.71848,644.94636,635.4939,628.35867,624.31532,628.5655,632.82539,638.26661,636.97892,633.24135,628.82936,623.80954,617.00124,616.63305,617.32755,618.00313,618.575,618.92225,619.04489

Time pixel : 146.6735,146.8224,147.0348,147.2991,147.6201,147.9997,148.4697,148.9867,149.497,149.9218,150.2611,150.5821,150.8983,151.2193,151.5355,151.8565,152.1842,152.5456,152.9069,153.2346,153.5441,153.8084,154.0324,154.2448,154.4687,154.733,155.0309,155.3067,155.5826,155.8921,156.2198,156.5811,156.9309,157.2067,157.4307,157.6547,157.919,158.2169,158.4811,158.7051,158.9175,159.1299,159.3423,159.5547,159.7671,159.9795,160.1919,160.4043,160.6167,160.8291,161.0415,161.2539,161.4663,161.6787,161.8911,162.1035,162.3159,162.5283,162.7291,162.8896,163.0165,163.177,163.3778,163.5902,163.8026,164.015,164.2274,164.4398,164.6638,164.9396,165.3126,165.8008,166.4033,167.0223,167.5806,168.1477,168.6646,169.1126,169.5258,169.8987,170.238,170.6109,171.0357,171.5124,172.0227,172.4994,172.9473,173.4355,173.9977,174.5715,175.1,175.5816,176.0246,176.4946,176.9713,177.4595,177.9698,178.4581,178.9463,179.4566,179.9448,180.4331,180.955,181.4835,182.0054,182.4705,182.855,183.1943,183.5672,183.992,184.4918,185.1058,185.7535,186.2936,186.7416,187.1779,187.6662,188.2168,188.7387,189.2048,189.7383,190.3408,190.9261,191.4778,192.0747,192.7521,193.4748,194.1639,194.8011,195.3748,195.8515,196.2244,196.5119,196.8108,197.2356,197.7862,198.3484,198.8251,199.2096,199.5373,199.8468,200.111,200.3466,200.6108,200.9088,201.173,201.4201,201.7363,202.1313,202.5108,202.8953,203.3201,203.7852,204.2321,204.5598,204.7954,205.0077,205.2433,205.5594,205.9544,206.334,206.7069,207.0683,207.396,207.7286,208.1198,208.6185,209.1288,209.5834,210.0418,210.4435,210.7309,210.9549,211.1673,211.3797,211.6036,211.8795,212.2408,212.6541,213.0904,213.5787,214.1524,214.7665,215.3518,215.9035,216.5004,217.1663,217.8371,218.4291,218.9625,219.4508,219.939,220.4609,220.9894,221.5229,222.063,222.6483,223.2624,223.8593,224.4628,225.1221,225.7361,226.2243,226.6088,226.9366,227.246,227.5103,227.7343,227.9467,228.1591,228.383,228.6473,228.9568,229.2845,229.6459,230.0072,230.3349,230.656,230.9721,231.2932,231.6093,231.9188,232.183,232.407,232.6194,232.8318,233.0442,233.2566,233.469,233.6756,233.8505,233.9567,233.9942

Position pixel : 65.3856,65.3856,65.3856,65.3856,65.3856,65.3856,65.3856,65.3856,65.3856,65.3856,65.3856,65.3856,65.3856,65.3856,65.3856,65.3856,65.3856,65.3856,65.3856,65.3856,65.3856,65.3856,65.3856,65.3856,65.3856,65.374,65.3222,65.2366,65.1848,65.1732,65.1732,65.1732,65.1732,65.1732,65.1616,65.1098,65.0242,64.9724,64.9608,64.9608,64.9608,64.9608,64.9608,64.9608,64.9608,64.9608,64.9608,64.9608,64.9724,65.0242,65.1098,65.1616,65.1848,65.2366,65.3222,65.374,65.3856,65.3856,65.3972,65.449,65.5346,65.5864,65.598,65.598,65.598,65.598,65.598,65.598,65.598,65.598,65.598,65.6096,65.6614,65.747,65.7988,65.8104,65.8104,65.8104,65.8104,65.8104,65.8104,65.8104,65.8104,65.8104,65.8104,65.8104,65.8104,65.8104,65.8104,65.8104,65.8104,65.8104,65.8104,65.8104,65.8104,65.8104,65.8104,65.8104,65.8104,65.8104,65.8104,65.8104,65.8104,65.8104,65.8104,65.8104,65.8104,65.8104,65.8104,65.8104,65.8104,65.8104,65.8104,65.8104,65.8104,65.8104,65.8104,65.822,65.8738,65.9709,66.0747,66.1833,66.2986,66.4592,66.66,66.8724,67.0848,67.3087,67.5614,67.8075,67.9747,68.0949,68.1986,68.3073,68.411,68.5081,68.56,68.5831,68.635,68.7205,68.7724,68.784,68.784,68.784,68.784,68.784,68.7955,68.8474,68.9329,68.9848,69.0079,69.0598,69.1453,69.1972,69.2088,69.2088,69.2203,69.2722,69.3577,69.4211,69.4846,69.5817,69.6854,69.7825,69.8459,69.921,70.0583,70.2073,70.3226,70.4313,70.535,70.6437,70.7474,70.8445,70.9079,70.9829,71.1203,71.2693,71.3962,71.5567,71.7575,71.9699,72.1707,72.3313,72.4582,72.6071,72.7445,72.8079,72.8311,72.8829,72.98,73.0838,73.1924,73.3077,73.4567,73.6057,73.7441,73.9565,74.2428,74.5071,74.7311,74.9319,75.0924,75.2193,75.3683,75.5057,75.5807,75.6441,75.7296,75.7931,75.8565,75.9536,76.0573,76.166,76.2697,76.3784,76.4821,76.5792,76.6427,76.7061,76.7916,76.8435,76.8551,76.8666,76.9185,77.004,77.0559,77.0675,77.0675,77.0675,77.0675,77.0675,77.0675

Brightness max : 1093.72
Brightness min : 243.00
Feature direction : Ambiguous
Feature speed : Slow
Feature type : Curve
Start frame : 1
End frame : 234
Start time (s) : 0.000
End time (s) : 2104.000
Time step (s) : 9.030

Feature number : 2

Time (s) : 1376.2525,1377.7021,1379.984,1382.7786,1385.8423,1389.7828,1394.8593,1400.4041,1405.4806,1409.3165,1412.1209,1415.0801,1418.647,1422.0745,1425.5466,1429.1735,1432.6455,1436.1776,1440.3174,1444.4126,1447.9892,1451.5213,1455.661,1459.8608,1463.8012,1467.8462,1472.7233,1478.572,1484.2214,1489.2031,1494.0202,1498.8974,1504.0784,1509.1548,1513.6681,1518.1814,1523.3624,1529.0118,1534.7657,1540.4151,1545.4915,1549.5365,1553.2776,1557.8857,1562.8577,1567.371,1571.6753,1575.9195,1579.8155,1583.5914,1586.9144,1589.9181,1592.8773,1596.1403,1599.4034,1602.4671,1605.8346,1609.5661,1613.402,1617.2379,1621.0738,1625.0142,1629.214,1633.2492,1636.2084,1638.4399,1640.8263,1643.5164,1645.9027,1648.0297,1650.416,1653.2107,1656.1699,1659.642,1663.7372,1667.7725,1670.7317,1672.8587,1674.8811,1677.372,1680.7395,1684.9393,1689.5474,1693.8517,1697.8966,1702.2009,1706.809,1711.0088,1714.4809,1717.5446,1720.8076,1724.0707,1727.1344,1730.3974,1733.6604,1736.6197,1739.5188,1742.5825,1746.3139,1750.4537,1754.6632,1760.0532,1766.9431,1774.3014,1780.932,1786.4866,1791.7721,1796.8486,1801.3619,1805.8752,1810.8471,1815.4553,1818.9873,1821.991,1824.8457,1827.6404,1830.0267,1832.0492,1833.9671,1835.8851,1837.8031,1839.721,1841.7435,1844.2343,1847.3929,1850.6559,1853.7196,1857.1696,1861.2996,1865.8376,1869.967,1873.3682,1876.2562,1879.0838,1881.9709,1885.1615,1888.3516,1891.2373,1893.958,1896.2697,1898.2169,1900.059,1902.1093,1904.8866,1908.2708,1911.0464,1913.3023,1916.3895,1921.3839,1927.5132,1932.9737,1936.8285,1939.3369,1941.2711,1943.0994,1944.9263,1946.9607,1949.7213,1953.088,1956.159,1959.6968,1964.4038,1968.97,1972.8068,1976.0693,1978.9219,1981.6085,1983.8854,1985.7972,1987.6033,1989.4083,1991.2124,1993.0157,1994.8184,1996.6207,1998.4228,2000.3293,2002.7045,2005.7478,2008.8964,2011.8467,2015.1021,2018.6184,2021.7728,2024.1572,2026.0757,2027.8926,2029.7127,2031.6408,2034.0411,2037.3222,2041.5444,2046.7527,2052.7982,2059.3618,2066.0955,2073.3478,2081.3339,2089.63,2097.0035,2102.3882,2105.3458,2106.3447,2106.4912,2106.4878

Position (um) : 6.1155,6.1155,6.1155,6.1155,6.1155,6.1155,6.1155,6.1155,6.1155,6.1155,6.1155,6.1155,6.1155,6.1155,6.1155,6.1155,6.1155,6.1155,6.1155,6.1155,6.1155,6.1155,6.1155,6.1155,6.1155,6.1155,6.1155,6.1155,6.1155,6.1142,6.1087,6.0996,6.094,6.0928,6.0928,6.0928,6.0928,6.0916,6.086,6.0769,6.0714,6.0689,6.0634,6.0542,6.0487,6.0462,6.0407,6.0316,6.026,6.0236,6.018,6.0089,6.0034,6.0009,5.9954,5.9862,5.9807,5.9795,5.9782,5.9727,5.9636,5.9581,5.9568,5.9556,5.95,5.9409,5.9354,5.9342,5.9342,5.9329,5.9274,5.9183,5.9127,5.9115,5.9115,5.9115,5.9115,5.9115,5.9115,5.9103,5.9047,5.8956,5.8888,5.8821,5.8729,5.8662,5.8582,5.8435,5.8276,5.8153,5.8037,5.7926,5.781,5.77,5.7596,5.7529,5.7461,5.737,5.7302,5.7234,5.7131,5.7008,5.6824,5.6567,5.6304,5.6101,5.5874,5.5612,5.5366,5.5091,5.4821,5.4582,5.4368,5.4197,5.4061,5.3902,5.3756,5.3676,5.3608,5.3505,5.3394,5.329,5.3235,5.321,5.3143,5.2996,5.2837,5.2718,5.2626,5.257,5.2514,5.2435,5.2379,5.2323,5.2232,5.2133,5.203,5.1931,5.184,5.1785,5.173,5.1652,5.1609,5.1598,5.1555,5.1477,5.1436,5.1437,5.1451,5.1465,5.1479,5.1493,5.1508,5.1523,5.1538,5.1553,5.1569,5.1585,5.1588,5.1549,5.1475,5.1424,5.1373,5.13,5.125,5.12,5.1115,5.1022,5.0925,5.0833,5.0748,5.07,5.0652,5.0567,5.0476,5.038,5.0289,5.0192,5.0101,5.0004,4.99,4.976,4.962,4.9515,4.9429,4.9379,4.9328,4.9241,4.9146,4.9046,4.8937,4.878,4.8566,4.8296,4.7977,4.765,4.733,4.7044,4.6757,4.6445,4.618,4.6001,4.5868,4.5711,4.5565

Intensity : 395.9597,391.8778,385.4525,380.8704,380.7637,380.6265,385.4848,392.2616,400.6625,406.1076,406.7287,407.3841,407.4912,405.7342,403.9544,403.623,404.0293,403.8999,398.7793,393.7137,392.6122,391.9308,393.1001,396.8208,398.9133,396.4425,393.636,391.2855,379.8534,364.163,363.6111,365.9904,360.5622,356.2181,357.1667,356.9362,352.6391,347.1777,341.1092,341.2178,341.461,342.0364,342.8637,350.2167,357.5362,361.7793,365.268,361.6546,358.0605,352.2939,346.9402,341.7174,335.6568,328.9468,324.6252,325.3477,326.3856,328.5895,331.5885,334.178,335.2424,336.6805,337.104,337.3652,337.2354,337.0202,336.9651,336.9569,334.8428,332.9585,330.8443,329.4475,331.4104,333.7354,335.4712,336.3584,337.1325,339.1118,340.9938,343.4186,345.5645,344.7954,344.5969,348.3683,351.7555,351.4747,351.2079,349.1624,347.9586,345.6516,342.3305,339.2018,338.4107,337.8993,337.0273,337.5212,338.0325,338.4921,335.1775,331.1935,329.3428,328.2415,328.2819,330.4445,332.2556,334.2334,330.8662,325.9145,324.0962,321.9168,314.1992,309.179,312.0203,314.3184,315.3119,312.2957,310.1372,308.6779,308.4173,309.6683,311.4112,313.1821,314.9881,318.7796,324.198,330.4691,334.9286,339.0158,343.294,347.2025,348.8192,343.277,338.6693,335.5869,335.3403,334.6082,332.2349,327.1018,322.4268,318.597,318.5914,318.6541,318.7742,318.9678,315.4139,311.8803,308.9622,309.2336,313.2686,312.6544,310.2277,311.9691,313.0821,313.9198,315.2339,316.5862,318.0681,320.0551,320.517,320.5146,320.5054,320.3992,320.1645,318.0423,316.0086,316.0062,317.3856,318.2806,318.7585,317.5413,315.1933,313.3576,311.6144,309.6786,308.7382,308.8459,309.4152,310.6699,310.755,307.8737,305.5869,304.6382,305.3676,306.1309,305.1711,303.6424,302.2722,301.0476,299.9009,301.0767,302.4334,304.6667,309.6479,311.2081,307.1925,299.9281,294.6795,293.563,293.7506,290.4339,287.4552,286.5729,286.4425,285.9433,285.5096

Time pixel : 152.4082,152.5687,152.8214,153.1309,153.4702,153.9066,154.4687,155.0828,155.645,156.0697,156.3803,156.708,157.103,157.4826,157.8671,158.2687,158.6532,159.0444,159.5028,159.9563,160.3524,160.7436,161.202,161.6671,162.1035,162.5514,163.0915,163.7392,164.3648,164.9165,165.45,165.9901,166.5638,167.126,167.6258,168.1256,168.6994,169.325,169.9622,170.5878,171.15,171.5979,172.0122,172.5225,173.0731,173.5729,174.0496,174.5196,174.951,175.3692,175.7372,176.0698,176.3975,176.7589,177.1202,177.4595,177.8324,178.2457,178.6705,179.0953,179.5201,179.9564,180.4215,180.8684,181.1961,181.4432,181.7075,182.0054,182.2696,182.5052,182.7695,183.0789,183.4066,183.7912,184.2447,184.6915,185.0192,185.2548,185.4788,185.7546,186.1275,186.5926,187.1029,187.5796,188.0275,188.5042,189.0145,189.4796,189.8641,190.2034,190.5647,190.9261,191.2654,191.6267,191.9881,192.3158,192.6368,192.9761,193.3893,193.8478,194.3139,194.9108,195.6738,196.4887,197.223,197.8381,198.4234,198.9856,199.4854,199.9852,200.5358,201.0461,201.4373,201.7699,202.0861,202.3955,202.6598,202.8838,203.0962,203.3086,203.521,203.7334,203.9573,204.2332,204.583,204.9443,205.2836,205.6656,206.123,206.6256,207.0828,207.4595,207.7793,208.0925,208.4122,208.7655,209.1188,209.4384,209.7396,209.9956,210.2113,210.4153,210.6423,210.9499,211.3247,211.632,211.8819,212.2237,212.7768,213.4556,214.0603,214.4872,214.765,214.9792,215.1816,215.3839,215.6092,215.915,216.2878,216.6279,217.0197,217.5409,218.0466,218.4715,218.8328,219.1487,219.4462,219.6983,219.9101,220.1101,220.3099,220.5097,220.7094,220.9091,221.1087,221.3082,221.5194,221.7824,222.1194,222.4681,222.7948,223.1553,223.5447,223.894,224.1581,224.3706,224.5718,224.7733,224.9868,225.2526,225.616,226.0836,226.6603,227.3298,228.0567,228.8024,229.6055,230.4899,231.4086,232.2252,232.8215,233.149,233.2597,233.2759,233.2755

Position pixel : 57.3145,57.3145,57.3145,57.3145,57.3145,57.3145,57.3145,57.3145,57.3145,57.3145,57.3145,57.3145,57.3145,57.3145,57.3145,57.3145,57.3145,57.3145,57.3145,57.3145,57.3145,57.3145,57.3145,57.3145,57.3145,57.3145,57.3145,57.3145,57.3145,57.3029,57.2511,57.1655,57.1137,57.1021,57.1021,57.1021,57.1021,57.0905,57.0387,56.9531,56.9013,56.8781,56.8263,56.7407,56.6889,56.6657,56.6139,56.5283,56.4765,56.4533,56.4015,56.3159,56.2641,56.2409,56.1891,56.1036,56.0517,56.0401,56.0285,55.9767,55.8912,55.8393,55.8277,55.8161,55.7643,55.6788,55.6269,55.6153,55.6153,55.6037,55.5519,55.4664,55.4145,55.4029,55.4029,55.4029,55.4029,55.4029,55.4029,55.3913,55.3395,55.254,55.1905,55.1271,55.0416,54.9781,54.9031,54.7657,54.6168,54.5015,54.3928,54.2891,54.1804,54.0767,53.9796,53.9161,53.8527,53.7672,53.7037,53.6403,53.5432,53.4279,53.2558,53.0147,52.7686,52.5783,52.3659,52.1199,51.8892,51.6316,51.3789,51.155,50.9541,50.7936,50.6667,50.5178,50.3804,50.3054,50.2419,50.1448,50.0411,49.944,49.8922,49.869,49.8056,49.6682,49.5192,49.4074,49.3213,49.2689,49.2166,49.1423,49.09,49.0379,48.9522,48.8599,48.7627,48.6706,48.5851,48.5335,48.4819,48.4084,48.3686,48.3576,48.3181,48.2451,48.2058,48.207,48.22,48.2331,48.2464,48.2599,48.2736,48.2876,48.3017,48.3161,48.3307,48.3455,48.349,48.3125,48.2426,48.195,48.1476,48.0784,48.0316,47.9849,47.9049,47.8184,47.7272,47.6411,47.5618,47.5163,47.471,47.3921,47.3066,47.2162,47.1308,47.0403,46.9548,46.8642,46.7667,46.6355,46.504,46.4058,46.3255,46.2784,46.2309,46.1493,46.0604,45.9661,45.8644,45.7168,45.5166,45.2637,44.9648,44.6583,44.3576,44.0896,43.8206,43.5286,43.2807,43.1123,42.9882,42.8408,42.704

Brightness max : 388.89
Brightness min : 243.00
Feature direction : Ambiguous
Feature speed : Slow
Feature type : Curve
Start frame : 1
End frame : 234
Start time (s) : 0.000
End time (s) : 2104.000
Time step (s) : 9.030

