KYMOANALYSIS DATA

General Information :

Tiff path : E:\Google Drive\microtubule dynamics and cut7\21-15 screens and tests\cut7-989 TailD\pkl1D, klp2D (from crossing)\
Spindle type : Bipolar
Start frame : 1
End frame : 327
Start time (s) : 0.000
End time (s) : 2795.000
Time step (s) : 8.574
Num poles : 1
Num tracks : 2
Num tracks poleward : 0
Num tracks antipoleward : 0
Num tracks ambiguous : 2
Comments : {

}
Poles Information :


Pole number : 1

Time (s) : 18.39097,20.31664,23.48669,27.68255,32.01725,35.94832,39.66082,42.9697,46.27858,49.85225,53.16113,56.47001,60.04368,63.35256,66.80027,71.13497,76.09185,81.18757,86.28328,91.24017,95.57486,99.02257,102.4703,106.805,111.7619,116.9964,122.8531,130.0134,138.4848,147.2133,156.4046,171.0825,192.9488,216.5557,236.3832,249.9427,258.0953,264.7722,271.2382,276.3339,279.9205,283.507,288.4639,294.7243,301.8254,310.0114,318.7605,327.5688,335.6957,342.8559,349.7513,358.1559,368.4733,379.0093,388.4397,396.0833,402.0788,407.3134,412.6867,419.3045,427.9739,437.8877,448.0791,458.1317,467.2844,474.3058,479.2756,484.0268,490.0223,498.2881,508.7443,520.1801,532.4361,545.7975,560.4625,576.0942,591.6461,605.6298,617.6081,626.8996,632.8952,636.4817,639.1684,641.8551,645.3028,650.6762,658.8031,668.8429,678.1345,685.5132,691.9124,697.6303,703.1425,710.0379,719.9517,732.1948,744.875,757.3957,768.6927,778.5396,787.844,798.0355,809.1139,819.9275,830.2578,838.9607,842.854,846.1676,849.2237,851.6961,853.6412,855.3999,857.2458,859.9352,864.5556,870.6766,876.3995,880.9947,884.2775,886.7616,888.4594,889.6993,891.4394,894.6972,899.3257,903.8078,906.3497,905.8395,902.3518,897.312,891.8234,886.163,880.471,875.2346,871.0022,867.8625,865.7472,864.2674,863.4408,863.553,864.0857,864.3769,864.7425,865.8044,866.3878,865.7035,864.2629,862.5252,861.098,860.8931,861.5734,862.5424,862.7609,862.0678,861.4603,861.3162,861.7075,864.2841,869.5019,875.8794,881.5062,885.879,890.2681,893.9542

Position (um) : 1.0979,1.0979,1.0962,1.0885,1.0757,1.0679,1.0662,1.0662,1.0662,1.0662,1.0662,1.0662,1.0662,1.0662,1.0662,1.0662,1.0662,1.0662,1.0662,1.0662,1.0662,1.0662,1.0662,1.0662,1.0662,1.0662,1.0662,1.0645,1.0568,1.044,1.0362,1.0345,1.0345,1.0345,1.0345,1.0328,1.025,1.0123,1.0045,1.0028,1.0028,1.0028,1.0028,1.0028,1.0028,1.0011,0.99333,0.98057,0.97282,0.9711,0.9711,0.9711,0.9711,0.9711,0.9711,0.9711,0.9711,0.9711,0.9711,0.9711,0.9711,0.9711,0.9711,0.9711,0.9711,0.9711,0.9711,0.9711,0.9711,0.9711,0.9711,0.96937,0.96163,0.94886,0.94112,0.93766,0.92992,0.91715,0.90941,0.90768,0.90768,0.90768,0.90768,0.90768,0.90768,0.90768,0.90768,0.90768,0.90768,0.90768,0.90768,0.90768,0.90768,0.90768,0.90768,0.90941,0.91715,0.93164,0.94713,0.96163,0.96937,0.9711,0.9711,0.9711,0.9711,0.97261,0.97946,0.99132,0.99815,0.99896,0.99804,0.99711,0.99617,0.99522,0.99426,0.99329,0.99231,0.99131,0.99031,0.98928,0.98824,0.98719,0.98611,0.98501,0.98389,0.98275,0.98158,0.98039,0.97917,0.97793,0.97666,0.97536,0.97403,0.97268,0.9713,0.9699,0.96847,0.96703,0.96557,0.96409,0.96261,0.96112,0.95962,0.95814,0.95666,0.9552,0.95376,0.95235,0.95098,0.94965,0.9501,0.95663,0.96824,0.9749,0.97563,0.97472,0.97562,0.98264,0.99478,1.002,1.0033,1.003,1.0029,1.0028

Intensity : 1234.366,1218.3051,1191.9958,1184.9617,1208.0418,1229.533,1253.0084,1275.1361,1317.3612,1362.9655,1372.2349,1351.0393,1328.3969,1336.3155,1344.5663,1288.8309,1171.9845,1171.7324,1195.4575,1154.5645,1123.8739,1109.2477,1094.6215,1146.9582,1210.9153,1207.3322,1206.1756,1196.9727,1163.5322,1251.3751,1237.921,1146.366,1184.0232,1203.9352,1087.4757,1153.0146,1232.2903,1124.9336,1139.6549,1171.8785,1191.1892,1214.3869,1274.4355,1278.0126,1229.6057,1249.5325,1223.3337,1268.4526,1255.6165,1288.9895,1305.9976,1300.204,1505.9082,1503.4322,1300.9758,1186.3481,1259.2383,1247.0738,1227.3156,1241.2185,1276.5534,1199.7285,1227.9843,1167.5722,1232.437,1319.68,1317.3958,1333.9252,1365.9166,1418.6451,1324.4276,1313.4178,1489.6128,1402.6382,1252.1879,1171.6522,1370.1008,1563.7831,1493.7258,1603.4356,1587.8016,1566.0064,1542.5639,1519.1214,1490.3512,1446.5575,1322.703,1392.9502,1405.3218,1356.6068,1353.7181,1348.3497,1338.4623,1272.2374,1265.891,1327.7583,1300.0353,1348.8143,1448.174,1656.4684,1345.9565,1397.6277,1332.8314,1270.2664,1408.596,1139.0727,1117.191,1150.7652,1182.8441,1234.0783,1273.8155,1309.2377,1345.9735,1399.679,1492.6427,1624.5276,1701.5097,1684.0507,1673.1284,1666.4879,1661.7513,1658.1181,1653.1385,1620.7468,1572.6952,1548.7856,1538.3133,1539.9483,1553.3359,1590.9952,1646.2741,1662.5502,1677.2099,1689.2564,1609.3758,1535.7948,1486.0115,1454.5077,1436.1549,1436.6727,1445.6187,1449.6992,1454.1151,1470.8198,1479.1823,1459.9669,1427.9756,1390.9638,1360.5312,1353.5123,1367.3154,1402.3924,1425.6167,1419.4316,1408.0094,1404.0385,1412.99,1473.3425,1600.1208,1711.2118,1687.4684,1674.0307,1663.9199,1636.4397

Time pixel : 2.145065,2.369669,2.739413,3.228806,3.734391,4.192898,4.625913,5.011851,5.397788,5.81461,6.200547,6.586484,7.003306,7.389243,7.791373,8.296958,8.875114,9.469462,10.06381,10.64197,11.14755,11.54968,11.95181,12.4574,13.03555,13.64609,14.3292,15.16435,16.15243,17.1705,18.24254,19.95452,22.50494,25.25838,27.571,29.15252,30.10342,30.88219,31.63637,32.23072,32.64904,33.06737,33.64552,34.37571,35.20396,36.15875,37.17922,38.20659,39.15449,39.98963,40.79389,41.77418,42.97757,44.20645,45.30638,46.1979,46.89721,47.50775,48.13448,48.90636,49.91753,51.07384,52.26253,53.43504,54.50259,55.32154,55.90119,56.45536,57.15466,58.11875,59.33834,60.67217,62.10167,63.66011,65.37058,67.19381,69.00774,70.63875,72.03586,73.1196,73.8189,74.23723,74.55059,74.86396,75.26609,75.89282,76.84072,78.01173,79.09547,79.9561,80.70249,81.3694,82.01233,82.81659,83.9729,85.40089,86.87987,88.34025,89.65789,90.80641,91.89165,93.08034,94.3725,95.63376,96.83865,97.85373,98.30784,98.69433,99.05078,99.33916,99.56602,99.77115,99.98645,100.3001,100.839,101.553,102.2205,102.7565,103.1393,103.4291,103.6271,103.7717,103.9747,104.3547,104.8945,105.4173,105.7138,105.6543,105.2475,104.6596,104.0195,103.3593,102.6954,102.0846,101.591,101.2247,100.978,100.8054,100.709,100.7221,100.7842,100.8182,100.8608,100.9847,101.0527,100.9729,100.8049,100.6022,100.4358,100.4119,100.4912,100.6042,100.6297,100.5489,100.478,100.4612,100.5069,100.8074,101.416,102.1598,102.8161,103.3261,103.8381,104.268

Position pixel : 10.2899,10.2899,10.2737,10.2011,10.0815,10.0089,9.99271,9.99271,9.99271,9.99271,9.99271,9.99271,9.99271,9.99271,9.99271,9.99271,9.99271,9.99271,9.99271,9.99271,9.99271,9.99271,9.99271,9.99271,9.99271,9.99271,9.99271,9.97651,9.90394,9.7843,9.71173,9.69553,9.69553,9.69553,9.69553,9.67934,9.60677,9.48712,9.41455,9.39836,9.39836,9.39836,9.39836,9.39836,9.39836,9.38217,9.3096,9.18995,9.11738,9.10119,9.10119,9.10119,9.10119,9.10119,9.10119,9.10119,9.10119,9.10119,9.10119,9.10119,9.10119,9.10119,9.10119,9.10119,9.10119,9.10119,9.10119,9.10119,9.10119,9.10119,9.10119,9.08499,9.01242,8.89277,8.8202,8.78782,8.71525,8.5956,8.52303,8.50684,8.50684,8.50684,8.50684,8.50684,8.50684,8.50684,8.50684,8.50684,8.50684,8.50684,8.50684,8.50684,8.50684,8.50684,8.50684,8.52303,8.5956,8.73144,8.87658,9.01242,9.08499,9.10119,9.10119,9.10119,9.10119,9.11538,9.17953,9.2907,9.35473,9.36233,9.35367,9.34494,9.33613,9.32724,9.31826,9.30918,9.29999,9.29067,9.28123,9.27164,9.2619,9.25198,9.24189,9.2316,9.22111,9.2104,9.19947,9.18829,9.17688,9.16521,9.15328,9.14111,9.12868,9.116,9.10308,9.08994,9.07659,9.06306,9.04936,9.03554,9.02162,9.00765,8.99367,8.97974,8.96589,8.9522,8.93873,8.92553,8.91267,8.90022,8.90444,8.96559,9.07443,9.13687,9.14368,9.1351,9.14358,9.20935,9.32316,9.39089,9.40329,9.40056,9.39891,9.39836

Pole type : Curve
Start frame : 1
End frame : 327
Start time (s) : 0.000
End time (s) : 2795.000
Time step (s) : 8.574

Feature Information :


Feature number : 1

Time (s) : 76.9917,78.91737,81.94859,85.66109,89.59216,94.06569,98.88374,103.2184,106.5273,109.214,111.7619,114.3097,116.8576,119.4054,121.9533,124.3623,126.288,127.81,129.7357,132.1447,134.6926,137.2404,139.7883,142.3362,144.884,147.293,149.2187,150.7407,152.6664,155.0754,157.6233,160.1712,162.719,165.2669,167.8147,170.3626,172.9104,175.4583,178.0062,180.554,183.1019,185.6497,188.1976,190.7455,193.4321,196.741,201.0757,205.8938,210.3673,214.2984,218.1497,222.2196,227.3153,233.298,238.8771,243.3506,246.7983,250.246,254.4419,258.7766,262.8465,267.32,272.2769,277.3726,282.6072,288.3251,294.4466,300.1645,305.3991,310.3559,314.8295,318.8994,323.3729,328.3298,333.2867,337.7602,341.6913,345.5426,349.4737,353.9472,358.9041,363.9998,369.0955,374.1912,379.2869,384.3826,389.4784,394.5741,399.8086,405.5265,411.7869,417.9882,423.6263,428.4572,433.553,438.9135,443.6056,448.0791,452.275,455.5838,458.4093,461.8571,466.9528,473.5577,480.4402,486.9191,493.3183,499.7973,506.9575,515.0844,523.7538,531.8807,538.9021,544.7589,549.8546,554.1893,557.637,561.0847,565.5582,571.2761,578.1587,585.5246,592.2683,597.364,600.8117,603.4984,606.0463,608.733,612.0418,616.3765,621.1946,625.6681,629.738,634.2115,639.0296,643.3643,646.6732,649.4987,652.6687,656.2424,659.4125,662.238,665.5469,669.8815,674.6996,679.0343,682.482,685.7909,689.3646,692.6734,696.1211,700.4558,705.4127,710.3696,714.8431,718.7742,722.4867,725.6568,728.6211,732.5522,737.9127,743.3529,747.9653,751.8964,755.6089,758.7789,761.4656,764.0135,766.5613,769.248,772.5569,776.7527,780.9486,784.3963,787.7052,791.5565,795.971,800.5705,803.7405,805.5402,807.327,809.1139,810.4971,811.8006,813.0449,814.3484,815.7316,817.5185,819.3053,820.6885,821.992,823.2364,824.401

Position (um) : 1.4879,1.5024,1.5196,1.5418,1.5641,1.5813,1.5958,1.6053,1.6147,1.6275,1.6352,1.637,1.637,1.637,1.637,1.6387,1.6464,1.6592,1.667,1.6687,1.6687,1.6687,1.6687,1.6687,1.6687,1.6704,1.6782,1.6909,1.6987,1.7004,1.7004,1.7004,1.7004,1.7004,1.7004,1.7004,1.7004,1.7004,1.7004,1.7004,1.7004,1.7004,1.7004,1.7004,1.7004,1.7004,1.7004,1.7004,1.7004,1.7021,1.7099,1.7226,1.7304,1.7321,1.7321,1.7321,1.7321,1.7321,1.7321,1.7321,1.7338,1.7433,1.7638,1.7843,1.7955,1.805,1.8178,1.8255,1.8272,1.8272,1.8272,1.829,1.8367,1.8495,1.8572,1.8607,1.8684,1.8812,1.8889,1.8924,1.9001,1.9129,1.9206,1.9224,1.9224,1.9224,1.9224,1.9224,1.9224,1.9224,1.9241,1.9318,1.9446,1.9541,1.9635,1.9763,1.9858,1.9952,2.008,2.0157,2.0175,2.0175,2.0175,2.0175,2.0175,2.0175,2.0192,2.0269,2.0397,2.0492,2.0587,2.0731,2.0886,2.1049,2.1203,2.1348,2.1426,2.146,2.1538,2.1665,2.1743,2.176,2.176,2.176,2.176,2.176,2.176,2.176,2.176,2.176,2.176,2.176,2.176,2.176,2.176,2.176,2.176,2.176,2.176,2.176,2.176,2.176,2.176,2.176,2.176,2.176,2.176,2.176,2.176,2.176,2.176,2.176,2.176,2.176,2.176,2.176,2.176,2.176,2.176,2.176,2.1743,2.1665,2.1538,2.1443,2.1348,2.1203,2.1049,2.0904,2.0809,2.0714,2.0569,2.0397,2.0157,1.9858,1.9541,1.9224,1.8924,1.8684,1.8512,1.8367,1.8272,1.8178,1.8033,1.786,1.7621,1.7321,1.7021,1.6782,1.6609,1.6447,1.6292,1.6147,1.607

Intensity : 952.64,929.4186,901.8843,871.6461,847.1862,834.8589,853.1946,864.4112,842.1326,824.868,817.4003,800.5027,784.857,769.2113,769.6075,773.2976,770.811,763.8762,763.3728,769.6478,777.7381,785.4035,776.1764,766.9494,757.7224,770.0438,786.8233,795.8713,809.1054,824.3642,830.8078,837.2513,843.6949,811.5922,776.5636,741.535,738.2751,759.5324,780.7897,795.5797,784.4008,773.222,762.0431,783.7836,813.6003,850.3221,879.3513,907.1548,864.5683,827.2148,803.3463,774.1527,790.7742,804.1731,775.7363,744.5201,718.1273,720.9108,764.7776,794.9647,799.6501,802.2335,793.4717,777.6231,749.3703,793.8454,790.54,719.3951,693.0389,682.5121,698.2963,683.4833,622.4107,621.7688,680.5201,668.4192,643.3274,640.8032,643.6349,641.3975,639.4247,643.9117,641.3444,610.2686,611.7629,661.9217,633.6679,577.6548,596.3612,622.5907,657.3099,615.9352,621.1867,649.2351,680.7234,693.3639,664.9693,662.9363,686.3986,693.8178,682.6036,667.7032,700.4837,727.1761,671.6291,657.0122,670.6664,688.1784,672.8088,662.7963,626.1651,660.8249,686.6276,641.911,606.8524,635.7056,648.2064,654.3459,661.6637,617.7507,567.6627,546.4723,570.1905,519.0738,492.5237,498.3626,503.8997,509.764,531.0623,558.9635,552.2185,537.6363,533.2635,528.9784,556.6402,580.6325,577.6832,575.1648,564.4396,534.9596,508.8092,517.5431,541.4849,565.4922,569.2395,573.7664,578.7665,583.5652,534.1974,487.0533,458.7759,451.5142,455.0921,471.5772,471.9332,467.3481,463.5218,460.518,457.7092,449.0239,442.2337,476.8804,476.3774,440.6957,415.301,409.59,410.0676,414.3107,416.5204,418.7363,422.3708,422.2019,420.642,423.4753,441.1221,454.527,441.8224,424.0396,417.5459,417.5958,414.6592,410.5114,404.9363,397.5427,389.3327,379.562,377.4027,382.1671,386.6319,391.0332,395.6239,400.2878,403.3111

Time pixel : 8.98007,9.20467,9.55823,9.99124,10.4497,10.9715,11.5335,12.0391,12.425,12.7384,13.0356,13.3327,13.6299,13.9271,14.2242,14.5052,14.7298,14.9074,15.132,15.4129,15.7101,16.0073,16.3045,16.6016,16.8988,17.1798,17.4044,17.5819,17.8065,18.0875,18.3847,18.6819,18.979,19.2762,19.5734,19.8706,20.1677,20.4649,20.7621,21.0593,21.3564,21.6536,21.9508,22.2479,22.5613,22.9473,23.4528,24.0148,24.5366,24.9951,25.4443,25.919,26.5133,27.2111,27.8619,28.3836,28.7858,29.1879,29.6773,30.1829,30.6576,31.1794,31.7575,32.3519,32.9624,33.6293,34.3433,35.0102,35.6208,36.1989,36.7207,37.1954,37.7172,38.2954,38.8735,39.3953,39.8538,40.303,40.7615,41.2833,41.8614,42.4558,43.0501,43.6445,44.2388,44.8332,45.4275,46.0219,46.6324,47.2993,48.0295,48.7528,49.4104,49.9739,50.5683,51.1935,51.7408,52.2625,52.7519,53.1379,53.4674,53.8696,54.4639,55.2343,56.037,56.7927,57.5391,58.2948,59.1299,60.0778,61.089,62.0369,62.8558,63.539,64.1333,64.6389,65.041,65.4432,65.9649,66.6318,67.4346,68.2937,69.0803,69.6747,70.0768,70.3902,70.6873,71.0007,71.3866,71.8922,72.4542,72.976,73.4507,73.9724,74.5344,75.04,75.4259,75.7555,76.1252,76.542,76.9118,77.2414,77.6273,78.1329,78.6948,79.2004,79.6026,79.9885,80.4053,80.7912,81.1934,81.699,82.2771,82.8553,83.3771,83.8356,84.2686,84.6383,84.9841,85.4426,86.0678,86.7023,87.2403,87.6988,88.1318,88.5016,88.8149,89.1121,89.4093,89.7227,90.1086,90.598,91.0874,91.4895,91.8755,92.3247,92.8395,93.376,93.7458,93.9557,94.1641,94.3725,94.5338,94.6859,94.831,94.983,95.1444,95.3528,95.5612,95.7225,95.8746,96.0197,96.1555

Position pixel : 13.9447,14.0806,14.2419,14.4503,14.6587,14.8201,14.9559,15.0447,15.1334,15.2531,15.3256,15.3418,15.3418,15.3418,15.3418,15.358,15.4306,15.5503,15.6228,15.639,15.639,15.639,15.639,15.639,15.639,15.6552,15.7278,15.8474,15.92,15.9362,15.9362,15.9362,15.9362,15.9362,15.9362,15.9362,15.9362,15.9362,15.9362,15.9362,15.9362,15.9362,15.9362,15.9362,15.9362,15.9362,15.9362,15.9362,15.9362,15.9524,16.025,16.1446,16.2172,16.2334,16.2334,16.2334,16.2334,16.2334,16.2334,16.2334,16.2496,16.3383,16.5305,16.7228,16.8277,16.9165,17.0361,17.1087,17.1249,17.1249,17.1249,17.1411,17.2136,17.3333,17.4059,17.4383,17.5108,17.6305,17.703,17.7354,17.808,17.9276,18.0002,18.0164,18.0164,18.0164,18.0164,18.0164,18.0164,18.0164,18.0326,18.1052,18.2248,18.3136,18.4023,18.522,18.6108,18.6995,18.8192,18.8917,18.9079,18.9079,18.9079,18.9079,18.9079,18.9079,18.9241,18.9967,19.1163,19.2051,19.2939,19.4297,19.5748,19.7269,19.872,20.0079,20.0804,20.1128,20.1854,20.305,20.3776,20.3938,20.3938,20.3938,20.3938,20.3938,20.3938,20.3938,20.3938,20.3938,20.3938,20.3938,20.3938,20.3938,20.3938,20.3938,20.3938,20.3938,20.3938,20.3938,20.3938,20.3938,20.3938,20.3938,20.3938,20.3938,20.3938,20.3938,20.3938,20.3938,20.3938,20.3938,20.3938,20.3938,20.3938,20.3938,20.3938,20.3938,20.3938,20.3938,20.3776,20.305,20.1854,20.0966,20.0079,19.872,19.7269,19.591,19.5023,19.4135,19.2777,19.1163,18.8917,18.6108,18.3136,18.0164,17.7354,17.5108,17.3495,17.2136,17.1249,17.0361,16.9003,16.7389,16.5143,16.2334,15.9524,15.7278,15.5664,15.4144,15.2693,15.1334,15.0609

Brightness max : 1211.44
Brightness min :  0.00
Feature direction : Ambiguous
Feature speed : Slow
Feature type : Curve
Start frame : 1
End frame : 327
Start time (s) : 0.000
End time (s) : 2795.000
Time step (s) : 8.574

Feature number : 2

Time (s) : 20.93883,22.8645,25.89572,29.60822,33.40046,37.11296,40.28301,42.9697,45.51756,48.06542,50.61327,53.16113,55.70899,58.11802,60.04368,61.56572,63.49139,65.76159,67.68726,69.2093,71.13497,73.54399,76.09185,78.63971,81.18757,83.73542,86.42211,89.59216,93.16584,96.47471,100.0612,105.2958,112.6617,121.1923,129.3192,136.4794,142.8195,148.4577,153.0109,156.8623,160.1712,163.6189,167.8147,172.1494,176.2193,180.6929,185.5109,189.9844,194.0543,198.5279,203.4847,208.4416,212.7763,216.0852,218.7719,221.3197,224.0064,227.3153,231.65,236.4681,240.8028,244.1116,246.7983,249.485,252.9327,257.8896,263.8723,269.4514,273.9249,277.2338,279.9205,282.4683,285.155,288.4639,292.5209,296.0946,298.3777,300.3033,301.9513

Position (um) : 2.1126,2.1126,2.1126,2.1126,2.1126,2.1126,2.1126,2.1126,2.1126,2.1126,2.1126,2.1126,2.1126,2.1109,2.1031,2.0904,2.0826,2.0792,2.0714,2.0587,2.0509,2.0492,2.0492,2.0492,2.0492,2.0492,2.0492,2.0492,2.0492,2.0492,2.0492,2.0509,2.0587,2.0731,2.0886,2.1031,2.1109,2.1126,2.1126,2.1126,2.1126,2.1143,2.1221,2.1348,2.1426,2.1443,2.1443,2.1443,2.1443,2.1443,2.1443,2.1443,2.1443,2.1426,2.1348,2.1221,2.1143,2.1126,2.1126,2.1109,2.1031,2.0904,2.0809,2.0714,2.0587,2.0492,2.0397,2.0252,2.0097,1.9952,1.9875,1.9858,1.9858,1.9858,1.984,1.9763,1.9635,1.9558,1.9541

Intensity : 731.9661,721.9922,706.5987,693.8795,680.887,683.3413,689.5467,694.2921,686.3916,678.4912,670.5907,689.3994,721.077,751.588,777.4815,776.8609,772.0868,764.4048,756.7945,745.5317,727.9043,707.1915,685.1402,676.6727,678.0516,679.4304,680.9358,682.8886,685.0902,667.3683,636.8415,624.6035,656.8354,659.4612,661.3741,618.3562,597.9684,582.0002,568.5262,562.8039,560.413,556.9738,551.5935,550.0159,565.067,577.5896,547.5151,529.3423,533.0161,537.5867,544.0387,528.7744,499.2232,506.6477,538.282,569.0398,587.8532,590.0853,591.6895,588.245,584.8077,571.9673,561.9805,573.4358,648.111,733.6721,708.9764,696.629,686.2938,686.3869,680.2764,668.1383,693.7648,735.5754,767.6004,744.72,732.4528,720.2334,719.0455

Time pixel : 2.44224,2.66684,3.02039,3.45341,3.89572,4.32874,4.69848,5.01185,5.30902,5.6062,5.90337,6.20055,6.49772,6.7787,7.00331,7.18083,7.40544,7.67022,7.89483,8.07235,8.29696,8.57794,8.87511,9.17229,9.46946,9.76664,10.08,10.4497,10.8666,11.2525,11.6708,12.2814,13.1405,14.1355,15.0834,15.9185,16.658,17.3156,17.8467,18.2959,18.6819,19.084,19.5734,20.079,20.5537,21.0754,21.6374,22.1592,22.6339,23.1557,23.7338,24.312,24.8176,25.2035,25.5169,25.814,26.1274,26.5133,27.0189,27.5809,28.0865,28.4724,28.7858,29.0991,29.5013,30.0794,30.7772,31.428,31.9497,32.3357,32.649,32.9462,33.2596,33.6455,34.1187,34.5355,34.8018,35.0264,35.2187

Position pixel : 19.7995,19.7995,19.7995,19.7995,19.7995,19.7995,19.7995,19.7995,19.7995,19.7995,19.7995,19.7995,19.7995,19.7833,19.7107,19.591,19.5185,19.4861,19.4135,19.2939,19.2213,19.2051,19.2051,19.2051,19.2051,19.2051,19.2051,19.2051,19.2051,19.2051,19.2051,19.2213,19.2939,19.4297,19.5748,19.7107,19.7833,19.7995,19.7995,19.7995,19.7995,19.8156,19.8882,20.0079,20.0804,20.0966,20.0966,20.0966,20.0966,20.0966,20.0966,20.0966,20.0966,20.0804,20.0079,19.8882,19.8156,19.7995,19.7995,19.7833,19.7107,19.591,19.5023,19.4135,19.2939,19.2051,19.1163,18.9805,18.8354,18.6995,18.6269,18.6108,18.6108,18.6108,18.5946,18.522,18.4023,18.3298,18.3136

Brightness max : 1211.44
Brightness min :  0.00
Feature direction : Ambiguous
Feature speed : Slow
Feature type : Curve
Start frame : 1
End frame : 327
Start time (s) : 0.000
End time (s) : 2795.000
Time step (s) : 8.574

