KYMOANALYSIS DATA

General Information :

Tiff path : G:\My Drive\microtubule dynamics and cut7\21-15 screens and tests\cut11-7\19-06-12&20 (Cut7-3GFP and  mCh-mts, timeseries for modeling data)\
Spindle type : Monopolar
Start frame : 1
End frame : 329
Start time (s) : 0.000
End time (s) : 600.140
Time step (s) : 1.830
Num poles : 1
Num tracks : 1
Num tracks poleward : 0
Num tracks antipoleward : 0
Num tracks ambiguous : 1
Comments : {

}
Poles Information :


Pole number : 1

Time (s) : 2.103232,3.937686,5.77214,7.606594,9.441048,11.2755,13.10996,14.94441,16.77886,18.61332,20.44777,22.28223,24.11668,25.95113,27.78559,29.62004,31.4545,33.28895,35.1234,36.95786,38.79231,40.62677,42.46122,44.29567,46.13013,47.96458,49.79904,51.63349,53.46794,55.3024,57.13685,58.97131,60.80576,62.64021,64.47467,66.30912,68.14358,69.97803,71.81248,73.64694,75.48139,77.31585,79.1503,80.98475,82.81921,84.65366,86.48812,88.32257,90.15702,91.99148,93.82593,95.66039,97.49484,99.32929,101.1637,102.9982,104.8327,106.6671,108.5016,110.336,112.1705,114.0049,115.8394,117.6738,119.5083,121.3427,123.1772,125.0117,126.8461,128.6806,130.515,132.3495,134.1839,136.0184,137.8528,139.6873,141.5217,143.3562,145.1906,147.0251,148.8596,150.694,152.5285,154.3629,156.1974,158.0318,159.8663,161.7007,163.5352,165.3696,167.2041,169.0385,170.873,172.7075,174.5419,176.3764,178.2108,180.0453,181.8797,183.7142,185.5486,187.3831,189.2175,191.052,192.8864,194.7209,196.5554,198.3898,200.2243,202.0587,203.8932,205.7276,207.5621,209.3965,211.231,213.0654,214.8999,216.7344,218.5688,220.4033,222.2377,224.0722,225.9066,227.7411,229.5755,231.41,233.2444,235.0789,236.9133,238.7478,240.5823,242.4167,244.2512,246.0856,247.9201,249.7545,251.589,253.4234,255.2579,257.0923,258.9268,260.7612,262.5957,264.4302,266.2646,268.0991,269.9335,271.768,273.6024,275.4369,277.2713,279.1058,280.9402,282.7747,284.6092,286.4436,288.2781,290.1125,291.947,293.7814,295.6159,297.4503,299.2848,301.1192,302.9537,304.7881,306.6226,308.4571,310.2915,312.126,313.9604,315.7949,317.6293,319.4638,321.2982,323.1327,324.9671,326.8016,328.636,330.4705,332.305,334.1394,335.9739,337.8083,339.6428,341.4772,343.3117,345.1461,346.9806,348.815,350.6495,352.4839,354.3184,356.1529,357.9873,359.8218,361.6562,363.4907,365.3251,367.1596,368.994,370.8285,372.6629,374.4974,376.3319,378.1663,380.0008,381.8352,383.6697,385.5041,387.3386,389.173,391.0075,392.8419,394.6764,396.5108,398.3453,400.1798,402.0142,403.8487,405.6831,407.5176,409.352,411.1865,413.0209,414.8554,416.6898,418.5243,420.3587,422.1932,424.0277,425.8621,427.6966,429.531,431.3655,433.1999,435.0344,436.8688,438.7033,440.5377,442.3722,444.2066,446.0411,447.8756,449.71,451.5445,453.3789,455.2134,457.0478,458.8823,460.7167,462.5512,464.3856,466.2201,468.0546,469.889,471.7235,473.5579,475.3924,477.2268,479.0613,480.8957,482.7302,484.5646,486.3991,488.2335,490.068,491.9025,493.7369,495.5714,497.4058,499.2403,501.0747,502.9092,504.7436,506.5781,508.4125,510.247,512.0814,513.9159,515.7504,517.5848,519.4193,521.2537,523.0882,524.9226,526.7571,528.5915,530.426,532.2604,534.0949,535.9294,537.7638,539.5983,541.4327,543.2672,545.1016,546.9361,548.7705,550.605,552.4394,554.2739,556.1083,557.9428,559.7773,561.6117,563.4462,565.2806,567.1151,568.9495,570.784,572.6184,574.4529,576.2873,578.1218,579.9562,581.7907,583.6252,585.4596,587.2941,589.1285,590.963,592.7974,594.6319,596.4663,598.3008,600.1352,601.9697

Position (um) : 1.5856,1.5856,1.5856,1.5856,1.5856,1.5856,1.5856,1.5856,1.5856,1.5856,1.5856,1.5856,1.5856,1.5856,1.5856,1.5856,1.5856,1.5856,1.5856,1.5856,1.5856,1.5856,1.5856,1.5856,1.5856,1.5856,1.5856,1.5856,1.5856,1.5856,1.5856,1.5856,1.5856,1.5856,1.5856,1.5856,1.5856,1.5856,1.5856,1.5856,1.5856,1.5856,1.5856,1.5856,1.5856,1.5856,1.5856,1.5856,1.5856,1.5856,1.5856,1.5856,1.5856,1.5856,1.5856,1.5856,1.5856,1.5856,1.5856,1.5856,1.5856,1.5856,1.5856,1.5856,1.5856,1.5856,1.5856,1.5856,1.5856,1.5856,1.5856,1.5856,1.5856,1.5856,1.5856,1.5856,1.5856,1.5856,1.5856,1.5856,1.5856,1.5856,1.5856,1.5856,1.5856,1.5856,1.5856,1.5856,1.5856,1.5856,1.5856,1.5856,1.5856,1.5856,1.5856,1.5856,1.5856,1.5856,1.5856,1.5856,1.5856,1.5856,1.5856,1.5856,1.5856,1.5856,1.5856,1.5856,1.5856,1.5856,1.5856,1.5856,1.5856,1.5856,1.5856,1.5856,1.5856,1.5856,1.5856,1.5856,1.5856,1.5856,1.5856,1.5856,1.5856,1.5856,1.5856,1.5856,1.5856,1.5856,1.5856,1.5856,1.5856,1.5856,1.5856,1.5856,1.5856,1.5856,1.5856,1.5856,1.5856,1.5856,1.5856,1.5856,1.5856,1.5856,1.5856,1.5856,1.5856,1.5856,1.5856,1.5856,1.5856,1.5856,1.5856,1.5856,1.5856,1.5856,1.5856,1.5856,1.5856,1.5856,1.5856,1.5856,1.5856,1.5856,1.5856,1.5856,1.5856,1.5856,1.5856,1.5856,1.5856,1.5856,1.5856,1.5856,1.5856,1.5856,1.5856,1.5856,1.5856,1.5856,1.5856,1.5856,1.5856,1.5856,1.5856,1.5856,1.5856,1.5856,1.5856,1.5856,1.5856,1.5856,1.5856,1.5856,1.5856,1.5856,1.5856,1.5856,1.5856,1.5856,1.5856,1.5856,1.5856,1.5856,1.5856,1.5856,1.5856,1.5856,1.5856,1.5856,1.5856,1.5856,1.5856,1.5856,1.5856,1.5856,1.5856,1.5856,1.5856,1.5856,1.5856,1.5856,1.5856,1.5856,1.5856,1.5856,1.5856,1.5856,1.5856,1.5856,1.5856,1.5856,1.5856,1.5856,1.5856,1.5856,1.5856,1.5856,1.5856,1.5856,1.5856,1.5856,1.5856,1.5856,1.5856,1.5856,1.5856,1.5856,1.5856,1.5856,1.5856,1.5856,1.5856,1.5856,1.5856,1.5856,1.5856,1.5856,1.5856,1.5856,1.5856,1.5856,1.5856,1.5856,1.5856,1.5856,1.5856,1.5856,1.5856,1.5856,1.5856,1.5856,1.5856,1.5856,1.5856,1.5856,1.5856,1.5856,1.5856,1.5856,1.5856,1.5856,1.5856,1.5856,1.5856,1.5856,1.5856,1.5856,1.5856,1.5856,1.5856,1.5856,1.5856,1.5856,1.5856,1.5856,1.5856,1.5856,1.5856,1.5856,1.5856,1.5856,1.5856,1.5856,1.5856,1.5856,1.5856,1.5856,1.5856,1.5856,1.5856,1.5856,1.5856,1.5856,1.5856,1.5856,1.5856,1.5856,1.5856,1.5856,1.5856,1.5856,1.5856,1.5856,1.5856,1.5856

Intensity : 3252.8826,3213.9714,3092.3868,2962.7797,2969.3322,3060.5708,3121.1459,3129.2587,3126.098,3133.7673,3140.1464,3122.9303,3143.917,3132.133,3118.1154,3078.1752,3050.9835,3036.2755,3016.5165,2925.437,2880.6151,2851.6034,2936.9224,2926.8678,2916.5248,2850.7294,2883.2669,2891.8752,2903.2157,2911.2832,2916.5899,2925.313,2915.8782,2889.5226,2864.2046,2841.4492,2811.0814,2813.1792,2787.0264,2785.4248,2762.9558,2751.3415,2720.453,2657.8565,2581.7205,2601.7114,2608.8669,2643.6618,2627.0915,2659.2346,2720.2015,2722.5896,2709.5799,2664.6088,2671.2237,2672.0773,2658.6095,2620.1057,2563.6105,2525.6962,2541.4702,2595.2076,2636.872,2652.2116,2639.3192,2611.8659,2586.4096,2546.5236,2501.5489,2450.5429,2451.8987,2446.2573,2393.5056,2321.5816,2323.9765,2366.2351,2375.5034,2342.0149,2317.206,2316.1553,2293.6129,2286.2274,2280.2856,2240.6465,2166.4999,2125.8485,2171.1749,2220.1141,2245.7428,2262.9814,2319.7423,2383.3866,2405.5347,2393.7588,2345.6936,2302.3784,2267.2888,2267.1894,2290.0274,2331.2444,2347.8059,2331.8533,2298.9805,2304.9744,2334.2343,2361.4114,2320.9706,2294.6689,2300.8421,2316.5962,2307.6856,2281.2448,2255.8275,2239.6371,2255.1503,2316.8932,2385.3332,2418.5383,2449.0839,2457.2028,2466.8949,2453.1834,2421.9515,2404.5612,2406.1099,2433.4106,2454.2318,2448.6344,2442.6704,2434.3614,2467.5481,2493.9245,2479.6308,2430.6503,2413.2586,2405.8797,2365.0889,2286.5745,2241.3686,2223.5337,2198.3402,2164.2614,2159.8752,2194.8441,2255.7528,2327.3844,2367.445,2366.5603,2350.1272,2351.961,2348.8285,2330.2155,2299.3417,2296.5628,2325.1103,2321.3045,2290.8027,2242.7747,2244.8091,2242.8068,2229.7751,2187.1993,2159.0078,2184.9042,2230.3063,2244.1124,2181.8596,2127.4777,2110.4903,2115.6913,2121.1248,2117.3739,2132.8946,2149.8374,2162.1887,2168.3047,2150.0779,2142.0061,2142.1913,2168.3505,2208.9472,2221.1659,2210.912,2177.8894,2168.862,2157.9744,2169.1663,2163.5197,2179.3425,2189.0022,2218.7315,2190.0612,2173.898,2147.4855,2175.774,2177.6664,2165.5332,2145.8528,2127.9952,2111.0926,2068.0823,2038.4051,2025.9699,2037.9937,2047.4989,2067.8697,2092.6609,2113.5201,2117.008,2110.8082,2065.0413,2012.358,1990.117,2009.322,2028.8037,2009.3648,1964.3964,1930.6565,1892.7785,1852.6922,1802.595,1751.6589,1725.7522,1705.3194,1769.4781,1844.2607,1929.7578,1941.1103,1942.3492,1931.1332,1959.7418,1980.5683,1961.7171,1918.1067,1907.2889,1914.6512,1883.4623,1818.7047,1804.9572,1846.0663,1897.7415,1915.2651,1899.0511,1887.3871,1900.8115,1908.2889,1898.658,1899.46,1905.6376,1897.4244,1904.2521,1891.7559,1895.5937,1818.3255,1792.6567,1770.0406,1811.3694,1814.5988,1808.4101,1780.7041,1741.5521,1702.3108,1692.8759,1692.0043,1691.5531,1665.3985,1640.6219,1630.4967,1607.9516,1597.523,1601.2513,1626.9196,1651.1196,1684.7771,1678.1633,1723.0102,1737.3734,1752.109,1736.2125,1712.2226,1685.4539,1672.2,1704.7696,1738.3661,1724.88,1644.3002,1639.8379,1588.5909,1576.1323,1526.1759,1559.9121,1596.2458,1564.6262,1507.4065,1434.609,1442.5265,1483.3543,1551.5317,1616.8695,1701.9438,1751.8122,1716.7235,1625.8994,1585.8931,1639.6768,1682.2041,1706.4444,1682.9286,1646.6174,1567.2589,1494.2766,1461.6567,1455.8879,1431.0783,1428.0576,1379.0938,1426.8116,1429.6681,1498.9537,1452.4733,1439.9427,1424.6888,1408.222,1383.9819,1362.3161,1395.8556,1421.9406,1430.7056

Time pixel : 1.149499,2.1521,3.1547,4.157301,5.159902,6.162503,7.165104,8.167705,9.170306,10.17291,11.17551,12.17811,13.18071,14.18331,15.18591,16.18851,17.19111,18.19371,19.19632,20.19892,21.20152,22.20412,23.20672,24.20932,25.21192,26.21452,27.21712,28.21972,29.22232,30.22493,31.22753,32.23013,33.23273,34.23533,35.23793,36.24053,37.24313,38.24573,39.24833,40.25093,41.25354,42.25614,43.25874,44.26134,45.26394,46.26654,47.26914,48.27174,49.27434,50.27694,51.27954,52.28215,53.28475,54.28735,55.28995,56.29255,57.29515,58.29775,59.30035,60.30295,61.30555,62.30815,63.31076,64.31336,65.31596,66.31856,67.32116,68.32376,69.32636,70.32896,71.33156,72.33416,73.33676,74.33937,75.34197,76.34457,77.34717,78.34977,79.35237,80.35497,81.35757,82.36017,83.36277,84.36538,85.36798,86.37058,87.37318,88.37578,89.37838,90.38098,91.38358,92.38618,93.38878,94.39138,95.39399,96.39659,97.39919,98.40179,99.40439,100.407,101.4096,102.4122,103.4148,104.4174,105.42,106.4226,107.4252,108.4278,109.4304,110.433,111.4356,112.4382,113.4408,114.4434,115.446,116.4486,117.4512,118.4538,119.4564,120.459,121.4616,122.4642,123.4668,124.4694,125.472,126.4746,127.4772,128.4798,129.4824,130.485,131.4876,132.4902,133.4928,134.4954,135.498,136.5006,137.5032,138.5058,139.5084,140.511,141.5136,142.5162,143.5188,144.5214,145.524,146.5266,147.5292,148.5318,149.5344,150.537,151.5396,152.5422,153.5448,154.5474,155.55,156.5526,157.5552,158.5578,159.5604,160.563,161.5656,162.5682,163.5708,164.5734,165.576,166.5787,167.5813,168.5839,169.5865,170.5891,171.5917,172.5943,173.5969,174.5995,175.6021,176.6047,177.6073,178.6099,179.6125,180.6151,181.6177,182.6203,183.6229,184.6255,185.6281,186.6307,187.6333,188.6359,189.6385,190.6411,191.6437,192.6463,193.6489,194.6515,195.6541,196.6567,197.6593,198.6619,199.6645,200.6671,201.6697,202.6723,203.6749,204.6775,205.6801,206.6827,207.6853,208.6879,209.6905,210.6931,211.6957,212.6983,213.7009,214.7035,215.7061,216.7087,217.7113,218.7139,219.7165,220.7191,221.7217,222.7243,223.7269,224.7295,225.7321,226.7347,227.7373,228.7399,229.7425,230.7451,231.7477,232.7503,233.7529,234.7555,235.7581,236.7607,237.7633,238.7659,239.7685,240.7711,241.7737,242.7763,243.7789,244.7815,245.7841,246.7867,247.7893,248.7919,249.7945,250.7971,251.7997,252.8023,253.8049,254.8075,255.8101,256.8127,257.8153,258.8179,259.8205,260.8231,261.8257,262.8283,263.8309,264.8335,265.8361,266.8387,267.8413,268.8439,269.8465,270.8491,271.8517,272.8543,273.8569,274.8596,275.8622,276.8648,277.8674,278.87,279.8726,280.8752,281.8778,282.8804,283.883,284.8856,285.8882,286.8908,287.8934,288.896,289.8986,290.9012,291.9038,292.9064,293.909,294.9116,295.9142,296.9168,297.9194,298.922,299.9246,300.9272,301.9298,302.9324,303.935,304.9376,305.9402,306.9428,307.9454,308.948,309.9506,310.9532,311.9558,312.9584,313.961,314.9636,315.9662,316.9688,317.9714,318.974,319.9766,320.9792,321.9818,322.9844,323.987,324.9896,325.9922,326.9948,327.9974,329

Position pixel : 14.8605,14.8605,14.8605,14.8605,14.8605,14.8605,14.8605,14.8605,14.8605,14.8605,14.8605,14.8605,14.8605,14.8605,14.8605,14.8605,14.8605,14.8605,14.8605,14.8605,14.8605,14.8605,14.8605,14.8605,14.8605,14.8605,14.8605,14.8605,14.8605,14.8605,14.8605,14.8605,14.8605,14.8605,14.8605,14.8605,14.8605,14.8605,14.8605,14.8605,14.8605,14.8605,14.8605,14.8605,14.8605,14.8605,14.8605,14.8605,14.8605,14.8605,14.8605,14.8605,14.8605,14.8605,14.8605,14.8605,14.8605,14.8605,14.8605,14.8605,14.8605,14.8605,14.8605,14.8605,14.8605,14.8605,14.8605,14.8605,14.8605,14.8605,14.8605,14.8605,14.8605,14.8605,14.8605,14.8605,14.8605,14.8605,14.8605,14.8605,14.8605,14.8605,14.8605,14.8605,14.8605,14.8605,14.8605,14.8605,14.8605,14.8605,14.8605,14.8605,14.8605,14.8605,14.8605,14.8605,14.8605,14.8605,14.8605,14.8605,14.8605,14.8605,14.8605,14.8605,14.8605,14.8605,14.8605,14.8605,14.8605,14.8605,14.8605,14.8605,14.8605,14.8605,14.8605,14.8605,14.8605,14.8605,14.8605,14.8605,14.8605,14.8605,14.8605,14.8605,14.8605,14.8605,14.8605,14.8605,14.8605,14.8605,14.8605,14.8605,14.8605,14.8605,14.8605,14.8605,14.8605,14.8605,14.8605,14.8605,14.8605,14.8605,14.8605,14.8605,14.8605,14.8605,14.8605,14.8605,14.8605,14.8605,14.8605,14.8605,14.8605,14.8605,14.8605,14.8605,14.8605,14.8605,14.8605,14.8605,14.8605,14.8605,14.8605,14.8605,14.8605,14.8605,14.8605,14.8605,14.8605,14.8605,14.8605,14.8605,14.8605,14.8605,14.8605,14.8605,14.8605,14.8605,14.8605,14.8605,14.8605,14.8605,14.8605,14.8605,14.8605,14.8605,14.8605,14.8605,14.8605,14.8605,14.8605,14.8605,14.8605,14.8605,14.8605,14.8605,14.8605,14.8605,14.8605,14.8605,14.8605,14.8605,14.8605,14.8605,14.8605,14.8605,14.8605,14.8605,14.8605,14.8605,14.8605,14.8605,14.8605,14.8605,14.8605,14.8605,14.8605,14.8605,14.8605,14.8605,14.8605,14.8605,14.8605,14.8605,14.8605,14.8605,14.8605,14.8605,14.8605,14.8605,14.8605,14.8605,14.8605,14.8605,14.8605,14.8605,14.8605,14.8605,14.8605,14.8605,14.8605,14.8605,14.8605,14.8605,14.8605,14.8605,14.8605,14.8605,14.8605,14.8605,14.8605,14.8605,14.8605,14.8605,14.8605,14.8605,14.8605,14.8605,14.8605,14.8605,14.8605,14.8605,14.8605,14.8605,14.8605,14.8605,14.8605,14.8605,14.8605,14.8605,14.8605,14.8605,14.8605,14.8605,14.8605,14.8605,14.8605,14.8605,14.8605,14.8605,14.8605,14.8605,14.8605,14.8605,14.8605,14.8605,14.8605,14.8605,14.8605,14.8605,14.8605,14.8605,14.8605,14.8605,14.8605,14.8605,14.8605,14.8605,14.8605,14.8605,14.8605,14.8605,14.8605,14.8605,14.8605,14.8605,14.8605,14.8605,14.8605,14.8605,14.8605,14.8605,14.8605,14.8605,14.8605,14.8605,14.8605,14.8605,14.8605,14.8605,14.8605,14.8605,14.8605,14.8605,14.8605,14.8605,14.8605,14.8605

Pole type : Line
Start frame : 1
End frame : 329
Start time (s) : 0.000
End time (s) : 600.140
Time step (s) : 1.830

Feature Information :


Feature number : 1

Time (s) : 1.829695,3.664986,5.500276,7.335567,9.170857,11.00615,12.84144,14.67673,16.51202,18.34731,20.1826,22.01789,23.85318,25.68847,27.52376,29.35905,31.19434,33.02963,34.86492,36.70021,38.53551,40.3708,42.20609,44.04138,45.87667,47.71196,49.54725,51.38254,53.21783,55.05312,56.88841,58.7237,60.55899,62.39428,64.22957,66.06486,67.90015,69.73544,71.57073,73.40603,75.24132,77.07661,78.9119,80.74719,82.58248,84.41777,86.25306,88.08835,89.92364,91.75893,93.59422,95.42951,97.2648,99.10009,100.9354,102.7707,104.606,106.4413,108.2765,110.1118,111.9471,113.7824,115.6177,117.453,119.2883,121.1236,122.9589,124.7942,126.6295,128.4647,130.3,132.1353,133.9706,135.8059,137.6412,139.4765,141.3118,143.1471,144.9824,146.8176,148.6529,150.4882,152.3235,154.1588,155.9941,157.8294,159.6647,161.5,163.3353,165.1706,167.0058,168.8411,170.6764,172.5117,174.347,176.1823,178.0176,179.8529,181.6882,183.5235,185.3587,187.194,189.0293,190.8646,192.6999,194.5352,196.3705,198.2058,200.0411,201.8764,203.7117,205.5469,207.3822,209.2175,211.0528,212.8881,214.7234,216.5587,218.394,220.2293,222.0646,223.8998,225.7351,227.5704,229.4057,231.241,233.0763,234.9116,236.7469,238.5822,240.4175,242.2528,244.088,245.9233,247.7586,249.5939,251.4292,253.2645,255.0998,256.9351,258.7704,260.6057,262.4409,264.2762,266.1115,267.9468,269.7821,271.6174,273.4527,275.288,277.1233,278.9586,280.7939,282.6291,284.4644,286.2997,288.135,289.9703,291.8056,293.6409,295.4762,297.3115,299.1468,300.982,302.8173,304.6526,306.4879,308.3232,310.1585,311.9938,313.8291,315.6644,317.4997,319.335,321.1702,323.0055,324.8408,326.6761,328.5114,330.3467,332.182,334.0173,335.8526,337.6879,339.5232,341.3584,343.1937,345.029,346.8643,348.6996,350.5349,352.3702,354.2055,356.0408,357.8761,359.7113,361.5466,363.3819,365.2172,367.0525,368.8878,370.7231,372.5584,374.3937,376.229,378.0643,379.8995,381.7348,383.5701,385.4054,387.2407,389.076,390.9113,392.7466,394.5819,396.4172,398.2524,400.0877,401.923,403.7583,405.5936,407.4289,409.2642,411.0995,412.9348,414.7701,416.6054,418.4406,420.2759,422.1112,423.9465,425.7818,427.6171,429.4524,431.2877,433.123,434.9583,436.7935,438.6288,440.4641,442.2994,444.1347,445.97,447.8053,449.6406,451.4759,453.3112,455.1465,456.9817,458.817,460.6523,462.4876,464.3229,466.1582,467.9935,469.8288,471.6641,473.4994,475.3346,477.1699,479.0052,480.8405,482.6758,484.5111,486.3464,488.1817,490.017,491.8523,493.6876,495.5228,497.3581,499.1934,501.0287,502.864,504.6993,506.5346,508.3699,510.2052,512.0405,513.8758,515.711,517.5463,519.3816,521.2169,523.0522,524.8875,526.7228,528.5581,530.3934,532.2287,534.0639,535.8992,537.7345,539.5698,541.4051,543.2404,545.0757,546.911,548.7463,550.5816,552.4169,554.2521,556.0874,557.9227,559.758,561.5933,563.4286,565.2639,567.0992,568.9345,570.7698,572.605,574.4403,576.2756,578.1109,579.9462,581.7815,583.6168,585.4521,587.2874,589.1227,590.958,592.7932,594.6285,596.4638,598.2991,600.1344,601.9697

Position (um) : 1.5856,1.5856,1.5856,1.5856,1.5856,1.5856,1.5856,1.5856,1.5856,1.5856,1.5856,1.5856,1.5856,1.5856,1.5856,1.5856,1.5856,1.5856,1.5856,1.5856,1.5856,1.5856,1.5856,1.5856,1.5856,1.5856,1.5856,1.5856,1.5856,1.5856,1.5856,1.5856,1.5856,1.5856,1.5856,1.5856,1.5856,1.5856,1.5856,1.5856,1.5856,1.5856,1.5856,1.5856,1.5856,1.5856,1.5856,1.5856,1.5856,1.5856,1.5856,1.5856,1.5856,1.5856,1.5856,1.5856,1.5856,1.5856,1.5856,1.5856,1.5856,1.5856,1.5856,1.5856,1.5856,1.5856,1.5856,1.5856,1.5856,1.5856,1.5856,1.5856,1.5856,1.5856,1.5856,1.5856,1.5856,1.5856,1.5856,1.5856,1.5856,1.5856,1.5856,1.5856,1.5856,1.5856,1.5856,1.5856,1.5856,1.5856,1.5856,1.5856,1.5856,1.5856,1.5856,1.5856,1.5856,1.5856,1.5856,1.5856,1.5856,1.5856,1.5856,1.5856,1.5856,1.5856,1.5856,1.5856,1.5856,1.5856,1.5856,1.5856,1.5856,1.5856,1.5856,1.5856,1.5856,1.5856,1.5856,1.5856,1.5856,1.5856,1.5856,1.5856,1.5856,1.5856,1.5856,1.5856,1.5856,1.5856,1.5856,1.5856,1.5856,1.5856,1.5856,1.5856,1.5856,1.5856,1.5856,1.5856,1.5856,1.5856,1.5856,1.5856,1.5856,1.5856,1.5856,1.5856,1.5856,1.5856,1.5856,1.5856,1.5856,1.5856,1.5856,1.5856,1.5856,1.5856,1.5856,1.5856,1.5856,1.5856,1.5856,1.5856,1.5856,1.5856,1.5856,1.5856,1.5856,1.5856,1.5856,1.5856,1.5856,1.5856,1.5856,1.5856,1.5856,1.5856,1.5856,1.5856,1.5856,1.5856,1.5856,1.5856,1.5856,1.5856,1.5856,1.5856,1.5856,1.5856,1.5856,1.5856,1.5856,1.5856,1.5856,1.5856,1.5856,1.5856,1.5856,1.5856,1.5856,1.5856,1.5856,1.5856,1.5856,1.5856,1.5856,1.5856,1.5856,1.5856,1.5856,1.5856,1.5856,1.5856,1.5856,1.5856,1.5856,1.5856,1.5856,1.5856,1.5856,1.5856,1.5856,1.5856,1.5856,1.5856,1.5856,1.5856,1.5856,1.5856,1.5856,1.5856,1.5856,1.5856,1.5856,1.5856,1.5856,1.5856,1.5856,1.5856,1.5856,1.5856,1.5856,1.5856,1.5856,1.5856,1.5856,1.5856,1.5856,1.5856,1.5856,1.5856,1.5856,1.5856,1.5856,1.5856,1.5856,1.5856,1.5856,1.5856,1.5856,1.5856,1.5856,1.5856,1.5856,1.5856,1.5856,1.5856,1.5856,1.5856,1.5856,1.5856,1.5856,1.5856,1.5856,1.5856,1.5856,1.5856,1.5856,1.5856,1.5856,1.5856,1.5856,1.5856,1.5856,1.5856,1.5856,1.5856,1.5856,1.5856,1.5856,1.5856,1.5856,1.5856,1.5856,1.5856,1.5856,1.5856,1.5856,1.5856,1.5856,1.5856,1.5856,1.5856,1.5856,1.5856,1.5856,1.5856,1.5856,1.5856,1.5856,1.5856,1.5856,1.5856,1.5856,1.5856,1.5856,1.5856,1.5856,1.5856,1.5856,1.5856,1.5856,1.5856,1.5856,1.5856,1.5856,1.5856

Intensity : 3256.6272,3231.2257,3114.8852,2964.2988,2955.3,3050.2349,3119.5691,3130.0072,3125.1585,3131.813,3144.0595,3118.838,3145.7455,3133.2146,3124.1688,3082.3385,3053.5926,3036.1766,3031.1398,2931.0205,2889.709,2836.0291,2939.1374,2925.1773,2929.5722,2845.3029,2882.2109,2890.2517,2901.9217,2910.8555,2914.8751,2925.9201,2919.344,2893.3144,2866.3137,2847.4194,2809.1135,2818.0879,2786.0831,2789.0811,2763.8193,2754.7624,2726.2073,2672.6918,2577.6705,2603.1866,2601.4455,2647.1599,2625.5431,2648.526,2720.1808,2721.5742,2717.8748,2663.6416,2670.7448,2672.8725,2662.3639,2627.2135,2570.1859,2525.9013,2534.7025,2589.1949,2633.9643,2652.6747,2643.2229,2613.8382,2591.6988,2550.12,2510.4434,2450.6882,2451.1254,2449.774,2404.8413,2324.1256,2318.271,2362.9582,2378.6017,2347.1982,2315.6943,2319.2378,2295.1939,2285.7252,2283.0024,2248.0298,2176.2041,2121.5027,2165.0918,2215.9293,2245.2169,2258.9125,2310.2475,2380.6966,2403.6432,2399.9189,2349.2139,2308.6067,2267.1979,2267.3507,2283.8771,2329.6493,2345.9089,2338.5573,2297.6744,2305.3269,2326.6448,2365.2541,2325.3857,2294.9473,2299.0376,2315.333,2311.3516,2282.5033,2259.8987,2238.099,2253.6737,2305.3684,2384.7186,2412.2531,2450.1749,2454.2349,2468.3695,2454.2632,2426.9885,2402.3229,2408.3092,2425.6638,2458.709,2444.8472,2447.8584,2430.4036,2465.5771,2491.1527,2485.0689,2433.8804,2413.0842,2407.3475,2370.7182,2294.558,2241.3325,2226.568,2199.6603,2168.6379,2156.5315,2192.2715,2248.3651,2322.7073,2365.3416,2368.5488,2350.9113,2351.0072,2350.1119,2331.894,2302.4731,2294.3779,2322.7927,2323.7221,2293.1608,2247.5971,2240.7464,2246.2328,2228.9033,2193.5479,2157.9605,2182.2973,2226.3514,2245.2251,2188.9413,2129.2434,2111.3508,2114.4533,2121.3201,2117.6907,2130.8378,2149.2217,2161.1606,2168.274,2152.1698,2141.5755,2142.4432,2165.3151,2206.4089,2221.405,2211.8585,2180.7985,2168.079,2159.5537,2167.1125,2165.2642,2176.7798,2189.4864,2215.5706,2194.5496,2173.0067,2150.4461,2171.5784,2179.686,2165.5917,2147.5901,2128.703,2112.2221,2071.2541,2039.4018,2026.5427,2036.7149,2047.3145,2066.2911,2091.3846,2112.4356,2117.2194,2111.1972,2068.39,2014.9122,1990.6953,2007.6554,2028.072,2011.07,1966.9125,1932.0249,1894.8715,1854.627,1805.2445,1754.0584,1726.5616,1706.351,1764.9739,1841.1406,1925.515,1941.9003,1941.9997,1931.9271,1957.7771,1980.0038,1962.9898,1920.1755,1907.2355,1914.2609,1885.2832,1821.6271,1804.8049,1843.9668,1895.699,1914.9661,1899.9449,1887.7104,1900.0728,1908.1329,1899.1515,1899.2933,1905.3999,1897.8524,1903.8444,1892.3975,1895.2748,1821.6387,1792.9377,1770.8919,1809.5312,1814.8816,1808.5862,1781.7126,1742.7916,1703.4833,1692.9748,1692.0152,1691.5665,1666.2798,1641.277,1630.7047,1608.6323,1597.7277,1601.1016,1626.1759,1650.5336,1683.9061,1678.4884,1721.7264,1737.1836,1751.7502,1736.6731,1712.7585,1686.0346,1672.4377,1703.9792,1737.7051,1725.2618,1645.9904,1639.7298,1589.6495,1576.26,1527.125,1559.1796,1595.6617,1565.2413,1508.3225,1435.7244,1442.2988,1482.7449,1550.569,1616.0111,1700.8366,1751.2338,1717.2127,1626.9757,1586.2896,1639.0501,1681.7885,1706.2223,1683.1676,1646.9368,1567.9283,1494.8391,1461.8812,1455.9199,1431.2419,1428.0705,1379.3706,1426.5564,1429.6615,1498.6619,1452.6531,1439.9802,1424.7307,1408.2596,1384.0263,1362.3457,1395.8247,1421.9288,1430.7056

Time pixel : 1,2.003058,3.006116,4.009174,5.012232,6.015291,7.018349,8.021407,9.024465,10.02752,11.03058,12.03364,13.0367,14.03976,15.04281,16.04587,17.04893,18.05199,19.05505,20.0581,21.06116,22.06422,23.06728,24.07034,25.07339,26.07645,27.07951,28.08257,29.08563,30.08869,31.09174,32.0948,33.09786,34.10092,35.10398,36.10703,37.11009,38.11315,39.11621,40.11927,41.12232,42.12538,43.12844,44.1315,45.13456,46.13761,47.14067,48.14373,49.14679,50.14985,51.15291,52.15596,53.15902,54.16208,55.16514,56.1682,57.17125,58.17431,59.17737,60.18043,61.18349,62.18654,63.1896,64.19266,65.19572,66.19878,67.20183,68.20489,69.20795,70.21101,71.21407,72.21713,73.22018,74.22324,75.2263,76.22936,77.23242,78.23547,79.23853,80.24159,81.24465,82.24771,83.25076,84.25382,85.25688,86.25994,87.263,88.26606,89.26911,90.27217,91.27523,92.27829,93.28135,94.2844,95.28746,96.29052,97.29358,98.29664,99.29969,100.3028,101.3058,102.3089,103.3119,104.315,105.318,106.3211,107.3242,108.3272,109.3303,110.3333,111.3364,112.3394,113.3425,114.3456,115.3486,116.3517,117.3547,118.3578,119.3609,120.3639,121.367,122.37,123.3731,124.3761,125.3792,126.3823,127.3853,128.3884,129.3914,130.3945,131.3976,132.4006,133.4037,134.4067,135.4098,136.4128,137.4159,138.419,139.422,140.4251,141.4281,142.4312,143.4343,144.4373,145.4404,146.4434,147.4465,148.4495,149.4526,150.4557,151.4587,152.4618,153.4648,154.4679,155.4709,156.474,157.4771,158.4801,159.4832,160.4862,161.4893,162.4924,163.4954,164.4985,165.5015,166.5046,167.5076,168.5107,169.5138,170.5168,171.5199,172.5229,173.526,174.5291,175.5321,176.5352,177.5382,178.5413,179.5443,180.5474,181.5505,182.5535,183.5566,184.5596,185.5627,186.5657,187.5688,188.5719,189.5749,190.578,191.581,192.5841,193.5872,194.5902,195.5933,196.5963,197.5994,198.6024,199.6055,200.6086,201.6116,202.6147,203.6177,204.6208,205.6239,206.6269,207.63,208.633,209.6361,210.6391,211.6422,212.6453,213.6483,214.6514,215.6544,216.6575,217.6606,218.6636,219.6667,220.6697,221.6728,222.6758,223.6789,224.682,225.685,226.6881,227.6911,228.6942,229.6972,230.7003,231.7034,232.7064,233.7095,234.7125,235.7156,236.7187,237.7217,238.7248,239.7278,240.7309,241.7339,242.737,243.7401,244.7431,245.7462,246.7492,247.7523,248.7554,249.7584,250.7615,251.7645,252.7676,253.7706,254.7737,255.7768,256.7798,257.7829,258.7859,259.789,260.792,261.7951,262.7982,263.8012,264.8043,265.8073,266.8104,267.8135,268.8165,269.8196,270.8226,271.8257,272.8287,273.8318,274.8349,275.8379,276.841,277.844,278.8471,279.8502,280.8532,281.8563,282.8593,283.8624,284.8654,285.8685,286.8716,287.8746,288.8777,289.8807,290.8838,291.8869,292.8899,293.893,294.896,295.8991,296.9021,297.9052,298.9083,299.9113,300.9144,301.9174,302.9205,303.9235,304.9266,305.9297,306.9327,307.9358,308.9388,309.9419,310.945,311.948,312.9511,313.9541,314.9572,315.9602,316.9633,317.9664,318.9694,319.9725,320.9755,321.9786,322.9817,323.9847,324.9878,325.9908,326.9939,327.9969,329

Position pixel : 14.8605,14.8605,14.8605,14.8605,14.8605,14.8605,14.8605,14.8605,14.8605,14.8605,14.8605,14.8605,14.8605,14.8605,14.8605,14.8605,14.8605,14.8605,14.8605,14.8605,14.8605,14.8605,14.8605,14.8605,14.8605,14.8605,14.8605,14.8605,14.8605,14.8605,14.8605,14.8605,14.8605,14.8605,14.8605,14.8605,14.8605,14.8605,14.8605,14.8605,14.8605,14.8605,14.8605,14.8605,14.8605,14.8605,14.8605,14.8605,14.8605,14.8605,14.8605,14.8605,14.8605,14.8605,14.8605,14.8605,14.8605,14.8605,14.8605,14.8605,14.8605,14.8605,14.8605,14.8605,14.8605,14.8605,14.8605,14.8605,14.8605,14.8605,14.8605,14.8605,14.8605,14.8605,14.8605,14.8605,14.8605,14.8605,14.8605,14.8605,14.8605,14.8605,14.8605,14.8605,14.8605,14.8605,14.8605,14.8605,14.8605,14.8605,14.8605,14.8605,14.8605,14.8605,14.8605,14.8605,14.8605,14.8605,14.8605,14.8605,14.8605,14.8605,14.8605,14.8605,14.8605,14.8605,14.8605,14.8605,14.8605,14.8605,14.8605,14.8605,14.8605,14.8605,14.8605,14.8605,14.8605,14.8605,14.8605,14.8605,14.8605,14.8605,14.8605,14.8605,14.8605,14.8605,14.8605,14.8605,14.8605,14.8605,14.8605,14.8605,14.8605,14.8605,14.8605,14.8605,14.8605,14.8605,14.8605,14.8605,14.8605,14.8605,14.8605,14.8605,14.8605,14.8605,14.8605,14.8605,14.8605,14.8605,14.8605,14.8605,14.8605,14.8605,14.8605,14.8605,14.8605,14.8605,14.8605,14.8605,14.8605,14.8605,14.8605,14.8605,14.8605,14.8605,14.8605,14.8605,14.8605,14.8605,14.8605,14.8605,14.8605,14.8605,14.8605,14.8605,14.8605,14.8605,14.8605,14.8605,14.8605,14.8605,14.8605,14.8605,14.8605,14.8605,14.8605,14.8605,14.8605,14.8605,14.8605,14.8605,14.8605,14.8605,14.8605,14.8605,14.8605,14.8605,14.8605,14.8605,14.8605,14.8605,14.8605,14.8605,14.8605,14.8605,14.8605,14.8605,14.8605,14.8605,14.8605,14.8605,14.8605,14.8605,14.8605,14.8605,14.8605,14.8605,14.8605,14.8605,14.8605,14.8605,14.8605,14.8605,14.8605,14.8605,14.8605,14.8605,14.8605,14.8605,14.8605,14.8605,14.8605,14.8605,14.8605,14.8605,14.8605,14.8605,14.8605,14.8605,14.8605,14.8605,14.8605,14.8605,14.8605,14.8605,14.8605,14.8605,14.8605,14.8605,14.8605,14.8605,14.8605,14.8605,14.8605,14.8605,14.8605,14.8605,14.8605,14.8605,14.8605,14.8605,14.8605,14.8605,14.8605,14.8605,14.8605,14.8605,14.8605,14.8605,14.8605,14.8605,14.8605,14.8605,14.8605,14.8605,14.8605,14.8605,14.8605,14.8605,14.8605,14.8605,14.8605,14.8605,14.8605,14.8605,14.8605,14.8605,14.8605,14.8605,14.8605,14.8605,14.8605,14.8605,14.8605,14.8605,14.8605,14.8605,14.8605,14.8605,14.8605,14.8605,14.8605,14.8605,14.8605,14.8605,14.8605,14.8605,14.8605,14.8605,14.8605,14.8605,14.8605,14.8605,14.8605,14.8605,14.8605,14.8605,14.8605,14.8605,14.8605,14.8605,14.8605,14.8605,14.8605,14.8605,14.8605,14.8605

Brightness max : 720.48
Brightness min : 225.00
Feature direction : Ambiguous
Feature speed : Slow
Feature type : Line
Start frame : 1
End frame : 329
Start time (s) : 0.000
End time (s) : 600.140
Time step (s) : 1.830

