KYMOANALYSIS DATA

General Information :

Tiff path : G:\My Drive\microtubule dynamics and cut7\21-15 screens and tests\cut11-7\19-06-12&20 (Cut7-3GFP and  mCh-mts, timeseries for modeling data)\
Spindle type : Monopolar
Start frame : 1
End frame : 376
Start time (s) : 0.000
End time (s) : 599.160
Time step (s) : 1.598
Num poles : 1
Num tracks : 1
Num tracks poleward : 0
Num tracks antipoleward : 0
Num tracks ambiguous : 1
Comments : {

}
Poles Information :


Pole number : 1

Time (s) : 1.59776,3.201089,4.804419,6.407748,8.011077,9.614406,11.21774,12.82106,14.42439,16.02772,17.63105,19.23438,20.83771,22.44104,24.04437,25.6477,27.25103,28.85436,30.45769,32.06102,33.66435,35.26767,36.871,38.47433,40.07766,41.68099,43.28432,44.88765,46.49098,48.09431,49.69764,51.30097,52.9043,54.50763,56.11096,57.71428,59.31761,60.92094,62.52427,64.1276,65.73093,67.33426,68.93759,70.54092,72.14425,73.74758,75.35091,76.95424,78.55756,80.16089,81.76422,83.36755,84.97088,86.57421,88.17754,89.78087,91.3842,92.98753,94.59086,96.19419,97.79752,99.40085,101.0042,102.6075,104.2108,105.8142,107.4175,109.0208,110.6242,112.2275,113.8308,115.4341,117.0375,118.6408,120.2441,121.8475,123.4508,125.0541,126.6574,128.2608,129.8641,131.4674,133.0708,134.6741,136.2774,137.8807,139.4841,141.0874,142.6907,144.2941,145.8974,147.5007,149.1041,150.7074,152.3107,153.914,155.5174,157.1207,158.724,160.3274,161.9307,163.534,165.1373,166.7407,168.344,169.9473,171.5507,173.154,174.7573,176.3607,177.964,179.5673,181.1706,182.774,184.3773,185.9806,187.584,189.1873,190.7906,192.3939,193.9973,195.6006,197.2039,198.8073,200.4106,202.0139,203.6172,205.2206,206.8239,208.4272,210.0306,211.6339,213.2372,214.8406,216.4439,218.0472,219.6505,221.2539,222.8572,224.4605,226.0639,227.6672,229.2705,230.8738,232.4772,234.0805,235.6838,237.2872,238.8905,240.4938,242.0972,243.7005,245.3038,246.9071,248.5105,250.1138,251.7171,253.3205,254.9238,256.5271,258.1304,259.7338,261.3371,262.9404,264.5438,266.1471,267.7504,269.3537,270.9571,272.5604,274.1637,275.7671,277.3704,278.9737,280.5771,282.1804,283.7837,285.387,286.9904,288.5937,290.197,291.8004,293.4037,295.007,296.6103,298.2137,299.817,301.4203,303.0237,304.627,306.2303,307.8337,309.437,311.0403,312.6436,314.247,315.8503,317.4536,319.057,320.6603,322.2636,323.8669,325.4703,327.0736,328.6769,330.2803,331.8836,333.4869,335.0902,336.6936,338.2969,339.9002,341.5036,343.1069,344.7102,346.3136,347.9169,349.5202,351.1235,352.7269,354.3302,355.9335,357.5369,359.1402,360.7435,362.3468,363.9502,365.5535,367.1568,368.7602,370.3635,371.9668,373.5702,375.1735,376.7768,378.3801,379.9835,381.5868,383.1901,384.7935,386.3968,388.0001,389.6034,391.2068,392.8101,394.4134,396.0168,397.6201,399.2234,400.8267,402.4301,404.0334,405.6367,407.2401,408.8434,410.4467,412.0501,413.6534,415.2567,416.86,418.4634,420.0667,421.67,423.2734,424.8767,426.48,428.0833,429.6867,431.29,432.8933,434.4967,436.1,437.7033,439.3066,440.91,442.5133,444.1166,445.72,447.3233,448.9266,450.53,452.1333,453.7366,455.3399,456.9433,458.5466,460.1499,461.7533,463.3566,464.9599,466.5632,468.1666,469.7699,471.3732,472.9766,474.5799,476.1832,477.7866,479.3899,480.9932,482.5965,484.1999,485.8032,487.4065,489.0099,490.6132,492.2165,493.8198,495.4232,497.0265,498.6298,500.2332,501.8365,503.4398,505.0431,506.6465,508.2498,509.8531,511.4565,513.0598,514.6631,516.2665,517.8698,519.4731,521.0764,522.6798,524.2831,525.8864,527.4898,529.0931,530.6964,532.2997,533.9031,535.5064,537.1097,538.7131,540.3164,541.9197,543.5231,545.1264,546.7297,548.333,549.9364,551.5397,553.143,554.7464,556.3497,557.953,559.5563,561.1597

Position (um) : 1.9867,1.9863,1.9859,1.9855,1.9851,1.9847,1.9842,1.9838,1.9834,1.983,1.9826,1.9821,1.9817,1.9813,1.9809,1.9805,1.9801,1.9796,1.9792,1.9788,1.9784,1.978,1.9775,1.9771,1.9767,1.9763,1.9759,1.9755,1.975,1.9746,1.9742,1.9738,1.9734,1.9729,1.9725,1.9721,1.9717,1.9713,1.9709,1.9704,1.97,1.9696,1.9692,1.9688,1.9683,1.9679,1.9675,1.9671,1.9667,1.9663,1.9658,1.9654,1.965,1.9646,1.9642,1.9637,1.9633,1.9629,1.9625,1.9621,1.9617,1.9612,1.9608,1.9604,1.96,1.9596,1.9591,1.9587,1.9583,1.9579,1.9575,1.9571,1.9566,1.9562,1.9558,1.9554,1.955,1.9546,1.9541,1.9537,1.9533,1.9529,1.9525,1.952,1.9516,1.9512,1.9508,1.9504,1.95,1.9495,1.9491,1.9487,1.9483,1.9479,1.9474,1.947,1.9466,1.9462,1.9458,1.9454,1.9449,1.9445,1.9441,1.9437,1.9433,1.9428,1.9424,1.942,1.9416,1.9412,1.9408,1.9403,1.9399,1.9395,1.9391,1.9387,1.9382,1.9378,1.9374,1.937,1.9366,1.9362,1.9357,1.9353,1.9349,1.9345,1.9341,1.9336,1.9332,1.9328,1.9324,1.932,1.9316,1.9311,1.9307,1.9303,1.9299,1.9295,1.9291,1.9286,1.9282,1.9278,1.9274,1.927,1.9265,1.9261,1.9257,1.9253,1.9249,1.9245,1.924,1.9236,1.9232,1.9228,1.9224,1.9219,1.9215,1.9211,1.9207,1.9203,1.9199,1.9194,1.919,1.9186,1.9182,1.9178,1.9173,1.9169,1.9165,1.9161,1.9157,1.9153,1.9148,1.9144,1.914,1.9136,1.9132,1.9127,1.9123,1.9119,1.9115,1.9111,1.9107,1.9102,1.9098,1.9094,1.909,1.9086,1.9081,1.9077,1.9073,1.9069,1.9065,1.9061,1.9056,1.9052,1.9048,1.9044,1.904,1.9035,1.9031,1.9027,1.9023,1.9019,1.9015,1.901,1.9006,1.9002,1.8998,1.8994,1.899,1.8985,1.8981,1.8977,1.8973,1.8969,1.8964,1.896,1.8956,1.8952,1.8948,1.8944,1.8939,1.8935,1.8931,1.8927,1.8923,1.8918,1.8914,1.891,1.8906,1.8902,1.8898,1.8893,1.8889,1.8885,1.8881,1.8877,1.8872,1.8868,1.8864,1.886,1.8856,1.8852,1.8847,1.8843,1.8839,1.8835,1.8831,1.8826,1.8822,1.8818,1.8814,1.881,1.8806,1.8801,1.8797,1.8793,1.8789,1.8785,1.878,1.8776,1.8772,1.8768,1.8764,1.876,1.8755,1.8751,1.8747,1.8743,1.8739,1.8735,1.873,1.8726,1.8722,1.8718,1.8714,1.8709,1.8705,1.8701,1.8697,1.8693,1.8689,1.8684,1.868,1.8676,1.8672,1.8668,1.8663,1.8659,1.8655,1.8651,1.8647,1.8643,1.8638,1.8634,1.863,1.8626,1.8622,1.8617,1.8613,1.8609,1.8605,1.8601,1.8597,1.8592,1.8588,1.8584,1.858,1.8576,1.8571,1.8567,1.8563,1.8559,1.8555,1.8551,1.8546,1.8542,1.8538,1.8534,1.853,1.8525,1.8521,1.8517,1.8513,1.8509,1.8505,1.85,1.8496,1.8492,1.8488,1.8484,1.8479,1.8475,1.8471,1.8467,1.8463,1.8459,1.8454,1.845,1.8446,1.8442,1.8438,1.8434,1.8429,1.8425,1.8421,1.8417,1.8413,1.8408

Intensity : 1745.8159,1698.0306,1782.4351,1601.0267,1612.0922,1757.7174,1681.875,1736.7866,1662.5678,1664.0668,1544.7467,1492.4415,1685.4528,1514.2853,1520.1893,1519.3879,1712.3559,1638.9808,1435.5566,1475.0214,1514.9798,1431.7031,1399.6029,1418.5882,1431.1533,1414.4442,1392.7955,1311.7931,1514.0028,1471.7556,1474.3812,1336.2026,1450.7405,1375.1312,1351.5166,1355.7762,1405.2752,1433.3882,1455.4775,1466.7689,1415.3346,1352.3416,1399.5068,1508.7249,1272.2407,1388.2086,1350.617,1332.2935,1313.0058,1343.7651,1339.3017,1419.5076,1379.5301,1323.492,1325.5666,1304.7685,1265.0503,1219.6201,1235.4829,1225.288,1248.5346,1328.8474,1234.6537,1285.1004,1262.5318,1327.5007,1366.1541,1307.1588,1209.965,1231.734,1281.093,1342.1051,1376.6565,1287.5524,1216.6837,1207.32,1174.5734,1183.3719,1201.0193,1195.2723,1155.1191,1176.9787,1122.2024,1094.815,1122.8073,1064.3348,1035.0549,1113.0566,1092.2443,1111.3826,1114.4734,1054.2845,1026.0978,1068.0046,1099.582,1041.7846,1029.9563,1004.8945,961.65684,981.87239,965.23699,961.35119,948.57457,1053.0101,1056.2972,990.47886,988.73906,973.69857,909.38529,947.20861,930.02461,892.63363,921.73891,915.60712,897.24995,826.59596,842.13594,849.88013,854.56181,870.17396,899.66387,978.02706,1021.0471,969.53321,932.83585,896.07119,961.38437,943.08877,915.27849,938.47269,886.40212,938.71806,943.03637,908.42151,868.71227,815.37622,850.48382,941.69875,988.14592,984.84345,900.14349,827.9235,852.12934,908.73618,898.1986,860.46004,827.00874,804.50802,853.60881,874.45792,899.8563,927.47659,913.40502,877.34849,903.94614,908.6075,845.37572,834.61518,829.81702,824.03597,826.50831,854.91928,834.87692,822.83073,843.41042,786.48046,749.05565,767.01713,696.5232,706.65416,758.31464,750.55723,758.13128,739.71765,768.25312,708.65718,736.60738,725.8652,716.88268,736.72345,724.12174,764.90373,742.67258,738.55188,720.51293,695.89024,699.987,693.69512,692.32086,711.81404,689.98292,709.91938,738.85551,697.18906,688.01736,646.36391,728.58766,715.70012,643.69814,684.94567,743.03087,736.04285,711.6107,716.16564,678.67785,709.32567,734.97585,710.14115,718.43212,686.53411,615.69802,607.2695,605.23914,619.91062,594.12689,597.69992,603.5475,623.59771,655.99054,669.10899,668.90665,682.91992,645.41391,668.52139,614.78874,649.03674,641.07635,680.44902,676.88199,651.36118,654.92541,624.00742,642.25242,649.59182,633.47755,608.41005,652.38209,677.02442,688.59552,640.54399,640.93364,560.42195,616.71489,618.46251,598.53787,594.93329,626.15719,618.55624,567.81408,562.97321,551.15478,520.64413,606.30148,564.89416,566.22925,540.63427,632.12355,559.14049,587.54785,522.84923,499.12165,540.55806,559.72855,564.33938,534.30451,576.35507,525.81481,612.41714,579.79487,527.94106,635.87001,549.16974,580.53585,586.98303,605.53357,570.23765,534.19774,489.92848,479.42779,407.91627,474.54186,474.12648,540.47736,553.25943,504.65237,504.05869,386.3589,416.46638,482.93898,454.38447,470.75593,390.2816,372.24623,417.86281,426.52571,452.13876,363.00255,370.53741,297.01811,299.69703,259.21705,276.73485,259.62583,257.23406,270.18535,261.7788,260.91231,262.2554,250.01545,275.38107,264.51587,262.91403,274.22632,262.73552,255.52507,275.64415,274.04273,292.50919,283.32336,273.42615,264.45666,267.03018,270.75953,256.72421,275.14928,264.55505,259.14238,274.85603,266.95203,263.03163,276.2408,275.64504,287.73547,276.32402,279.93904,289.94188,289.5667,281.03286,268.61857,271.61489,281.47727,276.34464,253.96778,249.51603,244.71862,258.36645,251.68429,268.16971,261.17423,241.49214

Time pixel : 1,2.003486,3.006971,4.010457,5.013943,6.017428,7.020914,8.0244,9.027885,10.03137,11.03486,12.03834,13.04183,14.04531,15.0488,16.05229,17.05577,18.05926,19.06274,20.06623,21.06971,22.0732,23.07668,24.08017,25.08366,26.08714,27.09063,28.09411,29.0976,30.10108,31.10457,32.10806,33.11154,34.11503,35.11851,36.122,37.12548,38.12897,39.13246,40.13594,41.13943,42.14291,43.1464,44.14988,45.15337,46.15686,47.16034,48.16383,49.16731,50.1708,51.17428,52.17777,53.18125,54.18474,55.18823,56.19171,57.1952,58.19868,59.20217,60.20565,61.20914,62.21263,63.21611,64.2196,65.22308,66.22657,67.23005,68.23354,69.23703,70.24051,71.244,72.24748,73.25097,74.25445,75.25794,76.26143,77.26491,78.2684,79.27188,80.27537,81.27885,82.28234,83.28583,84.28931,85.2928,86.29628,87.29977,88.30325,89.30674,90.31022,91.31371,92.3172,93.32068,94.32417,95.32765,96.33114,97.33462,98.33811,99.3416,100.3451,101.3486,102.3521,103.3555,104.359,105.3625,106.366,107.3695,108.373,109.3765,110.3799,111.3834,112.3869,113.3904,114.3939,115.3974,116.4009,117.4043,118.4078,119.4113,120.4148,121.4183,122.4218,123.4253,124.4287,125.4322,126.4357,127.4392,128.4427,129.4462,130.4497,131.4531,132.4566,133.4601,134.4636,135.4671,136.4706,137.4741,138.4775,139.481,140.4845,141.488,142.4915,143.495,144.4985,145.5019,146.5054,147.5089,148.5124,149.5159,150.5194,151.5229,152.5263,153.5298,154.5333,155.5368,156.5403,157.5438,158.5473,159.5507,160.5542,161.5577,162.5612,163.5647,164.5682,165.5717,166.5751,167.5786,168.5821,169.5856,170.5891,171.5926,172.596,173.5995,174.603,175.6065,176.61,177.6135,178.617,179.6204,180.6239,181.6274,182.6309,183.6344,184.6379,185.6414,186.6448,187.6483,188.6518,189.6553,190.6588,191.6623,192.6658,193.6692,194.6727,195.6762,196.6797,197.6832,198.6867,199.6902,200.6936,201.6971,202.7006,203.7041,204.7076,205.7111,206.7146,207.718,208.7215,209.725,210.7285,211.732,212.7355,213.739,214.7424,215.7459,216.7494,217.7529,218.7564,219.7599,220.7634,221.7668,222.7703,223.7738,224.7773,225.7808,226.7843,227.7878,228.7912,229.7947,230.7982,231.8017,232.8052,233.8087,234.8122,235.8156,236.8191,237.8226,238.8261,239.8296,240.8331,241.8366,242.84,243.8435,244.847,245.8505,246.854,247.8575,248.861,249.8644,250.8679,251.8714,252.8749,253.8784,254.8819,255.8854,256.8888,257.8923,258.8958,259.8993,260.9028,261.9063,262.9098,263.9132,264.9167,265.9202,266.9237,267.9272,268.9307,269.9342,270.9376,271.9411,272.9446,273.9481,274.9516,275.9551,276.9586,277.962,278.9655,279.969,280.9725,281.976,282.9795,283.983,284.9864,285.9899,286.9934,287.9969,289.0004,290.0039,291.0074,292.0108,293.0143,294.0178,295.0213,296.0248,297.0283,298.0318,299.0352,300.0387,301.0422,302.0457,303.0492,304.0527,305.0562,306.0596,307.0631,308.0666,309.0701,310.0736,311.0771,312.0806,313.084,314.0875,315.091,316.0945,317.098,318.1015,319.105,320.1084,321.1119,322.1154,323.1189,324.1224,325.1259,326.1294,327.1328,328.1363,329.1398,330.1433,331.1468,332.1503,333.1538,334.1572,335.1607,336.1642,337.1677,338.1712,339.1747,340.1782,341.1816,342.1851,343.1886,344.1921,345.1956,346.1991,347.2026,348.206,349.2095,350.213,351.2165

Position pixel : 18.6199,18.616,18.612,18.6081,18.6042,18.6003,18.5964,18.5924,18.5885,18.5846,18.5807,18.5768,18.5729,18.5689,18.565,18.5611,18.5572,18.5533,18.5493,18.5454,18.5415,18.5376,18.5337,18.5298,18.5258,18.5219,18.518,18.5141,18.5102,18.5063,18.5023,18.4984,18.4945,18.4906,18.4867,18.4827,18.4788,18.4749,18.471,18.4671,18.4632,18.4592,18.4553,18.4514,18.4475,18.4436,18.4396,18.4357,18.4318,18.4279,18.424,18.4201,18.4161,18.4122,18.4083,18.4044,18.4005,18.3965,18.3926,18.3887,18.3848,18.3809,18.377,18.373,18.3691,18.3652,18.3613,18.3574,18.3535,18.3495,18.3456,18.3417,18.3378,18.3339,18.3299,18.326,18.3221,18.3182,18.3143,18.3104,18.3064,18.3025,18.2986,18.2947,18.2908,18.2868,18.2829,18.279,18.2751,18.2712,18.2673,18.2633,18.2594,18.2555,18.2516,18.2477,18.2437,18.2398,18.2359,18.232,18.2281,18.2242,18.2202,18.2163,18.2124,18.2085,18.2046,18.2007,18.1967,18.1928,18.1889,18.185,18.1811,18.1771,18.1732,18.1693,18.1654,18.1615,18.1576,18.1536,18.1497,18.1458,18.1419,18.138,18.134,18.1301,18.1262,18.1223,18.1184,18.1145,18.1105,18.1066,18.1027,18.0988,18.0949,18.0909,18.087,18.0831,18.0792,18.0753,18.0714,18.0674,18.0635,18.0596,18.0557,18.0518,18.0479,18.0439,18.04,18.0361,18.0322,18.0283,18.0243,18.0204,18.0165,18.0126,18.0087,18.0048,18.0008,17.9969,17.993,17.9891,17.9852,17.9812,17.9773,17.9734,17.9695,17.9656,17.9617,17.9577,17.9538,17.9499,17.946,17.9421,17.9381,17.9342,17.9303,17.9264,17.9225,17.9186,17.9146,17.9107,17.9068,17.9029,17.899,17.8951,17.8911,17.8872,17.8833,17.8794,17.8755,17.8715,17.8676,17.8637,17.8598,17.8559,17.852,17.848,17.8441,17.8402,17.8363,17.8324,17.8284,17.8245,17.8206,17.8167,17.8128,17.8089,17.8049,17.801,17.7971,17.7932,17.7893,17.7853,17.7814,17.7775,17.7736,17.7697,17.7658,17.7618,17.7579,17.754,17.7501,17.7462,17.7423,17.7383,17.7344,17.7305,17.7266,17.7227,17.7187,17.7148,17.7109,17.707,17.7031,17.6992,17.6952,17.6913,17.6874,17.6835,17.6796,17.6756,17.6717,17.6678,17.6639,17.66,17.6561,17.6521,17.6482,17.6443,17.6404,17.6365,17.6325,17.6286,17.6247,17.6208,17.6169,17.613,17.609,17.6051,17.6012,17.5973,17.5934,17.5895,17.5855,17.5816,17.5777,17.5738,17.5699,17.5659,17.562,17.5581,17.5542,17.5503,17.5464,17.5424,17.5385,17.5346,17.5307,17.5268,17.5228,17.5189,17.515,17.5111,17.5072,17.5033,17.4993,17.4954,17.4915,17.4876,17.4837,17.4797,17.4758,17.4719,17.468,17.4641,17.4602,17.4562,17.4523,17.4484,17.4445,17.4406,17.4367,17.4327,17.4288,17.4249,17.421,17.4171,17.4131,17.4092,17.4053,17.4014,17.3975,17.3936,17.3896,17.3857,17.3818,17.3779,17.374,17.37,17.3661,17.3622,17.3583,17.3544,17.3505,17.3465,17.3426,17.3387,17.3348,17.3309,17.3269,17.323,17.3191,17.3152,17.3113,17.3074,17.3034,17.2995,17.2956,17.2917,17.2878,17.2839,17.2799,17.276,17.2721,17.2682,17.2643,17.2603,17.2564,17.2525

Pole type : Line
Start frame : 1
End frame : 376
Start time (s) : 0.000
End time (s) : 599.160
Time step (s) : 1.598

Feature Information :


Feature number : 1

Time (s) : 1.59776,3.20129,4.80482,6.40835,8.01188,9.61541,11.21894,12.82247,14.426,16.02953,17.63306,19.23659,20.84012,22.44365,24.04718,25.65071,27.25424,28.85777,30.4613,32.06483,33.66836,35.27189,36.87542,38.47895,40.08248,41.68601,43.28954,44.89307,46.4966,48.10013,49.70366,51.30719,52.91072,54.51425,56.11778,57.72131,59.32484,60.92837,62.5319,64.13543,65.73896,67.34249,68.94602,70.54955,72.15308,73.75661,75.36014,76.96367,78.5672,80.17073,81.77426,83.37779,84.98132,86.58485,88.18837,89.7919,91.39543,92.99896,94.60249,96.20602,97.80955,99.41308,101.0166,102.6201,104.2237,105.8272,107.4307,109.0343,110.6378,112.2413,113.8449,115.4484,117.0519,118.6554,120.259,121.8625,123.466,125.0696,126.6731,128.2766,129.8802,131.4837,133.0872,134.6907,136.2943,137.8978,139.5013,141.1049,142.7084,144.3119,145.9155,147.519,149.1225,150.726,152.3296,153.9331,155.5366,157.1402,158.7437,160.3472,161.9508,163.5543,165.1578,166.7613,168.3649,169.9684,171.5719,173.1755,174.779,176.3825,177.986,179.5896,181.1931,182.7966,184.4002,186.0037,187.6072,189.2108,190.8143,192.4178,194.0213,195.6249,197.2284,198.8319,200.4355,202.039,203.6425,205.2461,206.8496,208.4531,210.0566,211.6602,213.2637,214.8672,216.4708,218.0743,219.6778,221.2814,222.8849,224.4884,226.0919,227.6955,229.299,230.9025,232.5061,234.1096,235.7131,237.3167,238.9202,240.5237,242.1272,243.7308,245.3343,246.9378,248.5414,250.1449,251.7484,253.352,254.9555,256.559,258.1625,259.7661,261.3696,262.9731,264.5767,266.1802,267.7837,269.3873,270.9908,272.5943,274.1978,275.8014,277.4049,279.0084,280.612,282.2155,283.819,285.4226,287.0261,288.6296,290.2331,291.8367,293.4402,295.0437,296.6473,298.2508,299.8543,301.4579,303.0614,304.6649,306.2684,307.872,309.4755,311.079,312.6826,314.2861,315.8896,317.4932,319.0967,320.7002,322.3037,323.9073,325.5108,327.1143,328.7179,330.3214,331.9249,333.5285,335.132,336.7355,338.339,339.9426,341.5461,343.1496,344.7532,346.3567,347.9602,349.5637,351.1673,352.7708,354.3743,355.9779,357.5814,359.1849,360.7885,362.392,363.9955,365.599,367.2026,368.8061,370.4096,372.0132,373.6167,375.2202,376.8238,378.4273,380.0308,381.6343,383.2379,384.8414,386.4449,388.0485,389.652,391.2555,392.8591,394.4626,396.0661,397.6696,399.2732,400.8767,402.4802,404.0838,405.6873,407.2908,408.8944,410.4979,412.1014,413.7049,415.3085,416.912,418.5155,420.1191,421.7226,423.3261,424.9297,426.5332,428.1367,429.7402,431.3438,432.9473,434.5508,436.1544,437.7579,439.3614,440.965,442.5685,444.172,445.7755,447.3791,448.9826,450.5861,452.1897,453.7932,455.3967,457.0003,458.6038,460.2073,461.8108,463.4144,465.0179,466.6214,468.225,469.8285,471.432,473.0356,474.6391,476.2426,477.8461,479.4497,481.0532,482.6567,484.2603,485.8638,487.4673,489.0709,490.6744,492.2779,493.8814,495.485,497.0885,498.692,500.2956,501.8991,503.5026,505.1062,506.7097,508.3132,509.9167,511.5203,513.1238,514.7273,516.3309,517.9344,519.5379,521.1414,522.745,524.3485,525.952,527.5556,529.1591,530.7626,532.3662,533.9697,535.5732,537.1767,538.7803,540.3838,541.9873,543.5909,545.1944,546.7979,548.4015,550.005,551.6085,553.212,554.8156,556.4191,558.0226,559.6262,561.2297,562.8332,564.4368

Position (um) : 1.9373,1.937,1.9367,1.9364,1.9362,1.9359,1.9356,1.9353,1.9351,1.9348,1.9345,1.9342,1.934,1.9337,1.9334,1.9332,1.9329,1.9326,1.9323,1.9321,1.9318,1.9315,1.9312,1.931,1.9307,1.9304,1.9301,1.9299,1.9296,1.9293,1.929,1.9288,1.9285,1.9282,1.9279,1.9277,1.9274,1.9271,1.9268,1.9266,1.9263,1.926,1.9257,1.9255,1.9252,1.9249,1.9246,1.9244,1.9241,1.9238,1.9235,1.9233,1.923,1.9227,1.9224,1.9222,1.9219,1.9216,1.9213,1.9211,1.9208,1.9205,1.9202,1.92,1.9197,1.9194,1.9191,1.9189,1.9186,1.9183,1.918,1.9178,1.9175,1.9172,1.9169,1.9167,1.9164,1.9161,1.9158,1.9156,1.9153,1.915,1.9147,1.9145,1.9142,1.9139,1.9136,1.9134,1.9131,1.9128,1.9125,1.9123,1.912,1.9117,1.9114,1.9112,1.9109,1.9106,1.9103,1.9101,1.9098,1.9095,1.9092,1.909,1.9087,1.9084,1.9082,1.9079,1.9076,1.9073,1.9071,1.9068,1.9065,1.9062,1.906,1.9057,1.9054,1.9051,1.9049,1.9046,1.9043,1.904,1.9038,1.9035,1.9032,1.9029,1.9027,1.9024,1.9021,1.9018,1.9016,1.9013,1.901,1.9007,1.9005,1.9002,1.8999,1.8996,1.8994,1.8991,1.8988,1.8985,1.8983,1.898,1.8977,1.8974,1.8972,1.8969,1.8966,1.8963,1.8961,1.8958,1.8955,1.8952,1.895,1.8947,1.8944,1.8941,1.8939,1.8936,1.8933,1.893,1.8928,1.8925,1.8922,1.8919,1.8917,1.8914,1.8911,1.8908,1.8906,1.8903,1.89,1.8897,1.8895,1.8892,1.8889,1.8886,1.8884,1.8881,1.8878,1.8875,1.8873,1.887,1.8867,1.8864,1.8862,1.8859,1.8856,1.8853,1.8851,1.8848,1.8845,1.8842,1.884,1.8837,1.8834,1.8832,1.8829,1.8826,1.8823,1.8821,1.8818,1.8815,1.8812,1.881,1.8807,1.8804,1.8801,1.8799,1.8796,1.8793,1.879,1.8788,1.8785,1.8782,1.8779,1.8777,1.8774,1.8771,1.8768,1.8766,1.8763,1.876,1.8757,1.8755,1.8752,1.8749,1.8746,1.8744,1.8741,1.8738,1.8735,1.8733,1.873,1.8727,1.8724,1.8722,1.8719,1.8716,1.8713,1.8711,1.8708,1.8705,1.8702,1.87,1.8697,1.8694,1.8691,1.8689,1.8686,1.8683,1.868,1.8678,1.8675,1.8672,1.8669,1.8667,1.8664,1.8661,1.8658,1.8656,1.8653,1.865,1.8647,1.8645,1.8642,1.8639,1.8636,1.8634,1.8631,1.8628,1.8625,1.8623,1.862,1.8617,1.8614,1.8612,1.8609,1.8606,1.8603,1.8601,1.8598,1.8595,1.8592,1.859,1.8587,1.8584,1.8582,1.8579,1.8576,1.8573,1.8571,1.8568,1.8565,1.8562,1.856,1.8557,1.8554,1.8551,1.8549,1.8546,1.8543,1.854,1.8538,1.8535,1.8532,1.8529,1.8527,1.8524,1.8521,1.8518,1.8516,1.8513,1.851,1.8507,1.8505,1.8502,1.8499,1.8496,1.8494,1.8491,1.8488,1.8485,1.8483,1.848,1.8477,1.8474,1.8472,1.8469,1.8466,1.8463,1.8461,1.8458,1.8455,1.8452,1.845,1.8447,1.8444,1.8441,1.8439,1.8436,1.8433,1.843,1.8428,1.8425,1.8422,1.8419,1.8417,1.8414,1.8411,1.8408

Intensity : 1876.0938,1850.5533,1923.3421,1728.7965,1739.957,1911.78,1818.151,1873.2322,1790.684,1789.7307,1664.234,1596.634,1825.0998,1621.4509,1637.3281,1632.2047,1836.3028,1765.1034,1537.3885,1592.0368,1623.2509,1525.2857,1493.9509,1515.4469,1543.8463,1510.1076,1484.5936,1394.9279,1621.3826,1571.6435,1588.3918,1428.7025,1560.663,1474.5505,1443.3863,1453.9145,1508.5871,1535.4515,1559.7595,1564.7499,1514.989,1438.2115,1490.54,1607.072,1353.6979,1479.3693,1439.9263,1424.7225,1397.9994,1427.5782,1429.7161,1516.5724,1467.8152,1411.5613,1408.8202,1386.3851,1340.5089,1297.0175,1310.1468,1300.7217,1332.1211,1413.8861,1304.103,1354.9403,1333.8784,1398.9945,1434.7461,1376.4237,1276.361,1292.0669,1339.0308,1408.6197,1432.1591,1341.6085,1265.5823,1256.1924,1216.7827,1220.639,1242.802,1237.9816,1199.0188,1222.1432,1164.2378,1137.2499,1162.2789,1097.3972,1064.5246,1137.3907,1119.7738,1144.7269,1145.3571,1084.2009,1050.4924,1095.1864,1122.5226,1060.2428,1054.9328,1028.3291,984.29791,999.83166,984.23932,976.29803,964.87882,1071.697,1069.9838,1000.5074,999.04241,980.26517,916.59833,950.6419,929.78223,895.93914,922.57581,918.41993,896.81322,827.32214,838.66825,848.77102,856.2465,869.76668,896.55676,976.11622,1015.9921,966.02426,927.12796,889.94275,953.1848,931.86729,910.02675,925.28258,877.24367,927.71329,927.28526,894.95512,856.76118,803.26789,839.09373,928.89375,973.49664,967.61226,881.59618,814.26363,840.73891,893.28304,876.77798,844.86992,809.91646,787.02794,835.1535,853.25716,879.72411,903.76944,890.38481,853.02971,879.5244,878.66781,817.80318,810.66107,806.18508,801.78796,805.57792,831.6539,808.29413,798.82805,815.68346,759.87036,731.19948,746.79443,673.61095,689.3837,741.18112,732.72456,742.16134,722.93661,750.26218,688.75335,721.58777,702.12257,695.51241,715.14917,703.67009,746.10282,722.2667,720.09365,702.03237,679.95322,683.66098,676.6159,678.16398,697.36531,675.18759,691.57739,717.7776,678.07043,669.26862,629.46087,713.59356,695.09012,625.49029,669.30356,722.45435,717.66685,690.56665,696.24964,659.31649,694.06204,715.06105,689.813,700.78999,668.96331,599.2103,594.89572,595.00117,609.38274,583.13603,590.99183,592.53027,614.65692,644.28625,655.60375,654.16677,669.27585,631.21257,657.36339,600.39107,636.88216,628.35944,668.21995,663.82594,637.80567,642.67709,609.12212,628.86758,636.09117,620.99643,597.86516,642.88445,663.82763,674.45935,627.3123,630.3165,550.31928,608.19927,607.35435,587.20185,585.96363,619.58122,607.99852,560.08487,557.76918,547.43981,513.82556,607.06527,556.89297,560.73832,534.32043,626.06818,550.68557,583.24082,514.91594,493.48607,535.97084,552.96577,558.64657,527.86128,571.35523,518.91086,607.01988,571.58667,520.42594,632.0636,540.27828,574.535,579.0228,601.20227,561.88833,528.49835,483.36391,472.55822,403.40656,471.50689,472.40037,538.29255,549.19676,502.35803,499.17582,386.19169,417.74496,477.81499,450.51927,463.98774,387.97779,372.21351,416.03946,423.97559,445.55236,361.97633,365.97985,297.51429,296.97691,259.70271,275.19426,258.91291,257.7417,269.98611,261.6552,261.11044,261.32316,251.40935,275.57943,264.77696,263.85484,274.4947,262.73926,256.48074,276.12319,275.06572,292.57313,283.11306,272.87032,265.04504,268.1553,270.58395,257.82633,274.9474,264.5971,260.36859,274.63619,266.61016,263.85487,276.47029,276.50585,287.4878,276.70594,280.67235,290.17867,289.33375,280.50844,268.78845,272.31676,281.69199,275.21891,253.90813,249.07545,245.62809,257.7698,252.58552,268.09291,259.84635,242.13988,250.4757,239.53494

Time pixel : 1,2.003611,3.007222,4.010834,5.014445,6.018056,7.021667,8.025279,9.02889,10.0325,11.03611,12.03972,13.04333,14.04695,15.05056,16.05417,17.05778,18.06139,19.065,20.06861,21.07222,22.07584,23.07945,24.08306,25.08667,26.09028,27.09389,28.0975,29.10111,30.10473,31.10834,32.11195,33.11556,34.11917,35.12278,36.12639,37.13,38.13362,39.13723,40.14084,41.14445,42.14806,43.15167,44.15528,45.15889,46.16251,47.16612,48.16973,49.17334,50.17695,51.18056,52.18417,53.18778,54.1914,55.19501,56.19862,57.20223,58.20584,59.20945,60.21306,61.21667,62.22029,63.2239,64.22751,65.23112,66.23473,67.23834,68.24195,69.24556,70.24918,71.25279,72.2564,73.26001,74.26362,75.26723,76.27084,77.27445,78.27807,79.28168,80.28529,81.2889,82.29251,83.29612,84.29973,85.30334,86.30696,87.31057,88.31418,89.31779,90.3214,91.32501,92.32862,93.33223,94.33585,95.33946,96.34307,97.34668,98.35029,99.3539,100.3575,101.3611,102.3647,103.3683,104.372,105.3756,106.3792,107.3828,108.3864,109.39,110.3936,111.3972,112.4008,113.4045,114.4081,115.4117,116.4153,117.4189,118.4225,119.4261,120.4297,121.4333,122.437,123.4406,124.4442,125.4478,126.4514,127.455,128.4586,129.4622,130.4659,131.4695,132.4731,133.4767,134.4803,135.4839,136.4875,137.4911,138.4947,139.4984,140.502,141.5056,142.5092,143.5128,144.5164,145.52,146.5236,147.5272,148.5309,149.5345,150.5381,151.5417,152.5453,153.5489,154.5525,155.5561,156.5597,157.5634,158.567,159.5706,160.5742,161.5778,162.5814,163.585,164.5886,165.5922,166.5959,167.5995,168.6031,169.6067,170.6103,171.6139,172.6175,173.6211,174.6247,175.6284,176.632,177.6356,178.6392,179.6428,180.6464,181.65,182.6536,183.6572,184.6609,185.6645,186.6681,187.6717,188.6753,189.6789,190.6825,191.6861,192.6897,193.6934,194.697,195.7006,196.7042,197.7078,198.7114,199.715,200.7186,201.7222,202.7259,203.7295,204.7331,205.7367,206.7403,207.7439,208.7475,209.7511,210.7548,211.7584,212.762,213.7656,214.7692,215.7728,216.7764,217.78,218.7836,219.7873,220.7909,221.7945,222.7981,223.8017,224.8053,225.8089,226.8125,227.8161,228.8198,229.8234,230.827,231.8306,232.8342,233.8378,234.8414,235.845,236.8486,237.8523,238.8559,239.8595,240.8631,241.8667,242.8703,243.8739,244.8775,245.8811,246.8848,247.8884,248.892,249.8956,250.8992,251.9028,252.9064,253.91,254.9136,255.9173,256.9209,257.9245,258.9281,259.9317,260.9353,261.9389,262.9425,263.9461,264.9498,265.9534,266.957,267.9606,268.9642,269.9678,270.9714,271.975,272.9786,273.9823,274.9859,275.9895,276.9931,277.9967,279.0003,280.0039,281.0075,282.0111,283.0148,284.0184,285.022,286.0256,287.0292,288.0328,289.0364,290.04,291.0437,292.0473,293.0509,294.0545,295.0581,296.0617,297.0653,298.0689,299.0725,300.0762,301.0798,302.0834,303.087,304.0906,305.0942,306.0978,307.1014,308.105,309.1087,310.1123,311.1159,312.1195,313.1231,314.1267,315.1303,316.1339,317.1375,318.1412,319.1448,320.1484,321.152,322.1556,323.1592,324.1628,325.1664,326.17,327.1737,328.1773,329.1809,330.1845,331.1881,332.1917,333.1953,334.1989,335.2025,336.2062,337.2098,338.2134,339.217,340.2206,341.2242,342.2278,343.2314,344.235,345.2387,346.2423,347.2459,348.2495,349.2531,350.2567,351.2603,352.2639,353.2675

Position pixel : 18.1562,18.1537,18.1511,18.1485,18.146,18.1434,18.1408,18.1382,18.1357,18.1331,18.1305,18.1279,18.1254,18.1228,18.1202,18.1176,18.1151,18.1125,18.1099,18.1073,18.1048,18.1022,18.0996,18.097,18.0945,18.0919,18.0893,18.0867,18.0842,18.0816,18.079,18.0764,18.0739,18.0713,18.0687,18.0661,18.0636,18.061,18.0584,18.0558,18.0533,18.0507,18.0481,18.0455,18.043,18.0404,18.0378,18.0352,18.0327,18.0301,18.0275,18.0249,18.0224,18.0198,18.0172,18.0146,18.0121,18.0095,18.0069,18.0043,18.0018,17.9992,17.9966,17.994,17.9915,17.9889,17.9863,17.9837,17.9812,17.9786,17.976,17.9734,17.9709,17.9683,17.9657,17.9631,17.9606,17.958,17.9554,17.9528,17.9503,17.9477,17.9451,17.9425,17.94,17.9374,17.9348,17.9322,17.9297,17.9271,17.9245,17.9219,17.9194,17.9168,17.9142,17.9116,17.9091,17.9065,17.9039,17.9013,17.8988,17.8962,17.8936,17.891,17.8885,17.8859,17.8833,17.8807,17.8782,17.8756,17.873,17.8705,17.8679,17.8653,17.8627,17.8602,17.8576,17.855,17.8524,17.8499,17.8473,17.8447,17.8421,17.8396,17.837,17.8344,17.8318,17.8293,17.8267,17.8241,17.8215,17.819,17.8164,17.8138,17.8112,17.8087,17.8061,17.8035,17.8009,17.7984,17.7958,17.7932,17.7906,17.7881,17.7855,17.7829,17.7803,17.7778,17.7752,17.7726,17.77,17.7675,17.7649,17.7623,17.7597,17.7572,17.7546,17.752,17.7494,17.7469,17.7443,17.7417,17.7391,17.7366,17.734,17.7314,17.7288,17.7263,17.7237,17.7211,17.7185,17.716,17.7134,17.7108,17.7082,17.7057,17.7031,17.7005,17.6979,17.6954,17.6928,17.6902,17.6876,17.6851,17.6825,17.6799,17.6773,17.6748,17.6722,17.6696,17.667,17.6645,17.6619,17.6593,17.6567,17.6542,17.6516,17.649,17.6464,17.6439,17.6413,17.6387,17.6361,17.6336,17.631,17.6284,17.6258,17.6233,17.6207,17.6181,17.6155,17.613,17.6104,17.6078,17.6052,17.6027,17.6001,17.5975,17.595,17.5924,17.5898,17.5872,17.5847,17.5821,17.5795,17.5769,17.5744,17.5718,17.5692,17.5666,17.5641,17.5615,17.5589,17.5563,17.5538,17.5512,17.5486,17.546,17.5435,17.5409,17.5383,17.5357,17.5332,17.5306,17.528,17.5254,17.5229,17.5203,17.5177,17.5151,17.5126,17.51,17.5074,17.5048,17.5023,17.4997,17.4971,17.4945,17.492,17.4894,17.4868,17.4842,17.4817,17.4791,17.4765,17.4739,17.4714,17.4688,17.4662,17.4636,17.4611,17.4585,17.4559,17.4533,17.4508,17.4482,17.4456,17.443,17.4405,17.4379,17.4353,17.4327,17.4302,17.4276,17.425,17.4224,17.4199,17.4173,17.4147,17.4121,17.4096,17.407,17.4044,17.4018,17.3993,17.3967,17.3941,17.3915,17.389,17.3864,17.3838,17.3812,17.3787,17.3761,17.3735,17.3709,17.3684,17.3658,17.3632,17.3606,17.3581,17.3555,17.3529,17.3503,17.3478,17.3452,17.3426,17.34,17.3375,17.3349,17.3323,17.3297,17.3272,17.3246,17.322,17.3195,17.3169,17.3143,17.3117,17.3092,17.3066,17.304,17.3014,17.2989,17.2963,17.2937,17.2911,17.2886,17.286,17.2834,17.2808,17.2783,17.2757,17.2731,17.2705,17.268,17.2654,17.2628,17.2602,17.2577,17.2551,17.2525

Brightness max : 470.52
Brightness min : 207.00
Feature direction : Ambiguous
Feature speed : Slow
Feature type : Line
Start frame : 1
End frame : 376
Start time (s) : 0.000
End time (s) : 599.160
Time step (s) : 1.598

