KYMOANALYSIS DATA

General Information :

Tiff path : E:\Google Drive\microtubule dynamics and cut7\19-15 screens and tests\cut11-7\19-06-12&20 (Cut7-3GFP and  mCh-mts, timeseries for modeling data)\
Spindle type : Monopolar
Start frame : 1
End frame : 376
Start time (s) : 0.000
End time (s) : 376.000
Time step (s) : 1.003
Num poles : 1
Num tracks : 8
Num tracks poleward : 4
Num tracks antipoleward : 4
Num tracks ambiguous : 0
Comments : {

}
Poles Information :


Pole number : 1

Time (s) : 1.003,2.008682,3.014364,4.020045,5.025727,6.031409,7.037091,8.042773,9.048455,10.05414,11.05982,12.0655,13.07118,14.07686,15.08255,16.08823,17.09391,18.09959,19.10527,20.11095,21.11664,22.12232,23.128,24.13368,25.13936,26.14505,27.15073,28.15641,29.16209,30.16777,31.17345,32.17914,33.18482,34.1905,35.19618,36.20186,37.20755,38.21323,39.21891,40.22459,41.23027,42.23595,43.24164,44.24732,45.253,46.25868,47.26436,48.27005,49.27573,50.28141,51.28709,52.29277,53.29845,54.30414,55.30982,56.3155,57.32118,58.32686,59.33255,60.33823,61.34391,62.34959,63.35527,64.36095,65.36664,66.37232,67.378,68.38368,69.38936,70.39505,71.40073,72.40641,73.41209,74.41777,75.42345,76.42914,77.43482,78.4405,79.44618,80.45186,81.45755,82.46323,83.46891,84.47459,85.48027,86.48595,87.49164,88.49732,89.503,90.50868,91.51436,92.52005,93.52573,94.53141,95.53709,96.54277,97.54845,98.55414,99.55982,100.5655,101.5712,102.5769,103.5825,104.5882,105.5939,106.5996,107.6053,108.611,109.6166,110.6223,111.628,112.6337,113.6394,114.645,115.6507,116.6564,117.6621,118.6678,119.6735,120.6791,121.6848,122.6905,123.6962,124.7019,125.7075,126.7132,127.7189,128.7246,129.7303,130.736,131.7416,132.7473,133.753,134.7587,135.7644,136.77,137.7757,138.7814,139.7871,140.7928,141.7985,142.8041,143.8098,144.8155,145.8212,146.8269,147.8325,148.8382,149.8439,150.8496,151.8553,152.861,153.8666,154.8723,155.878,156.8837,157.8894,158.895,159.9007,160.9064,161.9121,162.9178,163.9235,164.9291,165.9348,166.9405,167.9462,168.9519,169.9575,170.9632,171.9689,172.9746,173.9803,174.986,175.9916,176.9973,178.003,179.0087,180.0144,181.02,182.0257,183.0314,184.0371,185.0428,186.0485,187.0541,188.0598,189.0655,190.0712,191.0769,192.0825,193.0882,194.0939,195.0996,196.1053,197.111,198.1166,199.1223,200.128,201.1337,202.1394,203.145,204.1507,205.1564,206.1621,207.1678,208.1735,209.1791,210.1848,211.1905,212.1962,213.2019,214.2075,215.2132,216.2189,217.2246,218.2303,219.236,220.2416,221.2473,222.253,223.2587,224.2644,225.27,226.2757,227.2814,228.2871,229.2928,230.2985,231.3041,232.3098,233.3155,234.3212,235.3269,236.3325,237.3382,238.3439,239.3496,240.3553,241.361,242.3666,243.3723,244.378,245.3837,246.3894,247.395,248.4007,249.4064,250.4121,251.4178,252.4235,253.4291,254.4348,255.4405,256.4462,257.4519,258.4575,259.4632,260.4689,261.4746,262.4803,263.486,264.4916,265.4973,266.503,267.5087,268.5144,269.52,270.5257,271.5314,272.5371,273.5428,274.5485,275.5541,276.5598,277.5655,278.5712,279.5769,280.5825,281.5882,282.5939,283.5996,284.6053,285.611,286.6166,287.6223,288.628,289.6337,290.6394,291.645,292.6507,293.6564,294.6621,295.6678,296.6735,297.6791,298.6848,299.6905,300.6962,301.7019,302.7075,303.7132,304.7189,305.7246,306.7303,307.736,308.7416,309.7473,310.753,311.7587,312.7644,313.77,314.7757,315.7814,316.7871,317.7928,318.7985,319.8041,320.8098,321.8155,322.8212,323.8269,324.8325,325.8382,326.8439,327.8496,328.8553,329.861,330.8666,331.8723,332.878,333.8837,334.8894,335.895,336.9007,337.9064,338.9121,339.9178,340.9235,341.9291,342.9348,343.9405,344.9462,345.9519,346.9575,347.9632,348.9689,349.9746,350.9803,351.986,352.9916,353.9973,355.003,356.0087,357.0144,358.02,359.0257,360.0314,361.0371,362.0428,363.0485,364.0541,365.0598,366.0655,367.0712,368.0769,369.0825,370.0882,371.0939,372.0996,373.1053,374.111,375.1166,376.1223,377.128

Position (um) : 1.6805,1.6803,1.68,1.6797,1.6795,1.6792,1.6789,1.6787,1.6784,1.6781,1.6779,1.6776,1.6773,1.677,1.6768,1.6765,1.6762,1.676,1.6757,1.6754,1.6752,1.6749,1.6746,1.6744,1.6741,1.6738,1.6736,1.6733,1.673,1.6728,1.6725,1.6722,1.672,1.6717,1.6714,1.6712,1.6709,1.6706,1.6704,1.6701,1.6698,1.6696,1.6693,1.669,1.6688,1.6685,1.6682,1.668,1.6677,1.6674,1.6672,1.6669,1.6666,1.6663,1.6661,1.6658,1.6655,1.6653,1.665,1.6647,1.6645,1.6642,1.6639,1.6637,1.6634,1.6631,1.6629,1.6626,1.6623,1.6621,1.6618,1.6615,1.6613,1.661,1.6607,1.6605,1.6602,1.6599,1.6597,1.6594,1.6591,1.6589,1.6586,1.6583,1.6581,1.6578,1.6575,1.6573,1.657,1.6567,1.6565,1.6562,1.6559,1.6557,1.6554,1.6551,1.6548,1.6546,1.6543,1.654,1.6538,1.6535,1.6532,1.653,1.6527,1.6524,1.6522,1.6519,1.6516,1.6514,1.6511,1.6508,1.6506,1.6503,1.65,1.6498,1.6495,1.6492,1.649,1.6487,1.6484,1.6482,1.6479,1.6476,1.6474,1.6471,1.6468,1.6466,1.6463,1.646,1.6458,1.6455,1.6452,1.645,1.6447,1.6444,1.6442,1.6439,1.6436,1.6433,1.6431,1.6428,1.6425,1.6423,1.642,1.6417,1.6415,1.6412,1.6409,1.6407,1.6404,1.6401,1.6399,1.6396,1.6393,1.6391,1.6388,1.6385,1.6383,1.638,1.6377,1.6375,1.6372,1.6369,1.6367,1.6364,1.6361,1.6359,1.6356,1.6353,1.6351,1.6348,1.6345,1.6343,1.634,1.6337,1.6335,1.6332,1.6329,1.6326,1.6324,1.6321,1.6318,1.6316,1.6313,1.631,1.6308,1.6305,1.6302,1.63,1.6297,1.6294,1.6292,1.6289,1.6286,1.6284,1.6281,1.6278,1.6276,1.6273,1.627,1.6268,1.6265,1.6262,1.626,1.6257,1.6254,1.6252,1.6249,1.6246,1.6244,1.6241,1.6238,1.6236,1.6233,1.623,1.6228,1.6225,1.6222,1.622,1.6217,1.6214,1.6211,1.6209,1.6206,1.6203,1.6201,1.6198,1.6195,1.6193,1.619,1.6187,1.6185,1.6182,1.6179,1.6177,1.6174,1.6171,1.6169,1.6166,1.6163,1.6161,1.6158,1.6155,1.6153,1.615,1.6147,1.6145,1.6142,1.6139,1.6137,1.6134,1.6131,1.6129,1.6126,1.6123,1.6121,1.6118,1.6115,1.6113,1.611,1.6107,1.6104,1.6102,1.6099,1.6096,1.6094,1.6091,1.6088,1.6086,1.6083,1.608,1.6078,1.6075,1.6072,1.607,1.6067,1.6064,1.6062,1.6059,1.6056,1.6054,1.6051,1.6048,1.6046,1.6043,1.604,1.6038,1.6035,1.6032,1.603,1.6027,1.6024,1.6022,1.6019,1.6016,1.6014,1.6011,1.6008,1.6006,1.6003,1.6,1.5998,1.5995,1.5992,1.5989,1.5987,1.5984,1.5981,1.5979,1.5976,1.5973,1.5971,1.5968,1.5965,1.5963,1.596,1.5957,1.5955,1.5952,1.5949,1.5947,1.5944,1.5941,1.5939,1.5936,1.5933,1.5931,1.5928,1.5925,1.5923,1.592,1.5917,1.5915,1.5912,1.5909,1.5907,1.5904,1.5901,1.5899,1.5896,1.5893,1.5891,1.5888,1.5885,1.5883,1.588,1.5877,1.5874,1.5872,1.5869,1.5866,1.5864,1.5861,1.5858,1.5856,1.5853,1.585,1.5848,1.5845,1.5842,1.584,1.5837,1.5834,1.5832,1.5829,1.5826,1.5824,1.5821,1.5818,1.5816,1.5813,1.581,1.5808,1.5805

Intensity : 2391.5,2447.1343,2492.7702,2528.156,2526.6414,2578.0598,2535.6158,2490.6775,2432.3302,2456.4128,2580.3476,2628.7233,2662.9179,2609.453,2603.0223,2607.8451,2607.2074,2592.7745,2532.5077,2490.8105,2481.5169,2483.058,2500.7215,2462.7229,2423.4145,2399.5526,2432.6773,2410.1317,2384.5225,2324.8328,2404.4944,2511.5119,2627.797,2639.9743,2590.2634,2551.8536,2567.1671,2633.3378,2615.5232,2617.4143,2561.1791,2541.9904,2587.533,2644.746,2670.0372,2570.3705,2431.4301,2405.3105,2380.8314,2429.5368,2409.2801,2446.9118,2479.2318,2513.5157,2503.2579,2518.6571,2555.0925,2605.2092,2601.7026,2586.258,2530.8818,2489.1988,2495.8924,2518.3207,2565.752,2553.4892,2559.5822,2570.5705,2571.2851,2618.1556,2637.2681,2681.9011,2729.4252,2739.0318,2740.6797,2774.9393,2860.8834,2931.9485,2882.4338,2836.691,2836.5938,2842.4436,2819.6083,2771.7049,2746.8302,2717.7029,2719.3638,2701.2749,2716.1488,2715.4245,2716.8376,2670.7011,2632.0218,2629.2674,2656.9607,2647.9826,2630.1054,2617.4084,2635.2568,2653.0537,2685.179,2691.2805,2708.1379,2679.2941,2698.8167,2704.1911,2681.8915,2622.8671,2606.229,2642.3438,2655.7299,2607.3201,2572.4142,2622.6971,2675.2791,2748.7054,2676.9907,2601.6625,2548.832,2596.0801,2666.645,2655.9977,2661.254,2658.215,2716.6815,2756.413,2802.8036,2771.7517,2711.4131,2628.1524,2610.145,2658.9687,2711.0774,2731.425,2731.6363,2720.1311,2657.2273,2595.4615,2575.519,2582.1717,2559.9427,2531.3751,2534.1878,2524.6587,2509.6731,2502.083,2540.5038,2578.8628,2618.8027,2638.3915,2660.6538,2650.1157,2624.763,2581.1628,2556.8997,2509.4855,2468.2886,2431.5852,2432.5351,2446.7265,2459.2739,2471.8743,2439.5442,2414.0573,2371.2508,2362.3079,2357.9776,2351.8585,2358.7126,2373.5494,2411.5418,2452.3986,2466.6142,2441.0242,2401.4837,2355.5162,2335.7171,2313.6225,2318.3407,2362.5301,2388.2115,2376.8602,2353.4214,2377.0807,2416.7786,2369.3296,2293.6976,2235.75,2204.1922,2171.3801,2137.3483,2130.5415,2133.1675,2128.706,2128.5721,2132.4314,2130.6933,2135.5818,2140.2958,2140.644,2142.9991,2155.5262,2169.3615,2144.9485,2105.125,2051.0236,2055.7176,2096.3883,2151.7272,2177.4294,2151.8856,2095.2661,2021.4336,1984.092,2033.9668,2102.3625,2133.9761,2108.387,2040.545,1965.2259,1918.8218,1924.3485,1924.162,1916.7944,1921.731,1943.0597,1950.408,1939.8185,1945.4971,1970.3348,1991.1769,1993.4465,1973.3506,1958.2246,1946.2703,1928.603,1885.9869,1882.1143,1910.5232,1956.0975,1952.7738,1923.8393,1902.5052,1906.5245,1927.6262,1959.4392,1966.4955,1969.9961,1939.3792,1920.0628,1905.5931,1900.4055,1903.8106,1920.4114,1942.5655,1942.5239,1909.5716,1849.7645,1798.8929,1805.9787,1853.5308,1887.7779,1875.2093,1841.953,1830.5017,1802.4277,1774.9341,1751.3283,1757.211,1799.7001,1799.5083,1789.8659,1748.2355,1746.8705,1726.4413,1733.0027,1751.0504,1773.4062,1754.6846,1778.6747,1789.9072,1820.9504,1807.692,1842.3082,1905.6851,1939.3668,1912.8112,1909.0842,1918.4389,1959.87,1958.2527,1945.1066,1922.8371,1906.8993,1890.6047,1875.0018,1839.2941,1874.092,1881.229,1902.4198,1866.2259,1858.2881,1864.4049,1879.3508,1870.2149,1828.9916,1780.0134,1749.6019,1725.7587,1717.5371,1750.5716,1785.4149,1816.7219,1784.1087,1757.9073,1716.6503,1706.0396,1725.7379,1716.7619,1699.1509,1684.9516,1737.3326,1770.1589,1711.3675,1644.9173,1610.9454,1598.438,1534.1979,1454.8784,1460.8373,1520.0603,1571.0477,1605.9273,1619.0168,1644.2647,1642.9632,1635.3825,1679.1588,1641.3332,1648.5795,1637.4669,1657.7667,1616.54,1555.2257,1536.6564,1563.8649,1596.7154,1603.021,1586.6884,1573.949,1565.0892,1572.9874,1559.5173,1587.1497,1598.5749,1601.7212,1563.5251,1545.5159,1573.488,1648.9983,1663.1643,1660.6113,1605.1113,1593.6123,1559.0912,1515.282,1509.5603,1481.6703,1509.023,1469.0226,1478.8526,1444.8756,1458.269,1471.4149,1504.5625

Time pixel : 1,2.002674,3.005348,4.008021,5.010695,6.013369,7.016043,8.018717,9.02139,10.02406,11.02674,12.02941,13.03209,14.03476,15.03743,16.04011,17.04278,18.04545,19.04813,20.0508,21.05348,22.05615,23.05882,24.0615,25.06417,26.06684,27.06952,28.07219,29.07487,30.07754,31.08021,32.08289,33.08556,34.08824,35.09091,36.09358,37.09626,38.09893,39.1016,40.10428,41.10695,42.10963,43.1123,44.11497,45.11765,46.12032,47.12299,48.12567,49.12834,50.13102,51.13369,52.13636,53.13904,54.14171,55.14439,56.14706,57.14973,58.15241,59.15508,60.15775,61.16043,62.1631,63.16578,64.16845,65.17112,66.1738,67.17647,68.17914,69.18182,70.18449,71.18717,72.18984,73.19251,74.19519,75.19786,76.20053,77.20321,78.20588,79.20856,80.21123,81.2139,82.21658,83.21925,84.22193,85.2246,86.22727,87.22995,88.23262,89.23529,90.23797,91.24064,92.24332,93.24599,94.24866,95.25134,96.25401,97.25668,98.25936,99.26203,100.2647,101.2674,102.2701,103.2727,104.2754,105.2781,106.2807,107.2834,108.2861,109.2888,110.2914,111.2941,112.2968,113.2995,114.3021,115.3048,116.3075,117.3102,118.3128,119.3155,120.3182,121.3209,122.3235,123.3262,124.3289,125.3316,126.3342,127.3369,128.3396,129.3422,130.3449,131.3476,132.3503,133.3529,134.3556,135.3583,136.361,137.3636,138.3663,139.369,140.3717,141.3743,142.377,143.3797,144.3824,145.385,146.3877,147.3904,148.393,149.3957,150.3984,151.4011,152.4037,153.4064,154.4091,155.4118,156.4144,157.4171,158.4198,159.4225,160.4251,161.4278,162.4305,163.4332,164.4358,165.4385,166.4412,167.4439,168.4465,169.4492,170.4519,171.4545,172.4572,173.4599,174.4626,175.4652,176.4679,177.4706,178.4733,179.4759,180.4786,181.4813,182.484,183.4866,184.4893,185.492,186.4947,187.4973,188.5,189.5027,190.5053,191.508,192.5107,193.5134,194.516,195.5187,196.5214,197.5241,198.5267,199.5294,200.5321,201.5348,202.5374,203.5401,204.5428,205.5455,206.5481,207.5508,208.5535,209.5561,210.5588,211.5615,212.5642,213.5668,214.5695,215.5722,216.5749,217.5775,218.5802,219.5829,220.5856,221.5882,222.5909,223.5936,224.5963,225.5989,226.6016,227.6043,228.607,229.6096,230.6123,231.615,232.6176,233.6203,234.623,235.6257,236.6283,237.631,238.6337,239.6364,240.639,241.6417,242.6444,243.6471,244.6497,245.6524,246.6551,247.6578,248.6604,249.6631,250.6658,251.6684,252.6711,253.6738,254.6765,255.6791,256.6818,257.6845,258.6872,259.6898,260.6925,261.6952,262.6979,263.7005,264.7032,265.7059,266.7086,267.7112,268.7139,269.7166,270.7193,271.7219,272.7246,273.7273,274.7299,275.7326,276.7353,277.738,278.7406,279.7433,280.746,281.7487,282.7513,283.754,284.7567,285.7594,286.762,287.7647,288.7674,289.7701,290.7727,291.7754,292.7781,293.7807,294.7834,295.7861,296.7888,297.7914,298.7941,299.7968,300.7995,301.8021,302.8048,303.8075,304.8102,305.8128,306.8155,307.8182,308.8209,309.8235,310.8262,311.8289,312.8316,313.8342,314.8369,315.8396,316.8422,317.8449,318.8476,319.8503,320.8529,321.8556,322.8583,323.861,324.8636,325.8663,326.869,327.8717,328.8743,329.877,330.8797,331.8824,332.885,333.8877,334.8904,335.893,336.8957,337.8984,338.9011,339.9037,340.9064,341.9091,342.9118,343.9144,344.9171,345.9198,346.9225,347.9251,348.9278,349.9305,350.9332,351.9358,352.9385,353.9412,354.9439,355.9465,356.9492,357.9519,358.9545,359.9572,360.9599,361.9626,362.9652,363.9679,364.9706,365.9733,366.9759,367.9786,368.9813,369.984,370.9866,371.9893,372.992,373.9947,374.9973,376

Position pixel : 15.75,15.7475,15.745,15.7425,15.74,15.7375,15.735,15.7325,15.7299,15.7274,15.7249,15.7224,15.7199,15.7174,15.7149,15.7124,15.7099,15.7074,15.7049,15.7024,15.6999,15.6974,15.6949,15.6923,15.6898,15.6873,15.6848,15.6823,15.6798,15.6773,15.6748,15.6723,15.6698,15.6673,15.6648,15.6623,15.6598,15.6573,15.6547,15.6522,15.6497,15.6472,15.6447,15.6422,15.6397,15.6372,15.6347,15.6322,15.6297,15.6272,15.6247,15.6222,15.6197,15.6171,15.6146,15.6121,15.6096,15.6071,15.6046,15.6021,15.5996,15.5971,15.5946,15.5921,15.5896,15.5871,15.5846,15.5821,15.5795,15.577,15.5745,15.572,15.5695,15.567,15.5645,15.562,15.5595,15.557,15.5545,15.552,15.5495,15.547,15.5445,15.5419,15.5394,15.5369,15.5344,15.5319,15.5294,15.5269,15.5244,15.5219,15.5194,15.5169,15.5144,15.5119,15.5094,15.5069,15.5043,15.5018,15.4993,15.4968,15.4943,15.4918,15.4893,15.4868,15.4843,15.4818,15.4793,15.4768,15.4743,15.4718,15.4693,15.4667,15.4642,15.4617,15.4592,15.4567,15.4542,15.4517,15.4492,15.4467,15.4442,15.4417,15.4392,15.4367,15.4342,15.4317,15.4291,15.4266,15.4241,15.4216,15.4191,15.4166,15.4141,15.4116,15.4091,15.4066,15.4041,15.4016,15.3991,15.3966,15.3941,15.3915,15.389,15.3865,15.384,15.3815,15.379,15.3765,15.374,15.3715,15.369,15.3665,15.364,15.3615,15.359,15.3565,15.3539,15.3514,15.3489,15.3464,15.3439,15.3414,15.3389,15.3364,15.3339,15.3314,15.3289,15.3264,15.3239,15.3214,15.3189,15.3163,15.3138,15.3113,15.3088,15.3063,15.3038,15.3013,15.2988,15.2963,15.2938,15.2913,15.2888,15.2863,15.2838,15.2813,15.2787,15.2762,15.2737,15.2712,15.2687,15.2662,15.2637,15.2612,15.2587,15.2562,15.2537,15.2512,15.2487,15.2462,15.2436,15.2411,15.2386,15.2361,15.2336,15.2311,15.2286,15.2261,15.2236,15.2211,15.2186,15.2161,15.2136,15.2111,15.2086,15.206,15.2035,15.201,15.1985,15.196,15.1935,15.191,15.1885,15.186,15.1835,15.181,15.1785,15.176,15.1735,15.171,15.1684,15.1659,15.1634,15.1609,15.1584,15.1559,15.1534,15.1509,15.1484,15.1459,15.1434,15.1409,15.1384,15.1359,15.1334,15.1308,15.1283,15.1258,15.1233,15.1208,15.1183,15.1158,15.1133,15.1108,15.1083,15.1058,15.1033,15.1008,15.0983,15.0958,15.0932,15.0907,15.0882,15.0857,15.0832,15.0807,15.0782,15.0757,15.0732,15.0707,15.0682,15.0657,15.0632,15.0607,15.0582,15.0556,15.0531,15.0506,15.0481,15.0456,15.0431,15.0406,15.0381,15.0356,15.0331,15.0306,15.0281,15.0256,15.0231,15.0206,15.018,15.0155,15.013,15.0105,15.008,15.0055,15.003,15.0005,14.998,14.9955,14.993,14.9905,14.988,14.9855,14.983,14.9804,14.9779,14.9754,14.9729,14.9704,14.9679,14.9654,14.9629,14.9604,14.9579,14.9554,14.9529,14.9504,14.9479,14.9454,14.9428,14.9403,14.9378,14.9353,14.9328,14.9303,14.9278,14.9253,14.9228,14.9203,14.9178,14.9153,14.9128,14.9103,14.9078,14.9052,14.9027,14.9002,14.8977,14.8952,14.8927,14.8902,14.8877,14.8852,14.8827,14.8802,14.8777,14.8752,14.8727,14.8702,14.8676,14.8651,14.8626,14.8601,14.8576,14.8551,14.8526,14.8501,14.8476,14.8451,14.8426,14.8401,14.8376,14.8351,14.8326,14.83,14.8275,14.825,14.8225,14.82,14.8175,14.815,14.8125

Pole type : Line
Start frame : 1
End frame : 376
Start time (s) : 0.000
End time (s) : 376.000
Time step (s) : 1.003

Feature Information :


Feature number : 1

Time (s) : 7.94296,8.98267,10.0224,11.0621,12.1018,13.1415,14.1812,15.2209,16.2606,17.3003,18.3401

Position (um) : 2.3937,2.4306,2.4674,2.5043,2.5412,2.578,2.6149,2.6518,2.6887,2.7255,2.7624

Intensity : 459.1656,420.5453,401.8039,387.628,363.0776,349.3855,348.2493,344.0296,346.6906,339.0146,328.7292

Time pixel : 7.9192,8.9558,9.9924,11.029,12.0656,13.1022,14.1388,15.1754,16.212,17.2486,18.2852

Position pixel : 22.4339,22.7794,23.125,23.4705,23.8161,24.1616,24.5071,24.8527,25.1982,25.5438,25.8893

Brightness max : 784.74
Brightness min : 224.00
Feature direction : Antipoleward
Feature speed : Slow
Feature type : Line
Start frame : 1
End frame : 376
Start time (s) : 0.000
End time (s) : 376.000
Time step (s) : 1.003

Feature number : 2

Time (s) : 19.9867,20.9625,21.9383,22.9141,23.8899

Position (um) : 2.8167,2.7224,2.628,2.5336,2.4392

Intensity : 316.2957,331.9628,358.1586,389.6072,433.8752

Time pixel : 19.9269,20.8998,21.8727,22.8455,23.8184

Position pixel : 26.3986,25.5142,24.6297,23.7452,22.8608

Brightness max : 784.74
Brightness min : 224.00
Feature direction : Poleward
Feature speed : Slow
Feature type : Line
Start frame : 1
End frame : 376
Start time (s) : 0.000
End time (s) : 376.000
Time step (s) : 1.003

Feature number : 3

Time (s) : 26.7285,27.793,28.8575,29.922,30.9865,32.051,33.1155,34.18

Position (um) : 2.477,2.5201,2.5633,2.6064,2.6496,2.6927,2.7358,2.779

Intensity : 402.232,418.718,419.6517,400.7165,392.4688,385.4466,371.9733,335.8743

Time pixel : 26.6486,27.7099,28.7712,29.8325,30.8939,31.9552,33.0165,34.0778

Position pixel : 23.2146,23.6189,24.0232,24.4275,24.8319,25.2362,25.6405,26.0448

Brightness max : 784.74
Brightness min : 224.00
Feature direction : Antipoleward
Feature speed : Slow
Feature type : Line
Start frame : 1
End frame : 376
Start time (s) : 0.000
End time (s) : 376.000
Time step (s) : 1.003

Feature number : 4

Time (s) : 34.4649,35.3032,36.1415,36.9797,37.818,38.6563

Position (um) : 2.7743,2.6896,2.6048,2.5201,2.4354,2.3507

Intensity : 336.1607,368.8406,387.6738,398.7543,423.2267,458.3632

Time pixel : 34.3618,35.1976,36.0334,36.8691,37.7049,38.5407

Position pixel : 26.0008,25.2068,24.4128,23.6188,22.8248,22.0308

Brightness max : 784.74
Brightness min : 224.00
Feature direction : Poleward
Feature speed : Slow
Feature type : Line
Start frame : 1
End frame : 376
Start time (s) : 0.000
End time (s) : 376.000
Time step (s) : 1.003

Feature number : 5

Time (s) : 39.4373,40.0395,40.6418,41.2441,41.8464,42.4487,43.051

Position (um) : 2.8682,2.7681,2.668,2.5679,2.4678,2.3676,2.2675

Intensity : 300.5145,309.0102,328.1131,353.224,374.3384,412.3432,467.8321

Time pixel : 39.3193,39.9198,40.5203,41.1208,41.7212,42.3217,42.9222

Position pixel : 26.881,25.9428,25.0045,24.0663,23.128,22.1898,21.2515

Brightness max : 784.74
Brightness min : 224.00
Feature direction : Poleward
Feature speed : Slow
Feature type : Line
Start frame : 1
End frame : 376
Start time (s) : 0.000
End time (s) : 376.000
Time step (s) : 1.003

Feature number : 6

Time (s) : 46.5993,47.6131,48.6269,49.6407,50.6546,51.6684,52.6822,53.696

Position (um) : 2.326,2.3853,2.4446,2.504,2.5633,2.6226,2.6819,2.7412

Intensity : 507.7874,489.0813,459.2565,431.5822,409.8825,399.399,381.6956,355.0134

Time pixel : 46.4599,47.4707,48.4815,49.4923,50.503,51.5138,52.5246,53.5354

Position pixel : 21.7995,22.3554,22.9114,23.4673,24.0232,24.5791,25.1351,25.691

Brightness max : 784.74
Brightness min : 224.00
Feature direction : Antipoleward
Feature speed : Slow
Feature type : Line
Start frame : 1
End frame : 376
Start time (s) : 0.000
End time (s) : 376.000
Time step (s) : 1.003

Feature number : 7

Time (s) : 54.073,54.8225,55.572,56.3215

Position (um) : 2.7786,2.6704,2.5622,2.454

Intensity : 339.028,364.9219,402.1023,460.9245

Time pixel : 53.9113,54.6585,55.4058,56.153

Position pixel : 26.0413,25.0272,24.013,22.9989

Brightness max : 784.74
Brightness min : 224.00
Feature direction : Poleward
Feature speed : Slow
Feature type : Line
Start frame : 1
End frame : 376
Start time (s) : 0.000
End time (s) : 376.000
Time step (s) : 1.003

Feature number : 8

Time (s) : 57.1831,58.0825,58.9819,59.8813,60.7807,61.6801,62.5795,63.4789,64.3783

Position (um) : 2.2088,2.2817,2.3546,2.4275,2.5004,2.5733,2.6462,2.7191,2.792

Intensity : 641.8627,557.1145,504.8222,470.3327,441.4995,419.4018,391.7853,359.1061,336.84

Time pixel : 57.0121,57.9088,58.8055,59.7022,60.5989,61.4956,62.3923,63.289,64.1857

Position pixel : 20.7011,21.3843,22.0675,22.7507,23.4339,24.1171,24.8003,25.4835,26.1667

Brightness max : 784.74
Brightness min : 224.00
Feature direction : Antipoleward
Feature speed : Slow
Feature type : Line
Start frame : 1
End frame : 376
Start time (s) : 0.000
End time (s) : 376.000
Time step (s) : 1.003

