KYMOANALYSIS DATA

General Information :

Tiff path : G:\My Drive\microtubule dynamics and cut7\21-15 screens and tests\cut11-7\19-06-12&20 (Cut7-3GFP and  mCh-mts, timeseries for modeling data)\
Spindle type : Monopolar
Start frame : 1
End frame : 329
Start time (s) : 0.000
End time (s) : 600.140
Time step (s) : 1.830
Num poles : 1
Num tracks : 1
Num tracks poleward : 0
Num tracks antipoleward : 0
Num tracks ambiguous : 1
Comments : {

}
Poles Information :


Pole number : 1

Time (s) : 1.829695,3.664986,5.500276,7.335567,9.170857,11.00615,12.84144,14.67673,16.51202,18.34731,20.1826,22.01789,23.85318,25.68847,27.52376,29.35905,31.19434,33.02963,34.86492,36.70021,38.53551,40.3708,42.20609,44.04138,45.87667,47.71196,49.54725,51.38254,53.21783,55.05312,56.88841,58.7237,60.55899,62.39428,64.22957,66.06486,67.90015,69.73544,71.57073,73.40603,75.24132,77.07661,78.9119,80.74719,82.58248,84.41777,86.25306,88.08835,89.92364,91.75893,93.59422,95.42951,97.2648,99.10009,100.9354,102.7707,104.606,106.4413,108.2765,110.1118,111.9471,113.7824,115.6177,117.453,119.2883,121.1236,122.9589,124.7942,126.6295,128.4647,130.3,132.1353,133.9706,135.8059,137.6412,139.4765,141.3118,143.1471,144.9824,146.8176,148.6529,150.4882,152.3235,154.1588,155.9941,157.8294,159.6647,161.5,163.3353,165.1706,167.0058,168.8411,170.6764,172.5117,174.347,176.1823,178.0176,179.8529,181.6882,183.5235,185.3587,187.194,189.0293,190.8646,192.6999,194.5352,196.3705,198.2058,200.0411,201.8764,203.7117,205.5469,207.3822,209.2175,211.0528,212.8881,214.7234,216.5587,218.394,220.2293,222.0646,223.8998,225.7351,227.5704,229.4057,231.241,233.0763,234.9116,236.7469,238.5822,240.4175,242.2528,244.088,245.9233,247.7586,249.5939,251.4292,253.2645,255.0998,256.9351,258.7704,260.6057,262.4409,264.2762,266.1115,267.9468,269.7821,271.6174,273.4527,275.288,277.1233,278.9586,280.7939,282.6291,284.4644,286.2997,288.135,289.9703,291.8056,293.6409,295.4762,297.3115,299.1468,300.982,302.8173,304.6526,306.4879,308.3232,310.1585,311.9938,313.8291,315.6644,317.4997,319.335,321.1702,323.0055,324.8408,326.6761,328.5114,330.3467,332.182,334.0173,335.8526,337.6879,339.5232,341.3584,343.1937,345.029,346.8643,348.6996,350.5349,352.3702,354.2055,356.0408,357.8761,359.7113,361.5466,363.3819,365.2172,367.0525,368.8878,370.7231,372.5584,374.3937,376.229,378.0643,379.8995,381.7348,383.5701,385.4054,387.2407,389.076,390.9113,392.7466,394.5819,396.4172,398.2524,400.0877,401.923,403.7583,405.5936,407.4289,409.2642,411.0995,412.9348,414.7701,416.6054,418.4406,420.2759,422.1112,423.9465,425.7818,427.6171,429.4524,431.2877,433.123,434.9583,436.7935,438.6288,440.4641,442.2994,444.1347,445.97,447.8053,449.6406,451.4759,453.3112,455.1465,456.9817,458.817,460.6523,462.4876,464.3229,466.1582,467.9935,469.8288,471.6641,473.4994,475.3346,477.1699,479.0052,480.8405,482.6758,484.5111,486.3464,488.1817,490.017,491.8523,493.6876,495.5228,497.3581,499.1934,501.0287,502.864,504.6993,506.5346,508.3699,510.2052,512.0405,513.8758,515.711,517.5463,519.3816,521.2169,523.0522,524.8875,526.7228,528.5581,530.3934,532.2287,534.0639,535.8992,537.7345,539.5698,541.4051,543.2404,545.0757,546.911,548.7463,550.5816,552.4169,554.2521,556.0874,557.9227,559.758,561.5933,563.4286,565.2639,567.0992,568.9345,570.7698,572.605,574.4403,576.2756,578.1109,579.9462,581.7815,583.6168,585.4521,587.2874,589.1227,590.958,592.7932,594.6285,596.4638,598.2991,600.1344,601.9697

Position (um) : 2.3524,2.3526,2.3528,2.3529,2.3531,2.3533,2.3535,2.3537,2.3539,2.3541,2.3543,2.3545,2.3547,2.3549,2.3551,2.3553,2.3555,2.3557,2.3559,2.3561,2.3563,2.3565,2.3567,2.3568,2.357,2.3572,2.3574,2.3576,2.3578,2.358,2.3582,2.3584,2.3586,2.3588,2.359,2.3592,2.3594,2.3596,2.3598,2.36,2.3602,2.3604,2.3606,2.3608,2.3609,2.3611,2.3613,2.3615,2.3617,2.3619,2.3621,2.3623,2.3625,2.3627,2.3629,2.3631,2.3633,2.3635,2.3637,2.3639,2.3641,2.3643,2.3645,2.3647,2.3648,2.365,2.3652,2.3654,2.3656,2.3658,2.366,2.3662,2.3664,2.3666,2.3668,2.367,2.3672,2.3674,2.3676,2.3678,2.368,2.3682,2.3684,2.3686,2.3688,2.3689,2.3691,2.3693,2.3695,2.3697,2.3699,2.3701,2.3703,2.3705,2.3707,2.3709,2.3711,2.3713,2.3715,2.3717,2.3719,2.3721,2.3723,2.3725,2.3727,2.3728,2.373,2.3732,2.3734,2.3736,2.3738,2.374,2.3742,2.3744,2.3746,2.3748,2.375,2.3752,2.3754,2.3756,2.3758,2.376,2.3762,2.3764,2.3766,2.3768,2.3769,2.3771,2.3773,2.3775,2.3777,2.3779,2.3781,2.3783,2.3785,2.3787,2.3789,2.3791,2.3793,2.3795,2.3797,2.3799,2.3801,2.3803,2.3805,2.3807,2.3808,2.381,2.3812,2.3814,2.3816,2.3818,2.382,2.3822,2.3824,2.3826,2.3828,2.383,2.3832,2.3834,2.3836,2.3838,2.384,2.3842,2.3844,2.3846,2.3848,2.3849,2.3851,2.3853,2.3855,2.3857,2.3859,2.3861,2.3863,2.3865,2.3867,2.3869,2.3871,2.3873,2.3875,2.3877,2.3879,2.3881,2.3883,2.3885,2.3887,2.3888,2.389,2.3892,2.3894,2.3896,2.3898,2.39,2.3902,2.3904,2.3906,2.3908,2.391,2.3912,2.3914,2.3916,2.3918,2.392,2.3922,2.3924,2.3926,2.3928,2.3929,2.3931,2.3933,2.3935,2.3937,2.3939,2.3941,2.3943,2.3945,2.3947,2.3949,2.3951,2.3953,2.3955,2.3957,2.3959,2.3961,2.3963,2.3965,2.3967,2.3968,2.397,2.3972,2.3974,2.3976,2.3978,2.398,2.3982,2.3984,2.3986,2.3988,2.399,2.3992,2.3994,2.3996,2.3998,2.4,2.4002,2.4004,2.4006,2.4008,2.4009,2.4011,2.4013,2.4015,2.4017,2.4019,2.4021,2.4023,2.4025,2.4027,2.4029,2.4031,2.4033,2.4035,2.4037,2.4039,2.4041,2.4043,2.4045,2.4047,2.4048,2.405,2.4052,2.4054,2.4056,2.4058,2.406,2.4062,2.4064,2.4066,2.4068,2.407,2.4072,2.4074,2.4076,2.4078,2.408,2.4082,2.4084,2.4086,2.4088,2.4089,2.4091,2.4093,2.4095,2.4097,2.4099,2.4101,2.4103,2.4105,2.4107,2.4109,2.4111,2.4113,2.4115,2.4117,2.4119,2.4121,2.4123,2.4125,2.4127,2.4128,2.413,2.4132,2.4134,2.4136,2.4138,2.414,2.4142,2.4144,2.4146,2.4148,2.415,2.4152,2.4154,2.4156,2.4158,2.416,2.4162

Intensity : 3445.6563,3355.359,3273.131,3340.4204,3433.2385,3503.6002,3470.4456,3413.3166,3334.6995,3419.7244,3417.5755,3479.3354,3448.7018,3367.2191,3299.0489,3244.3722,3212.6625,3120.7966,3027.4107,3012.7529,2980.6712,2813.6357,2778.3465,2735.3604,2851.7385,3005.1074,3077.2415,3099.1063,2974.2368,3025.3197,2974.4825,2813.2453,2759.9609,2959.7246,3181.6934,3220.9538,3184.2696,3109.3799,3063.3185,2976.1185,2941.2933,2973.3568,3005.3036,3021.0602,2869.9081,2551.6448,2326.7361,2310.7228,2412.2785,2505.7679,2495.2784,2447.4895,2455.3553,2372.4979,2332.8417,2218.6495,2160.3593,1959.3974,1815.5169,1732.2874,1915.9154,2015.5947,2072.4235,2048.6616,2109.8201,2205.6335,2216.3865,2076.0341,2028.5354,2127.0198,2341.8254,2425.9625,2310.9609,1969.585,1679.855,1604.0968,1655.221,1695.0414,1615.4787,1623.8816,1650.6671,1693.2789,1746.2008,1710.1706,1666.6012,1569.8395,1571.0652,1567.4595,1645.3261,1623.6891,1558.8622,1414.1047,1262.276,1234.3366,1184.6774,1167.1758,1097.8777,1078.0532,1059.9752,1000.4406,917.69124,844.03213,831.21392,846.26677,897.35531,945.42303,963.65246,981.28961,1053.9983,1156.0701,1223.3554,1293.4327,1381.1973,1491.1739,1607.7397,1734.6807,1882.0457,1995.2986,2063.438,2136.8318,2102.3071,1994.2609,1838.2592,1759.0384,1831.0174,1895.5124,1967.9406,1988.246,1950.148,1922.2807,1926.1092,1995.7198,1987.8267,1978.2963,1940.1915,1825.6381,1670.0953,1509.3614,1491.1344,1545.2332,1676.2941,1778.219,1768.7378,1679.2123,1601.3947,1549.6995,1510.1435,1505.7295,1541.1188,1586.3433,1592.0671,1594.8286,1558.3893,1507.1316,1387.0874,1297.224,1247.8885,1262.652,1378.7095,1492.6104,1628.1959,1743.1338,1806.187,1837.757,1805.2802,1720.3259,1528.2844,1318.4649,1139.0947,1033.9553,958.59046,896.23466,853.24849,834.84619,918.96125,1103.2562,1299.8203,1465.1313,1567.2227,1603.3917,1587.7072,1565.6168,1603.653,1644.2,1711.5738,1802.196,1938.6692,2086.0658,2188.9441,2233.8782,2236.461,2278.4313,2351.9902,2387.8674,2340.9776,2229.0743,2120.1421,2035.9253,1914.9794,1788.4228,1714.6503,1763.463,1868.3371,1961.9643,1940.5761,1792.0973,1586.961,1427.2997,1355.5948,1354.4522,1404.2847,1452.5077,1404.1815,1395.8856,1409.9722,1502.2922,1532.8654,1487.5059,1394.5017,1369.8755,1417.0294,1486.7417,1544.318,1613.1408,1765.3015,1835.0364,1827.8742,1756.1392,1726.8779,1730.4114,1676.1712,1570.5831,1535.1064,1536.506,1570.7642,1640.8243,1674.2271,1719.2863,1695.6125,1643.164,1521.499,1324.1847,1232.4583,1194.7496,1221.7871,1255.2321,1276.5485,1313.9779,1301.3676,1307.9749,1241.5472,1170.8852,1075.1785,1022.4485,962.47914,1006.0218,1022.8235,1026.0012,1010.5686,1144.9199,1412.8259,1559.2213,1577.6871,1437.2579,1336.6527,1306.1498,1319.4971,1259.0551,1170.0508,970.6636,835.56819,683.48472,688.19766,765.89725,866.93795,1017.3119,1135.26,1215.838,1259.8297,1234.7221,1206.0451,1202.2759,1218.5367,1264.3515,1214.8007,1131.1454,1059.4368,1203.1805,1322.7977,1461.466,1410.7629,1329.7054,1244.7536,1172.2952,1236.9697,1255.6143,1202.3502,1125.2855,1080.7058,1164.1909,1256.3896,1315.6238,1333.7249,1243.7838,1103.5748,921.09636,882.57364,846.92497,874.43222,867.80365,882.27854,845.99091,833.5627,853.01552,950.74538,1087.0563,1241.9387,1402.9762,1558.6039,1684.9871,1666.1003,1604.655,1586.0764,1664.3178,1723.5878,1707.4761,1656.5241,1630.5761

Time pixel : 1,2.003058,3.006116,4.009174,5.012232,6.015291,7.018349,8.021407,9.024465,10.02752,11.03058,12.03364,13.0367,14.03976,15.04281,16.04587,17.04893,18.05199,19.05505,20.0581,21.06116,22.06422,23.06728,24.07034,25.07339,26.07645,27.07951,28.08257,29.08563,30.08869,31.09174,32.0948,33.09786,34.10092,35.10398,36.10703,37.11009,38.11315,39.11621,40.11927,41.12232,42.12538,43.12844,44.1315,45.13456,46.13761,47.14067,48.14373,49.14679,50.14985,51.15291,52.15596,53.15902,54.16208,55.16514,56.1682,57.17125,58.17431,59.17737,60.18043,61.18349,62.18654,63.1896,64.19266,65.19572,66.19878,67.20183,68.20489,69.20795,70.21101,71.21407,72.21713,73.22018,74.22324,75.2263,76.22936,77.23242,78.23547,79.23853,80.24159,81.24465,82.24771,83.25076,84.25382,85.25688,86.25994,87.263,88.26606,89.26911,90.27217,91.27523,92.27829,93.28135,94.2844,95.28746,96.29052,97.29358,98.29664,99.29969,100.3028,101.3058,102.3089,103.3119,104.315,105.318,106.3211,107.3242,108.3272,109.3303,110.3333,111.3364,112.3394,113.3425,114.3456,115.3486,116.3517,117.3547,118.3578,119.3609,120.3639,121.367,122.37,123.3731,124.3761,125.3792,126.3823,127.3853,128.3884,129.3914,130.3945,131.3976,132.4006,133.4037,134.4067,135.4098,136.4128,137.4159,138.419,139.422,140.4251,141.4281,142.4312,143.4343,144.4373,145.4404,146.4434,147.4465,148.4495,149.4526,150.4557,151.4587,152.4618,153.4648,154.4679,155.4709,156.474,157.4771,158.4801,159.4832,160.4862,161.4893,162.4924,163.4954,164.4985,165.5015,166.5046,167.5076,168.5107,169.5138,170.5168,171.5199,172.5229,173.526,174.5291,175.5321,176.5352,177.5382,178.5413,179.5443,180.5474,181.5505,182.5535,183.5566,184.5596,185.5627,186.5657,187.5688,188.5719,189.5749,190.578,191.581,192.5841,193.5872,194.5902,195.5933,196.5963,197.5994,198.6024,199.6055,200.6086,201.6116,202.6147,203.6177,204.6208,205.6239,206.6269,207.63,208.633,209.6361,210.6391,211.6422,212.6453,213.6483,214.6514,215.6544,216.6575,217.6606,218.6636,219.6667,220.6697,221.6728,222.6758,223.6789,224.682,225.685,226.6881,227.6911,228.6942,229.6972,230.7003,231.7034,232.7064,233.7095,234.7125,235.7156,236.7187,237.7217,238.7248,239.7278,240.7309,241.7339,242.737,243.7401,244.7431,245.7462,246.7492,247.7523,248.7554,249.7584,250.7615,251.7645,252.7676,253.7706,254.7737,255.7768,256.7798,257.7829,258.7859,259.789,260.792,261.7951,262.7982,263.8012,264.8043,265.8073,266.8104,267.8135,268.8165,269.8196,270.8226,271.8257,272.8287,273.8318,274.8349,275.8379,276.841,277.844,278.8471,279.8502,280.8532,281.8563,282.8593,283.8624,284.8654,285.8685,286.8716,287.8746,288.8777,289.8807,290.8838,291.8869,292.8899,293.893,294.896,295.8991,296.9021,297.9052,298.9083,299.9113,300.9144,301.9174,302.9205,303.9235,304.9266,305.9297,306.9327,307.9358,308.9388,309.9419,310.945,311.948,312.9511,313.9541,314.9572,315.9602,316.9633,317.9664,318.9694,319.9725,320.9755,321.9786,322.9817,323.9847,324.9878,325.9908,326.9939,327.9969,329

Position pixel : 22.0465,22.0483,22.0501,22.052,22.0538,22.0556,22.0575,22.0593,22.0611,22.0629,22.0648,22.0666,22.0684,22.0703,22.0721,22.0739,22.0758,22.0776,22.0794,22.0812,22.0831,22.0849,22.0867,22.0886,22.0904,22.0922,22.094,22.0959,22.0977,22.0995,22.1014,22.1032,22.105,22.1068,22.1087,22.1105,22.1123,22.1142,22.116,22.1178,22.1196,22.1215,22.1233,22.1251,22.127,22.1288,22.1306,22.1324,22.1343,22.1361,22.1379,22.1398,22.1416,22.1434,22.1452,22.1471,22.1489,22.1507,22.1526,22.1544,22.1562,22.158,22.1599,22.1617,22.1635,22.1654,22.1672,22.169,22.1708,22.1727,22.1745,22.1763,22.1782,22.18,22.1818,22.1836,22.1855,22.1873,22.1891,22.191,22.1928,22.1946,22.1964,22.1983,22.2001,22.2019,22.2038,22.2056,22.2074,22.2092,22.2111,22.2129,22.2147,22.2166,22.2184,22.2202,22.222,22.2239,22.2257,22.2275,22.2294,22.2312,22.233,22.2348,22.2367,22.2385,22.2403,22.2422,22.244,22.2458,22.2477,22.2495,22.2513,22.2531,22.255,22.2568,22.2586,22.2605,22.2623,22.2641,22.2659,22.2678,22.2696,22.2714,22.2733,22.2751,22.2769,22.2787,22.2806,22.2824,22.2842,22.2861,22.2879,22.2897,22.2915,22.2934,22.2952,22.297,22.2989,22.3007,22.3025,22.3043,22.3062,22.308,22.3098,22.3117,22.3135,22.3153,22.3171,22.319,22.3208,22.3226,22.3245,22.3263,22.3281,22.3299,22.3318,22.3336,22.3354,22.3373,22.3391,22.3409,22.3427,22.3446,22.3464,22.3482,22.3501,22.3519,22.3537,22.3555,22.3574,22.3592,22.361,22.3629,22.3647,22.3665,22.3683,22.3702,22.372,22.3738,22.3757,22.3775,22.3793,22.3811,22.383,22.3848,22.3866,22.3885,22.3903,22.3921,22.3939,22.3958,22.3976,22.3994,22.4013,22.4031,22.4049,22.4068,22.4086,22.4104,22.4122,22.4141,22.4159,22.4177,22.4196,22.4214,22.4232,22.425,22.4269,22.4287,22.4305,22.4324,22.4342,22.436,22.4378,22.4397,22.4415,22.4433,22.4452,22.447,22.4488,22.4506,22.4525,22.4543,22.4561,22.458,22.4598,22.4616,22.4634,22.4653,22.4671,22.4689,22.4708,22.4726,22.4744,22.4762,22.4781,22.4799,22.4817,22.4836,22.4854,22.4872,22.489,22.4909,22.4927,22.4945,22.4964,22.4982,22.5,22.5018,22.5037,22.5055,22.5073,22.5092,22.511,22.5128,22.5146,22.5165,22.5183,22.5201,22.522,22.5238,22.5256,22.5274,22.5293,22.5311,22.5329,22.5348,22.5366,22.5384,22.5402,22.5421,22.5439,22.5457,22.5476,22.5494,22.5512,22.553,22.5549,22.5567,22.5585,22.5604,22.5622,22.564,22.5658,22.5677,22.5695,22.5713,22.5732,22.575,22.5768,22.5787,22.5805,22.5823,22.5841,22.586,22.5878,22.5896,22.5915,22.5933,22.5951,22.5969,22.5988,22.6006,22.6024,22.6043,22.6061,22.6079,22.6097,22.6116,22.6134,22.6152,22.6171,22.6189,22.6207,22.6225,22.6244,22.6262,22.628,22.6299,22.6317,22.6335,22.6353,22.6372,22.639,22.6408,22.6427,22.6445

Pole type : Line
Start frame : 1
End frame : 329
Start time (s) : 0.000
End time (s) : 600.140
Time step (s) : 1.830

Feature Information :


Feature number : 1

Time (s) : 1.829695,3.664986,5.500276,7.335567,9.170857,11.00615,12.84144,14.67673,16.51202,18.34731,20.1826,22.01789,23.85318,25.68847,27.52376,29.35905,31.19434,33.02963,34.86492,36.70021,38.53551,40.3708,42.20609,44.04138,45.87667,47.71196,49.54725,51.38254,53.21783,55.05312,56.88841,58.7237,60.55899,62.39428,64.22957,66.06486,67.90015,69.73544,71.57073,73.40603,75.24132,77.07661,78.9119,80.74719,82.58248,84.41777,86.25306,88.08835,89.92364,91.75893,93.59422,95.42951,97.2648,99.10009,100.9354,102.7707,104.606,106.4413,108.2765,110.1118,111.9471,113.7824,115.6177,117.453,119.2883,121.1236,122.9589,124.7942,126.6295,128.4647,130.3,132.1353,133.9706,135.8059,137.6412,139.4765,141.3118,143.1471,144.9824,146.8176,148.6529,150.4882,152.3235,154.1588,155.9941,157.8294,159.6647,161.5,163.3353,165.1706,167.0058,168.8411,170.6764,172.5117,174.347,176.1823,178.0176,179.8529,181.6882,183.5235,185.3587,187.194,189.0293,190.8646,192.6999,194.5352,196.3705,198.2058,200.0411,201.8764,203.7117,205.5469,207.3822,209.2175,211.0528,212.8881,214.7234,216.5587,218.394,220.2293,222.0646,223.8998,225.7351,227.5704,229.4057,231.241,233.0763,234.9116,236.7469,238.5822,240.4175,242.2528,244.088,245.9233,247.7586,249.5939,251.4292,253.2645,255.0998,256.9351,258.7704,260.6057,262.4409,264.2762,266.1115,267.9468,269.7821,271.6174,273.4527,275.288,277.1233,278.9586,280.7939,282.6291,284.4644,286.2997,288.135,289.9703,291.8056,293.6409,295.4762,297.3115,299.1468,300.982,302.8173,304.6526,306.4879,308.3232,310.1585,311.9938,313.8291,315.6644,317.4997,319.335,321.1702,323.0055,324.8408,326.6761,328.5114,330.3467,332.182,334.0173,335.8526,337.6879,339.5232,341.3584,343.1937,345.029,346.8643,348.6996,350.5349,352.3702,354.2055,356.0408,357.8761,359.7113,361.5466,363.3819,365.2172,367.0525,368.8878,370.7231,372.5584,374.3937,376.229,378.0643,379.8995,381.7348,383.5701,385.4054,387.2407,389.076,390.9113,392.7466,394.5819,396.4172,398.2524,400.0877,401.923,403.7583,405.5936,407.4289,409.2642,411.0995,412.9348,414.7701,416.6054,418.4406,420.2759,422.1112,423.9465,425.7818,427.6171,429.4524,431.2877,433.123,434.9583,436.7935,438.6288,440.4641,442.2994,444.1347,445.97,447.8053,449.6406,451.4759,453.3112,455.1465,456.9817,458.817,460.6523,462.4876,464.3229,466.1582,467.9935,469.8288,471.6641,473.4994,475.3346,477.1699,479.0052,480.8405,482.6758,484.5111,486.3464,488.1817,490.017,491.8523,493.6876,495.5228,497.3581,499.1934,501.0287,502.864,504.6993,506.5346,508.3699,510.2052,512.0405,513.8758,515.711,517.5463,519.3816,521.2169,523.0522,524.8875,526.7228,528.5581,530.3934,532.2287,534.0639,535.8992,537.7345,539.5698,541.4051,543.2404,545.0757,546.911,548.7463,550.5816,552.4169,554.2521,556.0874,557.9227,559.758,561.5933,563.4286,565.2639,567.0992,568.9345,570.7698,572.605,574.4403,576.2756,578.1109,579.9462,581.7815,583.6168,585.4521,587.2874,589.1227,590.958,592.7932,594.6285,596.4638,598.2991,600.1344,601.9697

Position (um) : 2.3524,2.3526,2.3528,2.3529,2.3531,2.3533,2.3535,2.3537,2.3539,2.3541,2.3543,2.3545,2.3547,2.3549,2.3551,2.3553,2.3555,2.3557,2.3559,2.3561,2.3563,2.3565,2.3567,2.3568,2.357,2.3572,2.3574,2.3576,2.3578,2.358,2.3582,2.3584,2.3586,2.3588,2.359,2.3592,2.3594,2.3596,2.3598,2.36,2.3602,2.3604,2.3606,2.3608,2.3609,2.3611,2.3613,2.3615,2.3617,2.3619,2.3621,2.3623,2.3625,2.3627,2.3629,2.3631,2.3633,2.3635,2.3637,2.3639,2.3641,2.3643,2.3645,2.3647,2.3648,2.365,2.3652,2.3654,2.3656,2.3658,2.366,2.3662,2.3664,2.3666,2.3668,2.367,2.3672,2.3674,2.3676,2.3678,2.368,2.3682,2.3684,2.3686,2.3688,2.3689,2.3691,2.3693,2.3695,2.3697,2.3699,2.3701,2.3703,2.3705,2.3707,2.3709,2.3711,2.3713,2.3715,2.3717,2.3719,2.3721,2.3723,2.3725,2.3727,2.3728,2.373,2.3732,2.3734,2.3736,2.3738,2.374,2.3742,2.3744,2.3746,2.3748,2.375,2.3752,2.3754,2.3756,2.3758,2.376,2.3762,2.3764,2.3766,2.3768,2.3769,2.3771,2.3773,2.3775,2.3777,2.3779,2.3781,2.3783,2.3785,2.3787,2.3789,2.3791,2.3793,2.3795,2.3797,2.3799,2.3801,2.3803,2.3805,2.3807,2.3808,2.381,2.3812,2.3814,2.3816,2.3818,2.382,2.3822,2.3824,2.3826,2.3828,2.383,2.3832,2.3834,2.3836,2.3838,2.384,2.3842,2.3844,2.3846,2.3848,2.3849,2.3851,2.3853,2.3855,2.3857,2.3859,2.3861,2.3863,2.3865,2.3867,2.3869,2.3871,2.3873,2.3875,2.3877,2.3879,2.3881,2.3883,2.3885,2.3887,2.3888,2.389,2.3892,2.3894,2.3896,2.3898,2.39,2.3902,2.3904,2.3906,2.3908,2.391,2.3912,2.3914,2.3916,2.3918,2.392,2.3922,2.3924,2.3926,2.3928,2.3929,2.3931,2.3933,2.3935,2.3937,2.3939,2.3941,2.3943,2.3945,2.3947,2.3949,2.3951,2.3953,2.3955,2.3957,2.3959,2.3961,2.3963,2.3965,2.3967,2.3968,2.397,2.3972,2.3974,2.3976,2.3978,2.398,2.3982,2.3984,2.3986,2.3988,2.399,2.3992,2.3994,2.3996,2.3998,2.4,2.4002,2.4004,2.4006,2.4008,2.4009,2.4011,2.4013,2.4015,2.4017,2.4019,2.4021,2.4023,2.4025,2.4027,2.4029,2.4031,2.4033,2.4035,2.4037,2.4039,2.4041,2.4043,2.4045,2.4047,2.4048,2.405,2.4052,2.4054,2.4056,2.4058,2.406,2.4062,2.4064,2.4066,2.4068,2.407,2.4072,2.4074,2.4076,2.4078,2.408,2.4082,2.4084,2.4086,2.4088,2.4089,2.4091,2.4093,2.4095,2.4097,2.4099,2.4101,2.4103,2.4105,2.4107,2.4109,2.4111,2.4113,2.4115,2.4117,2.4119,2.4121,2.4123,2.4125,2.4127,2.4128,2.413,2.4132,2.4134,2.4136,2.4138,2.414,2.4142,2.4144,2.4146,2.4148,2.415,2.4152,2.4154,2.4156,2.4158,2.416,2.4162

Intensity : 3445.6563,3355.359,3273.131,3340.4204,3433.2385,3503.6002,3470.4456,3413.3166,3334.6995,3419.7244,3417.5755,3479.3354,3448.7018,3367.2191,3299.0489,3244.3722,3212.6625,3120.7966,3027.4107,3012.7529,2980.6712,2813.6357,2778.3465,2735.3604,2851.7385,3005.1074,3077.2415,3099.1063,2974.2368,3025.3197,2974.4825,2813.2453,2759.9609,2959.7246,3181.6934,3220.9538,3184.2696,3109.3799,3063.3185,2976.1185,2941.2933,2973.3568,3005.3036,3021.0602,2869.9081,2551.6448,2326.7361,2310.7228,2412.2785,2505.7679,2495.2784,2447.4895,2455.3553,2372.4979,2332.8417,2218.6495,2160.3593,1959.3974,1815.5169,1732.2874,1915.9154,2015.5947,2072.4235,2048.6616,2109.8201,2205.6335,2216.3865,2076.0341,2028.5354,2127.0198,2341.8254,2425.9625,2310.9609,1969.585,1679.855,1604.0968,1655.221,1695.0414,1615.4787,1623.8816,1650.6671,1693.2789,1746.2008,1710.1706,1666.6012,1569.8395,1571.0652,1567.4595,1645.3261,1623.6891,1558.8622,1414.1047,1262.276,1234.3366,1184.6774,1167.1758,1097.8777,1078.0532,1059.9752,1000.4406,917.69124,844.03213,831.21392,846.26677,897.35531,945.42303,963.65246,981.28961,1053.9983,1156.0701,1223.3554,1293.4327,1381.1973,1491.1739,1607.7397,1734.6807,1882.0457,1995.2986,2063.438,2136.8318,2102.3071,1994.2609,1838.2592,1759.0384,1831.0174,1895.5124,1967.9406,1988.246,1950.148,1922.2807,1926.1092,1995.7198,1987.8267,1978.2963,1940.1915,1825.6381,1670.0953,1509.3614,1491.1344,1545.2332,1676.2941,1778.219,1768.7378,1679.2123,1601.3947,1549.6995,1510.1435,1505.7295,1541.1188,1586.3433,1592.0671,1594.8286,1558.3893,1507.1316,1387.0874,1297.224,1247.8885,1262.652,1378.7095,1492.6104,1628.1959,1743.1338,1806.187,1837.757,1805.2802,1720.3259,1528.2844,1318.4649,1139.0947,1033.9553,958.59046,896.23466,853.24849,834.84619,918.96125,1103.2562,1299.8203,1465.1313,1567.2227,1603.3917,1587.7072,1565.6168,1603.653,1644.2,1711.5738,1802.196,1938.6692,2086.0658,2188.9441,2233.8782,2236.461,2278.4313,2351.9902,2387.8674,2340.9776,2229.0743,2120.1421,2035.9253,1914.9794,1788.4228,1714.6503,1763.463,1868.3371,1961.9643,1940.5761,1792.0973,1586.961,1427.2997,1355.5948,1354.4522,1404.2847,1452.5077,1404.1815,1395.8856,1409.9722,1502.2922,1532.8654,1487.5059,1394.5017,1369.8755,1417.0294,1486.7417,1544.318,1613.1408,1765.3015,1835.0364,1827.8742,1756.1392,1726.8779,1730.4114,1676.1712,1570.5831,1535.1064,1536.506,1570.7642,1640.8243,1674.2271,1719.2863,1695.6125,1643.164,1521.499,1324.1847,1232.4583,1194.7496,1221.7871,1255.2321,1276.5485,1313.9779,1301.3676,1307.9749,1241.5472,1170.8852,1075.1785,1022.4485,962.47914,1006.0218,1022.8235,1026.0012,1010.5686,1144.9199,1412.8259,1559.2213,1577.6871,1437.2579,1336.6527,1306.1498,1319.4971,1259.0551,1170.0508,970.6636,835.56819,683.48472,688.19766,765.89725,866.93795,1017.3119,1135.26,1215.838,1259.8297,1234.7221,1206.0451,1202.2759,1218.5367,1264.3515,1214.8007,1131.1454,1059.4368,1203.1805,1322.7977,1461.466,1410.7629,1329.7054,1244.7536,1172.2952,1236.9697,1255.6143,1202.3502,1125.2855,1080.7058,1164.1909,1256.3896,1315.6238,1333.7249,1243.7838,1103.5748,921.09636,882.57364,846.92497,874.43222,867.80365,882.27854,845.99091,833.5627,853.01552,950.74538,1087.0563,1241.9387,1402.9762,1558.6039,1684.9871,1666.1003,1604.655,1586.0764,1664.3178,1723.5878,1707.4761,1656.5241,1630.5761

Time pixel : 1,2.003058,3.006116,4.009174,5.012232,6.015291,7.018349,8.021407,9.024465,10.02752,11.03058,12.03364,13.0367,14.03976,15.04281,16.04587,17.04893,18.05199,19.05505,20.0581,21.06116,22.06422,23.06728,24.07034,25.07339,26.07645,27.07951,28.08257,29.08563,30.08869,31.09174,32.0948,33.09786,34.10092,35.10398,36.10703,37.11009,38.11315,39.11621,40.11927,41.12232,42.12538,43.12844,44.1315,45.13456,46.13761,47.14067,48.14373,49.14679,50.14985,51.15291,52.15596,53.15902,54.16208,55.16514,56.1682,57.17125,58.17431,59.17737,60.18043,61.18349,62.18654,63.1896,64.19266,65.19572,66.19878,67.20183,68.20489,69.20795,70.21101,71.21407,72.21713,73.22018,74.22324,75.2263,76.22936,77.23242,78.23547,79.23853,80.24159,81.24465,82.24771,83.25076,84.25382,85.25688,86.25994,87.263,88.26606,89.26911,90.27217,91.27523,92.27829,93.28135,94.2844,95.28746,96.29052,97.29358,98.29664,99.29969,100.3028,101.3058,102.3089,103.3119,104.315,105.318,106.3211,107.3242,108.3272,109.3303,110.3333,111.3364,112.3394,113.3425,114.3456,115.3486,116.3517,117.3547,118.3578,119.3609,120.3639,121.367,122.37,123.3731,124.3761,125.3792,126.3823,127.3853,128.3884,129.3914,130.3945,131.3976,132.4006,133.4037,134.4067,135.4098,136.4128,137.4159,138.419,139.422,140.4251,141.4281,142.4312,143.4343,144.4373,145.4404,146.4434,147.4465,148.4495,149.4526,150.4557,151.4587,152.4618,153.4648,154.4679,155.4709,156.474,157.4771,158.4801,159.4832,160.4862,161.4893,162.4924,163.4954,164.4985,165.5015,166.5046,167.5076,168.5107,169.5138,170.5168,171.5199,172.5229,173.526,174.5291,175.5321,176.5352,177.5382,178.5413,179.5443,180.5474,181.5505,182.5535,183.5566,184.5596,185.5627,186.5657,187.5688,188.5719,189.5749,190.578,191.581,192.5841,193.5872,194.5902,195.5933,196.5963,197.5994,198.6024,199.6055,200.6086,201.6116,202.6147,203.6177,204.6208,205.6239,206.6269,207.63,208.633,209.6361,210.6391,211.6422,212.6453,213.6483,214.6514,215.6544,216.6575,217.6606,218.6636,219.6667,220.6697,221.6728,222.6758,223.6789,224.682,225.685,226.6881,227.6911,228.6942,229.6972,230.7003,231.7034,232.7064,233.7095,234.7125,235.7156,236.7187,237.7217,238.7248,239.7278,240.7309,241.7339,242.737,243.7401,244.7431,245.7462,246.7492,247.7523,248.7554,249.7584,250.7615,251.7645,252.7676,253.7706,254.7737,255.7768,256.7798,257.7829,258.7859,259.789,260.792,261.7951,262.7982,263.8012,264.8043,265.8073,266.8104,267.8135,268.8165,269.8196,270.8226,271.8257,272.8287,273.8318,274.8349,275.8379,276.841,277.844,278.8471,279.8502,280.8532,281.8563,282.8593,283.8624,284.8654,285.8685,286.8716,287.8746,288.8777,289.8807,290.8838,291.8869,292.8899,293.893,294.896,295.8991,296.9021,297.9052,298.9083,299.9113,300.9144,301.9174,302.9205,303.9235,304.9266,305.9297,306.9327,307.9358,308.9388,309.9419,310.945,311.948,312.9511,313.9541,314.9572,315.9602,316.9633,317.9664,318.9694,319.9725,320.9755,321.9786,322.9817,323.9847,324.9878,325.9908,326.9939,327.9969,329

Position pixel : 22.0465,22.0483,22.0501,22.052,22.0538,22.0556,22.0575,22.0593,22.0611,22.0629,22.0648,22.0666,22.0684,22.0703,22.0721,22.0739,22.0758,22.0776,22.0794,22.0812,22.0831,22.0849,22.0867,22.0886,22.0904,22.0922,22.094,22.0959,22.0977,22.0995,22.1014,22.1032,22.105,22.1068,22.1087,22.1105,22.1123,22.1142,22.116,22.1178,22.1196,22.1215,22.1233,22.1251,22.127,22.1288,22.1306,22.1324,22.1343,22.1361,22.1379,22.1398,22.1416,22.1434,22.1452,22.1471,22.1489,22.1507,22.1526,22.1544,22.1562,22.158,22.1599,22.1617,22.1635,22.1654,22.1672,22.169,22.1708,22.1727,22.1745,22.1763,22.1782,22.18,22.1818,22.1836,22.1855,22.1873,22.1891,22.191,22.1928,22.1946,22.1964,22.1983,22.2001,22.2019,22.2038,22.2056,22.2074,22.2092,22.2111,22.2129,22.2147,22.2166,22.2184,22.2202,22.222,22.2239,22.2257,22.2275,22.2294,22.2312,22.233,22.2348,22.2367,22.2385,22.2403,22.2422,22.244,22.2458,22.2477,22.2495,22.2513,22.2531,22.255,22.2568,22.2586,22.2605,22.2623,22.2641,22.2659,22.2678,22.2696,22.2714,22.2733,22.2751,22.2769,22.2787,22.2806,22.2824,22.2842,22.2861,22.2879,22.2897,22.2915,22.2934,22.2952,22.297,22.2989,22.3007,22.3025,22.3043,22.3062,22.308,22.3098,22.3117,22.3135,22.3153,22.3171,22.319,22.3208,22.3226,22.3245,22.3263,22.3281,22.3299,22.3318,22.3336,22.3354,22.3373,22.3391,22.3409,22.3427,22.3446,22.3464,22.3482,22.3501,22.3519,22.3537,22.3555,22.3574,22.3592,22.361,22.3629,22.3647,22.3665,22.3683,22.3702,22.372,22.3738,22.3757,22.3775,22.3793,22.3811,22.383,22.3848,22.3866,22.3885,22.3903,22.3921,22.3939,22.3958,22.3976,22.3994,22.4013,22.4031,22.4049,22.4068,22.4086,22.4104,22.4122,22.4141,22.4159,22.4177,22.4196,22.4214,22.4232,22.425,22.4269,22.4287,22.4305,22.4324,22.4342,22.436,22.4378,22.4397,22.4415,22.4433,22.4452,22.447,22.4488,22.4506,22.4525,22.4543,22.4561,22.458,22.4598,22.4616,22.4634,22.4653,22.4671,22.4689,22.4708,22.4726,22.4744,22.4762,22.4781,22.4799,22.4817,22.4836,22.4854,22.4872,22.489,22.4909,22.4927,22.4945,22.4964,22.4982,22.5,22.5018,22.5037,22.5055,22.5073,22.5092,22.511,22.5128,22.5146,22.5165,22.5183,22.5201,22.522,22.5238,22.5256,22.5274,22.5293,22.5311,22.5329,22.5348,22.5366,22.5384,22.5402,22.5421,22.5439,22.5457,22.5476,22.5494,22.5512,22.553,22.5549,22.5567,22.5585,22.5604,22.5622,22.564,22.5658,22.5677,22.5695,22.5713,22.5732,22.575,22.5768,22.5787,22.5805,22.5823,22.5841,22.586,22.5878,22.5896,22.5915,22.5933,22.5951,22.5969,22.5988,22.6006,22.6024,22.6043,22.6061,22.6079,22.6097,22.6116,22.6134,22.6152,22.6171,22.6189,22.6207,22.6225,22.6244,22.6262,22.628,22.6299,22.6317,22.6335,22.6353,22.6372,22.639,22.6408,22.6427,22.6445

Brightness max : 1260.00
Brightness min :  0.00
Feature direction : Ambiguous
Feature speed : Slow
Feature type : Line
Start frame : 1
End frame : 329
Start time (s) : 0.000
End time (s) : 600.140
Time step (s) : 1.830

