KYMOANALYSIS DATA

General Information :

Tiff path : G:\My Drive\microtubule dynamics and cut7\21-15 screens and tests\cut11-7\19-06-12&20 (Cut7-3GFP and  mCh-mts, timeseries for modeling data)\
Spindle type : Monopolar
Start frame : 1
End frame : 333
Start time (s) : 0.000
End time (s) : 601.280
Time step (s) : 1.811
Num poles : 1
Num tracks : 1
Num tracks poleward : 0
Num tracks antipoleward : 0
Num tracks ambiguous : 1
Comments : {

}
Poles Information :


Pole number : 1

Time (s) : 2.633254,4.447326,6.261398,8.07547,9.889542,11.70361,13.51769,15.33176,17.14583,18.9599,20.77397,22.58805,24.40212,26.21619,28.03026,29.84433,31.65841,33.47248,35.28655,37.10062,38.91469,40.72877,42.54284,44.35691,46.17098,47.98505,49.79913,51.6132,53.42727,55.24134,57.05541,58.86949,60.68356,62.49763,64.3117,66.12577,67.93985,69.75392,71.56799,73.38206,75.19613,77.01021,78.82428,80.63835,82.45242,84.26649,86.08057,87.89464,89.70871,91.52278,93.33685,95.15093,96.965,98.77907,100.5931,102.4072,104.2213,106.0354,107.8494,109.6635,111.4776,113.2916,115.1057,116.9198,118.7339,120.5479,122.362,124.1761,125.9901,127.8042,129.6183,131.4324,133.2464,135.0605,136.8746,138.6887,140.5027,142.3168,144.1309,145.9449,147.759,149.5731,151.3872,153.2012,155.0153,156.8294,158.6434,160.4575,162.2716,164.0857,165.8997,167.7138,169.5279,171.3419,173.156,174.9701,176.7842,178.5982,180.4123,182.2264,184.0405,185.8545,187.6686,189.4827,191.2967,193.1108,194.9249,196.739,198.553,200.3671,202.1812,203.9952,205.8093,207.6234,209.4375,211.2515,213.0656,214.8797,216.6937,218.5078,220.3219,222.136,223.95,225.7641,227.5782,229.3923,231.2063,233.0204,234.8345,236.6485,238.4626,240.2767,242.0908,243.9048,245.7189,247.533,249.347,251.1611,252.9752,254.7893,256.6033,258.4174,260.2315,262.0455,263.8596,265.6737,267.4878,269.3018,271.1159,272.93,274.7441,276.5581,278.3722,280.1863,282.0003,283.8144,285.6285,287.4426,289.2566,291.0707,292.8848,294.6988,296.5129,298.327,300.1411,301.9551,303.7692,305.5833,307.3973,309.2114,311.0255,312.8396,314.6536,316.4677,318.2818,320.0959,321.9099,323.724,325.5381,327.3521,329.1662,330.9803,332.7944,334.6084,336.4225,338.2366,340.0506,341.8647,343.6788,345.4929,347.3069,349.121,350.9351,352.7491,354.5632,356.3773,358.1914,360.0054,361.8195,363.6336,365.4477,367.2617,369.0758,370.8899,372.7039,374.518,376.3321,378.1462,379.9602,381.7743,383.5884,385.4024,387.2165,389.0306,390.8447,392.6587,394.4728,396.2869,398.1009,399.915,401.7291,403.5432,405.3572,407.1713,408.9854,410.7995,412.6135,414.4276,416.2417,418.0557,419.8698,421.6839,423.498,425.312,427.1261,428.9402,430.7542,432.5683,434.3824,436.1965,438.0105,439.8246,441.6387,443.4527,445.2668,447.0809,448.895,450.709,452.5231,454.3372,456.1513,457.9653,459.7794,461.5935,463.4075,465.2216,467.0357,468.8498,470.6638,472.4779,474.292,476.106,477.9201,479.7342,481.5483,483.3623,485.1764,486.9905,488.8045,490.6186,492.4327,494.2468,496.0608,497.8749,499.689,501.5031,503.3171,505.1312,506.9453,508.7593,510.5734,512.3875,514.2016,516.0156,517.8297,519.6438,521.4578,523.2719,525.086,526.9001,528.7141,530.5282,532.3423,534.1563,535.9704,537.7845,539.5986,541.4126,543.2267,545.0408,546.8549,548.6689,550.483,552.2971,554.1111,555.9252,557.7393,559.5534,561.3674,563.1815,564.9956,566.8096,568.6237,570.4378,572.2519,574.0659,575.88,577.6941,579.5081,581.3222,583.1363,584.9504,586.7644,588.5785,590.3926,592.2067,594.0207,595.8348,597.6489,599.4629,601.277,603.0911

Position (um) : 1.7879,1.7879,1.7879,1.7879,1.7879,1.7879,1.7879,1.7879,1.7879,1.7879,1.7879,1.7879,1.7879,1.7879,1.7879,1.7879,1.7879,1.7879,1.7879,1.7879,1.7879,1.7879,1.7879,1.7879,1.7879,1.7879,1.7879,1.7879,1.7879,1.7879,1.7879,1.7879,1.7879,1.7879,1.7879,1.7879,1.7879,1.7879,1.7879,1.7879,1.7879,1.7879,1.7879,1.7879,1.7879,1.7879,1.7879,1.7879,1.7879,1.7879,1.7879,1.7879,1.7879,1.7879,1.7879,1.7879,1.7879,1.7879,1.7879,1.7879,1.7879,1.7879,1.7879,1.7879,1.7879,1.7879,1.7879,1.7879,1.7879,1.7879,1.7879,1.7879,1.7879,1.7879,1.7879,1.7879,1.7879,1.7879,1.7879,1.7879,1.7879,1.7879,1.7879,1.7879,1.7879,1.7879,1.7879,1.7879,1.7879,1.7879,1.7879,1.7879,1.7879,1.7879,1.7879,1.7879,1.7879,1.7879,1.7879,1.7879,1.7879,1.7879,1.7879,1.7879,1.7879,1.7879,1.7879,1.7879,1.7879,1.7879,1.7879,1.7879,1.7879,1.7879,1.7879,1.7879,1.7879,1.7879,1.7879,1.7879,1.7879,1.7879,1.7879,1.7879,1.7879,1.7879,1.7879,1.7879,1.7879,1.7879,1.7879,1.7879,1.7879,1.7879,1.7879,1.7879,1.7879,1.7879,1.7879,1.7879,1.7879,1.7879,1.7879,1.7879,1.7879,1.7879,1.7879,1.7879,1.7879,1.7879,1.7879,1.7879,1.7879,1.7879,1.7879,1.7879,1.7879,1.7879,1.7879,1.7879,1.7879,1.7879,1.7879,1.7879,1.7879,1.7879,1.7879,1.7879,1.7879,1.7879,1.7879,1.7879,1.7879,1.7879,1.7879,1.7879,1.7879,1.7879,1.7879,1.7879,1.7879,1.7879,1.7879,1.7879,1.7879,1.7879,1.7879,1.7879,1.7879,1.7879,1.7879,1.7879,1.7879,1.7879,1.7879,1.7879,1.7879,1.7879,1.7879,1.7879,1.7879,1.7879,1.7879,1.7879,1.7879,1.7879,1.7879,1.7879,1.7879,1.7879,1.7879,1.7879,1.7879,1.7879,1.7879,1.7879,1.7879,1.7879,1.7879,1.7879,1.7879,1.7879,1.7879,1.7879,1.7879,1.7879,1.7879,1.7879,1.7879,1.7879,1.7879,1.7879,1.7879,1.7879,1.7879,1.7879,1.7879,1.7879,1.7879,1.7879,1.7879,1.7879,1.7879,1.7879,1.7879,1.7879,1.7879,1.7879,1.7879,1.7879,1.7879,1.7879,1.7879,1.7879,1.7879,1.7879,1.7879,1.7879,1.7879,1.7879,1.7879,1.7879,1.7879,1.7879,1.7879,1.7879,1.7879,1.7879,1.7879,1.7879,1.7879,1.7879,1.7879,1.7879,1.7879,1.7879,1.7879,1.7879,1.7879,1.7879,1.7879,1.7879,1.7879,1.7879,1.7879,1.7879,1.7879,1.7879,1.7879,1.7879,1.7879,1.7879,1.7879,1.7879,1.7879,1.7879,1.7879,1.7879,1.7879,1.7879,1.7879,1.7879,1.7879,1.7879,1.7879,1.7879,1.7879,1.7879,1.7879,1.7879,1.7879,1.7879,1.7879,1.7879,1.7879,1.7879,1.7879,1.7879,1.7879,1.7879,1.7879,1.7879,1.7879,1.7879,1.7879,1.7879,1.7879,1.7879,1.7879,1.7879,1.7879,1.7879

Intensity : 2755.0443,2650.0767,2585.3021,2582.3919,2565.7906,2566.9941,2584.4112,2627.1133,2649.616,2610.1415,2551.6089,2516.57,2532.7583,2534.5165,2525.5468,2493.7528,2469.731,2450.3088,2426.4817,2416.8643,2425.2207,2482.278,2535.1425,2535.0382,2521.8293,2543.2539,2549.8282,2492.2416,2420.899,2394.7669,2387.4862,2391.333,2414.4109,2458.8279,2497.1261,2540.5479,2556.3866,2589.0557,2605.8959,2617.5299,2656.2772,2711.0543,2787.834,2839.7146,2877.4168,2920.2306,2917.9957,2870.768,2809.2785,2727.0877,2652.7189,2614.5739,2581.3989,2575.5172,2570.9428,2596.3828,2591.9737,2551.3614,2532.3836,2579.9677,2617.7727,2647.7444,2659.6917,2643.3809,2574.4438,2460.375,2411.6279,2440.2975,2484.3556,2517.4678,2513.8828,2543.6835,2575.3183,2576.4484,2563.7206,2549.8151,2573.7829,2601.7053,2616.867,2599.9459,2568.1926,2561.8959,2613.7717,2641.1072,2616.4886,2534.1588,2514.6112,2521.1761,2536.0546,2490.8467,2448.0084,2420.9343,2403.0248,2431.7981,2387.8334,2307.4465,2208.779,2148.168,2084.8256,1991.474,1916.6464,1888.1487,1883.2993,1865.8917,1883.7231,1892.1475,1924.4017,1965.3519,2037.2187,2117.7469,2127.3626,2115.0181,2136.8744,2188.3417,2212.4012,2179.5389,2131.2909,2091.0863,2078.9013,2082.3678,2087.2231,2076.7484,2080.6276,2110.7198,2115.5465,2114.8362,2114.1318,2168.235,2192.6197,2199.6389,2170.9828,2183.7398,2151.1769,2124.6939,2038.4132,1962.4803,1890.6703,1868.4754,1882.2201,1883.171,1888.3803,1898.6087,1916.0198,1897.47,1839.5717,1789.7986,1787.0621,1800.339,1803.1018,1834.9884,1923.7899,2001.9501,2087.6373,2109.187,2094.9694,2015.4385,1951.9359,1955.6024,1969.6622,1996.9673,1936.1945,1909.9324,1894.6383,1892.6926,1837.1589,1781.2652,1770.3094,1790.352,1793.7849,1828.3752,1799.1328,1798.1769,1807.0743,1821.4764,1808.0802,1772.6041,1758.5296,1754.1651,1786.1594,1868.9491,1931.1378,1945.8885,1942.2091,1939.5839,1934.7944,1914.202,1891.7686,1884.9185,1895.2488,1922.5069,1903.7279,1889.834,1874.3515,1881.763,1868.0336,1843.0379,1870.8827,1888.0971,1870.2456,1843.7346,1833.3036,1830.3976,1820.2513,1833.3807,1868.5099,1848.7431,1831.9693,1841.4958,1882.0184,1901.0924,1886.7309,1871.7115,1838.8449,1866.1639,1879.9595,1904.5499,1892.4123,1868.3551,1832.6043,1769.3526,1704.9716,1708.3889,1692.8494,1725.6965,1725.614,1748.8764,1755.2896,1750.5964,1758.6851,1784.3576,1758.2948,1755.2361,1724.0132,1717.9583,1736.2421,1771.7458,1854.5777,1858.7122,1849.0485,1821.1104,1824.036,1846.3549,1828.9558,1772.1704,1709.7414,1651.4619,1658.7596,1665.4457,1653.124,1616.6842,1580.4926,1591.1764,1600.6923,1614.3894,1626.9185,1689.7405,1714.7691,1738.7974,1729.5287,1721.6075,1755.7967,1781.4339,1805.9674,1871.9195,1881.4613,1979.0283,1936.6126,1967.4137,1900.3045,1882.4011,1859.5025,1906.1804,1946.5367,1951.6269,1906.54,1882.3921,1818.5577,1828.0929,1826.2008,1882.6506,1870.1066,1836.9975,1764.9831,1732.0978,1728.197,1774.2687,1778.5135,1731.2025,1689.8574,1667.9901,1696.2095,1722.3915,1715.1387,1692.0525,1690.8279,1695.8774,1764.0878,1779.5749,1794.1512,1734.9216,1694.4702,1703.6954,1765.9637,1827.5531,1834.3895,1793.3951,1780.8207,1855.0626,1863.4208,1832.2448,1725.0575,1731.0002,1712.1697,1760.8504,1785.0535,1837.675,1825.1671,1797.8588,1828.7993,1869.2026,1904.9512,1925.7199,1962.7218,1992.5079,1952.32,1895.6511,1892.7017,1940.2021,1957.4599,1898.6598,1802.4913,1739.2534

Time pixel : 1.453965,2.455615,3.457265,4.458914,5.460564,6.462214,7.463863,8.465513,9.467163,10.46881,11.47046,12.47211,13.47376,14.47541,15.47706,16.47871,17.48036,18.48201,19.48366,20.48531,21.48696,22.48861,23.49026,24.49191,25.49356,26.49521,27.49686,28.49851,29.50016,30.50181,31.50345,32.5051,33.50675,34.5084,35.51005,36.5117,37.51335,38.515,39.51665,40.5183,41.51995,42.5216,43.52325,44.5249,45.52655,46.5282,47.52985,48.5315,49.53315,50.5348,51.53645,52.5381,53.53975,54.5414,55.54305,56.5447,57.54635,58.548,59.54965,60.55129,61.55294,62.55459,63.55624,64.55789,65.55954,66.56119,67.56284,68.56449,69.56614,70.56779,71.56944,72.57109,73.57274,74.57439,75.57604,76.57769,77.57934,78.58099,79.58264,80.58429,81.58594,82.58759,83.58924,84.59089,85.59254,86.59419,87.59584,88.59749,89.59913,90.60078,91.60243,92.60408,93.60573,94.60738,95.60903,96.61068,97.61233,98.61398,99.61563,100.6173,101.6189,102.6206,103.6222,104.6239,105.6255,106.6272,107.6288,108.6305,109.6321,110.6338,111.6354,112.6371,113.6387,114.6404,115.642,116.6437,117.6453,118.647,119.6486,120.6503,121.6519,122.6536,123.6552,124.6569,125.6585,126.6602,127.6618,128.6635,129.6651,130.6668,131.6684,132.6701,133.6717,134.6734,135.675,136.6767,137.6783,138.68,139.6816,140.6833,141.6849,142.6866,143.6882,144.6899,145.6915,146.6932,147.6948,148.6965,149.6981,150.6998,151.7014,152.7031,153.7047,154.7064,155.708,156.7097,157.7113,158.713,159.7146,160.7163,161.7179,162.7196,163.7212,164.7229,165.7245,166.7262,167.7278,168.7295,169.7311,170.7328,171.7344,172.7361,173.7377,174.7394,175.741,176.7427,177.7443,178.746,179.7476,180.7493,181.7509,182.7526,183.7542,184.7559,185.7575,186.7592,187.7608,188.7625,189.7641,190.7657,191.7674,192.769,193.7707,194.7723,195.774,196.7756,197.7773,198.7789,199.7806,200.7822,201.7839,202.7855,203.7872,204.7888,205.7905,206.7921,207.7938,208.7954,209.7971,210.7987,211.8004,212.802,213.8037,214.8053,215.807,216.8086,217.8103,218.8119,219.8136,220.8152,221.8169,222.8185,223.8202,224.8218,225.8235,226.8251,227.8268,228.8284,229.8301,230.8317,231.8334,232.835,233.8367,234.8383,235.84,236.8416,237.8433,238.8449,239.8466,240.8482,241.8499,242.8515,243.8532,244.8548,245.8565,246.8581,247.8598,248.8614,249.8631,250.8647,251.8664,252.868,253.8697,254.8713,255.873,256.8746,257.8763,258.8779,259.8796,260.8812,261.8829,262.8845,263.8862,264.8878,265.8895,266.8911,267.8928,268.8944,269.8961,270.8977,271.8994,272.901,273.9027,274.9043,275.906,276.9076,277.9093,278.9109,279.9126,280.9142,281.9159,282.9175,283.9192,284.9208,285.9225,286.9241,287.9258,288.9274,289.9291,290.9307,291.9324,292.934,293.9357,294.9373,295.939,296.9406,297.9423,298.9439,299.9456,300.9472,301.9489,302.9505,303.9522,304.9538,305.9555,306.9571,307.9588,308.9604,309.9621,310.9637,311.9654,312.967,313.9687,314.9703,315.972,316.9736,317.9753,318.9769,319.9786,320.9802,321.9819,322.9835,323.9852,324.9868,325.9885,326.9901,327.9918,328.9934,329.9951,330.9967,331.9984,333

Position pixel : 16.7566,16.7566,16.7566,16.7566,16.7566,16.7566,16.7566,16.7566,16.7566,16.7566,16.7566,16.7566,16.7566,16.7566,16.7566,16.7566,16.7566,16.7566,16.7566,16.7566,16.7566,16.7566,16.7566,16.7566,16.7566,16.7566,16.7566,16.7566,16.7566,16.7566,16.7566,16.7566,16.7566,16.7566,16.7566,16.7566,16.7566,16.7566,16.7566,16.7566,16.7566,16.7566,16.7566,16.7566,16.7566,16.7566,16.7566,16.7566,16.7566,16.7566,16.7566,16.7566,16.7566,16.7566,16.7566,16.7566,16.7566,16.7566,16.7566,16.7566,16.7566,16.7566,16.7566,16.7566,16.7566,16.7566,16.7566,16.7566,16.7566,16.7566,16.7566,16.7566,16.7566,16.7566,16.7566,16.7566,16.7566,16.7566,16.7566,16.7566,16.7566,16.7566,16.7566,16.7566,16.7566,16.7566,16.7566,16.7566,16.7566,16.7566,16.7566,16.7566,16.7566,16.7566,16.7566,16.7566,16.7566,16.7566,16.7566,16.7566,16.7566,16.7566,16.7566,16.7566,16.7566,16.7566,16.7566,16.7566,16.7566,16.7566,16.7566,16.7566,16.7566,16.7566,16.7566,16.7566,16.7566,16.7566,16.7566,16.7566,16.7566,16.7566,16.7566,16.7566,16.7566,16.7566,16.7566,16.7566,16.7566,16.7566,16.7566,16.7566,16.7566,16.7566,16.7566,16.7566,16.7566,16.7566,16.7566,16.7566,16.7566,16.7566,16.7566,16.7566,16.7566,16.7566,16.7566,16.7566,16.7566,16.7566,16.7566,16.7566,16.7566,16.7566,16.7566,16.7566,16.7566,16.7566,16.7566,16.7566,16.7566,16.7566,16.7566,16.7566,16.7566,16.7566,16.7566,16.7566,16.7566,16.7566,16.7566,16.7566,16.7566,16.7566,16.7566,16.7566,16.7566,16.7566,16.7566,16.7566,16.7566,16.7566,16.7566,16.7566,16.7566,16.7566,16.7566,16.7566,16.7566,16.7566,16.7566,16.7566,16.7566,16.7566,16.7566,16.7566,16.7566,16.7566,16.7566,16.7566,16.7566,16.7566,16.7566,16.7566,16.7566,16.7566,16.7566,16.7566,16.7566,16.7566,16.7566,16.7566,16.7566,16.7566,16.7566,16.7566,16.7566,16.7566,16.7566,16.7566,16.7566,16.7566,16.7566,16.7566,16.7566,16.7566,16.7566,16.7566,16.7566,16.7566,16.7566,16.7566,16.7566,16.7566,16.7566,16.7566,16.7566,16.7566,16.7566,16.7566,16.7566,16.7566,16.7566,16.7566,16.7566,16.7566,16.7566,16.7566,16.7566,16.7566,16.7566,16.7566,16.7566,16.7566,16.7566,16.7566,16.7566,16.7566,16.7566,16.7566,16.7566,16.7566,16.7566,16.7566,16.7566,16.7566,16.7566,16.7566,16.7566,16.7566,16.7566,16.7566,16.7566,16.7566,16.7566,16.7566,16.7566,16.7566,16.7566,16.7566,16.7566,16.7566,16.7566,16.7566,16.7566,16.7566,16.7566,16.7566,16.7566,16.7566,16.7566,16.7566,16.7566,16.7566,16.7566,16.7566,16.7566,16.7566,16.7566,16.7566,16.7566,16.7566,16.7566,16.7566,16.7566,16.7566,16.7566,16.7566,16.7566,16.7566,16.7566,16.7566,16.7566,16.7566,16.7566,16.7566,16.7566,16.7566,16.7566,16.7566,16.7566,16.7566,16.7566,16.7566,16.7566,16.7566,16.7566,16.7566,16.7566,16.7566,16.7566,16.7566

Pole type : Line
Start frame : 1
End frame : 333
Start time (s) : 0.000
End time (s) : 601.280
Time step (s) : 1.811

Feature Information :


Feature number : 1

Time (s) : 4.277593,6.092179,7.906766,9.721352,11.53594,13.35052,15.16511,16.9797,18.79428,20.60887,22.42346,24.23804,26.05263,27.86722,29.6818,31.49639,33.31097,35.12556,36.94015,38.75473,40.56932,42.38391,44.19849,46.01308,47.82767,49.64225,51.45684,53.27142,55.08601,56.9006,58.71518,60.52977,62.34436,64.15894,65.97353,67.78811,69.6027,71.41729,73.23187,75.04646,76.86105,78.67563,80.49022,82.30481,84.11939,85.93398,87.74856,89.56315,91.37774,93.19232,95.00691,96.8215,98.63608,100.4507,102.2653,104.0798,105.8944,107.709,109.5236,111.3382,113.1528,114.9674,116.7819,118.5965,120.4111,122.2257,124.0403,125.8549,127.6695,129.4841,131.2986,133.1132,134.9278,136.7424,138.557,140.3716,142.1862,144.0007,145.8153,147.6299,149.4445,151.2591,153.0737,154.8883,156.7028,158.5174,160.332,162.1466,163.9612,165.7758,167.5904,169.4049,171.2195,173.0341,174.8487,176.6633,178.4779,180.2925,182.1071,183.9216,185.7362,187.5508,189.3654,191.18,192.9946,194.8092,196.6237,198.4383,200.2529,202.0675,203.8821,205.6967,207.5113,209.3258,211.1404,212.955,214.7696,216.5842,218.3988,220.2134,222.028,223.8425,225.6571,227.4717,229.2863,231.1009,232.9155,234.7301,236.5446,238.3592,240.1738,241.9884,243.803,245.6176,247.4322,249.2467,251.0613,252.8759,254.6905,256.5051,258.3197,260.1343,261.9489,263.7634,265.578,267.3926,269.2072,271.0218,272.8364,274.651,276.4655,278.2801,280.0947,281.9093,283.7239,285.5385,287.3531,289.1676,290.9822,292.7968,294.6114,296.426,298.2406,300.0552,301.8698,303.6843,305.4989,307.3135,309.1281,310.9427,312.7573,314.5719,316.3864,318.201,320.0156,321.8302,323.6448,325.4594,327.274,329.0885,330.9031,332.7177,334.5323,336.3469,338.1615,339.9761,341.7907,343.6052,345.4198,347.2344,349.049,350.8636,352.6782,354.4928,356.3073,358.1219,359.9365,361.7511,363.5657,365.3803,367.1949,369.0094,370.824,372.6386,374.4532,376.2678,378.0824,379.897,381.7116,383.5261,385.3407,387.1553,388.9699,390.7845,392.5991,394.4137,396.2282,398.0428,399.8574,401.672,403.4866,405.3012,407.1158,408.9303,410.7449,412.5595,414.3741,416.1887,418.0033,419.8179,421.6325,423.447,425.2616,427.0762,428.8908,430.7054,432.52,434.3346,436.1491,437.9637,439.7783,441.5929,443.4075,445.2221,447.0367,448.8512,450.6658,452.4804,454.295,456.1096,457.9242,459.7388,461.5534,463.3679,465.1825,466.9971,468.8117,470.6263,472.4409,474.2555,476.07,477.8846,479.6992,481.5138,483.3284,485.143,486.9576,488.7721,490.5867,492.4013,494.2159,496.0305,497.8451,499.6597,501.4742,503.2888,505.1034,506.918,508.7326,510.5472,512.3618,514.1764,515.9909,517.8055,519.6201,521.4347,523.2493,525.0639,526.8785,528.693,530.5076,532.3222,534.1368,535.9514,537.766,539.5806,541.3951,543.2097,545.0243,546.8389,548.6535,550.4681,552.2827,554.0973,555.9118,557.7264,559.541,561.3556,563.1702,564.9848,566.7994,568.6139,570.4285,572.2431,574.0577,575.8723,577.6869,579.5015,581.316,583.1306,584.9452,586.7598,588.5744,590.389,592.2036,594.0182,595.8327,597.6473,599.4619,601.2765,603.0911

Position (um) : 1.7879,1.7879,1.7879,1.7879,1.7879,1.7879,1.7879,1.7879,1.7879,1.7879,1.7879,1.7879,1.7879,1.7879,1.7879,1.7879,1.7879,1.7879,1.7879,1.7879,1.7879,1.7879,1.7879,1.7879,1.7879,1.7879,1.7879,1.7879,1.7879,1.7879,1.7879,1.7879,1.7879,1.7879,1.7879,1.7879,1.7879,1.7879,1.7879,1.7879,1.7879,1.7879,1.7879,1.7879,1.7879,1.7879,1.7879,1.7879,1.7879,1.7879,1.7879,1.7879,1.7879,1.7879,1.7879,1.7879,1.7879,1.7879,1.7879,1.7879,1.7879,1.7879,1.7879,1.7879,1.7879,1.7879,1.7879,1.7879,1.7879,1.7879,1.7879,1.7879,1.7879,1.7879,1.7879,1.7879,1.7879,1.7879,1.7879,1.7879,1.7879,1.7879,1.7879,1.7879,1.7879,1.7879,1.7879,1.7879,1.7879,1.7879,1.7879,1.7879,1.7879,1.7879,1.7879,1.7879,1.7879,1.7879,1.7879,1.7879,1.7879,1.7879,1.7879,1.7879,1.7879,1.7879,1.7879,1.7879,1.7879,1.7879,1.7879,1.7879,1.7879,1.7879,1.7879,1.7879,1.7879,1.7879,1.7879,1.7879,1.7879,1.7879,1.7879,1.7879,1.7879,1.7879,1.7879,1.7879,1.7879,1.7879,1.7879,1.7879,1.7879,1.7879,1.7879,1.7879,1.7879,1.7879,1.7879,1.7879,1.7879,1.7879,1.7879,1.7879,1.7879,1.7879,1.7879,1.7879,1.7879,1.7879,1.7879,1.7879,1.7879,1.7879,1.7879,1.7879,1.7879,1.7879,1.7879,1.7879,1.7879,1.7879,1.7879,1.7879,1.7879,1.7879,1.7879,1.7879,1.7879,1.7879,1.7879,1.7879,1.7879,1.7879,1.7879,1.7879,1.7879,1.7879,1.7879,1.7879,1.7879,1.7879,1.7879,1.7879,1.7879,1.7879,1.7879,1.7879,1.7879,1.7879,1.7879,1.7879,1.7879,1.7879,1.7879,1.7879,1.7879,1.7879,1.7879,1.7879,1.7879,1.7879,1.7879,1.7879,1.7879,1.7879,1.7879,1.7879,1.7879,1.7879,1.7879,1.7879,1.7879,1.7879,1.7879,1.7879,1.7879,1.7879,1.7879,1.7879,1.7879,1.7879,1.7879,1.7879,1.7879,1.7879,1.7879,1.7879,1.7879,1.7879,1.7879,1.7879,1.7879,1.7879,1.7879,1.7879,1.7879,1.7879,1.7879,1.7879,1.7879,1.7879,1.7879,1.7879,1.7879,1.7879,1.7879,1.7879,1.7879,1.7879,1.7879,1.7879,1.7879,1.7879,1.7879,1.7879,1.7879,1.7879,1.7879,1.7879,1.7879,1.7879,1.7879,1.7879,1.7879,1.7879,1.7879,1.7879,1.7879,1.7879,1.7879,1.7879,1.7879,1.7879,1.7879,1.7879,1.7879,1.7879,1.7879,1.7879,1.7879,1.7879,1.7879,1.7879,1.7879,1.7879,1.7879,1.7879,1.7879,1.7879,1.7879,1.7879,1.7879,1.7879,1.7879,1.7879,1.7879,1.7879,1.7879,1.7879,1.7879,1.7879,1.7879,1.7879,1.7879,1.7879,1.7879,1.7879,1.7879,1.7879,1.7879,1.7879,1.7879,1.7879,1.7879,1.7879,1.7879,1.7879,1.7879,1.7879,1.7879,1.7879,1.7879,1.7879,1.7879,1.7879,1.7879,1.7879,1.7879,1.7879,1.7879

Intensity : 2661.6875,2584.7568,2583.6255,2567.6931,2564.5394,2583.7827,2619.3943,2654.0016,2612.8723,2559.8772,2514.0696,2532.44,2534.5337,2527.2207,2497.8904,2469.7287,2453.9046,2427.0221,2418.0471,2422.4589,2474.8879,2533.3638,2536.894,2522.2584,2539.0568,2552.9323,2499.0922,2426.3271,2393.8443,2389.6323,2388.5814,2413.2221,2452.5836,2496.7909,2533.7344,2560.2608,2580.1107,2611.5521,2610.4118,2656.6904,2702.0262,2784.0164,2835.0858,2875.7427,2915.1423,2922.8521,2873.6541,2816.0207,2733.5311,2658.2143,2615.4937,2585.4847,2572.9139,2573.7961,2590.3369,2597.6241,2552.4677,2534.1541,2571.8592,2619.0665,2642.5615,2662.1857,2643.6298,2583.59,2468.5784,2411.7744,2436.3766,2481.5478,2515.2659,2516.0143,2538.2295,2575.3241,2576.2999,2565.4426,2550.3063,2570.4302,2600.6565,2615.7486,2602.8142,2570.0287,2561.3681,2607.9139,2641.9047,2618.8547,2542.223,2511.4238,2522.562,2533.4135,2497.7733,2448.3043,2423.7952,2403.1695,2428.5026,2394.8077,2311.8229,2216.7623,2149.7091,2090.6717,1997.8135,1920.6746,1888.6854,1883.4803,1867.5893,1880.8691,1892.9819,1920.6316,1963.4297,2031.1373,2113.2502,2128.9928,2115.3001,2134.5867,2184.6506,2212.1498,2182.8099,2134.0582,2093.353,2078.8098,2082.0961,2086.9219,2077.8639,2079.6893,2108.5038,2116.2647,2114.5294,2114.3506,2163.3997,2192.9406,2198.8746,2173.8091,2181.2668,2155.1252,2124.9903,2045.4217,1965.3777,1895.159,1868.1612,1881.2616,1883.5395,1887.7982,1898.0705,1914.9056,1899.4065,1843.1543,1792.0058,1786.2996,1799.6752,1803.1832,1832.5982,1918.2996,1998.5859,2082.8658,2109.6284,2095.7968,2020.7016,1954.2368,1954.4219,1969.167,1995.3013,1940.9601,1909.8371,1895.693,1892.4167,1840.8992,1783.4834,1770.1852,1789.1183,1794.0213,1826.1172,1801.77,1797.2902,1806.8449,1820.6832,1809.1635,1774.345,1758.7639,1754.3412,1784.2404,1864.8214,1928.9555,1945.7711,1942.4538,1939.6508,1935.0369,1915.2498,1892.6534,1885.0103,1894.6714,1921.248,1905.0894,1890.1434,1875.0524,1881.1803,1868.8939,1844.0337,1869.2239,1887.7268,1871.2135,1844.7357,1833.5227,1830.4744,1820.7028,1832.6548,1867.0995,1850.0061,1832.3914,1840.9655,1880.3775,1900.6784,1887.4507,1872.172,1840.1145,1864.7203,1879.7368,1903.6008,1893.1237,1869.1496,1833.8324,1771.5422,1706.9653,1707.8165,1693.5614,1724.3162,1725.9129,1747.9644,1755.2493,1750.7721,1758.3641,1783.5285,1759.3576,1755.1301,1725.083,1717.953,1735.6434,1770.7083,1852.1205,1859.0326,1849.2919,1821.9274,1823.8028,1845.7256,1829.5796,1773.7246,1711.2819,1652.866,1658.3257,1665.3303,1653.4788,1617.6101,1581.3108,1590.7724,1600.5074,1614.0685,1626.6514,1688.2285,1714.3742,1738.2771,1729.8184,1721.7522,1754.9967,1780.9621,1805.4855,1870.5458,1881.4278,1976.9801,1937.7356,1966.6553,1901.7324,1882.5895,1859.9225,1905.2516,1945.8877,1951.6029,1907.3481,1882.733,1819.6203,1827.8285,1826.2574,1881.7334,1870.3892,1837.4845,1766.0305,1732.4945,1728.2201,1773.6155,1778.5073,1731.8404,1690.3521,1668.2335,1695.8394,1722.0992,1715.2446,1692.3112,1690.8247,1695.8227,1763.3716,1779.459,1794.0134,1735.4976,1694.8145,1703.5948,1765.4301,1827.0655,1834.3573,1793.7128,1780.9001,1854.5325,1863.385,1832.4483,1725.7124,1730.9429,1712.2765,1760.5907,1784.9408,1837.4325,1825.2279,1797.9685,1828.6802,1869.0645,1904.84,1925.6618,1962.6267,1992.4405,1952.4016,1895.7478,1892.7051,1940.1478,1957.4454,1898.6934,1802.5186,1739.2534

Time pixel : 2.361896,3.36383,4.365763,5.367697,6.369631,7.371564,8.373498,9.375432,10.37737,11.3793,12.38123,13.38317,14.3851,15.38703,16.38897,17.3909,18.39283,19.39477,20.3967,21.39864,22.40057,23.4025,24.40444,25.40637,26.4083,27.41024,28.41217,29.4141,30.41604,31.41797,32.41991,33.42184,34.42377,35.42571,36.42764,37.42957,38.43151,39.43344,40.43537,41.43731,42.43924,43.44118,44.44311,45.44504,46.44698,47.44891,48.45084,49.45278,50.45471,51.45664,52.45858,53.46051,54.46245,55.46438,56.46631,57.46825,58.47018,59.47211,60.47405,61.47598,62.47791,63.47985,64.48178,65.48372,66.48565,67.48758,68.48952,69.49145,70.49338,71.49532,72.49725,73.49919,74.50112,75.50305,76.50499,77.50692,78.50885,79.51079,80.51272,81.51465,82.51659,83.51852,84.52046,85.52239,86.52432,87.52626,88.52819,89.53012,90.53206,91.53399,92.53592,93.53786,94.53979,95.54173,96.54366,97.54559,98.54753,99.54946,100.5514,101.5533,102.5553,103.5572,104.5591,105.5611,106.563,107.5649,108.5669,109.5688,110.5707,111.5727,112.5746,113.5765,114.5785,115.5804,116.5823,117.5843,118.5862,119.5881,120.5901,121.592,122.5939,123.5959,124.5978,125.5997,126.6017,127.6036,128.6055,129.6075,130.6094,131.6113,132.6133,133.6152,134.6171,135.6191,136.621,137.6229,138.6249,139.6268,140.6287,141.6307,142.6326,143.6345,144.6365,145.6384,146.6403,147.6423,148.6442,149.6461,150.6481,151.65,152.6519,153.6539,154.6558,155.6577,156.6597,157.6616,158.6635,159.6655,160.6674,161.6693,162.6713,163.6732,164.6751,165.6771,166.679,167.6809,168.6829,169.6848,170.6867,171.6887,172.6906,173.6925,174.6945,175.6964,176.6984,177.7003,178.7022,179.7042,180.7061,181.708,182.71,183.7119,184.7138,185.7158,186.7177,187.7196,188.7216,189.7235,190.7254,191.7274,192.7293,193.7312,194.7332,195.7351,196.737,197.739,198.7409,199.7428,200.7448,201.7467,202.7486,203.7506,204.7525,205.7544,206.7564,207.7583,208.7602,209.7622,210.7641,211.766,212.768,213.7699,214.7718,215.7738,216.7757,217.7776,218.7796,219.7815,220.7834,221.7854,222.7873,223.7892,224.7912,225.7931,226.795,227.797,228.7989,229.8008,230.8028,231.8047,232.8066,233.8086,234.8105,235.8124,236.8144,237.8163,238.8182,239.8202,240.8221,241.824,242.826,243.8279,244.8298,245.8318,246.8337,247.8356,248.8376,249.8395,250.8414,251.8434,252.8453,253.8472,254.8492,255.8511,256.853,257.855,258.8569,259.8588,260.8608,261.8627,262.8646,263.8666,264.8685,265.8704,266.8724,267.8743,268.8762,269.8782,270.8801,271.882,272.884,273.8859,274.8878,275.8898,276.8917,277.8936,278.8956,279.8975,280.8995,281.9014,282.9033,283.9053,284.9072,285.9091,286.9111,287.913,288.9149,289.9169,290.9188,291.9207,292.9227,293.9246,294.9265,295.9285,296.9304,297.9323,298.9343,299.9362,300.9381,301.9401,302.942,303.9439,304.9459,305.9478,306.9497,307.9517,308.9536,309.9555,310.9575,311.9594,312.9613,313.9633,314.9652,315.9671,316.9691,317.971,318.9729,319.9749,320.9768,321.9787,322.9807,323.9826,324.9845,325.9865,326.9884,327.9903,328.9923,329.9942,330.9961,331.9981,333

Position pixel : 16.7566,16.7566,16.7566,16.7566,16.7566,16.7566,16.7566,16.7566,16.7566,16.7566,16.7566,16.7566,16.7566,16.7566,16.7566,16.7566,16.7566,16.7566,16.7566,16.7566,16.7566,16.7566,16.7566,16.7566,16.7566,16.7566,16.7566,16.7566,16.7566,16.7566,16.7566,16.7566,16.7566,16.7566,16.7566,16.7566,16.7566,16.7566,16.7566,16.7566,16.7566,16.7566,16.7566,16.7566,16.7566,16.7566,16.7566,16.7566,16.7566,16.7566,16.7566,16.7566,16.7566,16.7566,16.7566,16.7566,16.7566,16.7566,16.7566,16.7566,16.7566,16.7566,16.7566,16.7566,16.7566,16.7566,16.7566,16.7566,16.7566,16.7566,16.7566,16.7566,16.7566,16.7566,16.7566,16.7566,16.7566,16.7566,16.7566,16.7566,16.7566,16.7566,16.7566,16.7566,16.7566,16.7566,16.7566,16.7566,16.7566,16.7566,16.7566,16.7566,16.7566,16.7566,16.7566,16.7566,16.7566,16.7566,16.7566,16.7566,16.7566,16.7566,16.7566,16.7566,16.7566,16.7566,16.7566,16.7566,16.7566,16.7566,16.7566,16.7566,16.7566,16.7566,16.7566,16.7566,16.7566,16.7566,16.7566,16.7566,16.7566,16.7566,16.7566,16.7566,16.7566,16.7566,16.7566,16.7566,16.7566,16.7566,16.7566,16.7566,16.7566,16.7566,16.7566,16.7566,16.7566,16.7566,16.7566,16.7566,16.7566,16.7566,16.7566,16.7566,16.7566,16.7566,16.7566,16.7566,16.7566,16.7566,16.7566,16.7566,16.7566,16.7566,16.7566,16.7566,16.7566,16.7566,16.7566,16.7566,16.7566,16.7566,16.7566,16.7566,16.7566,16.7566,16.7566,16.7566,16.7566,16.7566,16.7566,16.7566,16.7566,16.7566,16.7566,16.7566,16.7566,16.7566,16.7566,16.7566,16.7566,16.7566,16.7566,16.7566,16.7566,16.7566,16.7566,16.7566,16.7566,16.7566,16.7566,16.7566,16.7566,16.7566,16.7566,16.7566,16.7566,16.7566,16.7566,16.7566,16.7566,16.7566,16.7566,16.7566,16.7566,16.7566,16.7566,16.7566,16.7566,16.7566,16.7566,16.7566,16.7566,16.7566,16.7566,16.7566,16.7566,16.7566,16.7566,16.7566,16.7566,16.7566,16.7566,16.7566,16.7566,16.7566,16.7566,16.7566,16.7566,16.7566,16.7566,16.7566,16.7566,16.7566,16.7566,16.7566,16.7566,16.7566,16.7566,16.7566,16.7566,16.7566,16.7566,16.7566,16.7566,16.7566,16.7566,16.7566,16.7566,16.7566,16.7566,16.7566,16.7566,16.7566,16.7566,16.7566,16.7566,16.7566,16.7566,16.7566,16.7566,16.7566,16.7566,16.7566,16.7566,16.7566,16.7566,16.7566,16.7566,16.7566,16.7566,16.7566,16.7566,16.7566,16.7566,16.7566,16.7566,16.7566,16.7566,16.7566,16.7566,16.7566,16.7566,16.7566,16.7566,16.7566,16.7566,16.7566,16.7566,16.7566,16.7566,16.7566,16.7566,16.7566,16.7566,16.7566,16.7566,16.7566,16.7566,16.7566,16.7566,16.7566,16.7566,16.7566,16.7566,16.7566,16.7566,16.7566,16.7566,16.7566,16.7566,16.7566,16.7566,16.7566,16.7566,16.7566,16.7566,16.7566,16.7566,16.7566,16.7566,16.7566,16.7566,16.7566,16.7566,16.7566,16.7566,16.7566,16.7566,16.7566,16.7566

Brightness max : 1066.25
Brightness min : 218.00
Feature direction : Ambiguous
Feature speed : Slow
Feature type : Line
Start frame : 1
End frame : 333
Start time (s) : 0.000
End time (s) : 601.280
Time step (s) : 1.811

