KYMOANALYSIS DATA

General Information :

Tiff path : G:\My Drive\microtubule dynamics and cut7\21-15 screens and tests\cut11-7\21-11-03&04 (cut7-3GFP and MCh-mts, long timeseries for finding cutoffs)\
Spindle type : Monopolar
Start frame : 1
End frame : 198
Start time (s) : 0.000
End time (s) : 1802.150
Time step (s) : 9.148
Num poles : 1
Num tracks : 1
Num tracks poleward : 0
Num tracks antipoleward : 0
Num tracks ambiguous : 1
Comments : {

}
Poles Information :


Pole number : 1

Time (s) : 386.17023,395.36461,404.55898,413.75335,422.94772,432.1421,441.33647,450.53084,459.72521,468.91959,478.11396,487.30833,496.5027,505.69708,514.89145,524.08582,533.28019,542.47457,551.66894,560.86331,570.05768,579.25206,588.44643,597.6408,606.83517,616.02955,625.22392,634.41829,643.61266,652.80704,662.00141,671.19578,680.39015,689.58453,698.7789,707.97327,717.16764,726.36202,735.55639,744.75076,753.94513,763.13951,772.33388,781.52825,790.72262,799.917,809.11137,818.30574,827.50011,836.69449,845.88886,855.08323,864.2776,873.47198,882.66635,891.86072,901.05509,910.24947,919.44384,928.63821,937.83258,947.02696,956.22133,965.4157,974.61007,983.80445,992.99882,1002.1932,1011.3876,1020.5819,1029.7763,1038.9707,1048.1651,1057.3594,1066.5538,1075.7482,1084.9425,1094.1369,1103.3313,1112.5257,1121.72,1130.9144,1140.1088,1149.3032,1158.4975,1167.6919,1176.8863,1186.0806,1195.275,1204.4694,1213.6638,1222.8581,1232.0525,1241.2469,1250.4412,1259.6356,1268.83,1278.0244,1287.2187,1296.4131,1305.6075,1314.8019,1323.9962,1333.1906,1342.385,1351.5793,1360.7737,1369.9681,1379.1625,1388.3568,1397.5512,1406.7456,1415.94,1425.1343,1434.3287,1443.5231,1452.7174,1461.9118,1471.1062,1480.3006,1489.4949,1498.6893,1507.8837,1517.0781,1526.2724,1535.4668,1544.6612,1553.8555,1563.0499,1572.2443,1581.4387,1590.633,1599.8274,1609.0218,1618.2161,1627.4105,1636.6049,1645.7993,1654.9936,1664.188,1673.3824,1682.5768,1691.7711,1700.9655,1710.1599,1719.3542,1728.5486,1737.743,1746.9374,1756.1317,1765.3261,1774.5205,1783.7149,1792.9092,1802.1036,1811.298

Position (um) : 2.5155,2.5152,2.5148,2.5144,2.514,2.5137,2.5133,2.5129,2.5126,2.5122,2.5118,2.5114,2.5111,2.5107,2.5103,2.51,2.5096,2.5092,2.5088,2.5085,2.5081,2.5077,2.5074,2.507,2.5066,2.5063,2.5059,2.5055,2.5051,2.5048,2.5044,2.504,2.5037,2.5033,2.5029,2.5025,2.5022,2.5018,2.5014,2.5011,2.5007,2.5003,2.4999,2.4996,2.4992,2.4988,2.4985,2.4981,2.4977,2.4974,2.497,2.4966,2.4962,2.4959,2.4955,2.4951,2.4948,2.4944,2.494,2.4936,2.4933,2.4929,2.4925,2.4922,2.4918,2.4914,2.491,2.4907,2.4903,2.4899,2.4896,2.4892,2.4888,2.4885,2.4881,2.4877,2.4873,2.487,2.4866,2.4862,2.4859,2.4855,2.4851,2.4847,2.4844,2.484,2.4836,2.4833,2.4829,2.4825,2.4821,2.4818,2.4814,2.481,2.4807,2.4803,2.4799,2.4795,2.4792,2.4788,2.4784,2.4781,2.4777,2.4773,2.477,2.4766,2.4762,2.4758,2.4755,2.4751,2.4747,2.4744,2.474,2.4736,2.4732,2.4729,2.4725,2.4721,2.4718,2.4714,2.471,2.4706,2.4703,2.4699,2.4695,2.4692,2.4688,2.4684,2.4681,2.4677,2.4673,2.4669,2.4666,2.4662,2.4658,2.4655,2.4651,2.4647,2.4643,2.464,2.4636,2.4632,2.4629,2.4625,2.4621,2.4617,2.4614,2.461,2.4606,2.4603,2.4599,2.4595,2.4592,2.4588,2.4584,2.458

Intensity : 386.9016,475.828,563.1588,662.3468,725.9726,771.9971,806.5924,838.3627,877.2931,864.2739,859.7801,862.0548,868.8184,897.7792,888.5837,910.5809,902.0349,884.9297,854.3537,829.5437,833.5585,832.9876,823.1,822.8974,830.6202,827.0232,813.8864,816.5932,843.8256,838.0945,805.5988,782.4612,789.4175,813.3974,815.0274,813.4517,807.6796,799.1082,795.2429,796.7327,803.6778,815.4031,827.8211,839.3711,827.1988,781.5726,722.6083,675.7487,660.0412,685.9683,726.5275,740.2521,724.1743,697.0499,704.9454,698.6964,679.6654,664.0766,671.304,698.7908,714.2805,715.2466,706.642,702.1766,705.4647,703.5978,690.763,699.7171,730.2003,760.4387,784.5569,796.2549,795.0987,765.0455,732.7747,711.3716,720.4859,720.3827,726.5407,714.4988,708.2272,719.5839,740.8922,755.5882,753.5507,743.225,745.1011,733.9261,715.0093,685.9959,673.4238,682.8146,679.9438,663.406,643.0297,633.1326,629.5741,627.8786,639.8066,654.9713,669.9831,675.9726,685.9615,685.9493,672.6629,666.0079,665.288,682.597,677.2287,664.0476,656.4773,647.0497,650.3824,657.3528,677.4292,682.5969,684.7145,685.5549,707.3532,723.8785,728.5876,709.8326,674.7211,661.482,680.929,690.6125,684.9743,657.9897,643.8361,645.9982,666.6335,698.4018,726.2409,733.0387,739.9453,729.1258,717.6923,712.8111,712.3683,687.1814,692.5348,684.5281,712.9032,709.9164,728.1056,726.3639,713.1725,669.6823,628.4937,585.9081,556.5382,545.1051,533.141,541.7698,539.7589,536.8186

Time pixel : 42.21376,43.21884,44.22391,45.22898,46.23405,47.23913,48.2442,49.24927,50.25434,51.25942,52.26449,53.26956,54.27463,55.27971,56.28478,57.28985,58.29492,59.3,60.30507,61.31014,62.31521,63.32029,64.32536,65.33043,66.3355,67.34058,68.34565,69.35072,70.35579,71.36087,72.36594,73.37101,74.37608,75.38116,76.38623,77.3913,78.39637,79.40145,80.40652,81.41159,82.41666,83.42174,84.42681,85.43188,86.43695,87.44203,88.4471,89.45217,90.45724,91.46232,92.46739,93.47246,94.47753,95.48261,96.48768,97.49275,98.49782,99.5029,100.508,101.513,102.5181,103.5232,104.5283,105.5333,106.5384,107.5435,108.5485,109.5536,110.5587,111.5638,112.5688,113.5739,114.579,115.5841,116.5891,117.5942,118.5993,119.6043,120.6094,121.6145,122.6196,123.6246,124.6297,125.6348,126.6399,127.6449,128.65,129.6551,130.6601,131.6652,132.6703,133.6754,134.6804,135.6855,136.6906,137.6957,138.7007,139.7058,140.7109,141.7159,142.721,143.7261,144.7312,145.7362,146.7413,147.7464,148.7514,149.7565,150.7616,151.7667,152.7717,153.7768,154.7819,155.787,156.792,157.7971,158.8022,159.8072,160.8123,161.8174,162.8225,163.8275,164.8326,165.8377,166.8428,167.8478,168.8529,169.858,170.863,171.8681,172.8732,173.8783,174.8833,175.8884,176.8935,177.8986,178.9036,179.9087,180.9138,181.9188,182.9239,183.929,184.9341,185.9391,186.9442,187.9493,188.9543,189.9594,190.9645,191.9696,192.9746,193.9797,194.9848,195.9899,196.9949,198

Position pixel : 23.5757,23.5722,23.5687,23.5652,23.5618,23.5583,23.5548,23.5513,23.5479,23.5444,23.5409,23.5374,23.534,23.5305,23.527,23.5235,23.52,23.5166,23.5131,23.5096,23.5061,23.5027,23.4992,23.4957,23.4922,23.4888,23.4853,23.4818,23.4783,23.4749,23.4714,23.4679,23.4644,23.461,23.4575,23.454,23.4505,23.4471,23.4436,23.4401,23.4366,23.4332,23.4297,23.4262,23.4227,23.4193,23.4158,23.4123,23.4088,23.4053,23.4019,23.3984,23.3949,23.3914,23.388,23.3845,23.381,23.3775,23.3741,23.3706,23.3671,23.3636,23.3602,23.3567,23.3532,23.3497,23.3463,23.3428,23.3393,23.3358,23.3324,23.3289,23.3254,23.3219,23.3185,23.315,23.3115,23.308,23.3046,23.3011,23.2976,23.2941,23.2906,23.2872,23.2837,23.2802,23.2767,23.2733,23.2698,23.2663,23.2628,23.2594,23.2559,23.2524,23.2489,23.2455,23.242,23.2385,23.235,23.2316,23.2281,23.2246,23.2211,23.2177,23.2142,23.2107,23.2072,23.2038,23.2003,23.1968,23.1933,23.1899,23.1864,23.1829,23.1794,23.1759,23.1725,23.169,23.1655,23.162,23.1586,23.1551,23.1516,23.1481,23.1447,23.1412,23.1377,23.1342,23.1308,23.1273,23.1238,23.1203,23.1169,23.1134,23.1099,23.1064,23.103,23.0995,23.096,23.0925,23.0891,23.0856,23.0821,23.0786,23.0752,23.0717,23.0682,23.0647,23.0612,23.0578,23.0543,23.0508,23.0473,23.0439,23.0404,23.0369

Pole type : Line
Start frame : 1
End frame : 198
Start time (s) : 0.000
End time (s) : 1802.150
Time step (s) : 9.148

Feature Information :


Feature number : 1

Time (s) : 391.09863,400.3207,409.54278,418.76485,427.98692,437.209,446.43107,455.65315,464.87522,474.09729,483.31937,492.54144,501.76351,510.98559,520.20766,529.42973,538.65181,547.87388,557.09596,566.31803,575.5401,584.76218,593.98425,603.20632,612.4284,621.65047,630.87254,640.09462,649.31669,658.53877,667.76084,676.98291,686.20499,695.42706,704.64913,713.87121,723.09328,732.31535,741.53743,750.7595,759.98158,769.20365,778.42572,787.6478,796.86987,806.09194,815.31402,824.53609,833.75816,842.98024,852.20231,861.42439,870.64646,879.86853,889.09061,898.31268,907.53475,916.75683,925.9789,935.20097,944.42305,953.64512,962.8672,972.08927,981.31134,990.53342,999.75549,1008.9776,1018.1996,1027.4217,1036.6438,1045.8659,1055.0879,1064.31,1073.5321,1082.7542,1091.9762,1101.1983,1110.4204,1119.6424,1128.8645,1138.0866,1147.3087,1156.5307,1165.7528,1174.9749,1184.197,1193.419,1202.6411,1211.8632,1221.0853,1230.3073,1239.5294,1248.7515,1257.9736,1267.1956,1276.4177,1285.6398,1294.8618,1304.0839,1313.306,1322.5281,1331.7501,1340.9722,1350.1943,1359.4164,1368.6384,1377.8605,1387.0826,1396.3047,1405.5267,1414.7488,1423.9709,1433.193,1442.415,1451.6371,1460.8592,1470.0812,1479.3033,1488.5254,1497.7475,1506.9695,1516.1916,1525.4137,1534.6358,1543.8578,1553.0799,1562.302,1571.5241,1580.7461,1589.9682,1599.1903,1608.4123,1617.6344,1626.8565,1636.0786,1645.3006,1654.5227,1663.7448,1672.9669,1682.1889,1691.411,1700.6331,1709.8552,1719.0772,1728.2993,1737.5214,1746.7435,1755.9655,1765.1876,1774.4097,1783.6317,1792.8538,1802.0759,1811.298

Position (um) : 2.5155,2.5151,2.5148,2.5144,2.514,2.5137,2.5133,2.5129,2.5125,2.5122,2.5118,2.5114,2.511,2.5107,2.5103,2.5099,2.5096,2.5092,2.5088,2.5084,2.5081,2.5077,2.5073,2.5069,2.5066,2.5062,2.5058,2.5054,2.5051,2.5047,2.5043,2.504,2.5036,2.5032,2.5028,2.5025,2.5021,2.5017,2.5013,2.501,2.5006,2.5002,2.4998,2.4995,2.4991,2.4987,2.4984,2.498,2.4976,2.4972,2.4969,2.4965,2.4961,2.4957,2.4954,2.495,2.4946,2.4942,2.4939,2.4935,2.4931,2.4928,2.4924,2.492,2.4916,2.4913,2.4909,2.4905,2.4901,2.4898,2.4894,2.489,2.4886,2.4883,2.4879,2.4875,2.4872,2.4868,2.4864,2.486,2.4857,2.4853,2.4849,2.4845,2.4842,2.4838,2.4834,2.483,2.4827,2.4823,2.4819,2.4816,2.4812,2.4808,2.4804,2.4801,2.4797,2.4793,2.4789,2.4786,2.4782,2.4778,2.4774,2.4771,2.4767,2.4763,2.476,2.4756,2.4752,2.4748,2.4745,2.4741,2.4737,2.4733,2.473,2.4726,2.4722,2.4719,2.4715,2.4711,2.4707,2.4704,2.47,2.4696,2.4692,2.4689,2.4685,2.4681,2.4677,2.4674,2.467,2.4666,2.4663,2.4659,2.4655,2.4651,2.4648,2.4644,2.464,2.4636,2.4633,2.4629,2.4625,2.4621,2.4618,2.4614,2.461,2.4607,2.4603,2.4599,2.4595,2.4592,2.4588,2.4584,2.458

Intensity : 435.6825,519.6335,621.848,699.4816,752.4841,793.0089,819.5806,870.1641,869.0901,859.4903,863.5043,856.6016,897.4963,882.6878,907.9854,906.5587,894.5587,868.6699,832.1063,831.6493,836.2647,825.7843,819.4968,829.6157,830.9321,819.6661,804.2791,839.1864,849.9443,817.0419,786.5435,775.7793,812.1684,815.2552,814.4481,811.2358,801.28,795.2249,795.3135,799.6782,811.132,823.4407,835.9063,840.8775,798.5461,745.0277,682.349,663.2033,664.1329,723.6713,734.1582,741.2193,696.0151,700.9601,706.5207,683.1073,669.756,661.5147,692.4073,711.5176,717.1394,709.4393,701.9664,703.8763,705.792,695.1963,691.7636,722.0359,752.7118,779.4243,794.8104,796.5685,776.6841,737.9947,716.4474,713.384,725.0249,721.1675,722.3481,705.6705,717.0057,734.8699,753.9339,755.0925,745.7026,743.0982,738.4304,718.4448,692.9368,673.6655,679.9736,682.0549,666.9357,646.8674,634.0125,630.0808,628.0666,636.8034,652.5378,667.4191,675.5598,683.8918,686.6679,675.1577,666.4905,665.2585,679.2688,679.2621,665.8096,657.2823,648.4265,649.4356,656.4748,674.5034,682.545,684.4028,685.4983,704.3474,722.3344,728.301,712.2123,678.4421,662.277,678.5983,689.9768,685.6453,660.5267,644.758,645.6501,664.8858,696.005,724.3526,732.7568,739.4789,729.8996,718.329,713.0309,712.3637,688.5034,692.1565,684.9185,711.6755,710.1094,727.4486,726.4513,713.5401,670.7617,629.3564,586.6776,556.9731,545.2364,533.2485,541.7152,539.7649,536.8186

Time pixel : 42.75251,43.76061,44.76871,45.77681,46.78491,47.79301,48.80111,49.80921,50.81731,51.82541,52.83351,53.84161,54.84971,55.85781,56.86592,57.87402,58.88212,59.89022,60.89832,61.90642,62.91452,63.92262,64.93072,65.93882,66.94692,67.95502,68.96312,69.97122,70.97932,71.98742,72.99552,74.00363,75.01173,76.01983,77.02793,78.03603,79.04413,80.05223,81.06033,82.06843,83.07653,84.08463,85.09273,86.10083,87.10893,88.11703,89.12513,90.13324,91.14134,92.14944,93.15754,94.16564,95.17374,96.18184,97.18994,98.19804,99.20614,100.2142,101.2223,102.2304,103.2385,104.2466,105.2547,106.2628,107.2709,108.279,109.2871,110.2952,111.3033,112.3114,113.3195,114.3276,115.3358,116.3439,117.352,118.3601,119.3682,120.3763,121.3844,122.3925,123.4006,124.4087,125.4168,126.4249,127.433,128.4411,129.4492,130.4573,131.4654,132.4735,133.4816,134.4897,135.4978,136.5059,137.514,138.5221,139.5302,140.5383,141.5464,142.5545,143.5626,144.5707,145.5788,146.5869,147.595,148.6031,149.6112,150.6193,151.6274,152.6355,153.6436,154.6517,155.6598,156.6679,157.676,158.6841,159.6922,160.7003,161.7084,162.7165,163.7246,164.7327,165.7408,166.7489,167.757,168.7651,169.7732,170.7813,171.7894,172.7975,173.8056,174.8137,175.8218,176.8299,177.838,178.8461,179.8542,180.8623,181.8704,182.8785,183.8866,184.8947,185.9028,186.9109,187.919,188.9271,189.9352,190.9433,191.9514,192.9595,193.9676,194.9757,195.9838,196.9919,198

Position pixel : 23.5757,23.5722,23.5687,23.5652,23.5617,23.5582,23.5547,23.5512,23.5477,23.5442,23.5407,23.5372,23.5337,23.5302,23.5267,23.5232,23.5197,23.5162,23.5127,23.5092,23.5057,23.5022,23.4987,23.4952,23.4917,23.4882,23.4847,23.4812,23.4777,23.4742,23.4707,23.4672,23.4637,23.4602,23.4567,23.4532,23.4497,23.4462,23.4427,23.4392,23.4357,23.4322,23.4287,23.4252,23.4217,23.4182,23.4147,23.4112,23.4077,23.4042,23.4007,23.3972,23.3937,23.3902,23.3868,23.3833,23.3798,23.3763,23.3728,23.3693,23.3658,23.3623,23.3588,23.3553,23.3518,23.3483,23.3448,23.3413,23.3378,23.3343,23.3308,23.3273,23.3238,23.3203,23.3168,23.3133,23.3098,23.3063,23.3028,23.2993,23.2958,23.2923,23.2888,23.2853,23.2818,23.2783,23.2748,23.2713,23.2678,23.2643,23.2608,23.2573,23.2538,23.2503,23.2468,23.2433,23.2398,23.2363,23.2328,23.2293,23.2258,23.2223,23.2188,23.2153,23.2118,23.2083,23.2048,23.2013,23.1978,23.1943,23.1908,23.1873,23.1838,23.1804,23.1769,23.1734,23.1699,23.1664,23.1629,23.1594,23.1559,23.1524,23.1489,23.1454,23.1419,23.1384,23.1349,23.1314,23.1279,23.1244,23.1209,23.1174,23.1139,23.1104,23.1069,23.1034,23.0999,23.0964,23.0929,23.0894,23.0859,23.0824,23.0789,23.0754,23.0719,23.0684,23.0649,23.0614,23.0579,23.0544,23.0509,23.0474,23.0439,23.0404,23.0369

Brightness max : 410.37
Brightness min : 231.00
Feature direction : Ambiguous
Feature speed : Slow
Feature type : Line
Start frame : 1
End frame : 198
Start time (s) : 0.000
End time (s) : 1802.150
Time step (s) : 9.148

