KYMOANALYSIS DATA

General Information :

Tiff path : G:\My Drive\microtubule dynamics and cut7\21-15 screens and tests\cut11-7\21-11-03&04 (cut7-3GFP and MCh-mts, long timeseries for finding cutoffs)\
Spindle type : Monopolar
Start frame : 1
End frame : 198
Start time (s) : 0.000
End time (s) : 1802.150
Time step (s) : 9.148
Num poles : 1
Num tracks : 1
Num tracks poleward : 0
Num tracks antipoleward : 0
Num tracks ambiguous : 1
Comments : {

}
Poles Information :


Pole number : 1

Time (s) : 9.1479695,18.342612,27.537255,36.731898,45.926541,55.121184,64.315827,73.51047,82.705112,91.899755,101.0944,110.28904,119.48368,128.67833,137.87297,147.06761,156.26226,165.4569,174.65154,183.84618,193.04083,202.23547,211.43011,220.62476,229.8194,239.01404,248.20868,257.40333,266.59797,275.79261,284.98726,294.1819,303.37654,312.57118,321.76583,330.96047,340.15511,349.34976,358.5444,367.73904,376.93368,386.12833,395.32297,404.51761,413.71226,422.9069,432.10154,441.29618,450.49083,459.68547,468.88011,478.07476,487.2694,496.46404,505.65868,514.85333,524.04797,533.24261,542.43726,551.6319,560.82654,570.02118,579.21583,588.41047,597.60511,606.79976,615.9944,625.18904,634.38368,643.57833,652.77297,661.96761,671.16226,680.3569,689.55154,698.74618,707.94083,717.13547,726.33011,735.52476,744.7194,753.91404,763.10868,772.30333,781.49797,790.69261,799.88726,809.0819,818.27654,827.47118,836.66583,845.86047,855.05511,864.24976,873.4444,882.63904,891.83368,901.02833,910.22297,919.41761,928.61226,937.8069,947.00154,956.19618,965.39083,974.58547,983.78011,992.97476,1002.1694,1011.364,1020.5587,1029.7533,1038.948,1048.1426,1057.3373,1066.5319,1075.7265,1084.9212,1094.1158,1103.3105,1112.5051,1121.6998,1130.8944,1140.089,1149.2837,1158.4783,1167.673,1176.8676,1186.0623,1195.2569,1204.4515,1213.6462,1222.8408,1232.0355,1241.2301,1250.4248,1259.6194,1268.814,1278.0087,1287.2033,1296.398,1305.5926,1314.7873,1323.9819,1333.1765,1342.3712,1351.5658,1360.7605,1369.9551,1379.1498,1388.3444,1397.539,1406.7337,1415.9283,1425.123,1434.3176,1443.5123,1452.7069,1461.9015,1471.0962,1480.2908,1489.4855,1498.6801,1507.8748,1517.0694,1526.264,1535.4587,1544.6533,1553.848,1563.0426,1572.2373,1581.4319,1590.6265,1599.8212,1609.0158,1618.2105,1627.4051,1636.5998,1645.7944,1654.989,1664.1837,1673.3783,1682.573,1691.7676,1700.9623,1710.1569,1719.3515,1728.5462,1737.7408,1746.9355,1756.1301,1765.3248,1774.5194,1783.714,1792.9087,1802.1033,1811.298

Position (um) : 2.3311,2.3308,2.3305,2.3302,2.3299,2.3296,2.3293,2.329,2.3287,2.3284,2.3281,2.3278,2.3275,2.3272,2.327,2.3267,2.3264,2.3261,2.3258,2.3255,2.3252,2.3249,2.3246,2.3243,2.324,2.3237,2.3234,2.3231,2.3228,2.3226,2.3223,2.322,2.3217,2.3214,2.3211,2.3208,2.3205,2.3202,2.3199,2.3196,2.3193,2.319,2.3187,2.3184,2.3182,2.3179,2.3176,2.3173,2.317,2.3167,2.3164,2.3161,2.3158,2.3155,2.3152,2.3149,2.3146,2.3143,2.314,2.3138,2.3135,2.3132,2.3129,2.3126,2.3123,2.312,2.3117,2.3114,2.3111,2.3108,2.3105,2.3102,2.3099,2.3096,2.3094,2.3091,2.3088,2.3085,2.3082,2.3079,2.3076,2.3073,2.307,2.3067,2.3064,2.3061,2.3058,2.3055,2.3053,2.305,2.3047,2.3044,2.3041,2.3038,2.3035,2.3032,2.3029,2.3026,2.3023,2.302,2.3017,2.3014,2.3011,2.3009,2.3006,2.3003,2.3,2.2997,2.2994,2.2991,2.2988,2.2985,2.2982,2.2979,2.2976,2.2973,2.297,2.2967,2.2965,2.2962,2.2959,2.2956,2.2953,2.295,2.2947,2.2944,2.2941,2.2938,2.2935,2.2932,2.2929,2.2926,2.2923,2.2921,2.2918,2.2915,2.2912,2.2909,2.2906,2.2903,2.29,2.2897,2.2894,2.2891,2.2888,2.2885,2.2882,2.2879,2.2877,2.2874,2.2871,2.2868,2.2865,2.2862,2.2859,2.2856,2.2853,2.285,2.2847,2.2844,2.2841,2.2838,2.2835,2.2833,2.283,2.2827,2.2824,2.2821,2.2818,2.2815,2.2812,2.2809,2.2806,2.2803,2.28,2.2797,2.2794,2.2791,2.2789,2.2786,2.2783,2.278,2.2777,2.2774,2.2771,2.2768,2.2765,2.2762,2.2759,2.2756,2.2753,2.275,2.2747,2.2745,2.2742,2.2739,2.2736

Intensity : 591.6308,600.3901,595.4769,587.4495,584.1585,627.3953,655.5719,656.2823,617.7465,608.801,606.0505,590.6528,616.7302,628.7564,674.8586,662.5393,659.335,651.5993,636.2422,630.4683,619.5848,606.1461,611.5122,593.7971,605.4569,608.6022,629.963,637.4368,654.4949,651.0211,655.7098,659.2947,662.2999,682.8572,667.246,674.4333,633.2239,626.1702,609.5012,630.3332,644.2625,672.8697,669.1749,677.4954,674.2307,682.3813,673.9275,670.8332,672.4687,668.6225,665.2372,657.6567,654.99,653.9643,658.7705,656.6124,638.1564,611.4329,600.6181,610.4162,613.6824,610.3046,603.4146,621.3467,644.3032,661.4787,660.3468,639.5483,617.2681,611.4584,622.0425,625.1738,603.7998,576.2403,571.5309,584.8756,596.8556,586.91,573.4379,586.016,605.8155,621.7452,618.6478,614.2793,611.0825,610.4293,616.8941,619.3646,603.3635,586.1884,582.0275,581.0133,565.7645,540.1837,530.6307,528.8947,538.3773,558.1131,575.0643,574.5378,564.4238,562.4866,563.9376,562.8072,557.6844,550.2775,545.4237,544.1712,545.3458,549.0705,544.9169,546.0802,541.4741,543.5276,542.3601,551.6671,554.3737,554.332,548.5554,542.4122,535.632,520.4377,510.5175,510.4946,507.4895,504.4169,492.7567,493.2834,500.8851,513.8184,507.8335,522.6224,525.5071,533.5116,517.5377,515.9531,528.6883,544.4897,566.7331,578.5642,563.925,540.0311,518.0684,536.744,560.1667,579.4775,571.9445,561.3395,569.7506,595.4263,597.4251,572.6097,565.2607,570.2238,586.3126,558.7001,541.8318,537.8947,560.3138,580.9668,581.3015,583.279,570.226,567.7767,552.8716,554.2295,567.4844,581.4121,589.9164,579.88,581.0074,584.1673,582.03,566.2154,561.6873,564.3822,581.4947,565.8428,550.1729,516.7593,536.3735,556.9854,560.4962,549.2499,539.4065,561.2275,567.6866,566.0964,559.3148,562.2623,565.966,589.5246,585.9397,603.3003,577.5058,595.6212,599.2215

Time pixel : 1,2.005102,3.010204,4.015306,5.020408,6.02551,7.030612,8.035714,9.040816,10.04592,11.05102,12.05612,13.06122,14.06633,15.07143,16.07653,17.08163,18.08673,19.09184,20.09694,21.10204,22.10714,23.11224,24.11735,25.12245,26.12755,27.13265,28.13776,29.14286,30.14796,31.15306,32.15816,33.16327,34.16837,35.17347,36.17857,37.18367,38.18878,39.19388,40.19898,41.20408,42.20918,43.21429,44.21939,45.22449,46.22959,47.23469,48.2398,49.2449,50.25,51.2551,52.2602,53.26531,54.27041,55.27551,56.28061,57.28571,58.29082,59.29592,60.30102,61.30612,62.31122,63.31633,64.32143,65.32653,66.33163,67.33673,68.34184,69.34694,70.35204,71.35714,72.36224,73.36735,74.37245,75.37755,76.38265,77.38776,78.39286,79.39796,80.40306,81.40816,82.41327,83.41837,84.42347,85.42857,86.43367,87.43878,88.44388,89.44898,90.45408,91.45918,92.46429,93.46939,94.47449,95.47959,96.48469,97.4898,98.4949,99.5,100.5051,101.5102,102.5153,103.5204,104.5255,105.5306,106.5357,107.5408,108.5459,109.551,110.5561,111.5612,112.5663,113.5714,114.5765,115.5816,116.5867,117.5918,118.5969,119.602,120.6071,121.6122,122.6173,123.6224,124.6276,125.6327,126.6378,127.6429,128.648,129.6531,130.6582,131.6633,132.6684,133.6735,134.6786,135.6837,136.6888,137.6939,138.699,139.7041,140.7092,141.7143,142.7194,143.7245,144.7296,145.7347,146.7398,147.7449,148.75,149.7551,150.7602,151.7653,152.7704,153.7755,154.7806,155.7857,156.7908,157.7959,158.801,159.8061,160.8112,161.8163,162.8214,163.8265,164.8316,165.8367,166.8418,167.8469,168.852,169.8571,170.8622,171.8673,172.8724,173.8776,174.8827,175.8878,176.8929,177.898,178.9031,179.9082,180.9133,181.9184,182.9235,183.9286,184.9337,185.9388,186.9439,187.949,188.9541,189.9592,190.9643,191.9694,192.9745,193.9796,194.9847,195.9898,196.9949,198

Position pixel : 21.8469,21.8441,21.8414,21.8386,21.8359,21.8331,21.8304,21.8276,21.8249,21.8221,21.8194,21.8166,21.8139,21.8111,21.8084,21.8056,21.8029,21.8001,21.7974,21.7946,21.7919,21.7891,21.7864,21.7836,21.7809,21.7781,21.7754,21.7726,21.7699,21.7671,21.7644,21.7616,21.7589,21.7561,21.7534,21.7507,21.7479,21.7452,21.7424,21.7397,21.7369,21.7342,21.7314,21.7287,21.7259,21.7232,21.7204,21.7177,21.7149,21.7122,21.7094,21.7067,21.7039,21.7012,21.6984,21.6957,21.6929,21.6902,21.6874,21.6847,21.6819,21.6792,21.6764,21.6737,21.6709,21.6682,21.6654,21.6627,21.6599,21.6572,21.6544,21.6517,21.6489,21.6462,21.6435,21.6407,21.638,21.6352,21.6325,21.6297,21.627,21.6242,21.6215,21.6187,21.616,21.6132,21.6105,21.6077,21.605,21.6022,21.5995,21.5967,21.594,21.5912,21.5885,21.5857,21.583,21.5802,21.5775,21.5747,21.572,21.5692,21.5665,21.5637,21.561,21.5582,21.5555,21.5527,21.55,21.5472,21.5445,21.5418,21.539,21.5363,21.5335,21.5308,21.528,21.5253,21.5225,21.5198,21.517,21.5143,21.5115,21.5088,21.506,21.5033,21.5005,21.4978,21.495,21.4923,21.4895,21.4868,21.484,21.4813,21.4785,21.4758,21.473,21.4703,21.4675,21.4648,21.462,21.4593,21.4565,21.4538,21.451,21.4483,21.4455,21.4428,21.44,21.4373,21.4346,21.4318,21.4291,21.4263,21.4236,21.4208,21.4181,21.4153,21.4126,21.4098,21.4071,21.4043,21.4016,21.3988,21.3961,21.3933,21.3906,21.3878,21.3851,21.3823,21.3796,21.3768,21.3741,21.3713,21.3686,21.3658,21.3631,21.3603,21.3576,21.3548,21.3521,21.3493,21.3466,21.3438,21.3411,21.3383,21.3356,21.3329,21.3301,21.3274,21.3246,21.3219,21.3191,21.3164,21.3136,21.3109,21.3081

Pole type : Line
Start frame : 1
End frame : 198
Start time (s) : 0.000
End time (s) : 1802.150
Time step (s) : 9.148

Feature Information :


Feature number : 1

Time (s) : 9.1479695,18.342612,27.537255,36.731898,45.926541,55.121184,64.315827,73.51047,82.705112,91.899755,101.0944,110.28904,119.48368,128.67833,137.87297,147.06761,156.26226,165.4569,174.65154,183.84618,193.04083,202.23547,211.43011,220.62476,229.8194,239.01404,248.20868,257.40333,266.59797,275.79261,284.98726,294.1819,303.37654,312.57118,321.76583,330.96047,340.15511,349.34976,358.5444,367.73904,376.93368,386.12833,395.32297,404.51761,413.71226,422.9069,432.10154,441.29618,450.49083,459.68547,468.88011,478.07476,487.2694,496.46404,505.65868,514.85333,524.04797,533.24261,542.43726,551.6319,560.82654,570.02118,579.21583,588.41047,597.60511,606.79976,615.9944,625.18904,634.38368,643.57833,652.77297,661.96761,671.16226,680.3569,689.55154,698.74618,707.94083,717.13547,726.33011,735.52476,744.7194,753.91404,763.10868,772.30333,781.49797,790.69261,799.88726,809.0819,818.27654,827.47118,836.66583,845.86047,855.05511,864.24976,873.4444,882.63904,891.83368,901.02833,910.22297,919.41761,928.61226,937.8069,947.00154,956.19618,965.39083,974.58547,983.78011,992.97476,1002.1694,1011.364,1020.5587,1029.7533,1038.948,1048.1426,1057.3373,1066.5319,1075.7265,1084.9212,1094.1158,1103.3105,1112.5051,1121.6998,1130.8944,1140.089,1149.2837,1158.4783,1167.673,1176.8676,1186.0623,1195.2569,1204.4515,1213.6462,1222.8408,1232.0355,1241.2301,1250.4248,1259.6194,1268.814,1278.0087,1287.2033,1296.398,1305.5926,1314.7873,1323.9819,1333.1765,1342.3712,1351.5658,1360.7605,1369.9551,1379.1498,1388.3444,1397.539,1406.7337,1415.9283,1425.123,1434.3176,1443.5123,1452.7069,1461.9015,1471.0962,1480.2908,1489.4855,1498.6801,1507.8748,1517.0694,1526.264,1535.4587,1544.6533,1553.848,1563.0426,1572.2373,1581.4319,1590.6265,1599.8212,1609.0158,1618.2105,1627.4051,1636.5998,1645.7944,1654.989,1664.1837,1673.3783,1682.573,1691.7676,1700.9623,1710.1569,1719.3515,1728.5462,1737.7408,1746.9355,1756.1301,1765.3248,1774.5194,1783.714,1792.9087,1802.1033,1811.298

Position (um) : 2.3311,2.3308,2.3305,2.3302,2.3299,2.3296,2.3293,2.329,2.3287,2.3284,2.3281,2.3278,2.3275,2.3272,2.327,2.3267,2.3264,2.3261,2.3258,2.3255,2.3252,2.3249,2.3246,2.3243,2.324,2.3237,2.3234,2.3231,2.3228,2.3226,2.3223,2.322,2.3217,2.3214,2.3211,2.3208,2.3205,2.3202,2.3199,2.3196,2.3193,2.319,2.3187,2.3184,2.3182,2.3179,2.3176,2.3173,2.317,2.3167,2.3164,2.3161,2.3158,2.3155,2.3152,2.3149,2.3146,2.3143,2.314,2.3138,2.3135,2.3132,2.3129,2.3126,2.3123,2.312,2.3117,2.3114,2.3111,2.3108,2.3105,2.3102,2.3099,2.3096,2.3094,2.3091,2.3088,2.3085,2.3082,2.3079,2.3076,2.3073,2.307,2.3067,2.3064,2.3061,2.3058,2.3055,2.3053,2.305,2.3047,2.3044,2.3041,2.3038,2.3035,2.3032,2.3029,2.3026,2.3023,2.302,2.3017,2.3014,2.3011,2.3009,2.3006,2.3003,2.3,2.2997,2.2994,2.2991,2.2988,2.2985,2.2982,2.2979,2.2976,2.2973,2.297,2.2967,2.2965,2.2962,2.2959,2.2956,2.2953,2.295,2.2947,2.2944,2.2941,2.2938,2.2935,2.2932,2.2929,2.2926,2.2923,2.2921,2.2918,2.2915,2.2912,2.2909,2.2906,2.2903,2.29,2.2897,2.2894,2.2891,2.2888,2.2885,2.2882,2.2879,2.2877,2.2874,2.2871,2.2868,2.2865,2.2862,2.2859,2.2856,2.2853,2.285,2.2847,2.2844,2.2841,2.2838,2.2835,2.2833,2.283,2.2827,2.2824,2.2821,2.2818,2.2815,2.2812,2.2809,2.2806,2.2803,2.28,2.2797,2.2794,2.2791,2.2789,2.2786,2.2783,2.278,2.2777,2.2774,2.2771,2.2768,2.2765,2.2762,2.2759,2.2756,2.2753,2.275,2.2747,2.2745,2.2742,2.2739,2.2736

Intensity : 591.6308,600.3901,595.4769,587.4495,584.1585,627.3953,655.5719,656.2823,617.7465,608.801,606.0505,590.6528,616.7302,628.7564,674.8586,662.5393,659.335,651.5993,636.2422,630.4683,619.5848,606.1461,611.5122,593.7971,605.4569,608.6022,629.963,637.4368,654.4949,651.0211,655.7098,659.2947,662.2999,682.8572,667.246,674.4333,633.2239,626.1702,609.5012,630.3332,644.2625,672.8697,669.1749,677.4954,674.2307,682.3813,673.9275,670.8332,672.4687,668.6225,665.2372,657.6567,654.99,653.9643,658.7705,656.6124,638.1564,611.4329,600.6181,610.4162,613.6824,610.3046,603.4146,621.3467,644.3032,661.4787,660.3468,639.5483,617.2681,611.4584,622.0425,625.1738,603.7998,576.2403,571.5309,584.8756,596.8556,586.91,573.4379,586.016,605.8155,621.7452,618.6478,614.2793,611.0825,610.4293,616.8941,619.3646,603.3635,586.1884,582.0275,581.0133,565.7645,540.1837,530.6307,528.8947,538.3773,558.1131,575.0643,574.5378,564.4238,562.4866,563.9376,562.8072,557.6844,550.2775,545.4237,544.1712,545.3458,549.0705,544.9169,546.0802,541.4741,543.5276,542.3601,551.6671,554.3737,554.332,548.5554,542.4122,535.632,520.4377,510.5175,510.4946,507.4895,504.4169,492.7567,493.2834,500.8851,513.8184,507.8335,522.6224,525.5071,533.5116,517.5377,515.9531,528.6883,544.4897,566.7331,578.5642,563.925,540.0311,518.0684,536.744,560.1667,579.4775,571.9445,561.3395,569.7506,595.4263,597.4251,572.6097,565.2607,570.2238,586.3126,558.7001,541.8318,537.8947,560.3138,580.9668,581.3015,583.279,570.226,567.7767,552.8716,554.2295,567.4844,581.4121,589.9164,579.88,581.0074,584.1673,582.03,566.2154,561.6873,564.3822,581.4947,565.8428,550.1729,516.7593,536.3735,556.9854,560.4962,549.2499,539.4065,561.2275,567.6866,566.0964,559.3148,562.2623,565.966,589.5246,585.9397,603.3003,577.5058,595.6212,599.2215

Time pixel : 1,2.005102,3.010204,4.015306,5.020408,6.02551,7.030612,8.035714,9.040816,10.04592,11.05102,12.05612,13.06122,14.06633,15.07143,16.07653,17.08163,18.08673,19.09184,20.09694,21.10204,22.10714,23.11224,24.11735,25.12245,26.12755,27.13265,28.13776,29.14286,30.14796,31.15306,32.15816,33.16327,34.16837,35.17347,36.17857,37.18367,38.18878,39.19388,40.19898,41.20408,42.20918,43.21429,44.21939,45.22449,46.22959,47.23469,48.2398,49.2449,50.25,51.2551,52.2602,53.26531,54.27041,55.27551,56.28061,57.28571,58.29082,59.29592,60.30102,61.30612,62.31122,63.31633,64.32143,65.32653,66.33163,67.33673,68.34184,69.34694,70.35204,71.35714,72.36224,73.36735,74.37245,75.37755,76.38265,77.38776,78.39286,79.39796,80.40306,81.40816,82.41327,83.41837,84.42347,85.42857,86.43367,87.43878,88.44388,89.44898,90.45408,91.45918,92.46429,93.46939,94.47449,95.47959,96.48469,97.4898,98.4949,99.5,100.5051,101.5102,102.5153,103.5204,104.5255,105.5306,106.5357,107.5408,108.5459,109.551,110.5561,111.5612,112.5663,113.5714,114.5765,115.5816,116.5867,117.5918,118.5969,119.602,120.6071,121.6122,122.6173,123.6224,124.6276,125.6327,126.6378,127.6429,128.648,129.6531,130.6582,131.6633,132.6684,133.6735,134.6786,135.6837,136.6888,137.6939,138.699,139.7041,140.7092,141.7143,142.7194,143.7245,144.7296,145.7347,146.7398,147.7449,148.75,149.7551,150.7602,151.7653,152.7704,153.7755,154.7806,155.7857,156.7908,157.7959,158.801,159.8061,160.8112,161.8163,162.8214,163.8265,164.8316,165.8367,166.8418,167.8469,168.852,169.8571,170.8622,171.8673,172.8724,173.8776,174.8827,175.8878,176.8929,177.898,178.9031,179.9082,180.9133,181.9184,182.9235,183.9286,184.9337,185.9388,186.9439,187.949,188.9541,189.9592,190.9643,191.9694,192.9745,193.9796,194.9847,195.9898,196.9949,198

Position pixel : 21.8469,21.8441,21.8414,21.8386,21.8359,21.8331,21.8304,21.8276,21.8249,21.8221,21.8194,21.8166,21.8139,21.8111,21.8084,21.8056,21.8029,21.8001,21.7974,21.7946,21.7919,21.7891,21.7864,21.7836,21.7809,21.7781,21.7754,21.7726,21.7699,21.7671,21.7644,21.7616,21.7589,21.7561,21.7534,21.7507,21.7479,21.7452,21.7424,21.7397,21.7369,21.7342,21.7314,21.7287,21.7259,21.7232,21.7204,21.7177,21.7149,21.7122,21.7094,21.7067,21.7039,21.7012,21.6984,21.6957,21.6929,21.6902,21.6874,21.6847,21.6819,21.6792,21.6764,21.6737,21.6709,21.6682,21.6654,21.6627,21.6599,21.6572,21.6544,21.6517,21.6489,21.6462,21.6435,21.6407,21.638,21.6352,21.6325,21.6297,21.627,21.6242,21.6215,21.6187,21.616,21.6132,21.6105,21.6077,21.605,21.6022,21.5995,21.5967,21.594,21.5912,21.5885,21.5857,21.583,21.5802,21.5775,21.5747,21.572,21.5692,21.5665,21.5637,21.561,21.5582,21.5555,21.5527,21.55,21.5472,21.5445,21.5418,21.539,21.5363,21.5335,21.5308,21.528,21.5253,21.5225,21.5198,21.517,21.5143,21.5115,21.5088,21.506,21.5033,21.5005,21.4978,21.495,21.4923,21.4895,21.4868,21.484,21.4813,21.4785,21.4758,21.473,21.4703,21.4675,21.4648,21.462,21.4593,21.4565,21.4538,21.451,21.4483,21.4455,21.4428,21.44,21.4373,21.4346,21.4318,21.4291,21.4263,21.4236,21.4208,21.4181,21.4153,21.4126,21.4098,21.4071,21.4043,21.4016,21.3988,21.3961,21.3933,21.3906,21.3878,21.3851,21.3823,21.3796,21.3768,21.3741,21.3713,21.3686,21.3658,21.3631,21.3603,21.3576,21.3548,21.3521,21.3493,21.3466,21.3438,21.3411,21.3383,21.3356,21.3329,21.3301,21.3274,21.3246,21.3219,21.3191,21.3164,21.3136,21.3109,21.3081

Brightness max : 694.00
Brightness min : 240.00
Feature direction : Ambiguous
Feature speed : Slow
Feature type : Line
Start frame : 1
End frame : 198
Start time (s) : 0.000
End time (s) : 1802.150
Time step (s) : 9.148

