KYMOANALYSIS DATA

General Information :

Tiff path : E:\Google Drive\microtubule dynamics and cut7\19-15 screens and tests\gtb1-K5A\19-11-13(gtb1-K5A, cut11-7, cut73-GFP and MTs)\
Spindle type : Monopolar
Start frame : 1
End frame : 99
Start time (s) : 0.000
End time (s) : 810.290000025
Time step (s) : 8.184747475
Num poles : 1
Num tracks : 2
Num tracks poleward : 0
Num tracks antipoleward : 0
Num tracks ambiguous : 2
Comments : {

}
Poles Information :


Pole number : 1

Time (s) : 8.56312835077,16.8088521945,25.0545760381,33.3002998818,41.5460237255,49.7917475692,58.0374714129,66.2831952566,74.5289191003,82.7748066389,91.0201212452,99.2662543263,107.511568933,115.757702014,124.00301662,132.249149701,140.494464307,148.740597388,156.985911995,165.232045076,173.477359682,181.723492763,189.968807369,198.214940451,206.460255057,214.706388138,222.951702744,231.197835825,239.443150432,247.689283513,255.934598119,264.1807312,272.426045806,280.672178887,288.917493494,297.163626575,305.408941181,313.655074262,321.900388869,330.14652195,338.391836556,346.637969637,354.883284243,363.129417324,371.374731931,379.620865012,387.866179618,396.112312699,404.357627305,412.603760386,420.849074993,429.095208074,437.34052268,445.586655761,453.831970368,462.078103449,470.323418055,478.569551136,486.814865742,495.060998823,503.30631343,511.552446511,519.797761117,528.043894198,536.289208804,544.535341885,552.780656492,561.026789573,569.272104179,577.51823726,585.763551867,594.009684948,602.254999554,610.501132635,618.746447241,626.992580322,635.237894929,643.48402801,651.729342616,659.975475697,668.220790303,676.466923385,684.712237991,692.958371072,701.203685678,709.449818759,717.695133366,725.941266447,734.186581053,742.432714134,750.67802874,758.924161821,767.169476428,775.415609509,783.660924115,791.907057196,800.152371802,808.398504884

Position (um) : 1.1849,1.1839,1.1828,1.1818,1.1808,1.1798,1.1788,1.1778,1.1767,1.1757,1.1747,1.1737,1.1727,1.1717,1.1706,1.1696,1.1686,1.1676,1.1666,1.1656,1.1645,1.1635,1.1625,1.1615,1.1605,1.1594,1.1584,1.1574,1.1564,1.1554,1.1544,1.1533,1.1523,1.1513,1.1503,1.1493,1.1483,1.1472,1.1462,1.1452,1.1442,1.1432,1.1422,1.1411,1.1401,1.1391,1.1381,1.1371,1.1361,1.135,1.134,1.133,1.132,1.131,1.13,1.1289,1.1279,1.1269,1.1259,1.1249,1.1239,1.1228,1.1218,1.1208,1.1198,1.1188,1.1178,1.1167,1.1157,1.1147,1.1137,1.1127,1.1117,1.1106,1.1096,1.1086,1.1076,1.1066,1.1055,1.1045,1.1035,1.1025,1.1015,1.1005,1.0994,1.0984,1.0974,1.0964,1.0954,1.0944,1.0933,1.0923,1.0913,1.0903,1.0893,1.0883,1.0872,1.0862

Intensity : 1254.2637,1260.7544,1244.6325,1265.9682,1231.2787,1203.476,1104.1032,1023.9744,944.33357,942.07372,983.51529,999.07369,979.20156,935.1653,922.21541,930.75067,949.00284,947.53442,934.10798,922.22601,954.18677,989.09043,1002.7302,1026.6348,1039.4673,1064.1013,1048.4617,1030.0906,972.89008,931.62218,919.73551,963.46986,1000.9144,1015.7768,1002.1584,988.48922,980.8353,992.09727,1006.9178,1015.9826,1016.2264,1010.2036,1006.8424,990.38932,988.68857,999.98936,1013.3678,1032.1284,1047.6832,1056.843,1044.2176,1011.7419,981.75569,959.39897,958.00151,969.29219,967.13422,952.26987,936.6588,932.22318,932.01797,922.46298,909.44734,887.52051,859.80922,837.28975,849.84964,874.29848,892.98058,882.70988,855.01779,817.07088,801.28965,813.56496,817.45962,819.462,815.02257,815.38766,804.6494,806.56423,823.11581,818.08901,793.76465,768.78227,752.10742,758.55975,775.65941,771.77863,758.39618,733.90124,742.76042,720.20823,690.23423,686.52443,712.65958,733.03561,726.48588,725.23675

Time pixel : 1.04623,2.05368,3.06113,4.06858,5.07603,6.08348,7.09093,8.09838,9.10583,10.1133,11.1207,12.1282,13.1356,14.1431,15.1505,16.158,17.1654,18.1729,19.1803,20.1878,21.1952,22.2027,23.2101,24.2176,25.225,26.2325,27.2399,28.2474,29.2548,30.2623,31.2697,32.2772,33.2846,34.2921,35.2995,36.307,37.3144,38.3219,39.3293,40.3368,41.3442,42.3517,43.3591,44.3666,45.374,46.3815,47.3889,48.3964,49.4038,50.4113,51.4187,52.4262,53.4336,54.4411,55.4485,56.456,57.4634,58.4709,59.4783,60.4858,61.4932,62.5007,63.5081,64.5156,65.523,66.5305,67.5379,68.5454,69.5528,70.5603,71.5677,72.5752,73.5826,74.5901,75.5975,76.605,77.6124,78.6199,79.6273,80.6348,81.6422,82.6497,83.6571,84.6646,85.672,86.6795,87.6869,88.6944,89.7018,90.7093,91.7167,92.7242,93.7316,94.7391,95.7465,96.754,97.7614,98.7689

Position pixel : 11.1047,11.0952,11.0857,11.0761,11.0666,11.0571,11.0475,11.038,11.0285,11.0189,11.0094,10.9999,10.9903,10.9808,10.9713,10.9617,10.9522,10.9427,10.9332,10.9236,10.9141,10.9046,10.895,10.8855,10.876,10.8664,10.8569,10.8474,10.8378,10.8283,10.8188,10.8092,10.7997,10.7902,10.7807,10.7711,10.7616,10.7521,10.7425,10.733,10.7235,10.7139,10.7044,10.6949,10.6853,10.6758,10.6663,10.6567,10.6472,10.6377,10.6282,10.6186,10.6091,10.5996,10.59,10.5805,10.571,10.5614,10.5519,10.5424,10.5328,10.5233,10.5138,10.5043,10.4947,10.4852,10.4757,10.4661,10.4566,10.4471,10.4375,10.428,10.4185,10.4089,10.3994,10.3899,10.3803,10.3708,10.3613,10.3518,10.3422,10.3327,10.3232,10.3136,10.3041,10.2946,10.285,10.2755,10.266,10.2564,10.2469,10.2374,10.2278,10.2183,10.2088,10.1993,10.1897,10.1802

Pole type : Line
Start frame : 1
End frame : 99
Start time (s) : 0.000
End time (s) : 810.290000025
Time step (s) : 8.184747475

Feature Information :


Feature number : 1

Time (s) : 13.3706034752,13.901220654,14.6167312782,15.3734111823,16.1300910864,16.8868528379,17.643532742,18.400212646,19.1569743976,19.9136543016,20.6290830784,21.201033232,21.653076835,22.2249451411,22.8992046381,23.4711547916,23.9231983947,24.4950667008,25.210577325,25.9672572291,26.6827678533,27.2546361594,27.7066797625,28.2373787888,28.768077815,29.2201214181,29.7508204444,30.2814376232,30.7334812262,31.3054313798,32.0208601565,32.7363707808,33.3083209344,33.7191134101,34.1062519657,34.5170444415,35.0477434677,35.5783606466,35.9892349698,36.3762916779,36.7459148739,37.1330534294,37.5438459052,38.1157142113,38.8312248355,39.5466536123,40.1186037659,40.5706473689,41.1425975225,41.8580262993,42.6147062033,43.3714679549,44.1281478589,44.884827763,45.6415895145,46.3982694186,47.1549493227,47.9116292267,48.627139851,49.2402592843,49.8771144854,50.7949520672,51.8799221925,53.0238224996,54.1500437522,55.2938622118,56.4201653118,57.5639837715,58.6902868715,59.8341053311,61.0016595584,62.3302077686,63.7199778898,64.8225452222,65.5006515505,66.1550221111,67.0552624859,68.1166605385,69.0581520405,69.8560830719,70.6127629759,71.36944288,72.1673739113,73.1088654134,74.1702634659,75.1530060952,76.1769180044,77.4642969347,78.936487463,80.4086779914,81.6960569217,82.6790450935,83.4770579723,84.233328639,84.9904177804,85.7466884471,86.5447013259,87.4859472855,88.547509033,89.5304972048,90.4717431644,91.3892533564,92.252744215,93.3552296998,94.6426904777,96.0357344979,97.6694100939,99.367745195,101.065261821,102.698937417,104.0510577,105.236209135,106.362430387,107.464915872,108.365238094,108.97827568,109.471815953,110.228905094,111.289648367,112.374945882,113.292456074,113.97097164,114.809908256,116.014703084,117.302163862,118.511051064,119.757588105,120.818331377,121.455104731,121.883985499,122.294859822,122.825231458,123.355603095,123.766477418,124.153615974,124.523566559,124.910705115,125.321579438,125.851951075,126.383141186,126.834939246,127.407053095,128.122400024,128.878670691,129.635759832,130.392030499,131.14911964,131.905390307,132.662479449,133.418750115,134.175839257,134.932109923,135.689199065,136.446288206,137.202558873,138.000571752,138.941817711,140.003379459,140.903701681,141.516739267,141.968537328,142.540651176,143.255998105,143.971345035,144.502535146,144.811100126,145.262898186,146.056818691,146.772165621,147.224782156,147.5701785,147.79607753,148.022795035,148.368191378,148.738141964,149.12528052,149.494412631,149.881551186,150.251501772,150.596898116,150.823615621,151.049514651,151.353987257,151.579886288,151.805785318,152.110257924,152.295233217,152.336975429,152.336975429,152.336975429,152.336975429,152.377899166,152.562874459,152.867347065,153.093246096,153.360887338,153.891258974,154.606605904,155.363695045,156.119965712,156.959720803,158.085942055,159.492900146,160.845020429,162.174223419,163.419941985,164.443853894,165.467765803,166.796150318,168.494485419,170.497293126,172.500100834,174.198435935,175.485896712,176.283909591,176.777449864,177.348745238,178.064910642,178.821181309,179.57827045,180.334541117,181.091630258,181.847900925,182.604990066,183.361260733,184.118349874,184.874620541,185.631709682,186.387980349,187.145069491,187.901340157,188.658429299,189.41551844,190.171789107,190.928878248,191.685148915,192.400495844,192.972609693,193.424407753,193.955597865,194.485969501,194.937767562,195.468957673,195.999329309,196.410203632,196.797342188,197.167292774,197.512689117,197.69766441,197.78033036,197.964487178,198.269778259,198.495677289,198.721576319,199.026048925,199.251947956,199.560512935,200.358525814,201.830961885,203.751103643,205.528012319,206.736899522,207.575836138,208.373849017,209.315094976,210.376656724,211.317902683,212.115915562,212.873004704,213.62927537,214.386364512,215.142635178,215.89972432,216.656813461,217.413084128,218.128431057,218.700544906,219.152342966,219.724456815,220.439803744,221.237816623,222.261728532,223.734164603,225.51107328,227.209408381,228.722768189,230.010228967,230.951474926,231.564512512,231.975386835,232.362525391,232.773399714,233.303771351,233.875885199,234.471734815,235.163345977,235.759195593,236.372233179,237.087580108,237.843850775,238.600939916,239.357210583,240.114299725,240.870570391,241.66858327,242.651571442,243.898108482,245.143827048,246.12681522,246.924828099,247.681098765,248.438187907,249.194458573,249.909805503,250.481919351,250.933717412,251.464907523,251.995279159,252.406153483,252.793292038,253.163242624,253.55038118,253.961255503,254.532550877,255.247897806,256.004986947,256.762076089,257.518346755,258.275435897,259.031706564,259.829719442,260.770965402,261.832527149,262.773773109,263.6135282,264.55477416,265.616335907,266.557581867,267.355594746,268.111865412,268.909878291,269.851942725,270.912685998,271.89567417,272.919586079,274.207046857,275.637740716,276.925201493,277.908189665,278.747126281,279.730114453,280.975833019,282.222370059,283.205358231,284.00337111,284.800565514,285.742629948,286.845115433,287.930412948,288.888846878,289.710595524,290.628924191,291.528427938,292.326440817,293.083529959,293.839800625,294.596889767,295.353160433,296.110249575,296.867338716,297.623609383,298.338956312,298.951993898,299.588767252,300.465353706,301.365675928,302.163688807,302.961701686,303.902947646,304.964509393,305.906573828,306.703768232,307.460857373,308.21712804,308.974217181,309.731306323,310.487576989,311.244666131,312.000936798,312.758025939,313.514296606,314.271385747,315.027656414,315.784745555,316.541016222,317.298105363,318.05437603,318.811465171,319.567735838,320.283901242,320.855196616,321.307813151,321.838184788,322.368556424,322.821172959,323.351544596,323.881916232,324.334532768,324.905828141,325.621993545,326.420006424,327.361252384,328.422814131,329.323136354,329.936173939,330.387972,330.960085849,331.633690566,332.164880677,332.431703445,332.699344687,333.188792586,333.719164222,334.130038546,334.517177101,334.887127687,335.274266243,335.643398354,336.030536909,336.400487495,336.745883839,336.972601344,337.239424111,337.769795748,338.44421894,339.016332788,339.427207111,339.814345667,340.183477778,340.570616334,340.981490657,341.512680768,342.043052404,342.494850465,343.066964314,343.782311243,344.539400384,345.295671051,346.052760192,346.809030859,347.566120001,348.322390667,349.079479809,349.794826738,350.366940587,350.818738647,351.390852496,352.106199425,352.863288566,353.619559233,354.376648375,355.091995304,355.664109152,356.074983476,356.462122031,356.87217788,357.444291728,358.20138087,359.183550567,360.471011344,361.902523678,363.189984456,364.172154153,364.970167031,365.727256173,366.525269052,367.466515011,368.528076759,369.469322718,370.267335597,371.023606264,371.821619143,372.804607315,374.05032588,375.337786658,376.505750123,377.649159345,378.81712281,380.104583587,381.350302153,382.333290325,383.172226941,384.113472901,385.21677686,386.342998113,387.528149547,388.921193568,390.739025982,392.700909952,394.399245053,395.727629568,396.71061774,397.508630618,398.264901285,399.021990426,399.778261093,400.535350235,401.291620901,402.048710043,402.805799184,403.562069851,404.319158992,405.075429659,405.8325188,406.54786573,407.119979578,407.571777639,408.143891487,408.859238417,409.615509083,410.372598225,411.170611104,412.111857063,413.214342548,414.382306013,415.668948316,416.956409094,418.124372558,419.226858043,420.168104003,420.925193144,421.497306993,421.949105053,422.521218902,423.194823619,423.766937468,424.177811791,424.524026609,424.749925639,425.016748407,425.506196306,426.037386417,426.44826074,426.835399296,427.204531407,427.591669963,428.002544286,428.574658134,429.290005064,430.005351993,430.577465842,431.029263902,431.601377751,432.31672468,433.073813821,433.789160751,434.361274599,434.81307266,435.385186508,436.100533438,436.815880367,437.387994216,437.839792276,438.411906125,439.127253054,439.842599983,440.414713832,440.825588155,441.170984498,441.396883529,441.664524771,442.194896408,442.8693196,443.441433448,443.893231509,444.42442162,444.913869519,445.139768549

Position (um) : 1.8359,1.8359,1.8359,1.8359,1.8359,1.8359,1.8359,1.8359,1.8359,1.8359,1.8354,1.833,1.829,1.8266,1.8255,1.8231,1.8192,1.8168,1.8162,1.8162,1.8157,1.8133,1.8093,1.8064,1.8034,1.7994,1.7965,1.7935,1.7896,1.7866,1.7837,1.7792,1.7743,1.7693,1.7645,1.76,1.757,1.7541,1.7496,1.7448,1.7397,1.7349,1.7304,1.7274,1.7245,1.72,1.7152,1.7106,1.7082,1.7077,1.7072,1.7048,1.7008,1.6984,1.6978,1.6978,1.6978,1.6978,1.6973,1.6949,1.6909,1.6885,1.688,1.688,1.688,1.688,1.688,1.688,1.688,1.6885,1.6915,1.6978,1.7048,1.7101,1.7152,1.72,1.7245,1.7274,1.7304,1.7349,1.7397,1.7442,1.7472,1.7501,1.7546,1.76,1.7674,1.7762,1.7837,1.7896,1.7965,1.8029,1.8064,1.8098,1.8162,1.8231,1.8296,1.8389,1.8492,1.8551,1.8592,1.8655,1.8725,1.8778,1.8834,1.8912,1.9021,1.9114,1.9178,1.9247,1.9316,1.9381,1.9474,1.9578,1.9636,1.9677,1.9746,1.9834,1.9908,1.9967,2.0036,2.0106,2.0165,2.0239,2.0332,2.0426,2.05,2.0554,2.0604,2.0652,2.0698,2.0727,2.0756,2.0802,2.085,2.09,2.0948,2.0993,2.1023,2.1052,2.1092,2.1122,2.1151,2.1191,2.122,2.1255,2.1319,2.1383,2.1412,2.1418,2.1418,2.1418,2.1418,2.1418,2.1418,2.1418,2.1418,2.1418,2.1412,2.1388,2.1343,2.1295,2.125,2.122,2.1185,2.1116,2.1023,2.0924,2.0831,2.0756,2.0698,2.0628,2.0559,2.05,2.0426,2.0332,2.0234,2.0135,2.0036,1.9938,1.9845,1.977,1.9711,1.9642,1.9573,1.9514,1.9439,1.9346,1.9247,1.9149,1.905,1.8957,1.8882,1.8823,1.8749,1.8655,1.8562,1.8488,1.8434,1.8389,1.8365,1.8359,1.8359,1.8359,1.8359,1.8359,1.8359,1.837,1.8424,1.8538,1.8674,1.8799,1.8901,1.8996,1.9074,1.9149,1.9212,1.9247,1.9277,1.9316,1.9341,1.9351,1.9375,1.9415,1.9439,1.9445,1.9445,1.9445,1.9445,1.9445,1.9445,1.9445,1.9445,1.9445,1.9445,1.9445,1.9439,1.941,1.9341,1.9247,1.9149,1.905,1.8951,1.8858,1.8783,1.873,1.8679,1.8626,1.8551,1.8463,1.8389,1.833,1.8255,1.8162,1.8064,1.797,1.7901,1.7866,1.7837,1.7792,1.7743,1.7698,1.7669,1.7639,1.7594,1.7546,1.7501,1.7477,1.7472,1.7472,1.7472,1.7472,1.7472,1.7472,1.7472,1.7477,1.7501,1.7546,1.76,1.7669,1.7749,1.7861,1.8045,1.8255,1.8453,1.8621,1.8749,1.8853,1.8946,1.9021,1.9074,1.9119,1.9149,1.9183,1.9253,1.9341,1.941,1.9439,1.9445,1.9445,1.9445,1.9445,1.9445,1.9445,1.9445,1.9445,1.9445,1.9445,1.9445,1.9445,1.9445,1.9445,1.9445,1.9439,1.9415,1.9375,1.9346,1.9316,1.9271,1.9223,1.9173,1.9125,1.9074,1.9021,1.8946,1.8853,1.8759,1.8685,1.8631,1.8581,1.8522,1.8429,1.8325,1.8266,1.8226,1.8162,1.8098,1.8069,1.8064,1.8069,1.8098,1.8168,1.8255,1.833,1.8394,1.8493,1.8626,1.8749,1.8853,1.8946,1.9026,1.9104,1.9194,1.9271,1.9346,1.9415,1.9469,1.9514,1.9543,1.9573,1.9612,1.9642,1.9671,1.9711,1.9735,1.9741,1.9746,1.977,1.9815,1.9863,1.9908,1.9938,1.9967,2.0012,2.0061,2.0106,2.0135,2.017,2.0234,2.0298,2.0327,2.0338,2.0362,2.0402,2.0426,2.0431,2.0431,2.0436,2.0461,2.05,2.0524,2.053,2.053,2.053,2.053,2.053,2.053,2.053,2.053,2.0524,2.05,2.0461,2.0431,2.0402,2.0362,2.0332,2.0303,2.0258,2.0204,2.0135,2.0066,2.0007,1.9932,1.9839,1.9746,1.9671,1.9607,1.9508,1.9375,1.9253,1.9149,1.905,1.8957,1.8882,1.8818,1.8719,1.8586,1.8458,1.833,1.8192,1.8069,1.797,1.7896,1.7842,1.7792,1.7743,1.7693,1.7645,1.7594,1.7546,1.7501,1.7472,1.7442,1.7402,1.7378,1.7368,1.7344,1.7304,1.728,1.7274,1.7274,1.7274,1.7274,1.7269,1.7245,1.7205,1.7181,1.7176,1.7176,1.7181,1.7205,1.725,1.7298,1.7349,1.7397,1.7448,1.7496,1.7546,1.76,1.7674,1.7768,1.7861,1.7935,1.7994,1.8064,1.8127,1.8162,1.8197,1.8261,1.8325,1.8354,1.8365,1.8394,1.8458,1.8527,1.8586,1.8655,1.8725,1.8783,1.8853,1.8916,1.8951,1.8981,1.9026,1.9074,1.9119,1.9149,1.9178,1.9218,1.9242,1.9253,1.9277,1.9316,1.9341,1.9346,1.9346,1.9346,1.9351,1.9375,1.9415,1.9439,1.9445,1.9445,1.9445,1.945,1.9474,1.9514,1.9538,1.9543,1.9543,1.9549,1.9573,1.9612,1.9636,1.9647,1.9671,1.9711,1.9735,1.9741,1.9741,1.9735,1.9706,1.9636,1.9543,1.9445,1.9346,1.9247,1.9149,1.9055,1.8981,1.8922,1.8847,1.8754,1.8655,1.8557,1.8458,1.8359,1.8261,1.8168,1.8093,1.8039,1.7989,1.7935,1.7866,1.7802,1.7768,1.7738,1.7698,1.7674,1.7669,1.7664,1.7639,1.76,1.757,1.7541,1.7496,1.7448,1.7397,1.7344,1.7274,1.7205,1.7152,1.7101,1.7053,1.7008,1.6978,1.6949,1.6909

Intensity : 364.3168,362.7135,360.552,358.2659,355.9798,354.3017,352.905,351.5082,350.1115,348.7148,347.6194,347.5462,348.2897,348.1185,347.1845,346.9333,347.4607,347.1114,346.3823,345.4678,344.788,345.0953,347.002,348.1344,349.231,351.0179,352.0393,353.0249,354.6918,355.5389,356.1224,357.5364,358.966,360.8327,362.5866,364.0776,364.3968,364.6839,366.0624,367.6249,369.3138,370.7994,372.0243,371.9776,371.5007,371.7495,372.4906,373.3739,373.3411,373.0724,372.7943,374.6418,378.0918,380.017,380.0706,379.5808,379.091,378.6011,378.6998,381.1596,386.5176,390.7903,393.4099,395.5678,397.6927,399.8507,401.9755,404.2962,407.098,409.3357,408.8998,404.9446,400.4878,398.5326,396.9104,395.4349,394.7435,395.4416,395.8162,394.7724,393.389,392.1802,392.0965,392.3314,391.9778,390.9981,388.5665,385.7532,384.1992,383.623,381.6839,380.7188,381.356,381.768,380.4225,379.6075,379.0196,377.0466,374.5111,374.0992,374.0782,371.9153,369.2666,368.0898,367.1148,364.9026,361.0749,359.387,360.157,361.2923,362.0365,362.3929,361.0825,358.0539,356.7324,355.8076,353.2522,350.1818,348.2092,346.9983,344.9699,342.5325,340.7422,338.3021,335.9644,334.0334,332.6944,331.8414,330.6455,329.3101,328.0521,327.432,326.6087,325.1669,323.6098,321.9697,320.4298,319.0221,318.248,317.481,316.3127,315.5839,314.9443,313.9776,313.3834,312.6123,310.7297,309.1434,308.5832,308.5112,308.5448,308.5784,308.6119,308.6455,308.6791,308.7145,308.7563,308.171,307.6312,307.558,307.8845,308.5502,308.9692,308.965,309.1829,310.2469,311.5374,312.3384,312.934,313.4592,313.7749,314.4178,315.0284,315.203,315.511,315.9863,317.0172,318.7091,320.3672,322.0133,323.7842,325.0398,325.642,326.6931,327.712,328.2063,329.4171,331.5141,333.8707,337.6254,342.3857,346.7351,349.636,351.3035,353.9809,357.3432,359.5782,360.0792,359.3476,360.1438,360.3873,359.5007,358.0897,356.7338,355.4016,354.1521,354.2077,354.1734,352.3635,348.0927,343.1703,338.7106,334.8429,331.184,328.1691,325.2043,322.8259,322.1161,321.5656,320.7223,319.9697,318.9795,317.6326,315.8812,314.5731,313.7731,313.1162,312.4593,311.8023,311.1454,310.4884,309.7427,308.9215,308.1003,307.2792,306.458,305.7998,305.8157,306.7969,308.1575,310.1083,312.4549,314.5929,316.4695,317.9184,318.684,319.3732,320.1774,321.8654,324.1167,325.7818,326.754,328.3026,330.3423,333.8143,337.6559,340.1887,340.0291,338.108,335.8934,335.4972,336.6819,337.4198,338.188,339.5686,341.0031,342.3837,342.905,342.7384,343.7211,344.7038,345.6865,346.6692,347.6519,348.6346,349.2874,348.7743,346.9818,344.8392,341.9523,338.6297,334.1633,326.295,320.1651,316.4768,313.1192,311.6037,310.3826,308.6024,306.9245,305.8727,305.1275,305.148,305.0208,304.2879,303.5176,302.9013,303.2169,304.2851,304.7592,304.7896,304.8201,304.8505,304.8809,304.913,304.9526,305.0027,305.0528,304.4743,303.6623,302.8923,302.1222,301.3521,300.7721,300.8481,301.4638,301.7073,301.94,302.7076,303.5704,304.9414,306.4097,307.8294,309.0175,310.7342,313.015,315.1989,316.5978,317.1582,317.5526,318.1125,319.5097,320.8852,322.4985,323.6503,325.5731,328.6333,330.3034,330.5038,330.0234,327.951,324.0974,321.9152,320.338,319.0784,316.7454,313.12,309.5558,306.3185,303.8558,302.4332,301.2994,299.3221,298.6864,297.9805,297.2741,297.0179,297.0853,297.567,297.8927,297.7678,298.0316,298.2687,298.0949,298.3027,299.0308,299.7579,299.911,299.4549,298.8948,298.4069,298.3126,298.1015,297.4498,296.9401,296.5267,296.458,296.1129,294.4095,293.2041,293.0606,293.1242,293.0114,292.7073,292.6042,292.7361,292.9347,292.9459,292.4338,291.7167,291.1852,290.8872,290.6578,290.4284,290.199,289.9697,289.7403,289.5109,289.2478,289.0408,289.1579,289.5484,289.7656,289.9863,290.3888,290.6171,290.849,291.4486,292.386,293.5753,294.6945,295.4981,296.1444,297.2403,298.541,299.5883,300.2978,301.5394,303.5349,305.5747,307.6166,309.5534,311.2736,312.6405,313.762,315.7334,318.4973,321.1285,323.6975,326.5173,329.9673,333.4089,335.8626,337.1142,338.0254,338.9964,340.2925,341.5331,342.8829,344.115,345.1896,345.4849,345.7767,346.5725,346.5908,345.8902,345.8687,346.4331,346.4117,345.6887,344.7642,343.8396,342.9151,342.2424,342.4468,343.3834,343.5877,342.9963,342.4505,341.7043,340.2627,338.0749,335.8817,333.7231,331.6703,329.521,327.3505,324.9767,322.3464,319.4424,317.7718,315.6623,313.7486,312.1505,309.9827,307.9744,307.8242,308.0346,307.5106,306.8102,306.7513,307.1023,307.1601,306.5783,305.8043,305.1031,303.426,301.6759,300.1119,298.209,296.4026,295.3533,294.4123,292.9659,291.4315,290.0092,289.0119,287.9868,286.833,288.2676,289.6747,290.4123,290.6166,291.035,291.7966,292.6606,293.5245,294.2675,294.6029,294.616,294.9514,295.6726,296.5047,297.3368,298.0127,298.1449,297.823,297.9552,298.6311,299.074,299.0203,298.6093,297.9383,297.6183,297.5735,297.3334,296.8757,295.8387,294.6108,293.6336,292.923,292.7283,293.1731,293.7592,294.2288,294.7517,295.4226,296.7423,298.5027,299.7537,300.2825,301.0829,302.4379,303.9084,305.3727,306.774,308.0994,309.1013,309.6832,310.6579,311.5839,312.596,313.4696,314.6022,315.4143,315.2336,316.0252,317.2067,317.762,317.5895,317.4109,317.9116,318.961,319.5841,320.0939,321.0506,322.146,323.3809,324.7235,326.5938,328.4032,329.7391,331.3691,333.3875,335.9273,337.6343,339.3253,341.5043

Time pixel : 1.6336,1.69843,1.78585,1.8783,1.97075,2.06321,2.15566,2.24811,2.34057,2.43302,2.52043,2.59031,2.64554,2.71541,2.79779,2.86767,2.9229,2.99277,3.08019,3.17264,3.26006,3.32993,3.38516,3.45,3.51484,3.57007,3.63491,3.69974,3.75497,3.82485,3.91226,3.99968,4.06956,4.11975,4.16705,4.21724,4.28208,4.34691,4.39711,4.4444,4.48956,4.53686,4.58705,4.65692,4.74434,4.83175,4.90163,4.95686,5.02674,5.11415,5.2066,5.29906,5.39151,5.48396,5.57642,5.66887,5.76132,5.85377,5.94119,6.0161,6.09391,6.20605,6.33861,6.47837,6.61597,6.75572,6.89333,7.03308,7.17069,7.31044,7.45309,7.61541,7.78521,7.91992,8.00277,8.08272,8.19271,8.32239,8.43742,8.53491,8.62736,8.71981,8.8173,8.93233,9.06201,9.18208,9.30718,9.46447,9.64434,9.82421,9.9815,10.1016,10.1991,10.2915,10.384,10.4764,10.5739,10.6889,10.8186,10.9387,11.0537,11.1658,11.2713,11.406,11.5633,11.7335,11.9331,12.1406,12.348,12.5476,12.7128,12.8576,12.9952,13.1299,13.2399,13.3148,13.3751,13.4676,13.5972,13.7298,13.8419,13.9248,14.0273,14.1745,14.3318,14.4795,14.6318,14.7614,14.8392,14.8916,14.9418,15.0066,15.0714,15.1216,15.1689,15.2141,15.2614,15.3116,15.3764,15.4413,15.4965,15.5664,15.6538,15.7462,15.8387,15.9311,16.0236,16.116,16.2085,16.3009,16.3934,16.4858,16.5783,16.6708,16.7632,16.8607,16.9757,17.1054,17.2154,17.2903,17.3455,17.4154,17.5028,17.5902,17.6551,17.6928,17.748,17.845,17.9324,17.9877,18.0299,18.0575,18.0852,18.1274,18.1726,18.2199,18.265,18.3123,18.3575,18.3997,18.4274,18.455,18.4922,18.5198,18.5474,18.5846,18.6072,18.6123,18.6123,18.6123,18.6123,18.6173,18.6399,18.6771,18.7047,18.7374,18.8022,18.8896,18.9821,19.0745,19.1771,19.3147,19.4866,19.6518,19.8142,19.9664,20.0915,20.2166,20.3789,20.5864,20.8311,21.0758,21.2833,21.4406,21.5381,21.5984,21.6682,21.7557,21.8481,21.9406,22.033,22.1255,22.2179,22.3104,22.4028,22.4953,22.5877,22.6802,22.7726,22.8651,22.9575,23.05,23.1425,23.2349,23.3274,23.4198,23.5072,23.5771,23.6323,23.6972,23.762,23.8172,23.8821,23.9469,23.9971,24.0444,24.0896,24.1318,24.1544,24.1645,24.187,24.2243,24.2519,24.2795,24.3167,24.3443,24.382,24.4795,24.6594,24.894,25.1111,25.2588,25.3613,25.4588,25.5738,25.7035,25.8185,25.916,26.0085,26.1009,26.1934,26.2858,26.3783,26.4708,26.5632,26.6506,26.7205,26.7757,26.8456,26.933,27.0305,27.1556,27.3355,27.5526,27.7601,27.945,28.1023,28.2173,28.2922,28.3424,28.3897,28.4399,28.5047,28.5746,28.6474,28.7319,28.8047,28.8796,28.967,29.0594,29.1519,29.2443,29.3368,29.4292,29.5267,29.6468,29.7991,29.9513,30.0714,30.1689,30.2613,30.3538,30.4462,30.5336,30.6035,30.6587,30.7236,30.7884,30.8386,30.8859,30.9311,30.9784,31.0286,31.0984,31.1858,31.2783,31.3708,31.4632,31.5557,31.6481,31.7456,31.8606,31.9903,32.1053,32.2079,32.3229,32.4526,32.5676,32.6651,32.7575,32.855,32.9701,33.0997,33.2198,33.3449,33.5022,33.677,33.8343,33.9544,34.0569,34.177,34.3292,34.4815,34.6016,34.6991,34.7965,34.9116,35.0463,35.1789,35.296,35.3964,35.5086,35.6185,35.716,35.8085,35.9009,35.9934,36.0858,36.1783,36.2708,36.3632,36.4506,36.5255,36.6033,36.7104,36.8204,36.9179,37.0154,37.1304,37.2601,37.3752,37.4726,37.5651,37.6575,37.75,37.8425,37.9349,38.0274,38.1198,38.2123,38.3047,38.3972,38.4896,38.5821,38.6745,38.767,38.8594,38.9519,39.0443,39.1318,39.2016,39.2569,39.3217,39.3865,39.4418,39.5066,39.5714,39.6267,39.6965,39.784,39.8815,39.9965,40.1262,40.2362,40.3111,40.3663,40.4362,40.5185,40.5834,40.616,40.6487,40.7085,40.7733,40.8235,40.8708,40.916,40.9633,41.0084,41.0557,41.1009,41.1431,41.1708,41.2034,41.2682,41.3506,41.4205,41.4707,41.518,41.5631,41.6104,41.6606,41.7255,41.7903,41.8455,41.9154,42.0028,42.0953,42.1877,42.2802,42.3726,42.4651,42.5575,42.65,42.7374,42.8073,42.8625,42.9324,43.0198,43.1123,43.2047,43.2972,43.3846,43.4545,43.5047,43.552,43.6021,43.672,43.7645,43.8845,44.0418,44.2167,44.374,44.494,44.5915,44.684,44.7815,44.8965,45.0262,45.1412,45.2387,45.3311,45.4286,45.5487,45.7009,45.8582,46.0009,46.1406,46.2833,46.4406,46.5928,46.7129,46.8154,46.9304,47.0652,47.2028,47.3476,47.5178,47.7399,47.9796,48.1871,48.3494,48.4695,48.567,48.6594,48.7519,48.8443,48.9368,49.0292,49.1217,49.2142,49.3066,49.3991,49.4915,49.584,49.6714,49.7413,49.7965,49.8664,49.9538,50.0462,50.1387,50.2362,50.3512,50.4859,50.6286,50.7858,50.9431,51.0858,51.2205,51.3355,51.428,51.4979,51.5531,51.623,51.7053,51.7752,51.8254,51.8677,51.8953,51.9279,51.9877,52.0526,52.1028,52.1501,52.1952,52.2425,52.2927,52.3626,52.45,52.5374,52.6073,52.6625,52.7324,52.8198,52.9123,52.9997,53.0696,53.1248,53.1947,53.2821,53.3695,53.4394,53.4946,53.5645,53.6519,53.7393,53.8092,53.8594,53.9016,53.9292,53.9619,54.0267,54.1091,54.179,54.2342,54.2991,54.3589,54.3865

Position pixel : 17.2066,17.2066,17.2066,17.2066,17.2066,17.2066,17.2066,17.2066,17.2066,17.2066,17.2016,17.179,17.1418,17.1192,17.1091,17.0865,17.0493,17.0267,17.0217,17.0217,17.0167,16.9941,16.9569,16.9292,16.9016,16.8644,16.8368,16.8092,16.772,16.7443,16.7167,16.6745,16.6293,16.582,16.5369,16.4946,16.467,16.4394,16.3971,16.352,16.3047,16.2595,16.2172,16.1896,16.162,16.1197,16.0746,16.0323,16.0098,16.0047,15.9997,15.9771,15.9399,15.9173,15.9123,15.9123,15.9123,15.9123,15.9072,15.8846,15.8474,15.8248,15.8198,15.8198,15.8198,15.8198,15.8198,15.8198,15.8198,15.8248,15.8525,15.9123,15.9771,16.0273,16.0746,16.1197,16.162,16.1896,16.2172,16.2595,16.3047,16.3469,16.3745,16.4021,16.4444,16.4946,16.5645,16.6468,16.7167,16.772,16.8368,16.8966,16.9292,16.9619,17.0217,17.0865,17.1468,17.2342,17.3312,17.3865,17.4242,17.484,17.5488,17.599,17.6513,17.7241,17.8262,17.9136,17.9738,18.0387,18.1035,18.1638,18.2512,18.3482,18.4035,18.4411,18.506,18.5884,18.6582,18.7135,18.7783,18.8431,18.8984,18.9682,19.0557,19.1431,19.213,19.2631,19.3104,19.3556,19.3979,19.4255,19.4531,19.4953,19.5405,19.5878,19.633,19.6752,19.7028,19.7304,19.7677,19.7953,19.8229,19.8601,19.8877,19.9204,19.9802,20.04,20.0676,20.0726,20.0726,20.0726,20.0726,20.0726,20.0726,20.0726,20.0726,20.0726,20.0676,20.045,20.0028,19.9576,19.9154,19.8877,19.8551,19.7902,19.7028,19.6104,19.523,19.4531,19.3979,19.333,19.2682,19.213,19.1431,19.0557,18.9632,18.8708,18.7783,18.6858,18.5984,18.5286,18.4733,18.4085,18.3437,18.2884,18.2185,18.1311,18.0387,17.9462,17.8538,17.7664,17.6965,17.6413,17.5714,17.484,17.3965,17.3267,17.2765,17.2342,17.2116,17.2066,17.2066,17.2066,17.2066,17.2066,17.2066,17.2167,17.2669,17.374,17.5015,17.6187,17.714,17.8036,17.8764,17.9462,18.006,18.0387,18.0663,18.1035,18.1261,18.1362,18.1587,18.196,18.2185,18.2236,18.2236,18.2236,18.2236,18.2236,18.2236,18.2236,18.2236,18.2236,18.2236,18.2236,18.2185,18.1909,18.1261,18.0387,17.9462,17.8538,17.7613,17.6739,17.604,17.5538,17.5065,17.4563,17.3865,17.3041,17.2342,17.179,17.1091,17.0217,16.9292,16.8418,16.777,16.7443,16.7167,16.6745,16.6293,16.587,16.5594,16.5318,16.4896,16.4444,16.4021,16.3796,16.3745,16.3745,16.3745,16.3745,16.3745,16.3745,16.3745,16.3796,16.4021,16.4444,16.4946,16.5594,16.6343,16.7398,16.9117,17.1091,17.294,17.4513,17.5714,17.6689,17.7563,17.8262,17.8764,17.9186,17.9462,17.9789,18.0437,18.1261,18.1909,18.2185,18.2236,18.2236,18.2236,18.2236,18.2236,18.2236,18.2236,18.2236,18.2236,18.2236,18.2236,18.2236,18.2236,18.2236,18.2236,18.2185,18.196,18.1587,18.1311,18.1035,18.0613,18.0161,17.9688,17.9236,17.8764,17.8262,17.7563,17.6689,17.5815,17.5116,17.4614,17.4141,17.3589,17.2714,17.1744,17.1192,17.0815,17.0217,16.9619,16.9343,16.9292,16.9343,16.9619,17.0267,17.1091,17.179,17.2393,17.3317,17.4563,17.5714,17.6689,17.7563,17.8312,17.904,17.9885,18.0613,18.1311,18.196,18.2462,18.2884,18.316,18.3437,18.3809,18.4085,18.4361,18.4733,18.4959,18.5009,18.506,18.5286,18.5708,18.616,18.6582,18.6858,18.7135,18.7557,18.8009,18.8431,18.8708,18.9034,18.9632,19.023,19.0506,19.0607,19.0833,19.1205,19.1431,19.1481,19.1481,19.1532,19.1757,19.213,19.2355,19.2406,19.2406,19.2406,19.2406,19.2406,19.2406,19.2406,19.2406,19.2355,19.213,19.1757,19.1481,19.1205,19.0833,19.0557,19.028,18.9858,18.9356,18.8708,18.8059,18.7507,18.6808,18.5934,18.506,18.4361,18.3758,18.2834,18.1587,18.0437,17.9462,17.8538,17.7664,17.6965,17.6362,17.5438,17.4191,17.2991,17.179,17.0493,16.9343,16.8418,16.772,16.7218,16.6745,16.6293,16.582,16.5369,16.4896,16.4444,16.4021,16.3745,16.3469,16.3097,16.2871,16.277,16.2545,16.2172,16.1947,16.1896,16.1896,16.1896,16.1896,16.1846,16.162,16.1248,16.1022,16.0972,16.0972,16.1022,16.1248,16.167,16.2122,16.2595,16.3047,16.352,16.3971,16.4444,16.4946,16.5645,16.6519,16.7393,16.8092,16.8644,16.9292,16.989,17.0217,17.0544,17.1142,17.174,17.2016,17.2116,17.2393,17.2991,17.3639,17.4191,17.484,17.5488,17.604,17.6689,17.7287,17.7613,17.7889,17.8312,17.8764,17.9186,17.9462,17.9738,18.0111,18.0336,18.0437,18.0663,18.1035,18.1261,18.1311,18.1311,18.1311,18.1362,18.1587,18.196,18.2185,18.2236,18.2236,18.2236,18.2286,18.2512,18.2884,18.311,18.316,18.316,18.3211,18.3437,18.3809,18.4035,18.4135,18.4361,18.4733,18.4959,18.5009,18.5009,18.4959,18.4683,18.4035,18.316,18.2236,18.1311,18.0387,17.9462,17.8588,17.7889,17.7337,17.6638,17.5764,17.484,17.3915,17.2991,17.2066,17.1142,17.0267,16.9569,16.9067,16.8594,16.8092,16.7443,16.6845,16.6519,16.6243,16.587,16.5645,16.5594,16.5544,16.5318,16.4946,16.467,16.4394,16.3971,16.352,16.3047,16.2545,16.1896,16.1248,16.0746,16.0273,15.9821,15.9399,15.9123,15.8846,15.8474

Brightness max : 779.29
Brightness min : 233.00
Feature direction : Ambiguous
Feature speed : Slow
Feature type : Curve
Start frame : 1
End frame : 99
Start time (s) : 0.000
End time (s) : 810.290000025
Time step (s) : 8.184747475

Feature number : 2

Time (s) : 606.399755675,606.584730968,606.930127312,607.341001635,607.872191746,608.402563382,608.854361443,609.426475292,610.141822221,610.898911362,611.655182029,612.41227117,613.168541837,613.925630979,614.681901645,615.438990787,616.195261453,616.993274332,617.935338767,618.996082039,619.938146474,620.77708309,621.718329049,622.73896706,623.495237726,623.988777999,624.560891848,625.276238777,625.991585706,626.563699555,627.015497615,627.587611464,628.302958393,629.05922906,629.816318201,630.573407343,631.329678009,632.086767151,632.843037818,633.600126959,634.356397626,635.113486767,635.869757434,636.626846575,637.383117242,638.140206383,638.89647705,639.653566191,640.409836858,641.166926,641.923196666,642.680285808,643.478298687,644.419544646,645.481106394,646.422352353,647.220365232,647.977454374,648.73372504,649.490814182,650.247084848,651.00417399,651.719520919,652.291634768,652.702509091,653.089647646,653.50052197,654.071817343,654.787164273,655.544253414,656.259600343,656.831714192,657.283512253,657.855626101,658.57097303,659.328062172,660.084332839,660.84142198,661.639434859,662.621604556,663.909065334,665.339759192,666.668962182,667.836107172,668.980334869,670.106556122,671.209041607,672.150287566,672.948300445,673.663647374,674.235761223,674.646635546,675.033774102,675.444648425,675.975020061,676.506210172,676.958008233,677.530122082,678.245469011,679.001739678,679.758828819,680.556841698,681.498087657,682.559649405,683.500895365,684.298908243,685.055997385,685.812268051,686.569357193,687.32562786,688.082717001,688.838987668,689.596076809,690.352347476,691.109436617,691.865707284,692.622796425,693.420809304,694.362055264,695.423617011,696.405786708,697.38877488,698.450336628,699.391582587,700.148671729,700.720785577,701.172583638,701.744697486,702.500968153,703.442214113,704.50377586,705.44502182,706.243034699,707.00012384,707.756394507,708.513483648,709.228830577,709.800944426,710.252742487,710.824856335,711.540203264,712.297292406,713.012639335,713.543010972,713.851575951,714.303374012,715.139036729,716.039358951,716.795629618,717.367743467,717.819541527,718.391655376,719.148744517,720.130914214,721.377451255,722.62316982,723.606157992,724.363247133,724.934542507,725.387159043,725.958454416,726.67461982,727.430890487,728.187979629,728.944250295,729.701339437,730.457610103,731.214699245,731.970969911,732.76898279,733.711047225,734.771790497,735.713854932,736.552791548,737.494037508,738.596522992,739.722744245,740.826048205,741.767294164,742.565307043,743.32157771,744.078666851,744.834937518,745.592026659,746.390039538,747.331285498,748.433770983,749.559992235,750.66247772,751.604542155,752.402555033,753.1588257,753.915914841,754.672185508,755.42927465,756.185545316,756.942634458,757.740647337,758.681893296,759.743455044,760.684701003,761.482713882,762.238984549,762.99607369,763.753162832,764.509433498,765.224780428,765.796894276,766.207768599,766.594907155,766.964039266,767.310254084,767.536153115,767.762052145,768.067343226,768.293242256,768.519141286,768.823613892,769.049512923,769.275411953,769.621626771,769.991577357,770.336973701,770.521948993,770.562872731

Position (um) : 1.6909,1.6954,1.7002,1.7048,1.7077,1.7106,1.7146,1.717,1.7176,1.7176,1.7176,1.7176,1.7176,1.7176,1.7181,1.7205,1.7245,1.728,1.7339,1.7448,1.757,1.7698,1.7837,1.7959,1.8058,1.8133,1.8192,1.8261,1.833,1.8389,1.8463,1.8557,1.865,1.8725,1.8778,1.8823,1.8847,1.8853,1.8853,1.8853,1.8853,1.8853,1.8853,1.8853,1.8853,1.8853,1.8853,1.8853,1.8853,1.8853,1.8853,1.8853,1.8847,1.8818,1.8754,1.869,1.8655,1.8626,1.8581,1.8533,1.8477,1.8405,1.8314,1.8242,1.8186,1.8138,1.8088,1.8034,1.7965,1.7901,1.7866,1.7837,1.7792,1.7743,1.7698,1.7674,1.7669,1.7669,1.7669,1.7674,1.7698,1.7743,1.7797,1.7866,1.7941,1.8024,1.8138,1.825,1.833,1.8389,1.8458,1.8527,1.8586,1.8655,1.8725,1.8778,1.8829,1.8877,1.8922,1.8951,1.8986,1.905,1.9119,1.9173,1.9223,1.9271,1.9316,1.9341,1.9346,1.9351,1.9375,1.9415,1.9439,1.9445,1.9445,1.9445,1.9445,1.9445,1.945,1.9474,1.9514,1.9538,1.9543,1.9543,1.9538,1.9514,1.9474,1.9445,1.9415,1.937,1.9322,1.9271,1.9218,1.9138,1.9026,1.8912,1.8829,1.8749,1.8655,1.8557,1.8458,1.8359,1.8261,1.8162,1.8058,1.7935,1.7797,1.768,1.76,1.7546,1.7496,1.7448,1.7397,1.7344,1.7274,1.7211,1.7181,1.717,1.7146,1.7106,1.7077,1.7048,1.7008,1.6984,1.6978,1.6978,1.6978,1.6978,1.6978,1.6989,1.7037,1.7122,1.72,1.728,1.7373,1.7472,1.757,1.7669,1.7762,1.7837,1.789,1.7941,1.7994,1.8064,1.8133,1.8197,1.8296,1.8429,1.8546,1.8626,1.8685,1.8754,1.8818,1.8847,1.8853,1.8853,1.8853,1.8853,1.8853,1.8847,1.8818,1.8754,1.8685,1.8621,1.8517,1.8359,1.8197,1.8069,1.7965,1.7866,1.7768,1.7669,1.757,1.7472,1.7373,1.7274,1.7176,1.7077,1.6984,1.6909,1.6856,1.6805,1.6752,1.6682,1.6619

Intensity : 361.2912,358.6918,355.9995,353.5136,352.1377,351.2459,349.8727,349.2056,349.3936,349.8289,350.2642,350.6995,351.1349,351.6373,352.5695,352.6775,352.0784,351.7306,350.4857,347.0907,342.7908,338.003,332.7649,327.3979,322.7761,319.2944,317.422,315.3472,313.2724,311.505,309.269,306.4717,303.6744,301.4384,299.8322,298.1947,296.8573,296.0815,295.4656,294.8496,294.2337,293.6177,293.0018,292.3858,291.7699,291.1539,290.5774,290.0226,289.4679,288.9132,288.3585,287.8038,287.37,287.5082,288.5242,289.628,289.7491,289.6685,289.9826,290.3393,290.8538,291.7402,293.0711,294.0862,294.883,295.5217,297.2444,298.8663,301.0047,304.643,306.8773,308.7106,311.107,313.7101,316.2558,317.8898,318.7075,319.2952,319.9149,320.4603,320.7204,320.4118,319.727,318.3369,316.7923,314.992,312.1874,311.9159,311.9839,312.3085,311.9916,311.2538,310.6927,309.9055,309.3677,309.2008,308.9116,308.9287,309.3195,310.1933,310.2968,309.1587,307.9682,307.2815,306.6919,306.2418,305.8034,305.8017,306.2023,306.6001,306.2699,305.4897,305.0641,305.0576,305.1707,305.2838,305.397,305.5163,305.5403,305.1796,303.6316,302.108,300.9055,299.937,299.2607,299.1207,299.3798,299.3021,299.0014,298.736,298.544,298.6006,298.7962,299.622,301.0063,302.3346,303.06,303.8248,304.9031,305.8759,306.5998,307.1933,307.7608,308.4992,310.4092,312.6914,314.4787,315.3745,315.5243,315.3957,315.4017,315.0258,314.1792,312.732,313.6976,314.9147,315.5276,315.797,316.2797,317.0244,317.6084,318.7488,320.4319,321.5146,322.6871,324.0658,325.4444,326.8231,328.2018,329.2277,329.0316,328.562,328.6247,328.3932,328.0602,327.6357,326.9482,325.9226,324.5516,323.3343,322.5562,321.7649,320.7299,317.9249,315.0539,312.9616,310.0671,306.3466,302.8829,300.3014,298.2695,295.9481,293.4959,291.8162,290.6783,289.6613,288.6443,287.5719,286.3066,285.0011,284.3985,284.873,285.634,286.2086,287.5166,289.7503,291.9553,294.4138,297.0053,299.4217,301.8238,304.2253,306.8025,309.3541,311.7305,314.2266,316.6972,318.9792,322.4777,325.2149,327.2522,329.3121,331.5033,334.4089,337.1284

Time pixel : 74.089,74.1116,74.1538,74.204,74.2689,74.3337,74.3889,74.4588,74.5462,74.6387,74.7311,74.8236,74.916,75.0085,75.1009,75.1934,75.2858,75.3833,75.4984,75.628,75.7431,75.8456,75.9606,76.0853,76.1777,76.238,76.3079,76.3953,76.4827,76.5526,76.6078,76.6777,76.7651,76.8575,76.95,77.0425,77.1349,77.2274,77.3198,77.4123,77.5047,77.5972,77.6896,77.7821,77.8745,77.967,78.0594,78.1519,78.2443,78.3368,78.4292,78.5217,78.6192,78.7342,78.8639,78.9789,79.0764,79.1689,79.2613,79.3538,79.4462,79.5387,79.6261,79.696,79.7462,79.7935,79.8437,79.9135,80.0009,80.0934,80.1808,80.2507,80.3059,80.3758,80.4632,80.5557,80.6481,80.7406,80.8381,80.9581,81.1154,81.2902,81.4526,81.5952,81.735,81.8726,82.0073,82.1223,82.2198,82.3072,82.3771,82.4273,82.4746,82.5248,82.5896,82.6545,82.7097,82.7796,82.867,82.9594,83.0519,83.1494,83.2644,83.3941,83.5091,83.6066,83.6991,83.7915,83.884,83.9764,84.0689,84.1613,84.2538,84.3462,84.4387,84.5311,84.6236,84.7211,84.8361,84.9658,85.0858,85.2059,85.3356,85.4506,85.5431,85.613,85.6682,85.7381,85.8305,85.9455,86.0752,86.1902,86.2877,86.3802,86.4726,86.5651,86.6525,86.7224,86.7776,86.8475,86.9349,87.0274,87.1148,87.1796,87.2173,87.2725,87.3746,87.4846,87.577,87.6469,87.7021,87.772,87.8645,87.9845,88.1368,88.289,88.4091,88.5016,88.5714,88.6267,88.6965,88.784,88.8764,88.9689,89.0613,89.1538,89.2462,89.3387,89.4311,89.5286,89.6437,89.7733,89.8884,89.9909,90.1059,90.2406,90.3782,90.513,90.628,90.7255,90.8179,90.9104,91.0028,91.0953,91.1928,91.3078,91.4425,91.5801,91.7148,91.8299,91.9274,92.0198,92.1123,92.2047,92.2972,92.3896,92.4821,92.5796,92.6946,92.8243,92.9393,93.0368,93.1292,93.2217,93.3142,93.4066,93.494,93.5639,93.6141,93.6614,93.7065,93.7488,93.7764,93.804,93.8413,93.8689,93.8965,93.9337,93.9613,93.9889,94.0312,94.0764,94.1186,94.1412,94.1462

Position pixel : 15.8474,15.8897,15.9348,15.9771,16.0047,16.0323,16.0696,16.0921,16.0972,16.0972,16.0972,16.0972,16.0972,16.0972,16.1022,16.1248,16.162,16.1947,16.2499,16.352,16.467,16.587,16.7167,16.8318,16.9242,16.9941,17.0493,17.1142,17.179,17.2342,17.3041,17.3915,17.4789,17.5488,17.599,17.6413,17.6638,17.6689,17.6689,17.6689,17.6689,17.6689,17.6689,17.6689,17.6689,17.6689,17.6689,17.6689,17.6689,17.6689,17.6689,17.6689,17.6638,17.6362,17.5764,17.5166,17.484,17.4563,17.4141,17.3689,17.3166,17.2489,17.1643,17.0966,17.0443,16.9991,16.9518,16.9016,16.8368,16.777,16.7443,16.7167,16.6745,16.6293,16.587,16.5645,16.5594,16.5594,16.5594,16.5645,16.587,16.6293,16.6795,16.7443,16.8142,16.892,16.9991,17.1041,17.179,17.2342,17.2991,17.3639,17.4191,17.484,17.5488,17.599,17.6463,17.6914,17.7337,17.7613,17.794,17.8538,17.9186,17.9688,18.0161,18.0613,18.1035,18.1261,18.1311,18.1362,18.1587,18.196,18.2185,18.2236,18.2236,18.2236,18.2236,18.2236,18.2286,18.2512,18.2884,18.311,18.316,18.316,18.311,18.2884,18.2512,18.2236,18.196,18.1537,18.1086,18.0613,18.0111,17.9362,17.8312,17.7241,17.6463,17.5714,17.484,17.3915,17.2991,17.2066,17.1142,17.0217,16.9242,16.8092,16.6795,16.5695,16.4946,16.4444,16.3971,16.352,16.3047,16.2545,16.1896,16.1298,16.1022,16.0921,16.0696,16.0323,16.0047,15.9771,15.9399,15.9173,15.9123,15.9123,15.9123,15.9123,15.9123,15.9223,15.9675,16.047,16.1197,16.1947,16.2821,16.3745,16.467,16.5594,16.6468,16.7167,16.7669,16.8142,16.8644,16.9292,16.9941,17.0544,17.1468,17.2714,17.3814,17.4563,17.5116,17.5764,17.6362,17.6638,17.6689,17.6689,17.6689,17.6689,17.6689,17.6638,17.6362,17.5764,17.5116,17.4513,17.3538,17.2066,17.0544,16.9343,16.8368,16.7443,16.6519,16.5594,16.467,16.3745,16.2821,16.1896,16.0972,16.0047,15.9173,15.8474,15.7972,15.7499,15.6997,15.6349,15.5751

Brightness max : 779.29
Brightness min : 233.00
Feature direction : Ambiguous
Feature speed : Slow
Feature type : Curve
Start frame : 1
End frame : 99
Start time (s) : 0.000
End time (s) : 810.290000025
Time step (s) : 8.184747475

