KYMOANALYSIS DATA

General Information :

Tiff path : E:\Google Drive\microtubule dynamics and cut7\19-15 screens and tests\gtb1-K5A\19-11-13(gtb1-K5A, cut11-7, cut73-GFP and MTs)\
Spindle type : Monopolar
Start frame : 1
End frame : 72
Start time (s) : 0.000
End time (s) : 603.45
Time step (s) : 8.38125
Num poles : 1
Num tracks : 2
Num tracks poleward : 0
Num tracks antipoleward : 0
Num tracks ambiguous : 2
Comments : {

}
Poles Information :


Pole number : 1

Time (s) : 8.38125,16.8822680625,25.3832023125,33.884220375,42.385154625,50.8861726875,59.3871069375,67.888125,76.3891430625,84.89032875,93.391430625,101.891694375,110.39279625,118.893898125,127.395,135.896101875,144.39720375,152.898305625,161.398569375,169.89967125,178.400773125,186.901875,195.402976875,203.90407875,212.405180625,220.905444375,229.40654625,237.907648125,246.40875,254.909851875,263.41095375,271.912055625,280.412319375,288.91342125,297.414523125,305.915625,314.416726875,322.91782875,331.418930625,339.919194375,348.42029625,356.921398125,365.4225,373.923601875,382.42470375,390.925805625,399.426069375,407.92717125,416.428273125,424.929375,433.430476875,441.93157875,450.432680625,458.932944375,467.43404625,475.935148125,484.43625,492.937351875,501.43845375,509.939555625,518.439819375,526.94092125,535.442023125,543.943125,552.444226875,560.94532875,569.446430625,577.946694375,586.44779625,594.948898125,603.45

Position (um) : 1.6589,1.6594,1.66,1.6605,1.661,1.6615,1.662,1.6625,1.663,1.6635,1.664,1.6645,1.6651,1.6656,1.6661,1.6666,1.6671,1.6676,1.6681,1.6686,1.6691,1.6697,1.6702,1.6707,1.6712,1.6717,1.6722,1.6727,1.6732,1.6737,1.6742,1.6748,1.6753,1.6758,1.6763,1.6768,1.6773,1.6778,1.6783,1.6788,1.6794,1.6799,1.6804,1.6809,1.6814,1.6819,1.6824,1.6829,1.6834,1.6839,1.6845,1.685,1.6855,1.686,1.6865,1.687,1.6875,1.688,1.6885,1.6891,1.6896,1.6901,1.6906,1.6911,1.6916,1.6921,1.6926,1.6931,1.6936,1.6942,1.6947

Intensity : 1232.3811,1190.1526,1194.6803,1240.5994,1328.0912,1331.2847,1296.998,1227.626,1215.0579,1168.0309,1099.4732,1063.9071,1089.5354,1103.3884,1104.1814,1081.3422,1084.9036,1070.9472,1079.0719,1091.4138,1114.1532,1133.403,1135.5276,1132.1926,1190.264,1298.8418,1378.0111,1321.6523,1218.7882,1166.8476,1179.1911,1168.2773,1142.9965,1135.2397,1131.4563,1111.1509,1089.578,1076.8776,1080.0908,1087.5445,1122.5374,1121.9618,1104.9982,1060.6957,1058.9416,1052.4941,1046.5369,1029.6508,1051.6903,1061.2812,1089.2219,1082.7351,1104.9936,1064.9703,1062.3261,1040.0259,1057.5817,1049.3811,1064.9153,1072.0737,1052.6277,1012.8332,999.30974,1003.3736,1044.9293,1049.4349,1128.5715,1136.5902,1171.6595,1155.8458,1177.4764

Time pixel : 1,2.01429,3.02857,4.04286,5.05714,6.07143,7.08571,8.1,9.11429,10.1286,11.1429,12.1571,13.1714,14.1857,15.2,16.2143,17.2286,18.2429,19.2571,20.2714,21.2857,22.3,23.3143,24.3286,25.3429,26.3571,27.3714,28.3857,29.4,30.4143,31.4286,32.4429,33.4571,34.4714,35.4857,36.5,37.5143,38.5286,39.5429,40.5571,41.5714,42.5857,43.6,44.6143,45.6286,46.6429,47.6571,48.6714,49.6857,50.7,51.7143,52.7286,53.7429,54.7571,55.7714,56.7857,57.8,58.8143,59.8286,60.8429,61.8571,62.8714,63.8857,64.9,65.9143,66.9286,67.9429,68.9571,69.9714,70.9857,72

Position pixel : 15.5476,15.5524,15.5572,15.562,15.5668,15.5716,15.5763,15.5811,15.5859,15.5907,15.5955,15.6003,15.6051,15.6098,15.6146,15.6194,15.6242,15.629,15.6338,15.6385,15.6433,15.6481,15.6529,15.6577,15.6625,15.6673,15.672,15.6768,15.6816,15.6864,15.6912,15.696,15.7007,15.7055,15.7103,15.7151,15.7199,15.7247,15.7294,15.7342,15.739,15.7438,15.7486,15.7534,15.7582,15.7629,15.7677,15.7725,15.7773,15.7821,15.7869,15.7916,15.7964,15.8012,15.806,15.8108,15.8156,15.8204,15.8251,15.8299,15.8347,15.8395,15.8443,15.8491,15.8538,15.8586,15.8634,15.8682,15.873,15.8778,15.8825

Pole type : Line
Start frame : 1
End frame : 72
Start time (s) : 0.000
End time (s) : 603.45
Time step (s) : 8.38125

Feature Information :


Feature number : 1

Time (s) : 66.68290125,67.076652375,67.6074369375,68.1688130625,68.7301891875,69.2915653125,69.8529414375,70.414401375,70.9757775,71.5065620625,71.9614125,72.4338635625,73.08416475,73.7520665625,74.3134426875,74.737785375,75.0731191875,75.4973780625,76.0282464375,76.559031,76.983289875,77.3187075,77.7123748125,78.106042125,78.44145975,78.8351270625,79.2288781875,79.564212,79.988470875,80.5499308125,81.248340375,82.0357588125,82.7342521875,83.2956283125,83.719971,84.05555625,84.4796475,84.980008125,85.404099375,85.709176875,85.995815625,86.331065625,86.892609375,87.64943625,88.3484325,88.94014875,89.5016925,90.06323625,90.623941875,91.185485625,91.747029375,92.308573125,92.870116875,93.4308225,93.99236625,94.55391,95.11545375,95.6769975,96.237703125,96.799246875,97.360790625,97.952506875,98.681675625,99.6061275,100.500406875,101.092123125,101.427373125,101.71485,102.0199275,102.44401875,102.944379375,103.368470625,103.703720625,104.127811875,104.659183125,105.18971625,105.6138075,105.9490575,106.373986875,106.90452,107.435053125,107.859144375,108.1952325,108.61932375,109.149856875,109.711400625,110.3341275,111.199910625,112.38082875,113.610358125,114.733445625,115.68807,116.41723875,117.039965625,117.73812375,118.52596125,119.224119375,119.81667375,120.40839,121.13755875,122.15336625,123.4893375,124.926721875,126.06741,126.97761375,127.843396875,128.798859375,129.72331125,130.451641875,131.04419625,131.60574,132.166445625,132.727989375,133.289533125,133.851076875,134.412620625,134.94315375,135.367245,135.702495,136.09641375,136.4903325,136.855755,137.41729875,138.20513625,139.040746875,139.858756875,140.5267425,140.98100625,141.28608375,141.573560625,141.8778,142.27171875,142.6656375,143.0008875,143.39480625,143.787886875,144.092964375,144.38044125,144.684680625,145.078599375,145.472518125,145.807768125,146.201686875,146.5947675,146.930855625,147.354946875,147.88548,148.44702375,149.0085675,149.57011125,150.130816875,150.72337125,151.421529375,152.209366875,152.876514375,153.33161625,153.63669375,153.9233325,154.22841,154.62232875,155.0162475,155.320486875,155.60796375,155.91304125,156.3371325,156.867665625,157.429209375,157.9597425,158.38383375,158.719921875,159.144013125,159.67454625,160.23609,160.79763375,161.3591775,161.919883125,162.481426875,163.012798125,163.436889375,163.772139375,164.166058125,164.55913875,164.895226875,165.319318125,165.81967875,166.24377,166.548009375,166.80531375,166.97293875,167.17073625,167.5344825,167.927563125,168.262813125,168.6877425,169.218275625,169.74880875,170.173738125,170.4779775,170.765454375,171.03952125,171.326998125,171.6312375,172.02515625,172.419075,172.723314375,173.01079125,173.284858125,173.541324375,173.708949375,173.876574375,174.13387875,174.407945625,174.694584375,174.969489375,175.256128125,175.530195,175.817671875,176.09173875,176.348205,176.51583,176.684293125,176.940759375,177.21482625,177.4712925

Position (um) : 1.1086,1.1086,1.1086,1.1086,1.1086,1.1086,1.1086,1.1082,1.1065,1.1032,1.0993,1.0939,1.0872,1.0804,1.075,1.0711,1.0679,1.0657,1.0636,1.0603,1.0568,1.0536,1.0514,1.0493,1.0464,1.0443,1.0418,1.0372,1.0321,1.0279,1.0225,1.0161,1.0111,1.0086,1.0064,1.0032,0.99967,0.99602,0.99253,0.98887,0.98538,0.98172,0.97823,0.97497,0.97322,0.97283,0.97283,0.97283,0.97283,0.97283,0.97283,0.97283,0.97283,0.97283,0.97322,0.97497,0.97823,0.98172,0.98538,0.98887,0.99214,0.99427,0.99641,0.99929,1.0014,1.0036,1.0068,1.0103,1.014,1.0175,1.0211,1.025,1.03,1.035,1.0389,1.0426,1.046,1.0493,1.0511,1.0514,1.0518,1.0536,1.0565,1.0582,1.0586,1.0586,1.0586,1.0586,1.0586,1.0586,1.0586,1.0586,1.0586,1.0586,1.0586,1.0586,1.0586,1.0586,1.0586,1.0586,1.0586,1.0586,1.0586,1.0586,1.0586,1.0586,1.0586,1.0586,1.0586,1.0586,1.0586,1.0586,1.0586,1.0582,1.0565,1.0536,1.0514,1.0493,1.0464,1.0443,1.0418,1.0368,1.03,1.0225,1.0136,1.0039,0.9968,0.99253,0.98887,0.98499,0.97998,0.97497,0.9707,0.96569,0.96067,0.9564,0.951,0.94463,0.93923,0.93496,0.92956,0.9228,0.91566,0.9089,0.9035,0.89923,0.89383,0.88746,0.88206,0.87779,0.87239,0.86563,0.85809,0.84959,0.84131,0.83569,0.83164,0.82815,0.82449,0.82061,0.8156,0.81059,0.80671,0.80305,0.79956,0.79629,0.79455,0.79377,0.79203,0.78915,0.7874,0.78701,0.78701,0.7874,0.78915,0.79203,0.79377,0.79455,0.79629,0.79917,0.80131,0.80344,0.80632,0.80845,0.81098,0.8156,0.82061,0.82488,0.83028,0.83665,0.84205,0.84593,0.84959,0.85347,0.85887,0.86563,0.87239,0.87779,0.88206,0.88746,0.89383,0.89923,0.9035,0.90929,0.91818,0.92956,0.93959,0.94638,0.95392,0.96355,0.97244,0.97998,0.98752,0.99641,1.0064,1.0153,1.0225,1.0279,1.0321,1.0372,1.0422,1.046,1.0493,1.0511

Intensity : 278.5233,278.8016,278.9174,279.04,279.1626,279.2851,279.4077,279.312,278.4605,276.7613,274.7146,271.842,268.2896,264.7721,261.9913,260.0137,258.3493,257.8782,258.6083,259.0706,259.2248,259.2166,259.5808,259.9338,259.9759,260.3052,260.5293,260.1082,259.7514,259.8258,259.8507,259.7456,259.7645,260.1493,260.366,259.5225,258.3662,257.1496,256.0352,254.9493,253.9282,252.8598,251.7686,250.6931,250.0364,249.7514,249.5702,249.3891,249.2079,249.0267,248.8456,248.6314,248.2886,247.9459,247.6863,247.7148,248.0643,248.4569,248.8802,249.264,249.5965,249.6686,249.6507,249.6582,249.5263,249.1394,249.2955,249.5607,249.8228,249.8546,249.7854,249.8646,250.2907,250.5553,250.4104,250.2056,250.1336,250.1599,249.7487,248.9059,248.0612,247.6335,247.5487,247.1064,246.6922,247.0113,247.3651,247.8574,248.5287,249.2274,249.8656,250.4084,250.8228,251.1766,251.4893,251.7711,252.0211,252.233,252.4449,252.7059,253.0696,253.5478,254.0624,254.579,255.1875,255.7669,256.4057,257.0241,257.5118,257.9078,258.2833,258.6588,259.0343,259.3167,259.2681,259.1126,259.2457,259.2525,258.9751,258.9523,258.8405,258.1073,257.2186,256.456,255.4676,254.3176,253.5699,253.2094,252.7916,252.3039,251.5893,251.0059,250.5429,249.7786,249.0657,248.8808,248.4772,247.9171,247.4983,247.3175,246.9731,246.3733,245.7658,245.2005,244.7596,244.5546,244.278,243.8769,243.6007,243.4774,243.1755,242.6836,241.8682,241.0565,240.3987,239.9381,239.5928,239.2977,238.985,238.6677,238.2163,237.7328,237.3668,237.0256,236.727,236.4721,236.3956,236.4228,236.3086,236.0353,235.9137,235.5335,235.0727,234.656,234.386,234.226,233.9305,233.5532,233.3588,233.3438,233.1952,233.0372,232.9908,232.7843,232.5285,232.5056,232.6127,232.6936,232.9451,233.228,233.2369,233.211,233.2454,233.2298,233.3935,233.691,234.0589,234.374,234.5857,234.917,235.3306,235.6314,235.7486,236.0108,236.6396,237.518,238.2684,238.7154,239.3037,240.3804,241.8026,242.9448,244.0611,245.4214,246.957,248.2832,249.2675,250.0725,250.957,251.9386,252.9257,253.7605,254.4998,254.957

Time pixel : 7.9562,8.00318,8.06651,8.13349,8.20047,8.26745,8.33443,8.40142,8.4684,8.53173,8.586,8.64237,8.71996,8.79965,8.86663,8.91726,8.95727,9.00789,9.07123,9.13456,9.18518,9.2252,9.27217,9.31914,9.35916,9.40613,9.45311,9.49312,9.54374,9.61073,9.69406,9.78801,9.87135,9.93833,9.98896,10.029,10.0796,10.1393,10.1899,10.2263,10.2605,10.3005,10.3675,10.4578,10.5412,10.6118,10.6788,10.7458,10.8127,10.8797,10.9467,11.0137,11.0807,11.1476,11.2146,11.2816,11.3486,11.4156,11.4825,11.5495,11.6165,11.6871,11.7741,11.8844,11.9911,12.0617,12.1017,12.136,12.1724,12.223,12.2827,12.3333,12.3733,12.4239,12.4873,12.5506,12.6012,12.6412,12.6919,12.7552,12.8185,12.8691,12.9092,12.9598,13.0231,13.0901,13.1644,13.2677,13.4086,13.5553,13.6893,13.8032,13.8902,13.9645,14.0478,14.1418,14.2251,14.2958,14.3664,14.4534,14.5746,14.734,14.9055,15.0416,15.1502,15.2535,15.3675,15.4778,15.5647,15.6354,15.7024,15.7693,15.8363,15.9033,15.9703,16.0373,16.1006,16.1512,16.1912,16.2382,16.2852,16.3288,16.3958,16.4898,16.5895,16.6871,16.7668,16.821,16.8574,16.8917,16.928,16.975,17.022,17.062,17.109,17.1559,17.1923,17.2266,17.2629,17.3099,17.3569,17.3969,17.4439,17.4908,17.5309,17.5815,17.6448,17.7118,17.7788,17.8458,17.9127,17.9834,18.0667,18.1607,18.2403,18.2946,18.331,18.3652,18.4016,18.4486,18.4956,18.5319,18.5662,18.6026,18.6532,18.7165,18.7835,18.8468,18.8974,18.9375,18.9881,19.0514,19.1184,19.1854,19.2524,19.3193,19.3863,19.4497,19.5003,19.5403,19.5873,19.6342,19.6743,19.7249,19.7846,19.8352,19.8715,19.9022,19.9222,19.9458,19.9892,20.0361,20.0761,20.1268,20.1901,20.2534,20.3041,20.3404,20.3747,20.4074,20.4417,20.478,20.525,20.572,20.6083,20.6426,20.6753,20.7059,20.7259,20.7459,20.7766,20.8093,20.8435,20.8763,20.9105,20.9432,20.9775,21.0102,21.0408,21.0608,21.0809,21.1115,21.1442,21.1748

Position pixel : 10.3901,10.3901,10.3901,10.3901,10.3901,10.3901,10.3901,10.3864,10.3701,10.3395,10.3031,10.2525,10.1892,10.1258,10.0752,10.0388,10.0082,9.98821,9.9682,9.93758,9.90487,9.87425,9.85425,9.83424,9.80727,9.78726,9.76361,9.72028,9.67331,9.6333,9.58267,9.52299,9.47601,9.45236,9.43235,9.40173,9.36902,9.33475,9.30204,9.26777,9.23506,9.20079,9.16808,9.13746,9.1211,9.11745,9.11745,9.11745,9.11745,9.11745,9.11745,9.11745,9.11745,9.11745,9.1211,9.13746,9.16808,9.20079,9.23506,9.26777,9.29839,9.3184,9.3384,9.36537,9.38538,9.40538,9.436,9.46872,9.50298,9.5357,9.56996,9.60633,9.6533,9.70028,9.73664,9.77091,9.80362,9.83424,9.8506,9.85425,9.85789,9.87425,9.90122,9.91758,9.92123,9.92123,9.92123,9.92123,9.92123,9.92123,9.92123,9.92123,9.92123,9.92123,9.92123,9.92123,9.92123,9.92123,9.92123,9.92123,9.92123,9.92123,9.92123,9.92123,9.92123,9.92123,9.92123,9.92123,9.92123,9.92123,9.92123,9.92123,9.92123,9.91758,9.90122,9.87425,9.85425,9.83424,9.80727,9.78726,9.76361,9.71663,9.6533,9.58267,9.49933,9.40903,9.34205,9.30204,9.26777,9.23141,9.18443,9.13746,9.09745,9.05047,9.0035,8.96348,8.91286,8.85318,8.80255,8.76254,8.71192,8.64858,8.5816,8.51827,8.46765,8.42763,8.37701,8.31733,8.2667,8.22669,8.17607,8.11274,8.04211,7.96242,7.88482,7.8321,7.79419,7.76147,7.72721,7.69084,7.64387,7.59689,7.56053,7.52626,7.49355,7.46293,7.44657,7.43927,7.42292,7.39595,7.37959,7.37594,7.37594,7.37959,7.39595,7.42292,7.43927,7.44657,7.46293,7.4899,7.50991,7.52991,7.55688,7.57689,7.60054,7.64387,7.69084,7.73086,7.78148,7.84116,7.89179,7.92815,7.96242,7.99878,8.0494,8.11274,8.17607,8.22669,8.2667,8.31733,8.37701,8.42763,8.46765,8.52192,8.60526,8.71192,8.80587,8.86953,8.94017,9.03047,9.1138,9.18443,9.25506,9.3384,9.43235,9.51569,9.58267,9.6333,9.67331,9.72028,9.76726,9.80362,9.83424,9.8506

Brightness max : 438.07
Brightness min : 209.00
Feature direction : Ambiguous
Feature speed : Slow
Feature type : Curve
Start frame : 1
End frame : 72
Start time (s) : 0.000
End time (s) : 603.45
Time step (s) : 8.38125

Feature number : 2

Time (s) : 256.43104875,256.8249675,257.355500625,257.917044375,258.478588125,259.040131875,259.601675625,260.16238125,260.723925,261.28546875,261.8470125,262.40855625,263.0002725,263.72944125,264.653893125,265.578345,266.30751375,266.89923,267.46077375,268.0223175,268.58386125,269.114394375,269.538485625,269.873735625,270.267654375,270.661573125,270.996823125,271.420914375,271.982458125,272.68061625,273.46845375,274.136439375,274.590703125,274.92679125,275.3508825,275.851243125,276.275334375,276.610584375,277.034675625,277.566046875,278.09658,278.52067125,278.85592125,279.2800125,279.780373125,280.2053025,280.5405525,280.96464375,281.495176875,282.056720625,282.618264375,283.179808125,283.71034125,284.165443125,284.607135,285.1200675,285.531586875,285.84923625,286.15431375,286.578405,287.108938125,287.670481875,288.232025625,288.793569375,289.355113125,289.91581875,290.4773625,291.03890625,291.60045,292.16199375,292.722699375,293.31525375,294.013411875,294.801249375,295.4994075,296.06095125,296.4850425,296.8202925,297.24438375,297.744744375,298.138663125,298.36747125,298.67254875,299.15530875,299.56599,299.853466875,300.021091875,300.188716875,300.445183125,300.71925,301.006726875,301.28079375,301.568270625,301.87251,302.297439375,302.8279725,303.358505625,303.783435,304.087674375,304.37515125,304.649218125,304.936695,305.210761875,305.49823875,305.772305625,306.058944375,306.364021875,306.757940625,307.15102125,307.487109375,307.911200625,308.44173375,309.03345,309.76261875,310.687070625,311.672705625,312.737124375,314.055495,315.343693125,316.240486875,316.862375625,317.423919375,317.9544525,318.379381875,318.714631875,319.138723125,319.66925625,320.261810625,321.0521625,322.28085375,323.764335,324.856411875,325.42047,325.875571875,326.406105,326.96764875,327.498181875,327.922273125,328.227350625,328.5148275,328.911260625,329.74687125,330.925275,331.729875,331.98969375,332.01986625,332.01986625,332.050876875,332.18749125,332.4439575,332.749035,333.17312625,333.7044975,334.265203125,334.796574375,335.220665625,335.555915625,335.980006875,336.511378125,337.04191125,337.4660025,337.8012525,338.226181875,338.756715,339.31825875,339.848791875,340.272883125,340.608133125,341.0330625,341.563595625,342.125139375,342.686683125,343.24738875,343.8089325,344.37047625,344.93202,345.49356375,346.0551075,346.615813125,347.177356875,347.738900625,348.300444375,348.861988125,349.42269375,349.9842375,350.54578125,351.107325,351.66886875,352.199401875,352.623493125,353.01992625,353.7189225,354.701205,355.536815625,356.1595425,356.72108625,357.251619375,357.70672125,358.20959625,358.99743375,359.890875,360.58987125,361.044135,361.379385,361.804314375,362.3348475,362.89639125,363.4881075,364.21727625,365.141728125,366.06618,366.79534875,367.387065,367.94860875,368.5101525,369.07169625,369.63324,370.193945625,370.755489375,371.317033125,371.878576875,372.470293125,373.169289375,373.95628875,374.654446875,375.24700125,375.808545,376.339078125,376.763169375,377.098419375,377.522510625,378.084054375,378.783050625,379.5398775,380.100583125,380.46684375,380.890935,381.42230625,381.983011875,382.544555625,383.13711,383.865440625,384.820903125,385.91298,387.005056875,387.990691875,388.857313125,389.675323125,390.37348125,390.9651975,391.52674125,392.088285,392.64982875,393.2113725,393.772078125,394.333621875,394.895165625,395.456709375,395.9872425,396.41133375,396.747421875,397.171513125,397.70204625,398.26359,398.82513375,399.355666875,399.779758125,400.084835625,400.3723125,400.676551875,401.10148125,401.632014375,402.1625475,402.58663875,402.89171625,403.179193125,403.45326,403.70972625,403.87735125,404.04497625,404.3014425,404.575509375,404.86298625,405.137053125,405.393519375,405.5619825,405.75978,406.15369875,406.654059375,407.04714,407.245775625,407.44441125,407.807319375,408.201238125,408.536488125,408.960579375,409.4911125,410.05265625,410.583189375,411.00811875,411.34336875,411.76746,412.297993125,412.859536875,413.421080625,413.982624375,414.54333,415.10487375,415.6664175,416.22796125,416.789505,417.35104875,417.911754375,418.473298125,419.034841875,419.596385625,420.157929375,420.718635,421.28017875,421.8417225,422.40326625,422.96481,423.525515625,424.056886875,424.480978125,424.816228125,425.240319375,425.771690625,426.333234375,426.89394,427.45548375,428.0170275,428.57857125,429.140115,429.670648125,430.094739375,430.399816875,430.686455625,430.961360625,431.217826875,431.385451875,431.583249375,431.977168125,432.50770125,433.069245,433.63078875,434.1923325,434.75387625,435.31542,435.876125625,436.46868,437.166838125,437.984848125,438.85063125,439.80609375,440.730545625,441.459714375,442.051430625,442.612974375,443.174518125,443.736061875,444.2967675,444.85831125,445.419855,445.98139875,446.5429425,447.10448625,447.665191875,448.226735625,448.788279375,449.349823125,449.911366875,450.4720725,451.03361625,451.59516,452.15670375,452.7182475,453.278953125,453.840496875,454.402040625,454.93257375,455.357503125,455.692753125,456.116844375,456.6473775,457.17874875,457.60284,457.9079175,458.19455625,458.49963375,458.923725,459.454258125,460.015801875,460.577345625,461.138889375,461.700433125,462.26113875,462.8226825,463.38422625,463.94577,464.50731375,465.0688575,465.629563125,466.191106875,466.752650625,467.314194375,467.8447275,468.26881875,468.57389625,468.861373125,469.1656125,469.58970375,470.121075,470.68261875,471.243324375,471.774695625,472.198786875,472.534036875,472.958128125,473.519671875,474.218668125,475.0056675,475.73483625,476.464005,477.251004375,477.950000625,478.541716875,479.133433125,479.862601875,480.75688125,481.57489125,482.214380625,482.89577625,483.563761875,484.155478125,484.68601125,485.110940625,485.446190625,485.840109375,486.23319,486.56844,486.993369375,487.5239025,488.08544625,488.64699,489.207695625,489.769239375,490.330783125,490.892326875,491.453870625,491.98440375,492.408495,492.7135725,492.97003875

Position (um) : 1.0157,1.0157,1.0157,1.0157,1.0157,1.0157,1.0157,1.0157,1.0157,1.0157,1.0157,1.0157,1.0157,1.0157,1.0157,1.0157,1.0157,1.0157,1.0157,1.0157,1.0157,1.0153,1.0136,1.0107,1.0086,1.006,1.0014,0.9968,0.99427,0.99175,0.98713,0.98211,0.97823,0.97458,0.97109,0.96743,0.96394,0.96028,0.95679,0.95314,0.94926,0.94424,0.93923,0.93535,0.9317,0.92821,0.92455,0.92067,0.91527,0.9089,0.9035,0.89962,0.89596,0.89247,0.88881,0.88532,0.88167,0.87818,0.87452,0.87103,0.86737,0.86388,0.86062,0.85887,0.85848,0.85848,0.85848,0.85848,0.85848,0.85848,0.85848,0.85848,0.85848,0.85848,0.85848,0.85887,0.86062,0.86388,0.86815,0.8753,0.88493,0.89383,0.90175,0.91064,0.92067,0.92956,0.9371,0.94424,0.95139,0.95854,0.9653,0.9707,0.97497,0.98037,0.98713,0.99427,1.0014,1.0082,1.0136,1.0175,1.0211,1.0246,1.0283,1.0318,1.0354,1.0389,1.0422,1.0443,1.0464,1.0493,1.0511,1.0514,1.0514,1.0514,1.0514,1.0514,1.0511,1.0493,1.0464,1.0447,1.0443,1.0443,1.0439,1.0422,1.0389,1.035,1.0296,1.0229,1.0153,1.0064,0.99641,0.98752,0.98037,0.97497,0.97031,0.96316,0.95353,0.94502,0.93884,0.93127,0.9129,0.87775,0.8342,0.79902,0.77563,0.7592,0.74666,0.73776,0.73197,0.7277,0.7223,0.71593,0.71092,0.70879,0.70801,0.70626,0.70339,0.70164,0.70125,0.70086,0.69912,0.69624,0.69449,0.6941,0.6941,0.69371,0.69197,0.68909,0.68735,0.68696,0.68696,0.68696,0.68696,0.68696,0.68696,0.68696,0.68696,0.68696,0.68696,0.68696,0.68735,0.68909,0.69236,0.69624,0.70125,0.70626,0.71053,0.71554,0.72056,0.72483,0.73062,0.73912,0.74914,0.75765,0.76344,0.76732,0.77097,0.77485,0.77987,0.78488,0.78876,0.79241,0.79591,0.79917,0.80092,0.80131,0.80131,0.80092,0.79917,0.79591,0.79241,0.78915,0.7874,0.78662,0.78488,0.782,0.77987,0.77773,0.77485,0.77272,0.77058,0.76771,0.76596,0.76557,0.76557,0.76557,0.76557,0.76518,0.76344,0.76056,0.75882,0.75843,0.75843,0.75804,0.75629,0.75341,0.75167,0.75128,0.75128,0.75167,0.75341,0.75629,0.75804,0.75843,0.75843,0.75843,0.75843,0.75882,0.76056,0.76344,0.76518,0.76557,0.76557,0.76557,0.76596,0.76771,0.77058,0.77233,0.77311,0.77485,0.77773,0.77987,0.782,0.78488,0.78662,0.7874,0.78915,0.79241,0.79591,0.79917,0.80131,0.80344,0.80671,0.81059,0.81599,0.82275,0.82989,0.83704,0.84419,0.85134,0.85848,0.86563,0.87239,0.87779,0.88206,0.88746,0.89422,0.90175,0.91064,0.92067,0.92917,0.93457,0.9371,0.93923,0.94211,0.94386,0.94424,0.94424,0.94463,0.94638,0.94926,0.951,0.95139,0.95139,0.95139,0.95139,0.95139,0.95139,0.95139,0.95139,0.95139,0.95139,0.95139,0.95139,0.95139,0.95139,0.95139,0.95139,0.95139,0.951,0.94926,0.94638,0.94463,0.94386,0.94211,0.93884,0.93535,0.9317,0.92821,0.92455,0.92106,0.91779,0.91566,0.91352,0.91026,0.90676,0.90311,0.89962,0.89596,0.89208,0.88707,0.88245,0.87992,0.8774,0.87239,0.86563,0.85848,0.85134,0.84419,0.83704,0.82989,0.82314,0.81774,0.81347,0.80845,0.80383,0.80131,0.79917,0.79629,0.79455,0.79416,0.79416,0.79416,0.79416,0.79416,0.79416,0.79416,0.79416,0.79416,0.79416,0.79416,0.79416,0.79416,0.79416,0.79416,0.79416,0.79416,0.79416,0.79416,0.79416,0.79455,0.79629,0.79917,0.80092,0.80131,0.8017,0.80344,0.80671,0.8102,0.81386,0.81735,0.82061,0.82275,0.82488,0.82776,0.82989,0.83203,0.83491,0.83704,0.83918,0.84244,0.84593,0.84959,0.85308,0.85674,0.86023,0.86388,0.86737,0.87103,0.87452,0.87818,0.88206,0.88746,0.89422,0.90097,0.90638,0.91026,0.91391,0.91779,0.92319,0.92956,0.93535,0.94137,0.94965,0.95776,0.96394,0.96995,0.97862,0.98926,1.0014,1.0132,1.0229,1.0318,1.04,1.046,1.0518,1.0582,1.0632,1.0657,1.0679,1.0708,1.0725,1.0729,1.0729,1.0729,1.0733,1.075,1.0779,1.0796,1.08,1.0804,1.0822,1.085,1.0868

Intensity : 245.0478,244.9331,244.7785,244.6149,244.4513,244.2878,244.1242,244.1019,244.1689,244.2358,244.3028,244.3698,244.4404,244.5274,244.6377,244.748,244.835,244.9057,244.9726,245.0396,245.7507,246.5981,246.8759,246.6724,246.7719,246.7537,246.0282,245.4414,245.675,246.1279,246.0947,245.7154,245.2999,244.7432,244.3681,244.0492,243.6461,243.0394,243.0854,243.2445,243.3538,243.1144,242.7397,242.6639,242.7164,242.6846,242.4976,242.379,242.1187,241.7061,241.4431,241.4358,241.4178,241.3259,241.177,240.9541,240.2933,239.6639,239.0079,238.397,237.7719,237.1884,236.654,236.4,236.3912,236.452,236.5129,236.5738,236.6346,236.6955,236.7563,236.8205,236.482,236.0804,235.7242,235.4965,235.5366,235.8357,236.2124,236.9194,237.9897,239.0327,239.8587,240.6258,241.5447,242.3901,243.1583,243.8618,244.4484,244.9896,245.9111,246.7046,247.2267,248.0882,249.3435,250.6518,251.9686,253.2451,254.2803,255.0061,255.6914,256.3403,257.03,257.6835,258.3777,259.0356,259.6438,259.9911,260.3403,260.8644,261.1267,261.0738,260.9222,260.7355,260.7661,260.967,261.0978,260.9737,260.5761,260.3487,260.3764,260.4818,260.4908,260.1616,259.6669,259.2296,258.5601,257.6506,256.794,256.1394,255.5428,254.7817,253.8186,253.1301,252.7044,251.925,252.1538,252.5322,252.7819,252.8322,252.081,250.7078,248.8231,246.2031,243.6824,241.595,239.9602,238.9166,238.4073,238.2507,238.0068,237.7853,237.8554,238.3249,238.9276,239.2484,238.9259,238.7376,238.7547,238.7709,238.5745,238.1977,237.9939,238.0006,238.0682,238.0735,237.8593,237.4591,237.2376,237.2333,237.292,237.3507,237.4094,237.3367,236.9807,236.6248,236.2688,235.9128,235.5568,235.2008,234.9015,234.7956,234.8987,235.0754,235.3937,235.6931,235.8739,236.1369,236.465,236.8296,237.3724,238.0504,238.7895,239.7423,240.319,240.5882,240.8227,241.1308,241.5683,241.7654,241.6708,241.922,242.6654,243.3114,243.7711,244.0803,244.3469,244.5723,244.6724,244.6607,244.6317,244.5494,244.6122,244.7926,244.8476,244.8881,245.1369,245.3776,245.5078,245.731,245.9462,246.0744,246.4518,247.102,247.7291,248.2606,248.7646,249.1802,249.2848,249.1256,248.6457,248.1959,247.7139,247.1275,246.45,245.7159,245.1257,244.6856,244.2893,243.9596,243.8435,243.8339,243.4782,242.7738,241.9638,241.2327,240.5903,240.0494,239.8227,239.8583,239.723,239.3618,238.9365,238.5112,238.148,238.1665,238.424,238.5012,238.4353,238.5615,238.8999,239.0881,239.2382,239.4957,239.5729,239.507,239.6332,240.0446,240.4979,240.9093,241.0975,241.2477,241.5782,241.9423,242.5674,243.3971,244.2753,245.1467,246.0778,246.9955,247.7668,248.4783,249.1014,249.5351,249.8219,250.3466,251.0024,251.5049,252.0098,252.7455,253.5218,253.9034,253.6932,253.3833,253.2338,252.8155,252.0837,251.2634,250.5281,250.8037,251.3435,251.8303,252.2553,252.6627,253.0702,253.4777,253.8852,254.2927,254.7001,255.1076,255.5151,255.9226,256.33,256.7375,257.145,257.1491,257.1324,257.1156,257.0988,257.0419,256.8413,256.5131,256.2972,256.1833,255.9646,255.5749,255.1449,254.6755,254.2093,253.7101,253.2251,253.1218,253.159,253.1989,253.0901,252.9014,252.6317,252.3745,252.0929,251.7775,251.2817,250.8508,250.7782,250.786,250.5268,250.0734,249.5839,249.1486,248.8137,248.4882,248.2645,248.1286,248.1828,248.3585,248.4909,248.6137,248.8167,248.9626,248.9937,249.1481,249.4589,249.752,249.7147,249.6773,249.64,249.6027,249.5654,249.5281,249.4908,249.4535,249.4162,249.3788,249.3415,249.3042,249.2669,249.2296,249.1093,248.7151,248.3208,247.9266,247.6029,247.5227,247.6432,247.5557,247.2225,246.8883,246.7926,246.9621,247.1665,247.373,247.4648,247.443,247.2602,247.072,247.0324,247.0625,247.0818,247.1678,247.1638,247.1491,247.2331,247.3218,247.4081,247.4612,247.5721,247.67,247.7959,247.9525,248.1825,248.4016,248.6267,248.8172,249.0979,249.4683,249.8048,250.0006,250.0992,250.219,250.29,250.384,250.4344,250.3356,250.2563,250.2992,250.2288,250.5189,251.3423,252.5516,254.0194,255.666,257.2451,258.5325,259.6857,260.7401,261.4754,262.1846,262.9929,263.6245,263.8878,264.1971,264.9071,265.1342,264.7779,264.2531,263.7284,263.3463,263.4653,264.01,264.1443,263.7779,263.4408,263.7134,264.5265,264.9588

Time pixel : 30.5958,30.6428,30.7061,30.7731,30.8401,30.9071,30.9741,31.041,31.108,31.175,31.242,31.309,31.3796,31.4666,31.5769,31.6872,31.7742,31.8448,31.9118,31.9788,32.0458,32.1091,32.1597,32.1997,32.2467,32.2937,32.3337,32.3843,32.4513,32.5346,32.6286,32.7083,32.7625,32.8026,32.8532,32.9129,32.9635,33.0035,33.0541,33.1175,33.1808,33.2314,33.2714,33.322,33.3817,33.4324,33.4724,33.523,33.5863,33.6533,33.7203,33.7873,33.8506,33.9049,33.9576,34.0188,34.0679,34.1058,34.1422,34.1928,34.2561,34.3231,34.3901,34.4571,34.5241,34.591,34.658,34.725,34.792,34.859,34.9259,34.9966,35.0799,35.1739,35.2572,35.3242,35.3748,35.4148,35.4654,35.5251,35.5721,35.5994,35.6358,35.6934,35.7424,35.7767,35.7967,35.8167,35.8473,35.88,35.9143,35.947,35.9813,36.0176,36.0683,36.1316,36.1949,36.2456,36.2819,36.3162,36.3489,36.3832,36.4159,36.4502,36.4829,36.5171,36.5535,36.6005,36.6474,36.6875,36.7381,36.8014,36.872,36.959,37.0693,37.1869,37.3139,37.4712,37.6249,37.7319,37.8061,37.8731,37.9364,37.9871,38.0271,38.0777,38.141,38.2117,38.306,38.4526,38.6296,38.7599,38.8272,38.8815,38.9448,39.0118,39.0751,39.1257,39.1621,39.1964,39.2437,39.3434,39.484,39.58,39.611,39.6146,39.6146,39.6183,39.6346,39.6652,39.7016,39.7522,39.8156,39.8825,39.9459,39.9965,40.0365,40.0871,40.1505,40.2138,40.2644,40.3044,40.3551,40.4184,40.4854,40.5487,40.5993,40.6393,40.69,40.7533,40.8203,40.8873,40.9542,41.0212,41.0882,41.1552,41.2222,41.2892,41.3561,41.4231,41.4901,41.5571,41.6241,41.691,41.758,41.825,41.892,41.959,42.0223,42.0729,42.1202,42.2036,42.3208,42.4205,42.4948,42.5618,42.6251,42.6794,42.7394,42.8334,42.94,43.0234,43.0776,43.1176,43.1683,43.2316,43.2986,43.3692,43.4562,43.5665,43.6768,43.7638,43.8344,43.9014,43.9684,44.0354,44.1024,44.1693,44.2363,44.3033,44.3703,44.4409,44.5243,44.6182,44.7015,44.7722,44.8392,44.9025,44.9531,44.9931,45.0437,45.1107,45.1941,45.2844,45.3513,45.395,45.4456,45.509,45.5759,45.6429,45.7136,45.8005,45.9145,46.0448,46.1751,46.2927,46.3961,46.4937,46.577,46.6476,46.7146,46.7816,46.8486,46.9156,46.9825,47.0495,47.1165,47.1835,47.2468,47.2974,47.3375,47.3881,47.4514,47.5184,47.5854,47.6487,47.6993,47.7357,47.77,47.8063,47.857,47.9203,47.9836,48.0342,48.0706,48.1049,48.1376,48.1682,48.1882,48.2082,48.2388,48.2715,48.3058,48.3385,48.3691,48.3892,48.4128,48.4598,48.5195,48.5664,48.5901,48.6138,48.6571,48.7041,48.7441,48.7947,48.858,48.925,48.9883,49.039,49.079,49.1296,49.1929,49.2599,49.3269,49.3939,49.4608,49.5278,49.5948,49.6618,49.7288,49.7958,49.8627,49.9297,49.9967,50.0637,50.1307,50.1976,50.2646,50.3316,50.3986,50.4656,50.5325,50.5959,50.6465,50.6865,50.7371,50.8005,50.8675,50.9344,51.0014,51.0684,51.1354,51.2024,51.2657,51.3163,51.3527,51.3869,51.4197,51.4503,51.4703,51.4939,51.5409,51.6042,51.6712,51.7382,51.8052,51.8722,51.9392,52.0061,52.0768,52.1601,52.2577,52.361,52.475,52.5853,52.6723,52.7429,52.8099,52.8769,52.9439,53.0108,53.0778,53.1448,53.2118,53.2788,53.3458,53.4127,53.4797,53.5467,53.6137,53.6807,53.7476,53.8146,53.8816,53.9486,54.0156,54.0825,54.1495,54.2165,54.2798,54.3305,54.3705,54.4211,54.4844,54.5478,54.5984,54.6348,54.669,54.7054,54.756,54.8193,54.8863,54.9533,55.0203,55.0873,55.1542,55.2212,55.2882,55.3552,55.4222,55.4892,55.5561,55.6231,55.6901,55.7571,55.8204,55.871,55.9074,55.9417,55.978,56.0286,56.092,56.159,56.2259,56.2893,56.3399,56.3799,56.4305,56.4975,56.5809,56.6748,56.7618,56.8488,56.9427,57.0261,57.0967,57.1673,57.2543,57.361,57.4586,57.5349,57.6162,57.6959,57.7665,57.8298,57.8805,57.9205,57.9675,58.0144,58.0544,58.1051,58.1684,58.2354,58.3024,58.3693,58.4363,58.5033,58.5703,58.6373,58.7006,58.7512,58.7876,58.8182

Position pixel : 9.51934,9.51934,9.51934,9.51934,9.51934,9.51934,9.51934,9.51934,9.51934,9.51934,9.51934,9.51934,9.51934,9.51934,9.51934,9.51934,9.51934,9.51934,9.51934,9.51934,9.51934,9.51569,9.49933,9.47237,9.45236,9.4287,9.38538,9.34205,9.3184,9.29474,9.25142,9.20444,9.16808,9.13381,9.1011,9.06683,9.03411,8.99985,8.96713,8.93287,8.8965,8.84953,8.80255,8.76619,8.73192,8.69921,8.66494,8.62858,8.57795,8.51827,8.46765,8.43128,8.39702,8.3643,8.33004,8.29732,8.26305,8.23034,8.19607,8.16336,8.12909,8.09638,8.06576,8.0494,8.04575,8.04575,8.04575,8.04575,8.04575,8.04575,8.04575,8.04575,8.04575,8.04575,8.04575,8.0494,8.06576,8.09638,8.13639,8.20337,8.29367,8.37701,8.45129,8.53463,8.62858,8.71192,8.78255,8.84953,8.91651,8.98349,9.04682,9.09745,9.13746,9.18808,9.25142,9.3184,9.38538,9.44871,9.49933,9.5357,9.56996,9.60268,9.63695,9.66966,9.70393,9.73664,9.76726,9.78726,9.80727,9.83424,9.8506,9.85425,9.85425,9.85425,9.85425,9.85425,9.8506,9.83424,9.80727,9.79091,9.78726,9.78726,9.78361,9.76726,9.73664,9.70028,9.64965,9.58632,9.51569,9.43235,9.3384,9.25506,9.18808,9.13746,9.0938,9.02682,8.93652,8.85683,8.7989,8.72794,8.55572,8.22635,7.81818,7.48848,7.26929,7.11532,6.99771,6.91437,6.8601,6.82009,6.76946,6.70978,6.66281,6.6428,6.6355,6.61914,6.59218,6.57582,6.57217,6.56852,6.55216,6.5252,6.50884,6.50519,6.50519,6.50154,6.48518,6.45821,6.44186,6.43821,6.43821,6.43821,6.43821,6.43821,6.43821,6.43821,6.43821,6.43821,6.43821,6.43821,6.44186,6.45821,6.48883,6.5252,6.57217,6.61914,6.65916,6.70613,6.75311,6.79312,6.84739,6.92708,7.02103,7.10072,7.15499,7.19136,7.22562,7.26199,7.30896,7.35594,7.3923,7.42657,7.45928,7.4899,7.50626,7.50991,7.50991,7.50626,7.4899,7.45928,7.42657,7.39595,7.37959,7.37229,7.35594,7.32897,7.30896,7.28896,7.26199,7.24198,7.22197,7.19501,7.17865,7.175,7.175,7.175,7.175,7.17135,7.15499,7.12803,7.11167,7.10802,7.10802,7.10437,7.08801,7.06104,7.04469,7.04104,7.04104,7.04469,7.06104,7.08801,7.10437,7.10802,7.10802,7.10802,7.10802,7.11167,7.12803,7.15499,7.17135,7.175,7.175,7.175,7.17865,7.19501,7.22197,7.23833,7.24563,7.26199,7.28896,7.30896,7.32897,7.35594,7.37229,7.37959,7.39595,7.42657,7.45928,7.4899,7.50991,7.52991,7.56053,7.59689,7.64752,7.71085,7.77783,7.84481,7.91179,7.97877,8.04575,8.11274,8.17607,8.22669,8.2667,8.31733,8.38066,8.45129,8.53463,8.62858,8.70827,8.75889,8.78255,8.80255,8.82952,8.84588,8.84953,8.84953,8.85318,8.86953,8.8965,8.91286,8.91651,8.91651,8.91651,8.91651,8.91651,8.91651,8.91651,8.91651,8.91651,8.91651,8.91651,8.91651,8.91651,8.91651,8.91651,8.91651,8.91651,8.91286,8.8965,8.86953,8.85318,8.84588,8.82952,8.7989,8.76619,8.73192,8.69921,8.66494,8.63223,8.60161,8.5816,8.5616,8.53098,8.49827,8.464,8.43128,8.39702,8.36065,8.31368,8.27035,8.2467,8.22304,8.17607,8.11274,8.04575,7.97877,7.91179,7.84481,7.77783,7.7145,7.66387,7.62386,7.57689,7.53356,7.50991,7.4899,7.46293,7.44657,7.44292,7.44292,7.44292,7.44292,7.44292,7.44292,7.44292,7.44292,7.44292,7.44292,7.44292,7.44292,7.44292,7.44292,7.44292,7.44292,7.44292,7.44292,7.44292,7.44292,7.44657,7.46293,7.4899,7.50626,7.50991,7.51356,7.52991,7.56053,7.59324,7.62751,7.66022,7.69084,7.71085,7.73086,7.75782,7.77783,7.79784,7.8248,7.84481,7.86482,7.89544,7.92815,7.96242,7.99513,8.0294,8.06211,8.09638,8.12909,8.16336,8.19607,8.23034,8.2667,8.31733,8.38066,8.44399,8.49462,8.53098,8.56525,8.60161,8.65223,8.71192,8.76619,8.82256,8.90015,8.97619,9.03411,9.09048,9.17173,9.27142,9.38538,9.49568,9.58632,9.66966,9.74725,9.80362,9.85789,9.91758,9.96455,9.98821,10.0082,10.0352,10.0515,10.0552,10.0552,10.0552,10.0588,10.0752,10.1022,10.1185,10.1222,10.1258,10.1422,10.1691,10.1855

Brightness max : 438.07
Brightness min : 209.00
Feature direction : Ambiguous
Feature speed : Slow
Feature type : Curve
Start frame : 1
End frame : 72
Start time (s) : 0.000
End time (s) : 603.45
Time step (s) : 8.38125

