KYMOANALYSIS DATA

General Information :

Tiff path : E:\Google Drive\microtubule dynamics and cut7\19-15 screens and tests\gtb1-K5A\19-11-13(gtb1-K5A, cut11-7, cut73-GFP and MTs)\
Spindle type : Monopolar
Start frame : 1
End frame : 73
Start time (s) : 0.000
End time (s) : 596.730000026
Time step (s) : 8.174383562
Num poles : 1
Num tracks : 1
Num tracks poleward : 0
Num tracks antipoleward : 0
Num tracks ambiguous : 1
Comments : {

}
Poles Information :


Pole number : 1

Time (s) : 10.6729656416,18.9272946748,27.181623708,35.4359527413,43.6902817745,51.9446108077,60.198939841,68.4532688742,76.7075979075,84.9620904284,93.2165829493,101.470258032,109.724750553,117.979243074,126.233735595,134.488228115,142.741903198,150.996395719,159.25088824,167.505380761,175.759055843,184.013548364,192.268040885,200.522533406,208.777025927,217.030701009,225.28519353,233.539686051,241.794178572,250.048671093,258.302346176,266.556838697,274.811331217,283.065823738,291.320316259,299.573991342,307.828483863,316.082976384,324.337468905,332.591961425,340.845636508,349.100129029,357.35462155,365.609114071,373.863606592,382.117281674,390.371774195,398.626266716,406.880759237,415.135251758,423.38892684,431.643419361,439.897911882,448.152404403,456.406079486,464.660572007,472.915064527,481.169557048,489.424049569,497.677724652,505.932217173,514.186709694,522.441202215,530.695694735,538.949369818,547.203862339,555.45835486,563.712847381,571.967339902,580.221014984,588.475507505,596.730000026

Position (um) : 1.1292,1.1295,1.1298,1.1301,1.1304,1.1307,1.131,1.1314,1.1317,1.132,1.1323,1.1326,1.1329,1.1332,1.1335,1.1338,1.1341,1.1344,1.1347,1.135,1.1353,1.1356,1.1359,1.1363,1.1366,1.1369,1.1372,1.1375,1.1378,1.1381,1.1384,1.1387,1.139,1.1393,1.1396,1.1399,1.1402,1.1405,1.1408,1.1412,1.1415,1.1418,1.1421,1.1424,1.1427,1.143,1.1433,1.1436,1.1439,1.1442,1.1445,1.1448,1.1451,1.1454,1.1457,1.1461,1.1464,1.1467,1.147,1.1473,1.1476,1.1479,1.1482,1.1485,1.1488,1.1491,1.1494,1.1497,1.15,1.1503,1.1506,1.151

Intensity : 1160.2319,1179.7175,1240.3996,1334.7653,1375.0251,1358.3557,1329.0875,1335.4306,1355.7552,1367.0629,1384.1946,1368.8546,1314.3437,1259.4977,1244.884,1262.0466,1290.1948,1309.5895,1305.0835,1287.1728,1294.6266,1328.7585,1359.3838,1377.9213,1384.7261,1388.2622,1411.4023,1415.0802,1371.7662,1321.8088,1272.1968,1238.8998,1205.6149,1214.604,1263.1771,1293.5461,1254.3992,1182.921,1117.3594,1111.2452,1100.8824,1051.1809,963.06682,905.84042,855.71533,823.10434,768.87991,742.73785,712.85313,700.01949,677.18305,719.99309,782.39128,881.32543,921.09017,959.72994,1002.4971,1066.1696,1106.4655,1108.2137,1122.0796,1093.1797,1068.849,1003.1122,953.11025,949.12762,984.92594,1043.4056,1029.3973,1019.955,1003.8915,1016.6038

Time pixel : 1.30566,2.31544,3.32522,4.335,5.34478,6.35456,7.36434,8.37412,9.3839,10.3937,11.4035,12.4132,13.423,14.4328,15.4426,16.4524,17.4621,18.4719,19.4817,20.4915,21.5012,22.511,23.5208,24.5306,25.5404,26.5501,27.5599,28.5697,29.5795,30.5893,31.599,32.6088,33.6186,34.6284,35.6382,36.6479,37.6577,38.6675,39.6773,40.6871,41.6968,42.7066,43.7164,44.7262,45.736,46.7457,47.7555,48.7653,49.7751,50.7849,51.7946,52.8044,53.8142,54.824,55.8337,56.8435,57.8533,58.8631,59.8729,60.8826,61.8924,62.9022,63.912,64.9218,65.9315,66.9413,67.9511,68.9609,69.9707,70.9804,71.9902,73

Position pixel : 10.583,10.5859,10.5888,10.5916,10.5945,10.5974,10.6002,10.6031,10.606,10.6088,10.6117,10.6146,10.6175,10.6203,10.6232,10.6261,10.6289,10.6318,10.6347,10.6375,10.6404,10.6433,10.6462,10.649,10.6519,10.6548,10.6576,10.6605,10.6634,10.6663,10.6691,10.672,10.6749,10.6777,10.6806,10.6835,10.6863,10.6892,10.6921,10.695,10.6978,10.7007,10.7036,10.7064,10.7093,10.7122,10.715,10.7179,10.7208,10.7237,10.7265,10.7294,10.7323,10.7351,10.738,10.7409,10.7437,10.7466,10.7495,10.7524,10.7552,10.7581,10.761,10.7638,10.7667,10.7696,10.7724,10.7753,10.7782,10.7811,10.7839,10.7868

Pole type : Line
Start frame : 1
End frame : 73
Start time (s) : 0.000
End time (s) : 596.730000026
Time step (s) : 8.174383562

Feature Information :


Feature number : 1

Time (s) : 215.198004215,215.587104872,216.111900297,216.667758379,217.222799023,217.838330105,218.664760283,219.697184927,220.659309873,221.529064284,222.355494462,223.164758434,223.855493845,224.440779708,224.995820352,225.551678434,226.106719078,226.661759722,227.247045585,227.937780996,228.747044969,229.573475147,230.38273912,231.073474531,231.658760394,232.244046257,232.935599106,233.74404564,234.570475818,235.379739791,236.100720421,236.821701051,237.600719805,238.291455216,238.906986298,239.659029586,240.738865654,242.012434613,243.092270682,243.874559189,244.595539819,245.373741134,246.065293983,246.680825066,247.401805696,248.316519216,249.230415299,249.951395929,250.53749923,251.092539874,251.677825737,252.398806367,253.343765107,254.363110737,255.17237471,255.670194669,256.119785765,256.644581189,257.169376614,257.619785148,258.057114669,258.56392645,259.031501189,259.586541833,260.260111039,260.999075313,261.895805189,262.691990148,263.307521231,263.862561875,264.418419957,264.973460601,265.498256025,265.91841934,266.249481875,266.699890409,267.360380601,268.109154135,268.664194779,269.026319971,269.445665847,269.940216053,270.360379368,270.691441902,271.111605217,271.606155423,272.0255013,272.357381272,272.776727149,273.302340012,273.857380656,274.4124213,274.967461943,275.493074807,275.912420683,276.244300656,276.663646533,277.188441957,277.744300039,278.329585903,279.050566533,280.025770492,281.241301327,282.545115505,283.685442012,284.738302615,285.906422026,286.956830314,287.708056163,288.293342026,288.84838267,289.404240752,289.959281396,290.51432204,291.069362684,291.594975547,291.984076205,292.150016191,292.210506629,292.376446615,292.735302054,293.12522015,293.456282684,293.84620078,294.205056218,294.370996205,294.401241424,294.431486643,294.597426629,294.956282068,295.346200164,295.677262698,296.067180794,296.48652667,296.923856191,297.43148541,297.867997492,298.318406027,298.843201451,299.428487314,300.149467945,301.154917123,302.536387945,304.22930278,305.864996931,307.306958191,308.671262808,309.887611082,310.831752383,311.417855685,311.779163438,312.199326753,312.724122178,313.309408041,314.000143452,314.779162205,315.439652397,315.859815712

Position (um) : 1.8032,1.8032,1.8032,1.8032,1.8032,1.8032,1.8032,1.8032,1.8032,1.8032,1.8032,1.8032,1.8032,1.8032,1.8032,1.8032,1.8032,1.8032,1.8032,1.8032,1.8032,1.8032,1.8032,1.8028,1.8011,1.7981,1.7964,1.796,1.796,1.796,1.796,1.796,1.796,1.796,1.7964,1.7985,1.8036,1.8101,1.8152,1.8177,1.8199,1.8228,1.825,1.8271,1.8301,1.8322,1.8344,1.8373,1.8391,1.8399,1.842,1.8471,1.8536,1.859,1.8638,1.871,1.8804,1.8872,1.8902,1.8924,1.8957,1.8996,1.9051,1.9119,1.9192,1.9264,1.9337,1.9405,1.946,1.95,1.9537,1.9572,1.9609,1.9644,1.9682,1.9721,1.9772,1.9823,1.9862,1.9899,1.9934,1.9971,2.0007,2.0044,2.0083,2.0138,2.0203,2.0257,2.0297,2.0334,2.0373,2.0428,2.0493,2.0547,2.0587,2.062,2.0637,2.0641,2.0645,2.0663,2.0692,2.071,2.0714,2.0714,2.071,2.0692,2.0663,2.0641,2.0616,2.0565,2.0496,2.0424,2.0348,2.0253,2.0134,2.0015,1.9921,1.9844,1.9772,1.9699,1.9623,1.9525,1.9392,1.9261,1.9178,1.9115,1.9047,1.8974,1.8906,1.8851,1.8808,1.8753,1.8685,1.8612,1.854,1.8471,1.8416,1.8373,1.8322,1.8271,1.8228,1.8169,1.8083,1.7981,1.7895,1.7837,1.7797,1.7764,1.7742,1.7721,1.7692,1.7674,1.767,1.767,1.767,1.767,1.767,1.767

Intensity : 276.1553,276.4411,276.8264,277.234,277.6415,278.0935,278.7001,279.458,280.1641,280.1699,280.1396,280.1099,280.0845,280.063,280.0426,280.0223,280.0019,279.9815,279.96,279.9347,279.905,280.1704,280.4872,280.9409,281.9947,283.5893,284.6971,285.2122,285.5495,285.8797,286.1739,286.4682,286.8855,287.2939,287.4699,286.8862,285.1199,282.8339,281.4015,281.2855,281.2162,281.099,281.4849,281.7606,281.9744,282.5993,283.206,283.3618,283.6291,284.1059,284.2528,283.7722,283.1462,283.1038,282.9521,281.6318,279.6231,278.3991,278.2603,278.238,277.8617,277.3869,276.3975,275.0982,273.8015,273.2646,273.1188,273.0053,272.859,272.894,272.9566,273.037,273.0313,272.9061,272.6232,272.4401,272.2867,272.2207,272.1216,271.816,271.606,271.2533,270.5989,269.8873,269.1371,268.0665,266.7657,265.6495,265.0781,264.6758,264.2341,263.5791,262.7753,262.0758,261.5617,261.1199,260.8801,260.824,260.7663,260.2094,259.2536,258.2722,257.3004,256.3157,255.5045,254.9296,254.3984,253.6837,253.2386,253.2031,253.3409,253.4655,253.5723,253.9293,255.1839,256.3897,257.3159,258.259,259.2891,260.1427,260.7171,261.523,262.8929,264.0586,264.6134,265.4216,266.5404,267.7243,268.677,269.1558,269.394,269.8811,270.5055,271.1358,271.7221,272.1285,272.3933,272.446,272.4952,272.44,272.0572,271.4642,271.1938,272.1744,272.7868,272.9032,272.6361,272.3371,272.2183,272.7793,273.4483,273.8912,274.0721,274.1839,274.3157,274.4644,274.5905,274.6706

Time pixel : 26.3259,26.3735,26.4377,26.5057,26.5736,26.6489,26.75,26.8763,26.994,27.1004,27.2015,27.3005,27.385,27.4566,27.5245,27.5925,27.6604,27.7283,27.7999,27.8844,27.9834,28.0845,28.1835,28.268,28.3396,28.4112,28.4958,28.5947,28.6958,28.7948,28.883,28.9712,29.0665,29.151,29.2263,29.3183,29.4504,29.6062,29.7383,29.834,29.9222,30.0174,30.102,30.1773,30.2655,30.3774,30.4892,30.5774,30.6491,30.717,30.7886,30.8768,30.9924,31.1171,31.2161,31.277,31.332,31.3962,31.4604,31.5155,31.569,31.631,31.6882,31.7561,31.8385,31.9289,32.0386,32.136,32.2113,32.2792,32.3472,32.4151,32.4793,32.5307,32.5712,32.6263,32.7071,32.7987,32.8666,32.9109,32.9622,33.0227,33.0741,33.1146,33.166,33.2265,33.2778,33.3184,33.3697,33.434,33.5019,33.5698,33.6377,33.702,33.7533,33.7939,33.8452,33.9094,33.9774,34.049,34.1372,34.2565,34.4052,34.5647,34.7042,34.833,34.9759,35.1044,35.1963,35.2679,35.3358,35.4038,35.4717,35.5396,35.6075,35.6718,35.7194,35.7397,35.7471,35.7674,35.8113,35.859,35.8995,35.9472,35.9911,36.0114,36.0151,36.0188,36.0391,36.083,36.1307,36.1712,36.2189,36.2702,36.3237,36.3858,36.4392,36.4943,36.5585,36.6301,36.7183,36.8413,37.0103,37.2174,37.4175,37.5939,37.7608,37.9096,38.0251,38.0968,38.141,38.1924,38.2566,38.3282,38.4127,38.508,38.5888,38.6402

Position pixel : 16.9,16.9,16.9,16.9,16.9,16.9,16.9,16.9,16.9,16.9,16.9,16.9,16.9,16.9,16.9,16.9,16.9,16.9,16.9,16.9,16.9,16.9,16.9,16.8963,16.8797,16.8524,16.8358,16.8321,16.8321,16.8321,16.8321,16.8321,16.8321,16.8321,16.8358,16.8561,16.9037,16.9642,17.0119,17.0358,17.0561,17.0835,17.1038,17.1241,17.1514,17.1717,17.192,17.2193,17.2359,17.2433,17.2636,17.3112,17.3718,17.4231,17.4674,17.5353,17.6232,17.6874,17.7151,17.7354,17.7664,17.8033,17.8546,17.9189,17.9868,18.0547,18.1226,18.1869,18.2382,18.2751,18.3098,18.343,18.3778,18.4109,18.4457,18.4826,18.5302,18.5778,18.6147,18.6495,18.6826,18.7174,18.7505,18.7853,18.8222,18.8735,18.934,18.9854,19.0222,19.057,19.0939,19.1452,19.2057,19.2571,19.2939,19.325,19.3416,19.3453,19.349,19.3656,19.3929,19.4095,19.4132,19.4132,19.4095,19.3929,19.3656,19.3453,19.3213,19.2737,19.2094,19.1415,19.0699,18.9817,18.8698,18.758,18.6697,18.5981,18.5302,18.4623,18.3906,18.2987,18.174,18.0514,17.9739,17.9152,17.8509,17.783,17.7188,17.6675,17.6269,17.5755,17.5113,17.4434,17.3755,17.3112,17.2599,17.2193,17.1717,17.1241,17.0835,17.0284,16.9476,16.8524,16.7716,16.7165,16.6796,16.6486,16.6283,16.608,16.5807,16.5641,16.5604,16.5604,16.5604,16.5604,16.5604,16.5604

Brightness max : 454.53
Brightness min : 231.00
Feature direction : Ambiguous
Feature speed : Slow
Feature type : Curve
Start frame : 1
End frame : 73
Start time (s) : 0.000
End time (s) : 596.730000026
Time step (s) : 8.174383562

