KYMOANALYSIS DATA

General Information :

Tiff path : E:\Google Drive\microtubule dynamics and cut7\19-15 screens and tests\gtb1-K5A\19-11-13(gtb1-K5A, cut11-7, cut73-GFP and MTs)\
Spindle type : Monopolar
Start frame : 1
End frame : 73
Start time (s) : 0.000
End time (s) : 596.730000026
Time step (s) : 8.174383562
Num poles : 1
Num tracks : 2
Num tracks poleward : 0
Num tracks antipoleward : 0
Num tracks ambiguous : 2
Comments : {

}
Poles Information :


Pole number : 1

Time (s) : 9.00727150313,17.2850610172,25.5628505313,33.8406400453,42.1183478155,50.3961373296,58.6739268437,66.9517163577,75.2295058718,83.5070501543,91.7852483876,100.062629182,108.340827416,116.618208211,124.896406444,133.173787239,141.451985472,149.729366267,158.0075645,166.284945295,174.563143528,182.840524323,191.118722556,199.396103351,207.674301584,215.951682379,224.229880613,232.507261407,240.785459641,249.062840436,257.341038669,265.618419464,273.896617697,282.173998492,290.452196725,298.72957752,307.007775753,315.285156548,323.563354781,331.840735576,340.118933809,348.396314604,356.674512837,364.951893632,373.230091866,381.50747266,389.785670894,398.063051689,406.341249922,414.618630717,422.89682895,431.174209745,439.452407978,447.729788773,456.007987006,464.285367801,472.563566034,480.840946829,489.119145062,497.396525857,505.674724091,513.952104885,522.230303119,530.507683914,538.785882147,547.063262942,555.341461175,563.61884197,571.897040203,580.174420998,588.452619231,596.730000026

Position (um) : 1.4382,1.439,1.4397,1.4404,1.4411,1.4418,1.4425,1.4432,1.444,1.4447,1.4454,1.4461,1.4468,1.4475,1.4482,1.449,1.4497,1.4504,1.4511,1.4518,1.4525,1.4532,1.454,1.4547,1.4554,1.4561,1.4568,1.4575,1.4582,1.459,1.4597,1.4604,1.4611,1.4618,1.4625,1.4632,1.464,1.4647,1.4654,1.4661,1.4668,1.4675,1.4682,1.469,1.4697,1.4704,1.4711,1.4718,1.4725,1.4732,1.474,1.4747,1.4754,1.4761,1.4768,1.4775,1.4783,1.479,1.4797,1.4804,1.4811,1.4818,1.4825,1.4833,1.484,1.4847,1.4854,1.4861,1.4868,1.4875,1.4883,1.489

Intensity : 1054.6759,1070.1479,1063.168,1067.4705,1045.9436,1045.4068,1052.8809,1059.0766,1063.2173,1053.1215,1059.5282,1054.0626,1021.9738,974.7049,935.37788,915.2013,871.73932,856.74412,886.10183,929.46558,958.84558,956.44258,951.4979,930.49426,899.80937,884.47137,873.86939,858.41985,812.39056,773.35491,767.84016,793.8139,833.33877,864.83306,891.62336,897.24678,865.62884,818.81464,807.03288,844.77465,884.95009,887.30867,851.68839,821.29758,807.57408,823.29856,833.10152,846.30349,850.72565,852.25567,837.73366,831.56609,822.46455,802.68144,775.99794,770.93648,762.11482,744.27235,745.5123,742.57095,749.57478,746.11776,759.6515,765.31149,741.69106,734.33555,708.92405,690.93953,665.90696,657.38039,682.80313,704.55094

Time pixel : 1.10189,2.11454,3.12719,4.13984,5.15248,6.16513,7.17778,8.19043,9.20308,10.2157,11.2284,12.241,13.2537,14.2663,15.279,16.2916,17.3043,18.3169,19.3296,20.3422,21.3549,22.3675,23.3802,24.3928,25.4055,26.4181,27.4308,28.4434,29.4561,30.4687,31.4814,32.494,33.5067,34.5193,35.532,36.5446,37.5573,38.5699,39.5826,40.5952,41.6079,42.6205,43.6332,44.6458,45.6585,46.6711,47.6838,48.6964,49.7091,50.7217,51.7344,52.747,53.7597,54.7723,55.785,56.7976,57.8103,58.8229,59.8356,60.8482,61.8609,62.8735,63.8862,64.8988,65.9115,66.9241,67.9368,68.9494,69.9621,70.9747,71.9874,73

Position pixel : 13.4792,13.4859,13.4926,13.4993,13.506,13.5127,13.5194,13.5261,13.5328,13.5395,13.5462,13.5529,13.5596,13.5663,13.573,13.5797,13.5864,13.5931,13.5998,13.6065,13.6132,13.6199,13.6266,13.6333,13.64,13.6467,13.6534,13.6601,13.6668,13.6735,13.6801,13.6868,13.6935,13.7002,13.7069,13.7136,13.7203,13.727,13.7337,13.7404,13.7471,13.7538,13.7605,13.7672,13.7739,13.7806,13.7873,13.794,13.8007,13.8074,13.8141,13.8208,13.8275,13.8342,13.8409,13.8476,13.8543,13.861,13.8677,13.8744,13.8811,13.8877,13.8944,13.9011,13.9078,13.9145,13.9212,13.9279,13.9346,13.9413,13.948,13.9547

Pole type : Line
Start frame : 1
End frame : 73
Start time (s) : 0.000
End time (s) : 596.730000026
Time step (s) : 8.174383562

Feature Information :


Feature number : 1

Time (s) : 55.2883424038,55.6777700367,56.202728949,56.7277696052,57.1473607134,57.4790771984,57.8685048313,58.2578507203,58.5895672053,58.9789130944,59.3683407272,59.7000572122,60.1196483204,60.6446889766,61.169647889,61.589320741,61.921037226,62.310383115,62.6998107479,63.031445489,63.4208731219,63.8103007548,64.1116902768,64.3957501055,64.6669761521,64.9510359809,65.2221802837,65.5062401124,65.777466159,66.0615259878,66.3326702906,66.6167301193,66.8878744221,67.1720159947,67.4734055166,67.8628331495,68.2521790386,68.5536503044,68.8377101331,69.1088544359,69.3929142647,69.6943855304,70.1140583825,70.6390172949,71.1639762072,71.5836490593,71.9153655442,72.3349566525,72.8599973087,73.4152014402,74.0007325347,74.6915496896,75.4703232115,76.1611403663,76.7769166801,77.4979790541,78.4426108185,79.5228556062,80.6031003939,81.5174869392,82.1026910584,82.4648162502,82.9152247844,83.6059601954,84.5501014968,85.6005097846,86.544651086,87.2656317161,87.8517350175,88.4067756614,88.9315710861,89.3517344012,89.6525517162,89.9370202642,90.2084097985,90.4920609081,90.7634504423,91.0471015519,91.3487363054,91.7680821821,92.2936950451,92.848735689,93.4037763328,93.9588169767,94.5146750589,95.0697157028,95.6550015658,96.375982196,97.2906957166,98.2045917988,98.9263898673,99.4814305112,99.9007763879,100.202411141,100.486062251,100.787697004,101.207860319,101.732655744,102.287696388,102.842737032,103.368349895,103.787695772,104.089330525,104.372981635,104.644371169,104.928022279,105.199411813,105.483880361,105.754452457,106.038921005,106.310310539,106.593961648,106.865351183,107.149002292,107.450637046,107.870800361,108.395595786,108.92039121,109.339737087,109.64137184,109.925840388,110.196412484,110.480881032,110.752270566,111.035921676,111.33755643,111.726657087,112.086329964,112.281697731,112.447637717,112.701861046,112.97325058,113.25690169,113.558536443,113.97788232,114.502677745,115.058535827,115.613576471,116.168617115,116.723657759,117.279515841,117.834556485,118.389597128,118.944637772,119.470250635,119.889596512,120.251721704,120.806762348,121.555535882,122.246271293,122.831557156,123.3865978,123.972701101,124.663436512,125.441637827,126.133190677,126.71847654,127.273517184,127.828557827,128.38441591,128.939456554,129.494497197,130.049537841,130.605395923,131.160436567,131.715477211,132.361253513,133.353623677,134.775966417,136.262886787,137.596946184,138.571332705,139.23509265,139.908661855,140.569152047,141.15443791,141.709478554,142.265336636,142.82037728,143.405663143,144.126643773,145.041357294,145.956070815,146.677051445,147.262337308,147.817377952,148.372418596,148.916015102,149.443262842,149.969693144,150.496940883,151.023371185,151.580046705,152.242171774,152.991762746,153.653887815,154.209745897,154.736176199,155.231543842,155.621461938,155.923096692,156.282769568,156.611379788,156.777319774,156.94325976,157.271052541,157.629907979,157.900480075,158.153068527,158.392577966,158.61410376,158.748163651,158.911651322,159.268054445,159.729907117,160.115738021,160.383857802,160.6331765,160.900478843,161.285492308,161.775137884,162.324456459,163.009469802,163.917643815,164.960695158,166.03399172,167.076225624,167.982764761,168.66450835,169.210557172,169.756605994,170.407286925,171.17567898,171.960419802,172.727994418,173.376223035,173.919002103,174.431535953,174.942434925,175.454151336,175.965050309,176.475131843,176.985213378,177.494477473,178.003741569,178.513005665,179.022269761,179.530716419,180.039163076,180.547609734,181.055238953,181.533440391,181.906192282,182.19066083,182.56341272,183.042431597,183.550878255,184.06014235,184.569406446,185.079487981,185.590386953,186.071040707,186.447062351,186.766680748,187.280032036,188.017361433,188.86422757,189.935889255,191.171856049,192.184662173,192.765043406,193.092836186,193.44923931,193.808094748,194.109729502,194.501282474,194.999919872,195.530437365,196.062589735,196.596376981,197.132616543,197.670490981,198.210000296,198.751961926,199.265313214,199.675667269,200.000190296,200.414631543,200.905911995,201.294195214

Position (um) : 0.92366,0.92366,0.92366,0.92326,0.92149,0.91858,0.91641,0.91425,0.91133,0.90916,0.907,0.90369,0.90015,0.89683,0.89467,0.8925,0.88959,0.88742,0.88526,0.88234,0.88017,0.87801,0.8747,0.87116,0.86745,0.86391,0.8602,0.85666,0.85295,0.84902,0.84354,0.83669,0.82944,0.82219,0.81534,0.80986,0.80593,0.80222,0.79868,0.79497,0.79104,0.78556,0.77871,0.77186,0.76638,0.76205,0.75697,0.75228,0.74972,0.74755,0.74424,0.7407,0.73739,0.73562,0.73522,0.73522,0.73522,0.73522,0.73522,0.73483,0.73306,0.73014,0.72877,0.73014,0.73306,0.73522,0.73739,0.74031,0.74247,0.74464,0.74795,0.75149,0.7552,0.75874,0.76244,0.76598,0.76969,0.77323,0.77654,0.77871,0.78087,0.78379,0.78556,0.78596,0.78596,0.78596,0.78596,0.78596,0.78596,0.78596,0.78596,0.78556,0.78379,0.78048,0.77654,0.77107,0.76421,0.75736,0.75188,0.74755,0.74208,0.73562,0.73014,0.72621,0.7225,0.71896,0.71525,0.71171,0.708,0.70446,0.70076,0.69722,0.69351,0.68957,0.6841,0.67724,0.67,0.66275,0.6559,0.65042,0.64648,0.64278,0.63924,0.63553,0.63159,0.62612,0.61926,0.61202,0.60516,0.59968,0.59575,0.59204,0.58811,0.58224,0.57401,0.56522,0.55735,0.54856,0.54033,0.53446,0.53013,0.52504,0.51996,0.51603,0.51232,0.50878,0.50507,0.50153,0.49822,0.49605,0.49389,0.49097,0.48881,0.48664,0.48372,0.48195,0.48156,0.48156,0.48156,0.48156,0.48156,0.48156,0.48156,0.48156,0.48156,0.48156,0.48156,0.48195,0.48412,0.48881,0.49389,0.49782,0.50153,0.50507,0.50838,0.51015,0.51094,0.51271,0.51563,0.5174,0.51819,0.51996,0.52288,0.52504,0.52721,0.53052,0.53406,0.53772,0.54152,0.54648,0.55104,0.55347,0.5559,0.56046,0.56502,0.56705,0.56771,0.56935,0.57253,0.57594,0.57912,0.58115,0.58357,0.58891,0.5974,0.60782,0.61847,0.62889,0.63737,0.6431,0.64729,0.65223,0.65717,0.66095,0.66451,0.6679,0.67146,0.67485,0.67801,0.68001,0.68202,0.68517,0.68895,0.69426,0.70095,0.70763,0.71254,0.71454,0.71476,0.71458,0.7144,0.71422,0.71443,0.71602,0.71875,0.72033,0.72053,0.72034,0.72014,0.71995,0.72014,0.72171,0.72443,0.72599,0.72618,0.72597,0.72577,0.72556,0.72535,0.72514,0.72493,0.72511,0.72667,0.72938,0.73094,0.73152,0.73308,0.73579,0.73736,0.73755,0.73735,0.73755,0.73912,0.74185,0.74343,0.74364,0.74386,0.74545,0.7482,0.7502,0.75221,0.75497,0.75699,0.75901,0.76219,0.766,0.77097,0.77554,0.778,0.78007,0.78329,0.78676,0.79,0.79171,0.79245,0.79418,0.79706,0.79881,0.79919,0.79918

Intensity : 316.9074,316.6394,316.278,315.7603,314.775,314.1031,314.0346,313.9546,313.4444,313.34,313.224,312.5128,311.8608,311.4818,311.5619,311.4307,310.804,310.5917,310.3679,309.7024,309.4542,309.1944,308.2633,307.1882,306.0028,304.9001,303.687,302.6669,301.8226,301.5679,300.8713,299.8282,298.6175,297.4002,296.2873,295.6923,295.4745,295.1062,294.7278,294.258,293.732,292.7826,291.6324,290.6211,289.9516,289.3932,288.4242,287.6897,287.7515,287.9621,287.7375,287.4452,287.2364,287.2593,287.4903,287.8431,288.3054,288.834,289.3626,289.7397,289.1399,288.2218,287.4816,286.9658,286.4454,285.6748,285.0203,284.7459,284.4868,284.261,284.3574,284.8001,285.4042,285.9993,286.999,287.9568,288.9519,289.9051,290.8027,291.4343,292.0855,292.9283,293.4814,293.6908,293.8017,293.9127,294.0298,294.1739,294.3567,294.7547,296.2803,297.3531,297.775,297.5266,297.0555,296.1769,295.1102,294.1759,293.6149,293.3272,292.998,292.3123,291.6258,291.2366,290.8684,290.5512,290.1692,289.8381,289.4422,289.0973,288.7673,288.9319,289.0032,289.0538,288.7917,288.5764,288.5749,288.5297,288.2053,287.8162,287.7341,287.6557,287.7187,287.8873,288.0324,287.9222,287.7714,287.406,286.6243,286.0034,285.8961,285.858,285.7855,285.333,284.6312,283.855,282.3332,280.6354,279.079,278.039,277.6416,277.248,276.8609,276.6142,276.387,276.1421,275.8581,275.6745,275.6001,275.6372,275.46,274.8971,274.3905,273.8197,273.0884,272.5255,272.1907,271.9244,271.6581,271.3918,271.1255,270.8591,270.5928,270.3265,270.2389,270.2407,270.2428,270.315,270.7058,271.569,272.5323,273.297,273.945,274.4636,274.9574,275.1803,275.2233,275.4641,275.9422,276.1933,276.2273,276.436,276.8987,277.2473,277.5854,278.0307,278.6034,279.6561,280.7227,282.1388,283.354,283.795,284.1802,285.1276,285.9207,285.9484,285.6352,285.6235,286.0546,286.1869,286.3239,285.9826,285.8016,286.7775,288.543,290.3014,291.9316,293.6788,294.937,295.8538,296.5804,297.8517,299.0048,299.0654,298.6473,298.4093,298.6292,298.8385,298.8929,298.12,296.9386,295.8688,294.4385,294.0291,295.6,297.174,298.2381,298.4777,298.2695,297.9949,297.7196,297.401,297.1557,297.256,297.6075,297.6817,297.3966,297.0075,296.6178,296.2275,295.9607,296.1267,296.6564,296.8262,296.5623,296.1732,295.7837,295.3937,295.0877,294.9091,294.7305,294.6839,295.0952,295.8876,296.2961,296.3707,296.7463,297.4807,297.8527,297.7936,297.6117,297.5607,297.9627,298.7346,299.1026,298.9779,297.304,295.5705,294.0661,292.9089,292.6367,293.2432,293.4176,293.5771,294.38,295.2478,296.3602,297.1722,296.9933,297.0826,297.7882,298.56,299.2029,299.1713,298.7621,298.8949,299.6068,299.7121,299.1482,298.58

Time pixel : 6.76361,6.81125,6.87547,6.9397,6.99103,7.03161,7.07925,7.12688,7.16746,7.21509,7.26273,7.30331,7.35464,7.41887,7.48309,7.53443,7.57501,7.62264,7.67028,7.71085,7.75849,7.80613,7.843,7.87775,7.91093,7.94568,7.97885,8.0136,8.04678,8.08153,8.1147,8.14945,8.18262,8.21738,8.25425,8.30189,8.34952,8.3864,8.42115,8.45432,8.48907,8.52595,8.57729,8.64151,8.70573,8.75707,8.79765,8.84898,8.91321,8.98113,9.05276,9.13727,9.23254,9.31705,9.39238,9.48059,9.59615,9.7283,9.86045,9.97231,10.0439,10.0882,10.1433,10.2278,10.3433,10.4718,10.5873,10.6755,10.7472,10.8151,10.8793,10.9307,10.9675,11.0023,11.0355,11.0702,11.1034,11.1381,11.175,11.2263,11.2906,11.3585,11.4264,11.4943,11.5623,11.6302,11.7018,11.79,11.9019,12.0137,12.102,12.1699,12.2212,12.2581,12.2928,12.3297,12.3811,12.4453,12.5132,12.5811,12.6454,12.6967,12.7336,12.7683,12.8015,12.8362,12.8694,12.9042,12.9373,12.9721,13.0053,13.04,13.0732,13.1079,13.1448,13.1962,13.2604,13.3246,13.3759,13.4128,13.4476,13.4807,13.5155,13.5487,13.5834,13.6203,13.6679,13.7119,13.7358,13.7561,13.7872,13.8204,13.8551,13.892,13.9433,14.0075,14.0755,14.1434,14.2113,14.2792,14.3472,14.4151,14.483,14.5509,14.6152,14.6665,14.7108,14.7787,14.8703,14.9548,15.0264,15.0943,15.166,15.2505,15.3457,15.4303,15.5019,15.5698,15.6377,15.7057,15.7736,15.8415,15.9094,15.9774,16.0453,16.1132,16.1922,16.3136,16.4876,16.6695,16.8327,16.9519,17.0331,17.1155,17.1963,17.2679,17.3358,17.4038,17.4717,17.5433,17.6315,17.7434,17.8553,17.9435,18.0151,18.083,18.1509,18.2174,18.2819,18.3463,18.4108,18.4752,18.5433,18.6243,18.716,18.797,18.865,18.9294,18.99,19.0377,19.0746,19.1186,19.1588,19.1791,19.1994,19.2395,19.2834,19.3165,19.3474,19.3767,19.4038,19.4202,19.4402,19.4838,19.5403,19.5875,19.6203,19.6508,19.6835,19.7306,19.7905,19.8577,19.9415,20.0526,20.1802,20.3115,20.439,20.5499,20.6333,20.7001,20.7669,20.8465,20.9405,21.0365,21.1304,21.2097,21.2761,21.3388,21.4013,21.4639,21.5264,21.5888,21.6512,21.7135,21.7758,21.8381,21.9004,21.9626,22.0248,22.087,22.1491,22.2076,22.2532,22.288,22.3336,22.3922,22.4544,22.5167,22.579,22.6414,22.7039,22.7627,22.8087,22.8478,22.9106,23.0008,23.1044,23.2355,23.3867,23.5106,23.5816,23.6217,23.6653,23.7092,23.7461,23.794,23.855,23.9199,23.985,24.0503,24.1159,24.1817,24.2477,24.314,24.3768,24.427,24.4667,24.5174,24.5775,24.625

Position pixel : 8.6566,8.6566,8.6566,8.6529,8.6363,8.609,8.5887,8.5684,8.541,8.5208,8.5005,8.4694,8.4362,8.4052,8.3849,8.3646,8.3373,8.317,8.2967,8.2693,8.2491,8.2288,8.1977,8.1645,8.1298,8.0966,8.0619,8.0287,7.9939,7.9571,7.9057,7.8415,7.7736,7.7057,7.6414,7.5901,7.5532,7.5185,7.4853,7.4505,7.4137,7.3623,7.2981,7.2339,7.1826,7.142,7.0943,7.0504,7.0264,7.0061,6.9751,6.9419,6.9109,6.8943,6.8906,6.8906,6.8906,6.8906,6.8906,6.8869,6.8703,6.8429,6.83,6.8429,6.8703,6.8906,6.9109,6.9382,6.9585,6.9788,7.0098,7.043,7.0778,7.1109,7.1457,7.1789,7.2136,7.2468,7.2778,7.2981,7.3184,7.3457,7.3623,7.366,7.366,7.366,7.366,7.366,7.366,7.366,7.366,7.3623,7.3457,7.3147,7.2778,7.2265,7.1623,7.098,7.0467,7.0061,6.9548,6.8943,6.8429,6.8061,6.7713,6.7381,6.7034,6.6702,6.6355,6.6023,6.5675,6.5344,6.4996,6.4627,6.4114,6.3472,6.2792,6.2113,6.1471,6.0958,6.0589,6.0241,5.991,5.9562,5.9193,5.868,5.8038,5.7358,5.6716,5.6203,5.5834,5.5487,5.5118,5.4567,5.3796,5.2973,5.2235,5.1411,5.064,5.009,4.9684,4.9208,4.8731,4.8362,4.8015,4.7683,4.7336,4.7004,4.6693,4.6491,4.6288,4.6014,4.5811,4.5608,4.5335,4.5169,4.5132,4.5132,4.5132,4.5132,4.5132,4.5132,4.5132,4.5132,4.5132,4.5132,4.5132,4.5169,4.5372,4.5811,4.6288,4.6656,4.7004,4.7336,4.7646,4.7812,4.7886,4.8052,4.8325,4.8491,4.8565,4.8731,4.9005,4.9208,4.941,4.9721,5.0053,5.0395,5.0752,5.1216,5.1644,5.1872,5.21,5.2527,5.2954,5.3145,5.3206,5.336,5.3658,5.3977,5.4275,5.4466,5.4693,5.5193,5.5989,5.6966,5.7964,5.894,5.9735,6.0272,6.0665,6.1127,6.159,6.1945,6.2279,6.2596,6.293,6.3247,6.3543,6.3731,6.3919,6.4215,6.4569,6.5067,6.5693,6.632,6.678,6.6967,6.6988,6.6971,6.6954,6.6937,6.6957,6.7106,6.7362,6.751,6.7529,6.7511,6.7492,6.7474,6.7492,6.7639,6.7894,6.8041,6.8058,6.8039,6.8019,6.8,6.798,6.796,6.7941,6.7958,6.8104,6.8358,6.8504,6.8558,6.8705,6.8959,6.9106,6.9124,6.9105,6.9123,6.9271,6.9526,6.9675,6.9695,6.9715,6.9864,7.0122,7.0309,7.0497,7.0756,7.0945,7.1135,7.1433,7.179,7.2255,7.2684,7.2915,7.3109,7.3411,7.3735,7.4039,7.42,7.4269,7.4431,7.4701,7.4865,7.49,7.49

Brightness max : 565.32
Brightness min : 225.00
Feature direction : Ambiguous
Feature speed : Slow
Feature type : Curve
Start frame : 1
End frame : 73
Start time (s) : 0.000
End time (s) : 596.730000026
Time step (s) : 8.174383562

Feature number : 2

Time (s) : 551.673615271,552.063533367,552.588328791,553.143369435,553.729472736,554.450453367,555.33410423,556.143368202,556.77606549,557.449634696,558.140370107,558.862168175,559.670614709,560.497044887,561.336554079,562.162984257,562.97224823,563.662983641,564.248269504,564.803310148,565.35916823,565.914208874,566.469249518,567.024290162,567.580148244,568.135188888,568.690229532,569.245270175,569.801128258,570.325923682,570.775514778,571.243089518,571.886413504,572.546903696,573.132189559,573.687230203,574.243088285,574.798128929,575.322924354,575.742270231,576.074150203,576.494313518,577.019108943,577.574149587,578.098945011,578.519108327,578.819925642,579.10439419,579.406028943,579.795129601,580.184230258,580.516110231,580.936273546,581.461068971,582.016109614,582.571150258,583.126190902,583.682048984,584.237089628,584.792130272,585.347170916,585.903028998,586.458069642,587.013110286,587.537905711,587.958069026,588.289948998,588.709294875,589.2340903,589.789130944,590.375234245,591.065969656,591.844988409,592.505478601,592.955069697,593.28694967,593.706295546,594.231090971,594.756703834,595.145804492

Position (um) : 0.99358,0.98889,0.9838,0.97987,0.97616,0.97262,0.96891,0.96538,0.96167,0.95773,0.95225,0.9458,0.94032,0.93638,0.93307,0.9313,0.93091,0.93051,0.92874,0.92582,0.92405,0.92326,0.92149,0.91858,0.91641,0.91425,0.91093,0.90739,0.90408,0.90192,0.89975,0.89683,0.89467,0.8925,0.88959,0.88742,0.88526,0.88234,0.88017,0.87801,0.8747,0.87116,0.86745,0.86391,0.8602,0.85666,0.85295,0.84941,0.8461,0.84394,0.84177,0.83885,0.83708,0.83669,0.83669,0.83669,0.83629,0.83452,0.83161,0.82984,0.82944,0.82944,0.82944,0.82944,0.82984,0.83161,0.83492,0.83846,0.84217,0.84571,0.84981,0.85551,0.86351,0.87037,0.8747,0.87801,0.87978,0.88017,0.88017,0.88017

Intensity : 325.4576,322.6727,319.7216,317.556,315.534,313.719,311.878,310.698,310.0442,310.1756,310.1168,309.6911,309.9175,310.8254,312.0123,313.8192,316.1781,318.163,318.9724,318.8325,319.2237,320.0652,320.4642,320.3483,320.5796,320.8165,320.5438,320.1781,319.9226,320.1192,320.1544,319.8993,320.3754,320.6243,320.2061,320.0984,320.0154,319.6455,319.5693,319.3497,318.5477,317.8238,317.2429,316.8192,316.3189,315.7317,314.9162,314.2299,313.6433,313.5996,313.5481,312.6007,311.104,309.8632,308.6943,307.5255,306.226,304.4782,302.3689,300.6473,299.3746,298.2288,297.0831,295.9373,294.9748,294.6447,294.9548,295.1582,295.222,295.1448,295.1348,295.3315,295.9839,296.5111,296.7519,296.9517,296.521,295.4743,294.3185,293.4613

Time pixel : 67.4881,67.5358,67.6,67.6679,67.7396,67.8278,67.9359,68.0349,68.1123,68.1947,68.2792,68.3675,68.4664,68.5675,68.6702,68.7713,68.8703,68.9548,69.0264,69.0943,69.1623,69.2302,69.2981,69.366,69.434,69.5019,69.5698,69.6377,69.7057,69.7699,69.8249,69.8821,69.9608,70.0416,70.1132,70.1811,70.2491,70.317,70.3812,70.4325,70.4731,70.5245,70.5887,70.6566,70.7208,70.7722,70.809,70.8438,70.8807,70.9283,70.9759,71.0165,71.0679,71.1321,71.2,71.2679,71.3358,71.4038,71.4717,71.5396,71.6075,71.6755,71.7434,71.8113,71.8755,71.9269,71.9675,72.0188,72.083,72.1509,72.2226,72.3071,72.4024,72.4832,72.5382,72.5788,72.6301,72.6943,72.7586,72.8062

Position pixel : 9.3119,9.2679,9.2203,9.1834,9.1487,9.1155,9.0807,9.0476,9.0128,8.9759,8.9246,8.8641,8.8127,8.7759,8.7448,8.7282,8.7245,8.7208,8.7042,8.6769,8.6603,8.6529,8.6363,8.609,8.5887,8.5684,8.5373,8.5042,8.4731,8.4528,8.4325,8.4052,8.3849,8.3646,8.3373,8.317,8.2967,8.2693,8.2491,8.2288,8.1977,8.1645,8.1298,8.0966,8.0619,8.0287,7.9939,7.9608,7.9297,7.9094,7.8891,7.8618,7.8452,7.8415,7.8415,7.8415,7.8378,7.8212,7.7939,7.7773,7.7736,7.7736,7.7736,7.7736,7.7773,7.7939,7.8249,7.8581,7.8928,7.926,7.9645,8.0179,8.0929,8.1571,8.1977,8.2288,8.2454,8.2491,8.2491,8.2491

Brightness max : 565.32
Brightness min : 225.00
Feature direction : Ambiguous
Feature speed : Slow
Feature type : Curve
Start frame : 1
End frame : 73
Start time (s) : 0.000
End time (s) : 596.730000026
Time step (s) : 8.174383562

