KYMOANALYSIS DATA

General Information :

Tiff path : E:\Google Drive\microtubule dynamics and cut7\19-15 screens and tests\gtb1-K5A\19-11-13(gtb1-K5A, cut11-7, cut73-GFP and MTs)\
Spindle type : Monopolar
Start frame : 1
End frame : 95
Start time (s) : 0.000
End time (s) : 802.530000045
Time step (s) : 8.447684211
Num poles : 1
Num tracks : 3
Num tracks poleward : 0
Num tracks antipoleward : 0
Num tracks ambiguous : 3
Comments : {

}
Poles Information :


Pole number : 1

Time (s) : 94.2237801527,102.752562132,111.28218888,119.811815628,128.340597607,136.870224355,145.399006334,153.928633082,162.45825983,170.98704181,179.516668557,188.045450537,196.575077285,205.104704033,213.633486012,222.16311276,230.692739508,239.221521487,247.751148235,256.279930214,264.809556962,273.33918371,281.867965689,290.397592437,298.926374417,307.456001165,315.985627912,324.514409892,333.04403664,341.573663388,350.102445367,358.632072115,367.160854094,375.690480842,384.22010759,392.748889569,401.278516317,409.807298297,418.336925045,426.866551792,435.395333772,443.92496052,452.453742499,460.983369247,469.512995995,478.041777974,486.571404722,495.10103147,503.629813449,512.159440197,520.688222177,529.217848924,537.747475672,546.276257652,554.8058844,563.334666379,571.864293127,580.393919875,588.922701854,597.452328602,605.98195535,614.510737329,623.040364077,631.569146056,640.098772804,648.628399552,657.157181532,665.686808279,674.215590259,682.745217007,691.274843755,699.803625734,708.333252482,716.862034461,725.391661209,733.921287957,742.450069936,750.979696684,759.509323432,768.038105411,776.567732159,785.096514139,793.626140887,802.155767634

Position (um) : 1.2791,1.2784,1.2777,1.277,1.2764,1.2757,1.275,1.2743,1.2736,1.2729,1.2723,1.2716,1.2709,1.2702,1.2695,1.2688,1.2681,1.2675,1.2668,1.2661,1.2654,1.2647,1.264,1.2634,1.2627,1.262,1.2613,1.2606,1.2599,1.2593,1.2586,1.2579,1.2572,1.2565,1.2558,1.2552,1.2545,1.2538,1.2531,1.2524,1.2517,1.251,1.2504,1.2497,1.249,1.2483,1.2476,1.2469,1.2463,1.2456,1.2449,1.2442,1.2435,1.2428,1.2422,1.2415,1.2408,1.2401,1.2394,1.2387,1.2381,1.2374,1.2367,1.236,1.2353,1.2346,1.2339,1.2333,1.2326,1.2319,1.2312,1.2305,1.2298,1.2292,1.2285,1.2278,1.2271,1.2264,1.2257,1.2251,1.2244,1.2237,1.223,1.2223

Intensity : 435.95378,536.28518,599.56232,608.39717,585.653,633.03056,691.6482,710.41207,742.71308,750.34102,736.74382,658.47342,598.59586,547.42061,531.84276,551.40891,607.95319,660.14511,693.01191,739.25006,738.89278,728.94357,687.1171,644.1112,612.75868,601.05767,590.07125,556.97174,537.17429,552.90589,610.51817,708.09793,810.0078,852.84809,826.55342,822.20263,890.92779,991.63116,1079.4718,1147.3164,1205.6639,1232.2475,1182.3543,1014.4626,839.32493,801.15738,911.99267,1050.1796,1126.483,1173.9196,1184.0144,1122.0036,1028.0852,934.97803,931.66089,964.51345,1024.5124,1046.6436,1075.5052,1106.3836,1093.3701,1061.2395,1028.0529,1041.6859,1082.5736,1096.8937,1099.0118,1093.4756,1094.179,1018.0165,904.64007,768.05067,709.31145,686.07904,725.85372,789.86028,784.66849,777.25615,741.67314,771.67207,819.7898,863.2061,919.40615,935.91132

Time pixel : 11.1538,12.1634,13.1731,14.1828,15.1924,16.2021,17.2117,18.2214,19.2311,20.2407,21.2504,22.26,23.2697,24.2794,25.289,26.2987,27.3084,28.318,29.3277,30.3373,31.347,32.3567,33.3663,34.376,35.3856,36.3953,37.405,38.4146,39.4243,40.434,41.4436,42.4533,43.4629,44.4726,45.4823,46.4919,47.5016,48.5112,49.5209,50.5306,51.5402,52.5499,53.5595,54.5692,55.5789,56.5885,57.5982,58.6079,59.6175,60.6272,61.6368,62.6465,63.6562,64.6658,65.6755,66.6851,67.6948,68.7045,69.7141,70.7238,71.7335,72.7431,73.7528,74.7624,75.7721,76.7818,77.7914,78.8011,79.8107,80.8204,81.8301,82.8397,83.8494,84.859,85.8687,86.8784,87.888,88.8977,89.9074,90.917,91.9267,92.9363,93.946,94.9557

Position pixel : 11.9877,11.9813,11.9749,11.9685,11.9621,11.9557,11.9493,11.9429,11.9365,11.93,11.9236,11.9172,11.9108,11.9044,11.898,11.8916,11.8852,11.8788,11.8723,11.8659,11.8595,11.8531,11.8467,11.8403,11.8339,11.8275,11.8211,11.8147,11.8082,11.8018,11.7954,11.789,11.7826,11.7762,11.7698,11.7634,11.757,11.7505,11.7441,11.7377,11.7313,11.7249,11.7185,11.7121,11.7057,11.6993,11.6929,11.6864,11.68,11.6736,11.6672,11.6608,11.6544,11.648,11.6416,11.6352,11.6287,11.6223,11.6159,11.6095,11.6031,11.5967,11.5903,11.5839,11.5775,11.5711,11.5646,11.5582,11.5518,11.5454,11.539,11.5326,11.5262,11.5198,11.5134,11.5069,11.5005,11.4941,11.4877,11.4813,11.4749,11.4685,11.4621,11.4557

Pole type : Line
Start frame : 1
End frame : 95
Start time (s) : 0.000
End time (s) : 802.530000045
Time step (s) : 8.447684211

Feature Information :


Feature number : 1

Time (s) : 110.968779796,111.494225754,112.202986459,112.952296048,113.70076087,114.450070459,115.199380049,115.907295985,116.474135596,116.921018091,117.487857701,118.195773638,118.945083228,119.694392817,120.442857638,121.151618344,121.717613186,122.165340449,122.690786407,123.216232365,123.622565975,124.006090839,124.412424449,124.937870407,125.463316365,125.911043628,126.436489586,126.961935544,127.368269155,127.711245133,127.934263997,128.199521281,128.724967239,129.392334291,129.917780249,130.182192765,130.406056397,130.748187607,131.113972334,131.497497197,131.903830807,132.46982565,133.178586355,133.927895944,134.677205534,135.385121471,135.951116313,136.398843576,136.964838418,137.673599124,138.422063945,139.212767187,140.185095639,141.419302303,142.652664197,143.625837419,144.375147008,144.94114185,145.388024345,145.913470303,146.438916261,146.886643524,147.412089482,147.93753544,148.385262703,148.951257545,149.659173482,150.367934187,150.93392903,151.381656293,151.947651135,152.615018188,153.18101303,153.628740293,154.194735135,154.862946956,155.428941798,155.876669061,156.442663904,157.15057984,157.89988943,158.649199019,159.398508609,160.14697343,160.89628302,161.645592609,162.354353314,162.920348157,163.36807542,163.934070262,164.641986199,165.391295788,166.099211725,166.666051336,167.11293383,167.679773441,168.387689378,169.136998967,169.886308557,170.635618146,171.384082968,172.133392557,172.882702147,173.632011736,174.381321326,175.129786147,175.879095736,176.628405326,177.377714915,178.126179736,178.875489326,179.624798915,180.374108505,181.082024442,181.648864052,182.055197663,182.438722526,182.845056137,183.411050979,184.119811684,184.869121274,185.617586095,186.366895684,187.116205274,187.865514863,188.614824453,189.363289274,190.112598863,190.821359569,191.387354411,191.835081674,192.401076516,193.068443569,193.634438411,194.082165674,194.648160516,195.315527569,195.882367179,196.329249674,196.854695632,197.38014159,197.787319969,198.170000064,198.577178443,199.143173285,199.851089222,200.600398811,201.349708401,202.09901799,202.806933927,203.373773538,203.820656032,204.387495643,205.054862696,205.620857538,206.068584801,206.634579643,207.34249558,208.09180517,208.800565875,209.366560717,209.81428798,210.380282822,211.088198759,211.837508349,212.586817938,213.336127528,214.085437117,214.833901938,215.542662644,216.108657486,216.556384749,217.122379591,217.830295528,218.539056233,219.105051075,219.512229454,219.854360665,220.078224297,220.342636812,220.86808277,221.575998707,222.325308297,223.074617886,223.86447636,224.796255928,225.847147844,226.738378529,227.345767023,227.793494286,228.359489129,229.067405065,229.816714655,230.566024245,231.273940181,231.840779792,232.287662287,232.854501897,233.562417834,234.311727424,235.061037013,235.810346603,236.600205076,237.531984645,238.582876561,239.514656129,240.345908256,241.277687824,242.32857974,243.260359308,244.050217782,244.799527372,245.548836961,246.298146551,247.046611372,247.795920961,248.545230551,249.29454014,250.084398614,251.016178182,252.067070098,252.998849667,253.748159256,254.273605214

Position (um) : 1.7711,1.7716,1.7739,1.7778,1.7806,1.7834,1.7872,1.79,1.7929,1.7967,1.799,1.7995,1.7995,1.799,1.7967,1.7924,1.7877,1.7834,1.7806,1.7778,1.7734,1.7688,1.7645,1.7617,1.7588,1.755,1.7522,1.7494,1.745,1.7399,1.7333,1.7272,1.7243,1.7233,1.7205,1.7143,1.7077,1.7026,1.6977,1.6931,1.6888,1.6865,1.686,1.686,1.686,1.6865,1.6888,1.6926,1.6949,1.6959,1.6982,1.7026,1.7072,1.7115,1.7138,1.7143,1.7149,1.7172,1.721,1.7238,1.7266,1.7304,1.7333,1.7361,1.7404,1.745,1.7494,1.7522,1.755,1.7588,1.7611,1.7622,1.7645,1.7683,1.7706,1.7716,1.7739,1.7778,1.7801,1.7811,1.7834,1.7872,1.7895,1.79,1.79,1.79,1.7906,1.7929,1.7967,1.799,1.7995,1.7995,1.8,1.8023,1.8061,1.8085,1.809,1.809,1.809,1.809,1.809,1.809,1.809,1.8085,1.8061,1.8023,1.8,1.7995,1.799,1.7962,1.79,1.7839,1.7811,1.7801,1.7778,1.7734,1.7688,1.7645,1.7617,1.7588,1.755,1.7522,1.7494,1.745,1.7404,1.7356,1.7304,1.7238,1.7172,1.712,1.7072,1.7021,1.6949,1.6865,1.6793,1.6737,1.6665,1.6581,1.6515,1.6481,1.6453,1.641,1.6363,1.6315,1.6264,1.6197,1.6131,1.608,1.6036,1.6008,1.598,1.5942,1.5919,1.5908,1.5885,1.5847,1.5824,1.5819,1.5819,1.5814,1.5791,1.5752,1.5729,1.5719,1.5696,1.5658,1.563,1.5601,1.5563,1.5535,1.5507,1.5469,1.5445,1.544,1.5445,1.5469,1.5512,1.5563,1.563,1.5691,1.5724,1.5752,1.5796,1.5842,1.5895,1.597,1.6074,1.6164,1.6226,1.6297,1.6381,1.6448,1.6476,1.6481,1.6486,1.6509,1.6547,1.6571,1.6576,1.6576,1.6581,1.6609,1.667,1.6732,1.676,1.6765,1.6765,1.6765,1.6765,1.6765,1.6765,1.6765,1.6765,1.6765,1.6765,1.6765,1.6765,1.6765,1.676,1.6737,1.6699,1.6676,1.667,1.667

Intensity : 378.4575,378.3546,377.5962,376.2958,375.4043,374.541,373.3448,372.53,371.6944,370.4884,369.8784,369.9644,366.9533,363.7607,361.1179,359.2161,357.9686,357.1176,355.4158,353.6678,352.8464,352.1629,351.2319,349.277,347.2759,345.8548,343.757,342.4596,342.6203,343.0357,343.9551,344.6575,344.1331,342.9406,342.3623,342.9097,343.6082,344.8182,345.9604,346.9617,347.7774,347.3995,345.9639,344.226,342.4881,341.5343,341.561,340.7442,340.6936,341.3753,341.542,340.8226,340.1364,341.11,342.3835,343.6026,343.9637,343.8687,343.4212,343.2217,343.032,342.6176,342.4487,342.2897,341.8151,341.3855,341.1297,341.1557,341.0883,340.7731,340.8149,341.3814,341.6463,341.499,341.7381,342.3117,342.5297,342.3256,342.5179,343.0977,343.4665,343.5232,343.8563,344.5413,345.181,345.6839,346.0499,345.934,345.4084,345.2732,345.6142,346.0935,346.4308,346.2682,345.6811,345.4992,345.8115,345.9427,345.0723,344.2019,343.3315,342.4611,341.5907,340.8518,340.5802,340.7162,340.4803,339.778,339.0791,339.2055,340.1636,341.0505,341.0469,340.6142,340.6151,341.2313,341.9139,342.4753,342.4921,342.3223,342.2844,341.9975,341.1858,340.3856,339.5522,338.6638,337.726,336.9098,336.0669,335.2809,334.7045,334.726,334.9847,335.7968,336.4946,338.0214,341.0397,344.0779,346.3599,347.8515,349.1661,350.6267,352.0676,353.519,355.1092,357.0018,358.7658,360.1188,361.221,361.9354,362.8999,364.4141,365.1952,365.3587,366.1029,367.5178,368.2169,368.0793,367.7049,367.5587,368.1941,369.4652,370.0556,370.0494,371.3903,373.4433,375.1145,376.7809,378.8166,380.4412,381.9514,383.7387,385.0468,385.7841,386.1327,385.6992,384.3899,382.7612,380.4349,378.2906,377.3549,376.687,375.3564,373.7983,371.826,368.8168,366.2766,364.7921,363.6657,362.278,361.2066,361.3978,362.3789,363.8379,365.1994,365.7953,365.7177,366.2234,367.4682,368.9324,370.2393,370.8023,370.1094,367.1376,365.0997,363.9496,363.0793,362.103,361.0023,360.0259,359.1984,358.4137,357.0464,355.4903,353.9342,352.3782,350.8221,349.266,347.8486,346.9491,346.5578,345.7953,344.8258,344.2119

Time pixel : 13.136,13.1982,13.2821,13.3708,13.4594,13.5481,13.6368,13.7206,13.7877,13.8406,13.9077,13.9915,14.0802,14.1689,14.2575,14.3414,14.4084,14.4614,14.5236,14.5858,14.6339,14.6793,14.7274,14.7896,14.8518,14.9048,14.967,15.0292,15.0773,15.1179,15.1443,15.1757,15.2379,15.3169,15.3791,15.4104,15.4369,15.4774,15.5207,15.5661,15.6142,15.6812,15.7651,15.8538,15.9425,16.0263,16.0933,16.1463,16.2133,16.2972,16.3858,16.4794,16.5945,16.7406,16.8866,17.0018,17.0905,17.1575,17.2104,17.2726,17.3348,17.3878,17.45,17.5122,17.5652,17.6322,17.716,17.7999,17.8669,17.9199,17.9869,18.0659,18.1329,18.1859,18.2529,18.332,18.399,18.452,18.519,18.6028,18.6915,18.7802,18.8689,18.9575,19.0462,19.1349,19.2188,19.2858,19.3388,19.4058,19.4896,19.5783,19.6621,19.7292,19.7821,19.8492,19.933,20.0217,20.1104,20.1991,20.2877,20.3764,20.4651,20.5538,20.6425,20.7311,20.8198,20.9085,20.9972,21.0858,21.1745,21.2632,21.3519,21.4357,21.5028,21.5509,21.5963,21.6444,21.7114,21.7953,21.884,21.9726,22.0613,22.15,22.2387,22.3274,22.416,22.5047,22.5886,22.6556,22.7086,22.7756,22.8546,22.9216,22.9746,23.0416,23.1206,23.1877,23.2406,23.3028,23.365,23.4132,23.4585,23.5067,23.5737,23.6575,23.7462,23.8349,23.9236,24.0074,24.0745,24.1274,24.1945,24.2735,24.3405,24.3935,24.4605,24.5443,24.633,24.7169,24.7839,24.8369,24.9039,24.9877,25.0764,25.1651,25.2538,25.3425,25.4311,25.515,25.582,25.635,25.702,25.7858,25.8697,25.9367,25.9849,26.0254,26.0519,26.0832,26.1454,26.2292,26.3179,26.4066,26.5001,26.6104,26.7348,26.8403,26.9122,26.9652,27.0322,27.116,27.2047,27.2934,27.3772,27.4443,27.4972,27.5643,27.6481,27.7368,27.8255,27.9142,28.0077,28.118,28.2424,28.3527,28.4511,28.5614,28.6858,28.7961,28.8896,28.9783,29.067,29.1557,29.2443,29.333,29.4217,29.5104,29.6039,29.7142,29.8386,29.9489,30.0376,30.0998

Position pixel : 16.5991,16.6039,16.6255,16.6612,16.6877,16.7142,16.7499,16.7764,16.8029,16.8386,16.8603,16.8651,16.8651,16.8603,16.8386,16.7981,16.7548,16.7142,16.6877,16.6612,16.6207,16.5774,16.5369,16.5104,16.4839,16.4482,16.4217,16.3952,16.3547,16.3065,16.2443,16.187,16.1605,16.1508,16.1243,16.067,16.0048,15.9566,15.9113,15.868,15.8274,15.8058,15.8009,15.8009,15.8009,15.8058,15.8274,15.8631,15.8848,15.8945,15.9161,15.9566,16,16.0405,16.0621,16.067,16.0718,16.0935,16.1292,16.1557,16.1821,16.2179,16.2443,16.2708,16.3114,16.3547,16.3952,16.4217,16.4482,16.4839,16.5055,16.5152,16.5369,16.5726,16.5942,16.6039,16.6255,16.6612,16.6829,16.6926,16.7142,16.7499,16.7716,16.7764,16.7764,16.7764,16.7812,16.8029,16.8386,16.8603,16.8651,16.8651,16.8699,16.8916,16.9273,16.9489,16.9538,16.9538,16.9538,16.9538,16.9538,16.9538,16.9538,16.9489,16.9273,16.8916,16.8699,16.8651,16.8603,16.8338,16.7764,16.7191,16.6926,16.6829,16.6612,16.6207,16.5774,16.5369,16.5104,16.4839,16.4482,16.4217,16.3952,16.3547,16.3114,16.266,16.2179,16.1557,16.0935,16.0453,16,15.9518,15.8848,15.8058,15.7388,15.6858,15.6188,15.5397,15.4775,15.4462,15.4197,15.3792,15.3359,15.2905,15.2424,15.1802,15.118,15.0699,15.0293,15.0028,14.9763,14.9406,14.919,14.9093,14.8877,14.852,14.8303,14.8255,14.8255,14.8206,14.799,14.7633,14.7416,14.732,14.7103,14.6746,14.6481,14.6216,14.5859,14.5594,14.5329,14.4972,14.4756,14.4708,14.4756,14.4972,14.5378,14.5859,14.6481,14.7055,14.7368,14.7633,14.8038,14.8471,14.8973,14.9671,15.065,15.1489,15.2067,15.2737,15.3527,15.4149,15.4414,15.4462,15.4511,15.4727,15.5084,15.5301,15.5349,15.5349,15.5397,15.5662,15.6236,15.6809,15.7074,15.7123,15.7123,15.7123,15.7123,15.7123,15.7123,15.7123,15.7123,15.7123,15.7123,15.7123,15.7123,15.7123,15.7074,15.6858,15.6501,15.6284,15.6236,15.6236

Brightness max : 514.40
Brightness min : 233.00
Feature direction : Ambiguous
Feature speed : Slow
Feature type : Curve
Start frame : 1
End frame : 95
Start time (s) : 0.000
End time (s) : 802.530000045
Time step (s) : 8.447684211

Feature number : 2

Time (s) : 340.244842661,340.994152251,342.227514146,343.644190788,344.959495219,346.115983188,347.207423988,348.139203556,348.888513146,349.454507988,349.942784135,350.692093725,351.701591988,352.592822672,353.200211167,353.64793843,354.213933272,354.922693978,355.671158799,356.379919504,356.945914346,357.39364161,357.959636452,358.667552389,359.416861978,360.166171568,360.874932273,361.440927115,361.888654378,362.413255568,362.938701526,363.386428789,363.952423631,364.661184336,365.410493926,366.158958747,366.908268336,367.657577926,368.4474364,369.379215968,370.430107884,371.362732221,372.152590695,372.901900284,373.650365105,374.440223579,375.4133968,376.646758695,377.880965358,378.854138579,379.643997053,380.392461874,381.141771463,381.891081053,382.640390643,383.389700232,384.138165053,384.887474643,385.636784232,386.386093822,387.135403411,387.883868232,388.592628938,389.15862378,389.606351043,390.172345885,390.88110659,391.629571411,392.378881001,393.12819059,393.87750018,394.626809769,395.375274591,396.12458418,396.87389377,397.623203359,398.37166818,399.12097777,399.870287359,400.619596949,401.368906538,402.117371359,402.866680949,403.615990538,404.365300128,405.114609717,405.863074539,406.612384128,407.361693718,408.111003307,408.860312897,409.608777718,410.358087307,411.107396897,411.856706486,412.64656496,413.578344528,414.629236444,415.561016013,416.310325602,416.876320444,417.324047708,417.89004255,418.598803255,419.348112845,420.096577666,420.845887255,421.595196845,422.385055318,423.316834887,424.367726803,425.258957487,425.906894866,426.537936877,427.405514045,428.296744729,429.046054319,429.612049161,430.018382771,430.401907635,430.808241245,431.333687203,431.859133161,432.306860424,432.832306382,433.398301224,433.987949582,434.713605656,435.486568761,436.394694814,437.285925498,438.075783972,438.825093561,439.574403151,440.32371274,441.07302233,441.821487151,442.570796741,443.279557446,443.845552288,444.293279551,444.859274393,445.56719033,446.275951036,446.801396993,447.065809509,447.370770909,448.079531615,449.048480994,449.797790583,450.286066731,450.852061573,451.560822278,452.310131867,453.058596689,453.807906278,454.516666983,455.082661826,455.488995436,455.872520299,456.238305026,456.621829889,456.987614615,457.371139478,457.777473089,458.343467931,459.010834984,459.577674594,460.024557089,460.5913967,461.258763752,461.824758594,462.231092205,462.614617068,463.020950679,463.546396637,464.071842594,464.519569858,465.0855647,465.794325405,466.543634995,467.292099816,468.041409405,468.790718995,469.540028584,470.289338174,471.037802995,471.787112584,472.536422174,473.285731763,474.035041353,474.783506174,475.532815764,476.282125353,477.031434943,477.779899764,478.529209353,479.278518943,480.027828532,480.777138122,481.566996595,482.498776164,483.54966808,484.481447648,485.230757238,485.919243501,486.916070238,488.386812059,489.64382747,490.51562848,491.223544417,491.790384028,492.237266522,492.804106133,493.51202207,494.261331659,495.010641249,495.75910607,496.467866775,497.033861617,497.481588881,498.047583723,498.714950775,499.281790386,499.688123996,500.07164886,500.437433586,500.820113681,501.22729206,501.793286902,502.502047607,503.250512428,503.999822018,504.749131607,505.498441197,506.247750786,506.996215607,507.745525197,508.454285902,509.020280744,509.426614355,509.810139218,510.216472829,510.783312439,511.53177726,512.504950481,513.739157145,514.972519039,515.945692261,516.735550734,517.484015555,518.233325145,518.982634734,519.69139544,520.257390282,520.705117545,521.229718734,521.755164692,522.162343071,522.545023166,522.952201545,523.558745271,524.449975956,525.500867872,526.392098556,526.999487051,527.447214314,528.013209156,528.721125093,529.470434682,530.219744272,530.927660209,531.494499819,531.941382314,532.508221925,533.216137861,533.924898567,534.490893409,534.897227019,535.280751883,535.646536609,536.030061472,536.395846198,536.737977409,536.961841041,537.185704672,537.527835883,537.893620609,538.236596588,538.46046022,538.684323851,539.026455062,539.432788672,539.999628283,540.666995336,541.232990178,541.639323788,542.022848651,542.388633378,542.772158241,543.137942967,543.52146783,543.887252557,544.269932652,544.677111031,545.243105873,545.910472925,546.477312536,546.883646146,547.26717101,547.67350462,548.239499462,548.948260168,549.697569757,550.487428231,551.419207799,552.470099715,553.401879284,554.191737757,554.941047347,555.690356936,556.439666526,557.188131347,557.937440937,558.646201642,559.212196484,559.618530095,560.002054958,560.409233337,560.975228179,561.642595231,562.208590074,562.656317337,563.222312179,563.931072884,564.679537705,565.428847295,566.178156884,566.886072821,567.452912432,567.899794927,568.466634537,569.13400159,569.699996432,570.147723695,570.673169653,571.198615611,571.604949222,571.988474085,572.354258811,572.737783674,573.144117285,573.710112127,574.418872832,575.167337653,575.916647243,576.665956832,577.415266422,578.164576011,578.913040832,579.662350422,580.411660011,581.160969601,581.868885538,582.435725148,582.882607643,583.449447254,584.157363191,584.865279128,585.432118738,585.879001233,586.445840843,587.194305665,588.126930001,589.177821917,590.109601486,590.940008844,591.872633181,592.923525096,593.855304665,594.645163139,595.394472728,596.143782318,596.892247139,597.641556728,598.390866318,599.140175907,599.848091844,600.414931455,600.861813949,601.387259907,601.912705865,602.319884244,602.702564339,603.068349065,603.451873929,603.817658655,604.201183518,604.566968244,604.909099455,605.092414202,605.174356739,605.356826718,605.658409044,605.841723792,605.882272676,605.92282156,606.106136308,606.407718634,606.631582266,606.895994781,607.380891855,607.86494416,608.129356676,608.39461396,608.878666266,609.363563339,609.587426971,609.668524739,609.851839487,610.193970697,610.559755424,610.943280287,611.349613897,611.916453508,612.624369445,613.373679034,614.122988624,614.871453445,615.620763035,616.32952374,616.895518582,617.343245845,617.909240687,618.617156624,619.366466214,620.115775803,620.865085393,621.614394982,622.362859803,623.071620509,623.637615351,624.04479373,624.427473824,624.793258551,625.176783414,625.54256814,625.926093004,626.29187773,626.63400894,626.857872572,627.081736204,627.465261067,628.095458309,629.105801341,630.115299604,630.786890499,631.393434225,632.10219493,632.85150452,633.599969341,634.34927893,635.09858852,635.847898109,636.59636293,637.34567252,638.094982109,638.844291699,639.593601288,640.34206611,641.091375699,641.840685289,642.589994878,643.339304468,644.087769289,644.837078878,645.586388468,646.335698057,647.085007647,647.833472468,648.582782057,649.332091647,650.081401236,650.830710826,651.579175647,652.328485237,653.077794826,653.827104416,654.575569237,655.324878826,656.074188416,656.823498005,657.572807595,658.321272416,659.070582005,659.819891595,660.569201184,661.318510774,662.026426711,662.592421553,663.040148816,663.565594774,664.131589616,664.762631627,665.630208795,666.521439479,667.311297953,668.060607543,668.809917132,669.558381953,670.307691543,671.057001132,671.846859606,672.778639175,673.82953109,674.720761775,675.368699154,675.998896396,676.867318333,677.799097901,678.772271122,679.823163038,680.754942607,681.54480108,682.29411067,683.043420259,683.833278733,684.765058302,685.815950217,686.747729786,687.53758826,688.286897849,689.036207439,689.785517028,690.534826618,691.283291439,691.992052144,692.517498102

Position (um) : 1.544,1.544,1.544,1.544,1.544,1.5445,1.5469,1.5507,1.5535,1.5563,1.5606,1.5658,1.5724,1.5791,1.5842,1.5885,1.5913,1.5942,1.598,1.6008,1.6036,1.6074,1.6103,1.6131,1.6174,1.622,1.6269,1.6315,1.6358,1.6387,1.6415,1.6458,1.6504,1.6547,1.6576,1.6604,1.6642,1.667,1.6699,1.6737,1.6765,1.6793,1.6831,1.6854,1.686,1.686,1.686,1.686,1.686,1.686,1.686,1.686,1.686,1.686,1.6854,1.6831,1.6793,1.677,1.6765,1.6765,1.6765,1.6765,1.676,1.6737,1.6699,1.6676,1.667,1.667,1.667,1.667,1.667,1.667,1.667,1.667,1.667,1.667,1.667,1.667,1.667,1.667,1.667,1.667,1.667,1.667,1.667,1.667,1.667,1.667,1.667,1.6676,1.6699,1.6742,1.6788,1.6837,1.6883,1.6931,1.6982,1.7054,1.7138,1.721,1.7261,1.731,1.7356,1.7404,1.7456,1.7522,1.7588,1.7645,1.7722,1.7834,1.7967,1.8085,1.8179,1.8256,1.8335,1.844,1.8529,1.8586,1.8634,1.8686,1.8757,1.8847,1.8936,1.9002,1.9036,1.9064,1.9107,1.9154,1.9202,1.9248,1.9291,1.9315,1.932,1.932,1.932,1.9315,1.9291,1.9253,1.9225,1.9192,1.9125,1.9036,1.8946,1.8875,1.8818,1.8747,1.8657,1.8563,1.8468,1.8374,1.8279,1.8184,1.809,1.7995,1.79,1.7811,1.7739,1.7683,1.7611,1.7527,1.7456,1.7404,1.7356,1.7304,1.7238,1.7172,1.7115,1.7049,1.6982,1.6931,1.6883,1.6837,1.6788,1.6742,1.6699,1.6665,1.6614,1.6532,1.6458,1.6381,1.6292,1.6202,1.6136,1.6108,1.6103,1.6103,1.6103,1.6103,1.6103,1.6103,1.6103,1.6103,1.6103,1.6103,1.6108,1.6131,1.6169,1.6197,1.6226,1.6264,1.6292,1.6325,1.6392,1.6476,1.6547,1.6619,1.6765,1.6992,1.7194,1.7328,1.7427,1.7522,1.7617,1.7716,1.7834,1.7967,1.8085,1.8184,1.8279,1.8368,1.844,1.8496,1.8568,1.8652,1.8724,1.8775,1.8824,1.887,1.8918,1.897,1.9041,1.9125,1.9197,1.9259,1.9353,1.9481,1.9604,1.9721,1.9831,1.9905,1.9959,2.0005,2.0048,2.0077,2.0105,2.0143,2.0171,2.02,2.0238,2.0261,2.0266,2.0266,2.0266,2.0261,2.0238,2.02,2.0171,2.0138,2.0072,1.9982,1.9893,1.9821,1.9765,1.9693,1.9604,1.9514,1.9443,1.9386,1.9315,1.923,1.9164,1.9131,1.9102,1.9064,1.9036,1.9008,1.8964,1.8918,1.887,1.8824,1.8775,1.8729,1.8681,1.8629,1.8563,1.8496,1.844,1.8368,1.8279,1.8189,1.8118,1.8061,1.799,1.79,1.7806,1.7716,1.7645,1.7588,1.7517,1.7432,1.7361,1.731,1.7261,1.721,1.7138,1.7054,1.6982,1.6931,1.6883,1.6831,1.6765,1.6704,1.6676,1.6665,1.6642,1.6604,1.6581,1.6576,1.6576,1.6576,1.6576,1.6576,1.6581,1.6604,1.6647,1.6693,1.6742,1.6793,1.6865,1.6954,1.7049,1.7143,1.7233,1.731,1.7394,1.7527,1.7678,1.7796,1.7877,1.7957,1.8067,1.8174,1.8251,1.8307,1.8379,1.8468,1.8563,1.8657,1.8747,1.8818,1.887,1.8918,1.897,1.9036,1.9102,1.9159,1.9225,1.9291,1.9348,1.9414,1.9481,1.9532,1.9575,1.9604,1.9632,1.967,1.9693,1.9698,1.9703,1.9726,1.9765,1.9788,1.9793,1.9798,1.9821,1.9859,1.9882,1.9887,1.9887,1.9887,1.9887,1.9887,1.9882,1.9859,1.9821,1.9793,1.9765,1.9721,1.967,1.9604,1.9537,1.9486,1.9437,1.9391,1.9343,1.9291,1.922,1.9136,1.9064,1.9008,1.8936,1.8852,1.878,1.8724,1.8652,1.8563,1.8473,1.8402,1.8345,1.8269,1.8156,1.8023,1.7906,1.7811,1.7734,1.7655,1.7545,1.7432,1.7338,1.7266,1.7215,1.7167,1.712,1.7077,1.7054,1.7049,1.7049,1.7049,1.7049,1.7049,1.7044,1.7021,1.6982,1.6959,1.6954,1.6954,1.6954,1.6954,1.6959,1.6982,1.7026,1.7072,1.712,1.7167,1.7215,1.7266,1.7338,1.7422,1.7494,1.755,1.7617,1.7688,1.7768,1.7888,1.8052,1.8245,1.8396,1.8458,1.8468,1.8468,1.8468,1.8468,1.8468,1.8468,1.8468,1.8473,1.8496,1.8535,1.8558,1.8563,1.8563,1.8563,1.8563,1.8563,1.8563,1.8563,1.8558,1.8535,1.8496,1.8473,1.8468,1.8468,1.8468,1.8468,1.8468,1.8468,1.8468,1.8468,1.8468,1.8468,1.8468,1.8468,1.8468,1.8468,1.8468,1.8468,1.8468,1.8468,1.8463,1.844,1.8402,1.8374,1.8345,1.8302,1.8251,1.8184,1.8123,1.8095,1.8085,1.8056,1.799,1.7906,1.7829,1.7754,1.7673,1.7622,1.7588,1.755,1.7527,1.7522,1.7522,1.7522,1.7517,1.7494,1.7456,1.7427,1.7399,1.7361,1.7338,1.7328,1.7304,1.7266,1.7238,1.7205,1.7138,1.7054,1.6988,1.6959

Intensity : 426.5533,427.7894,429.825,432.1624,434.3327,435.8891,435.8153,434.3068,433.1749,431.7593,429.0811,425.9673,421.7785,417.2645,413.5726,410.3421,408.3357,406.6155,405.4286,404.9331,404.755,403.6514,403.3778,403.4024,402.5378,401.3931,399.9171,398.1785,396.3102,395.5378,394.7225,392.5187,389.7442,387.2204,385.7116,384.1745,381.9218,380.3235,378.7169,376.4431,374.8842,373.2356,370.3826,368.3598,367.649,367.294,366.8568,366.3024,365.748,365.3108,364.9558,363.9525,361.5943,359.2361,357.224,356.3984,356.5285,355.6315,353.5462,351.1251,348.704,346.2829,344.3126,347.0826,350.5587,353.4179,355.5004,357.3532,359.206,361.0588,362.9116,364.7644,366.6172,368.4701,370.3229,371.1856,371.7635,372.3414,372.9194,373.4973,374.0752,374.6531,375.2311,375.809,376.3869,376.9648,378.5959,381.2802,383.9645,386.1881,386.7748,385.4606,383.7709,381.7673,379.8599,377.7633,375.6991,371.0065,368.117,366.3704,365.1023,363.7254,362.5868,361.515,360.3074,358.3455,356.2953,354.6201,351.9581,349.1781,345.5037,341.9074,339.682,339.1052,338.8597,337.7584,336.606,335.9738,335.2231,334.2862,332.6821,329.5294,326.3651,324.0194,322.7188,321.5801,319.9754,318.2497,316.4694,315.3776,314.4071,313.7845,313.4499,312.9215,311.9744,311.1016,310.4801,310.0555,309.5305,309.4191,310.501,311.9399,313.0864,313.7105,314.2033,315.4245,316.955,318.0492,318.8174,319.6111,320.6022,321.2979,322.4547,324.1704,325.6816,326.8258,327.3309,327.6106,328.6542,330.0439,331.0719,331.6241,332.0893,332.548,333.292,333.5554,333.2129,334.549,338.4098,340.5931,342.0593,343.5268,345.5621,347.4176,348.8793,349.1165,350.4249,353.8236,357.5612,361.3996,365.7249,369.7824,372.2575,372.4233,371.2588,369.8086,368.3585,366.9083,365.4582,364.8204,366.1987,367.577,368.9553,370.3336,371.459,371.692,371.1579,371.0869,370.9925,370.3716,370.448,373.1452,374.3679,373.6506,372.5544,370.9131,365.3582,355.0181,349.9144,349.7003,349.8894,349.3505,348.1224,346.941,345.3372,342.9207,340.6105,339.2868,338.5515,337.4333,336.4081,335.9242,335.6874,335.2557,334.49,334.1836,333.8426,333.5647,333.2184,333.1804,332.7118,331.6771,330.9108,331.0227,330.1665,328.1297,325.777,322.5348,319.5041,317.4788,316.0161,314.7666,313.6174,313.0132,312.4955,311.7722,311.4785,311.1771,309.5851,308.1971,307.4132,306.7895,306.1658,305.7279,305.9278,306.6481,306.9991,307.4795,308.9742,311.1055,313.1744,314.4948,314.656,314.6323,315.0728,315.8424,316.4109,316.2952,316.0157,315.6898,315.766,315.1015,314.5693,314.6643,314.5425,314.6533,315.1962,315.9397,316.9038,317.7825,318.7065,319.4908,320.3204,321.2278,322.7248,324.1823,325.094,326.3125,327.9902,329.8594,331.7668,333.8644,336.4555,339.3276,341.9104,345.5709,348.485,350.6776,353.5469,356.9342,359.7053,361.4929,363.1385,364.858,367.3965,371.153,376.9697,380.9094,384.7934,388.9532,394.4318,399.0107,400.1176,400.3021,401.8699,404.7407,406.1404,405.9529,405.3853,404.847,404.3087,403.7705,402.7446,401.0535,398.3116,394.9969,391.1548,386.973,380.8953,373.3691,365.4949,361.3392,358.4002,356.1226,353.6508,349.0829,343.5778,339.4105,336.8147,334.0093,329.5837,326.2683,325.56,325.065,324.0992,322.7891,321.2981,319.6372,318.0109,316.7117,315.8276,314.9929,314.1461,312.9742,312.3206,311.7856,311.0896,310.8762,310.75,310.4091,310.0021,309.7851,309.6597,309.7296,309.6618,309.2978,308.8156,308.6468,308.4748,307.9576,307.1426,306.5997,306.3885,306.1475,305.4983,304.518,303.8599,303.5627,303.3484,303.1584,302.9973,302.8445,302.8022,303.1398,303.786,304.2137,304.632,305.2618,305.2683,305.7281,305.9663,305.8535,305.8789,305.8733,305.904,305.9051,306.2281,307.996,309.534,310.5443,312.4353,315.0051,316.8172,317.7209,319.4363,322.1675,324.8865,326.4942,327.1375,328.6473,331.0237,336.7881,341.9255,346.484,350.4172,354.5048,360.3078,366.6423,372.1262,376.026,378.3915,380.5006,382.4104,384.0637,385.2739,384.3505,382.7312,381.1119,379.4926,377.8732,376.9196,378.8767,383.4005,386.3095,387.3079,387.7617,388.2155,388.6693,388.5706,386.5673,382.4357,377.9459,375.6127,373.3759,371.0004,368.5469,365.4796,361.6994,358.534,356.109,352.8613,349.2981,345.5475,339.891,332.1803,325.5846,322.1513,321.1659,321.8201,322.8362,323.7922,322.9261,322.0601,321.194,320.328,319.3111,317.7785,315.8327,314.3357,313.3555,312.5209,311.6863,311.2949,311.0471,310.7993,310.5515,310.4479,310.8511,311.6862,312.1072,312.0219,311.7898,311.5578,311.5249,311.7088,311.8928,312.0768,312.2607,312.4447,312.6287,312.8126,312.9966,313.1806,313.3645,313.7112,314.6999,315.6885,316.6772,317.787,319.329,321.2465,322.951,324.7326,327.1627,330.2703,334.0259,338.0165,339.2701,339.102,340.0816,343.4293,347.7278,351.2665,354.2101,357.082,358.2874,358.8454,359.4704,358.1599,355.6717,352.794,349.6859,347.1555,345.7872,345.0772,343.8622,342.4266,341.3431,339.8318,338.09,337.0218,336.4139,335.4274,334.4959,334.2842,335.1132,337.5651,337.8631

Time pixel : 40.2767,40.3654,40.5114,40.6791,40.8348,40.9717,41.1009,41.2112,41.2999,41.3669,41.4247,41.5134,41.6329,41.7384,41.8103,41.8633,41.9303,42.0142,42.1028,42.1867,42.2537,42.3067,42.3737,42.4575,42.5462,42.6349,42.7188,42.7858,42.8388,42.9009,42.9631,43.0161,43.0831,43.167,43.2557,43.3443,43.433,43.5217,43.6152,43.7255,43.8499,43.9603,44.0538,44.1425,44.2311,44.3246,44.4398,44.5858,44.7319,44.8471,44.9406,45.0292,45.1179,45.2066,45.2953,45.384,45.4726,45.5613,45.65,45.7387,45.8274,45.916,45.9999,46.0669,46.1199,46.1869,46.2708,46.3594,46.4481,46.5368,46.6255,46.7142,46.8028,46.8915,46.9802,47.0689,47.1575,47.2462,47.3349,47.4236,47.5123,47.6009,47.6896,47.7783,47.867,47.9557,48.0443,48.133,48.2217,48.3104,48.3991,48.4877,48.5764,48.6651,48.7538,48.8473,48.9576,49.082,49.1923,49.281,49.348,49.401,49.468,49.5519,49.6406,49.7292,49.8179,49.9066,50.0001,50.1104,50.2348,50.3403,50.417,50.4917,50.5944,50.6999,50.7886,50.8556,50.9037,50.9491,50.9972,51.0594,51.1216,51.1746,51.2368,51.3038,51.3736,51.4595,51.551,51.6585,51.764,51.8575,51.9462,52.0349,52.1236,52.2123,52.3009,52.3896,52.4735,52.5405,52.5935,52.6605,52.7443,52.8282,52.8904,52.9217,52.9578,53.0417,53.1564,53.2451,53.3029,53.3699,53.4538,53.5425,53.6311,53.7198,53.8037,53.8707,53.9188,53.9642,54.0075,54.0529,54.0962,54.1416,54.1897,54.2567,54.3357,54.4028,54.4557,54.5228,54.6018,54.6688,54.7169,54.7623,54.8104,54.8726,54.9348,54.9878,55.0548,55.1387,55.2274,55.316,55.4047,55.4934,55.5821,55.6708,55.7594,55.8481,55.9368,56.0255,56.1142,56.2028,56.2915,56.3802,56.4689,56.5575,56.6462,56.7349,56.8236,56.9123,57.0058,57.1161,57.2405,57.3508,57.4395,57.521,57.639,57.8131,57.9619,58.0651,58.1489,58.216,58.2689,58.336,58.4198,58.5085,58.5972,58.6858,58.7697,58.8367,58.8897,58.9567,59.0357,59.1028,59.1509,59.1963,59.2396,59.2849,59.3331,59.4001,59.484,59.5726,59.6613,59.75,59.8387,59.9274,60.016,60.1047,60.1886,60.2556,60.3037,60.3491,60.3972,60.4643,60.5529,60.6681,60.8142,60.9602,61.0754,61.1689,61.2575,61.3462,61.4349,61.5188,61.5858,61.6388,61.7009,61.7631,61.8113,61.8566,61.9048,61.9766,62.0821,62.2065,62.312,62.3839,62.4369,62.5039,62.5877,62.6764,62.7651,62.8489,62.916,62.9689,63.036,63.1198,63.2037,63.2707,63.3188,63.3642,63.4075,63.4529,63.4962,63.5367,63.5632,63.5897,63.6302,63.6735,63.7141,63.7406,63.7671,63.8076,63.8557,63.9228,64.0018,64.0688,64.1169,64.1623,64.2056,64.251,64.2943,64.3397,64.383,64.4283,64.4765,64.5435,64.6225,64.6896,64.7377,64.7831,64.8312,64.8982,64.9821,65.0708,65.1643,65.2746,65.399,65.5093,65.6028,65.6915,65.7802,65.8689,65.9575,66.0462,66.1301,66.1971,66.2452,66.2906,66.3388,66.4058,66.4848,66.5518,66.6048,66.6718,66.7557,66.8443,66.933,67.0217,67.1055,67.1726,67.2255,67.2926,67.3716,67.4386,67.4916,67.5538,67.616,67.6641,67.7095,67.7528,67.7982,67.8463,67.9133,67.9972,68.0858,68.1745,68.2632,68.3519,68.4406,68.5292,68.6179,68.7066,68.7953,68.8791,68.9462,68.9991,69.0662,69.15,69.2338,69.3009,69.3538,69.4209,69.5095,69.6199,69.7443,69.8546,69.9529,70.0633,70.1877,70.298,70.3915,70.4802,70.5689,70.6575,70.7462,70.8349,70.9236,71.0074,71.0745,71.1274,71.1896,71.2518,71.3,71.3453,71.3886,71.434,71.4773,71.5227,71.566,71.6065,71.6282,71.6379,71.6595,71.6952,71.7169,71.7217,71.7265,71.7482,71.7839,71.8104,71.8417,71.8991,71.9564,71.9877,72.0191,72.0764,72.1338,72.1603,72.1699,72.1916,72.2321,72.2754,72.3208,72.3689,72.436,72.5198,72.6085,72.6972,72.7858,72.8745,72.9584,73.0254,73.0784,73.1454,73.2292,73.3179,73.4066,73.4953,73.584,73.6726,73.7565,73.8235,73.8717,73.917,73.9603,74.0057,74.049,74.0944,74.1377,74.1782,74.2047,74.2312,74.2766,74.3512,74.4708,74.5903,74.6698,74.7416,74.8255,74.9142,75.0028,75.0915,75.1802,75.2689,75.3575,75.4462,75.5349,75.6236,75.7123,75.8009,75.8896,75.9783,76.067,76.1557,76.2443,76.333,76.4217,76.5104,76.5991,76.6877,76.7764,76.8651,76.9538,77.0425,77.1311,77.2198,77.3085,77.3972,77.4858,77.5745,77.6632,77.7519,77.8406,77.9292,78.0179,78.1066,78.1953,78.284,78.3678,78.4348,78.4878,78.55,78.617,78.6917,78.7944,78.8999,78.9934,79.0821,79.1708,79.2594,79.3481,79.4368,79.5303,79.6406,79.765,79.8705,79.9472,80.0218,80.1246,80.2349,80.3501,80.4745,80.5848,80.6783,80.767,80.8557,80.9492,81.0595,81.1839,81.2942,81.3877,81.4764,81.5651,81.6538,81.7425,81.8311,81.915,81.9772

Position pixel : 14.4708,14.4708,14.4708,14.4708,14.4708,14.4756,14.4972,14.5329,14.5594,14.5859,14.6265,14.6746,14.7368,14.799,14.8471,14.8877,14.9142,14.9406,14.9763,15.0028,15.0293,15.065,15.0915,15.118,15.1585,15.2018,15.2472,15.2905,15.3311,15.3575,15.384,15.4246,15.4679,15.5084,15.5349,15.5614,15.5971,15.6236,15.6501,15.6858,15.7123,15.7388,15.7745,15.7961,15.8009,15.8009,15.8009,15.8009,15.8009,15.8009,15.8009,15.8009,15.8009,15.8009,15.7961,15.7745,15.7388,15.7171,15.7123,15.7123,15.7123,15.7123,15.7074,15.6858,15.6501,15.6284,15.6236,15.6236,15.6236,15.6236,15.6236,15.6236,15.6236,15.6236,15.6236,15.6236,15.6236,15.6236,15.6236,15.6236,15.6236,15.6236,15.6236,15.6236,15.6236,15.6236,15.6236,15.6236,15.6236,15.6284,15.6501,15.6906,15.7339,15.7793,15.8226,15.868,15.9161,15.9831,16.0621,16.1292,16.1773,16.2227,16.266,16.3114,16.3595,16.4217,16.4839,16.5369,16.6087,16.7142,16.8386,16.9489,17.0376,17.1095,17.1841,17.282,17.3659,17.4188,17.4642,17.5123,17.5794,17.6632,17.7471,17.8092,17.8406,17.8671,17.9076,17.9509,17.9963,18.0396,18.0801,18.1018,18.1066,18.1066,18.1066,18.1018,18.0801,18.0444,18.0179,17.9866,17.9244,17.8406,17.7567,17.6897,17.6367,17.5697,17.4858,17.3972,17.3085,17.2198,17.1311,17.0425,16.9538,16.8651,16.7764,16.6926,16.6255,16.5726,16.5055,16.4265,16.3595,16.3114,16.266,16.2179,16.1557,16.0935,16.0405,15.9783,15.9161,15.868,15.8226,15.7793,15.7339,15.6906,15.6501,15.6188,15.5706,15.4944,15.4246,15.3527,15.2689,15.185,15.1228,15.0963,15.0915,15.0915,15.0915,15.0915,15.0915,15.0915,15.0915,15.0915,15.0915,15.0915,15.0963,15.118,15.1537,15.1802,15.2067,15.2424,15.2689,15.3002,15.3624,15.4414,15.5084,15.5759,15.7127,15.9253,16.1147,16.2395,16.333,16.4217,16.5104,16.6039,16.7142,16.8386,16.9489,17.0425,17.1311,17.215,17.282,17.335,17.402,17.481,17.548,17.5962,17.6416,17.6849,17.7302,17.7784,17.8454,17.9244,17.9914,18.0492,18.1379,18.2575,18.3726,18.483,18.5857,18.6555,18.7057,18.749,18.7896,18.816,18.8425,18.8782,18.9047,18.9312,18.9669,18.9886,18.9934,18.9934,18.9934,18.9886,18.9669,18.9312,18.9047,18.8734,18.8112,18.7274,18.6435,18.5765,18.5235,18.4565,18.3726,18.2888,18.2218,18.1688,18.1018,18.0228,17.9606,17.9292,17.9028,17.8671,17.8406,17.8141,17.7735,17.7302,17.6849,17.6416,17.5962,17.5529,17.5075,17.4594,17.3972,17.335,17.282,17.215,17.1311,17.0473,16.9803,16.9273,16.8603,16.7764,16.6877,16.6039,16.5369,16.4839,16.4169,16.3379,16.2708,16.2227,16.1773,16.1292,16.0621,15.9831,15.9161,15.868,15.8226,15.7745,15.7123,15.6549,15.6284,15.6188,15.5971,15.5614,15.5397,15.5349,15.5349,15.5349,15.5349,15.5349,15.5397,15.5614,15.6019,15.6452,15.6906,15.7388,15.8058,15.8896,15.9783,16.067,16.1508,16.2227,16.3021,16.4265,16.5677,16.6781,16.7548,16.8294,16.9321,17.0328,17.1046,17.1576,17.2246,17.3085,17.3972,17.4858,17.5697,17.6367,17.6849,17.7302,17.7784,17.8406,17.9028,17.9557,18.0179,18.0801,18.1331,18.1953,18.2575,18.3056,18.3462,18.3726,18.3991,18.4348,18.4565,18.4613,18.4662,18.4878,18.5235,18.5452,18.55,18.5548,18.5765,18.6122,18.6338,18.6387,18.6387,18.6387,18.6387,18.6387,18.6338,18.6122,18.5765,18.55,18.5235,18.483,18.4348,18.3726,18.3104,18.2623,18.2169,18.1736,18.1283,18.0801,18.0131,17.9341,17.8671,17.8141,17.7471,17.668,17.601,17.548,17.481,17.3972,17.3133,17.2463,17.1933,17.1215,17.016,16.8916,16.7812,16.6926,16.6207,16.5461,16.4434,16.3379,16.2492,16.1821,16.134,16.0886,16.0453,16.0048,15.9831,15.9783,15.9783,15.9783,15.9783,15.9783,15.9735,15.9518,15.9161,15.8945,15.8896,15.8896,15.8896,15.8896,15.8945,15.9161,15.9566,16,16.0453,16.0886,16.134,16.1821,16.2492,16.3282,16.3952,16.4482,16.5104,16.5774,16.652,16.7644,16.9181,17.0998,17.241,17.2988,17.3085,17.3085,17.3085,17.3085,17.3085,17.3085,17.3085,17.3133,17.335,17.3707,17.3923,17.3972,17.3972,17.3972,17.3972,17.3972,17.3972,17.3972,17.3923,17.3707,17.335,17.3133,17.3085,17.3085,17.3085,17.3085,17.3085,17.3085,17.3085,17.3085,17.3085,17.3085,17.3085,17.3085,17.3085,17.3085,17.3085,17.3085,17.3085,17.3085,17.3037,17.282,17.2463,17.2198,17.1933,17.1528,17.1046,17.0425,16.9851,16.9586,16.9489,16.9225,16.8603,16.7812,16.7094,16.6396,16.5634,16.5152,16.4839,16.4482,16.4265,16.4217,16.4217,16.4217,16.4169,16.3952,16.3595,16.333,16.3065,16.2708,16.2492,16.2395,16.2179,16.1821,16.1557,16.1243,16.0621,15.9831,15.9209,15.8945

Brightness max : 514.40
Brightness min : 233.00
Feature direction : Ambiguous
Feature speed : Slow
Feature type : Curve
Start frame : 1
End frame : 95
Start time (s) : 0.000
End time (s) : 802.530000045
Time step (s) : 8.447684211

Feature number : 3

Time (s) : 721.513329388,722.038775346,722.747536051,723.455451988,724.062840483,724.733586609,725.825027409,727.241704051,728.658380693,729.749821494,730.421412388,731.028800883,731.73671682,732.526575294,733.459199631,734.468697894,735.218007483,735.746832515,736.496142104,737.506485136,738.39771582,739.004259547,739.45198681,740.017981652,740.685348705,741.252188315,741.658521926,742.042046789,742.407831515,742.79051161,743.197689989,743.763684831,744.472445536,745.220910358,745.970219947,746.719529537,747.468839126,748.218148716,748.966613537,749.715923126,750.465232716,751.214542305,751.963851895,752.712316716,753.50217519,754.434799527,755.44429779,756.193607379,756.681883527,757.207329485,757.732775442,758.139109053,758.522633916,758.888418643,759.271943506,759.637728232,759.979859443,760.16317419,760.245116727,760.46813559,760.953032664,761.437929737,761.660948601,761.702342253,761.702342253,761.742891137,761.926205885,762.227788211,762.41025819,762.492200727,762.674670706,763.017646685,763.423980295,763.990819906,764.658186959,765.224181801,765.671909064,766.197355022,766.721956211,767.169683475,767.735678317,768.403890138,768.96988498,769.376218591,769.719194569

Position (um) : 1.6576,1.6576,1.6581,1.6609,1.667,1.6737,1.6788,1.6842,1.6916,1.7021,1.711,1.7172,1.7243,1.7333,1.7427,1.7522,1.7617,1.7722,1.7867,1.8061,1.824,1.8374,1.8502,1.8668,1.887,1.9074,1.9243,1.9381,1.9476,1.9532,1.9575,1.9598,1.9609,1.9632,1.9675,1.9721,1.9765,1.9788,1.9793,1.9793,1.9793,1.9793,1.9788,1.9759,1.9693,1.9609,1.9537,1.9486,1.9437,1.9386,1.9315,1.922,1.9102,1.897,1.8852,1.8752,1.8657,1.8563,1.8468,1.8368,1.8251,1.8118,1.8,1.79,1.7806,1.7716,1.7645,1.7588,1.7517,1.7432,1.7361,1.731,1.7261,1.7215,1.7167,1.712,1.7077,1.7049,1.7021,1.6982,1.6959,1.6949,1.6926,1.6888,1.6865

Intensity : 343.8247,344.8645,345.9648,345.6918,343.2219,340.4937,339.3516,340.8333,343.0078,341.6402,340.329,341.1335,341.9829,342.4598,343.2128,344.0999,343.904,342.4405,340.1965,336.7913,334.2942,332.6202,330.2645,326.8584,322.2062,316.7473,312.1769,309.5405,307.8343,307.0603,306.6206,306.1045,305.3853,304.3015,302.6894,301.0133,299.4304,298.3879,297.8188,297.3842,296.9497,296.5152,296.0604,295.3696,295.4479,295.5256,294.9903,294.4553,294.3581,294.1812,294.3226,295.094,297.2671,299.9133,301.9787,303.5083,304.8837,306.7058,308.8332,310.5556,311.6434,313.0974,316.1134,319.2589,322.4065,325.1897,326.6772,327.0461,328.4369,330.7177,332.0295,331.8043,331.0778,329.3332,326.9926,325.064,323.6574,322.0178,320.5166,319.9998,317.9656,314.6384,313.9258,315.9856,317.2392

Time pixel : 85.4096,85.4718,85.5557,85.6395,85.7114,85.7908,85.92,86.0877,86.2554,86.3846,86.4641,86.536,86.6198,86.7133,86.8237,86.9432,87.0319,87.0945,87.1832,87.3028,87.4083,87.4801,87.5331,87.6001,87.6791,87.7462,87.7943,87.8397,87.883,87.9283,87.9765,88.0435,88.1274,88.216,88.3047,88.3934,88.4821,88.5708,88.6594,88.7481,88.8368,88.9255,89.0142,89.1028,89.1963,89.3067,89.4262,89.5149,89.5727,89.6349,89.6971,89.7452,89.7906,89.8339,89.8793,89.9226,89.9631,89.9848,89.9945,90.0209,90.0783,90.1357,90.1621,90.167,90.167,90.1718,90.1935,90.2292,90.2508,90.2605,90.2821,90.3227,90.3708,90.4379,90.5169,90.5839,90.6369,90.6991,90.7612,90.8142,90.8812,90.9603,91.0273,91.0754,91.116

Position pixel : 15.5349,15.5349,15.5397,15.5662,15.6236,15.6858,15.7339,15.7841,15.8539,15.9518,16.0357,16.0935,16.1605,16.2443,16.333,16.4217,16.5104,16.6087,16.7455,16.9273,17.095,17.2198,17.3398,17.4955,17.6849,17.8763,18.0347,18.164,18.2526,18.3056,18.3462,18.3678,18.3775,18.3991,18.4397,18.483,18.5235,18.5452,18.55,18.55,18.55,18.55,18.5452,18.5187,18.4565,18.3775,18.3104,18.2623,18.2169,18.1688,18.1018,18.0131,17.9028,17.7784,17.668,17.5745,17.4858,17.3972,17.3085,17.215,17.1046,16.9803,16.8699,16.7764,16.6877,16.6039,16.5369,16.4839,16.4169,16.3379,16.2708,16.2227,16.1773,16.134,16.0886,16.0453,16.0048,15.9783,15.9518,15.9161,15.8945,15.8848,15.8631,15.8274,15.8058

Brightness max : 514.40
Brightness min : 233.00
Feature direction : Ambiguous
Feature speed : Slow
Feature type : Curve
Start frame : 1
End frame : 95
Start time (s) : 0.000
End time (s) : 802.530000045
Time step (s) : 8.447684211

