KYMOANALYSIS DATA

General Information :

Tiff path : E:\Google Drive\microtubule dynamics and cut7\19-15 screens and tests\gtb1-K5A\19-11-13(gtb1-K5A, cut11-7, cut73-GFP and MTs)\
Spindle type : Monopolar
Start frame : 1
End frame : 73
Start time (s) : 0.000
End time (s) : 596.579999991
Time step (s) : 8.172328767
Num poles : 1
Num tracks : 1
Num tracks poleward : 0
Num tracks antipoleward : 0
Num tracks ambiguous : 1
Comments : {

}
Poles Information :


Pole number : 1

Time (s) : 11.7804936409,20.0132159175,28.2458564708,36.4785787474,44.711301024,52.9440233006,61.1767455772,69.4093861305,77.642108407,85.8748306836,94.1076346835,102.340438683,110.573242683,118.80522945,127.03803345,135.27083745,143.50364145,151.73644545,159.96924945,168.20205345,176.434857449,184.667661449,192.899648216,201.132452216,209.365256216,217.598060216,225.830864216,234.063668216,242.296472216,250.529276215,258.761262982,266.994066982,275.226870982,283.459674982,291.692478982,299.925282982,308.158086982,316.390890982,324.622877749,332.855681748,341.088485748,349.321289748,357.554093748,365.786897748,374.019701748,382.252505748,390.484492515,398.717296515,406.950100514,415.182904514,423.415708514,431.648512514,439.881316514,448.114120514,456.346107281,464.578911281,472.811715281,481.04451928,489.27732328,497.51012728,505.74293128,513.97573528,522.207722047,530.440526047,538.673330047,546.906134047,555.138938046,563.371742046,571.604546046,579.837350046,588.070154046,596.302140813

Position (um) : 1.6003,1.6015,1.6027,1.604,1.6052,1.6064,1.6076,1.6089,1.6101,1.6113,1.6125,1.6138,1.615,1.6162,1.6174,1.6187,1.6199,1.6211,1.6223,1.6236,1.6248,1.626,1.6272,1.6285,1.6297,1.6309,1.6321,1.6334,1.6346,1.6358,1.637,1.6383,1.6395,1.6407,1.6419,1.6432,1.6444,1.6456,1.6468,1.6481,1.6493,1.6505,1.6517,1.653,1.6542,1.6554,1.6566,1.6579,1.6591,1.6603,1.6615,1.6628,1.664,1.6652,1.6664,1.6677,1.6689,1.6701,1.6713,1.6726,1.6738,1.675,1.6762,1.6775,1.6787,1.6799,1.6811,1.6824,1.6836,1.6848,1.686,1.6873

Intensity : 467.2799,511.9724,560.7595,592.109,602.1651,608.7568,625.2832,639.1465,633.7267,611.8806,604.3966,625.9032,660.5013,678.0692,663.1861,595.3424,523.1379,490.8309,520.9705,575.9851,626.2398,649.2496,629.5673,581.0145,551.4474,562.5087,592.9776,627.5784,638.6429,644.5635,624.1408,612.9658,601.1791,577.7816,505.3898,414.2719,369.7414,403.6107,501.8574,582.0801,614.8501,633.7337,657.5078,695.8408,710.6074,712.6557,701.9574,692.0993,699.672,728.0405,764.5217,790.7819,813.1926,816.7137,801.7651,789.3077,798.3351,803.4504,793.5156,774.8113,815.7045,833.6073,807.8111,731.1754,693.4385,711.1206,712.4604,712.6283,681.8962,681.3592,659.9954,643.2069

Time pixel : 1.44151,2.4489,3.45628,4.46367,5.47106,6.47845,7.48584,8.49322,9.50061,10.508,11.5154,12.5228,13.5302,14.5375,15.5449,16.5523,17.5597,18.5671,19.5745,20.5819,21.5893,22.5967,23.604,24.6114,25.6188,26.6262,27.6336,28.641,29.6484,30.6558,31.6631,32.6705,33.6779,34.6853,35.6927,36.7001,37.7075,38.7149,39.7222,40.7296,41.737,42.7444,43.7518,44.7592,45.7666,46.774,47.7813,48.7887,49.7961,50.8035,51.8109,52.8183,53.8257,54.8331,55.8404,56.8478,57.8552,58.8626,59.87,60.8774,61.8848,62.8922,63.8995,64.9069,65.9143,66.9217,67.9291,68.9365,69.9439,70.9513,71.9587,72.966

Position pixel : 14.9981,15.0096,15.0211,15.0326,15.044,15.0555,15.067,15.0785,15.09,15.1014,15.1129,15.1244,15.1359,15.1474,15.1588,15.1703,15.1818,15.1933,15.2048,15.2162,15.2277,15.2392,15.2507,15.2622,15.2736,15.2851,15.2966,15.3081,15.3196,15.331,15.3425,15.354,15.3655,15.377,15.3884,15.3999,15.4114,15.4229,15.4344,15.4458,15.4573,15.4688,15.4803,15.4918,15.5032,15.5147,15.5262,15.5377,15.5492,15.5606,15.5721,15.5836,15.5951,15.6066,15.618,15.6295,15.641,15.6525,15.664,15.6754,15.6869,15.6984,15.7099,15.7214,15.7328,15.7443,15.7558,15.7673,15.7788,15.7902,15.8017,15.8132

Pole type : Line
Start frame : 1
End frame : 73
Start time (s) : 0.000
End time (s) : 596.579999991
Time step (s) : 8.172328767

Feature Information :


Feature number : 1

Time (s) : 321.693097886,321.946440077,322.278236625,322.833137749,323.581723064,324.242047228,324.692342543,325.023321858,325.443379557,325.99828068,326.688842461,327.467665392,328.158227173,328.743365913,329.298267036,329.853985392,330.378648899,330.797889365,331.129685913,331.548926379,332.044169502,332.463409968,332.795206516,333.184209365,333.573212214,333.905008762,334.294828844,334.683831694,335.015628242,335.434868707,335.959532214,336.51525057,337.070151694,337.625052817,338.17995394,338.70543468,339.124675146,339.456471694,339.875712159,340.37013805,340.790195748,341.121175063,341.541232762,342.065896269,342.590559776,343.010617474,343.341596789,343.761654488,344.286317995,344.810981502,345.261276817,345.727916789,346.371079063,347.001165611,347.451460926,347.782440241,348.20249794,348.69692383,349.08592668,349.28206257,349.508436077,350.033099584,350.751447282,351.306348406,351.66838257,352.057385419,352.447205502,352.779002049,353.198242515,353.692668406,354.142963721,354.609603693,355.252765967,355.913090132,356.498228871,357.023709611,357.442950077,357.774746625,358.19398709,358.718650597,359.274368953,359.829270077,360.3841712,360.908834707,361.328892406,361.660688953,362.079929419,362.604592926,363.159494049,363.866400488,365.129025282,366.937561638,368.393870625,369.235620488,369.820759227,370.376477583,370.931378707,371.48627983,372.07141857,372.761980351,373.540803282,374.231365063,374.817321035,375.372222159,375.927123282,376.482024405,377.036925529,377.592643885,378.117307392,378.566785474,379.034242679,379.677404953,380.337729118,380.922867857,381.477768981,382.00324972,382.422490186,382.754286734,383.1735272,383.698190707,384.253909063,384.808810186,385.363711309,385.918612433,386.474330789,387.029231912,387.584133035,388.139034159,388.694752515,389.249653638,389.804554761,390.359455885,390.915174241,391.470075364,392.024976487,392.579877611,393.135595967,393.69049709,394.245398213,394.800299337,395.356017693,395.910918816,396.465819939,397.020721063,397.576439419,398.131340542,398.686241665,399.271380405,399.961942186,400.740765117,401.431326898,402.017282871,402.572183994,403.127085117,403.68198624,404.237704597,404.79260572,405.347506843,405.902407966,406.45730909,407.013027446,407.567928569,408.122829692,408.677730816,409.203211555,409.622452021,409.954248569,410.343251418,410.733071501,411.094288432,411.650006788,412.39777487,413.088336651,413.674292624,414.259431364,414.919755528,415.562917802,416.030375007,416.47985309,416.97427898,417.394336679,417.725315994,418.145373692,418.700274816,419.390836596,420.169659528,420.829983692,421.279461774,421.611258322,422.030498788,422.555979528,423.110880651,423.635544158,424.054784624,424.386581172,424.80663887,425.331302377,425.8862035,426.410867007,426.830924706,427.192141637,427.747859994,428.495628076,429.187007089,429.772145829,430.327046952,430.881948076,431.437666432,431.992567555,432.547468678,433.102369802,433.658088158,434.212989281,434.767890404,435.322791528,435.877692651,436.433411007,436.98831213,437.543213254,438.098114377,438.653832733,439.208733856,439.76363498,440.318536103,440.874254459,441.429155582,441.984056706,442.538957829,443.064438569,443.483679034,443.815475582,444.234716048,444.759379555,445.315097911,445.869999034,446.424900158,446.949563664,447.369621363,447.671180295,447.954760103,448.256319034,448.6755595,449.16998539,449.590043089,449.890784788,450.205419445,450.612401418,451.119903034,451.55630539,452.006600706,452.531264212,453.055927719,453.475168185,453.806964733,454.227022432,454.751685938,455.306587062,455.861488185,456.417206541,456.972107664,457.527008788,458.081909911,458.637628267,459.19252939,459.747430514,460.302331637,460.858049993,461.412951116,461.96785224,462.522753363,463.078471719,463.633372842,464.188273966,464.743175089,465.298076212,465.823556952,466.242797418,466.544356349,466.827936157,467.099257472,467.383654513,467.684396212,468.074216294,468.463219144,468.764778075,469.048357883,469.349916815,469.738919664,470.128739746,470.430298678,470.713878486,471.015437418,471.404440267,471.794260349,472.095002048,472.379399089,472.650720404,472.904062596,473.06996087,473.235859144,473.489201335,473.76052265,474.014682075,474.179763116,474.34566139,474.599820815,474.87114213,475.124484322,475.290382596,475.486518486,475.845283719,476.235103801,476.566083116,476.986140815,477.510804322,478.065705445,478.620606568,479.176324924,479.700988431,480.120228897,480.452025445,480.871265911,481.39674665,481.951647774,482.506548897,483.06145002,483.58693076,484.006171226,484.307730157,484.591309965,484.892868897,485.312109363,485.837590102,486.362253609,486.781494075,487.083053006,487.336395198,487.502293472,487.698429363,488.088249445,488.612912952,489.167814075,489.722715198,490.278433554,490.833334678,491.388235801,491.943136924,492.49885528,493.08399402,493.774555801,494.553378732,495.27417813,495.994977527,496.773800458,497.464362239,498.049500979,498.574164486,499.024459801,499.491099773,500.134262047,500.794586212,501.409962568,502.071103965,502.713449006,503.180906212,503.600146677,503.98996676,504.291525691,504.575105499,504.876664431,505.295904896,505.790330787,506.210388486,506.542185033,506.961425499,507.486089006,508.040990129,508.596708485,509.121371992,509.540612458,509.84217139,510.125751198,510.427310129,510.817130211,511.206133061,511.537929609,511.957170074,512.481833581,513.037551937,513.592453061,514.147354184,514.702255307,515.257973663,515.812874787,516.36777591,516.922677033,517.508633006,518.16895717,518.842357061,519.444657691,520.118057581,520.808619362,521.529418759,522.308241691,522.998803472,523.583942211,524.138843335,524.694561691,525.219225198,525.638465663,525.970262211,526.389502677,526.945221033,527.635782814,528.414605745,529.105167526,529.720543882,530.411105663,531.189928595,531.880490376,532.465629115,533.020530239,533.576248595,534.131149718,534.716288458,535.406850238,536.18567317,536.876234951,537.461373691,538.017092047,538.57199317,539.126894293,539.6515578,540.071615499,540.402594814,540.822652512,541.347316019,541.902217143,542.457935499,543.012836622,543.567737745,544.122638869,544.678357225,545.233258348,545.788159471,546.343060594,546.898778951,547.453680074,548.008581197,548.56348232,549.08896306,549.508203526,549.87023769,550.45537643,551.339622403,552.253288759,552.974088156,553.559226896,554.084707635,554.534185718,555.001642923,555.644805197,556.335366978,557.086403992,558.000070348,558.88431632,559.499692676,559.997387498,560.670787389,561.466772211,562.245595142,562.800496265,563.16253043,563.581770896,564.136672019,564.8272338,565.606056731,566.296618512,566.942232485,567.768454923,568.831674896,569.8981638,570.825723115,571.428023745,571.908556676,572.4634578,573.15401958,573.932842512,574.623404293,575.208543032,575.763444156,576.319162512,576.874063635,577.428964758,577.983865882,578.539584238,579.094485361,579.649386484,580.204287608,580.79024358,581.480805361,582.228573443,582.814529416,583.311407005,583.954569279,584.614893443,585.200032183,585.755750539,586.340889279,587.061688676,587.976172265,588.920076238,589.776536292,590.58559684,591.276158621,591.861297361,592.386778101,592.77578095,593.002154457,593.364188621,594.14219432,595.146573525,595.993226786,596.436984238,596.564472566,596.579999991

Position (um) : 1.2013,1.1995,1.1962,1.1923,1.1872,1.1821,1.1782,1.1745,1.1705,1.1651,1.1586,1.1531,1.1488,1.1437,1.1386,1.1347,1.131,1.1274,1.1237,1.1202,1.1165,1.1129,1.1096,1.1075,1.1053,1.102,1.0981,1.093,1.0879,1.0836,1.0781,1.0712,1.064,1.0567,1.0495,1.0422,1.0354,1.0299,1.026,1.0223,1.0187,1.0154,1.0132,1.0111,1.0078,1.0042,1.0005,0.99698,0.99327,0.98934,0.98426,0.97878,0.97307,0.96645,0.96074,0.95487,0.94841,0.94294,0.93861,0.93313,0.92628,0.91903,0.91178,0.90414,0.89552,0.88712,0.88142,0.87731,0.87377,0.86967,0.86397,0.85557,0.84695,0.83931,0.83245,0.82698,0.82304,0.81973,0.81756,0.8154,0.81209,0.80855,0.80523,0.80307,0.8009,0.79799,0.79582,0.79366,0.79074,0.78897,0.78857,0.78857,0.78857,0.78857,0.78857,0.78857,0.78857,0.78857,0.78818,0.78641,0.78349,0.78172,0.78133,0.78093,0.77916,0.77624,0.77408,0.77191,0.7686,0.76506,0.76175,0.75998,0.75919,0.75742,0.7545,0.75234,0.75017,0.74725,0.74548,0.74509,0.74509,0.74469,0.74292,0.74001,0.73824,0.73784,0.73784,0.73784,0.73784,0.73784,0.73784,0.73784,0.73784,0.73784,0.73784,0.73745,0.73568,0.73276,0.73099,0.73059,0.73059,0.73059,0.73059,0.73059,0.73059,0.7302,0.72843,0.72551,0.72374,0.72335,0.72335,0.72295,0.72118,0.71826,0.71649,0.7161,0.7161,0.7161,0.7161,0.7161,0.7161,0.7161,0.7161,0.7161,0.71649,0.71826,0.72118,0.72335,0.72551,0.72882,0.73276,0.73824,0.74469,0.75057,0.75667,0.76506,0.77329,0.77916,0.78349,0.78897,0.79543,0.8009,0.80523,0.81071,0.81756,0.82442,0.82989,0.83422,0.83931,0.84439,0.84832,0.85164,0.8538,0.85597,0.85888,0.86105,0.86321,0.86613,0.8683,0.87046,0.87377,0.87771,0.88279,0.88748,0.88964,0.89043,0.8922,0.89512,0.89689,0.89729,0.89729,0.89729,0.89729,0.89729,0.89729,0.89729,0.89729,0.89729,0.89729,0.89729,0.89729,0.89689,0.89512,0.8922,0.89004,0.88787,0.88456,0.88102,0.87731,0.87377,0.87007,0.86653,0.86282,0.85888,0.85341,0.84695,0.84147,0.83754,0.83383,0.82989,0.82442,0.81756,0.81032,0.80346,0.79799,0.79405,0.79034,0.7868,0.7831,0.77956,0.77624,0.77408,0.77191,0.769,0.76723,0.76644,0.76467,0.76175,0.75998,0.75958,0.75958,0.75958,0.75958,0.75958,0.75958,0.75958,0.75958,0.75958,0.75958,0.75958,0.75958,0.75958,0.75998,0.76175,0.76467,0.76683,0.769,0.77231,0.77585,0.77956,0.7831,0.78641,0.78857,0.79074,0.79405,0.79759,0.8009,0.80307,0.80523,0.80855,0.81209,0.8154,0.81756,0.81973,0.82304,0.82658,0.83029,0.83422,0.83931,0.84439,0.84832,0.85203,0.85597,0.86105,0.86613,0.87007,0.87377,0.87771,0.88279,0.88787,0.8922,0.89729,0.90237,0.9067,0.91218,0.91863,0.92411,0.92844,0.93392,0.94038,0.94546,0.94841,0.95274,0.96074,0.96937,0.97701,0.98426,0.99111,0.99659,1.0005,1.0042,1.0082,1.0136,1.0205,1.0273,1.0328,1.0372,1.0422,1.0473,1.0516,1.0571,1.0636,1.0691,1.073,1.0763,1.0781,1.0785,1.0789,1.0806,1.0836,1.0853,1.0857,1.0857,1.0857,1.0857,1.0857,1.0853,1.0832,1.0785,1.0734,1.0691,1.0636,1.0567,1.0499,1.0448,1.0422,1.0401,1.0368,1.0328,1.0277,1.0227,1.0183,1.0132,1.0078,1.0017,0.99288,0.98249,0.97193,0.96291,0.95566,0.95018,0.94585,0.94077,0.93569,0.93175,0.92805,0.92372,0.91647,0.90709,0.90024,0.89729,0.89473,0.88964,0.88279,0.87594,0.87046,0.86613,0.86065,0.8542,0.84872,0.84478,0.84147,0.8397,0.83931,0.83931,0.83931,0.83931,0.83931,0.8397,0.84187,0.84695,0.8538,0.86144,0.87046,0.88102,0.89181,0.90276,0.91474,0.931,0.95094,0.96897,0.98386,0.99659,1.0078,1.0187,1.0295,1.0401,1.0491,1.0567,1.064,1.0712,1.0781,1.0836,1.0875,1.0916,1.0977,1.1083,1.122,1.1369,1.1531,1.1697,1.1817,1.1864,1.1872,1.1872,1.1872,1.1872,1.1872,1.1872,1.1872,1.1868,1.185,1.1817,1.1774,1.1697,1.1586,1.1484,1.1423,1.1382,1.1339,1.1263,1.1147,1.1024,1.0908,1.0785,1.0665,1.0571,1.0495,1.0418,1.0324,1.0205,1.0086,0.99875,0.98934,0.97878,0.96799,0.95743,0.94841,0.93998,0.92919,0.91532,0.90099,0.88712,0.87594,0.86653,0.85813,0.85203,0.84655,0.84187,0.8397,0.83931,0.83931,0.83931,0.83931,0.83931,0.83931,0.8397,0.84187,0.84695,0.8538,0.86105,0.8683,0.87554,0.88279,0.89004,0.89729,0.90453,0.91218,0.92119,0.93175,0.94294,0.95566,0.96976,0.98386,0.99619,1.0056,1.014,1.0248,1.0391,1.0572,1.0844,1.1198,1.1541,1.1791,1.1929,1.1991

Intensity : 325.3657,325.5093,325.2582,325.4168,325.5849,325.3333,324.8647,324.0952,324.0591,324.1028,324.1989,324.496,324.7656,324.5215,324.1528,324.0838,323.9811,323.6849,323.1335,322.7785,322.4762,322.0564,321.5267,321.4728,321.4015,320.8077,320.0654,318.8764,317.5565,316.7966,315.835,314.4041,313.2811,312.8039,312.2991,311.71,310.987,310.388,310.2795,310.3458,310.3031,310.1452,310.3975,310.8296,310.9873,310.8966,310.77,311.3109,312.1131,312.8086,312.9186,312.9191,313.3167,313.3247,312.9857,312.7452,312.6243,312.8359,312.955,312.3082,311.4185,311.1071,311.1449,310.6167,309.433,308.3506,307.8729,307.6263,307.6946,307.7664,307.3079,306.1611,306.0696,306.3168,306.4663,306.6541,306.8441,306.9465,307.377,307.9863,308.4433,308.5136,308.1808,308.0054,307.7644,307.3268,307.0427,306.7685,306.3184,306.1151,306.3236,306.7452,307.0617,307.2275,307.3428,307.4521,307.5614,307.6707,307.6843,307.3664,306.7753,306.464,306.4835,306.4972,306.1635,305.9074,305.8309,305.7433,305.3173,304.7537,304.25,304.2877,304.5963,304.5706,304.1923,303.9878,303.694,303.1126,303.074,303.3864,303.8075,304.2038,304.3403,304.2444,304.3495,304.7136,305.1545,305.5953,306.0362,306.4771,306.9179,307.3588,307.7997,308.2405,308.6814,309.0112,309.0041,308.728,308.7208,309.0358,309.4434,309.8509,310.2585,310.666,311.0736,311.3886,311.3815,311.1275,311.2199,311.3722,311.1187,310.8112,310.1928,309.3053,308.6869,308.3906,308.1868,307.983,307.7792,307.5755,307.3717,307.1679,306.9642,306.726,306.3319,306.3475,306.698,306.8125,306.9173,307.2923,307.592,307.9932,308.6144,309.5427,310.7425,312.5438,314.3013,315.539,316.327,317.6482,319.661,321.3687,322.7512,324.5111,326.7217,328.9618,330.7695,332.1881,333.8144,335.4651,336.794,337.9441,338.7699,339.8796,341.307,342.3908,343.423,344.7815,345.7979,346.8155,348.3678,350.2256,352.6423,354.8868,355.9503,356.3687,357.2524,358.6849,359.5791,359.8224,359.878,360.2777,360.6975,361.1174,361.5372,361.9571,362.3769,362.7968,363.2166,363.6365,364.0563,364.2929,363.8942,362.9702,362.4002,361.798,360.5075,359.0584,357.464,355.8692,354.1305,352.4573,350.6717,348.7182,345.9302,343.5682,341.507,339.9877,338.5452,336.9999,334.8396,332.0804,329.0845,326.5562,325.1595,324.3772,323.8856,323.672,323.1795,322.7509,322.555,322.8182,322.819,322.2699,322.4046,323.1958,323.592,323.4297,323.7735,324.7541,325.9217,325.5409,324.7177,323.8946,323.0714,322.2482,321.425,320.6019,319.7787,318.9555,318.1324,317.3092,316.6755,316.7003,317.2722,317.5253,317.7632,318.7278,319.7926,320.9215,321.9079,322.716,322.7842,322.8195,323.5129,324.3042,324.9195,324.8074,324.6625,325.1632,325.7592,326.1819,325.8895,325.5642,325.8722,326.2731,326.7326,327.2849,328.4705,329.6232,330.0609,330.3252,330.9987,332.5593,334.0909,334.6534,334.996,335.4896,336.8911,338.1088,338.122,338.2393,338.5981,338.1122,337.4407,336.8816,335.827,334.2429,333.1688,332.9748,332.7481,331.193,329.3977,328.6074,331.4294,334.8153,337.9291,340.8805,343.2322,344.8037,346.2112,347.5283,349.3831,351.8143,354.3339,356.3561,357.8966,359.9194,361.8618,363.0499,364.4251,366.0905,367.624,368.792,371.945,374.4577,376.1324,377.8077,380.4035,383.9782,387.0804,389.1909,391.0588,393.0762,394.8658,396.3825,397.3994,396.5029,394.0271,391.4269,389.2691,386.8277,384.0568,381.2511,379.149,378.2336,377.4831,376.0952,374.3834,372.1142,369.9273,368.159,365.9523,363.4764,360.7113,356.6353,351.7541,346.7621,342.5035,339.7442,337.9279,336.5044,334.8089,333.1385,331.8705,330.6526,329.2315,326.7645,323.4964,321.1274,320.184,319.3771,318.052,316.2302,314.4084,313.1021,312.2669,311.1023,309.5877,308.9803,308.9097,309.0039,309.5124,310.4363,311.3433,311.0616,310.7402,310.4187,310.2128,310.5043,311.5622,313.0107,315.1572,317.5227,320.1223,322.678,325.1868,327.7091,331.0553,335.1551,340.4007,345.9391,350.4776,354.2999,357.9302,361.2341,364.2162,366.6768,368.7399,370.6774,373.1908,375.8843,377.542,378.3942,379.6315,381.7104,385.9714,391.9067,398.4976,405.8499,413.3846,419.4254,420.9715,419.7157,417.8911,416.0665,414.2419,412.4173,414.4268,417.2031,419.5328,420.3083,419.6439,419.3435,418.5442,415.8982,412.662,411.2834,410.8648,409.8918,406.638,401.2421,395.1857,389.9401,384.8818,380.159,377.6826,375.6331,374.2309,372.3291,368.9767,364.7303,360.8599,357.3861,353.5356,349.566,346.2182,344.196,342.2275,339.5999,336.0404,332.0861,327.837,323.9959,320.6384,316.8254,313.8954,311.9052,310.2033,309.2679,308.8383,308.5169,308.1955,307.874,307.5526,307.2312,307.0144,307.2635,308.273,309.1318,310.8322,312.3093,313.9822,315.7379,317.1006,318.3179,319.5979,320.9905,322.6816,324.4159,325.6491,327.4038,331.6399,336.7302,341.156,344.3579,347.1932,351.4599,357.773,365.5462,379.2625,399.3904,419.5135,435.3804,445.568,450.3002

Time pixel : 39.3637,39.3947,39.4353,39.5032,39.5948,39.6756,39.7307,39.7712,39.8226,39.8905,39.975,40.0703,40.1548,40.2264,40.2943,40.3623,40.4265,40.4778,40.5184,40.5697,40.6303,40.6816,40.7222,40.7698,40.8174,40.858,40.9057,40.9533,40.9939,41.0452,41.1094,41.1774,41.2453,41.3132,41.3811,41.4454,41.4967,41.5373,41.5886,41.6491,41.7005,41.741,41.7924,41.8566,41.9208,41.9722,42.0127,42.0641,42.1283,42.1925,42.2476,42.3047,42.3834,42.4605,42.5156,42.5561,42.6075,42.668,42.7156,42.7396,42.7673,42.8315,42.9194,42.9873,43.0316,43.0792,43.1269,43.1675,43.2188,43.2793,43.3344,43.3915,43.4702,43.551,43.6226,43.6869,43.7382,43.7788,43.8301,43.8943,43.9623,44.0302,44.0981,44.1623,44.2137,44.2543,44.3056,44.3698,44.4377,44.5242,44.6787,44.9,45.0782,45.1812,45.2528,45.3208,45.3887,45.4566,45.5282,45.6127,45.708,45.7925,45.8642,45.9321,46,46.0679,46.1358,46.2038,46.268,46.323,46.3802,46.4589,46.5397,46.6113,46.6792,46.7435,46.7948,46.8354,46.8867,46.9509,47.0189,47.0868,47.1547,47.2226,47.2906,47.3585,47.4264,47.4943,47.5623,47.6302,47.6981,47.766,47.834,47.9019,47.9698,48.0377,48.1057,48.1736,48.2415,48.3094,48.3774,48.4453,48.5132,48.5811,48.6491,48.717,48.7849,48.8565,48.941,49.0363,49.1208,49.1925,49.2604,49.3283,49.3962,49.4642,49.5321,49.6,49.6679,49.7358,49.8038,49.8717,49.9396,50.0075,50.0718,50.1231,50.1637,50.2113,50.259,50.3032,50.3712,50.4627,50.5472,50.6189,50.6905,50.7713,50.85,50.9072,50.9622,51.0227,51.0741,51.1146,51.166,51.2339,51.3184,51.4137,51.4945,51.5495,51.5901,51.6414,51.7057,51.7736,51.8378,51.8891,51.9297,51.9811,52.0453,52.1132,52.1774,52.2288,52.273,52.341,52.4325,52.5171,52.5887,52.6566,52.7245,52.7925,52.8604,52.9283,52.9962,53.0642,53.1321,53.2,53.2679,53.3358,53.4038,53.4717,53.5396,53.6075,53.6755,53.7434,53.8113,53.8792,53.9472,54.0151,54.083,54.1509,54.2152,54.2665,54.3071,54.3584,54.4226,54.4906,54.5585,54.6264,54.6906,54.742,54.7789,54.8136,54.8505,54.9018,54.9623,55.0137,55.0505,55.089,55.1388,55.2009,55.2543,55.3094,55.3736,55.4378,55.4891,55.5297,55.5811,55.6453,55.7132,55.7811,55.8491,55.917,55.9849,56.0528,56.1208,56.1887,56.2566,56.3245,56.3925,56.4604,56.5283,56.5962,56.6642,56.7321,56.8,56.8679,56.9358,57.0001,57.0514,57.0883,57.123,57.1562,57.191,57.2278,57.2755,57.3231,57.36,57.3947,57.4316,57.4792,57.5269,57.5638,57.5985,57.6354,57.683,57.7307,57.7675,57.8023,57.8355,57.8665,57.8868,57.9071,57.9381,57.9713,58.0024,58.0226,58.0429,58.074,58.1072,58.1382,58.1585,58.1825,58.2264,58.2741,58.3146,58.366,58.4302,58.4981,58.566,58.634,58.6982,58.7495,58.7901,58.8414,58.9057,58.9736,59.0415,59.1094,59.1737,59.225,59.2619,59.2966,59.3335,59.3848,59.4491,59.5133,59.5646,59.6015,59.6325,59.6528,59.6768,59.7245,59.7887,59.8566,59.9245,59.9925,60.0604,60.1283,60.1962,60.2642,60.3358,60.4203,60.5156,60.6038,60.692,60.7873,60.8718,60.9434,61.0076,61.0627,61.1198,61.1985,61.2793,61.3546,61.4355,61.5141,61.5713,61.6226,61.6703,61.7072,61.7419,61.7788,61.8301,61.8906,61.942,61.9826,62.0339,62.0981,62.166,62.234,62.2982,62.3495,62.3864,62.4211,62.458,62.5057,62.5533,62.5939,62.6452,62.7094,62.7774,62.8453,62.9132,62.9811,63.0491,63.117,63.1849,63.2528,63.3245,63.4053,63.4877,63.5614,63.6438,63.7283,63.8165,63.9118,63.9963,64.0679,64.1358,64.2038,64.268,64.3193,64.3599,64.4112,64.4792,64.5637,64.659,64.7435,64.8188,64.9033,64.9986,65.0831,65.1547,65.2226,65.2906,65.3585,65.4301,65.5146,65.6099,65.6944,65.766,65.834,65.9019,65.9698,66.034,66.0854,66.1259,66.1773,66.2415,66.3094,66.3774,66.4453,66.5132,66.5811,66.6491,66.717,66.7849,66.8528,66.9208,66.9887,67.0566,67.1245,67.1888,67.2401,67.2844,67.356,67.4642,67.576,67.6642,67.7358,67.8001,67.8551,67.9123,67.991,68.0755,68.1674,68.2792,68.3874,68.4627,68.5236,68.606,68.7034,68.7987,68.8666,68.9109,68.9622,69.0301,69.1146,69.2099,69.2944,69.3734,69.4745,69.6046,69.7351,69.8486,69.9223,69.9811,70.049,70.1335,70.2288,70.3133,70.3849,70.4528,70.5208,70.5887,70.6566,70.7245,70.7925,70.8604,70.9283,70.9962,71.0679,71.1524,71.2439,71.3156,71.3764,71.4551,71.5359,71.6075,71.6755,71.7471,71.8353,71.9472,72.0627,72.1675,72.2665,72.351,72.4226,72.4869,72.5345,72.5622,72.6065,72.7017,72.8246,72.9282,72.9825,72.9981,73

Position pixel : 11.2586,11.242,11.2109,11.1741,11.1264,11.0788,11.0419,11.0072,10.9703,10.9189,10.8584,10.8071,10.7665,10.7189,10.6712,10.6344,10.5996,10.5664,10.5317,10.4985,10.4638,10.4306,10.3995,10.3792,10.359,10.3279,10.291,10.2434,10.1958,10.1552,10.1038,10.0396,9.9717,9.90377,9.83585,9.76792,9.7037,9.65236,9.61549,9.58074,9.54756,9.51651,9.49623,9.47594,9.44489,9.41171,9.37696,9.34379,9.30904,9.27216,9.22453,9.17319,9.11973,9.05763,9.00417,8.94913,8.88861,8.83727,8.79669,8.74536,8.68113,8.61321,8.54528,8.47366,8.39285,8.31416,8.2607,8.22225,8.18907,8.15062,8.09716,8.01847,7.93766,7.86604,7.80181,7.75048,7.7136,7.68255,7.66226,7.64198,7.61093,7.57775,7.5467,7.52642,7.50613,7.47878,7.45849,7.4382,7.41085,7.39427,7.39057,7.39057,7.39057,7.39057,7.39057,7.39057,7.39057,7.39057,7.38686,7.37028,7.34293,7.32634,7.32264,7.31894,7.30235,7.27501,7.25472,7.23443,7.20338,7.17021,7.13916,7.12257,7.11517,7.09858,7.07123,7.05094,7.03066,7.00331,6.98672,6.98302,6.98302,6.97932,6.96273,6.93538,6.9188,6.91509,6.91509,6.91509,6.91509,6.91509,6.91509,6.91509,6.91509,6.91509,6.91509,6.91139,6.89481,6.86746,6.85087,6.84717,6.84717,6.84717,6.84717,6.84717,6.84717,6.84347,6.82688,6.79953,6.78295,6.77925,6.77925,6.77554,6.75896,6.73161,6.71502,6.71132,6.71132,6.71132,6.71132,6.71132,6.71132,6.71132,6.71132,6.71132,6.71502,6.73161,6.75896,6.77925,6.79953,6.83058,6.86746,6.9188,6.97932,7.03436,7.09152,7.17021,7.24731,7.30235,7.34293,7.39427,7.45479,7.50613,7.5467,7.59804,7.66226,7.72649,7.77782,7.8184,7.86604,7.91367,7.95055,7.9816,8.00189,8.02218,8.04952,8.06981,8.0901,8.11745,8.13774,8.15802,8.18907,8.22595,8.27358,8.31752,8.33781,8.34521,8.3618,8.38915,8.40573,8.40943,8.40943,8.40943,8.40943,8.40943,8.40943,8.40943,8.40943,8.40943,8.40943,8.40943,8.40943,8.40573,8.38915,8.3618,8.34151,8.32122,8.29017,8.257,8.22225,8.18907,8.15432,8.12115,8.0864,8.04952,7.99819,7.93766,7.88633,7.84945,7.8147,7.77782,7.72649,7.66226,7.59434,7.53012,7.47878,7.4419,7.40715,7.37398,7.33923,7.30605,7.27501,7.25472,7.23443,7.20708,7.19049,7.18309,7.1665,7.13916,7.12257,7.11887,7.11887,7.11887,7.11887,7.11887,7.11887,7.11887,7.11887,7.11887,7.11887,7.11887,7.11887,7.11887,7.12257,7.13916,7.1665,7.18679,7.20708,7.23813,7.2713,7.30605,7.33923,7.37028,7.39057,7.41085,7.4419,7.47508,7.50613,7.52642,7.5467,7.57775,7.61093,7.64198,7.66226,7.68255,7.7136,7.74678,7.78153,7.8184,7.86604,7.91367,7.95055,7.9853,8.02218,8.06981,8.11745,8.15432,8.18907,8.22595,8.27358,8.32122,8.3618,8.40943,8.45707,8.49765,8.54898,8.60951,8.66084,8.70142,8.75276,8.81328,8.86092,8.88861,8.92918,9.00417,9.08498,9.1566,9.22453,9.28875,9.34009,9.37696,9.41171,9.44859,9.49993,9.56415,9.62837,9.67971,9.72029,9.76792,9.81556,9.85614,9.90747,9.968,10.0193,10.0562,10.0873,10.1038,10.1075,10.1112,10.1278,10.1552,10.1718,10.1755,10.1755,10.1755,10.1755,10.1755,10.1718,10.1515,10.1075,10.0599,10.0193,9.968,9.90377,9.83955,9.79191,9.76792,9.74764,9.71659,9.67971,9.63208,9.58444,9.54386,9.49623,9.44489,9.38773,9.30534,9.20794,9.10897,9.02446,8.95653,8.90519,8.86462,8.81698,8.76934,8.73247,8.69772,8.65714,8.58922,8.50135,8.43712,8.40943,8.38544,8.33781,8.27358,8.20936,8.15802,8.11745,8.06611,8.00559,7.95425,7.91738,7.88633,7.86974,7.86604,7.86604,7.86604,7.86604,7.86604,7.86974,7.89003,7.93766,8.00189,8.07351,8.15802,8.257,8.3581,8.46077,8.57297,8.72541,8.91225,9.08128,9.22083,9.34009,9.44489,9.54756,9.64866,9.74764,9.83215,9.90377,9.9717,10.0396,10.1038,10.1552,10.1921,10.2305,10.2877,10.3866,10.5151,10.6546,10.8071,10.9629,11.0747,11.119,11.1264,11.1264,11.1264,11.1264,11.1264,11.1264,11.1264,11.1227,11.1061,11.0751,11.0345,10.9629,10.8584,10.7631,10.706,10.6675,10.627,10.5553,10.4472,10.3316,10.2231,10.1075,9.99569,9.90747,9.83585,9.76422,9.67601,9.56415,9.45229,9.36038,9.27216,9.17319,9.07209,8.97312,8.88861,8.80958,8.70848,8.57846,8.44418,8.31416,8.20936,8.12115,8.04246,7.9853,7.93396,7.89003,7.86974,7.86604,7.86604,7.86604,7.86604,7.86604,7.86604,7.86974,7.89003,7.93766,8.00189,8.06981,8.13774,8.20566,8.27358,8.34151,8.40943,8.47736,8.54898,8.6335,8.73247,8.83727,8.95653,9.08868,9.22083,9.33639,9.4246,9.50363,9.60473,9.73845,9.90782,10.1629,10.4948,10.8159,11.0507,11.1795,11.2383

Brightness max : 608.87
Brightness min : 230.00
Feature direction : Ambiguous
Feature speed : Slow
Feature type : Curve
Start frame : 1
End frame : 73
Start time (s) : 0.000
End time (s) : 596.579999991
Time step (s) : 8.172328767

