KYMOANALYSIS DATA

General Information :

Tiff path : E:\Google Drive\microtubule dynamics and cut7\19-15 screens and tests\gtb1-K5A\19-11-13(gtb1-K5A, cut11-7, cut73-GFP and MTs)\
Spindle type : Monopolar
Start frame : 1
End frame : 94
Start time (s) : 0.000
End time (s) : 770.940000028
Time step (s) : 8.201489362
Num poles : 1
Num tracks : 3
Num tracks poleward : 0
Num tracks antipoleward : 0
Num tracks ambiguous : 3
Comments : {

}
Poles Information :


Pole number : 1

Time (s) : 9.28080536204,17.5558620836,25.8308367903,34.105811497,42.3807862037,50.6558429252,58.9308176319,67.2057923386,75.4807670453,83.7560698116,92.0305524289,100.305855195,108.581157961,116.855640579,125.130943345,133.405425962,141.680728729,149.956031495,158.230514112,166.505816878,174.780299496,183.055602262,191.330905028,199.605387646,207.880690412,216.155993178,224.430475795,232.705778562,240.980261179,249.255563945,257.530866711,265.805349329,274.080652095,282.355954861,290.630437479,298.905740245,307.180222862,315.455525628,323.730828395,332.005311012,340.280613778,348.555916545,356.830399162,365.105701928,373.380184545,381.655487312,389.930790078,398.205272695,406.480575462,414.755878228,423.030360845,431.305663611,439.580146229,447.855448995,456.130751761,464.405234379,472.680537145,480.955839911,489.230322528,497.505625295,505.780107912,514.055410678,522.330713445,530.605196062,538.880498828,547.155801594,555.430284212,563.705586978,571.980069595,580.255372362,588.530675128,596.805157745,605.080460511,613.354943129,621.630245895,629.905548661,638.180031278,646.455334045,654.730636811,663.005119428,671.280422195,679.554904812,687.830207578,696.105510344,704.379992962,712.655295728,720.930598494,729.205081112,737.480383878,745.754866495,754.030169261,762.305472028,770.579954645

Position (um) : 1.7222,1.7229,1.7235,1.7241,1.7247,1.7253,1.7259,1.7265,1.7271,1.7277,1.7284,1.729,1.7296,1.7302,1.7308,1.7314,1.732,1.7326,1.7332,1.7338,1.7345,1.7351,1.7357,1.7363,1.7369,1.7375,1.7381,1.7387,1.7393,1.74,1.7406,1.7412,1.7418,1.7424,1.743,1.7436,1.7442,1.7448,1.7454,1.7461,1.7467,1.7473,1.7479,1.7485,1.7491,1.7497,1.7503,1.7509,1.7516,1.7522,1.7528,1.7534,1.754,1.7546,1.7552,1.7558,1.7564,1.757,1.7577,1.7583,1.7589,1.7595,1.7601,1.7607,1.7613,1.7619,1.7625,1.7632,1.7638,1.7644,1.765,1.7656,1.7662,1.7668,1.7674,1.768,1.7686,1.7693,1.7699,1.7705,1.7711,1.7717,1.7723,1.7729,1.7735,1.7741,1.7748,1.7754,1.776,1.7766,1.7772,1.7778,1.7784

Intensity : 1738.3546,1699.4392,1651.9109,1622.178,1575.5017,1607.4798,1617.0885,1660.0794,1618.7702,1615.5159,1612.2744,1598.4001,1543.6492,1510.9066,1475.7348,1497.9277,1531.738,1580.5037,1590.8361,1559.5974,1542.4663,1562.1818,1612.3776,1636.3984,1589.5495,1525.1738,1503.1639,1480.409,1469.1212,1458.3372,1496.3746,1517.0655,1524.5539,1554.2954,1581.1716,1564.8414,1514.8035,1490.5603,1524.3426,1535.7468,1492.1467,1423.7242,1382.5412,1401.6302,1433.3588,1448.6342,1414.5223,1367.2974,1335.4098,1332.0832,1322.9044,1284.2652,1224.756,1184.5405,1167.2276,1164.9663,1139.8168,1111.7091,1093.5095,1099.1195,1090.0023,1090.9614,1109.4273,1126.09,1121.6234,1089.6707,1080.9573,1088.7094,1115.259,1150.1858,1172.904,1230.858,1264.8514,1299.1112,1272.8008,1248.0427,1215.1088,1196.0929,1176.892,1164.8496,1137.5826,1162.7898,1191.3083,1250.8871,1294.577,1303.8099,1314.7992,1306.6488,1331.591,1322.7143,1322.437,1276.7743,1243.4417

Time pixel : 1.1316,2.14057,3.14953,4.15849,5.16745,6.17642,7.18538,8.19434,9.2033,10.2123,11.2212,12.2302,13.2392,14.2481,15.2571,16.266,17.275,18.284,19.2929,20.3019,21.3108,22.3198,23.3288,24.3377,25.3467,26.3557,27.3646,28.3736,29.3825,30.3915,31.4005,32.4094,33.4184,34.4274,35.4363,36.4453,37.4542,38.4632,39.4722,40.4811,41.4901,42.4991,43.508,44.517,45.5259,46.5349,47.5439,48.5528,49.5618,50.5708,51.5797,52.5887,53.5976,54.6066,55.6156,56.6245,57.6335,58.6425,59.6514,60.6604,61.6693,62.6783,63.6873,64.6962,65.7052,66.7142,67.7231,68.7321,69.741,70.75,71.759,72.7679,73.7769,74.7858,75.7948,76.8038,77.8127,78.8217,79.8307,80.8396,81.8486,82.8575,83.8665,84.8755,85.8844,86.8934,87.9024,88.9113,89.9203,90.9292,91.9382,92.9472,93.9561

Position pixel : 16.141,16.1468,16.1525,16.1582,16.1639,16.1696,16.1754,16.1811,16.1868,16.1925,16.1983,16.204,16.2097,16.2154,16.2211,16.2269,16.2326,16.2383,16.244,16.2498,16.2555,16.2612,16.2669,16.2726,16.2784,16.2841,16.2898,16.2955,16.3013,16.307,16.3127,16.3184,16.3241,16.3299,16.3356,16.3413,16.347,16.3527,16.3585,16.3642,16.3699,16.3756,16.3814,16.3871,16.3928,16.3985,16.4042,16.41,16.4157,16.4214,16.4271,16.4329,16.4386,16.4443,16.45,16.4557,16.4615,16.4672,16.4729,16.4786,16.4844,16.4901,16.4958,16.5015,16.5072,16.513,16.5187,16.5244,16.5301,16.5358,16.5416,16.5473,16.553,16.5587,16.5645,16.5702,16.5759,16.5816,16.5873,16.5931,16.5988,16.6045,16.6102,16.616,16.6217,16.6274,16.6331,16.6388,16.6446,16.6503,16.656,16.6617,16.6675

Pole type : Line
Start frame : 1
End frame : 94
Start time (s) : 0.000
End time (s) : 770.940000028
Time step (s) : 8.201489362

Feature Information :


Feature number : 1

Time (s) : 12.4132001941,12.8786347154,13.3440692367,13.598233392,13.8523975473,14.3177500537,14.8223876942,15.2131066474,15.5811894899,15.9718264282,16.4764640687,16.9811017091,17.3717386474,17.7007003857,17.915579407,18.1697435624,18.6743812028,19.3155736411,19.8594144007,20.250051339,20.6181341816,20.9695680008,21.3377328582,21.6891666774,22.0180464008,22.233007437,22.4478864583,22.7768481966,23.1282820157,23.4964468732,23.8478806924,24.2159635349,24.5673973541,24.9355622115,25.2869960307,25.6550788733,26.0065126924,26.3746775499,26.7261113691,27.0941942116,27.4457100457,27.8137928882,28.1652267074,28.4941884457,28.709067467,28.9240285032,29.2529082266,29.6435451649,30.1481828054,30.6528204458,31.0434573841,31.4508253607,32.0564233352,33.1049017352,34.4264077161,35.6505620183,36.5851217311,37.343841512,38.0634401886,38.7829568503,39.502555527,40.2221542036,40.9416708653,41.7004726611,42.5957472398,43.5658194016,44.2853360633,44.7544612548,45.2983020144,45.9394124378,46.4832531974,46.9130932549,47.4569340145,48.137329572,48.8569282486,49.5764449103,50.2568404678,50.8006812274,51.1913181657,51.5594010083,51.9500379466,52.4939607211,53.1742742636,53.8546698211,54.3985105807,54.8283506382,55.3721913978,56.0525049403,56.772103617,57.4917022936,58.2112189553,58.9308176319,59.6503342937,60.3699329703,61.0502465129,61.5940872724,62.0240093448,62.5286469852,63.0332846257,63.4631246832,64.0069654428,64.6480758662,65.1919166258,65.6218386981,66.1264763386,66.631113979,67.0217509173,67.3898337599,67.7412675791,68.1094324365,68.5000693748,69.0439101344,69.7243056919,70.4438223536,71.1634210302,71.882937692,72.6025363686,73.3220530303,74.0416517069,74.7220472644,75.265888024,75.6957280815,76.2395688411,76.9198823836,77.6394810603,78.3590797369,79.0785963986,79.7981950752,80.517711737,81.2373104136,81.9568270753,82.6767538115,83.3960244286,84.0767480456,84.6205067903,85.0108976839,85.3791445563,85.730168301,86.0590480244,86.2739270457,86.488806067,86.8185059393,87.169529684,87.5377765564,87.8888003011,88.2570471734,88.648258216,89.1920169607,89.8325532799,90.3763120246,90.7675230671,91.0964027905,91.3112818118,91.5261608331,91.8550405565,92.2454314502,92.7506431949,93.2550347906,93.6454256843,94.0136725566,94.3655164502,94.7329431737,95.0847870673,95.4530339396,95.8434248333,96.387183578,97.067907195,97.7871778121,98.5064484291,99.2265391951,99.9458098121,100.665900578,101.385171195,102.065074663,102.609653557,103.039411599,103.543803195,104.048194791,104.477952834,104.983164578,105.487556174,105.917314217,106.421705812,106.926917557,107.317308451,107.685555323,108.075946217,108.619704961,109.26106143,109.804820174,110.234578217,110.778336961,111.459060579,112.178331196,112.898421962,113.617692579,114.336963196,115.057053962,115.776324579,116.457048196,117.00080694,117.391197834,117.759444706,118.1498356,118.655047345,119.15943894,119.589196983,120.132955728,120.774312196,121.318070941,121.747828983,122.291587728,122.932944196,123.476702941,123.906460983,124.450219728,125.091576196,125.635334941,126.065092983,126.608851728,127.289575345,128.008845962,128.728936728,129.408840196,129.952598941,130.382356983,130.926115728,131.606839345,132.326109962,133.006833579,133.550592324,133.980350367,134.484741962,134.989953707,135.41971175,135.963470494,136.604826962,137.148585707,137.57834375,138.122102494,138.841373111,139.73697575,140.74657909,141.64136158,142.399999346,143.120090112,143.79999358,144.343752324,144.773510367,145.278722112,145.783113707,146.21287175,146.718083495,147.22247509,147.612865984,147.941745708,148.156624729,148.410870899,148.915262495,149.556618963,150.100377708,150.53013575,151.073894495,151.754618112,152.473888729,153.193979495,153.913250112,154.632520729,155.352611495,156.032514963,156.576273708,157.045398899,157.804856814,158.950604878,160.134899942,161.069869729,161.828507495,162.547778112,163.267868878,163.987139495,164.706410112,165.426500878,166.145771495,166.865862261,167.545765729,168.089524474,168.519282517,169.063041261,169.743764879,170.463035496,171.143759113,171.648150708

Position (um) : 1.2074,1.2069,1.2041,1.198,1.1914,1.1859,1.1793,1.1727,1.1671,1.1606,1.154,1.1489,1.1441,1.139,1.132,1.1231,1.1143,1.1072,1.1021,1.0973,1.0922,1.0852,1.0768,1.0697,1.0642,1.0576,1.051,1.0454,1.0384,1.03,1.0229,1.0179,1.0131,1.008,1.0009,0.99257,0.98549,0.9799,0.97283,0.96397,0.95461,0.94576,0.93869,0.93309,0.92602,0.91717,0.90781,0.89895,0.89188,0.8868,0.88201,0.87693,0.87036,0.86379,0.85871,0.85443,0.85215,0.85164,0.85164,0.85164,0.85164,0.85164,0.85164,0.85215,0.85443,0.85871,0.86328,0.86756,0.87036,0.87367,0.87972,0.88629,0.89137,0.89616,0.90073,0.90501,0.90781,0.9106,0.91488,0.91945,0.92373,0.92602,0.92653,0.92704,0.92932,0.93309,0.93538,0.93589,0.93589,0.93589,0.93589,0.93589,0.93589,0.93589,0.93538,0.93309,0.92881,0.92373,0.91717,0.9106,0.90552,0.90073,0.89616,0.89188,0.88908,0.88629,0.88201,0.87744,0.87265,0.86807,0.86379,0.86151,0.861,0.861,0.861,0.861,0.861,0.861,0.861,0.86049,0.8582,0.85443,0.85215,0.85164,0.85164,0.85164,0.85164,0.85164,0.85164,0.85164,0.85164,0.85164,0.85164,0.85215,0.85443,0.85871,0.86328,0.86807,0.87316,0.87972,0.88629,0.89188,0.89895,0.90832,0.91996,0.93258,0.94246,0.95084,0.96169,0.97232,0.9799,0.98549,0.99206,0.99862,1.0037,1.008,1.0108,1.0136,1.0179,1.0224,1.0272,1.0318,1.0366,1.0412,1.0454,1.0477,1.0482,1.0482,1.0487,1.051,1.0548,1.0571,1.0576,1.0581,1.0604,1.0642,1.0659,1.0642,1.0604,1.0576,1.0548,1.051,1.0482,1.0454,1.0412,1.0366,1.0318,1.0272,1.0224,1.0173,1.0108,1.0047,1.0014,0.99811,0.99206,0.98549,0.98041,0.97613,0.97385,0.97283,0.97054,0.96626,0.96169,0.95741,0.95461,0.95182,0.94805,0.94576,0.94474,0.94246,0.93869,0.9364,0.93538,0.93309,0.92932,0.92704,0.92602,0.92373,0.91996,0.91768,0.91717,0.91717,0.91717,0.91768,0.91996,0.92424,0.92881,0.93309,0.93538,0.9364,0.93869,0.94246,0.94525,0.94805,0.95182,0.95461,0.95792,0.96397,0.97003,0.97334,0.97613,0.9799,0.9827,0.98549,0.98977,0.99434,0.99913,1.0037,1.0085,1.0136,1.0201,1.0262,1.0295,1.0323,1.0366,1.0417,1.0487,1.0581,1.0692,1.0801,1.0885,1.0978,1.1087,1.1188,1.1302,1.1413,1.1512,1.1606,1.1694,1.1765,1.1816,1.1864,1.1909,1.1957,1.2008,1.2074,1.2139,1.2195,1.2261,1.2327,1.2383,1.2453,1.2537,1.2602,1.2635,1.2663,1.2701,1.2729,1.2757,1.28,1.2845,1.2888

Intensity : 501.0636,501.383,498.9415,492.1601,484.8144,479.1884,472.5867,466.3294,463.7266,460.6022,457.8808,456.4392,454.8161,452.8195,449.2087,444.6673,441.0835,439.1539,438.1215,436.7182,435.0785,432.2105,428.6904,425.8944,424.3492,422.3495,420.3561,419.2573,417.6145,415.5027,413.8839,413.2067,412.5951,413.1679,412.9048,412.25,412.023,412.5766,412.3823,411.5885,410.1352,408.7589,408.0173,407.7586,405.8398,402.9718,400.5938,398.8055,398.6132,399.3644,399.4226,399.3664,399.7052,400.4638,395.947,392.0079,389.6474,388.4693,387.6,386.7307,385.8614,384.9921,384.1228,383.366,383.3477,384.5064,386.1765,388.0173,388.9088,389.97,392.7527,395.9866,398.2204,400.1143,401.8391,402.9909,402.9234,403.1208,404.4509,405.9288,407.1209,406.7809,405.1097,403.4243,402.9577,403.4661,402.886,401.0536,398.8705,397.189,399.4478,401.7066,403.9653,406.2241,408.1749,409.0744,408.9463,408.8403,408.3074,407.6047,407.8645,408.6445,409.2163,409.4727,408.2654,407.0775,405.5574,403.9907,402.3954,400.8749,399.447,398.5119,398.0046,397.6172,397.2297,396.8423,396.4548,396.0674,395.4047,394.0883,392.5414,390.7784,389.0549,387.6308,386.3131,384.9955,383.6778,382.3602,381.0425,379.7249,378.4072,375.2462,371.9236,368.9552,367.2149,366.8788,366.7552,366.7912,367.0398,368.3326,369.6318,370.0806,370.9536,372.5627,375.0645,377.8528,379.5936,380.1521,381.168,383.2576,385.945,387.9603,390.3613,392.788,394.7091,396.3723,397.5298,398.7131,400.4662,402.3572,404.3584,406.3109,408.3737,410.3878,412.3254,413.5592,414.1506,414.5535,415.0767,415.7035,417.103,417.9133,417.9105,417.9384,418.9714,420.8937,421.7818,420.7017,418.4469,416.6592,414.8039,412.3223,410.3247,410.291,409.8852,409.1016,408.2478,408.3399,408.7436,408.3075,406.1377,404.8278,406.0649,407.4272,406.6859,405.4138,405.1071,404.834,405.0915,406.2015,405.9201,403.6154,400.9864,399.2326,398.9149,398.5681,397.4147,397.4161,398.4135,398.3684,397.0899,396.9882,397.9012,397.4913,395.8591,395.3713,395.8648,395.3563,393.6686,393.1349,393.9946,395.2565,396.5184,398.0515,400.5358,404.1663,408.2166,409.9522,408.2777,405.9073,404.9292,405.3572,404.7809,404.1562,404.4222,403.5086,402.3702,403.6777,405.7403,405.2378,403.4123,401.4833,398.8117,396.5747,395.7998,395.2939,395.0104,395.1574,395.9103,396.411,397.685,398.9591,398.2495,397.2141,397.5358,398.492,401.1034,404.6677,407.7741,410.3992,412.1373,415.1073,418.2655,420.2048,422.5921,424.834,426.3192,427.491,428.3508,430.7488,435.5954,440.1583,444.2105,448.077,452.1133,457.7816,463.5368,468.2959,473.9449,479.5182,483.0193,487.8977,494.0099,498.3911,499.7057,500.906,503.3742,504.5745,505.3919,507.5449,513.7999,520.4034

Time pixel : 1.51353,1.57028,1.62703,1.65802,1.68901,1.74575,1.80728,1.85492,1.8998,1.94743,2.00896,2.07049,2.11812,2.15823,2.18443,2.21542,2.27695,2.35513,2.42144,2.46907,2.51395,2.5568,2.60169,2.64454,2.68464,2.71085,2.73705,2.77716,2.82001,2.8649,2.90775,2.95263,2.99548,3.04037,3.08322,3.1281,3.17095,3.21584,3.25869,3.30357,3.34643,3.39131,3.43416,3.47427,3.50047,3.52668,3.56678,3.61441,3.67594,3.73747,3.7851,3.83477,3.90861,4.03645,4.19758,4.34684,4.46079,4.5533,4.64104,4.72877,4.81651,4.90425,4.99198,5.0845,5.19366,5.31194,5.39967,5.45687,5.52318,5.60135,5.66766,5.72007,5.78638,5.86934,5.95708,6.04481,6.12777,6.19408,6.24171,6.28659,6.33422,6.40054,6.48349,6.56645,6.63276,6.68517,6.75148,6.83443,6.92217,7.00991,7.09764,7.18538,7.27311,7.36085,7.4438,7.51011,7.56253,7.62406,7.68559,7.738,7.80431,7.88248,7.94879,8.00121,8.06274,8.12427,8.1719,8.21678,8.25963,8.30452,8.35215,8.41846,8.50142,8.58915,8.67689,8.76462,8.85236,8.94009,9.02783,9.11079,9.1771,9.22951,9.29582,9.37877,9.46651,9.55425,9.64198,9.72972,9.81745,9.90519,9.99292,10.0807,10.1684,10.2514,10.3177,10.3653,10.4102,10.453,10.4931,10.5193,10.5455,10.5857,10.6285,10.6734,10.7162,10.7611,10.8088,10.8751,10.9532,11.0195,11.0672,11.1073,11.1335,11.1597,11.1998,11.2474,11.309,11.3705,11.4181,11.463,11.5059,11.5507,11.5936,11.6385,11.6861,11.7524,11.8354,11.9231,12.0108,12.0986,12.1863,12.2741,12.3618,12.4447,12.5111,12.5635,12.625,12.6865,12.7389,12.8005,12.862,12.9144,12.9759,13.0375,13.0851,13.13,13.1776,13.2439,13.3221,13.3884,13.4408,13.5071,13.5901,13.6778,13.7656,13.8533,13.941,14.0288,14.1165,14.1995,14.2658,14.3134,14.3583,14.4059,14.4675,14.529,14.5814,14.6477,14.7259,14.7922,14.8446,14.9109,14.9891,15.0554,15.1078,15.1741,15.2523,15.3186,15.371,15.4373,15.5203,15.608,15.6958,15.7787,15.845,15.8974,15.9637,16.0467,16.1344,16.2174,16.2837,16.3361,16.3976,16.4592,16.5116,16.5779,16.6561,16.7224,16.7748,16.8411,16.9288,17.038,17.1611,17.2702,17.3627,17.4505,17.5334,17.5997,17.6521,17.7137,17.7752,17.8276,17.8892,17.9507,17.9983,18.0384,18.0646,18.0956,18.1571,18.2353,18.3016,18.354,18.4203,18.5033,18.591,18.6788,18.7665,18.8542,18.942,19.0249,19.0912,19.1484,19.241,19.3807,19.5251,19.6391,19.7316,19.8193,19.9071,19.9948,20.0825,20.1703,20.258,20.3458,20.4287,20.495,20.5474,20.6137,20.6967,20.7844,20.8674,20.9289

Position pixel : 11.3156,11.3108,11.2846,11.2278,11.1663,11.1139,11.0524,10.9908,10.9384,10.8769,10.8154,10.7677,10.7228,10.6752,10.6089,10.5259,10.443,10.3767,10.329,10.2842,10.2365,10.1702,10.092,10.0257,9.97332,9.91179,9.85026,9.79785,9.73154,9.65337,9.58705,9.53942,9.49454,9.44691,9.3806,9.30242,9.23611,9.1837,9.11739,9.03443,8.9467,8.86374,8.79743,8.74502,8.67871,8.59575,8.50802,8.42506,8.35875,8.31112,8.26624,8.21861,8.15708,8.09555,8.04791,8.00781,7.98638,7.9816,7.9816,7.9816,7.9816,7.9816,7.9816,7.98638,8.00781,8.04791,8.09076,8.13087,8.15708,8.18806,8.24481,8.30634,8.35397,8.39886,8.44171,8.48181,8.50802,8.53422,8.57433,8.61718,8.65728,8.67871,8.68349,8.68827,8.7097,8.74502,8.76645,8.77123,8.77123,8.77123,8.77123,8.77123,8.77123,8.77123,8.76645,8.74502,8.70492,8.65728,8.59575,8.53422,8.48659,8.44171,8.39886,8.35875,8.33255,8.30634,8.26624,8.22339,8.1785,8.13565,8.09555,8.07412,8.06934,8.06934,8.06934,8.06934,8.06934,8.06934,8.06934,8.06456,8.04313,8.00781,7.98638,7.9816,7.9816,7.9816,7.9816,7.9816,7.9816,7.9816,7.9816,7.9816,7.9816,7.98638,8.00781,8.04791,8.09076,8.13565,8.18328,8.24481,8.30634,8.35875,8.42506,8.5128,8.62196,8.74024,8.83276,8.91137,9.01301,9.11261,9.1837,9.23611,9.29764,9.35917,9.4068,9.44691,9.47311,9.49932,9.53942,9.58227,9.62716,9.67001,9.7149,9.75775,9.79785,9.81928,9.82406,9.82406,9.82884,9.85026,9.88559,9.90701,9.91179,9.91657,9.938,9.97332,9.98997,9.97332,9.938,9.91179,9.88559,9.85026,9.82406,9.79785,9.75775,9.7149,9.67001,9.62716,9.58227,9.53464,9.47311,9.41636,9.38538,9.35439,9.29764,9.23611,9.18848,9.14838,9.12695,9.11739,9.09596,9.05586,9.01301,8.9729,8.9467,8.92049,8.88517,8.86374,8.85418,8.83276,8.79743,8.77601,8.76645,8.74502,8.7097,8.68827,8.67871,8.65728,8.62196,8.60054,8.59575,8.59575,8.59575,8.60054,8.62196,8.66207,8.70492,8.74502,8.76645,8.77601,8.79743,8.83276,8.85896,8.88517,8.92049,8.9467,8.97768,9.03443,9.09118,9.12217,9.14838,9.1837,9.20991,9.23611,9.27622,9.31907,9.36395,9.4068,9.45169,9.49932,9.56085,9.6176,9.64858,9.67479,9.7149,9.76253,9.82884,9.91657,10.021,10.1226,10.2012,10.2889,10.3906,10.4858,10.5923,10.6966,10.7892,10.8769,10.9598,11.0262,11.0738,11.1187,11.1615,11.2064,11.254,11.3156,11.3771,11.4295,11.491,11.5526,11.605,11.6713,11.7495,11.811,11.842,11.8682,11.9035,11.9297,11.9559,11.996,12.0389,12.079

Brightness max : 1009.07
Brightness min : 237.00
Feature direction : Ambiguous
Feature speed : Slow
Feature type : Curve
Start frame : 1
End frame : 94
Start time (s) : 0.000
End time (s) : 770.940000028
Time step (s) : 8.201489362

Feature number : 2

Time (s) : 363.521174183,363.928788205,364.710390141,366.009506056,367.40950029,368.734040822,370.072523886,371.143638396,371.941643311,372.660913928,373.341637545,373.88539629,374.315154333,374.819545929,375.323937524,375.793062716,376.513153482,377.483389673,378.378172163,379.136809929,379.856900695,380.576171312,381.295441929,382.015532695,382.734803312,383.454073929,384.174164695,384.932802461,385.828405099,386.837188291,387.732790929,388.491428695,389.210699312,389.930790078,390.650060695,391.369331312,392.089422078,392.808692695,393.527963312,394.248054078,394.967324695,395.687415461,396.446053227,397.340835717,398.350439057,399.246041695,400.004679461,400.723950078,401.443220695,402.163311461,402.921949227,403.856098866,405.080581227,406.519942611,408.134815866,409.824322674,411.224316909,412.197833696,412.956471462,413.676562228,414.395832845,415.154470611,416.050073249,417.058856441,417.954459079,418.713096845,419.432367462,420.152458228,420.871728845,421.590999462,422.311090228,423.030360845,423.750451611,424.469722228,425.188992845,425.909083611,426.628354228,427.309077845,427.85283659,428.282594633,428.826353377,429.545623994,430.441226633,431.450009824,432.384979611,433.31912925,434.32873259,435.22351508,435.982972995,436.702243612,437.382967229,437.965272973,438.610730186,439.619513378,440.765261442,441.700231229,442.458868995,443.178139612,443.936777378,444.832380016,445.841983357,446.736765846,447.495403612,448.215494378,448.934764995,449.654035612,450.413493527,451.347643165,452.572125527,453.932752612,455.156414825,456.091384612,456.850022378,457.569292995,458.289383761,459.008654378,459.727924995,460.448015761,461.167286378,461.887377144,462.606647761,463.325918379,464.046009145,464.765279762,465.484550379,466.204641145,466.923911762,467.643182379,468.363273145,469.082543762,469.841181528,470.736784166,471.784934506,472.856049017,473.905019507,474.799801996,475.558439762,476.278530528,476.997801145,477.717071762,478.476529677,479.371312166,480.420282656,481.490577017,482.539547507,483.434329996,484.193787911,484.873691379,485.417450124,485.847208167,486.39178706,487.071690528,487.790961145,488.55041906,489.484568699,490.669683911,491.854799124,492.788948763,493.547586529,494.267677295,495.026315061,495.92109755,496.93070089,497.826303529,498.584941295,499.304211912,500.024302678,500.743573295,501.462843912,502.182934678,502.902205295,503.621475912,504.341566678,505.060837295,505.780107912,506.460831529,507.043957423,507.688594487,508.698197827,509.843945891,510.778095529,511.497366146,512.08049204,512.686582104,513.559220572,514.590967934,515.678485423,516.749599934,517.797750274,518.693352912,519.451990678,520.172081444,520.891352061,521.610622679,522.330713445,523.049984062,523.769254679,524.528712594,525.423495083,526.433098423,527.327880913,528.087338828,528.806609445,529.525880062,530.245970828,530.925874296,531.430265892,531.645144913

Position (um) : 1.2349,1.2327,1.2284,1.2238,1.219,1.2139,1.2074,1.2013,1.1985,1.198,1.1975,1.1952,1.1914,1.1886,1.1859,1.1821,1.1798,1.1793,1.1793,1.1793,1.1788,1.1765,1.1727,1.1699,1.1671,1.1634,1.1611,1.1601,1.1578,1.154,1.1512,1.1484,1.1446,1.1418,1.139,1.1353,1.133,1.1325,1.1325,1.1325,1.1325,1.1325,1.1325,1.1325,1.1325,1.1325,1.1325,1.1325,1.1325,1.1325,1.1325,1.1325,1.1325,1.1325,1.1325,1.133,1.1353,1.139,1.1413,1.1418,1.1418,1.1424,1.1446,1.1484,1.1507,1.1512,1.1512,1.1512,1.1512,1.1512,1.1512,1.1512,1.1507,1.1484,1.1441,1.1396,1.1353,1.1325,1.1297,1.1254,1.1208,1.116,1.1115,1.1072,1.1044,1.1011,1.095,1.089,1.0862,1.0857,1.0852,1.0829,1.0791,1.0768,1.0763,1.0763,1.0763,1.0763,1.0763,1.0763,1.0763,1.0763,1.0763,1.0763,1.0763,1.0763,1.0763,1.0763,1.0768,1.0796,1.0857,1.0922,1.0973,1.1021,1.1072,1.1138,1.1203,1.1254,1.1302,1.1348,1.139,1.1413,1.1418,1.1424,1.1446,1.1484,1.1507,1.1517,1.154,1.1578,1.1606,1.1634,1.1676,1.1722,1.1765,1.1788,1.1793,1.1793,1.1793,1.1793,1.1793,1.1793,1.1788,1.1765,1.1727,1.1704,1.1699,1.1694,1.1671,1.1634,1.1611,1.1601,1.1578,1.154,1.1512,1.1484,1.1441,1.139,1.1325,1.1264,1.1231,1.1203,1.1166,1.1143,1.1132,1.111,1.1072,1.1049,1.1044,1.1044,1.1044,1.1049,1.1072,1.111,1.1132,1.1143,1.1176,1.1259,1.1362,1.1436,1.1484,1.1512,1.1545,1.1606,1.1671,1.1727,1.1798,1.1886,1.198,1.2074,1.2167,1.2261,1.2349,1.242,1.2471,1.2514,1.2542,1.257,1.2607,1.2635,1.2663,1.2701,1.2724,1.2729,1.2729,1.2734,1.2757,1.2795

Intensity : 446.3688,444.4407,440.8477,437.799,434.6301,430.9407,426.7356,422.696,421.6959,423.1847,424.556,423.3904,420.0968,418.1775,416.2453,413.02,412.2881,414.7081,418.471,421.6602,424.0495,424.207,422.9032,423.5764,424.1806,423.8923,424.7846,426.8766,427.6124,426.1135,425.2602,424.1555,422.1141,420.9286,419.7386,417.6802,416.9334,417.7623,419.0445,419.2676,419.2277,419.1878,419.1457,419.0961,419.0401,418.9905,418.9484,418.9085,418.8686,418.4452,417.4002,416.1131,414.427,412.4449,410.2208,408.2963,409.6102,412.4587,414.1659,414.4797,414.392,414.701,416.3916,419.2358,420.9263,422.3827,424.1833,425.984,427.7847,429.5854,431.3861,433.1868,434.5636,434.4484,432.6276,430.5089,428.4709,427.1532,425.5894,422.5348,419.3581,416.1952,413.4048,410.9555,409.6747,407.8791,403.5793,399.5125,398.4399,399.414,400.3015,399.2784,396.9135,396.6478,398.3539,400.1525,401.6129,402.5081,402.7211,402.9724,403.2556,403.5069,403.7199,403.9218,404.1238,404.3258,404.5387,404.2121,402.3122,402.2004,405.1779,409.0465,411.8681,414.4362,417.176,421.0878,424.3492,425.9365,427.1994,428.2069,428.9032,427.9401,425.538,423.1275,422.0808,422.1301,420.996,419.0578,418.7065,419.4866,419.4363,419.0129,419.3069,419.7934,421.2748,421.4653,419.9527,419.8481,420.1531,420.4581,420.7797,421.1592,421.0289,418.9411,415.5888,414.2684,414.5182,415.0633,414.0824,411.844,410.9074,411.1305,410.4887,408.847,408.224,408.0294,406.8426,403.2608,398.3873,394.0269,391.5995,389.5475,386.9445,385.3835,384.6612,383.2245,380.9862,379.0648,377.82,376.8631,375.9062,375.2137,375.4097,376.2878,376.3615,375.8429,376.5084,379.2965,381.9069,381.6928,380.8474,379.7568,379.2398,379.6507,379.264,377.8301,378.051,379.6169,383.7484,388.0501,392.5059,396.9955,401.1759,404.3197,406.3065,407.8242,408.4851,409.0899,410.3639,411.2064,412.1405,413.7417,414.524,414.2853,413.7527,413.5443,414.4951,416.5206

Time pixel : 44.3238,44.3735,44.4688,44.6272,44.7979,44.9594,45.1226,45.2532,45.3505,45.4382,45.5212,45.5875,45.6399,45.7014,45.7629,45.8201,45.9079,46.0262,46.1353,46.2278,46.3156,46.4033,46.491,46.5788,46.6665,46.7542,46.842,46.9345,47.0437,47.1667,47.2759,47.3684,47.4561,47.5439,47.6316,47.7193,47.8071,47.8948,47.9825,48.0703,48.158,48.2458,48.3383,48.4474,48.5705,48.6797,48.7722,48.8599,48.9476,49.0354,49.1279,49.2418,49.3911,49.5666,49.7635,49.9695,50.1402,50.2589,50.3514,50.4392,50.5269,50.6194,50.7286,50.8516,50.9608,51.0533,51.141,51.2288,51.3165,51.4042,51.492,51.5797,51.6675,51.7552,51.8429,51.9307,52.0184,52.1014,52.1677,52.2201,52.2864,52.3741,52.4833,52.6063,52.7203,52.8342,52.9573,53.0664,53.159,53.2467,53.3297,53.4007,53.4794,53.6024,53.7421,53.8561,53.9486,54.0363,54.1288,54.238,54.3611,54.4702,54.5627,54.6505,54.7382,54.8259,54.9185,55.0324,55.1817,55.3476,55.4968,55.6108,55.7033,55.791,55.8788,55.9665,56.0542,56.142,56.2297,56.3175,56.4052,56.4929,56.5807,56.6684,56.7561,56.8439,56.9316,57.0193,57.1071,57.1948,57.2873,57.3965,57.5243,57.6549,57.7828,57.8919,57.9844,58.0722,58.1599,58.2476,58.3402,58.4493,58.5772,58.7077,58.8356,58.9447,59.0373,59.1202,59.1865,59.2389,59.3053,59.3882,59.4759,59.5685,59.6824,59.8269,59.9714,60.0853,60.1778,60.2656,60.3581,60.4672,60.5903,60.6995,60.792,60.8797,60.9675,61.0552,61.1429,61.2307,61.3184,61.4061,61.4939,61.5816,61.6693,61.7523,61.8234,61.902,62.0251,62.1648,62.2787,62.3664,62.4375,62.5114,62.6178,62.7436,62.8762,63.0068,63.1346,63.2438,63.3363,63.4241,63.5118,63.5995,63.6873,63.775,63.8627,63.9553,64.0644,64.1875,64.2966,64.3892,64.4769,64.5646,64.6524,64.7353,64.7968,64.823

Position pixel : 11.574,11.5526,11.5125,11.4696,11.4247,11.3771,11.3156,11.2588,11.2326,11.2278,11.223,11.2016,11.1663,11.1401,11.1139,11.0786,11.0571,11.0524,11.0524,11.0524,11.0476,11.0262,10.9908,10.9646,10.9384,10.9031,10.8817,10.8721,10.8507,10.8154,10.7892,10.7629,10.7276,10.7014,10.6752,10.6399,10.6185,10.6137,10.6137,10.6137,10.6137,10.6137,10.6137,10.6137,10.6137,10.6137,10.6137,10.6137,10.6137,10.6137,10.6137,10.6137,10.6137,10.6137,10.6137,10.6185,10.6399,10.6752,10.6966,10.7014,10.7014,10.7062,10.7276,10.7629,10.7844,10.7892,10.7892,10.7892,10.7892,10.7892,10.7892,10.7892,10.7844,10.7629,10.7228,10.68,10.6399,10.6137,10.5875,10.5474,10.5045,10.4596,10.4168,10.3767,10.3505,10.3195,10.2627,10.206,10.1798,10.175,10.1702,10.1488,10.1135,10.092,10.0873,10.0873,10.0873,10.0873,10.0873,10.0873,10.0873,10.0873,10.0873,10.0873,10.0873,10.0873,10.0873,10.0873,10.092,10.1183,10.175,10.2365,10.2842,10.329,10.3767,10.4382,10.4997,10.5474,10.5923,10.6351,10.6752,10.6966,10.7014,10.7062,10.7276,10.7629,10.7844,10.7939,10.8154,10.8507,10.8769,10.9031,10.9432,10.986,11.0262,11.0476,11.0524,11.0524,11.0524,11.0524,11.0524,11.0524,11.0476,11.0262,10.9908,10.9694,10.9646,10.9598,10.9384,10.9031,10.8817,10.8721,10.8507,10.8154,10.7892,10.7629,10.7228,10.6752,10.6137,10.5569,10.5259,10.4997,10.4644,10.443,10.4334,10.412,10.3767,10.3553,10.3505,10.3505,10.3505,10.3553,10.3767,10.412,10.4334,10.443,10.474,10.5521,10.649,10.7181,10.7629,10.7892,10.8201,10.8769,10.9384,10.9908,11.0571,11.1401,11.2278,11.3156,11.4033,11.491,11.574,11.6403,11.6879,11.728,11.7542,11.7805,11.8158,11.842,11.8682,11.9035,11.9249,11.9297,11.9297,11.9345,11.9559,11.9912

Brightness max : 1009.07
Brightness min : 237.00
Feature direction : Ambiguous
Feature speed : Slow
Feature type : Curve
Start frame : 1
End frame : 94
Start time (s) : 0.000
End time (s) : 770.940000028
Time step (s) : 8.201489362

Feature number : 3

Time (s) : 641.313000215,641.817391811,642.458748279,643.002507023,643.432265066,643.976023811,644.695294428,645.551529917,646.385621385,646.9908913,647.574017194,648.253920662,648.974011428,649.653914896,650.197673641,650.628251832,651.132643428,651.637035024,652.066793066,652.610551811,653.291275428,654.010546045,654.730636811,655.449907428,656.169178045,656.889268811,657.608539428,658.327810045,659.047900811,659.767171428,660.486442045,661.206532811,661.925803428,662.645894194,663.365164811,664.084435428,664.804526194,665.484429662,666.028188407,666.45794645,667.002525343,667.682428811,668.401699429,669.121790195,669.841060812,670.560331429,671.280422195,671.999692812,672.719783578,673.439054195,674.158324812,674.878415578,675.597686195,676.316956812,677.037047578,677.716951046,678.222162791,678.475588812,678.690467833,679.020167706,679.37119145,679.739438323,680.090462067,680.498076089,681.064799003,681.937437472,682.929817684,683.802456152,684.408546216,684.990851961,685.671575578,686.390846195,687.071569812,687.575961408

Position (um) : 1.2635,1.2635,1.263,1.2607,1.257,1.2547,1.2537,1.2509,1.2448,1.2383,1.2327,1.2256,1.2167,1.2074,1.198,1.1892,1.1821,1.177,1.1727,1.1704,1.1694,1.1671,1.1634,1.1606,1.1578,1.154,1.1517,1.1507,1.1484,1.1446,1.1424,1.1418,1.1418,1.1418,1.1413,1.139,1.1353,1.1325,1.1297,1.1259,1.1236,1.1231,1.1231,1.1231,1.1231,1.1231,1.1231,1.1231,1.1231,1.1231,1.1231,1.1236,1.1259,1.1302,1.1348,1.1396,1.1446,1.1512,1.1578,1.1628,1.1676,1.1727,1.1798,1.1881,1.1957,1.2036,1.2144,1.2251,1.2327,1.2377,1.2425,1.2476,1.2542,1.2602

Intensity : 458.3294,459.22,459.797,458.2767,454.9545,453.4532,453.6436,452.1733,447.1793,441.2516,436.3496,430.3139,422.7077,414.4095,405.7235,397.2684,390.8883,386.6387,383.5082,383.3945,384.3896,384.6585,383.9446,383.8203,383.6222,382.2187,381.7919,382.1961,381.7757,380.3924,379.9807,380.7277,381.8067,382.8857,383.6343,383.2348,380.1639,376.9989,374.1442,370.9361,368.4618,366.8408,365.4605,364.0801,362.6997,361.3193,359.9389,358.5585,357.1806,355.8093,354.438,353.3467,353.2187,354.1494,355.2021,356.4112,358.0945,361.0474,364.0637,366.041,367.7971,369.6502,375.4061,382.7177,388.6651,393.7731,401.2936,408.8359,414.1973,417.179,419.5228,421.9691,425.8912,429.8718

Time pixel : 78.1947,78.2562,78.3344,78.4007,78.4531,78.5194,78.6071,78.7115,78.8132,78.887,78.9581,79.041,79.1288,79.2117,79.278,79.3305,79.392,79.4535,79.5059,79.5722,79.6552,79.7429,79.8307,79.9184,80.0061,80.0939,80.1816,80.2693,80.3571,80.4448,80.5325,80.6203,80.708,80.7958,80.8835,80.9712,81.059,81.1419,81.2082,81.2606,81.327,81.4099,81.4976,81.5854,81.6731,81.7608,81.8486,81.9363,82.0241,82.1118,82.1995,82.2873,82.375,82.4627,82.5505,82.6334,82.695,82.7259,82.7521,82.7923,82.8351,82.88,82.9228,82.9725,83.0416,83.148,83.269,83.3754,83.4493,83.5203,83.6033,83.691,83.774,83.8355

Position pixel : 11.842,11.842,11.8372,11.8158,11.7805,11.759,11.7495,11.7233,11.6665,11.605,11.5526,11.4863,11.4033,11.3156,11.2278,11.1449,11.0786,11.0309,10.9908,10.9694,10.9598,10.9384,10.9031,10.8769,10.8507,10.8154,10.7939,10.7844,10.7629,10.7276,10.7062,10.7014,10.7014,10.7014,10.6966,10.6752,10.6399,10.6137,10.5875,10.5521,10.5307,10.5259,10.5259,10.5259,10.5259,10.5259,10.5259,10.5259,10.5259,10.5259,10.5259,10.5307,10.5521,10.5923,10.6351,10.68,10.7276,10.7892,10.8507,10.8983,10.9432,10.9908,11.0571,11.1353,11.2064,11.2802,11.3819,11.4815,11.5526,11.6002,11.6451,11.6927,11.7542,11.811

Brightness max : 1009.07
Brightness min : 237.00
Feature direction : Ambiguous
Feature speed : Slow
Feature type : Curve
Start frame : 1
End frame : 94
Start time (s) : 0.000
End time (s) : 770.940000028
Time step (s) : 8.201489362

