KYMOANALYSIS DATA

General Information :

Tiff path : E:\Google Drive\microtubule dynamics and cut7\19-15 screens and tests\gtb1-K5A\19-11-13(gtb1-K5A, cut11-7, cut73-GFP and MTs)\
Spindle type : Monopolar
Start frame : 1
End frame : 74
Start time (s) : 0.000
End time (s) : 602.899999978
Time step (s) : 8.147297297
Num poles : 1
Num tracks : 1
Num tracks poleward : 0
Num tracks antipoleward : 0
Num tracks ambiguous : 1
Comments : {

}
Poles Information :


Pole number : 1

Time (s) : 8.147297297,16.3960284453,24.6448410667,32.893572215,41.1423848363,49.3911159847,57.639847133,65.8886597544,74.1373909027,82.386284997,90.6346087805,98.8837472937,107.132071077,115.38120959,123.630348104,131.878671887,140.1278104,148.376134184,156.625272697,164.87359648,173.122734994,181.371058777,189.62019729,197.868521074,206.117659587,214.3667981,222.615121884,230.864260397,239.11258418,247.361722694,255.610046477,263.85918499,272.107508774,280.356647287,288.604971071,296.854109584,305.102433367,313.35157188,321.600710394,329.849034177,338.09817269,346.346496474,354.595634987,362.843958771,371.093097284,379.341421067,387.59055958,395.838883364,404.088021877,412.33716039,420.585484174,428.834622687,437.082946471,445.332084984,453.580408767,461.82954728,470.077871064,478.327009577,486.575333361,494.824471874,503.072795657,511.321934171,519.571072684,527.819396467,536.06853498,544.316858764,552.565997277,560.814321061,569.063459574,577.311783357,585.560921871,593.809245654,602.058384167

Position (um) : 1.4112,1.4117,1.4122,1.4127,1.4132,1.4138,1.4143,1.4148,1.4153,1.4158,1.4163,1.4168,1.4173,1.4178,1.4184,1.4189,1.4194,1.4199,1.4204,1.4209,1.4214,1.4219,1.4224,1.4229,1.4235,1.424,1.4245,1.425,1.4255,1.426,1.4265,1.427,1.4275,1.428,1.4286,1.4291,1.4296,1.4301,1.4306,1.4311,1.4316,1.4321,1.4326,1.4332,1.4337,1.4342,1.4347,1.4352,1.4357,1.4362,1.4367,1.4372,1.4377,1.4383,1.4388,1.4393,1.4398,1.4403,1.4408,1.4413,1.4418,1.4423,1.4428,1.4434,1.4439,1.4444,1.4449,1.4454,1.4459,1.4464,1.4469,1.4474,1.4479

Intensity : 916.3514,923.8897,938.9786,923.2942,890.6445,828.8023,813.6136,804.6586,815.6055,812.3081,798.6606,799.7895,801.1118,792.4997,760.6786,748.283,735.3853,730.639,721.4263,717.5145,722.9836,727.2919,758.6677,782.451,784.002,770.8396,758.8693,762.0313,751.6431,723.216,692.5466,676.3753,669.9681,667.2729,662.928,661.606,653.9933,635.9058,615.1762,589.7586,558.6785,533.8256,524.2731,534.9303,545.5053,550.3199,548.8359,541.768,528.6262,524.5278,521.481,524.8503,510.2905,501.9931,486.9324,486.3541,481.9131,485.6136,488.1161,493.0949,488.9254,486.4653,484.3501,487.2797,484.2265,484.0379,488.7639,495.9413,485.3722,480.2607,473.2716,473.0719,464.4409

Time pixel : 1,2.01245,3.02491,4.03736,5.04982,6.06227,7.07472,8.08718,9.09963,10.1121,11.1245,12.137,13.1494,14.1619,15.1744,16.1868,17.1993,18.2117,19.2242,20.2366,21.2491,22.2615,23.274,24.2864,25.2989,26.3114,27.3238,28.3363,29.3487,30.3612,31.3736,32.3861,33.3985,34.411,35.4234,36.4359,37.4483,38.4608,39.4733,40.4857,41.4982,42.5106,43.5231,44.5355,45.548,46.5604,47.5729,48.5853,49.5978,50.6103,51.6227,52.6352,53.6476,54.6601,55.6725,56.685,57.6974,58.7099,59.7223,60.7348,61.7472,62.7597,63.7722,64.7846,65.7971,66.8095,67.822,68.8344,69.8469,70.8593,71.8718,72.8842,73.8967

Position pixel : 13.2259,13.2307,13.2355,13.2403,13.2451,13.2499,13.2546,13.2594,13.2642,13.269,13.2738,13.2786,13.2833,13.2881,13.2929,13.2977,13.3025,13.3072,13.312,13.3168,13.3216,13.3264,13.3312,13.3359,13.3407,13.3455,13.3503,13.3551,13.3599,13.3646,13.3694,13.3742,13.379,13.3838,13.3885,13.3933,13.3981,13.4029,13.4077,13.4125,13.4172,13.422,13.4268,13.4316,13.4364,13.4412,13.4459,13.4507,13.4555,13.4603,13.4651,13.4699,13.4746,13.4794,13.4842,13.489,13.4938,13.4985,13.5033,13.5081,13.5129,13.5177,13.5225,13.5272,13.532,13.5368,13.5416,13.5464,13.5512,13.5559,13.5607,13.5655,13.5703

Pole type : Line
Start frame : 1
End frame : 74
Start time (s) : 0.000
End time (s) : 602.899999978
Time step (s) : 8.147297297

Feature Information :


Feature number : 1

Time (s) : 14.0693232833,14.2369131887,14.6303461751,15.1608981751,15.6913687021,16.1154355264,16.4506968102,16.8747636345,17.4052341615,17.9663385264,18.5274428912,19.0884657831,19.6495701479,20.1801221479,20.6041889722,20.939368783,21.3328832425,21.7263162289,22.0614960397,22.485562864,23.016114864,23.546666864,23.9707336883,24.2752796613,24.562390418,24.866936391,25.2604508504,25.623412945,25.8215552153,26.0196974855,26.413211945,26.943763945,27.5047868368,28.0353388368,28.4594056611,28.7945854719,29.2492046611,29.9167942016,30.7342940124,31.5694734583,32.4176071069,33.2832574447,34.237876269,35.1618612555,35.9211078906,36.6498021608,37.4368310797,38.1348915121,38.7265482418,39.2876526067,39.8487569715,40.4098613364,40.9708842282,41.5319885931,42.0930929579,42.6541973228,43.2153016876,43.7763245795,44.3374289443,44.929085674,45.6577799443,46.5817649307,47.5058313902,48.2344441874,48.856734755,49.5547951874,50.3418241063,51.0705183765,51.7991311738,52.5861600927,53.2843019981,53.8759587278,54.4369816196,54.9980859845,55.5591903493,56.1202947142,56.7119514439,57.4406457141,58.3646307006,59.288615687,60.0173099573,60.608966687,61.1700710518,61.7311754167,62.2921983085,62.8533026734,63.4144070382,63.9449590382,64.3995782274,64.8717955787,65.5217054841,66.1587426597,66.6133618489,66.9485416597,67.372608484,67.903079011,68.4641833759,69.0252877407,69.5863921056,70.1474964704,70.7085193623,71.2696237271,71.830728092,72.3918324568,72.9529368217,73.5139597135,74.0750640784,74.6361684432,75.1972728081,75.7277433351,76.1518101594,76.4564376053,76.7434668891,77.048094335,77.4721611593,78.0027131593,78.5637360512,79.0942880512,79.5183548755,79.8840870511,80.445191416,81.201586497,81.8689316186,82.3235508078,82.6592194564,83.0828789159,83.5831229699,84.0067824294,84.3114913483,84.5990909429,84.902985132,85.2964995915,85.6598690509,85.8578483752,86.0256826996,86.2823225644,86.5560717536,86.8428566185,87.1174205374,87.3732456725,87.5410799968,87.7089143211,87.965554186,88.2393033752,88.52608824,88.8617568886,89.4222909427,90.1791748616,90.8773982399,91.4688920237,92.0302408075,92.5606298615,92.9842893209,93.2889982398,93.5757831047,93.8804920236,94.3049662128,94.8353552668,95.3967040506,95.9572381046,96.5185868884,97.0799356721,97.6404697262,98.2018185099,98.7631672937,99.3237013477,99.8850501315,100.446398915,101.006932969,101.568281753,102.098670807,102.553289996,103.025833239,103.645027834,104.175416888,104.541230537,104.965704726,105.49609378,106.057442564,106.587831618,107.011491077,107.347159726,107.770819185,108.301208239,108.862557023,109.423905807,109.984439861,110.545788645,111.107137428,111.667671482,112.229020266,112.79036905,113.350903104,113.912251888,114.473600671,115.034134726,115.595483509,116.156832293,116.687221347,117.110880807,117.446549455,117.870208915,118.400597969,118.961946752,119.523295536,120.08464432,120.645178374,121.206527158,121.736916212,122.161390401,122.49624432,122.950863509,123.587982158,124.238136482,124.709864995,125.164484185,125.694873239,126.256222022,126.817570806,127.37810486,127.939453644,128.500802428,129.061336482,129.622685266,130.184034049,130.744568103,131.305916887,131.867265671,132.397654725,132.821314184,133.156982833,133.550497292,133.944011752,134.278865671,134.67238013,135.06589459,135.401563238,135.825222698,136.355611752,136.916960536,137.478309319,138.038843373,138.600192157,139.161540941,139.722074995,140.252464049,140.676938238,140.981647157,141.268432022,141.573140941,141.9666554,142.32921013,142.528004184,142.725983508,143.088538238,143.482052697,143.817721346,144.211235806,144.573790535,144.77176986,144.939604184,145.196244049,145.469993238,145.726633103,145.894467427,146.061487022,146.318126887,146.592690805,146.87947567,147.184184589,147.607844049,148.138233103,148.699581886,149.26093067,149.822279454,150.382813508,150.944162292,151.505511076,152.06604513,152.627393913,153.188742697,153.749276751,154.279665805,154.704139994,155.038993913,155.463468102,155.993857156,156.58535094,157.314534048,158.268582562,159.3301754,160.315183643,161.150281616,161.83058094,162.333269183,162.894617967,163.513812562,163.986355805,164.410015264,164.803529724,165.139198372,165.562857832,166.093246886,166.65459567,167.215944453,167.776478507,168.337827291,168.899176075,169.490669859,170.188893237,170.975922156,171.673330805,172.265639318,172.826173372,173.387522156,173.91791121,174.342385399,174.677239318,175.047126615,175.402348777,175.698910399,176.054132561,176.408539994,176.674956615,176.922634453,177.158091345,177.405769183,177.671371075,178.024963777,178.37937121,178.675118102,179.059670534,179.519178102,179.903730534,180.167702966,180.414566074,180.648393507,180.895256615,181.128269318,181.374317696,181.638290129,181.990253372,182.343031345,182.605374318,182.850607966,183.082805939,183.297079858,183.422548237,183.578161615,183.898350399,184.248684182,184.571317155,185.058525534,185.633724723,186.031312831,186.30424729,186.564146074,186.943810128,187.428574317,187.974443236,188.62704175,189.367631074,190.049559858,190.762448371,191.639097561,192.51493202,193.226191074,193.906490398,194.644635533,195.293160398,195.865915398,196.544585263,197.448935263,198.459200128,199.361920668,200.038961074,200.578312155,201.086703506,201.625239858,202.269691074,203.00294783,203.677544047,204.351325533,205.08295283,205.724959857,206.26023729,206.794699992,207.43589229,208.165075398,208.835597965,209.506120533,210.234488911,210.903382019,211.572275127,212.299014046,212.936947425,213.498296208,214.135414857,214.860524316,215.526973235,216.193422154,216.918531614,217.584165803,218.280759722,219.141114316,220.002283641,220.6972481,221.362882289,222.085547559,222.750367019,223.446146208,224.306500803,225.166040667,225.830860127,226.358804992,226.856604857,227.354404721,227.852204586,228.350004451,228.848619046,229.34723364,229.846662965,230.315132559,230.678502019,230.953065938,231.317250127,231.78816391,232.290852154,232.824500127,233.464877694,234.256794991,235.234470667,236.527446748,237.958926883,239.302416207,240.491921613,241.444340667,242.242775802,242.923075126,243.63514891,244.513427559,245.392520937,246.07770864,246.627651207,247.148263504,247.670505261,248.194376477,248.719062423,249.246192558,249.774952153,250.305341207,250.836544991,251.370192964,251.905470396,252.443192018,252.981728369,253.52270891,254.06531891,254.609558369,255.156242018,255.735514856,256.422332018,257.20039891,257.83099972,258.081936477,257.883957153,257.550732693

Position (um) : 2.4128,2.4157,2.4175,2.4179,2.4175,2.4157,2.4128,2.411,2.4102,2.408,2.4032,2.3981,2.3941,2.3903,2.3867,2.3834,2.3812,2.379,2.3756,2.3716,2.3665,2.3613,2.3573,2.3536,2.35,2.3466,2.3444,2.3418,2.3371,2.3319,2.3275,2.3224,2.3176,2.315,2.3128,2.3099,2.3077,2.3055,2.3021,2.2985,2.2952,2.293,2.2908,2.2874,2.2839,2.2805,2.2787,2.2783,2.2783,2.2783,2.2783,2.2783,2.2783,2.2783,2.2783,2.2783,2.2783,2.2783,2.2783,2.2783,2.2779,2.2761,2.2731,2.2713,2.2709,2.2709,2.2709,2.2709,2.2705,2.2688,2.2658,2.264,2.2636,2.2636,2.2636,2.2632,2.2614,2.258,2.2545,2.2511,2.2489,2.2467,2.2438,2.2416,2.2394,2.2364,2.2346,2.2338,2.232,2.2291,2.2273,2.2265,2.2247,2.2217,2.2199,2.2195,2.2195,2.2195,2.2195,2.2195,2.2195,2.2195,2.2195,2.2195,2.2195,2.2195,2.2195,2.2195,2.2195,2.2199,2.2217,2.2251,2.2291,2.2346,2.2416,2.2485,2.2541,2.2584,2.2636,2.2688,2.2731,2.2787,2.2856,2.2926,2.2981,2.3021,2.3059,2.3095,2.3132,2.3168,2.3202,2.3224,2.325,2.3301,2.3371,2.344,2.3496,2.3536,2.3573,2.3613,2.3665,2.3716,2.3756,2.3794,2.3834,2.3893,2.3981,2.4084,2.4175,2.4253,2.4322,2.4378,2.4418,2.4455,2.4495,2.4551,2.462,2.4694,2.4767,2.484,2.491,2.4961,2.4983,2.4987,2.4987,2.4987,2.4987,2.4987,2.4987,2.4987,2.4983,2.4965,2.4936,2.4914,2.4892,2.4862,2.484,2.4819,2.4789,2.4767,2.4745,2.4715,2.4698,2.4689,2.4672,2.4642,2.4624,2.462,2.462,2.462,2.462,2.462,2.462,2.462,2.462,2.462,2.462,2.462,2.4624,2.4642,2.4676,2.4711,2.4749,2.4785,2.4819,2.484,2.4866,2.4914,2.4965,2.5005,2.5043,2.5083,2.5138,2.5208,2.5277,2.5333,2.5381,2.5454,2.5553,2.5641,2.57,2.5744,2.5796,2.5847,2.5891,2.5947,2.6012,2.6068,2.6112,2.6163,2.6215,2.6259,2.6314,2.638,2.6435,2.6479,2.6531,2.6582,2.6622,2.6656,2.6674,2.6678,2.6678,2.6678,2.6678,2.6674,2.6656,2.6622,2.6586,2.6548,2.6509,2.6453,2.6384,2.631,2.6237,2.6159,2.6064,2.5943,2.5822,2.5726,2.5649,2.5575,2.5502,2.5428,2.5355,2.5281,2.5208,2.5134,2.5065,2.5009,2.4969,2.4936,2.4918,2.4914,2.4914,2.4914,2.4918,2.4936,2.4965,2.4987,2.5009,2.5039,2.5061,2.5083,2.5116,2.5152,2.519,2.523,2.5285,2.5355,2.5428,2.5502,2.5575,2.5645,2.57,2.5744,2.5796,2.5843,2.5869,2.5891,2.5925,2.5965,2.6016,2.6064,2.609,2.6112,2.6141,2.6159,2.6163,2.6163,2.6163,2.6163,2.6159,2.6141,2.6112,2.609,2.6068,2.6034,2.5996,2.5944,2.5878,2.5808,2.5742,2.569,2.5653,2.5619,2.5583,2.5531,2.5465,2.5399,2.5347,2.5306,2.5254,2.5188,2.5119,2.5053,2.5001,2.496,2.4908,2.4839,2.4747,2.4629,2.4512,2.442,2.4346,2.4277,2.4207,2.4141,2.4089,2.4049,2.3998,2.3924,2.3818,2.3686,2.3562,2.3451,2.3342,2.3221,2.31,2.2986,2.2865,2.2744,2.2635,2.2532,2.2445,2.2376,2.2325,2.2285,2.2234,2.2173,2.2121,2.2082,2.2031,2.197,2.1919,2.1884,2.1851,2.1811,2.1743,2.1652,2.1584,2.1545,2.1512,2.1481,2.1452,2.1439,2.144,2.1445,2.1451,2.1456,2.1461,2.1466,2.1471,2.1477,2.1478,2.1465,2.1441,2.1429,2.143,2.1432,2.1419,2.1395,2.1383,2.1384,2.139,2.1391,2.1379,2.1355,2.1343,2.1341,2.1328,2.1304,2.1292,2.1294,2.1295,2.1283,2.1259,2.1247,2.1248,2.1254,2.1259,2.1265,2.1266,2.1254,2.123,2.1217,2.1218,2.1223,2.1232,2.1255,2.1294,2.1335,2.1377,2.1418,2.146,2.1501,2.1539,2.1561,2.1569,2.1574,2.1578,2.1582,2.1585,2.1589,2.1593,2.1596,2.16,2.1603,2.1606,2.1609,2.1611,2.1614,2.1616,2.1619,2.1621,2.1623,2.1625,2.1626,2.1628,2.1629,2.163,2.1631,2.1632,2.1636,2.1659,2.1707,2.1754

Intensity : 271.8873,271.3735,270.8234,270.3383,269.9527,269.8241,269.8922,269.7131,269.3106,269.0345,269.0324,269.0495,268.916,268.7696,268.699,268.6857,268.4843,268.2751,268.2325,268.1394,268.0159,267.8672,267.719,267.679,267.6933,267.7672,267.7061,267.7111,268.064,268.4611,268.6408,268.8083,268.918,268.8237,268.7636,268.8499,268.7732,268.5521,268.3601,268.1879,267.9881,268.032,268.151,268.3886,268.6599,268.8998,268.9604,268.89,268.796,268.7068,268.6176,268.5283,268.5814,268.8326,269.0838,269.335,269.5862,269.8374,270.0886,270.3535,270.7195,271.3139,272.0302,272.5444,272.8693,271.9633,270.8863,269.8891,268.9292,268.0132,267.3126,266.6465,265.8988,265.1167,264.3346,263.5838,262.8948,262.6912,262.9474,263.1933,263.3567,263.5247,263.7568,263.9312,264.1883,264.6042,264.8564,264.969,265.2213,265.6372,265.763,265.6411,265.7259,266.0184,266.1145,265.9755,265.7689,265.5623,265.3557,265.1491,264.9425,264.7358,264.5292,264.3226,264.116,264.1083,264.4941,264.88,265.2658,265.5766,265.628,265.391,265.0626,264.5456,263.9977,263.9432,264.017,264.1532,264.1698,264.1498,264.342,264.6398,264.4726,264.0819,263.7696,263.5453,263.3339,263.1321,262.9207,262.7189,262.53,262.4066,262.2607,261.9709,261.5802,261.1895,260.9309,260.8067,260.6921,260.5726,260.4181,260.2655,260.1529,260.0501,259.9435,259.7848,259.564,259.7952,260.1615,260.4604,260.7465,261.0407,261.2854,261.4299,261.549,261.6197,261.6749,261.7774,261.8769,261.9479,262.0113,262.1443,262.4225,262.1388,261.6855,261.2323,260.779,260.3258,259.8725,259.4192,259.0112,258.7347,258.5006,258.1051,257.7793,257.6231,257.3797,257.0461,256.865,257.0712,257.2616,257.4766,257.6554,257.8085,258.0233,258.3067,258.5323,258.6823,258.8099,258.9374,259.0649,259.1925,259.32,259.4475,259.2835,259.0131,258.7427,258.4723,258.1916,257.8761,257.5081,257.0867,256.6088,256.1316,255.6726,255.2862,254.8795,254.3523,253.822,253.4099,253.3554,253.4065,253.4663,253.4325,253.2772,253.1849,253.1712,252.9944,252.6276,252.3872,252.3712,252.4101,252.3924,252.3548,252.3397,252.1257,251.8155,251.5747,251.4045,251.1931,250.9793,250.8197,250.6121,250.3575,250.1701,250.0457,249.8829,249.748,249.6976,249.6903,249.754,249.8741,249.9411,249.6659,249.3908,249.147,249.0061,248.9824,248.9761,248.9674,248.9238,248.9538,249.117,249.2952,249.3925,249.4897,249.6829,249.9434,250.2189,250.4793,250.6875,250.9542,251.3617,251.782,252.2478,252.7163,253.1482,253.5767,254.1701,254.7211,255.2099,255.7018,256.0906,256.373,256.6244,256.8758,257.0952,257.2017,257.2115,257.2799,257.3455,257.3448,257.391,257.389,257.2188,257.0415,256.8772,256.7062,256.4323,256.0883,255.7215,255.3173,254.859,254.4992,254.2636,254.0963,253.7561,253.4284,253.2423,253.0818,252.8421,252.5529,252.1744,251.8159,251.6035,251.4163,251.1713,251.0069,250.9401,250.8955,250.8452,250.5956,250.3761,250.2574,250.1991,250.0909,250.0197,250.044,250.0597,250.1392,250.2984,250.4176,250.4904,250.5385,250.5185,250.4885,250.4955,250.5872,250.666,250.718,250.7255,250.5781,250.4631,250.4951,250.62,250.7318,250.7852,250.773,250.8159,250.9182,251.0893,251.279,251.548,251.9867,252.2962,252.5772,252.8642,253.2017,253.4057,253.3546,253.341,253.4892,253.6453,253.8343,254.1272,254.6008,255.5607,256.4587,257.1776,258.019,258.8451,259.5802,260.2158,260.74,260.9378,261.1345,261.3848,261.4353,261.5965,261.9678,262.4757,262.9406,263.5081,264.1629,264.6609,264.9714,265.2757,265.6656,266.4401,267.4423,268.0789,268.3173,268.6201,268.8755,269.1047,269.1525,269.0272,268.8322,268.6206,268.4232,268.2279,268.0228,267.8318,267.6428,267.29,267.0285,266.9334,266.6716,266.2115,265.7871,265.5062,265.3096,265.0286,264.5851,263.9991,263.4608,263.3378,263.3381,263.1951,262.9735,262.9446,263.0726,262.976,262.6936,262.4638,262.4983,262.7396,262.7676,262.5829,262.3713,262.1589,261.9457,261.8123,261.9599,262.345,262.4991,262.3734,262.1666,261.8772,261.2975,260.3769,259.3537,258.6767,258.5949,258.4621,258.3008,258.1016,258.0337,258.0916,258.201,258.333,258.3475,258.349,258.3419,258.3334,258.3258,258.3191,258.3134,258.3087,258.3052,258.303,258.3021,258.3027,258.3048,258.3085,258.491,258.7281,258.9676,259.2095,259.4539,259.7158,260.0317,260.3931,260.6234,260.393,259.5564,258.674

Time pixel : 1.72687,1.74744,1.79573,1.86085,1.92596,1.97801,2.01916,2.07121,2.13632,2.20519,2.27406,2.34292,2.41179,2.47691,2.52896,2.5701,2.6184,2.66669,2.70783,2.75988,2.825,2.89012,2.94217,2.97955,3.01479,3.05217,3.10047,3.14502,3.16934,3.19366,3.24196,3.30708,3.37594,3.44106,3.49311,3.53425,3.59005,3.67199,3.77233,3.87484,3.97894,4.08519,4.20236,4.31577,4.40896,4.4984,4.595,4.68068,4.7533,4.82217,4.89104,4.95991,5.02877,5.09764,5.16651,5.23538,5.30425,5.37311,5.44198,5.5146,5.60404,5.71745,5.83087,5.9203,5.99668,6.08236,6.17896,6.2684,6.35783,6.45443,6.54012,6.61274,6.6816,6.75047,6.81934,6.88821,6.96083,7.05027,7.16368,7.27709,7.36653,7.43915,7.50802,7.57689,7.64575,7.71462,7.78349,7.84861,7.90441,7.96237,8.04214,8.12033,8.17613,8.21727,8.26932,8.33443,8.4033,8.47217,8.54104,8.60991,8.67877,8.74764,8.81651,8.88538,8.95425,9.02311,9.09198,9.16085,9.22972,9.29483,9.34688,9.38427,9.4195,9.45689,9.50894,9.57406,9.64292,9.70804,9.76009,9.80498,9.87385,9.96669,10.0486,10.1044,10.1456,10.1976,10.259,10.311,10.3484,10.3837,10.421,10.4693,10.5139,10.5382,10.5588,10.5903,10.6239,10.6591,10.6928,10.7242,10.7448,10.7654,10.7969,10.8305,10.8657,10.9069,10.9757,11.0686,11.1543,11.2269,11.2958,11.3609,11.4129,11.4503,11.4855,11.5229,11.575,11.6401,11.709,11.7778,11.8467,11.9156,11.9844,12.0533,12.1222,12.191,12.2599,12.3288,12.3976,12.4665,12.5316,12.5874,12.6454,12.7214,12.7865,12.8314,12.8835,12.9486,13.0175,13.0826,13.1346,13.1758,13.2278,13.2929,13.3618,13.4307,13.4995,13.5684,13.6373,13.7061,13.775,13.8439,13.9127,13.9816,14.0505,14.1193,14.1882,14.2571,14.3222,14.3742,14.4154,14.4674,14.5325,14.6014,14.6703,14.7392,14.808,14.8769,14.942,14.9941,15.0352,15.091,15.1692,15.249,15.3069,15.3627,15.4278,15.4967,15.5656,15.6344,15.7033,15.7722,15.841,15.9099,15.9788,16.0476,16.1165,16.1854,16.2505,16.3025,16.3437,16.392,16.4403,16.4814,16.5297,16.578,16.6192,16.6712,16.7363,16.8052,16.8741,16.9429,17.0118,17.0807,17.1495,17.2146,17.2667,17.3041,17.3393,17.3767,17.425,17.4695,17.4939,17.5182,17.5627,17.611,17.6522,17.7005,17.745,17.7693,17.7899,17.8214,17.855,17.8865,17.9071,17.9276,17.9591,17.9928,18.028,18.0654,18.1174,18.1825,18.2514,18.3203,18.3892,18.458,18.5269,18.5958,18.6646,18.7335,18.8024,18.8712,18.9363,18.9884,19.0295,19.0816,19.1467,19.2193,19.3088,19.4259,19.5562,19.6771,19.7796,19.8631,19.9248,19.9937,20.0697,20.1277,20.1797,20.228,20.2692,20.3212,20.3863,20.4552,20.5241,20.5929,20.6618,20.7307,20.8033,20.889,20.9856,21.0712,21.1439,21.2127,21.2816,21.3467,21.3988,21.4399,21.4853,21.5289,21.5653,21.6089,21.6524,21.6851,21.7155,21.7444,21.7748,21.8074,21.8508,21.8943,21.9306,21.9778,22.0342,22.0814,22.1138,22.1441,22.1728,22.2031,22.2317,22.2619,22.2943,22.3375,22.3808,22.413,22.4431,22.4716,22.4979,22.5133,22.5324,22.5717,22.6147,22.6543,22.7141,22.7847,22.8335,22.867,22.8989,22.9455,23.005,23.072,23.1521,23.243,23.3267,23.4142,23.5218,23.6293,23.7166,23.8001,23.8907,23.9703,24.0406,24.1239,24.2349,24.3589,24.4697,24.5528,24.619,24.6814,24.7475,24.8266,24.9166,24.9994,25.0821,25.1719,25.2507,25.3164,25.382,25.4607,25.5502,25.6325,25.7148,25.8042,25.8863,25.9684,26.0576,26.1359,26.2048,26.283,26.372,26.4538,26.5356,26.6246,26.7063,26.7918,26.8974,27.0031,27.0884,27.1701,27.2588,27.3404,27.4258,27.5314,27.6369,27.7185,27.7833,27.8444,27.9055,27.9666,28.0277,28.0889,28.1501,28.2114,28.2689,28.3135,28.3472,28.3919,28.4497,28.5114,28.5769,28.6555,28.7527,28.8727,29.0314,29.2071,29.372,29.518,29.6349,29.7329,29.8164,29.9038,30.0116,30.1195,30.2036,30.2711,30.335,30.3991,30.4634,30.5278,30.5925,30.6574,30.7225,30.7877,30.8532,30.9189,30.9849,31.051,31.1174,31.184,31.2508,31.3179,31.389,31.4733,31.5688,31.6462,31.677,31.6527,31.6118

Position pixel : 22.6126,22.6403,22.6571,22.6608,22.6571,22.6403,22.6126,22.5957,22.5882,22.5677,22.5231,22.4748,22.4374,22.4022,22.3686,22.3371,22.3165,22.2959,22.2645,22.2271,22.1788,22.1305,22.0931,22.0579,22.0242,21.9927,21.9722,21.9478,21.9033,21.855,21.8139,21.7656,21.721,21.6967,21.6761,21.6484,21.6278,21.6073,21.5758,21.5421,21.5107,21.4901,21.4695,21.438,21.4044,21.3729,21.3561,21.3524,21.3524,21.3524,21.3524,21.3524,21.3524,21.3524,21.3524,21.3524,21.3524,21.3524,21.3524,21.3524,21.3486,21.3318,21.3041,21.2872,21.2835,21.2835,21.2835,21.2835,21.2797,21.2629,21.2352,21.2184,21.2146,21.2146,21.2146,21.2109,21.1941,21.1626,21.1289,21.0975,21.0769,21.0563,21.0286,21.008,20.9874,20.9597,20.9429,20.9354,20.9186,20.8909,20.874,20.8665,20.8497,20.822,20.8052,20.8014,20.8014,20.8014,20.8014,20.8014,20.8014,20.8014,20.8014,20.8014,20.8014,20.8014,20.8014,20.8014,20.8014,20.8052,20.822,20.8535,20.8909,20.9429,21.008,21.0731,21.1252,21.1663,21.2146,21.2629,21.3041,21.3561,21.4212,21.4863,21.5384,21.5758,21.611,21.6446,21.6799,21.7135,21.745,21.7656,21.7899,21.8382,21.9033,21.9684,22.0205,22.0579,22.0931,22.1305,22.1788,22.2271,22.2645,22.2997,22.3371,22.3929,22.4748,22.5714,22.6571,22.7297,22.7948,22.8469,22.8843,22.9195,22.9569,23.0089,23.0741,23.1429,23.2118,23.2807,23.3458,23.3941,23.4146,23.4184,23.4184,23.4184,23.4184,23.4184,23.4184,23.4184,23.4146,23.3978,23.3701,23.3495,23.329,23.3012,23.2807,23.2601,23.2324,23.2118,23.1912,23.1635,23.1467,23.1392,23.1224,23.0946,23.0778,23.0741,23.0741,23.0741,23.0741,23.0741,23.0741,23.0741,23.0741,23.0741,23.0741,23.0741,23.0778,23.0946,23.1261,23.1597,23.195,23.2286,23.2601,23.2807,23.305,23.3495,23.3978,23.4352,23.4704,23.5078,23.5599,23.625,23.6901,23.7422,23.7871,23.8559,23.9488,24.0307,24.0865,24.1276,24.1759,24.2242,24.2654,24.3174,24.3788,24.4308,24.472,24.5203,24.5686,24.6097,24.6618,24.7231,24.7752,24.8163,24.8646,24.9129,24.9503,24.9818,24.9986,25.0024,25.0024,25.0024,25.0024,24.9986,24.9818,24.9503,24.9167,24.8814,24.8441,24.792,24.7269,24.658,24.5892,24.5165,24.4271,24.3137,24.2003,24.1108,24.0382,23.9693,23.9005,23.8316,23.7627,23.6939,23.625,23.5561,23.491,23.439,23.4016,23.3701,23.3533,23.3495,23.3495,23.3495,23.3533,23.3701,23.3978,23.4184,23.439,23.4667,23.4873,23.5078,23.5393,23.5729,23.6082,23.6456,23.6976,23.7627,23.8316,23.9005,23.9693,24.0345,24.0865,24.1276,24.1759,24.2205,24.2448,24.2654,24.2969,24.3342,24.3825,24.4271,24.4514,24.472,24.4997,24.5165,24.5203,24.5203,24.5203,24.5203,24.5165,24.4997,24.472,24.4514,24.4308,24.3994,24.3639,24.3151,24.2531,24.1875,24.1256,24.0767,24.0426,24.0106,23.9764,23.9276,23.8658,23.804,23.7552,23.7173,23.6686,23.6068,23.5413,23.4795,23.4308,23.393,23.3443,23.2789,23.1928,23.0828,22.9729,22.8869,22.8177,22.7523,22.687,22.6254,22.5768,22.5393,22.4908,22.4218,22.3229,22.1984,22.0828,21.9786,21.876,21.7626,21.6492,21.543,21.4296,21.3163,21.2139,21.1175,21.0357,20.9708,20.9227,20.8856,20.8376,20.7803,20.7324,20.6954,20.6476,20.5904,20.5426,20.5095,20.4787,20.4419,20.3774,20.2928,20.2284,20.1918,20.1611,20.1321,20.1052,20.0931,20.094,20.0988,20.1036,20.1084,20.1132,20.1181,20.1231,20.128,20.1293,20.1175,20.0948,20.0831,20.0844,20.0858,20.0741,20.0516,20.04,20.0415,20.0467,20.0482,20.0367,20.0142,20.0027,20.0005,19.989,19.9666,19.955,19.9566,19.9581,19.9466,19.9241,19.9126,19.914,19.9192,19.9244,19.9295,19.9309,19.9191,19.8964,19.8846,19.8858,19.8907,19.8992,19.9208,19.957,19.9952,20.035,20.0731,20.1127,20.1507,20.1863,20.2073,20.2151,20.219,20.2228,20.2265,20.2301,20.2335,20.2369,20.2401,20.2432,20.2462,20.2491,20.2518,20.2543,20.2568,20.259,20.2612,20.2632,20.265,20.2667,20.2682,20.2696,20.2708,20.2719,20.2728,20.2735,20.2778,20.2988,20.3436,20.3882

Brightness max : 416.76
Brightness min : 226.00
Feature direction : Ambiguous
Feature speed : Slow
Feature type : Curve
Start frame : 1
End frame : 74
Start time (s) : 0.000
End time (s) : 602.899999978
Time step (s) : 8.147297297

