KYMOANALYSIS DATA

General Information :

Tiff path : E:\Google Drive\microtubule dynamics and cut7\19-15 screens and tests\gtb1-K5A\19-11-13(gtb1-K5A, cut11-7, cut73-GFP and MTs)\
Spindle type : Monopolar
Start frame : 1
End frame : 98
Start time (s) : 0.000
End time (s) : 803.710000002
Time step (s) : 8.201122449
Num poles : 1
Num tracks : 1
Num tracks poleward : 0
Num tracks antipoleward : 0
Num tracks ambiguous : 1
Comments : {

}
Poles Information :


Pole number : 1

Time (s) : 8.201122449,16.4837640551,24.7664056613,33.0490472674,41.3316888736,49.6143304797,57.8969720859,66.179613692,74.4622552981,82.7452249492,91.0275385104,99.3098520717,107.592985745,115.875299306,124.15843298,132.440746541,140.723060102,149.006193776,157.288507337,165.571641011,173.853954572,182.136268133,190.419401807,198.701715368,206.984849041,215.267162603,223.549476164,231.832609837,240.114923399,248.398057072,256.680370633,264.962684195,273.245817868,281.528131429,289.811265103,298.093578664,306.375892225,314.659025899,322.94133946,331.224473133,339.506786695,347.789100256,356.072233929,364.354547491,372.637681164,380.919994725,389.202308287,397.48544196,405.767755521,414.050889195,422.333202756,430.615516317,438.898649991,447.180963552,455.464097226,463.746410787,472.028724348,480.311858022,488.594171583,496.877305256,505.159618818,513.441932379,521.725066052,530.007379614,538.290513287,546.572826848,554.85514041,563.138274083,571.420587644,579.703721318,587.986034879,596.26834844,604.551482114,612.833795675,621.116929348,629.39924291,637.681556471,645.964690144,654.247003706,662.530137379,670.81245094,679.094764502,687.377898175,695.660211736,703.94334541,712.225658971,720.507972532,728.791106206,737.073419767,745.356553441,753.638867002,761.921180563,770.204314237,778.486627798,786.769761471,795.052075033,803.334388594

Position (um) : 1.3543,1.3543,1.3543,1.3543,1.3543,1.3543,1.3543,1.3543,1.3543,1.3543,1.3543,1.3543,1.3543,1.3543,1.3543,1.3543,1.3543,1.3543,1.3543,1.3543,1.3543,1.3543,1.3543,1.3543,1.3543,1.3543,1.3543,1.3543,1.3543,1.3543,1.3543,1.3543,1.3543,1.3543,1.3543,1.3543,1.3543,1.3543,1.3543,1.3543,1.3543,1.3543,1.3543,1.3543,1.3543,1.3543,1.3543,1.3543,1.3543,1.3543,1.3543,1.3543,1.3543,1.3543,1.3543,1.3543,1.3543,1.3543,1.3543,1.3543,1.3543,1.3543,1.3543,1.3543,1.3543,1.3543,1.3543,1.3543,1.3543,1.3543,1.3543,1.3543,1.3543,1.3543,1.3543,1.3543,1.3543,1.3543,1.3543,1.3543,1.3543,1.3543,1.3543,1.3543,1.3543,1.3543,1.3543,1.3543,1.3543,1.3543,1.3543,1.3543,1.3543,1.3543,1.3543,1.3543,1.3543

Intensity : 1038.2443,1051.8408,1057.5071,1034.8877,973.66518,911.57268,876.64378,900.27206,925.84841,980.60236,992.40374,1042.106,1060.1628,1077.503,1061.5607,1047.2617,1007.1513,975.91758,980.98874,1034.5615,1082.8111,1096.0718,1078.7926,1041.1348,986.41133,970.22332,963.21902,972.05869,966.35502,976.24657,983.58709,965.64339,947.561,930.86676,928.05477,919.75104,906.55409,886.91335,880.85537,891.75345,922.85717,960.392,994.47684,999.53118,984.75762,969.57302,961.20804,951.77152,931.00109,917.58033,914.70743,901.48374,899.09255,901.42033,901.89022,892.16405,867.5911,846.05926,818.53523,824.01559,850.60517,865.90695,846.31506,828.80105,810.31712,795.34457,761.61425,723.79927,702.89688,711.28029,718.9832,702.00977,670.84349,658.37705,642.29917,627.86574,616.11082,603.35708,597.92003,587.57029,588.16633,577.42377,559.75803,546.23221,536.56409,544.30617,560.0747,566.45487,542.52459,517.57409,537.56049,576.00587,605.31326,610.96914,589.17208,569.31601,539.90199

Time pixel : 1,2.00994,3.01988,4.02982,5.03976,6.0497,7.05964,8.06958,9.07952,10.0895,11.0994,12.1093,13.1193,14.1292,15.1392,16.1491,17.159,18.169,19.1789,20.1889,21.1988,22.2087,23.2187,24.2286,25.2386,26.2485,27.2584,28.2684,29.2783,30.2883,31.2982,32.3081,33.3181,34.328,35.338,36.3479,37.3578,38.3678,39.3777,40.3877,41.3976,42.4075,43.4175,44.4274,45.4374,46.4473,47.4572,48.4672,49.4771,50.4871,51.497,52.5069,53.5169,54.5268,55.5368,56.5467,57.5566,58.5666,59.5765,60.5865,61.5964,62.6063,63.6163,64.6262,65.6362,66.6461,67.656,68.666,69.6759,70.6859,71.6958,72.7057,73.7157,74.7256,75.7356,76.7455,77.7554,78.7654,79.7753,80.7853,81.7952,82.8051,83.8151,84.825,85.835,86.8449,87.8548,88.8648,89.8747,90.8847,91.8946,92.9045,93.9145,94.9244,95.9344,96.9443,97.9542

Position pixel : 12.6929,12.6929,12.6929,12.6929,12.6929,12.6929,12.6929,12.6929,12.6929,12.6929,12.6929,12.6929,12.6929,12.6929,12.6929,12.6929,12.6929,12.6929,12.6929,12.6929,12.6929,12.6929,12.6929,12.6929,12.6929,12.6929,12.6929,12.6929,12.6929,12.6929,12.6929,12.6929,12.6929,12.6929,12.6929,12.6929,12.6929,12.6929,12.6929,12.6929,12.6929,12.6929,12.6929,12.6929,12.6929,12.6929,12.6929,12.6929,12.6929,12.6929,12.6929,12.6929,12.6929,12.6929,12.6929,12.6929,12.6929,12.6929,12.6929,12.6929,12.6929,12.6929,12.6929,12.6929,12.6929,12.6929,12.6929,12.6929,12.6929,12.6929,12.6929,12.6929,12.6929,12.6929,12.6929,12.6929,12.6929,12.6929,12.6929,12.6929,12.6929,12.6929,12.6929,12.6929,12.6929,12.6929,12.6929,12.6929,12.6929,12.6929,12.6929,12.6929,12.6929,12.6929,12.6929,12.6929,12.6929

Pole type : Line
Start frame : 1
End frame : 98
Start time (s) : 0.000
End time (s) : 803.710000002
Time step (s) : 8.201122449

Feature Information :


Feature number : 1

Time (s) : 352.296437154,352.79916596,353.491340695,354.230261827,354.975743858,355.726966674,356.484750389,357.247454776,358.016720062,358.790906021,359.570832766,360.31385446,360.919917409,361.411984756,362.026248827,362.787312991,363.592663215,364.401293889,365.213205011,366.02757647,366.844408266,367.663700399,368.483812644,369.306385225,370.128957807,370.994176225,372.001274062,373.128108287,374.136026236,375.002064766,375.82545746,376.607844542,377.246711981,377.765843032,378.361244521,378.955825899,379.470856389,380.102342817,380.875708664,381.646614174,382.314185542,383.04408544,384.193062695,385.624978674,386.953560511,387.978700817,388.818495756,389.615644858,390.411153736,391.164016776,391.773360174,392.262967185,392.869850246,393.618612725,394.407560705,395.19486846,395.982176215,396.76948397,397.556791725,398.343279368,399.130587123,399.917894879,400.706022746,401.494970725,402.284738817,403.075327021,403.86755545,404.660603991,405.496298368,406.516518001,407.840999277,409.309820307,410.638402144,411.666002787,412.513178736,413.321809409,414.091074695,414.720920899,415.315502277,416.271753154,417.590493644,418.715687644,419.559583144,420.323927756,421.09237293,421.822272828,422.412753644,422.886778521,423.483000124,424.264567093,425.23147943,426.320588491,427.291601389,428.123195205,428.914603521,429.708472175,430.50316094,431.258484317,431.871928277,432.368096185,432.984000481,433.741784195,434.542213746,435.300817573,435.918362093,436.416170226,437.032894634,437.792318573,438.591928011,439.39153745,440.190326777,440.989116103,441.787085317,442.584234419,443.380563409,444.176892399,444.971581164,445.76626993,446.601144195,447.577077766,448.712113113,449.870111603,451.004326838,451.977800073,452.807753664,453.555696032,454.160118756,454.645625205,455.208222205,455.769999093,456.253865317,456.855827705,457.558663899,458.159806175,458.641212062,459.200528613,459.759845164,460.24043094,460.798927379,461.356603705,461.837189481,462.435051307,463.176432777,463.957179634,464.697740991,465.295602817,465.773728256,466.371590083,467.111331328,467.869935154,468.620337858,469.370740562,470.121963379,470.913371695,471.887665042,473.164579807,474.624379603,476.125185011,477.666996032,479.351506583,481.113927797,482.614733205,483.85474292,485.294860022,487.263949522,489.447088318,490.971676981,491.885282022,492.635684726,493.38608743,494.096304634,494.663002195,495.111603593,495.679121267,496.388518358,497.138921062,497.889323767,498.639726471,499.349123562,499.916641236,500.365242634,500.972945807,501.82504243,502.694361409,503.325847838,503.934371124,504.643768216,505.353165307,505.920682981,506.368464267,506.93598194,507.645379032,508.355596236,508.922293797,509.329889583,509.713702114,510.121297899,510.688815573,511.398212665,512.148615369,512.85801246,513.425530134,513.87331142,514.440829093,515.150226185,515.900628889,516.610846093,517.177543654,517.58513944,517.968951971,518.376547756,518.903059818,519.428751767,519.836347552,520.220160083,520.586750256,520.971382899,521.378158573,521.945676246,522.614067726,523.140579787

Position (um) : 1.989,1.9891,1.9892,1.9892,1.9892,1.9891,1.9891,1.9889,1.9888,1.9886,1.9884,1.9887,1.9908,1.9944,1.9964,1.9966,1.9962,1.9958,1.9954,1.9949,1.9945,1.994,1.9935,1.993,1.9925,1.992,1.992,1.9939,1.9973,1.9992,1.9992,1.9992,2.0011,2.0045,2.007,2.0094,2.0129,2.0148,2.0149,2.0149,2.0169,2.0204,2.0224,2.0225,2.0227,2.0247,2.0282,2.0303,2.0304,2.0306,2.0327,2.0363,2.0389,2.0415,2.0451,2.0472,2.048,2.0501,2.0543,2.0588,2.0629,2.065,2.0658,2.0679,2.0715,2.0736,2.0744,2.077,2.083,2.0895,2.095,2.1021,2.1104,2.1175,2.1224,2.1265,2.129,2.1315,2.1356,2.1408,2.1476,2.1539,2.1572,2.1601,2.1639,2.1668,2.1696,2.1739,2.1785,2.1834,2.188,2.1928,2.1974,2.2017,2.2044,2.2071,2.2108,2.2135,2.2162,2.2199,2.2221,2.2224,2.2222,2.2225,2.2246,2.2283,2.2304,2.2313,2.2334,2.2371,2.2393,2.2396,2.2394,2.2391,2.2389,2.2387,2.2385,2.2383,2.2381,2.2379,2.2377,2.2375,2.2373,2.2371,2.2369,2.2362,2.2336,2.2295,2.2264,2.2234,2.2193,2.2167,2.2155,2.2129,2.2088,2.2058,2.2027,2.1986,2.1955,2.1925,2.1879,2.183,2.1783,2.1758,2.1746,2.1721,2.168,2.1655,2.1643,2.1618,2.1579,2.1555,2.155,2.155,2.155,2.155,2.1545,2.1521,2.1481,2.1458,2.1452,2.1452,2.1452,2.1447,2.1423,2.1384,2.1355,2.1325,2.1286,2.1262,2.1252,2.1228,2.1183,2.1135,2.1091,2.1062,2.1033,2.0993,2.0964,2.0935,2.089,2.0837,2.0763,2.0676,2.0608,2.0579,2.0573,2.0568,2.0544,2.05,2.0452,2.0407,2.0378,2.0349,2.0304,2.0257,2.0212,2.0183,2.0148,2.0085,2.0017,1.9964,1.9914,1.9856,1.9758,1.9621,1.9476,1.9333,1.9212,1.9114,1.904,1.8982,1.8914,1.8845,1.8792,1.8742,1.8694,1.865,1.8626,1.8621,1.8621

Intensity : 274.7175,274.9122,275.9709,277.1182,278.2903,279.4878,280.7108,281.9597,283.2343,284.5348,285.8608,286.906,286.8585,285.7074,285.3947,286.0994,287.112,288.1417,289.1876,290.2486,291.3237,292.4119,293.512,294.6853,296.0066,297.3899,298.6881,299.1613,298.6312,298.7185,299.7436,300.7142,300.4774,298.7857,297.6741,296.5543,294.8322,294.0055,294.2556,294.499,293.6621,291.974,291.2963,291.8434,292.9459,292.6897,291.6037,291.6931,292.3128,292.8932,292.8012,292.1417,291.8716,291.7085,290.7713,290.2584,290.1393,289.5988,288.382,287.0365,285.7579,285.1324,284.9309,284.2813,283.765,284.3249,285.3324,285.7043,284.961,284.3016,284.4417,284.2252,283.3971,282.5987,282.1938,281.9959,282.2886,282.3388,282.0355,282.5373,283.1957,283.892,284.995,286.0325,286.8537,287.8017,288.4483,288.5102,288.7532,289.3233,290.3132,291.4839,290.3901,289.0917,288.1626,287.2394,286.0985,285.2041,284.371,283.3674,282.659,282.3005,282.0417,281.6843,280.9858,280.0055,279.3138,278.8516,278.0966,277.0203,276.274,275.9173,275.6711,275.4241,274.6033,273.4774,272.3506,271.2232,270.0348,268.6359,267.0007,265.3297,263.6923,262.4277,261.3622,260.5073,260.2012,260.3646,260.2472,260.146,260.3628,260.1359,259.525,259.3239,259.6089,259.6017,259.9613,260.5975,260.9616,261.3061,261.9834,262.6276,263.0934,263.1021,262.8704,262.9569,263.3793,263.4276,263.1353,263.2181,263.717,263.9515,263.8751,263.7011,263.4867,263.206,262.9703,263.0932,263.6001,263.8261,263.7571,263.6318,263.5283,262.7088,261.8064,260.9955,260.4648,260.4665,260.8724,260.8468,260.5256,260.602,261.2127,261.7508,262.0488,261.9425,261.8012,261.8188,261.6436,261.5856,261.8547,261.8053,261.6663,261.6424,261.6556,261.0438,259.8648,258.6816,258.0182,257.8523,257.4866,256.7814,255.8361,255.3083,255.243,255.4637,256.0034,255.8629,255.6188,256.034,256.6216,257.0233,257.5302,258.0272,259.231,261.2821,263.543,266.1311,268.4117,272.7515,275.9173,278.0251,280.6035,283.347,285.3087,287.1184,288.7508,290.1545,290.1761,289.0648,287.9841

Time pixel : 42.9571,43.0184,43.1028,43.1929,43.2838,43.3754,43.4678,43.5608,43.6546,43.749,43.8441,43.9347,44.0086,44.0686,44.1435,44.2363,44.3345,44.4331,44.5321,44.6314,44.731,44.8309,44.9309,45.0312,45.1315,45.237,45.3598,45.4972,45.6201,45.7257,45.8261,45.9215,45.9994,46.0627,46.1353,46.2078,46.2706,46.3476,46.4419,46.5359,46.6173,46.7063,46.8464,47.021,47.183,47.308,47.4104,47.5076,47.6046,47.6964,47.7707,47.8304,47.9044,47.9957,48.0919,48.1879,48.2839,48.3799,48.4759,48.5718,48.6678,48.7638,48.8599,48.9561,49.0524,49.1488,49.2454,49.3421,49.444,49.5684,49.7299,49.909,50.071,50.1963,50.2996,50.3982,50.492,50.5688,50.6413,50.7579,50.9187,51.0559,51.1588,51.252,51.3457,51.4347,51.5067,51.5645,51.6372,51.7325,51.8504,51.9832,52.1016,52.203,52.2995,52.3963,52.4932,52.5853,52.6601,52.7206,52.7957,52.8881,52.9857,53.0782,53.1535,53.2142,53.2894,53.382,53.4795,53.577,53.6744,53.7718,53.8691,53.9663,54.0634,54.1605,54.2574,54.3543,54.4561,54.5751,54.7135,54.8547,54.993,55.1117,55.2129,55.3041,55.3778,55.437,55.5056,55.5741,55.6331,55.7065,55.7922,55.8655,55.9242,55.9924,56.0606,56.1192,56.1873,56.2553,56.3139,56.3868,56.4772,56.5724,56.6627,56.7356,56.7939,56.8668,56.957,57.0495,57.141,57.2325,57.3241,57.4206,57.5394,57.6951,57.8731,58.0561,58.2441,58.4495,58.6644,58.8474,58.9986,59.1742,59.4143,59.6805,59.8664,59.9778,60.0693,60.1608,60.2474,60.3165,60.3712,60.4404,60.5269,60.6184,60.7099,60.8014,60.8879,60.9571,61.0118,61.0859,61.1898,61.2958,61.3728,61.447,61.5335,61.62,61.6892,61.7438,61.813,61.8995,61.9861,62.0552,62.1049,62.1517,62.2014,62.2706,62.3571,62.4486,62.5351,62.6043,62.6589,62.7281,62.8146,62.9061,62.9927,63.0618,63.1115,63.1583,63.208,63.2722,63.3363,63.386,63.4328,63.4775,63.5244,63.574,63.6432,63.7247,63.7889

Position pixel : 18.641,18.642,18.6427,18.643,18.6429,18.6424,18.6417,18.6405,18.6391,18.6373,18.6352,18.6378,18.6575,18.6914,18.7106,18.7121,18.7085,18.7047,18.7007,18.6965,18.6922,18.6878,18.6832,18.6786,18.6739,18.6692,18.6694,18.6869,18.7189,18.7365,18.7367,18.7369,18.7545,18.7867,18.8095,18.8323,18.8647,18.8827,18.8834,18.8842,18.9025,18.9354,18.9539,18.9552,18.9565,18.9753,19.0087,19.0277,19.0295,19.0313,19.0505,19.0844,19.1088,19.1332,19.1672,19.1868,19.194,19.2136,19.2528,19.2948,19.3339,19.3536,19.3609,19.3805,19.4146,19.4341,19.4413,19.4657,19.522,19.5832,19.6347,19.7008,19.7791,19.8449,19.8912,19.9295,19.9532,19.9769,20.0149,20.0633,20.1272,20.1861,20.2179,20.2446,20.2807,20.3071,20.3334,20.374,20.4175,20.4629,20.5061,20.5513,20.5943,20.6344,20.6599,20.6853,20.7202,20.7455,20.7707,20.8054,20.8256,20.8284,20.8263,20.829,20.8492,20.8838,20.9039,20.9117,20.9318,20.9665,20.9867,20.9895,20.9874,20.9853,20.9833,20.9813,20.9793,20.9773,20.9754,20.9735,20.9716,20.9698,20.968,20.9663,20.9645,20.9579,20.9338,20.8954,20.8664,20.8375,20.7991,20.7752,20.7637,20.7398,20.7015,20.6727,20.6439,20.6056,20.5768,20.5481,20.5049,20.4588,20.4156,20.3918,20.3805,20.3568,20.3186,20.2949,20.2836,20.2609,20.224,20.2017,20.1967,20.1967,20.1967,20.1967,20.1917,20.1694,20.1325,20.1102,20.1052,20.1052,20.1052,20.1002,20.0779,20.041,20.0137,19.9863,19.9495,19.9272,19.9172,19.8948,19.853,19.8083,19.7665,19.7392,19.7118,19.675,19.6476,19.6203,19.5785,19.5288,19.4596,19.3781,19.3139,19.2866,19.2816,19.2766,19.2543,19.2124,19.1677,19.1259,19.0986,19.0713,19.0294,18.9847,18.9429,18.9156,18.8832,18.8241,18.7599,18.7102,18.6634,18.6087,18.5172,18.3889,18.2527,18.1193,18.0055,17.9139,17.8448,17.7901,17.7259,17.6618,17.6121,17.5653,17.5206,17.4787,17.4564,17.4514,17.4514

Brightness max : 451.00
Brightness min : 226.00
Feature direction : Ambiguous
Feature speed : Slow
Feature type : Curve
Start frame : 1
End frame : 98
Start time (s) : 0.000
End time (s) : 803.710000002
Time step (s) : 8.201122449

