KYMOANALYSIS DATA

General Information :

Tiff path : E:\Google Drive\microtubule dynamics and cut7\21-15 screens and tests\cut11-7\21-07-12&22 (cut11-7, cut7-3GFP, Klp5D, mts)\
Spindle type : Monopolar
Start frame : 1
End frame : 81
Start time (s) : 0.000
End time (s) : 674.000
Time step (s) : 8.425
Num poles : 1
Num tracks : 1
Num tracks poleward : 0
Num tracks antipoleward : 0
Num tracks ambiguous : 1
Comments : {

}
Poles Information :


Pole number : 1

Time (s) : 8.425,16.95276,25.48051,34.00827,42.53603,51.06378,59.59154,68.1193,76.64706,85.17481,93.70257,102.2303,110.7581,119.2858,127.8136,136.3414,144.8691,153.3969,161.9246,170.4524,178.9801,187.5079,196.0357,204.5634,213.0912,221.6189,230.1467,238.6744,247.2022,255.73,264.2577,272.7855,281.3132,289.841,298.3687,306.8965,315.4242,323.952,332.4798,341.0075,349.5353,358.063,366.5908,375.1185,383.6463,392.1741,400.7018,409.2296,417.7573,426.2851,434.8128,443.3406,451.8684,460.3961,468.9239,477.4516,485.9794,494.5071,503.0349,511.5627,520.0904,528.6182,537.1459,545.6737,554.2014,562.7292,571.257,579.7847,588.3125,596.8402,605.368,613.8957,622.4235,630.9513,639.479,648.0068,656.5345,665.0623,673.59,682.1178

Position (um) : 1.1409,1.1424,1.144,1.1456,1.1472,1.1488,1.1503,1.1519,1.1535,1.1551,1.1566,1.1582,1.1598,1.1614,1.1629,1.1645,1.1661,1.1677,1.1692,1.1708,1.1724,1.174,1.1755,1.1771,1.1787,1.1803,1.1818,1.1834,1.185,1.1866,1.1882,1.1897,1.1913,1.1929,1.1945,1.196,1.1976,1.1992,1.2008,1.2023,1.2039,1.2055,1.2071,1.2086,1.2102,1.2118,1.2134,1.2149,1.2165,1.2181,1.2197,1.2212,1.2228,1.2244,1.226,1.2275,1.2291,1.2307,1.2323,1.2339,1.2354,1.237,1.2386,1.2402,1.2417,1.2433,1.2449,1.2465,1.248,1.2496,1.2512,1.2528,1.2543,1.2559,1.2575,1.2591,1.2606,1.2622,1.2638,1.2654

Intensity : 1292.0036,1196.6626,1184.6883,1223.0524,1155.5741,1113.3582,1011.1729,1128.917,1191.4433,1252.4464,1180.8463,1144.4074,1192.6574,1181.5509,1189.3884,1213.6509,1227.6878,1203.315,1144.737,1161.6434,1252.3208,1189.4462,1190.9872,1184.2111,1138.5911,1167.1929,1107.4579,1090.8336,1192.0831,1180.3662,1222.8289,1306.1355,1211.8799,1155.1435,1171.5375,1164.6628,1161.3582,1161.8841,1101.1257,1090.0574,1029.699,937.80466,942.07404,967.69937,980.55306,979.52169,1028.7164,1060.5506,1083.3129,1064.0356,1005.0129,1010.2013,961.40069,920.08796,954.13273,949.36339,930.61108,878.01747,922.26166,969.42901,938.0639,925.14539,936.32078,973.20162,1084.977,1049.462,1105.8957,1011.7511,1042.0521,1029.3283,1050.3074,1105.7348,1043.181,1011.4443,1068.1346,1086.5064,1133.2526,1173.2498,1122.4749,1015.3436

Time pixel : 1,2.0122,3.02439,4.03659,5.04879,6.06098,7.07318,8.08538,9.09757,10.1098,11.122,12.1342,13.1464,14.1586,15.1708,16.183,17.1951,18.2073,19.2195,20.2317,21.2439,22.2561,23.2683,24.2805,25.2927,26.3049,27.3171,28.3293,29.3415,30.3537,31.3659,32.3781,33.3903,34.4025,35.4147,36.4269,37.4391,38.4513,39.4635,40.4757,41.4879,42.5001,43.5123,44.5245,45.5367,46.5489,47.561,48.5732,49.5854,50.5976,51.6098,52.622,53.6342,54.6464,55.6586,56.6708,57.683,58.6952,59.7074,60.7196,61.7318,62.744,63.7562,64.7684,65.7806,66.7928,67.805,68.8172,69.8294,70.8416,71.8538,72.866,73.8782,74.8904,75.9026,76.9148,77.9269,78.9391,79.9513,80.9635

Position pixel : 10.6923,10.7071,10.7219,10.7367,10.7514,10.7662,10.781,10.7957,10.8105,10.8253,10.84,10.8548,10.8696,10.8844,10.8991,10.9139,10.9287,10.9434,10.9582,10.973,10.9877,11.0025,11.0173,11.032,11.0468,11.0616,11.0764,11.0911,11.1059,11.1207,11.1354,11.1502,11.165,11.1797,11.1945,11.2093,11.2241,11.2388,11.2536,11.2684,11.2831,11.2979,11.3127,11.3274,11.3422,11.357,11.3718,11.3865,11.4013,11.4161,11.4308,11.4456,11.4604,11.4751,11.4899,11.5047,11.5195,11.5342,11.549,11.5638,11.5785,11.5933,11.6081,11.6228,11.6376,11.6524,11.6672,11.6819,11.6967,11.7115,11.7262,11.741,11.7558,11.7705,11.7853,11.8001,11.8149,11.8296,11.8444,11.8592

Pole type : Line
Start frame : 1
End frame : 81
Start time (s) : 0.000
End time (s) : 674.000
Time step (s) : 8.425

Feature Information :


Feature number : 1

Time (s) : 151.8589,153.9068,157.0587,159.0427,159.6918,159.8753,160.0588,160.3062,160.4897,160.6732,160.9541,161.2542,161.5685,161.902,162.3664,162.9473,163.5283,163.9926,164.3262,164.6405,164.9741,165.4384,165.9859,166.4502,166.7838,167.0981,167.4317,167.896,168.477,169.0914,169.7058,170.3536,171.1181,171.9799,172.7443,173.3922,174.0401,174.838,175.8498,176.8616,177.6595,178.2739,178.7383,179.1053,179.6032,180.3341,181.1959,181.9603,182.6082,183.2226,183.8705,184.635,185.4967,186.2612,186.909,187.5235,188.1379,188.7857,189.5502,190.4119,191.2099,192.0078,192.8696,193.6675,194.4654,195.3272,196.1251,196.9565,198.0018,199.1971,200.5598,202.3553,204.3901,205.7881,206.5699,207.1843,207.7987,208.3797,208.844,209.2111,209.6754,210.3233,211.2378,212.3135,213.0779,213.5119,213.9428,214.3737,214.7072,215.0215,215.3216,215.6359,215.9695,216.4339,217.0148,217.6292,218.2436,218.858,219.4724,220.0533,220.5177,220.8512,221.1656,221.4656,221.78,222.0801,222.3944,222.7279,223.1923,223.7397,224.2041,224.5711,225.002,225.4329,225.7999,226.2978,227.0288,227.924,228.872,229.9173,230.9291,231.7939,232.7419,233.918,235.233,236.9596,239.1333,241.3739,243.3672,245.0938,246.6227,248.0158,249.2638,250.4064,251.1709,251.6049,252.0358,252.4666,252.8002,253.1145,253.4146,253.6954,253.879,254.0625,254.3433,254.6434,254.9577,255.2578,255.6391,256.2727,257.2653,258.3633,259.6591,261.2853,263.0281,264.4708,265.3021,265.7027,266.017,266.4175,267.2154,268.4746,269.82,271.0488,272.0606,272.675,272.9255,273.1424,273.5733,274.1208,274.5851,274.9522,275.4165,275.9975,276.6119,277.2263,277.8407,278.4216,278.8525

Position (um) : 0.57596,0.55464,0.51785,0.49149,0.47947,0.47169,0.46391,0.45613,0.44834,0.44056,0.43321,0.42732,0.4231,0.41912,0.4149,0.40944,0.40398,0.39976,0.39578,0.39198,0.38799,0.38419,0.38021,0.37641,0.37243,0.36863,0.36465,0.36085,0.35729,0.35497,0.35265,0.34951,0.34761,0.34676,0.34486,0.34173,0.33983,0.33941,0.33983,0.34173,0.34486,0.34719,0.34951,0.35265,0.35455,0.35497,0.35497,0.35497,0.35497,0.35497,0.35497,0.35497,0.35497,0.35497,0.35497,0.35497,0.35497,0.35497,0.35497,0.35497,0.35497,0.35455,0.35265,0.34909,0.34529,0.34173,0.33983,0.33941,0.33941,0.33941,0.33983,0.34216,0.34719,0.35265,0.35687,0.36085,0.36465,0.36863,0.37243,0.37599,0.37789,0.37874,0.38064,0.38419,0.38799,0.39155,0.39388,0.3962,0.39976,0.40356,0.40754,0.41134,0.4149,0.4168,0.41722,0.41722,0.41722,0.41722,0.41722,0.4168,0.4149,0.41134,0.40754,0.40356,0.39976,0.39578,0.39198,0.38799,0.38419,0.38021,0.37641,0.37286,0.37053,0.36821,0.36465,0.36043,0.35497,0.34951,0.34486,0.33941,0.33395,0.3293,0.32384,0.31839,0.31374,0.30786,0.30093,0.29504,0.29082,0.28726,0.28536,0.28494,0.28494,0.28536,0.28726,0.2904,0.29272,0.29504,0.2986,0.30283,0.30871,0.31606,0.32342,0.3293,0.33353,0.33751,0.34173,0.34761,0.35539,0.36507,0.37641,0.38799,0.40018,0.41366,0.42813,0.43972,0.44792,0.4538,0.45887,0.46708,0.47989,0.49503,0.51017,0.52298,0.53119,0.53626,0.54172,0.5476,0.55415,0.56316,0.57242,0.5802,0.58566,0.58798,0.58841,0.58883,0.59073,0.59386,0.59576

Intensity : 368.3575,355.3551,341.038,338.4169,336.9221,335.449,334.0012,332.4484,330.7529,329.0225,327.4646,326.2551,325.7387,325.2987,324.8944,324.2993,323.6407,323.0972,322.4826,321.8686,321.2022,320.6176,319.9968,319.3375,318.547,317.766,316.9237,316.1371,315.4059,314.4135,313.474,312.4272,311.6604,311.0961,310.4679,309.8098,309.3896,309.1232,308.8659,308.6298,307.5037,306.6063,305.9766,305.5637,304.9086,303.8285,302.5261,301.3709,300.3918,299.4633,298.4842,297.329,296.7119,299.1268,301.1734,303.1143,305.0552,307.1018,309.5167,312.239,314.7596,317.2034,319.5638,321.3713,320.5227,319.366,318.6033,318.088,317.5256,316.8824,316.1878,314.939,308.7005,304.6936,302.6215,301.0983,299.5934,298.248,297.271,296.5848,295.4237,293.5944,294.1852,296.9392,299.2017,300.7877,302.187,303.622,305.1156,306.6558,308.2416,309.8668,311.5302,313.2004,314.8557,316.5012,318.1466,319.7921,321.0763,322.0181,322.3437,321.9837,321.5322,321.0157,320.5855,320.0902,319.6813,319.2727,319.1812,319.2235,319.1651,318.9882,319.2669,319.5545,319.4104,319.383,319.5597,317.846,314.0758,310.0954,306.4678,303.5738,300.5739,297.365,294.2546,294.06,296.3465,298.3008,299.8073,299.6754,298.3683,297.4091,296.6213,295.987,295.9021,296.292,296.5241,296.7651,297.4254,298.6842,300.2225,301.9791,304.2195,306.5739,308.2553,309.7577,311.2474,313.1816,315.5326,317.9715,319.8463,320.6719,320.1073,317.574,315.7825,314.0688,313.3204,313.1561,313.0915,313.198,313.2308,313.0794,313.417,315.1274,316.3116,317.5562,319.2665,321.1177,323.2854,326.3285,329.4881,332.1878,334.2567,335.4283,336.0137,336.6038,337.708,338.8459,339.4025

Time pixel : 18.0248,18.2679,18.642,18.8775,18.9545,18.9763,18.9981,19.0274,19.0492,19.071,19.1043,19.14,19.1773,19.2169,19.272,19.3409,19.4099,19.465,19.5046,19.5419,19.5815,19.6366,19.7016,19.7567,19.7963,19.8336,19.8732,19.9283,19.9973,20.0702,20.1431,20.22,20.3108,20.413,20.5038,20.5807,20.6576,20.7523,20.8724,20.9925,21.0872,21.1601,21.2152,21.2588,21.3179,21.4046,21.5069,21.5977,21.6746,21.7475,21.8244,21.9151,22.0174,22.1082,22.1851,22.258,22.3309,22.4078,22.4985,22.6008,22.6955,22.7902,22.8925,22.9872,23.0819,23.1842,23.2789,23.3776,23.5017,23.6436,23.8053,24.0184,24.2599,24.4259,24.5187,24.5916,24.6645,24.7335,24.7886,24.8322,24.8873,24.9642,25.0727,25.2004,25.2911,25.3427,25.3938,25.4449,25.4845,25.5218,25.5575,25.5948,25.6344,25.6895,25.7584,25.8314,25.9043,25.9772,26.0501,26.1191,26.1742,26.2138,26.2511,26.2867,26.324,26.3597,26.397,26.4365,26.4917,26.5566,26.6118,26.6553,26.7065,26.7576,26.8012,26.8603,26.947,27.0533,27.1658,27.2899,27.41,27.5126,27.6252,27.7647,27.9208,28.1258,28.3838,28.6497,28.8863,29.0913,29.2727,29.4381,29.5862,29.7218,29.8126,29.8641,29.9152,29.9664,30.006,30.0433,30.0789,30.1122,30.134,30.1558,30.1891,30.2247,30.262,30.2977,30.3429,30.4181,30.5359,30.6663,30.8201,31.0131,31.2199,31.3912,31.4899,31.5374,31.5747,31.6223,31.717,31.8664,32.0261,32.172,32.2921,32.365,32.3947,32.4205,32.4716,32.5366,32.5917,32.6353,32.6904,32.7593,32.8323,32.9052,32.9781,33.0471,33.0982

Position pixel : 5.3979,5.1981,4.8533,4.6063,4.4936,4.4207,4.3478,4.2748,4.2019,4.129,4.06,4.0049,3.9653,3.928,3.8884,3.8373,3.7861,3.7465,3.7092,3.6736,3.6363,3.6007,3.5634,3.5278,3.4905,3.4548,3.4175,3.3819,3.3486,3.3268,3.305,3.2757,3.2578,3.2499,3.2321,3.2027,3.1849,3.1809,3.1849,3.2027,3.2321,3.2539,3.2757,3.305,3.3228,3.3268,3.3268,3.3268,3.3268,3.3268,3.3268,3.3268,3.3268,3.3268,3.3268,3.3268,3.3268,3.3268,3.3268,3.3268,3.3268,3.3228,3.305,3.2717,3.2361,3.2027,3.1849,3.1809,3.1809,3.1809,3.1849,3.2067,3.2539,3.305,3.3446,3.3819,3.4175,3.4548,3.4905,3.5238,3.5416,3.5496,3.5674,3.6007,3.6363,3.6696,3.6914,3.7132,3.7465,3.7822,3.8195,3.8551,3.8884,3.9062,3.9102,3.9102,3.9102,3.9102,3.9102,3.9062,3.8884,3.8551,3.8195,3.7822,3.7465,3.7092,3.6736,3.6363,3.6007,3.5634,3.5278,3.4944,3.4727,3.4509,3.4175,3.3779,3.3268,3.2757,3.2321,3.1809,3.1298,3.0862,3.0351,2.984,2.9404,2.8853,2.8203,2.7652,2.7256,2.6922,2.6744,2.6705,2.6705,2.6744,2.6922,2.7216,2.7434,2.7652,2.7985,2.8381,2.8932,2.9622,3.0311,3.0862,3.1258,3.1631,3.2027,3.2578,3.3308,3.4215,3.5278,3.6363,3.7505,3.8769,4.0125,4.121,4.1979,4.2531,4.3006,4.3775,4.4976,4.6395,4.7813,4.9014,4.9783,5.0259,5.077,5.1321,5.1935,5.278,5.3648,5.4377,5.4888,5.5106,5.5146,5.5186,5.5364,5.5657,5.5835

Brightness max : 498.43
Brightness min : 256.00
Feature direction : Ambiguous
Feature speed : Slow
Feature type : Curve
Start frame : 1
End frame : 81
Start time (s) : 0.000
End time (s) : 674.000
Time step (s) : 8.425

