KYMOANALYSIS DATA

General Information :

Tiff path : E:\Google Drive\microtubule dynamics and cut7\21-15 screens and tests\cut11-7\21-07-12&22 (cut11-7, cut7-3GFP, Klp5D, mts)\
Spindle type : Monopolar
Start frame : 1
End frame : 75
Start time (s) : 0.000
End time (s) : 622.000
Time step (s) : 8.405
Num poles : 1
Num tracks : 2
Num tracks poleward : 0
Num tracks antipoleward : 0
Num tracks ambiguous : 2
Comments : {

}
Poles Information :


Pole number : 1

Time (s) : 8.405405,16.92595,25.4465,33.96705,42.4876,51.00815,59.52869,68.04924,76.56979,85.09034,93.61088,102.1314,110.652,119.1725,127.6931,136.2136,144.7342,153.2547,161.7753,170.2958,178.8164,187.3369,195.8575,204.378,212.8986,221.4191,229.9397,238.4602,246.9807,255.5013,264.0218,272.5424,281.0629,289.5835,298.104,306.6246,315.1451,323.6657,332.1862,340.7068,349.2273,357.7479,366.2684,374.789,383.3095,391.8301,400.3506,408.8712,417.3917,425.9123,434.4328,442.9534,451.4739,459.9944,468.515,477.0355,485.5561,494.0766,502.5972,511.1177,519.6383,528.1588,536.6794,545.1999,553.7205,562.241,570.7616,579.2821,587.8027,596.3232,604.8438,613.3643,621.8849,630.4054

Position (um) : 1.3458,1.3455,1.3452,1.3449,1.3446,1.3443,1.344,1.3437,1.3434,1.3431,1.3429,1.3426,1.3423,1.342,1.3417,1.3414,1.3411,1.3408,1.3405,1.3402,1.3399,1.3396,1.3393,1.339,1.3387,1.3384,1.3381,1.3378,1.3375,1.3372,1.3369,1.3366,1.3363,1.336,1.3358,1.3355,1.3352,1.3349,1.3346,1.3343,1.334,1.3337,1.3334,1.3331,1.3328,1.3325,1.3322,1.3319,1.3316,1.3313,1.331,1.3307,1.3304,1.3301,1.3298,1.3295,1.3292,1.329,1.3287,1.3284,1.3281,1.3278,1.3275,1.3272,1.3269,1.3266,1.3263,1.326,1.3257,1.3254,1.3251,1.3248,1.3245,1.3242

Intensity : 664.8391,654.5534,666.1144,657.6394,658.8468,655.801,651.5853,664.3508,659.157,662.9821,649.2244,627.0848,611.1103,597.2051,599.2337,598.6011,607.6835,613.7181,625.3022,626.3845,622.3958,601.6783,585.5438,577.6074,586.8953,589.1582,592.3492,584.7036,584.1491,580.2096,574.4957,567.4621,558.1155,543.9465,532.0235,528.5999,532.0638,530.5502,522.4816,512.829,507.0653,503.8419,503.8292,506.4954,511.9748,526.0813,537.7986,547.8283,557.3218,556.8474,555.1675,556.8187,565.2491,570.4511,578.9877,606.4755,624.5666,636.9955,625.8024,621.0201,593.2101,585.5438,597.916,608.2829,620.5496,610.0991,632.4866,624.8863,625.2703,616.6715,621.4744,634.3032,656.7214,676.392

Time pixel : 1,2.0137,3.0274,4.0411,5.05479,6.06849,7.08219,8.09589,9.10959,10.1233,11.137,12.1507,13.1644,14.1781,15.1918,16.2055,17.2192,18.2329,19.2466,20.2603,21.274,22.2877,23.3014,24.3151,25.3288,26.3425,27.3562,28.3699,29.3836,30.3973,31.411,32.4247,33.4384,34.4521,35.4658,36.4795,37.4932,38.5068,39.5205,40.5342,41.5479,42.5616,43.5753,44.589,45.6027,46.6164,47.6301,48.6438,49.6575,50.6712,51.6849,52.6986,53.7123,54.726,55.7397,56.7534,57.7671,58.7808,59.7945,60.8082,61.8219,62.8356,63.8493,64.863,65.8767,66.8904,67.9041,68.9178,69.9315,70.9452,71.9589,72.9726,73.9863,75

Position pixel : 12.613,12.6103,12.6075,12.6047,12.6019,12.5992,12.5964,12.5936,12.5909,12.5881,12.5853,12.5825,12.5798,12.577,12.5742,12.5715,12.5687,12.5659,12.5631,12.5604,12.5576,12.5548,12.552,12.5493,12.5465,12.5437,12.541,12.5382,12.5354,12.5326,12.5299,12.5271,12.5243,12.5216,12.5188,12.516,12.5132,12.5105,12.5077,12.5049,12.5021,12.4994,12.4966,12.4938,12.4911,12.4883,12.4855,12.4827,12.48,12.4772,12.4744,12.4717,12.4689,12.4661,12.4633,12.4606,12.4578,12.455,12.4522,12.4495,12.4467,12.4439,12.4412,12.4384,12.4356,12.4328,12.4301,12.4273,12.4245,12.4218,12.419,12.4162,12.4134,12.4107

Pole type : Line
Start frame : 1
End frame : 75
Start time (s) : 0.000
End time (s) : 622.000
Time step (s) : 8.405

Feature Information :


Feature number : 1

Time (s) : 346.8217,347.2193,347.7555,348.3225,348.8895,349.4565,350.0235,350.5905,351.1266,351.5551,351.8938,352.3224,352.8585,353.3946,353.8231,354.1309,354.421,354.6979,354.9571,355.1265,355.2958,355.555,355.8628,356.2605,356.6581,356.9659,357.256,357.5329,357.823,358.0999,358.39,358.6669,358.9261,359.0955,359.2648,359.524,359.8318,360.2295,360.6271,360.9658,361.3944,361.9305,362.4975,363.0645,363.6315,364.1985,364.7346,365.1631,365.5018,365.9304,366.4356,366.8641,367.2028,367.6314,368.1675,368.7654,369.4708,370.2661,370.9716,371.5695,372.1365,372.7035,373.2705,373.8375,374.4354,375.1409,375.9361,376.6725,377.4089,378.2041,378.9096,379.5075,380.0745,380.6415,381.2085,381.7755,382.3425,382.9095,383.5074,384.2129,385.0082,385.7136,386.3115,386.8785,387.4455,388.0125,388.5795,389.1465,389.7135,390.2805,390.8166,391.2452,391.5839,392.0124,392.5485,393.1155,393.6516,394.0802,394.4189,394.8474,395.3835,395.9196,396.3482,396.6869,397.1154,397.6515,398.2185,398.7855,399.3216,399.7502,400.058,400.3481,400.6559,401.0844,401.6205,402.1566,402.5852,402.9239,403.3524,403.8885,404.4555,405.0225,405.5586,405.9872,406.295,406.5851,406.8929,407.3214,407.8267,408.2552,408.5939,408.9915,409.3892,409.697,409.9871,410.2949,410.6926,411.0902,411.398,411.6881,411.9959,412.3936,412.7912,413.099,413.3891,413.666,413.9561,414.2639,414.6616,415.0592,415.367,415.6571,415.934,416.2241,416.501,416.7911,417.068,417.3272

Position (um) : 0.79159,0.79159,0.79159,0.79159,0.7912,0.78944,0.78615,0.78264,0.77896,0.77544,0.77176,0.76785,0.7628,0.75776,0.75385,0.75017,0.74665,0.74297,0.73906,0.73401,0.72896,0.72466,0.71922,0.71242,0.70522,0.69802,0.69122,0.68578,0.68109,0.67389,0.66458,0.65738,0.65269,0.64764,0.64259,0.63829,0.63285,0.62605,0.61846,0.60989,0.60156,0.59511,0.58752,0.57781,0.56886,0.56127,0.55407,0.54687,0.53968,0.53287,0.52743,0.52313,0.51808,0.51304,0.50834,0.50115,0.49144,0.48249,0.47529,0.46985,0.46594,0.46226,0.45835,0.45291,0.4465,0.44106,0.43676,0.43171,0.42666,0.42236,0.41732,0.41266,0.41012,0.40797,0.40468,0.40116,0.39787,0.39612,0.39572,0.39572,0.39572,0.39612,0.39787,0.40116,0.40546,0.41227,0.42021,0.42588,0.42995,0.43386,0.4393,0.44571,0.45115,0.45545,0.46089,0.46731,0.47275,0.47666,0.48034,0.48425,0.48929,0.49434,0.49864,0.50369,0.50874,0.51304,0.51848,0.52489,0.53033,0.53424,0.53792,0.54143,0.54512,0.54902,0.55446,0.56127,0.56847,0.57566,0.58286,0.59006,0.59726,0.60446,0.61165,0.61846,0.6239,0.6282,0.63364,0.64005,0.64549,0.64979,0.65484,0.65989,0.66379,0.66748,0.67138,0.67643,0.68148,0.68539,0.68907,0.69258,0.69627,0.70017,0.70522,0.71027,0.71418,0.71786,0.72137,0.72466,0.72681,0.72896,0.73225,0.73577,0.73945,0.74297,0.74665,0.75017,0.75346,0.75521

Intensity : 311.1366,311.4204,311.8031,312.2078,312.5023,312.4129,311.8925,311.3089,310.6563,309.9738,309.1803,308.3875,307.351,306.3055,305.5093,304.698,303.9486,303.463,302.9251,302.1131,301.3031,300.6994,299.9243,298.9693,297.9485,296.865,295.8443,295.0669,294.4393,293.3489,291.89,290.8092,290.1715,289.3981,288.6267,288.1784,287.7719,287.2739,286.6804,285.9191,285.2602,285.0736,284.7859,284.2273,283.7493,283.4307,283.1179,282.6797,282.1378,281.7685,281.8912,282.0101,281.9688,282.012,282.1833,282.2001,282.094,282.0273,281.9729,281.9902,282.1156,282.2642,282.3994,282.417,282.3895,282.5348,282.851,283.0688,283.299,283.76,283.3178,282.8862,282.5647,282.2616,281.9051,281.538,281.1814,280.8967,280.6649,280.4131,280.1293,279.8959,279.7648,279.6412,279.4503,279.3676,279.3273,279.1764,279.0271,278.8797,278.8459,278.9432,279.0351,278.9769,278.8962,278.8367,278.7285,278.6069,278.5398,278.4043,278.3965,278.489,278.5779,278.7408,278.8717,278.9222,279.0257,279.184,279.2985,279.3821,279.5621,279.7329,279.9079,280.0527,280.2711,280.5874,280.9678,281.3777,281.7451,282.0844,282.4017,282.7007,282.9943,283.2895,283.5314,283.6963,283.9243,284.1523,284.491,284.7451,285.1191,285.4599,285.6756,285.9095,286.1737,286.5457,286.8674,287.0661,287.2856,287.4949,287.7964,288.2536,288.8376,289.4165,289.878,290.3181,290.7471,291.1596,291.4695,291.7833,292.2091,292.6608,293.1328,293.5936,294.0748,294.8992,295.7038,296.1656

Time pixel : 41.2617,41.3091,41.3728,41.4403,41.5077,41.5752,41.6427,41.7101,41.7739,41.8249,41.8652,41.9162,41.9799,42.0437,42.0947,42.1313,42.1658,42.1988,42.2296,42.2498,42.2699,42.3008,42.3374,42.3847,42.432,42.4686,42.5031,42.5361,42.5706,42.6035,42.638,42.671,42.7018,42.722,42.7421,42.773,42.8096,42.8569,42.9042,42.9445,42.9955,43.0593,43.1267,43.1942,43.2616,43.3291,43.3929,43.4438,43.4841,43.5351,43.5952,43.6462,43.6865,43.7375,43.8013,43.8724,43.9563,44.051,44.1349,44.206,44.2735,44.3409,44.4084,44.4758,44.547,44.6309,44.7255,44.8131,44.9007,44.9953,45.0793,45.1504,45.2179,45.2853,45.3528,45.4202,45.4877,45.5552,45.6263,45.7102,45.8048,45.8888,45.9599,46.0273,46.0948,46.1623,46.2297,46.2972,46.3646,46.4321,46.4959,46.5469,46.5871,46.6381,46.7019,46.7694,46.8332,46.8841,46.9244,46.9754,47.0392,47.103,47.154,47.1943,47.2452,47.309,47.3765,47.4439,47.5077,47.5587,47.5953,47.6298,47.6665,47.7174,47.7812,47.845,47.896,47.9363,47.9873,48.051,48.1185,48.186,48.2497,48.3007,48.3373,48.3719,48.4085,48.4595,48.5196,48.5706,48.6109,48.6582,48.7055,48.7421,48.7766,48.8132,48.8605,48.9078,48.9445,48.979,49.0156,49.0629,49.1102,49.1468,49.1813,49.2143,49.2488,49.2854,49.3327,49.38,49.4167,49.4512,49.4841,49.5186,49.5516,49.5861,49.619,49.6499

Position pixel : 7.4189,7.4189,7.4189,7.4189,7.4152,7.3987,7.3679,7.3349,7.3004,7.2675,7.233,7.1964,7.149,7.1017,7.0651,7.0306,6.9977,6.9631,6.9265,6.8792,6.8319,6.7916,6.7406,6.6768,6.6094,6.5419,6.4782,6.4272,6.3832,6.3157,6.2285,6.161,6.117,6.0697,6.0224,5.9821,5.9311,5.8674,5.7962,5.716,5.6378,5.5774,5.5063,5.4153,5.3314,5.2603,5.1928,5.1253,5.0579,4.9941,4.9431,4.9028,4.8555,4.8082,4.7642,4.6968,4.6058,4.5219,4.4545,4.4035,4.3668,4.3323,4.2957,4.2447,4.1846,4.1336,4.0933,4.046,3.9987,3.9584,3.9111,3.8675,3.8437,3.8235,3.7927,3.7597,3.7289,3.7124,3.7088,3.7088,3.7088,3.7124,3.7289,3.7597,3.8,3.8638,3.9383,3.9914,4.0296,4.0662,4.1172,4.1773,4.2283,4.2686,4.3195,4.3796,4.4306,4.4672,4.5018,4.5384,4.5857,4.633,4.6733,4.7206,4.7679,4.8082,4.8592,4.9193,4.9703,5.0069,5.0414,5.0744,5.1089,5.1455,5.1965,5.2603,5.3277,5.3952,5.4626,5.5301,5.5975,5.665,5.7325,5.7962,5.8472,5.8875,5.9385,5.9986,6.0496,6.0899,6.1372,6.1845,6.2211,6.2556,6.2923,6.3396,6.3869,6.4235,6.458,6.4909,6.5255,6.5621,6.6094,6.6567,6.6933,6.7278,6.7608,6.7916,6.8118,6.8319,6.8627,6.8957,6.9302,6.9631,6.9977,7.0306,7.0614,7.0779

Brightness max : 435.67
Brightness min : 257.00
Feature direction : Ambiguous
Feature speed : Slow
Feature type : Curve
Start frame : 1
End frame : 75
Start time (s) : 0.000
End time (s) : 622.000
Time step (s) : 8.405

Feature number : 2

Time (s) : 15.69317,16.09081,16.62692,17.19392,17.76092,18.32792,18.86403,19.29257,19.63128,20.05982,20.56503,20.96267,21.16293,21.36318,21.72993,22.12757,22.43539,22.72547,23.00239,23.29247,23.56939,23.85947,24.13639,24.42647,24.70339,24.99347,25.30129,25.69893,26.09658,26.43529,26.83294,27.23058,27.5384,27.79758,27.96694,28.16719,28.56483,29.07004,29.49858,29.8373,30.26584,30.80194,31.36894,31.93594,32.53384,33.2393,34.03459,34.77095,35.50731,36.30259,37.00806,37.60595,38.14206,38.5706,38.90931,39.33785,39.87396,40.44096,40.97706,41.4056,41.74432,42.17285,42.70896,43.24507,43.6736,44.01232,44.44086,44.97696,45.54397,46.11097,46.67797,47.24497,47.81197,48.37897,48.94597,49.51297,50.07997,50.61608,51.04462,51.38333,51.81187,52.34798,52.91498,53.45108,53.87962,54.18744,54.47752,54.75444,55.04452,55.32144,55.61152,55.88844,56.17852,56.51724,57.05334,57.67927,58.15645,58.58499,58.98263,59.32134,59.74988,60.28599,60.82209,61.25063,61.55845,61.84853,62.15635,62.58489,63.0901,63.51864,63.85735,64.28589,64.822,65.3581,65.78664,66.12536,66.55389,67.09,67.657,68.19311,68.62164,68.96036,69.3889,69.89411,70.32265,70.63047,70.92054,71.19747,71.48754,71.76447,72.05455,72.36237,72.76001,73.15765,73.46547,73.75555,74.09426,74.66126,75.42566,76.13112,76.69812,77.12666,77.43448,77.75545,78.20173,78.85856,79.50223,79.96166,80.30038,80.75981,81.43438,82.22967,82.96603,83.70238,84.49767,85.20313,85.84764,86.6355,87.60268,88.38988,88.9616,89.47116,89.98032,90.48906,90.99735,91.50514,92.01241,92.5191,93.02517,93.53055,94.00432,94.36972,94.61355,94.83872,95.08066,95.47316,96.07969,96.83665,97.61013,98.36457,98.96605,99.35101,99.61382,99.96499,100.4222,100.9089,101.3941,101.9087,102.5294,103.2694,104.0259,104.7634,105.3791,105.8553,106.1922,106.4386,106.7434,107.048,107.2936,107.5983,107.9035,108.1197,108.3192,108.5379,108.9099,109.53,110.3499,111.0651,111.527,112.0514,112.7769,113.6171,114.69,115.9342,117.017,117.9077,118.8321,119.7314,120.4393,121.0149,121.535,121.923,122.0891

Position (um) : 0.70522,0.70522,0.70522,0.70522,0.70522,0.70522,0.70483,0.70307,0.70017,0.69842,0.69763,0.69548,0.69083,0.68617,0.68363,0.68148,0.67819,0.67467,0.67099,0.66748,0.66379,0.66028,0.6566,0.65308,0.6494,0.64549,0.64005,0.63325,0.62605,0.61924,0.6138,0.60989,0.60621,0.60231,0.59726,0.59221,0.5883,0.58462,0.5811,0.57742,0.57351,0.56807,0.56166,0.55622,0.55192,0.54648,0.54007,0.53463,0.53072,0.52704,0.52352,0.52023,0.51808,0.51593,0.51304,0.51089,0.50874,0.50584,0.50369,0.50154,0.49864,0.49649,0.49434,0.49105,0.48754,0.48425,0.4821,0.47995,0.47666,0.47314,0.46985,0.4677,0.46555,0.46265,0.46089,0.4605,0.4605,0.46089,0.46265,0.46594,0.46985,0.47529,0.4821,0.48929,0.4961,0.50154,0.50545,0.50913,0.51264,0.51633,0.51984,0.52352,0.52704,0.53072,0.53463,0.53968,0.54433,0.54687,0.54902,0.55192,0.55407,0.55622,0.55951,0.56303,0.56671,0.57022,0.57351,0.57527,0.57606,0.57781,0.5811,0.58462,0.58791,0.59006,0.59221,0.59511,0.59687,0.59726,0.59687,0.59472,0.58967,0.58286,0.57566,0.56847,0.56127,0.55407,0.54727,0.54183,0.53792,0.53424,0.53072,0.52743,0.52528,0.52313,0.51984,0.51593,0.5101,0.50115,0.48929,0.47783,0.47024,0.46594,0.46226,0.45796,0.45076,0.44145,0.43425,0.42995,0.42666,0.42491,0.42412,0.42236,0.41907,0.41556,0.41227,0.41012,0.40802,0.40533,0.40339,0.40145,0.39876,0.39721,0.39703,0.39725,0.39746,0.39768,0.3979,0.39851,0.4005,0.40401,0.40815,0.41343,0.41871,0.42286,0.42678,0.43133,0.43838,0.44658,0.4529,0.45899,0.46607,0.47315,0.47886,0.48306,0.48703,0.49162,0.49912,0.50952,0.52055,0.53214,0.54532,0.56118,0.57688,0.58985,0.59953,0.60746,0.615,0.62293,0.63184,0.64052,0.64652,0.65093,0.65478,0.65879,0.66302,0.66838,0.67373,0.67793,0.6819,0.68608,0.69138,0.69667,0.70119,0.70684,0.71383,0.7212,0.72815,0.73372,0.73773,0.7411,0.74331,0.7455,0.74841

Intensity : 313.4959,313.3251,313.0949,312.9348,312.8146,312.6945,312.4945,312.0147,311.2984,310.8112,310.5208,309.9465,308.851,307.7513,307.0821,306.4898,305.6578,304.7747,303.8526,302.9604,302.0292,301.1279,300.1876,299.2772,298.3277,297.3165,296.0513,295.4895,294.8763,294.2654,293.8828,293.7013,293.4745,293.1776,292.6563,292.1608,291.9792,291.9168,291.8125,291.6114,291.4556,291.1883,290.819,290.5774,290.5112,290.3849,290.0153,289.5612,289.5109,289.5742,289.61,289.6171,289.6688,289.6816,289.6158,289.6244,289.6664,289.6681,289.7044,289.7035,289.6231,289.618,289.6446,289.5922,289.4878,289.3682,289.3508,289.3633,289.3031,289.2229,289.1542,289.1628,289.1686,289.1174,289.1461,289.2736,289.4298,289.4252,289.2511,289.256,289.2431,289.2682,289.3737,289.5307,289.7351,289.9232,290.0091,290.0875,290.144,290.2224,290.2789,290.3573,290.4138,290.4482,290.4491,290.7951,291.1957,291.3038,291.5275,292.1175,292.624,293.1737,293.9101,294.645,295.3628,296.049,296.7078,297.1673,297.4998,297.9623,298.6426,299.3997,300.1677,300.7498,301.2889,301.9172,302.3948,302.6901,303.0034,303.0382,302.4766,301.5224,300.5376,299.5737,298.5314,297.3931,296.2981,295.4332,294.8489,294.2907,293.9845,293.7634,293.7034,293.6377,293.3967,293.0701,292.5311,291.6951,290.5408,289.4472,288.7923,288.4723,288.1702,287.7991,287.1345,286.3126,285.742,285.4368,285.2046,285.3043,285.5682,285.8173,285.9217,285.9986,285.7594,285.3606,284.9897,284.5309,284.0709,283.6743,283.2995,283.027,282.8498,282.6996,282.5494,282.3993,282.2492,282.1211,282.0558,282.0955,282.1929,282.4124,282.681,282.8816,283.0631,283.403,283.9169,284.4694,284.797,285.0891,285.5241,286.0404,286.4713,286.7065,286.8621,287.0511,287.4835,288.1598,288.8199,289.4454,290.8087,292.591,294.3828,295.8542,296.9485,297.8561,298.6561,299.4996,300.5122,301.4536,302.3521,303.0112,303.5714,304.1401,304.6048,305.1504,305.7312,306.1433,306.6373,307.1335,307.7246,308.2425,308.485,308.8248,309.4795,310.4236,311.6618,312.653,313.3674,313.9679,314.3612,314.7503,315.4373

Time pixel : 1.86703,1.91434,1.97812,2.04558,2.11304,2.18049,2.24427,2.29526,2.33555,2.38654,2.44664,2.49395,2.51778,2.5416,2.58523,2.63254,2.66916,2.70367,2.73662,2.77113,2.80408,2.83859,2.87153,2.90604,2.93899,2.9735,3.01012,3.05743,3.10474,3.14503,3.19234,3.23965,3.27627,3.30711,3.32726,3.35108,3.39839,3.45849,3.50948,3.54977,3.60076,3.66454,3.732,3.79945,3.87059,3.95452,4.04913,4.13674,4.22434,4.31896,4.40289,4.47402,4.5378,4.58878,4.62908,4.68007,4.74385,4.8113,4.87508,4.92607,4.96637,5.01735,5.08113,5.14491,5.1959,5.23619,5.28718,5.35096,5.41841,5.48587,5.55333,5.62078,5.68824,5.7557,5.82315,5.89061,5.95807,6.02185,6.07283,6.11313,6.16411,6.22789,6.29535,6.35913,6.41012,6.44674,6.48125,6.51419,6.5487,6.58165,6.61616,6.64911,6.68362,6.72392,6.7877,6.86216,6.91893,6.96992,7.01723,7.05752,7.10851,7.17229,7.23607,7.28705,7.32367,7.35819,7.39481,7.44579,7.5059,7.55688,7.59718,7.64816,7.71194,7.77572,7.82671,7.867,7.91799,7.98177,8.04923,8.11301,8.16399,8.20429,8.25527,8.31538,8.36636,8.40298,8.43749,8.47044,8.50495,8.5379,8.57241,8.60903,8.65634,8.70364,8.74027,8.77478,8.81507,8.88253,8.97347,9.0574,9.12486,9.17584,9.21246,9.25065,9.30374,9.38189,9.45846,9.51312,9.55342,9.60808,9.68833,9.78295,9.87056,9.95816,10.0528,10.1367,10.2134,10.3071,10.4222,10.5158,10.5839,10.6445,10.7051,10.7656,10.8261,10.8865,10.9468,11.0071,11.0673,11.1274,11.1838,11.2273,11.2563,11.2831,11.3118,11.3585,11.4307,11.5208,11.6128,11.7025,11.7741,11.8199,11.8512,11.8929,11.9473,12.0052,12.063,12.1242,12.198,12.2861,12.3761,12.4638,12.5371,12.5937,12.6338,12.6631,12.6994,12.7356,12.7648,12.8011,12.8374,12.8631,12.8869,12.9129,12.9571,13.0309,13.1285,13.2135,13.2685,13.3309,13.4172,13.5171,13.6448,13.7928,13.9216,14.0276,14.1376,14.2446,14.3288,14.3973,14.4591,14.5053,14.5251

Position pixel : 6.6094,6.6094,6.6094,6.6094,6.6094,6.6094,6.6057,6.5892,6.5621,6.5456,6.5383,6.5181,6.4745,6.4308,6.407,6.3869,6.356,6.3231,6.2886,6.2556,6.2211,6.1882,6.1537,6.1207,6.0862,6.0496,5.9986,5.9348,5.8674,5.8036,5.7526,5.716,5.6815,5.6448,5.5975,5.5502,5.5136,5.4791,5.4462,5.4116,5.375,5.324,5.2639,5.2129,5.1726,5.1217,5.0616,5.0106,4.974,4.9394,4.9065,4.8757,4.8555,4.8354,4.8082,4.7881,4.7679,4.7408,4.7206,4.7005,4.6733,4.6531,4.633,4.6022,4.5692,4.5384,4.5182,4.4981,4.4672,4.4343,4.4035,4.3833,4.3632,4.336,4.3195,4.3159,4.3159,4.3195,4.336,4.3668,4.4035,4.4545,4.5182,4.5857,4.6495,4.7005,4.7371,4.7716,4.8045,4.839,4.872,4.9065,4.9394,4.974,5.0106,5.0579,5.1015,5.1253,5.1455,5.1726,5.1928,5.2129,5.2438,5.2767,5.3112,5.3442,5.375,5.3915,5.3988,5.4153,5.4462,5.4791,5.5099,5.5301,5.5502,5.5774,5.5939,5.5975,5.5939,5.5737,5.5264,5.4626,5.3952,5.3277,5.2603,5.1928,5.129,5.078,5.0414,5.0069,4.974,4.9431,4.923,4.9028,4.872,4.8354,4.7807,4.6968,4.5857,4.4783,4.4071,4.3668,4.3323,4.292,4.2246,4.1373,4.0699,4.0296,3.9987,3.9823,3.9749,3.9584,3.9276,3.8946,3.8638,3.8437,3.824,3.7988,3.7806,3.7624,3.7372,3.7227,3.721,3.723,3.7251,3.7271,3.7291,3.7349,3.7535,3.7864,3.8252,3.8747,3.9242,3.963,3.9998,4.0424,4.1085,4.1854,4.2446,4.3017,4.368,4.4344,4.488,4.5272,4.5645,4.6075,4.6778,4.7753,4.8786,4.9872,5.1108,5.2594,5.4065,5.5281,5.6189,5.6932,5.7638,5.8382,5.9216,6.003,6.0592,6.1006,6.1367,6.1742,6.2139,6.2641,6.3143,6.3536,6.3908,6.43,6.4797,6.5292,6.5716,6.6246,6.6901,6.7591,6.8243,6.8765,6.9141,6.9457,6.9664,6.9869,7.0141

Brightness max : 435.67
Brightness min : 257.00
Feature direction : Ambiguous
Feature speed : Slow
Feature type : Curve
Start frame : 1
End frame : 75
Start time (s) : 0.000
End time (s) : 622.000
Time step (s) : 8.405

