KYMOANALYSIS DATA

General Information :

Tiff path : E:\Google Drive\microtubule dynamics and cut7\21-15 screens and tests\cut11-7\20-06-17&18 (cut11-7, cut7-3GFP, Klp5D, mts)\
Spindle type : Monopolar
Start frame : 1
End frame : 161
Start time (s) : 0.000
End time (s) : 638.000
Time step (s) : 3.987
Num poles : 1
Num tracks : 2
Num tracks poleward : 0
Num tracks antipoleward : 1
Num tracks ambiguous : 0
Comments : {

}
Poles Information :


Pole number : 1

Time (s) : 3.9875,8.000079,12.01266,16.02524,20.03781,24.05039,28.06297,32.07555,36.08813,40.10071,44.11329,48.12586,52.13844,56.15102,60.1636,64.17618,68.18876,72.20134,76.21392,80.22649,84.23907,88.25165,92.26423,96.27681,100.2894,104.302,108.3145,112.3271,116.3397,120.3523,124.3649,128.3774,132.39,136.4026,140.4152,144.4278,148.4403,152.4529,156.4655,160.4781,164.4906,168.5032,172.5158,176.5284,180.541,184.5535,188.5661,192.5787,196.5913,200.6039,204.6164,208.629,212.6416,216.6542,220.6667,224.6793,228.6919,232.7045,236.7171,240.7296,244.7422,248.7548,252.7674,256.78,260.7925,264.8051,268.8177,272.8303,276.8428,280.8554,284.868,288.8806,292.8932,296.9057,300.9183,304.9309,308.9435,312.9561,316.9686,320.9812,324.9938,329.0064,333.0189,337.0315,341.0441,345.0567,349.0693,353.0818,357.0944,361.107,365.1196,369.1322,373.1447,377.1573,381.1699,385.1825,389.195,393.2076,397.2202,401.2328,405.2454,409.2579,413.2705,417.2831,421.2957,425.3083,429.3208,433.3334,437.346,441.3586,445.3711,449.3837,453.3963,457.4089,461.4215,465.434,469.4466,473.4592,477.4718,481.4844,485.4969,489.5095,493.5221,497.5347,501.5472,505.5598,509.5724,513.585,517.5976,521.6101,525.6227,529.6353,533.6479,537.6605,541.673,545.6856,549.6982,553.7108,557.7233,561.7359,565.7485,569.7611,573.7737,577.7862,581.7988,585.8114,589.824,593.8366,597.8491,601.8617,605.8743,609.8869,613.8994,617.912,621.9246,625.9372,629.9498,633.9623,637.9749,641.9875

Position (um) : 1.0992,1.0974,1.0955,1.0937,1.0918,1.0899,1.0881,1.0862,1.0844,1.0825,1.0806,1.0788,1.0769,1.0751,1.0732,1.0713,1.0695,1.0676,1.0658,1.0639,1.0621,1.0602,1.0583,1.0565,1.0546,1.0528,1.0509,1.049,1.0472,1.0453,1.0435,1.0416,1.0397,1.0379,1.036,1.0342,1.0323,1.0304,1.0286,1.0267,1.0249,1.023,1.0211,1.0193,1.0174,1.0156,1.0137,1.0118,1.01,1.0081,1.0063,1.0044,1.0025,1.0007,0.99882,0.99696,0.9951,0.99324,0.99138,0.98952,0.98766,0.9858,0.98394,0.98208,0.98023,0.97837,0.97651,0.97465,0.97279,0.97093,0.96907,0.96721,0.96535,0.96349,0.96163,0.95977,0.95791,0.95605,0.95419,0.95233,0.95047,0.94861,0.94675,0.94489,0.94303,0.94117,0.93931,0.93745,0.93559,0.93373,0.93187,0.93001,0.92815,0.92629,0.92444,0.92258,0.92072,0.91886,0.917,0.91514,0.91328,0.91142,0.90956,0.9077,0.90584,0.90398,0.90212,0.90026,0.8984,0.89654,0.89468,0.89282,0.89096,0.8891,0.88724,0.88538,0.88352,0.88166,0.8798,0.87794,0.87608,0.87422,0.87236,0.8705,0.86865,0.86679,0.86493,0.86307,0.86121,0.85935,0.85749,0.85563,0.85377,0.85191,0.85005,0.84819,0.84633,0.84447,0.84261,0.84075,0.83889,0.83703,0.83517,0.83331,0.83145,0.82959,0.82773,0.82587,0.82401,0.82215,0.82029,0.81843,0.81657,0.81471,0.81286,0.811,0.80914,0.80728,0.80542,0.80356

Intensity : 1345.5009,1337.2375,1361.8141,1359.4022,1328.3425,1280.8373,1256.1332,1276.2107,1272.576,1263.0112,1275.6649,1317.985,1332.2871,1316.3345,1292.367,1263.4439,1247.5494,1249.9002,1255.6451,1273.1061,1233.0474,1226.0925,1174.2944,1166.45,1143.0262,1152.5864,1155.4901,1172.845,1193.4011,1200.2581,1192.2891,1202.6173,1198.8131,1197.5389,1191.8679,1243.7359,1280.054,1296.9067,1265.8619,1250.5024,1215.395,1192.3531,1180.3045,1158.5238,1119.0928,1086.8666,1095.1509,1120.097,1179.2361,1217.3854,1231.6976,1225.1401,1198.3263,1168.2043,1142.1022,1130.3243,1135.1295,1147.9703,1200.9581,1267.8784,1284.9321,1293.0213,1298.1748,1335.9933,1345.7186,1318.0728,1270.2683,1251.8167,1274.4061,1285.9644,1297.7263,1324.4809,1344.2274,1320.9246,1284.9077,1285.4513,1300.7215,1277.7379,1243.1173,1227.4336,1239.1604,1253.5165,1261.5373,1268.9014,1251.8004,1208.3488,1168.3658,1155.2781,1150.2468,1151.2322,1156.6672,1177.4585,1188.9008,1171.5108,1145.1876,1086.2123,1040.4404,1016.5044,1018.5826,1027.5776,1038.2301,1070.3688,1105.5808,1144.3904,1169.475,1170.5789,1141.2763,1111.705,1076.8716,1027.3062,1000.2417,1019.1192,1049.5286,1025.5475,964.41461,921.20062,924.88076,963.89624,1015.4247,1065.0488,1073.2226,1046.8268,994.33309,956.65209,939.94452,978.12696,1009.3635,1016.2693,969.02254,928.16522,918.65954,915.65385,918.47755,911.7545,926.66779,954.15115,1022.3242,1081.3647,1154.3792,1154.5719,1103.9472,1041.4033,994.90339,988.47492,980.42943,976.70229,991.95484,984.10647,966.80551,922.81616,887.93961,871.02007,870.62685,899.98964,956.10223,961.10831,967.96222,956.18252,1007.0027,1027.407

Time pixel : 1,2.006289,3.012579,4.018868,5.025157,6.031447,7.037736,8.044025,9.050314,10.0566,11.06289,12.06918,13.07547,14.08176,15.08805,16.09434,17.10063,18.10692,19.11321,20.1195,21.12579,22.13208,23.13836,24.14465,25.15094,26.15723,27.16352,28.16981,29.1761,30.18239,31.18868,32.19497,33.20126,34.20755,35.21384,36.22013,37.22642,38.2327,39.23899,40.24528,41.25157,42.25786,43.26415,44.27044,45.27673,46.28302,47.28931,48.2956,49.30189,50.30818,51.31447,52.32075,53.32704,54.33333,55.33962,56.34591,57.3522,58.35849,59.36478,60.37107,61.37736,62.38365,63.38994,64.39623,65.40252,66.40881,67.41509,68.42138,69.42767,70.43396,71.44025,72.44654,73.45283,74.45912,75.46541,76.4717,77.47799,78.48428,79.49057,80.49686,81.50314,82.50943,83.51572,84.52201,85.5283,86.53459,87.54088,88.54717,89.55346,90.55975,91.56604,92.57233,93.57862,94.58491,95.59119,96.59748,97.60377,98.61006,99.61635,100.6226,101.6289,102.6352,103.6415,104.6478,105.6541,106.6604,107.6667,108.673,109.6792,110.6855,111.6918,112.6981,113.7044,114.7107,115.717,116.7233,117.7296,118.7358,119.7421,120.7484,121.7547,122.761,123.7673,124.7736,125.7799,126.7862,127.7925,128.7987,129.805,130.8113,131.8176,132.8239,133.8302,134.8365,135.8428,136.8491,137.8553,138.8616,139.8679,140.8742,141.8805,142.8868,143.8931,144.8994,145.9057,146.9119,147.9182,148.9245,149.9308,150.9371,151.9434,152.9497,153.956,154.9623,155.9686,156.9748,157.9811,158.9874,159.9937,161

Position pixel : 10.3022,10.2848,10.2673,10.2499,10.2325,10.215,10.1976,10.1802,10.1628,10.1453,10.1279,10.1105,10.093,10.0756,10.0582,10.0408,10.0233,10.0059,9.98847,9.97104,9.95361,9.93618,9.91875,9.90132,9.88389,9.86647,9.84904,9.83161,9.81418,9.79675,9.77932,9.76189,9.74446,9.72703,9.70961,9.69218,9.67475,9.65732,9.63989,9.62246,9.60503,9.5876,9.57017,9.55275,9.53532,9.51789,9.50046,9.48303,9.4656,9.44817,9.43074,9.41331,9.39589,9.37846,9.36103,9.3436,9.32617,9.30874,9.29131,9.27388,9.25645,9.23903,9.2216,9.20417,9.18674,9.16931,9.15188,9.13445,9.11702,9.09959,9.08217,9.06474,9.04731,9.02988,9.01245,8.99502,8.97759,8.96016,8.94273,8.92531,8.90788,8.89045,8.87302,8.85559,8.83816,8.82073,8.8033,8.78587,8.76845,8.75102,8.73359,8.71616,8.69873,8.6813,8.66387,8.64644,8.62901,8.61159,8.59416,8.57673,8.5593,8.54187,8.52444,8.50701,8.48958,8.47215,8.45473,8.4373,8.41987,8.40244,8.38501,8.36758,8.35015,8.33272,8.31529,8.29786,8.28044,8.26301,8.24558,8.22815,8.21072,8.19329,8.17586,8.15843,8.141,8.12358,8.10615,8.08872,8.07129,8.05386,8.03643,8.019,8.00157,7.98414,7.96672,7.94929,7.93186,7.91443,7.897,7.87957,7.86214,7.84471,7.82728,7.80986,7.79243,7.775,7.75757,7.74014,7.72271,7.70528,7.68785,7.67042,7.653,7.63557,7.61814,7.60071,7.58328,7.56585,7.54842,7.53099

Pole type : Line
Start frame : 1
End frame : 161
Start time (s) : 0.000
End time (s) : 638.000
Time step (s) : 3.987

Feature Information :


Feature number : 1

Time (s) : 178.378,178.7858,179.3357,179.9173,180.4672,180.9068,181.2542,181.6938,182.2437,182.7935,183.2331,183.5805,184.0201,184.57,185.1516,185.7015,186.141,186.4885,186.928,187.4779,188.0595,188.6094,189.049,189.3647,189.6622,190.0097,190.5913,191.3753,192.0672,192.5385,192.8859,193.2938,193.7017,194.0174,194.3149,194.599,194.8965,195.1806,195.4781,195.7938,196.2334,196.7516,197.1912,197.5069,197.8045,198.0885,198.3544

Position (um) : 1.3802,1.384,1.3911,1.3987,1.4067,1.4143,1.4223,1.4299,1.437,1.4416,1.4463,1.4534,1.461,1.4681,1.4719,1.4736,1.4774,1.4845,1.4921,1.4992,1.503,1.5047,1.5085,1.5156,1.5232,1.5303,1.535,1.5396,1.5468,1.5544,1.5615,1.5661,1.5708,1.5779,1.5855,1.5934,1.601,1.609,1.6166,1.6237,1.6275,1.6292,1.633,1.6401,1.6477,1.6548,1.6586

Intensity : 773.8678,768.0804,757.1887,744.8748,732.426,721.0457,709.45,699.034,690.156,685.3107,680.442,671.2607,660.3635,650.2294,644.6195,641.8657,636.6841,627.6394,618.1719,609.5121,604.7226,602.5071,597.9897,589.8513,581.3015,573.45,568.5805,564.0076,552.2312,541.4345,532.086,525.0443,518.1273,509.4054,500.4491,491.3581,482.8171,475.7436,469.0931,462.9864,458.9054,456.1071,452.0689,446.0846,439.8422,434.0126,430.5847

Time pixel : 44.7343,44.8366,44.9745,45.1203,45.2582,45.3685,45.4556,45.5658,45.7037,45.8416,45.9519,46.039,46.1492,46.2871,46.433,46.5709,46.6811,46.7683,46.8785,47.0164,47.1623,47.3002,47.4104,47.4896,47.5642,47.6513,47.7972,47.9938,48.1673,48.2855,48.3726,48.4749,48.5772,48.6564,48.731,48.8023,48.8769,48.9481,49.0227,49.1019,49.2121,49.3421,49.4523,49.5315,49.6061,49.6774,49.744

Position pixel : 12.9355,12.9711,13.0378,13.109,13.1836,13.2549,13.3295,13.4007,13.4674,13.5109,13.5545,13.6212,13.6924,13.7591,13.7947,13.8106,13.8462,13.9129,13.9841,14.0508,14.0864,14.1023,14.1379,14.2046,14.2758,14.3425,14.3861,14.4296,14.4963,14.5675,14.6342,14.6778,14.7213,14.788,14.8592,14.9338,15.0051,15.0797,15.1509,15.2176,15.2532,15.2691,15.3047,15.3714,15.4426,15.5093,15.5449

Brightness max : 
Brightness min : 
Feature direction : 
Feature speed : 
Feature type : Curve
Start frame : 1
End frame : 161
Start time (s) : 0.000
End time (s) : 638.000
Time step (s) : 3.987

Feature number : 2

Time (s) : 220.1133,220.5288,221.1212,221.8906,222.8662,223.8419,224.579,225.0913,225.6222,226.4531,227.4287,228.3428,229.206,229.9432,230.5679,231.128,231.5758,231.9297,232.3774,232.9053,233.3531,233.707,234.1225,234.5379,234.8596,235.1627,235.452,235.7228

Position (um) : 1.3656,1.3665,1.3712,1.3815,1.3926,1.4012,1.4093,1.4179,1.4299,1.4449,1.4616,1.4804,1.4988,1.5122,1.5241,1.5353,1.5439,1.552,1.5606,1.5726,1.5867,1.5978,1.6034,1.6081,1.6154,1.6231,1.6304,1.6342

Intensity : 744.1097,743.9595,738.9345,727.3168,716.131,703.6464,689.4363,676.0704,658.7412,637.0063,613.4219,587.9959,565.4215,550.9205,538.5977,527.6952,518.7127,510.4703,501.8609,490.8214,478.9907,470.1793,466.2088,463.2986,459.1714,454.9214,449.9891,446.4552

Time pixel : 55.2008,55.305,55.4536,55.6465,55.8912,56.1359,56.3207,56.4492,56.5824,56.7907,57.0354,57.2647,57.4811,57.666,57.8227,57.9631,58.0754,58.1642,58.2765,58.4089,58.5211,58.6099,58.7141,58.8183,58.899,58.975,59.0475,59.1154

Position pixel : 12.7986,12.8067,12.851,12.9471,13.0513,13.132,13.208,13.2887,13.401,13.5414,13.6981,13.8749,14.047,14.172,14.2843,14.3885,14.4691,14.5452,14.6258,14.7381,14.8705,14.9747,15.0272,15.0715,15.1394,15.212,15.2799,15.3162

Brightness max : 656.63
Brightness min : 258.00
Feature direction : Antipoleward
Feature speed : Slow
Feature type : Curve
Start frame : 1
End frame : 161
Start time (s) : 0.000
End time (s) : 638.000
Time step (s) : 3.987

