KYMOANALYSIS DATA

General Information :

Tiff path : E:\Google Drive\microtubule dynamics and cut7\21-15 screens and tests\cut11-7\20-06-17&18 (cut11-7, cut7-3GFP, Klp5D, mts)\
Spindle type : Monopolar
Start frame : 1
End frame : 85
Start time (s) : 0.000
End time (s) : 725.000
Time step (s) : 8.631
Num poles : 1
Num tracks : 4
Num tracks poleward : 0
Num tracks antipoleward : 0
Num tracks ambiguous : 4
Comments : {

}
Poles Information :


Pole number : 1

Time (s) : 8.630952,17.36589,26.10083,34.83577,43.57071,52.30565,61.04059,69.77553,78.51047,87.24541,95.98035,104.7153,113.4502,122.1852,130.9201,139.655,148.39,157.1249,165.8599,174.5948,183.3297,192.0647,200.7996,209.5346,218.2695,227.0044,235.7394,244.4743,253.2093,261.9442,270.6791,279.4141,288.149,296.884,305.6189,314.3538,323.0888,331.8237,340.5587,349.2936,358.0285,366.7635,375.4984,384.2334,392.9683,401.7032,410.4382,419.1731,427.9081,436.643,445.3779,454.1129,462.8478,471.5828,480.3177,489.0526,497.7876,506.5225,515.2575,523.9924,532.7273,541.4623,550.1972,558.9322,567.6671,576.402,585.137,593.8719,602.6069,611.3418,620.0767,628.8117,637.5466,646.2816,655.0165,663.7514,672.4864,681.2213,689.9563,698.6912,707.4261,716.1611,724.896,733.631

Position (um) : 0.88176,0.88136,0.88097,0.88058,0.88018,0.87979,0.8794,0.879,0.87861,0.87821,0.87782,0.87743,0.87703,0.87664,0.87625,0.87585,0.87546,0.87506,0.87467,0.87428,0.87388,0.87349,0.8731,0.8727,0.87231,0.87191,0.87152,0.87113,0.87073,0.87034,0.86995,0.86955,0.86916,0.86876,0.86837,0.86798,0.86758,0.86719,0.8668,0.8664,0.86601,0.86561,0.86522,0.86483,0.86443,0.86404,0.86365,0.86325,0.86286,0.86246,0.86207,0.86168,0.86128,0.86089,0.8605,0.8601,0.85971,0.85931,0.85892,0.85853,0.85813,0.85774,0.85735,0.85695,0.85656,0.85616,0.85577,0.85538,0.85498,0.85459,0.8542,0.8538,0.85341,0.85301,0.85262,0.85223,0.85183,0.85144,0.85105,0.85065,0.85026,0.84986,0.84947,0.84908

Intensity : 933.3469,915.2068,911.9691,869.5321,899.0778,885.7708,892.1535,859.9228,880.2248,890.6538,911.6128,917.9137,909.3798,858.9876,809.0689,795.5139,822.2033,821.9244,812.1918,791.8894,787.7022,798.8981,812.36,814.269,791.4926,756.3735,742.1918,741.7247,753.1909,749.7768,734.0616,735.3402,729.7479,711.4892,672.2843,660.3018,685.9011,723.5013,753.2893,764.0841,754.2755,734.0052,723.1709,737.0547,743.4689,731.0752,712.169,704.4204,706.2723,713.0218,712.1827,703.756,691.9386,678.1462,667.6998,648.0054,637.7832,629.1452,650.1463,685.0009,715.871,717.4909,699.0299,683.0605,667.3062,653.3887,645.7938,638.2295,623.7219,588.5056,582.7383,567.5513,584.0829,585.201,611.5836,615.7289,605.7125,585.4051,570.7687,577.2423,589.7898,585.0411,578.2288,579.1522

Time pixel : 1,2.01205,3.0241,4.03614,5.04819,6.06024,7.07229,8.08434,9.09639,10.1084,11.1205,12.1325,13.1446,14.1566,15.1687,16.1807,17.1928,18.2048,19.2169,20.2289,21.241,22.253,23.2651,24.2771,25.2892,26.3012,27.3133,28.3253,29.3373,30.3494,31.3614,32.3735,33.3855,34.3976,35.4096,36.4217,37.4337,38.4458,39.4578,40.4699,41.4819,42.494,43.506,44.5181,45.5301,46.5422,47.5542,48.5663,49.5783,50.5904,51.6024,52.6145,53.6265,54.6386,55.6506,56.6627,57.6747,58.6867,59.6988,60.7108,61.7229,62.7349,63.747,64.759,65.7711,66.7831,67.7952,68.8072,69.8193,70.8313,71.8434,72.8554,73.8675,74.8795,75.8916,76.9036,77.9157,78.9277,79.9398,80.9518,81.9639,82.9759,83.988,85

Position pixel : 8.2639,8.2602,8.2565,8.2528,8.2491,8.2455,8.2418,8.2381,8.2344,8.2307,8.227,8.2233,8.2196,8.2159,8.2122,8.2085,8.2049,8.2012,8.1975,8.1938,8.1901,8.1864,8.1827,8.179,8.1753,8.1716,8.168,8.1643,8.1606,8.1569,8.1532,8.1495,8.1458,8.1421,8.1384,8.1347,8.1311,8.1274,8.1237,8.12,8.1163,8.1126,8.1089,8.1052,8.1015,8.0978,8.0942,8.0905,8.0868,8.0831,8.0794,8.0757,8.072,8.0683,8.0646,8.0609,8.0572,8.0536,8.0499,8.0462,8.0425,8.0388,8.0351,8.0314,8.0277,8.024,8.0203,8.0167,8.013,8.0093,8.0056,8.0019,7.9982,7.9945,7.9908,7.9871,7.9834,7.9798,7.9761,7.9724,7.9687,7.965,7.9613,7.9576

Pole type : Line
Start frame : 1
End frame : 85
Start time (s) : 0.000
End time (s) : 725.000
Time step (s) : 8.631

Feature Information :


Feature number : 1

Time (s) : 11.2135,11.8384,12.7294,13.5516,14.2485,14.9094,15.5703,16.2312,16.8921,17.553,18.2139,18.8748,19.5357,20.1966,20.8575,21.5184,22.1793,22.8402,23.5011,24.1619,24.8228,25.4837,26.1806,27.0029,27.9299,28.7522,29.4491,30.11,30.8069,31.6652,32.7536,33.8419,34.7002,35.3611,35.8606,36.2194,36.5935,37.1137,37.8793,38.6656,39.3625,40.0234,40.6483,41.1838,41.74,42.5056,43.2918,43.9527,44.4522,44.847,45.3826,46.1328,46.8984,47.4546,47.9541,48.4176,48.7764,49.1145,49.4733,49.9368,50.4003,50.7951,51.2946,51.9195,52.5804,53.2413,53.9021,54.563,55.2239,55.8848,56.5457,57.2066,57.8675,58.4924,58.9919,59.3867,59.8502,60.3137,60.7085,61.172,61.6355,61.9943,62.3324,62.6552,62.9933,63.3521,63.8516,64.4404,64.9399,65.2987,65.6368,65.9956,66.4951,67.084,67.5835,67.9783,68.4418,68.9053,69.2641,69.6022,69.925,70.2631,70.5859,70.924,71.2828,71.7463,72.2098,72.5686,72.9067,73.2655,73.765,74.3538,74.8533,75.2121,75.5502,75.909,76.3725,76.836,77.2308,77.7303,78.3552,79.0161,79.641,80.1405,80.5353,81.0348,81.6597,82.2845,82.748

Position (um) : 1.47,1.47,1.47,1.47,1.47,1.47,1.4705,1.4725,1.4757,1.4777,1.4782,1.4782,1.4782,1.4782,1.4786,1.4806,1.4839,1.4859,1.4864,1.4864,1.4864,1.4864,1.4864,1.4868,1.4888,1.4925,1.497,1.5027,1.5089,1.5162,1.5277,1.5407,1.5508,1.5575,1.5619,1.5661,1.5705,1.5767,1.5844,1.5926,1.6007,1.6085,1.6146,1.6195,1.6261,1.6359,1.6473,1.6575,1.6661,1.6743,1.6829,1.6931,1.7045,1.7142,1.7209,1.7253,1.7295,1.7339,1.7396,1.7454,1.7498,1.754,1.758,1.7617,1.7637,1.7641,1.7641,1.7641,1.7641,1.7641,1.7641,1.7637,1.7617,1.758,1.7535,1.7478,1.7421,1.7372,1.731,1.7233,1.7156,1.7094,1.705,1.7008,1.6963,1.6902,1.6829,1.6767,1.6718,1.6657,1.6584,1.6522,1.6478,1.6436,1.6396,1.6354,1.631,1.6248,1.6171,1.6094,1.6032,1.5987,1.5946,1.5906,1.5864,1.582,1.5762,1.5705,1.5661,1.5623,1.5603,1.5594,1.5575,1.5537,1.5497,1.546,1.5436,1.5411,1.5378,1.5358,1.5354,1.5354,1.5349,1.5329,1.5297,1.5277,1.5272,1.5272,1.5272

Intensity : 318.2276,318.1953,318.1493,318.1068,318.0709,318.0367,317.8341,317.0481,315.7817,315.0479,314.9465,315.0119,315.0772,315.1426,315.0428,314.3698,313.2213,312.5549,312.4619,312.5331,312.6044,312.6756,312.7724,312.7636,312.2334,311.1016,310.3732,309.7242,309.0391,308.26,307.0174,305.6234,304.7623,304.8125,304.925,304.8754,304.8136,304.7266,304.7774,304.7986,304.7041,304.8585,305.0785,305.283,305.3065,305.2198,304.7835,303.8617,303.0381,302.216,301.3677,300.3722,299.1911,298.5016,298.1593,297.9664,297.7687,297.5514,297.2546,296.9909,296.8199,296.6509,296.5281,296.4006,296.1523,296.0053,295.8878,295.7704,295.6529,295.5355,295.418,295.3324,295.3594,295.5222,295.7625,296.1201,296.472,296.7662,296.966,297.1326,297.2758,297.3843,297.4621,297.6002,297.7413,298.0315,298.2781,298.2992,298.2636,298.486,298.8218,299.0144,298.8729,298.5924,298.3815,298.2958,298.1407,298.1197,298.4875,298.9475,299.2731,299.5681,300.0243,300.4332,300.8493,301.2272,301.7846,302.3956,302.8176,303.1132,303.049,302.7573,302.6813,302.9431,303.247,303.4913,303.4711,303.4435,303.5748,303.5051,303.7967,304.0433,304.3368,304.7961,305.3975,305.8665,306.1724,306.4167,306.5978

Time pixel : 1.2992,1.3716,1.4748,1.5701,1.6509,1.7274,1.804,1.8806,1.9572,2.0337,2.1103,2.1869,2.2634,2.34,2.4166,2.4932,2.5697,2.6463,2.7229,2.7995,2.876,2.9526,3.0333,3.1286,3.236,3.3313,3.412,3.4886,3.5694,3.6688,3.7949,3.921,4.0204,4.097,4.1549,4.1965,4.2398,4.3001,4.3888,4.4799,4.5606,4.6372,4.7096,4.7716,4.8361,4.9248,5.0159,5.0925,5.1503,5.1961,5.2581,5.345,5.4337,5.4982,5.5561,5.6098,5.6513,5.6905,5.7321,5.7858,5.8395,5.8852,5.9431,6.0155,6.0921,6.1686,6.2452,6.3218,6.3984,6.4749,6.5515,6.6281,6.7046,6.777,6.8349,6.8807,6.9344,6.9881,7.0338,7.0875,7.1412,7.1828,7.222,7.2594,7.2985,7.3401,7.398,7.4662,7.5241,7.5656,7.6048,7.6464,7.7043,7.7725,7.8304,7.8761,7.9298,7.9835,8.0251,8.0643,8.1017,8.1408,8.1782,8.2174,8.259,8.3127,8.3664,8.4079,8.4471,8.4887,8.5466,8.6148,8.6727,8.7142,8.7534,8.795,8.8487,8.9024,8.9481,9.006,9.0784,9.155,9.2274,9.2852,9.331,9.3889,9.4613,9.5337,9.5874

Position pixel : 13.7771,13.7771,13.7771,13.7771,13.7771,13.7771,13.7813,13.8,13.8308,13.8495,13.8537,13.8537,13.8537,13.8537,13.8579,13.8766,13.9074,13.9261,13.9303,13.9303,13.9303,13.9303,13.9303,13.9344,13.9531,13.9881,14.0297,14.0834,14.1413,14.2099,14.3173,14.4392,14.5345,14.5965,14.6381,14.6773,14.7189,14.7767,14.8491,14.9257,15.0023,15.0747,15.1326,15.1783,15.2403,15.3314,15.4388,15.5341,15.6149,15.6914,15.7722,15.8674,15.9748,16.0659,16.128,16.1696,16.2087,16.2503,16.304,16.3577,16.3993,16.4385,16.4759,16.5109,16.5296,16.5337,16.5337,16.5337,16.5337,16.5337,16.5337,16.5296,16.5109,16.4759,16.4343,16.3806,16.3269,16.2811,16.2233,16.1509,16.0785,16.0206,15.979,15.9398,15.8983,15.8404,15.7722,15.7143,15.6686,15.6107,15.5425,15.4846,15.443,15.4038,15.3664,15.3273,15.2857,15.2278,15.1554,15.083,15.0252,14.9836,14.9444,14.907,14.8678,14.8263,14.7726,14.7189,14.6773,14.6423,14.6236,14.6152,14.5965,14.5615,14.5241,14.4891,14.4663,14.4434,14.4126,14.3939,14.3897,14.3897,14.3855,14.3668,14.336,14.3173,14.3131,14.3131,14.3131

Brightness max : 439.19
Brightness min : 261.00
Feature direction : Ambiguous
Feature speed : Slow
Feature type : Curve
Start frame : 1
End frame : 85
Start time (s) : 0.000
End time (s) : 725.000
Time step (s) : 8.631

Feature number : 2

Time (s) : 92.46737,92.93087,93.59176,94.41404,95.34103,96.19932,97.09363,98.182,99.27037,100.1287,100.8256,101.5225,102.3448,103.2717,104.094,104.7909,105.4518,106.1127,106.8096,107.6319,108.5589,109.3812,110.0421,110.5416,110.9364,111.4359,112.0608,112.7217,113.3825,114.0074,114.5069,114.9377,115.5986,116.4896,117.3119,118.0088,118.6337,119.1332,119.528,120.0275,120.6884,121.5107,122.4377,123.2599,123.9568,124.6177,125.2426,125.7421,126.1369,126.6364,127.2613,127.9222,128.5831,129.244,129.9049,130.5658,131.2267,131.8876,132.5485,133.2093,133.8702,134.5671,135.3534,136.119,136.6392,137.0133,137.3721,137.8716,138.4605,138.96,139.3548,139.8543,140.4792,141.1041,141.6036,141.9624,142.3005,142.6232,142.9614,143.3202,143.8197,144.4085,144.908,145.3028,145.8023,146.4632,147.3215,148.3739,149.3009,149.8931,150.4286,151.0535,151.7144,152.3753,153.0361,153.661,154.1605,154.5553,155.0548,155.6797,156.3766,157.2349,158.3233,159.4117,160.27,160.9669,161.5918,162.0552,162.2166,162.0913,161.8252

Position (um) : 1.5354,1.5354,1.5354,1.5358,1.5378,1.5411,1.5431,1.5436,1.5436,1.5436,1.544,1.546,1.5493,1.5517,1.5542,1.5579,1.5623,1.5685,1.5762,1.5844,1.5926,1.6003,1.6065,1.6109,1.6151,1.6195,1.6253,1.631,1.6359,1.642,1.6493,1.6559,1.6628,1.6723,1.682,1.6906,1.6988,1.7065,1.7127,1.7176,1.7237,1.7315,1.7392,1.7454,1.7498,1.7535,1.756,1.7584,1.7617,1.7637,1.7641,1.7641,1.7646,1.7666,1.7699,1.7719,1.7723,1.7719,1.7699,1.7666,1.7641,1.7613,1.7555,1.7483,1.7421,1.7376,1.7339,1.7315,1.7286,1.7229,1.7151,1.7074,1.7017,1.6988,1.6963,1.6926,1.6886,1.6844,1.68,1.6738,1.6661,1.6579,1.6502,1.644,1.6392,1.633,1.6253,1.6171,1.6094,1.6036,1.6012,1.6007,1.6003,1.5983,1.595,1.5926,1.5901,1.5868,1.5848,1.584,1.582,1.5787,1.5767,1.5758,1.5738,1.5705,1.5681,1.5652,1.5594,1.5522,1.5464

Intensity : 306.6074,306.5956,306.5787,306.4987,306.2704,305.9382,305.7801,305.8478,305.9739,306.0733,306.0956,305.9146,305.5783,305.3655,304.8194,303.9968,303.1206,302.0496,300.8026,299.4878,298.1777,297.0033,296.5549,296.2471,295.9898,295.6999,295.3456,295.5125,295.8269,296.0518,296.1299,296.1657,296.313,296.4564,296.4959,296.4709,296.3934,296.247,296.1971,296.2469,296.3153,295.9333,295.4289,295.0068,294.6791,294.3859,294.1496,293.9424,293.7276,293.5371,293.3756,293.2224,293.0526,292.8246,292.4461,292.065,291.742,291.4524,291.2209,291.038,290.8232,290.6083,290.4588,290.3769,290.3673,290.3602,290.3339,290.1939,290.3423,290.7432,291.1623,291.6046,292.2752,292.6969,293.0299,293.4051,293.7787,294.1473,294.5216,294.9969,295.5639,296.1229,296.6012,296.9533,297.2088,297.4926,297.6331,297.6502,297.69,297.7526,297.6808,297.4845,297.294,297.3326,297.5305,297.6138,297.733,297.9902,298.0326,298.0213,298.2791,298.7039,298.9792,299.1197,299.3965,299.8375,300.1717,300.5606,301.3076,302.2422,302.9666

Time pixel : 10.7135,10.7672,10.8437,10.939,11.0464,11.1459,11.2495,11.3756,11.5017,11.6011,11.6819,11.7626,11.8579,11.9653,12.0605,12.1413,12.2179,12.2944,12.3752,12.4705,12.5779,12.6731,12.7497,12.8076,12.8533,12.9112,12.9836,13.0602,13.1367,13.2091,13.267,13.3169,13.3935,13.4967,13.592,13.6727,13.7451,13.803,13.8488,13.9066,13.9832,14.0785,14.1859,14.2812,14.3619,14.4385,14.5109,14.5687,14.6145,14.6724,14.7448,14.8213,14.8979,14.9745,15.051,15.1276,15.2042,15.2808,15.3573,15.4339,15.5105,15.5912,15.6823,15.771,15.8313,15.8746,15.9162,15.9741,16.0423,16.1002,16.1459,16.2038,16.2762,16.3486,16.4065,16.4481,16.4872,16.5246,16.5638,16.6054,16.6632,16.7315,16.7893,16.8351,16.893,16.9695,17.069,17.1909,17.2983,17.3669,17.429,17.5014,17.5779,17.6545,17.7311,17.8035,17.8614,17.9071,17.965,18.0374,18.1181,18.2176,18.3437,18.4698,18.5692,18.65,18.7224,18.7761,18.7948,18.7802,18.7494

Position pixel : 14.3897,14.3897,14.3897,14.3939,14.4126,14.4434,14.4621,14.4663,14.4663,14.4663,14.4704,14.4891,14.52,14.5428,14.5657,14.6007,14.6423,14.7002,14.7726,14.8491,14.9257,14.9981,15.056,15.0976,15.1367,15.1783,15.232,15.2857,15.3314,15.3893,15.4575,15.5196,15.584,15.6727,15.7638,15.8446,15.9211,15.9935,16.0514,16.0972,16.155,16.2274,16.2998,16.3577,16.3993,16.4343,16.4572,16.48,16.5109,16.5296,16.5337,16.5337,16.5379,16.5566,16.5874,16.6061,16.6103,16.6061,16.5874,16.5566,16.5337,16.5067,16.453,16.3848,16.3269,16.2853,16.2503,16.2274,16.2004,16.1467,16.0743,16.0019,15.9482,15.9211,15.8983,15.8633,15.8259,15.7867,15.7451,15.6873,15.6149,15.5383,15.4659,15.408,15.3623,15.3044,15.232,15.1554,15.083,15.0293,15.0065,15.0023,14.9981,14.9794,14.9486,14.9257,14.9028,14.872,14.8533,14.845,14.8263,14.7954,14.7767,14.7684,14.7497,14.7189,14.696,14.6689,14.6152,14.547,14.4933

Brightness max : 439.19
Brightness min : 261.00
Feature direction : Ambiguous
Feature speed : Slow
Feature type : Curve
Start frame : 1
End frame : 85
Start time (s) : 0.000
End time (s) : 725.000
Time step (s) : 8.631

Feature number : 3

Time (s) : 579.5458,580.0813,581.137,582.9583,585.4578,588.062,590.0447,591.4058,592.7636,594.2795,595.5653,596.4596,597.1565,597.8534,598.6757,599.6026,600.4249,601.1218,601.7827,602.4436,603.1045,603.7654,604.4623,605.2846,606.2116,607.0339,607.7308,608.3917,609.0526,609.7135,610.3743,611.0352,611.6961,612.357,613.0539,613.8402,614.6058,615.162,615.6975,616.3224,616.9833,617.6082,618.1077,618.5025,619.002,619.6269,620.2877,620.9486,621.6095,622.2344,622.7339,623.0927,623.4308,623.7536,624.0917,624.4145,624.7526,625.0754,625.4135,625.7723,626.2358,626.6993,627.0581,627.3602,627.5576,627.755,628.0571,628.3799,628.718,629.0768,629.5763,630.2011,630.862,631.5229,632.1838,632.8447,633.5056,634.1665,634.8274,635.4883,636.1132,636.6127,637.0075,637.507,638.1319,638.7567,639.2562,639.6511,640.1145,640.578,640.9368,641.2749,641.5977,641.8998,642.0972,642.2946,642.5967,642.9195,643.2216,643.419,643.6164,643.9185,644.2413,644.5794,644.9022,645.2403,645.5631,645.8652,646.0626,646.26,646.5621,646.8849,647.223,647.5458,647.9199,648.4041,649.0443,649.7258,650.5635,651.5111,652.4741,653.3324,654.1907,655.1177,655.94,656.6009,657.1004,657.4592,657.7973,658.1561,658.6196,659.083,659.4779,659.9774,660.6022,661.2631,661.888,662.3875,662.7823,663.2818,663.8707,664.3702,664.729,665.0671,665.3899,665.728,666.0868,666.5863,667.2112,667.9081,668.7304,669.6573,670.4436,670.9791,671.3739,671.8734,672.4623,672.9618,673.3206,673.6587,673.9815,674.3196,674.6424,674.9445,675.1419,675.3753,675.8388,676.4277,676.9272,677.286,677.6241,677.9829,678.4824,679.0712,679.5707,679.9295,680.2676,680.5904,680.9285,681.2873,681.7868,682.4117,683.1086,683.9309,684.8579,685.6802,686.3771,687.002,687.5015,687.8603,688.1984,688.5572,689.0567,689.6455,690.145,690.5038,690.8419,691.1647,691.5028,691.8256,692.1637,692.4865,692.7886,692.986,693.1834,693.4855,693.8083,694.1464,694.5052,695.0047,695.6296,696.3265,697.1488,698.0758,698.898,699.5589,700.0584,700.4532,700.9527,701.5776,702.2385,702.8994,703.5603,704.2212,704.8821,705.543,706.2039,706.8288,707.3283,707.6871,708.0252,708.384,708.8835,709.5083,710.1692,710.8301,711.491,712.1879,712.9742,713.7398,714.296,714.8315,715.4564,716.0813,716.5808,716.9756,717.4751,718.1,718.7609,719.4578,720.28,721.207,722.0293,722.7262,723.3871,724.012,724.5115,724.8703,725.2084,725.5312,725.8693,726.1921,726.5302,726.853,727.1551,727.3525,727.5859,728.0134,728.4769,728.8356,729.1738,729.4965,729.8346,730.1574,730.4595

Position (um) : 1.5436,1.5436,1.544,1.5469,1.5546,1.5652,1.5733,1.5787,1.5848,1.5921,1.5979,1.6007,1.6032,1.6065,1.6089,1.6114,1.6146,1.6166,1.6171,1.6171,1.6171,1.6171,1.6175,1.6195,1.6233,1.6272,1.6314,1.6354,1.6396,1.644,1.6498,1.6555,1.6599,1.6641,1.6685,1.6747,1.6824,1.6906,1.6983,1.7045,1.7094,1.7156,1.7229,1.729,1.7339,1.7405,1.7502,1.7617,1.7719,1.7805,1.7882,1.7944,1.7993,1.8054,1.8132,1.8213,1.8295,1.8377,1.8463,1.8565,1.8679,1.8776,1.8843,1.8891,1.8949,1.9006,1.905,1.9092,1.9132,1.9174,1.9214,1.9256,1.9295,1.9333,1.9353,1.9357,1.9357,1.9357,1.9357,1.9357,1.9353,1.9333,1.93,1.9276,1.9247,1.9189,1.9117,1.9059,1.903,1.9006,1.8969,1.8929,1.8887,1.8843,1.8785,1.8728,1.8684,1.8642,1.8598,1.854,1.8483,1.8439,1.8397,1.8357,1.8315,1.8271,1.8209,1.8132,1.8054,1.7993,1.7948,1.7907,1.7867,1.7825,1.778,1.7719,1.7641,1.756,1.7474,1.7372,1.7257,1.7156,1.707,1.6988,1.6911,1.6849,1.6805,1.6763,1.6718,1.6657,1.6579,1.6502,1.644,1.6392,1.633,1.6257,1.6195,1.6146,1.6085,1.6012,1.595,1.5906,1.5864,1.5824,1.5782,1.5742,1.5705,1.5685,1.5681,1.5681,1.5681,1.5681,1.5685,1.5705,1.5742,1.5787,1.5848,1.5921,1.5983,1.6027,1.6069,1.6109,1.6151,1.6195,1.6253,1.631,1.6354,1.6396,1.6436,1.6478,1.6518,1.6559,1.6599,1.6641,1.6681,1.6723,1.6763,1.6805,1.6844,1.6886,1.6931,1.6988,1.705,1.7118,1.7209,1.7286,1.7335,1.7376,1.7416,1.7458,1.7502,1.7564,1.7646,1.7748,1.7858,1.7939,1.7988,1.803,1.8074,1.8136,1.8209,1.8271,1.832,1.8377,1.8434,1.8478,1.852,1.856,1.8602,1.8642,1.8688,1.8748,1.8823,1.8883,1.8924,1.8949,1.8973,1.9006,1.9026,1.9026,1.9002,1.8944,1.8871,1.8805,1.8737,1.8646,1.8574,1.854,1.8516,1.8478,1.8439,1.8397,1.8352,1.8286,1.8193,1.8094,1.801,1.7931,1.7867,1.78,1.7723,1.7646,1.7584,1.7535,1.7478,1.7421,1.7372,1.7306,1.7209,1.709,1.6968,1.6849,1.6747,1.6661,1.6584,1.6522,1.6473,1.6411,1.6339,1.6277,1.6233,1.6191,1.6151,1.6109,1.6065,1.6007,1.5955,1.5926,1.5901,1.5864,1.5824,1.5782,1.5742,1.5705,1.5685

Intensity : 312.8276,313.0883,313.5064,313.7319,313.0127,311.5645,310.5974,310.0241,309.2553,308.3238,307.6303,306.5422,305.9219,305.1981,304.5197,303.7928,303.0109,302.4449,302.0843,301.778,301.4717,301.1655,301.2911,302.0608,302.7323,303.2286,303.5347,303.8098,304.0484,304.2407,304.2451,304.2331,304.3836,304.5569,304.6527,304.4483,303.995,303.2915,302.6252,302.2462,302.21,302.1863,301.9526,301.7199,301.6696,301.5456,301.1469,300.559,300.2278,300.4035,300.4462,300.4056,300.4505,300.337,300.0838,299.886,299.6781,299.4022,299.0589,298.5431,297.9469,297.4359,297.0816,296.826,296.367,295.8884,295.611,295.3542,295.1064,294.8246,294.6563,294.5668,294.1677,293.8009,293.5834,293.493,293.4382,293.3833,293.3284,293.2736,293.2534,293.3513,293.5443,293.663,293.7928,294.164,294.7033,295.1153,295.0943,295.0109,295.1761,295.3857,295.6265,295.9116,296.4454,296.9742,297.2422,297.4538,297.7102,298.2169,298.7188,298.958,299.1405,299.2794,299.4501,299.6293,300.0201,300.6017,301.2751,301.769,301.9517,302.0805,302.1686,302.1096,301.8993,301.6701,301.3084,300.9056,300.2388,299.5105,298.8699,298.2735,297.5059,296.8981,296.4442,296.8481,297.113,297.4386,297.808,298.3989,299.1052,299.7883,300.2956,300.5134,300.773,301.1194,301.3257,301.4654,301.8604,302.2704,302.9258,303.3611,304.1118,305.1432,306.2138,307.2569,308.2609,308.9637,309.3952,309.7673,310.2063,310.7012,311.0194,310.847,310.1956,309.4292,308.2933,306.84,305.5515,304.8619,304.4299,304.031,303.6049,303.141,302.4739,301.8229,301.43,301.1232,300.8105,300.422,300.0525,299.6703,299.3733,299.0941,298.8062,298.4393,298.0902,297.7139,297.3707,297.0163,296.697,296.2876,295.8582,295.5649,295.1996,294.8847,294.7558,294.6516,294.5055,294.2785,294.0163,293.5999,293.0516,292.3442,291.5108,290.8801,290.5524,290.2995,290.0452,289.65,289.296,289.0304,288.8542,288.5746,288.3023,288.1822,288.0995,288.0467,288.0037,288.0702,288.193,288.306,288.4525,288.788,289.1695,289.0882,288.8467,288.5959,288.3798,288.2228,288.1628,288.2399,288.3739,288.4702,288.5674,288.7402,288.8319,288.7724,288.7131,288.7433,288.7533,288.7524,288.6957,288.656,288.6835,288.7344,288.7439,288.7177,288.5943,288.4877,288.5196,288.561,288.5029,288.3962,288.3702,288.3884,288.3268,288.2775,288.3441,288.497,289.0029,289.5734,290.1064,290.6008,291.0664,291.435,291.7427,292.2225,292.8816,293.4815,293.9248,294.3488,294.7616,295.1973,295.6619,296.2485,297.4619,298.1841,298.8131,299.7339,300.7171,301.7482,302.7432,303.6809,304.208

Time pixel : 67.1474,67.2094,67.3317,67.5428,67.8324,68.1341,68.3638,68.5215,68.6788,68.8545,69.0034,69.107,69.1878,69.2685,69.3638,69.4712,69.5665,69.6472,69.7238,69.8004,69.8769,69.9535,70.0343,70.1295,70.2369,70.3322,70.4129,70.4895,70.5661,70.6427,70.7192,70.7958,70.8724,70.949,71.0297,71.1208,71.2095,71.2739,71.336,71.4084,71.485,71.5574,71.6152,71.661,71.7188,71.7912,71.8678,71.9444,72.021,72.0934,72.1512,72.1928,72.232,72.2694,72.3086,72.346,72.3851,72.4225,72.4617,72.5033,72.557,72.6107,72.6522,72.6872,72.7101,72.733,72.768,72.8054,72.8446,72.8861,72.944,73.0164,73.093,73.1696,73.2461,73.3227,73.3993,73.4758,73.5524,73.629,73.7014,73.7593,73.805,73.8629,73.9353,74.0077,74.0656,74.1113,74.165,74.2187,74.2603,74.2994,74.3368,74.3718,74.3947,74.4176,74.4526,74.49,74.525,74.5479,74.5707,74.6057,74.6431,74.6823,74.7197,74.7589,74.7963,74.8313,74.8541,74.877,74.912,74.9494,74.9886,75.026,75.0693,75.1254,75.1996,75.2786,75.3756,75.4854,75.597,75.6964,75.7959,75.9033,75.9986,76.0751,76.133,76.1746,76.2138,76.2553,76.309,76.3627,76.4085,76.4663,76.5387,76.6153,76.6877,76.7456,76.7913,76.8492,76.9174,76.9753,77.0169,77.0561,77.0934,77.1326,77.1742,77.2321,77.3045,77.3852,77.4805,77.5879,77.679,77.741,77.7868,77.8446,77.9129,77.9707,78.0123,78.0515,78.0889,78.1281,78.1655,78.2005,78.2233,78.2504,78.3041,78.3723,78.4302,78.4718,78.5109,78.5525,78.6104,78.6786,78.7365,78.778,78.8172,78.8546,78.8938,78.9354,78.9932,79.0656,79.1464,79.2416,79.3491,79.4443,79.5251,79.5975,79.6553,79.6969,79.7361,79.7777,79.8355,79.9038,79.9616,80.0032,80.0424,80.0798,80.1189,80.1563,80.1955,80.2329,80.2679,80.2908,80.3137,80.3487,80.3861,80.4252,80.4668,80.5247,80.5971,80.6778,80.7731,80.8805,80.9758,81.0523,81.1102,81.156,81.2138,81.2862,81.3628,81.4394,81.516,81.5925,81.6691,81.7457,81.8222,81.8946,81.9525,81.9941,82.0333,82.0748,82.1327,82.2051,82.2817,82.3582,82.4348,82.5156,82.6067,82.6954,82.7598,82.8219,82.8943,82.9667,83.0245,83.0703,83.1281,83.2005,83.2771,83.3579,83.4531,83.5605,83.6558,83.7366,83.8131,83.8855,83.9434,83.985,84.0241,84.0615,84.1007,84.1381,84.1773,84.2147,84.2497,84.2726,84.2996,84.3491,84.4028,84.4444,84.4836,84.521,84.5602,84.5976,84.6326

Position pixel : 14.4663,14.4663,14.4704,14.4975,14.5699,14.6689,14.7455,14.7954,14.8533,14.9215,14.9752,15.0023,15.0252,15.056,15.0789,15.1017,15.1326,15.1513,15.1554,15.1554,15.1554,15.1554,15.1596,15.1783,15.2133,15.2507,15.2899,15.3273,15.3664,15.408,15.4617,15.5154,15.557,15.5962,15.6377,15.6956,15.768,15.8446,15.917,15.9748,16.0206,16.0785,16.1467,16.2046,16.2503,16.3124,16.4035,16.5109,16.6061,16.6869,16.7593,16.8171,16.8629,16.9208,16.9932,17.0697,17.1463,17.2229,17.3036,17.3989,17.5063,17.5974,17.6594,17.7052,17.7589,17.8126,17.8542,17.8933,17.9307,17.9699,18.0073,18.0465,18.0839,18.1189,18.1376,18.1418,18.1418,18.1418,18.1418,18.1418,18.1376,18.1189,18.088,18.0652,18.0381,17.9844,17.9162,17.8625,17.8355,17.8126,17.7776,17.7402,17.701,17.6594,17.6057,17.552,17.5105,17.4713,17.4297,17.376,17.3223,17.2808,17.2416,17.2042,17.165,17.1234,17.0656,16.9932,16.9208,16.8629,16.8213,16.7821,16.7447,16.7056,16.664,16.6061,16.5337,16.4572,16.3764,16.2811,16.1737,16.0785,15.9977,15.9211,15.8487,15.7909,15.7493,15.7101,15.6686,15.6107,15.5383,15.4659,15.408,15.3623,15.3044,15.2362,15.1783,15.1326,15.0747,15.0065,14.9486,14.907,14.8678,14.8304,14.7913,14.7539,14.7189,14.7002,14.696,14.696,14.696,14.696,14.7002,14.7189,14.7539,14.7954,14.8533,14.9215,14.9794,15.021,15.0602,15.0976,15.1367,15.1783,15.232,15.2857,15.3273,15.3664,15.4038,15.443,15.4804,15.5196,15.557,15.5962,15.6336,15.6727,15.7101,15.7493,15.7867,15.8259,15.8674,15.9211,15.979,16.0435,16.128,16.2004,16.2461,16.2853,16.3227,16.3619,16.4035,16.4613,16.5379,16.6332,16.7364,16.813,16.8587,16.8979,16.9395,16.9973,17.0656,17.1234,17.1692,17.2229,17.2766,17.3182,17.3573,17.3947,17.4339,17.4713,17.5146,17.5707,17.6407,17.6968,17.736,17.7589,17.7818,17.8126,17.8313,17.8313,17.8084,17.7547,17.6865,17.6244,17.56,17.4755,17.4072,17.376,17.3532,17.3182,17.2808,17.2416,17.2,17.138,17.051,16.9582,16.8792,16.805,16.7447,16.6827,16.6103,16.5379,16.48,16.4343,16.3806,16.3269,16.2811,16.2191,16.128,16.0164,15.9024,15.7909,15.6956,15.6149,15.5425,15.4846,15.4388,15.381,15.3127,15.2549,15.2133,15.1741,15.1367,15.0976,15.056,15.0023,14.9528,14.9257,14.9028,14.8678,14.8304,14.7913,14.7539,14.7189,14.7002

Brightness max : 439.19
Brightness min : 261.00
Feature direction : Ambiguous
Feature speed : Slow
Feature type : Curve
Start frame : 1
End frame : 85
Start time (s) : 0.000
End time (s) : 725.000
Time step (s) : 8.631

Feature number : 4

Time (s) : 421.6283,422.3252,423.5749,425.1268,426.61,427.9318,429.0922,430.1479,431.2722,432.3966,433.4163,434.3793,435.1656,435.7011,436.0599,436.398,436.7568,437.2563,437.8812,438.5421,439.203,439.8639,440.5608,441.383,442.31,443.0963,443.6318,444.0266,444.5261,445.151,445.8119,446.4728,447.1337,447.7586,448.2581,448.6529,449.1164,449.5799,449.9747,450.4742,451.099,451.796,452.6182,453.5812,454.5649,455.5279,456.3502,457.0471,457.708,458.3689,459.0298,459.6907,460.3516,461.0124,461.6733,462.3342,462.9951,463.656,464.2809,464.7804,465.1392,465.4773,465.8001,466.1382,466.461,466.7991,467.1219,467.46,467.8188,468.2823,468.7458,469.1046,469.4427,469.8015,470.301,470.9258,471.5867,472.2476,472.9085,473.5694,474.2303,474.8912,475.5521,476.249,477.0353,477.8009,478.3931,479.126,480.1784,481.2667,482.125,482.7859,483.2854,483.6802,484.1797,484.7686,485.2681,485.6629,486.1624,486.7513,487.2148,487.4482,487.6456,487.9477,488.3065,488.77,489.2335,489.6643,490.2892,491.0547,491.7723,492.5739,493.3602,494.0571,494.718,495.3429,495.8424,496.2372,496.7007,497.1642,497.595,498.2919,499.3443,500.4326,501.2909,501.9878,502.6127,503.1122,503.507,504.0065,504.6314,505.3283,506.1506,507.0776,507.8999,508.5968,509.2577,509.9186,510.5794,511.2403,511.8652,512.3647,512.7235,513.0616,513.3844,513.7225,514.0453,514.3474,514.5448,514.7782,515.2417,515.8666,516.4915,516.991,517.3858,517.8493,518.3128,518.6716,519.0097,519.3685,519.868,520.4568,520.9563,521.3151,521.6532,521.976,522.2781

Position (um) : 1.4864,1.4872,1.4917,1.5007,1.5104,1.519,1.5272,1.5358,1.546,1.5575,1.5676,1.5758,1.582,1.5864,1.5906,1.5946,1.5987,1.6027,1.6069,1.6114,1.6171,1.6233,1.6301,1.6396,1.6489,1.6555,1.6599,1.6641,1.6685,1.6747,1.6824,1.6906,1.6983,1.7045,1.709,1.7127,1.7151,1.7176,1.7209,1.7233,1.7257,1.7295,1.7335,1.7372,1.7392,1.7396,1.7396,1.7396,1.7396,1.7396,1.7392,1.7368,1.731,1.7233,1.7151,1.707,1.6988,1.6906,1.6824,1.6743,1.6661,1.6584,1.6522,1.6478,1.6436,1.6396,1.6354,1.6314,1.6277,1.6253,1.6228,1.6191,1.6151,1.6109,1.6065,1.6007,1.5955,1.593,1.5926,1.5926,1.5926,1.5926,1.593,1.595,1.5987,1.6027,1.6069,1.6118,1.62,1.631,1.6407,1.6473,1.6522,1.6584,1.6666,1.6767,1.6886,1.7008,1.7122,1.7204,1.7257,1.7315,1.7372,1.7416,1.7458,1.7502,1.756,1.7617,1.7666,1.7728,1.78,1.7862,1.7911,1.7973,1.805,1.8132,1.8209,1.8266,1.8295,1.832,1.8352,1.8372,1.8377,1.8377,1.8377,1.8377,1.8372,1.8352,1.8315,1.8266,1.8185,1.8074,1.7977,1.7911,1.7862,1.7796,1.7703,1.7604,1.7511,1.7392,1.7262,1.7156,1.707,1.6988,1.6906,1.6829,1.6767,1.6718,1.6661,1.6599,1.6526,1.6411,1.6281,1.6175,1.6089,1.6007,1.593,1.5868,1.5824,1.5782,1.5742,1.5701,1.5661,1.5619,1.5579,1.5542,1.5522

Intensity : 313.644,312.9085,311.2002,309.8567,308.7118,307.7011,306.6887,305.5239,304.0793,301.7173,299.5131,297.7915,296.5309,295.6533,294.8514,294.0981,293.3216,292.7828,292.3946,292.0073,291.5309,291.0492,290.9751,291.186,291.5242,291.9056,292.1654,292.273,292.4801,292.6761,292.7663,292.8048,292.8725,293.0308,293.2668,293.5137,293.4831,293.2385,292.962,292.7091,292.427,292.0555,291.6406,291.2074,290.8673,290.6191,290.4286,290.2671,289.959,289.423,288.912,288.5132,288.2994,288.1978,288.1212,288.0577,288.4357,288.849,289.3237,289.92,290.6381,291.3354,291.8718,292.1901,292.4524,292.677,292.9334,293.1522,293.3212,293.2504,293.1772,293.3376,293.5418,293.7488,293.8694,294.0346,294.5362,294.4834,294.0305,293.4888,292.9471,292.7182,293.1824,293.3619,293.2502,293.2537,293.2457,293.2627,293.1358,292.6783,292.1744,291.8789,291.6642,291.2362,290.6857,290.0207,289.125,288.1462,287.6983,287.8959,288.1006,288.0452,287.9505,288.0256,288.1678,288.3977,288.5541,288.6726,289.0217,289.4295,289.7188,289.5592,289.2586,288.8435,288.2879,287.6603,287.1934,286.8496,286.6394,286.4497,286.2171,286.013,285.84,285.6858,285.1344,284.6052,284.1538,283.8752,283.7597,283.612,283.5103,283.7003,283.8156,283.5584,283.2308,283.1291,283.249,283.6091,283.9247,284.4345,285.0479,285.5541,286.0054,286.8732,287.7614,288.5943,289.2413,289.7353,290.4004,291.1128,291.8795,293.1531,294.6711,295.9392,296.9897,297.9686,299.2322,300.2471,300.8973,301.4656,301.8583,302.1959,302.5611,303.0838,303.5779,304.0262,304.137

Time pixel : 48.8507,48.9315,49.0763,49.2561,49.4279,49.5811,49.7155,49.8378,49.9681,50.0984,50.2165,50.3281,50.4192,50.4812,50.5228,50.562,50.6035,50.6614,50.7338,50.8104,50.887,50.9635,51.0443,51.1396,51.247,51.3381,51.4001,51.4458,51.5037,51.5761,51.6527,51.7293,51.8058,51.8782,51.9361,51.9819,52.0356,52.0893,52.135,52.1929,52.2653,52.346,52.4413,52.5529,52.6668,52.7784,52.8737,52.9544,53.031,53.1076,53.1841,53.2607,53.3373,53.4139,53.4904,53.567,53.6436,53.7201,53.7925,53.8504,53.892,53.9312,53.9686,54.0077,54.0451,54.0843,54.1217,54.1609,54.2025,54.2562,54.3099,54.3514,54.3906,54.4322,54.49,54.5624,54.639,54.7156,54.7922,54.8687,54.9453,55.0219,55.0985,55.1792,55.2703,55.359,55.4276,55.5125,55.6345,55.7606,55.86,55.9366,55.9944,56.0402,56.0981,56.1663,56.2242,56.2699,56.3278,56.396,56.4497,56.4768,56.4996,56.5346,56.5762,56.6299,56.6836,56.7335,56.8059,56.8946,56.9778,57.0706,57.1617,57.2425,57.3191,57.3915,57.4493,57.4951,57.5488,57.6025,57.6524,57.7331,57.8551,57.9812,58.0806,58.1613,58.2337,58.2916,58.3374,58.3952,58.4676,58.5484,58.6437,58.7511,58.8463,58.9271,59.0036,59.0802,59.1568,59.2334,59.3058,59.3636,59.4052,59.4444,59.4818,59.521,59.5584,59.5934,59.6162,59.6433,59.697,59.7694,59.8418,59.8996,59.9454,59.9991,60.0528,60.0944,60.1335,60.1751,60.233,60.3012,60.3591,60.4006,60.4398,60.4772,60.5122

Position pixel : 13.9303,13.9386,13.9802,14.0647,14.1558,14.2366,14.3131,14.3939,14.4891,14.5965,14.6918,14.7684,14.8263,14.8678,14.907,14.9444,14.9836,15.021,15.0602,15.1017,15.1554,15.2133,15.2777,15.3664,15.4534,15.5154,15.557,15.5962,15.6377,15.6956,15.768,15.8446,15.917,15.9748,16.0164,16.0514,16.0743,16.0972,16.128,16.1509,16.1737,16.2087,16.2461,16.2811,16.2998,16.304,16.304,16.304,16.304,16.304,16.2998,16.277,16.2233,16.1509,16.0743,15.9977,15.9211,15.8446,15.768,15.6914,15.6149,15.5425,15.4846,15.443,15.4038,15.3664,15.3273,15.2899,15.2549,15.232,15.2091,15.1741,15.1367,15.0976,15.056,15.0023,14.9528,14.9299,14.9257,14.9257,14.9257,14.9257,14.9299,14.9486,14.9836,15.021,15.0602,15.1059,15.1825,15.2857,15.3768,15.4388,15.4846,15.5425,15.619,15.7143,15.8259,15.9398,16.0472,16.1238,16.1737,16.2274,16.2811,16.3227,16.3619,16.4035,16.4572,16.5109,16.5566,16.6145,16.6827,16.7406,16.7863,16.8442,16.9166,16.9932,17.0656,17.1193,17.1463,17.1692,17.2,17.2187,17.2229,17.2229,17.2229,17.2229,17.2187,17.2,17.165,17.1193,17.0427,16.9395,16.8484,16.7863,16.7406,16.6785,16.5916,16.4987,16.4114,16.2998,16.1779,16.0785,15.9977,15.9211,15.8446,15.7722,15.7143,15.6686,15.6149,15.557,15.4884,15.381,15.259,15.1596,15.0789,15.0023,14.9299,14.872,14.8304,14.7913,14.7539,14.7147,14.6773,14.6381,14.6007,14.5657,14.547

Brightness max : 439.19
Brightness min : 261.00
Feature direction : Ambiguous
Feature speed : Slow
Feature type : Curve
Start frame : 1
End frame : 85
Start time (s) : 0.000
End time (s) : 725.000
Time step (s) : 8.631

