KYMOANALYSIS DATA

General Information :

Tiff path : E:\Google Drive\microtubule dynamics and cut7\21-15 screens and tests\cut11-7\21-07-12&22 (cut11-7, cut7-3GFP, Klp5D, mts)\
Spindle type : Monopolar
Start frame : 1
End frame : 87
Start time (s) : 0.000
End time (s) : 732.000
Time step (s) : 8.512
Num poles : 1
Num tracks : 3
Num tracks poleward : 0
Num tracks antipoleward : 0
Num tracks ambiguous : 3
Comments : {

}
Poles Information :


Pole number : 1

Time (s) : 8.511628,17.12339,25.73516,34.34692,42.95869,51.57045,60.18222,68.79398,77.40575,86.01751,94.62927,103.241,111.8528,120.4646,129.0763,137.6881,146.2999,154.9116,163.5234,172.1352,180.7469,189.3587,197.9705,206.5822,215.194,223.8057,232.4175,241.0293,249.641,258.2528,266.8646,275.4763,284.0881,292.6999,301.3116,309.9234,318.5352,327.1469,335.7587,344.3705,352.9822,361.594,370.2057,378.8175,387.4293,396.041,404.6528,413.2646,421.8763,430.4881,439.0999,447.7116,456.3234,464.9352,473.5469,482.1587,490.7705,499.3822,507.994,516.6057,525.2175,533.8293,542.441,551.0528,559.6646,568.2763,576.8881,585.4999,594.1116,602.7234,611.3352,619.9469,628.5587,637.1705,645.7822,654.394,663.0057,671.6175,680.2293,688.841,697.4528,706.0646,714.6763,723.2881,731.8999,740.5116

Position (um) : 2.6139,2.6141,2.6143,2.6144,2.6146,2.6148,2.615,2.6152,2.6154,2.6156,2.6158,2.616,2.6162,2.6164,2.6166,2.6168,2.617,2.6172,2.6174,2.6176,2.6178,2.618,2.6182,2.6184,2.6186,2.6188,2.619,2.6192,2.6194,2.6196,2.6198,2.62,2.6202,2.6204,2.6206,2.6207,2.6209,2.6211,2.6213,2.6215,2.6217,2.6219,2.6221,2.6223,2.6225,2.6227,2.6229,2.6231,2.6233,2.6235,2.6237,2.6239,2.6241,2.6243,2.6245,2.6247,2.6249,2.6251,2.6253,2.6255,2.6257,2.6259,2.6261,2.6263,2.6265,2.6267,2.6268,2.627,2.6272,2.6274,2.6276,2.6278,2.628,2.6282,2.6284,2.6286,2.6288,2.629,2.6292,2.6294,2.6296,2.6298,2.63,2.6302,2.6304,2.6306

Intensity : 1845.3988,1916.8612,1991.9214,1941.3654,1848.8536,1782.8005,1797.8477,1863.1965,1847.767,1883.3826,1870.6074,1908.2269,1886.3737,1894.7984,1843.0762,1830.2375,1827.3152,1872.8831,1872.5288,1826.0125,1829.6629,1822.1553,1832.6002,1812.1092,1825.161,1859.0223,1878.1912,1895.5473,1876.8858,1890.2679,1899.5972,1909.9603,1884.417,1829.2995,1792.9437,1795.1701,1807.647,1776.0774,1715.0196,1666.0401,1669.9065,1705.8504,1761.6031,1771.6475,1725.3,1660.7596,1615.2535,1595.6461,1587.0418,1597.6513,1615.6916,1650.8942,1697.3616,1729.1645,1722.0734,1702.2879,1683.8357,1685.9947,1684.8918,1647.7197,1592.9644,1562.2091,1556.5523,1559.2662,1556.5392,1603.0037,1601.2689,1556.4304,1470.8558,1422.2974,1411.5196,1389.4467,1382.899,1350.4006,1380.4463,1423.5573,1465.1996,1485.111,1454.8504,1436.9403,1397.4555,1392.2482,1386.4994,1384.2132,1355.6455,1315.4649

Time pixel : 1,2.01176,3.02353,4.03529,5.04706,6.05882,7.07059,8.08235,9.09412,10.1059,11.1176,12.1294,13.1412,14.1529,15.1647,16.1765,17.1882,18.2,19.2118,20.2235,21.2353,22.2471,23.2588,24.2706,25.2824,26.2941,27.3059,28.3176,29.3294,30.3412,31.3529,32.3647,33.3765,34.3882,35.4,36.4118,37.4235,38.4353,39.4471,40.4588,41.4706,42.4824,43.4941,44.5059,45.5176,46.5294,47.5412,48.5529,49.5647,50.5765,51.5882,52.6,53.6118,54.6235,55.6353,56.6471,57.6588,58.6706,59.6824,60.6941,61.7059,62.7176,63.7294,64.7412,65.7529,66.7647,67.7765,68.7882,69.8,70.8118,71.8235,72.8353,73.8471,74.8588,75.8706,76.8824,77.8941,78.9059,79.9176,80.9294,81.9412,82.9529,83.9647,84.9765,85.9882,87

Position pixel : 24.4973,24.4991,24.501,24.5028,24.5046,24.5065,24.5083,24.5102,24.512,24.5139,24.5157,24.5176,24.5194,24.5212,24.5231,24.5249,24.5268,24.5286,24.5305,24.5323,24.5342,24.536,24.5378,24.5397,24.5415,24.5434,24.5452,24.5471,24.5489,24.5508,24.5526,24.5544,24.5563,24.5581,24.56,24.5618,24.5637,24.5655,24.5674,24.5692,24.571,24.5729,24.5747,24.5766,24.5784,24.5803,24.5821,24.584,24.5858,24.5877,24.5895,24.5913,24.5932,24.595,24.5969,24.5987,24.6006,24.6024,24.6043,24.6061,24.6079,24.6098,24.6116,24.6135,24.6153,24.6172,24.619,24.6209,24.6227,24.6245,24.6264,24.6282,24.6301,24.6319,24.6338,24.6356,24.6375,24.6393,24.6411,24.643,24.6448,24.6467,24.6485,24.6504,24.6522,24.6541

Pole type : Line
Start frame : 1
End frame : 87
Start time (s) : 0.000
End time (s) : 732.000
Time step (s) : 8.512

Feature Information :


Feature number : 1

Time (s) : 25.76279,26.23076,26.89803,27.76461,28.8635,29.96238,30.82896,31.53259,32.19987,32.86714,33.57078,34.401,35.33693,36.16716,36.87079,37.53806,38.20534,38.87261,39.53989,40.20716,40.87444,41.54171,42.20898,42.87626,43.54353,44.21081,44.87808,45.54536,46.21263,46.91626,47.78285,48.84537,49.7813,50.37923,50.91991,51.58718,52.41741,53.35334,54.18356,54.92356,55.75378,56.72607,57.7556,58.9272,60.22539,61.52358,62.65882,63.56176,64.42835,65.36428,66.23086,67.09744,68.10609,69.29858,70.70247,71.96431,72.86725,73.60724,74.43746,75.40975,76.40293,77.37522,78.20544,78.90908,79.61271,80.44293,81.37886,82.20909,82.91272,83.58,84.24727,84.91454,85.58182,86.24909,86.91637,87.58364,88.25092,88.91819,89.54911,90.08979,90.65136,91.4607,92.45387,93.66183,95.15933,96.88912,98.49233,99.75753,100.9291,102.028,102.931,103.7975,104.7698,105.763,106.7717,107.8012,108.9364,110.0353,110.9382,111.8412,112.9401,114.0753,115.1412,116.2764,117.3753,118.2419,118.9819,119.8121,120.7481,121.5783,122.2819,122.9492,123.6528,124.483,125.419,126.2492,126.9528,127.6201,128.3237,129.154,130.0899,130.9201,131.6238,132.291,132.9583,133.6256,134.2928,134.9238,135.4281,135.8267,136.331,136.9256,137.4299,137.8285,138.3329,138.9638,139.6674,140.4976,141.5063,142.7351,144.3747,146.3038,148.2329,149.8361,150.9384,151.8777,152.9765,154.0754,154.942,155.6456,156.3129,157.0165,157.8831,158.982,160.0809,161.0202,162.1588,163.8886,165.887,167.5839,168.9911,170.3257,171.6966,173.2304,175.0693,177.1977,179.4318,181.3973,183.0402,184.7007,186.3732,187.5657,188.3421,189.0093,189.713,190.6159,191.9868,193.9887,196.585,199.4137,201.8471,203.5439,204.6253,205.4226,206.4676,207.9287,209.6585,211.1526,211.8199,211.6603,211.2651,211.0658

Position (um) : 1.9004,1.8965,1.892,1.8857,1.8778,1.8698,1.8635,1.859,1.8547,1.8506,1.8463,1.8418,1.8359,1.8305,1.8276,1.8251,1.8217,1.8197,1.8192,1.8192,1.8197,1.8222,1.8276,1.8334,1.8384,1.8448,1.8527,1.8606,1.8669,1.8719,1.8778,1.8836,1.8882,1.892,1.8945,1.897,1.9004,1.9024,1.9028,1.9028,1.9028,1.9028,1.9028,1.9024,1.8999,1.894,1.8866,1.8803,1.8757,1.8714,1.8669,1.861,1.8547,1.8477,1.8384,1.8305,1.8255,1.8212,1.8172,1.8129,1.8088,1.8045,1.8004,1.7966,1.7941,1.7912,1.7853,1.7778,1.7715,1.7665,1.7606,1.7548,1.7498,1.7435,1.736,1.7297,1.7247,1.7188,1.713,1.708,1.7016,1.6937,1.6854,1.6765,1.6661,1.6544,1.644,1.6352,1.6273,1.6209,1.6164,1.6121,1.6076,1.6017,1.5958,1.5913,1.587,1.5829,1.5791,1.5771,1.5766,1.5766,1.5766,1.5766,1.5762,1.5741,1.5708,1.5687,1.5683,1.5683,1.5683,1.5683,1.5687,1.5708,1.5741,1.5766,1.5791,1.5825,1.585,1.5875,1.5909,1.5929,1.5934,1.5929,1.5909,1.587,1.5829,1.5787,1.5741,1.5678,1.5603,1.554,1.549,1.5432,1.5373,1.5328,1.5289,1.5269,1.5264,1.5273,1.5314,1.5386,1.5447,1.549,1.5511,1.552,1.5545,1.5599,1.5653,1.5678,1.5687,1.5708,1.5746,1.5787,1.5829,1.5875,1.5943,1.6047,1.6184,1.6318,1.641,1.6485,1.6587,1.6711,1.6867,1.7071,1.7306,1.7514,1.7695,1.7878,1.8049,1.8153,1.8192,1.8217,1.8255,1.8296,1.8343,1.8414,1.8536,1.8689,1.8832,1.894,1.9024,1.9087,1.9142,1.9234,1.9384,1.953,1.96,1.9619,1.9639,1.9673

Intensity : 319.4389,318.5773,317.5755,316.2229,314.5999,313.0534,311.8707,311.0634,310.3292,309.6574,308.9805,307.7709,305.4618,303.3747,301.9116,300.5809,299.0873,297.842,296.8943,296.0319,295.255,294.861,295.0128,295.5727,296.313,297.2822,298.5221,299.7388,300.6476,301.2888,302.0066,302.6259,303.0413,303.4539,303.6562,303.9959,304.562,304.9222,305.0061,305.0063,305.0065,305.0067,305.0069,304.9066,304.9165,304.791,304.2236,303.7288,303.6082,303.6359,303.5676,303.2602,303.0303,301.6522,299.9228,298.5133,297.6652,296.9594,296.3184,295.7626,295.4966,295.1522,294.8324,294.5546,294.4072,294.2526,293.9199,293.51,293.2049,293.0147,292.8016,292.6231,292.2087,291.5946,290.9284,290.3337,289.8183,289.2649,288.7332,288.2856,287.7546,287.0385,286.2141,285.2989,285.7011,286.1404,286.5364,286.7846,287.0093,287.2732,286.9365,286.5465,286.1351,285.6492,285.0872,284.6168,284.166,283.7441,283.3228,282.9335,282.6117,282.3151,282.0366,281.74,281.4153,281.0183,280.5395,280.1353,279.8341,279.6005,279.4024,279.2146,279.0505,278.9644,278.9335,278.8608,278.8177,278.8353,279.0252,279.2564,279.5739,279.8009,279.9017,279.9275,279.8195,279.5506,279.242,278.8963,278.5049,277.932,277.2625,276.7957,276.458,276.041,275.6741,275.4797,275.3899,275.4989,275.7939,276.2539,277.0177,278.1657,279.3093,280.2292,280.8136,281.2624,281.8834,282.2342,282.4873,282.5685,282.55,282.6013,282.7503,282.8893,283.0409,283.2285,283.4819,283.8332,284.6135,285.572,286.305,286.8757,286.7942,286.8163,286.9121,287.2605,288.5578,290.3929,292.1567,294.076,295.9635,297.1722,297.6478,297.8869,298.3586,298.7911,299.1431,299.6285,300.9683,303.3715,305.6197,307.3548,308.5615,309.227,309.5846,310.8463,314.9515,319.0093,320.9599,321.6871,322.6513,323.9365

Time pixel : 3.02678,3.08176,3.16015,3.26196,3.39107,3.52017,3.62198,3.70465,3.78304,3.86144,3.94411,4.04165,4.15161,4.24915,4.33181,4.41021,4.48861,4.567,4.6454,4.72379,4.80219,4.88058,4.95898,5.03737,5.11577,5.19417,5.27256,5.35096,5.42935,5.51202,5.61383,5.73866,5.84862,5.91887,5.98239,6.06079,6.15833,6.26829,6.36583,6.45277,6.55031,6.66454,6.78549,6.92314,7.07566,7.22818,7.36156,7.46764,7.56945,7.67941,7.78122,7.88303,8.00154,8.14164,8.30657,8.45482,8.56091,8.64785,8.74538,8.85962,8.9763,9.09053,9.18807,9.27074,9.35341,9.45095,9.5609,9.65844,9.74111,9.81951,9.8979,9.9763,10.0547,10.1331,10.2115,10.2899,10.3683,10.4467,10.5208,10.5843,10.6503,10.7454,10.8621,11.004,11.1799,11.3831,11.5715,11.7201,11.8578,11.9869,12.093,12.1948,12.309,12.4257,12.5442,12.6652,12.7985,12.9276,13.0337,13.1398,13.2689,13.4023,13.5275,13.6609,13.79,13.8918,13.9787,14.0763,14.1862,14.2838,14.3665,14.4448,14.5275,14.6251,14.735,14.8326,14.9152,14.9936,15.0763,15.1738,15.2838,15.3813,15.464,15.5424,15.6208,15.6992,15.7776,15.8517,15.911,15.9578,16.017,16.0869,16.1461,16.193,16.2522,16.3263,16.409,16.5066,16.6251,16.7694,16.9621,17.1887,17.4153,17.6037,17.7332,17.8435,17.9727,18.1018,18.2036,18.2862,18.3646,18.4473,18.5491,18.6782,18.8073,18.9177,19.0514,19.2547,19.4895,19.6888,19.8541,20.0109,20.172,20.3522,20.5683,20.8183,21.0808,21.3117,21.5047,21.6998,21.8963,22.0364,22.1276,22.206,22.2887,22.3948,22.5558,22.791,23.0961,23.4284,23.7143,23.9136,24.0407,24.1343,24.2571,24.4288,24.632,24.8075,24.8859,24.8672,24.8208,24.7973

Position pixel : 17.8102,17.7744,17.7318,17.6726,17.5985,17.5243,17.4651,17.4225,17.3824,17.3441,17.304,17.2615,17.2065,17.1558,17.1281,17.1047,17.0731,17.054,17.0497,17.0497,17.054,17.0774,17.1281,17.1831,17.2299,17.2891,17.3633,17.4374,17.4966,17.5435,17.5985,17.6534,17.696,17.7318,17.7552,17.7787,17.8102,17.8294,17.8336,17.8336,17.8336,17.8336,17.8336,17.8294,17.8059,17.751,17.6811,17.6219,17.5793,17.5392,17.4966,17.4417,17.3824,17.3164,17.2299,17.1558,17.1089,17.0688,17.0305,16.9904,16.9521,16.912,16.8737,16.8379,16.8145,16.7868,16.7318,16.662,16.6027,16.5559,16.5009,16.4459,16.3991,16.3398,16.27,16.2107,16.1639,16.1089,16.054,16.0071,15.9479,15.8737,15.7954,15.7127,15.6151,15.5052,15.4076,15.325,15.2509,15.1916,15.149,15.1089,15.0664,15.0114,14.9564,14.9139,14.8737,14.8355,14.7996,14.7805,14.7762,14.7762,14.7762,14.7762,14.7719,14.7528,14.7212,14.7021,14.6978,14.6978,14.6978,14.6978,14.7021,14.7212,14.7528,14.7762,14.7996,14.8312,14.8546,14.878,14.9096,14.9287,14.933,14.9287,14.9096,14.8737,14.8355,14.7954,14.7528,14.6935,14.6237,14.5644,14.5176,14.4626,14.4076,14.3651,14.3293,14.3101,14.3058,14.3144,14.3527,14.4201,14.4775,14.5176,14.5367,14.5453,14.5687,14.6194,14.6701,14.6935,14.7021,14.7212,14.7571,14.7954,14.8355,14.878,14.9415,15.0391,15.1682,15.293,15.38,15.4502,15.5453,15.662,15.8082,15.999,16.2189,16.414,16.5836,16.7552,16.9159,17.0134,17.0497,17.0731,17.1089,17.1472,17.1916,17.2576,17.3718,17.5158,17.6492,17.751,17.8294,17.8886,17.9397,18.0267,18.1664,18.3036,18.3696,18.3867,18.4058,18.4374

Brightness max : 495.49
Brightness min : 237.00
Feature direction : Ambiguous
Feature speed : Slow
Feature type : Curve
Start frame : 1
End frame : 87
Start time (s) : 0.000
End time (s) : 732.000
Time step (s) : 8.512

Feature number : 2

Time (s) : 394.2421,394.6511,395.5789,397.0661,398.4828,399.3505,399.8681,400.3129,400.7578,401.2026,401.6232,401.9594,402.2252,402.5372,402.8491,403.1149,403.4511,403.8475,404.1837,404.4494,404.7856,405.2305,405.7597,406.2751,406.6737,407.1428,407.7425,408.296,408.765,409.2099,409.679,410.2325,410.8807,411.5428,412.1667,412.6116,412.9016,413.2378,413.6826,414.2361,414.8601,415.4135,415.8826,416.3275,416.7723,417.2172,417.662,418.1069,418.5517,418.9966,419.4414,419.8863,420.3554,420.9331,421.6657,422.3983,422.976,423.4451,423.9142,424.4677,425.1158,425.778,426.4262,427.0039,427.5816,428.2056,428.759,429.2281,429.673,430.1178,430.5384,430.8747,431.1404,431.4766,431.8972,432.3663,432.8956,433.4109,433.7853,434.1215,434.4334,434.6992,435.0354,435.456,435.9009,436.3215,436.6577,436.9234,437.2597,437.6803,438.1251,438.5457,438.8577

Position (um) : 3.205,3.2059,3.2109,3.2223,3.2362,3.247,3.2535,3.2582,3.2639,3.271,3.28,3.2877,3.2925,3.2959,3.3001,3.3053,3.3109,3.3165,3.3221,3.3277,3.3332,3.3385,3.3427,3.3457,3.3486,3.3516,3.3555,3.3594,3.3625,3.3653,3.3681,3.3709,3.3736,3.3762,3.3778,3.3795,3.3818,3.3831,3.3834,3.3834,3.3834,3.3834,3.3834,3.3834,3.3834,3.3834,3.3834,3.3834,3.3834,3.3834,3.3834,3.3834,3.3834,3.3834,3.3834,3.3834,3.3834,3.3834,3.3831,3.3818,3.3792,3.3765,3.3736,3.3703,3.365,3.3589,3.3542,3.3497,3.3444,3.3391,3.3349,3.3319,3.329,3.3263,3.3234,3.3204,3.3162,3.3112,3.307,3.3037,3.2998,3.2959,3.2925,3.2886,3.285,3.283,3.2814,3.2791,3.2775,3.2755,3.2713,3.265,3.2588

Intensity : 331.6709,332.3765,332.6912,331.4604,328.5754,325.4817,323.5296,322.2422,320.4063,317.7799,314.039,310.7015,308.6484,307.3965,305.6421,303.216,301.632,300.7745,299.7961,298.6984,297.634,296.7025,296.0679,295.691,295.232,294.7498,294.0715,293.3056,292.6562,291.9753,291.3347,290.6781,290.0858,289.5409,289.2469,288.8833,288.2793,287.9651,288.0193,288.206,288.4165,288.6032,288.7614,288.9114,289.0615,289.0104,288.5535,288.0966,287.6397,287.1828,286.7259,286.269,285.7873,285.1939,284.4415,283.6891,283.0957,282.6139,282.2181,282.0286,282.0564,282.0618,282.007,282.1258,282.687,283.33,283.6477,283.9975,284.5101,284.971,285.1919,285.2674,285.4082,285.379,285.2021,284.9431,284.7663,284.7074,284.9196,285.7416,287.154,288.5973,289.7017,290.9517,292.0233,292.4035,292.7382,293.3892,293.7086,294.0501,295.2816,297.3874,299.524

Time pixel : 46.3181,46.3661,46.4751,46.6498,46.8163,46.9182,46.979,47.0313,47.0836,47.1358,47.1852,47.2247,47.256,47.2926,47.3293,47.3605,47.4,47.4466,47.4861,47.5173,47.5568,47.609,47.6712,47.7318,47.7786,47.8337,47.9042,47.9692,48.0243,48.0766,48.1317,48.1967,48.2729,48.3507,48.424,48.4762,48.5103,48.5498,48.6021,48.6671,48.7404,48.8054,48.8605,48.9128,48.9651,49.0173,49.0696,49.1218,49.1741,49.2264,49.2786,49.3309,49.386,49.4539,49.54,49.626,49.6939,49.749,49.8041,49.8692,49.9453,50.0231,50.0992,50.1671,50.235,50.3083,50.3733,50.4284,50.4807,50.533,50.5824,50.6219,50.6531,50.6926,50.742,50.7971,50.8593,50.9199,50.9638,51.0033,51.04,51.0712,51.1107,51.1601,51.2124,51.2618,51.3013,51.3325,51.372,51.4215,51.4737,51.5231,51.5598

Position pixel : 30.0372,30.0458,30.0926,30.1997,30.3295,30.4312,30.492,30.536,30.5894,30.6561,30.7405,30.8126,30.8578,30.8891,30.9286,30.978,31.0302,31.0825,31.1348,31.187,31.2393,31.2887,31.3282,31.3566,31.3833,31.4117,31.4483,31.485,31.5134,31.5401,31.5656,31.5924,31.6179,31.6418,31.6574,31.673,31.6941,31.7068,31.7097,31.7097,31.7097,31.7097,31.7097,31.7097,31.7097,31.7097,31.7097,31.7097,31.7097,31.7097,31.7097,31.7097,31.7097,31.7097,31.7097,31.7097,31.7097,31.7097,31.7068,31.6941,31.6702,31.6446,31.6179,31.5867,31.5373,31.4796,31.4356,31.3932,31.3438,31.2944,31.2549,31.2265,31.1998,31.1743,31.1475,31.1192,31.0797,31.0331,30.9936,30.9624,30.9257,30.8891,30.8578,30.8212,30.7874,30.7689,30.7533,30.7323,30.7167,30.6982,30.6587,30.5994,30.5417

Brightness max : 495.49
Brightness min : 237.00
Feature direction : Ambiguous
Feature speed : Slow
Feature type : Curve
Start frame : 1
End frame : 87
Start time (s) : 0.000
End time (s) : 732.000
Time step (s) : 8.512

Feature number : 3

Time (s) : 468.1657,468.5973,469.0653,469.5003,470.2039,471.2664,472.3653,473.2319,473.9719,474.8385,475.9373,476.9999,477.7035,478.1385,478.6064,479.0744,479.473,479.941,480.4453,480.9705,481.5805,482.1058,482.6464,483.2774,483.9446,484.5755,485.0799,485.4785,485.9828,486.6137,487.281,487.9846,488.8149,489.7508,490.581,491.2846,491.9519,492.6192,493.2501,493.7544,494.1531,494.6574,495.2883,495.9556,496.6592,497.4894,498.4254,499.2919,500.1949,501.2938,502.3926,503.3319,504.3978,505.7654,507.0272,507.9665,508.8694,509.9683,511.0672,511.9338,512.6374,513.3047,514.0083,514.8386,515.8108,516.804,517.7763,518.6429,519.5259,520.6094,521.8194,522.9025,523.7168,524.3678,525.0187,525.8322,526.8778,527.9232,528.7359,529.3491,529.7626,529.9435,530.0877,530.3373,530.6073,530.8924,531.198,531.6815,532.454,533.5311,534.7342,535.8102,536.6169,537.26,537.8661,538.4715,539.0762,539.6801,540.2833,540.922,541.6865,542.5195,543.1193,543.4496,543.7217,544.0501,544.6462,545.4736,546.2308,546.824,547.2533,547.5396,547.8041,548.0885,548.514,549.0289,549.4527,549.77,550.1559,550.541,550.8198,551.0771,551.3184,551.5747,551.8515,552.2702,552.7788,553.1972,553.4736,553.6929,553.8067,553.921,554.1052,554.2207,554.337,554.56,554.8414,555.2662,555.7826,556.2104,556.5343,556.9294,557.363,557.856,558.5993,559.5289,560.6033,561.6442,562.4557,563.1075,563.7262,564.3483,564.9739,565.5667,566.0367,566.4412,567.0818,567.9588,568.7704,569.5322,570.5877,572.1846,574.148,576.2424,578.2303,580.105,582.4281,585.0782,587.3948,589.1731,590.6351,592.1136,593.3813,594.1675,594.6525,595.2106,595.8625,596.4275,596.9263,597.6242,598.4306,599.0646,599.6802,600.4247,601.298,602.1159,602.5975,602.9541,603.508,604.226,604.9814,605.7377,606.4946,607.252,608.0098,608.7678,609.5258,610.2838,611.0416,611.8354,612.7554,613.817,614.9352,616.1948,617.5802,619.0011,620.3849,621.6047,622.5549,623.3411,624.09,624.8378,625.5845,626.3301,627.0747,627.8182,628.5606,629.302,630.0423,630.7816,631.4836,632.0216,632.3264,632.5939,632.9299,633.1957,633.4607,633.8669,634.4199,635.0934,635.645,636.0485,636.3093,636.6058,637.0978,637.5893,637.848,637.9796,638.2374,638.7271,639.2528,639.6724,640.0708,640.4898,641.0505,641.7375,642.4242,642.9841,643.4381,643.9611,644.4839,644.9008,645.2621,645.588,645.893,646.0923,646.2916,646.5603,646.7596,646.9589,647.2275,647.4269,647.6625,648.1305,648.7978,649.5916,650.4373,651.3611,652.6748,654.2625,655.8658,657.1639,658.0669,658.7705,659.4378,660.1051,660.7723,661.4396,662.0705,662.6112,663.2455,664.4535,666.528,669.9405,675.2234,681.5238,686.9368,690.9229,693.755,695.5938,696.4968,696.8052,697.0045,697.3095,697.6354,697.9404,698.1033,698.1761,698.339,698.644,698.9699,699.3113,699.6372,699.9422,700.1415,700.3772,700.8452,701.4397,701.944,702.379,703.0463,703.9095,704.6131,705.1747,705.7847,706.3099,706.8506,707.4815,708.1488,708.8161,709.447,709.9513,710.3136,710.655,711.0172,711.4852,711.9168

Position (um) : 1.8497,1.8438,1.8355,1.8242,1.8074,1.7857,1.7631,1.7423,1.7229,1.7025,1.677,1.6519,1.6336,1.618,1.6017,1.585,1.5683,1.552,1.5373,1.5244,1.5113,1.4959,1.4758,1.4536,1.4328,1.4148,1.4014,1.3892,1.3729,1.3524,1.3295,1.3056,1.2843,1.2642,1.2425,1.2224,1.2061,1.1893,1.1722,1.1588,1.148,1.1378,1.1287,1.1186,1.1082,1.0973,1.0861,1.0781,1.0747,1.0722,1.0689,1.0668,1.0664,1.0664,1.0664,1.0664,1.0664,1.0668,1.0689,1.0727,1.0772,1.0836,1.0915,1.0998,1.1082,1.1166,1.1249,1.1333,1.1424,1.1543,1.1698,1.1853,1.1992,1.2098,1.2204,1.2323,1.246,1.2592,1.2691,1.2753,1.2797,1.2855,1.2929,1.3007,1.3085,1.3158,1.3216,1.326,1.3317,1.339,1.3464,1.3516,1.3535,1.3534,1.3527,1.3521,1.3515,1.3509,1.3502,1.3491,1.3459,1.3394,1.3313,1.3238,1.3161,1.3052,1.292,1.2766,1.2601,1.2446,1.2314,1.2205,1.2127,1.2047,1.1939,1.1814,1.1702,1.1605,1.1509,1.1401,1.1291,1.1187,1.1057,1.0911,1.0768,1.0613,1.0441,1.027,1.0119,1.0002,0.99094,0.98376,0.97791,0.9712,0.9645,0.95867,0.95154,0.94328,0.93617,0.93086,0.92628,0.92305,0.91983,0.91578,0.91261,0.90947,0.90549,0.90286,0.90185,0.90133,0.90084,0.90084,0.90246,0.9059,0.90964,0.91361,0.91788,0.92398,0.93124,0.93742,0.94231,0.94857,0.95691,0.96734,0.9796,0.99308,1.0104,1.0323,1.0543,1.0717,1.0864,1.1035,1.1231,1.1403,1.1542,1.1669,1.1779,1.1873,1.1968,1.2078,1.2203,1.2314,1.2415,1.2531,1.2677,1.2823,1.2935,1.3011,1.307,1.3138,1.3205,1.3259,1.3311,1.3361,1.3409,1.3438,1.3456,1.3486,1.3529,1.3563,1.3597,1.364,1.3669,1.3682,1.3691,1.3695,1.3684,1.3658,1.3642,1.3625,1.36,1.3583,1.3566,1.3536,1.3498,1.3447,1.3396,1.3354,1.3298,1.323,1.3174,1.3131,1.308,1.3028,1.2985,1.2928,1.2851,1.2749,1.2613,1.2462,1.2326,1.2223,1.2141,1.2059,1.1961,1.185,1.1752,1.1674,1.1617,1.1573,1.1515,1.1442,1.1364,1.1286,1.1208,1.113,1.1052,1.0979,1.0921,1.0877,1.0819,1.0745,1.0664,1.058,1.0496,1.0413,1.0329,1.0245,1.0166,1.0103,1.0053,0.99945,0.99358,0.98859,0.98272,0.97685,0.97231,0.96803,0.96395,0.96012,0.95808,0.95808,0.96058,0.96645,0.97435,0.98272,0.99108,0.99899,1.0053,1.0099,1.0141,1.0191,1.0284,1.0474,1.0823,1.1287,1.1669,1.1905,1.2056,1.2165,1.2253,1.2337,1.242,1.2504,1.2588,1.2671,1.2755,1.2834,1.2902,1.2977,1.3094,1.3227,1.3336,1.3424,1.3512,1.3621,1.3759,1.3896,1.401,1.4118,1.4236,1.434,1.4428,1.4511,1.4595,1.4679,1.4762,1.4846,1.4934,1.5038,1.516,1.528,1.5382,1.5447,1.549,1.5511,1.5515

Intensity : 284.0746,283.9232,283.4689,282.5354,281.73,281.8045,281.6554,281.1479,280.4538,279.8129,279.3589,278.6195,277.8656,277.0784,276.2336,275.4057,274.5423,273.7496,273.0823,272.5442,272.0431,271.341,270.39,269.3416,268.3665,267.5219,266.8989,266.435,265.9729,265.4101,264.7519,264.0681,263.6523,264.0199,264.4789,264.9049,265.4025,265.9432,266.474,266.7201,266.5042,266.2888,266.0775,265.8288,265.5568,265.2477,264.8986,264.6178,264.4344,264.2469,264.15,264.5345,265.0229,265.6628,266.2531,266.6926,267.115,267.6494,267.8529,267.4872,267.2441,267.0891,266.9723,266.7981,266.5406,266.2707,266.0132,265.8177,265.6239,265.3452,265.0357,264.9561,265.0048,264.9847,264.9313,264.7705,264.4373,264.0483,263.8213,263.6333,263.5315,263.7101,264.013,264.2806,264.5482,264.7946,264.9505,264.9403,264.8708,264.7778,264.6751,264.5387,264.3018,263.988,263.6569,263.3256,262.9941,262.6624,262.3304,261.947,261.3507,260.469,259.5773,258.8622,258.1541,257.186,255.9186,255.4732,255.2539,254.9436,254.6044,254.2599,254.069,253.8853,253.681,253.46,253.29,253.2079,253.1731,253.0748,252.8602,252.6399,252.282,251.8529,251.4402,251.1629,251.0569,250.8417,250.681,250.5831,250.4441,250.363,250.3933,250.3267,250.2613,250.3416,250.4664,250.6937,251.0181,251.2849,251.4605,251.734,252.0353,252.353,252.9144,253.627,254.4113,255.2014,255.5402,255.7793,256.0058,256.2574,256.5922,257.0086,257.3941,257.7682,258.2616,258.9598,259.7052,260.3811,260.9341,260.9664,260.9437,260.8166,260.6863,260.7672,260.9821,261.2863,261.6106,261.499,261.4091,261.2852,261.2092,261.2197,261.2658,261.2176,261.1553,261.4731,261.7517,262.0079,262.2095,262.3375,262.3863,262.3641,262.2531,262.1046,262.2557,262.3218,262.2042,261.9955,261.9545,261.9246,261.9042,261.8945,261.892,261.8379,261.7488,261.7126,261.743,261.7421,261.7305,261.8009,261.8071,261.7221,261.6006,261.4531,261.2352,261.1124,261.4325,261.677,261.8538,262.0686,262.2768,262.4017,262.473,262.4498,262.4089,262.4062,262.2616,261.9272,261.6786,261.5001,261.2387,260.9767,260.785,260.5076,260.1184,259.7842,259.5479,259.3404,259.175,259.0681,258.9718,258.899,258.8842,258.8631,258.7831,258.8128,258.9349,259.3016,259.7202,260.0109,260.2478,260.4647,260.7375,261.0387,261.2807,261.4092,261.4856,261.6056,261.6552,261.5718,261.4033,261.173,260.913,260.6052,260.2827,259.957,259.6236,259.3483,259.1328,258.8749,258.6226,258.4331,258.2282,258.0445,257.9334,257.8503,257.828,257.8632,257.5174,256.3004,255.5003,255.0809,254.79,254.5301,254.2825,254.0271,253.7445,253.4694,253.1053,252.6219,252.4906,252.216,252.1996,253.6571,256.5039,257.031,256.4852,255.92,255.535,255.3142,255.1163,254.8556,254.5622,254.2558,254.0225,253.9516,254.002,253.9992,254.066,254.1552,254.2057,254.2277,254.2993,254.3922,254.4305,254.4472,254.5834,254.7266,254.7689,254.6505,254.5495,254.4982,254.41,254.3579,254.3934,254.4719,254.5919,254.9278,255.4244,255.9891,256.5109,256.8657,257.1081,257.2337,257.2692

Time pixel : 55.0031,55.0538,55.1088,55.1599,55.2425,55.3674,55.4965,55.5983,55.6852,55.787,55.9161,56.041,56.1236,56.1747,56.2297,56.2847,56.3315,56.3865,56.4458,56.5075,56.5791,56.6408,56.7044,56.7785,56.8569,56.931,56.9903,57.0371,57.0963,57.1705,57.2489,57.3315,57.4291,57.539,57.6366,57.7192,57.7976,57.876,57.9501,58.0094,58.0562,58.1155,58.1896,58.268,58.3507,58.4482,58.5582,58.66,58.7661,58.8952,59.0243,59.1346,59.2599,59.4205,59.5688,59.6791,59.7852,59.9143,60.0434,60.1452,60.2279,60.3063,60.389,60.4865,60.6007,60.7174,60.8316,60.9335,61.0372,61.1645,61.3066,61.4339,61.5296,61.6061,61.6825,61.7781,61.9009,62.0238,62.1192,62.1913,62.2399,62.2611,62.2781,62.3074,62.3391,62.3726,62.4085,62.4653,62.5561,62.6826,62.824,62.9504,63.0451,63.1207,63.1919,63.263,63.3341,63.405,63.4759,63.5509,63.6408,63.7386,63.8091,63.8479,63.8799,63.9185,63.9885,64.0857,64.1747,64.2444,64.2948,64.3284,64.3595,64.3929,64.4429,64.5034,64.5532,64.5905,64.6358,64.681,64.7138,64.744,64.7724,64.8025,64.835,64.8842,64.944,64.9931,65.0256,65.0513,65.0647,65.0781,65.0998,65.1134,65.127,65.1532,65.1863,65.2362,65.2969,65.3471,65.3852,65.4316,65.4825,65.5405,65.6278,65.737,65.8632,65.9855,66.0809,66.1574,66.2301,66.3032,66.3767,66.4464,66.5016,66.5491,66.6244,66.7274,66.8227,66.9123,67.0363,67.2239,67.4545,67.7006,67.9342,68.1544,68.4273,68.7387,69.0109,69.2198,69.3916,69.5653,69.7142,69.8066,69.8635,69.9291,70.0057,70.0721,70.1307,70.2127,70.3074,70.3819,70.4542,70.5417,70.6443,70.7404,70.797,70.8389,70.9039,70.9883,71.0771,71.1659,71.2548,71.3438,71.4328,71.5219,71.611,71.7,71.789,71.8823,71.9904,72.1151,72.2465,72.3945,72.5572,72.7242,72.8867,73.0301,73.1417,73.2341,73.322,73.4099,73.4976,73.5852,73.6727,73.7601,73.8473,73.9344,74.0214,74.1082,74.1907,74.2539,74.2897,74.3211,74.3606,74.3918,74.423,74.4707,74.5357,74.6148,74.6796,74.727,74.7576,74.7925,74.8503,74.908,74.9384,74.9539,74.9842,75.0417,75.1035,75.1528,75.1996,75.2488,75.3147,75.3954,75.4761,75.5419,75.5952,75.6566,75.7181,75.767,75.8095,75.8478,75.8836,75.907,75.9304,75.962,75.9854,76.0088,76.0404,76.0638,76.0915,76.1465,76.2249,76.3181,76.4175,76.526,76.6804,76.8669,77.0553,77.2078,77.3139,77.3965,77.4749,77.5533,77.6317,77.7101,77.7842,77.8478,77.9223,78.0642,78.3079,78.7089,79.3295,80.0697,80.7057,81.174,81.5067,81.7228,81.8289,81.8651,81.8885,81.9243,81.9626,81.9985,82.0176,82.0261,82.0453,82.0811,82.1194,82.1595,82.1978,82.2336,82.2571,82.2848,82.3397,82.4096,82.4688,82.5199,82.5983,82.6998,82.7824,82.8484,82.9201,82.9818,83.0453,83.1194,83.1978,83.2762,83.3503,83.4096,83.4521,83.4923,83.5348,83.5898,83.6405

Position pixel : 17.3356,17.2806,17.2022,17.0961,16.9393,16.7361,16.5243,16.3292,16.1472,15.956,15.717,15.4822,15.3101,15.1639,15.0114,14.8546,14.6978,14.5453,14.4076,14.2867,14.1639,14.0195,13.8312,13.6237,13.4286,13.2594,13.1342,13.0195,12.867,12.6744,12.4602,12.236,12.0366,11.8479,11.6447,11.4563,11.3034,11.1466,10.9859,10.8607,10.7589,10.6638,10.5787,10.4836,10.3861,10.2842,10.1786,10.1044,10.0725,10.0491,10.0175,9.99835,9.99407,9.99407,9.99407,9.99407,9.99407,9.99835,10.0175,10.0533,10.0959,10.1551,10.2293,10.3077,10.3861,10.4644,10.5428,10.6212,10.7063,10.8181,10.9633,11.109,11.2393,11.3386,11.4372,11.5489,11.6772,11.8013,11.8937,11.9521,11.9938,12.0479,12.1168,12.1899,12.2631,12.3319,12.3857,12.4272,12.481,12.5496,12.6182,12.6675,12.6853,12.6839,12.6781,12.6722,12.6663,12.6603,12.6543,12.6438,12.6142,12.5529,12.4767,12.4067,12.3342,12.2325,12.1091,11.9646,11.8094,11.6648,11.541,11.4387,11.3655,11.2903,11.1896,11.0721,10.967,10.8766,10.7862,10.6851,10.5821,10.4848,10.3626,10.2254,10.0921,9.94636,9.78572,9.62507,9.48358,9.37366,9.28719,9.2199,9.16508,9.10217,9.03935,8.98477,8.91787,8.8405,8.77386,8.72406,8.68116,8.65086,8.62075,8.58271,8.55305,8.52362,8.4863,8.46168,8.45221,8.4473,8.44271,8.44271,8.45791,8.49015,8.52519,8.56242,8.60246,8.65957,8.72766,8.78554,8.83139,8.89005,8.96824,9.066,9.1809,9.30722,9.46981,9.675,9.88062,10.0445,10.1815,10.3419,10.5257,10.6868,10.8168,10.9361,11.0391,11.1275,11.2162,11.32,11.4366,11.541,11.635,11.7441,11.8807,12.0175,12.1229,12.1944,12.2494,12.3126,12.3759,12.4269,12.4755,12.5223,12.5667,12.5944,12.6115,12.6392,12.6793,12.7113,12.7432,12.7832,12.8107,12.8233,12.8316,12.8355,12.8244,12.8008,12.7853,12.7697,12.7459,12.7301,12.7142,12.6857,12.6505,12.6027,12.5548,12.515,12.4627,12.3996,12.3471,12.3069,12.2584,12.2099,12.1694,12.1165,12.0443,11.9486,11.8213,11.679,11.5516,11.4556,11.3788,11.3019,11.2101,11.1058,11.0138,10.941,10.8873,10.8459,10.7921,10.7234,10.6504,10.5774,10.5043,10.4312,10.3581,10.2893,10.2352,10.1936,10.1395,10.0706,9.99407,9.91568,9.83728,9.75889,9.68049,9.6021,9.52797,9.46872,9.42189,9.36691,9.31193,9.2651,9.21012,9.15514,9.11258,9.07247,9.03418,8.99835,8.9792,8.9792,9.00262,9.0576,9.13172,9.21012,9.28851,9.36264,9.42189,9.46445,9.50456,9.55139,9.63833,9.81648,10.1431,10.5783,10.9365,11.1572,11.2991,11.4009,11.4836,11.562,11.6404,11.7188,11.7972,11.8756,11.954,12.0281,12.0916,12.1619,12.2718,12.3967,12.4985,12.5811,12.6638,12.7656,12.8947,13.0238,13.1299,13.2317,13.3417,13.4392,13.5219,13.6003,13.6787,13.7571,13.8355,13.9139,13.9965,14.0941,14.2083,14.3207,14.4158,14.4775,14.5176,14.5367,14.541

Brightness max : 495.49
Brightness min : 237.00
Feature direction : Ambiguous
Feature speed : Slow
Feature type : Curve
Start frame : 1
End frame : 87
Start time (s) : 0.000
End time (s) : 732.000
Time step (s) : 8.512

