KYMOANALYSIS DATA

General Information :

Tiff path : E:\Google Drive\microtubule dynamics and cut7\20-15 screens and tests\cut11-7\17-08-15 FRAP of cut7-3GFP #2\25 degrees\
Spindle type : Bipolar
Start frame : 5
End frame : 172
Start time (s) : 13.360
End time (s) : 252.300
Time step (s) : 1.431
Num poles : 2
Num tracks : 17
Num tracks poleward : 6
Num tracks antipoleward : 7
Num tracks ambiguous : 4
Comments : {

}
Poles Information :


Pole number : 1

Time (s) : 2.092151,2.279915,2.650067,3.288652,4.152418,5.021559,5.680023,6.168724,6.56296,6.863898,7.108249,7.339973,7.571697,7.803422,8.035146,8.266871,8.498595,8.742946,9.043884,9.425493,9.832354,10.25909,10.75925,11.29191,11.88116,12.53121,13.10783,13.58391,13.97814,14.29171,14.60527,14.98688,15.40637,15.90232,16.57762,17.36071,18.17443,19.00803,19.92231,20.87329,21.75085,22.5772,23.38555,24.18664,24.9384,25.6462,26.354,27.11839,27.96345,28.80851,29.58552,30.36253,31.19496,31.98343,32.65452,33.29311,33.9317,34.60279,35.40388,36.30553,37.23242,38.15932,39.09885,40.08233,41.10253,42.08601,43.03816,44.0469,45.18027,46.35035,47.41567,48.41178,49.36277,50.19637,50.96075,51.69264,52.36373,53.07153,53.84737,54.57388,55.1685,55.67708,56.25908,56.94163,57.69339,58.46923,59.17703,59.86075,60.66185,61.56349,62.50301,63.4865,64.50669,65.50281,66.51154,67.60095,68.73432,69.83636,70.91431,72.13606,73.63304,75.1763,76.30547,77.0764,77.70236,78.24765,78.80556,79.51336,80.49077,81.82523,83.31191,84.51029,85.48769,86.36946,87.10976,87.83019,88.61866,89.41438,90.15889,90.81736,91.45594,92.0819,92.6964,93.39158,94.14217,94.79338,95.39643,96.21015,97.26168,98.40767,99.57892,100.8194,102.1971,103.6681,105.1024,106.4236,107.5443,108.3833,109.0808,110.0329,111.3782,112.9696,114.6146,116.0176,117.2351,118.593,120.0008,121.1721,122.0749,122.832,123.4905,124.1417,124.8243,125.5194,126.202,126.8406,127.4551,128.1502,128.9387,129.7597,130.63,131.5443,132.4712,133.3602,134.0921,134.6133,135.102,135.6461,136.1788,136.724,137.35,138.0199,138.6711,139.317,139.9796,140.5689,141.1268,141.7401,142.3535,142.8735,143.293,143.6632,144.07,144.5208,144.9843,145.4477,145.9112,146.362,146.7689,147.139,147.5585,148.0785,148.7045,149.3744,150.0004,150.533,151.0217,151.5544,152.1677,152.7684,153.2698,153.7657,154.3718,154.9924,155.5996,156.2455,156.99,157.7983,158.656,159.4885,160.1836,160.7542,161.3434,162.0061,162.6393,163.2466,163.8798,164.5551,165.1883,165.7703,166.3029,166.8608,167.5686,168.4577,169.396,170.2044,170.8808,171.5393,172.2712,172.9977,173.6489,174.2634,174.9712,175.8289,176.7997,177.8199,178.7908,179.6485,180.3815,181.1345,182.0854,183.1117,183.982,184.6405,185.1533,185.5108,185.7678,186.0121,186.3004,186.6255,186.9138,187.1708,187.4969,188.0422,188.862,189.8004,190.6906,191.5735,192.4752,193.3455,194.1665,194.9675,195.7193,196.4271,197.1349,197.8993,198.757,199.646,200.4597,201.2,202.0264,202.972,203.9356,204.8131,205.6269,206.3913,207.1556,207.9315,208.614,209.1467,209.5536,209.8545,210.0862,210.274,210.469,210.7501,211.1076,211.5837,212.1844,212.823,213.4688,214.1441,214.7899,215.4411,216.1237,216.8189,217.514,218.1966,218.8352,219.437,220.063,220.689,221.2656,221.7784,222.2051,222.612,222.9936,223.2945,223.5389,223.7706,224.0276,224.3725,224.816,225.2867,225.7995,226.3069,226.7704,227.1646,227.4656,227.7099,227.9416,228.1734,228.4051,228.6368,228.8685,229.1003,229.332,229.5637,229.7954,230.0272,230.2589,230.4906,230.7223,230.9414,231.1039

Position (um) : 4.41,4.41,4.41,4.4091,4.4049,4.3979,4.3937,4.3927,4.3927,4.3927,4.3927,4.3927,4.3927,4.3927,4.3927,4.3927,4.3927,4.3927,4.3927,4.3927,4.3927,4.3927,4.3927,4.3927,4.3927,4.3927,4.3927,4.3927,4.3927,4.3927,4.3927,4.3927,4.3927,4.3937,4.3979,4.4049,4.4091,4.41,4.411,4.4152,4.4221,4.4273,4.4325,4.4394,4.4436,4.4446,4.4446,4.4446,4.4446,4.4446,4.4446,4.4446,4.4446,4.4446,4.4446,4.4446,4.4446,4.4446,4.4446,4.4446,4.4446,4.4446,4.4446,4.4446,4.4446,4.4446,4.4446,4.4446,4.4446,4.4446,4.4446,4.4446,4.4446,4.4446,4.4446,4.4455,4.4497,4.4567,4.4609,4.4628,4.467,4.474,4.4782,4.4791,4.4801,4.4843,4.4912,4.4955,4.4964,4.4964,4.4973,4.5016,4.5085,4.5127,4.5137,4.5137,4.5137,4.5137,4.5137,4.5137,4.5137,4.5137,4.5137,4.5146,4.5188,4.5258,4.53,4.5319,4.5371,4.5482,4.5594,4.5646,4.5655,4.5665,4.5707,4.5776,4.5819,4.5837,4.588,4.5949,4.5991,4.601,4.6052,4.6122,4.6164,4.6183,4.6225,4.6304,4.6388,4.6467,4.6519,4.658,4.6692,4.6813,4.6916,4.7037,4.7149,4.721,4.7271,4.7383,4.7514,4.765,4.7808,4.7944,4.8084,4.8237,4.8368,4.8462,4.8541,4.8583,4.8602,4.8644,4.8714,4.8756,4.8765,4.8765,4.8765,4.8775,4.8817,4.8886,4.8938,4.899,4.9059,4.9101,4.9111,4.912,4.9162,4.9232,4.9274,4.9284,4.9284,4.9284,4.9302,4.9387,4.9526,4.961,4.9629,4.9629,4.9629,4.9629,4.9629,4.9629,4.9629,4.9629,4.9629,4.9629,4.9629,4.9629,4.9629,4.9629,4.9629,4.9629,4.9629,4.9629,4.9639,4.9681,4.975,4.9802,4.9854,4.9923,4.9965,4.9975,4.9975,4.9975,4.9975,4.9975,4.9975,4.9975,4.9975,4.9975,4.9975,4.9975,4.9975,4.9975,4.9975,4.9975,4.9975,4.9984,5.0026,5.0096,5.0138,5.0147,5.0147,5.0147,5.0147,5.0147,5.0147,5.0147,5.0147,5.0147,5.0157,5.0199,5.0269,5.0311,5.033,5.0372,5.0451,5.0535,5.0614,5.0656,5.0675,5.0717,5.0787,5.0829,5.0839,5.0839,5.0839,5.0839,5.0839,5.0839,5.0839,5.0839,5.0839,5.0839,5.0839,5.0839,5.0839,5.0839,5.0839,5.0839,5.0839,5.0848,5.089,5.096,5.1002,5.1021,5.1063,5.1133,5.1175,5.1184,5.1184,5.1184,5.1194,5.1245,5.1357,5.1469,5.153,5.1581,5.166,5.1745,5.1824,5.1866,5.1885,5.1927,5.2006,5.209,5.2169,5.2211,5.2221,5.2221,5.2221,5.2221,5.223,5.2272,5.2342,5.2384,5.2394,5.2394,5.2403,5.2445,5.2515,5.2557,5.2566,5.2566,5.2566,5.2566,5.2566,5.2576,5.2618,5.2688,5.273,5.2739,5.2739,5.2739,5.2739,5.2739,5.2739,5.2739,5.2739,5.2739,5.2739,5.2739,5.2749,5.2791,5.286,5.2903,5.2912,5.2912,5.2912,5.2912,5.2912,5.2912,5.2912,5.2912,5.2912

Intensity : 1362.992,1365.0414,1369.0816,1376.9669,1387.4919,1348.237,1310.7826,1302.639,1297.8237,1294.1479,1291.1634,1282.0192,1271.2793,1260.5393,1249.7994,1239.0594,1228.3195,1225.2942,1227.261,1229.755,1232.414,1225.5526,1208.884,1191.1322,1184.6981,1182.8488,1173.9313,1157.4373,1143.7788,1132.9151,1130.6247,1128.4837,1126.1302,1119.6414,1100.0871,1078.2628,1063.3606,1051.7297,1041.6817,1020.7724,1006.0872,1004.7511,993.43717,976.02498,963.29991,952.31643,931.22216,906.39042,862.70223,827.5044,827.07171,832.01416,845.9133,865.16874,884.52491,894.39904,898.46284,904.42992,914.77936,920.50914,922.26278,928.09233,929.23715,925.37661,928.32249,929.39449,926.32318,898.65614,880.09049,865.46102,856.35352,867.4416,865.78074,862.5138,870.56418,874.30396,866.83975,866.0482,886.33128,897.78745,897.1132,898.25277,915.38167,939.36807,953.65731,958.84863,948.61926,935.75875,928.36816,923.17485,915.08454,917.60124,926.00884,899.25887,886.65741,881.78891,881.71018,908.84579,900.91643,881.25518,850.44329,819.81006,804.30204,789.0984,770.7313,752.92535,735.65745,721.45267,701.90526,685.69742,715.12434,728.1941,737.76251,731.55503,719.22546,700.29977,673.51086,663.69071,657.85263,646.19646,635.53824,634.87079,636.55619,631.49929,619.61782,614.81891,614.1208,607.65827,592.21802,595.04763,595.57452,602.85037,616.66509,636.21881,665.98226,682.05009,683.53783,675.53846,668.76447,660.58447,636.12192,611.18374,591.69835,621.24844,637.5808,656.27258,646.09104,648.34247,650.02738,651.03053,647.68226,640.66871,632.72762,626.53178,620.76306,614.20176,610.03621,618.08114,622.26657,609.06998,600.08097,595.59753,596.14915,600.77186,611.3002,618.40138,621.8753,624.39551,624.34975,620.63447,617.11082,614.32467,610.53318,601.59242,590.22716,587.28707,590.712,594.87874,594.70279,594.55361,594.08402,593.30802,592.45506,591.50994,590.06726,588.61401,587.16077,588.81478,590.65923,592.33725,593.73178,594.49576,595.41536,594.9003,593.94862,592.91814,592.53158,593.19605,591.99269,590.87157,588.82637,583.41446,576.5771,566.24919,554.8525,542.11583,526.42269,513.05022,503.06884,495.7265,490.15434,494.78886,501.31818,506.50419,509.01459,510.90848,510.52947,510.44334,503.98575,498.54022,491.79751,483.06666,475.05959,481.88812,484.21112,483.08135,489.99277,497.81389,496.49423,491.92572,493.82568,497.52661,495.19184,485.38121,475.65765,466.83607,460.17669,471.11474,481.04396,479.66617,477.18415,474.31101,477.63628,481.25113,495.49941,505.3164,512.37252,519.08194,524.3088,530.00089,535.05009,539.55053,544.54499,543.2021,541.18315,524.93732,514.63412,512.23358,516.51191,521.91164,525.52176,528.37718,530.82931,526.39914,514.66467,508.63719,509.21936,513.69691,518.64125,524.92884,529.69019,530.25244,526.74301,523.16223,518.40032,514.86327,512.15645,508.30524,504.26339,503.18296,504.90242,506.28268,507.42326,508.22396,507.63177,505.60649,503.22503,500.36268,497.46439,494.70891,491.25441,486.53536,483.9585,488.50675,491.10993,490.68436,491.39489,487.10214,482.86529,476.73258,469.80146,466.81178,467.42591,468.12019,468.08198,468.00646,467.93562,467.61312,466.36716,464.48009,463.1211,462.35335,460.79749,457.36754,453.63093,450.55774,448.56533,446.87048,445.57672,443.93077,442.17183,440.41289,438.52214,436.21162,433.62345,431.00333,428.51689,426.13736,423.75784,421.37832,418.99879,416.49618,413.83028,411.30965,409.44003

Time pixel : 1.46202,1.593232,1.851898,2.29815,2.90176,3.509126,3.969268,4.310779,4.586275,4.796574,4.96733,5.129261,5.291193,5.453125,5.615057,5.776989,5.93892,6.109676,6.319975,6.586648,6.870967,7.169178,7.518695,7.890926,8.302701,8.756958,9.15991,9.492597,9.768093,9.987216,10.20634,10.47301,10.76615,11.11273,11.58464,12.13187,12.70051,13.28304,13.92195,14.5865,15.19975,15.77722,16.3421,16.90192,17.42726,17.92187,18.41649,18.95066,19.54119,20.13173,20.67472,21.2177,21.79942,22.35041,22.81937,23.26562,23.71188,24.18084,24.74066,25.37074,26.01847,26.66619,27.32274,28.01002,28.72294,29.41021,30.07558,30.7805,31.57252,32.39018,33.13464,33.83074,34.49529,35.07782,35.61199,36.12344,36.5924,37.08702,37.62919,38.13688,38.55241,38.90781,39.31452,39.79149,40.31683,40.859,41.35362,41.83141,42.39123,43.02131,43.67786,44.36513,45.07805,45.77415,46.47907,47.24036,48.03237,48.80248,49.55577,50.40955,51.45565,52.53411,53.32318,53.86192,54.29934,54.6804,55.07028,55.56489,56.24792,57.18046,58.21937,59.05681,59.73983,60.35602,60.87335,61.37679,61.92779,62.48385,63.00412,63.46426,63.91051,64.34794,64.77736,65.26316,65.78768,66.24275,66.66417,67.23281,67.96763,68.76847,69.58695,70.4538,71.41657,72.44453,73.44684,74.37007,75.15325,75.73954,76.22697,76.89234,77.8324,78.94452,80.09405,81.07447,81.9253,82.87418,83.85803,84.67651,85.30741,85.8365,86.29665,86.75172,87.22869,87.71449,88.19146,88.63771,89.06713,89.55293,90.10392,90.67763,91.28581,91.92472,92.57244,93.1937,93.70515,94.06937,94.41088,94.79112,95.16335,95.54441,95.98183,96.44998,96.90506,97.35638,97.81946,98.23123,98.62111,99.04972,99.47832,99.84173,100.1349,100.3935,100.6779,100.9929,101.3168,101.6406,101.9645,102.2795,102.5638,102.8225,103.1157,103.4791,103.9165,104.3846,104.8221,105.1943,105.5358,105.908,106.3366,106.7564,107.1068,107.4533,107.8769,108.3106,108.7349,109.1862,109.7065,110.2714,110.8707,111.4525,111.9382,112.3369,112.7487,113.2118,113.6543,114.0787,114.5212,114.9931,115.4356,115.8423,116.2145,116.6044,117.099,117.7202,118.376,118.9409,119.4136,119.8737,120.3852,120.8929,121.3479,121.7774,122.272,122.8713,123.5498,124.2627,124.9412,125.5405,126.0528,126.5789,127.2435,127.9607,128.5689,129.029,129.3873,129.6372,129.8168,129.9875,130.189,130.4161,130.6176,130.7972,131.0251,131.4062,131.9791,132.6348,133.2569,133.8739,134.504,135.1121,135.6859,136.2457,136.771,137.2656,137.7602,138.2944,138.8938,139.515,140.0837,140.601,141.1785,141.8393,142.5126,143.1259,143.6945,144.2287,144.7629,145.305,145.782,146.1542,146.4385,146.6488,146.8108,146.942,147.0783,147.2747,147.5245,147.8572,148.277,148.7232,149.1746,149.6465,150.0978,150.5529,151.0298,151.5156,152.0014,152.4784,152.9246,153.3452,153.7827,154.2201,154.6231,154.9814,155.2796,155.5639,155.8306,156.0409,156.2116,156.3736,156.5532,156.7942,157.1042,157.4331,157.7914,158.146,158.4699,158.7454,158.9557,159.1264,159.2884,159.4503,159.6122,159.7741,159.9361,160.098,160.2599,160.4219,160.5838,160.7457,160.9077,161.0696,161.2315,161.3846,161.4982

Position pixel : 41.331,41.331,41.331,41.3221,41.2826,41.2174,41.1779,41.169,41.169,41.169,41.169,41.169,41.169,41.169,41.169,41.169,41.169,41.169,41.169,41.169,41.169,41.169,41.169,41.169,41.169,41.169,41.169,41.169,41.169,41.169,41.169,41.169,41.169,41.1779,41.2174,41.2826,41.3221,41.331,41.3398,41.3793,41.4445,41.4929,41.5413,41.6065,41.646,41.6548,41.6548,41.6548,41.6548,41.6548,41.6548,41.6548,41.6548,41.6548,41.6548,41.6548,41.6548,41.6548,41.6548,41.6548,41.6548,41.6548,41.6548,41.6548,41.6548,41.6548,41.6548,41.6548,41.6548,41.6548,41.6548,41.6548,41.6548,41.6548,41.6548,41.6637,41.7032,41.7684,41.8079,41.8256,41.8651,41.9303,41.9699,41.9787,41.9875,42.0271,42.0923,42.1318,42.1406,42.1406,42.1494,42.189,42.2542,42.2937,42.3026,42.3026,42.3026,42.3026,42.3026,42.3026,42.3026,42.3026,42.3026,42.3114,42.3509,42.4161,42.4557,42.4733,42.5217,42.6264,42.7312,42.7795,42.7884,42.7972,42.8367,42.9019,42.9415,42.9591,42.9987,43.0638,43.1034,43.121,43.1606,43.2258,43.2653,43.283,43.3225,43.3965,43.4756,43.5496,43.598,43.6552,43.7599,43.8735,43.9702,44.0838,44.1885,44.2457,44.3029,44.4077,44.5301,44.6575,44.8056,44.933,45.0642,45.2085,45.3309,45.4188,45.4928,45.5324,45.55,45.5896,45.6548,45.6943,45.7031,45.7031,45.7031,45.7119,45.7515,45.8167,45.8651,45.9134,45.9786,46.0182,46.027,46.0358,46.0754,46.1406,46.1801,46.1889,46.1889,46.1889,46.2066,46.2857,46.416,46.4951,46.5128,46.5128,46.5128,46.5128,46.5128,46.5128,46.5128,46.5128,46.5128,46.5128,46.5128,46.5128,46.5128,46.5128,46.5128,46.5128,46.5128,46.5128,46.5216,46.5612,46.6263,46.6747,46.7231,46.7883,46.8278,46.8366,46.8366,46.8366,46.8366,46.8366,46.8366,46.8366,46.8366,46.8366,46.8366,46.8366,46.8366,46.8366,46.8366,46.8366,46.8366,46.8455,46.885,46.9502,46.9898,46.9986,46.9986,46.9986,46.9986,46.9986,46.9986,46.9986,46.9986,46.9986,47.0074,47.0469,47.1121,47.1517,47.1693,47.2089,47.2829,47.362,47.436,47.4756,47.4932,47.5327,47.5979,47.6375,47.6463,47.6463,47.6463,47.6463,47.6463,47.6463,47.6463,47.6463,47.6463,47.6463,47.6463,47.6463,47.6463,47.6463,47.6463,47.6463,47.6463,47.6551,47.6947,47.7599,47.7994,47.8171,47.8566,47.9218,47.9613,47.9702,47.9702,47.9702,47.979,48.0274,48.1321,48.2368,48.294,48.3424,48.4164,48.4955,48.5695,48.6091,48.6267,48.6663,48.7403,48.8194,48.8934,48.9329,48.9418,48.9418,48.9418,48.9418,48.9506,48.9901,49.0553,49.0949,49.1037,49.1037,49.1125,49.1521,49.2173,49.2568,49.2656,49.2656,49.2656,49.2656,49.2656,49.2744,49.314,49.3792,49.4187,49.4276,49.4276,49.4276,49.4276,49.4276,49.4276,49.4276,49.4276,49.4276,49.4276,49.4276,49.4364,49.4759,49.5411,49.5807,49.5895,49.5895,49.5895,49.5895,49.5895,49.5895,49.5895,49.5895,49.5895

Pole type : Curve
Start frame : 5
End frame : 172
Start time (s) : 13.360
End time (s) : 252.300
Time step (s) : 1.431

Pole number : 2

Time (s) : 3.484231,3.687996,4.092868,4.677093,5.244497,5.749242,6.260079,6.763677,7.206493,7.698658,8.302839,8.944913,9.594251,10.26044,10.84059,11.32021,11.718,12.02252,12.27046,12.50579,12.74115,13.00177,13.36296,13.84156,14.28346,14.60076,14.84887,15.097,15.38912,15.71797,16.01015,16.27102,16.57587,16.96143,17.34703,17.65198,17.91301,18.20541,18.53455,18.83965,19.14478,19.47404,19.76663,20.00268,20.18218,20.35026,20.65565,21.13505,21.647,22.12766,22.58311,23.00728,23.45137,24.02552,24.70026,25.41293,26.15698,26.89382,27.5573,28.18831,28.75016,29.19467,29.61935,30.08803,30.62597,31.25724,31.94514,32.6457,33.3463,34.02167,34.60916,35.12325,35.69816,36.31705,36.91187,37.49946,38.09431,38.72588,39.35746,39.95232,40.53993,41.13478,41.77896,42.4797,43.23701,44.03099,44.78824,45.48886,46.12022,46.67086,47.22145,47.84002,48.4459,48.92707,49.35275,49.94694,50.76434,51.63402,52.52161,53.42779,54.2899,55.04597,55.70136,56.33254,57.08822,57.97376,58.85495,59.7161,60.48264,61.03108,61.42947,61.82653,62.2234,62.59602,63.00516,63.45807,63.9108,64.332,64.78551,65.42541,66.25896,67.19941,68.30333,69.73815,71.50316,73.46486,75.56694,77.60842,79.4284,80.88613,82.03096,83.00435,83.822,84.55124,85.29874,86.09512,86.89833,87.7065,88.50891,89.30371,90.04882,90.76228,91.50678,92.28771,93.03168,93.70622,94.28,94.76757,95.29707,95.92161,96.66997,97.52604,98.5186,99.68814,101.1188,102.738,104.3625,105.7879,106.9502,107.8682,108.5546,109.0346,109.4087,109.8071,110.2494,110.7046,111.1724,111.697,112.3276,113.0715,113.9214,114.8154,115.653,116.3534,116.9354,117.4284,117.7789,118.029,118.2665,118.5607,118.9357,119.3235,119.6745,120.0185,120.3824,120.8522,121.4594,122.1486,122.9069,123.7587,124.6671,125.5882,126.484,127.2794,127.9448,128.5903,129.2672,129.9695,130.7283,131.5804,132.5018,133.4925,134.5765,135.6918,136.7355,137.6823,138.5893,139.4103,140.2125,141.1268,142.1344,143.1684,144.3847,145.9617,147.7776,149.6501,151.3896,152.7619,153.7321,154.4483,155.218,156.1071,156.9961,157.7532,158.4128,159.2518,160.3726,161.6558,162.933,164.1933,165.5891,167.1113,168.6569,170.1111,171.5068,172.8226,174.0431,175.1398,176.1413,177.1007,178.1335,179.1977,180.1811,181.0515,181.7906,182.3978,182.9756,183.7075,184.5399,185.3483,186.1181,186.8897,187.7528,188.6743,189.6631,190.6906,191.736,192.7887,193.9034,195.1186,196.4145,197.679,198.8575,199.9836,200.9545,201.7694,202.6156,203.6232,204.6621,205.5198,206.1217,206.5411,206.8421,207.0864,207.3182,207.5499,207.7816,208.0133,208.2324,208.4076,208.5334,208.6393

Position (um) : 0.91947,0.91876,0.91805,0.91733,0.91662,0.9159,0.91518,0.91445,0.91373,0.913,0.91227,0.91154,0.90986,0.9049,0.8972,0.89224,0.89055,0.88979,0.88904,0.88828,0.88752,0.88675,0.88598,0.8852,0.88442,0.88364,0.88285,0.88205,0.88125,0.88045,0.87963,0.87882,0.87799,0.87716,0.87632,0.87548,0.87463,0.87377,0.8729,0.87203,0.87114,0.87025,0.86935,0.8675,0.86237,0.85448,0.84839,0.84228,0.83437,0.82919,0.82727,0.82629,0.82529,0.82429,0.82328,0.82225,0.82122,0.82018,0.81912,0.81806,0.81699,0.81496,0.80965,0.80159,0.79627,0.79327,0.78792,0.77983,0.77447,0.77238,0.77123,0.77007,0.76891,0.76774,0.76657,0.76539,0.76421,0.76303,0.76185,0.76067,0.75949,0.75831,0.75714,0.75597,0.7548,0.75364,0.75249,0.75134,0.75021,0.74908,0.74797,0.74686,0.74578,0.74471,0.74365,0.74261,0.74159,0.74059,0.73962,0.73866,0.73773,0.73683,0.73595,0.73509,0.73427,0.73348,0.73366,0.73715,0.7434,0.74696,0.74727,0.74668,0.74613,0.74655,0.75029,0.75681,0.76063,0.76121,0.76089,0.76061,0.76038,0.76018,0.76003,0.75992,0.75986,0.75984,0.75989,0.76006,0.76033,0.76072,0.76121,0.76181,0.76251,0.76331,0.76421,0.7652,0.76628,0.76744,0.76869,0.77002,0.77142,0.77288,0.77441,0.77599,0.77763,0.77932,0.78104,0.78281,0.7846,0.78643,0.78827,0.79013,0.79201,0.7939,0.79579,0.79768,0.79957,0.80145,0.80333,0.80519,0.80704,0.80888,0.81069,0.81249,0.81426,0.81602,0.81774,0.81945,0.82113,0.82278,0.82252,0.81569,0.80335,0.79646,0.79516,0.79245,0.78697,0.7842,0.7847,0.78517,0.78234,0.77581,0.76873,0.76216,0.75832,0.75446,0.74879,0.74491,0.74101,0.73436,0.72716,0.71954,0.71232,0.70563,0.70261,0.70191,0.69888,0.6931,0.6891,0.6851,0.67836,0.67107,0.66432,0.66124,0.66066,0.66066,0.66066,0.66066,0.66066,0.66066,0.66066,0.66066,0.66066,0.66066,0.66066,0.66066,0.66066,0.66066,0.66066,0.66066,0.66066,0.66066,0.66066,0.65972,0.6555,0.64854,0.64432,0.64244,0.63728,0.6261,0.61493,0.60977,0.60883,0.60883,0.60789,0.60367,0.59671,0.59249,0.59061,0.58639,0.57943,0.57427,0.56911,0.56215,0.55793,0.55699,0.55699,0.55605,0.55183,0.54487,0.54066,0.53971,0.53971,0.53971,0.53971,0.53971,0.53971,0.53877,0.53455,0.5276,0.52338,0.52244,0.52244,0.52244,0.52244,0.52244,0.52149,0.51728,0.51032,0.5061,0.50422,0.5,0.49304,0.48882,0.48788,0.48788,0.48788,0.48788,0.48694,0.48272,0.47576,0.47154

Intensity : 1883.3081,1867.8542,1841.4286,1687.3127,1478.7556,1293.1947,1093.403,897.40542,729.16494,572.16224,380.66449,293.40056,297.17166,300.80821,303.69988,306.15008,304.06328,300.95689,298.41982,296.01118,293.60444,292.54464,293.57965,294.96316,296.2315,296.04899,295.81638,295.58337,295.31921,295.02896,296.97502,298.87732,301.1131,303.95962,305.00155,304.09372,303.3082,302.43451,301.4576,301.15175,301.02645,300.90249,300.79336,300.65721,300.52286,300.26424,300.01594,299.89633,300.55277,302.76822,305.08398,307.06328,308.42621,310.17954,312.43802,314.99419,319.32084,325.01529,329.06838,332.1252,334.43933,335.04881,335.09299,334.38982,328.8879,323.01613,321.32817,321.3891,322.81495,325.33682,331.14722,339.94385,349.80274,361.10977,372.05818,378.86627,381.7202,383.51876,377.53777,371.89027,363.84468,355.12475,347.3796,341.30578,340.74966,349.39876,351.96326,350.27762,349.69413,349.92067,350.14881,343.52442,336.95279,334.19428,333.41348,332.42162,331.17634,328.85139,319.70267,315.66706,316.2457,317.46871,318.57331,324.64899,333.14174,339.09253,344.53893,351.22536,354.18262,353.41209,352.34822,351.95254,351.82972,351.9221,352.6524,354.8632,356.57798,357.71878,360.11249,363.8169,368.21632,372.71911,373.07453,380.06152,394.68344,402.87825,402.37414,415.76926,432.19739,439.16943,431.15372,422.13593,409.43361,399.16226,393.75542,389.14355,387.22485,383.86043,379.22972,384.02861,391.71906,397.48207,403.06092,409.00348,414.53652,418.46885,421.74272,425.06403,429.05002,433.52101,434.22949,433.68206,428.566,420.01034,406.52531,378.94709,360.46747,356.68866,361.23229,358.31676,352.45208,349.37678,347.59413,345.73676,343.86911,342.91498,341.93415,340.81897,339.40462,337.87597,339.0543,338.00562,333.42586,331.47783,330.99814,331.00098,332.42914,333.48172,334.68836,336.17821,339.49115,344.9013,349.70126,354.43515,359.03757,364.07849,370.29035,375.18086,379.85765,377.1505,373.78778,375.98614,371.01695,362.22138,356.64123,351.82336,346.79768,341.64066,338.83419,337.42705,342.95767,348.4276,353.46245,365.80939,372.48337,376.33184,378.45033,381.3092,384.43489,400.3936,422.0031,448.56425,480.53903,512.4598,515.61122,497.87313,485.69631,483.17073,476.21982,468.69164,454.89213,440.10404,437.97641,442.68216,453.54183,466.00813,480.31239,488.45396,464.45644,455.4998,430.34259,422.03978,426.57618,438.7823,440.1679,446.01208,449.05539,449.94805,450.15097,448.99491,450.70293,456.39834,466.41665,464.69125,461.97058,462.54584,463.1274,468.12659,475.76471,473.4531,471.4644,474.5676,474.71441,468.19969,472.74513,477.03148,474.4143,479.20499,480.76884,469.70053,444.22371,423.37621,421.75953,428.13622,421.68568,410.29654,397.16082,384.09143,374.90839,374.74971,374.29956,370.60733,368.06903,365.96785,363.8892,361.53202,358.36262,355.19322,352.22753,349.97703,348.50354,347.21344

Time pixel : 2.434822,2.577216,2.860145,3.268409,3.664917,4.017639,4.374619,4.726539,5.035984,5.379914,5.802124,6.250813,6.704578,7.170115,7.575533,7.910697,8.18868,8.401478,8.574744,8.739198,8.903666,9.085793,9.338199,9.672647,9.981456,10.20319,10.37657,10.54997,10.7541,10.98391,11.18808,11.37038,11.58342,11.85285,12.12231,12.33542,12.51783,12.72216,12.95217,13.16537,13.37861,13.6087,13.81316,13.97811,14.10355,14.22101,14.43442,14.76943,15.12718,15.46308,15.78135,16.07776,16.3881,16.78932,17.26084,17.75886,18.27881,18.79373,19.25737,19.69833,20.09096,20.40159,20.69836,21.02588,21.40179,21.84294,22.32365,22.81321,23.30279,23.77475,24.18529,24.54455,24.9463,25.37879,25.79446,26.20507,26.62077,27.06211,27.50347,27.91916,28.32979,28.74548,29.19564,29.68532,30.21454,30.76939,31.29856,31.78816,32.22937,32.61416,32.99892,33.43118,33.85458,34.19083,34.4883,34.90352,35.47473,36.08248,36.70273,37.33598,37.93844,38.46679,38.92478,39.36586,39.89393,40.51276,41.12854,41.73033,42.26599,42.64925,42.92765,43.20512,43.48246,43.74285,44.02876,44.34527,44.66164,44.95598,45.27289,45.72007,46.30256,46.95975,47.73119,48.73386,49.96727,51.33813,52.80709,54.2337,55.50552,56.5242,57.32422,58.00444,58.57582,59.08543,59.60778,60.16431,60.7256,61.29036,61.85109,62.4065,62.9272,63.42577,63.94604,64.49176,65.01166,65.48303,65.884,66.22472,66.59473,67.03117,67.55413,68.15237,68.84598,69.66327,70.66305,71.79454,72.92979,73.92584,74.73809,75.37962,75.85927,76.19468,76.45614,76.73449,77.04363,77.36167,77.68862,78.05519,78.49586,79.01571,79.60966,80.23441,80.81971,81.30918,81.71588,82.0604,82.30533,82.48008,82.64607,82.85168,83.11373,83.38466,83.63001,83.87035,84.12463,84.45299,84.87732,85.35888,85.88885,86.48406,87.11886,87.76251,88.38855,88.94435,89.40934,89.86046,90.3335,90.82422,91.3545,91.95,92.59388,93.28616,94.04365,94.82305,95.55241,96.21403,96.84787,97.42157,97.98221,98.62111,99.32521,100.0478,100.8978,101.9998,103.2688,104.5773,105.7928,106.7519,107.4298,107.9303,108.4682,109.0895,109.7107,110.2398,110.7008,111.2871,112.0703,112.967,113.8595,114.7403,115.7156,116.7794,117.8595,118.8757,119.851,120.7705,121.6234,122.3898,123.0896,123.7601,124.4818,125.2255,125.9128,126.5209,127.0375,127.4618,127.8656,128.377,128.9587,129.5236,130.0615,130.6008,131.2039,131.8479,132.5389,133.2569,133.9874,134.7231,135.502,136.3512,137.2568,138.1405,138.964,139.751,140.4294,140.9989,141.5902,142.2943,143.0203,143.6197,144.0403,144.3334,144.5437,144.7145,144.8764,145.0384,145.2003,145.3622,145.5153,145.6377,145.7256,145.7996

Position pixel : 8.6173,8.6107,8.604,8.5973,8.5906,8.5839,8.5771,8.5703,8.5635,8.5567,8.5499,8.543,8.5273,8.4808,8.4086,8.3621,8.3463,8.3392,8.3321,8.325,8.3179,8.3107,8.3035,8.2962,8.2889,8.2815,8.2741,8.2667,8.2592,8.2516,8.244,8.2363,8.2286,8.2208,8.213,8.2051,8.1971,8.189,8.1809,8.1727,8.1644,8.1561,8.1476,8.1303,8.0822,8.0083,7.9511,7.8939,7.8198,7.7712,7.7532,7.744,7.7347,7.7253,7.7158,7.7062,7.6965,7.6867,7.6769,7.6669,7.6569,7.6379,7.5881,7.5126,7.4627,7.4345,7.3845,7.3086,7.2584,7.2388,7.228,7.2172,7.2063,7.1953,7.1843,7.1733,7.1622,7.1512,7.1401,7.1291,7.118,7.107,7.096,7.085,7.0741,7.0632,7.0524,7.0416,7.031,7.0204,7.01,6.9997,6.9895,6.9794,6.9695,6.9598,6.9503,6.9409,6.9317,6.9228,6.9141,6.9056,6.8973,6.8894,6.8816,6.8742,6.8759,6.9086,6.9672,7.0006,7.0035,6.998,6.9927,6.9967,7.0318,7.0928,7.1286,7.1341,7.1311,7.1285,7.1263,7.1245,7.1231,7.1221,7.1215,7.1213,7.1218,7.1233,7.1259,7.1295,7.1341,7.1397,7.1463,7.1538,7.1622,7.1715,7.1816,7.1925,7.2042,7.2167,7.2298,7.2435,7.2578,7.2727,7.288,7.3038,7.32,7.3365,7.3534,7.3704,7.3877,7.4052,7.4228,7.4405,7.4582,7.4759,7.4936,7.5113,7.5289,7.5463,7.5637,7.5809,7.5979,7.6147,7.6313,7.6478,7.6639,7.6799,7.6956,7.7111,7.7087,7.6447,7.5291,7.4645,7.4523,7.4269,7.3755,7.3496,7.3542,7.3586,7.3321,7.271,7.2046,7.1431,7.107,7.0709,7.0178,6.9813,6.9448,6.8825,6.815,6.7436,6.6759,6.6132,6.5849,6.5784,6.5499,6.4957,6.4583,6.4208,6.3577,6.2893,6.226,6.1972,6.1918,6.1918,6.1918,6.1918,6.1918,6.1918,6.1918,6.1918,6.1918,6.1918,6.1918,6.1918,6.1918,6.1918,6.1918,6.1918,6.1918,6.1918,6.1918,6.1829,6.1434,6.0782,6.0387,6.021,5.9726,5.8679,5.7632,5.7148,5.706,5.706,5.6971,5.6576,5.5924,5.5529,5.5352,5.4957,5.4305,5.3821,5.3337,5.2685,5.229,5.2202,5.2202,5.2113,5.1718,5.1066,5.0671,5.0582,5.0582,5.0582,5.0582,5.0582,5.0582,5.0494,5.0099,4.9447,4.9051,4.8963,4.8963,4.8963,4.8963,4.8963,4.8875,4.8479,4.7827,4.7432,4.7256,4.686,4.6208,4.5813,4.5724,4.5724,4.5724,4.5724,4.5636,4.5241,4.4589,4.4193

Pole type : Curve
Start frame : 5
End frame : 172
Start time (s) : 13.360
End time (s) : 252.300
Time step (s) : 1.431

Feature Information :


Feature number : 1

Time (s) : 23.4771,24.3764,25.2757,26.175,27.0743,27.9735,28.8728,29.7721

Position (um) : 3.5264,3.4165,3.3066,3.1967,3.0869,2.977,2.8671,2.7572

Intensity : 482.0564,460.9741,446.5476,435.339,425.9173,413.7845,402.3083,392.5448

Time pixel : 16.4061,17.0345,17.663,18.2914,18.9198,19.5482,20.1767,20.8051

Position pixel : 33.0495,32.0197,30.9898,29.96,28.9302,27.9004,26.8705,25.8407

Brightness max : 649.67
Brightness min : 252.00
Feature direction : Antipoleward
Feature speed : 
Feature type : Line
Start frame : 5
End frame : 172
Start time (s) : 13.360
End time (s) : 252.300
Time step (s) : 1.431

Feature number : 2

Time (s) : 32.7112,34.0334,35.3555,36.6776,37.9998,39.3219,40.6441,41.9662,43.2883,44.6105,45.9326,47.2548

Position (um) : 3.8362,3.7674,3.6985,3.6297,3.5608,3.492,3.4231,3.3543,3.2854,3.2166,3.1477,3.0788

Intensity : 461.4786,464.5159,464.8878,464.631,462.211,463.8353,459.3366,442.0819,438.466,442.8333,443.0102,433.3419

Time pixel : 22.859,23.7829,24.7069,25.6308,26.5547,27.4786,28.4026,29.3265,30.2504,31.1743,32.0983,33.0222

Position pixel : 35.9533,35.308,34.6627,34.0175,33.3722,32.7269,32.0816,31.4363,30.791,30.1458,29.5005,28.8552

Brightness max : 649.67
Brightness min : 252.00
Feature direction : Antipoleward
Feature speed : 
Feature type : Line
Start frame : 5
End frame : 172
Start time (s) : 13.360
End time (s) : 252.300
Time step (s) : 1.431

Feature number : 3

Time (s) : 57.1813,58.1791,59.177,60.1748,61.1726,62.1704,63.1682,64.1661,65.1639

Position (um) : 2.3903,2.4826,2.5748,2.6671,2.7593,2.8516,2.9438,3.036,3.1283

Intensity : 369.0346,387.5518,405.5432,420.4967,426.3009,434.9174,446.2675,464.0852,472.1349

Time pixel : 39.959,40.6563,41.3536,42.0509,42.7482,43.4454,44.1427,44.84,45.5373

Position pixel : 22.4024,23.2669,24.1315,24.996,25.8605,26.725,27.5895,28.4541,29.3186

Brightness max : 649.67
Brightness min : 252.00
Feature direction : Poleward
Feature speed : 
Feature type : Line
Start frame : 5
End frame : 172
Start time (s) : 13.360
End time (s) : 252.300
Time step (s) : 1.431

Feature number : 4

Time (s) : 132.9001,133.8025,134.7049,135.6074,136.5098,137.4122,138.3146,139.217,140.1194,141.0218,141.9243,142.8267

Position (um) : 1.3059,1.3998,1.4937,1.5876,1.6815,1.7754,1.8693,1.9631,2.057,2.1509,2.2448,2.3387

Intensity : 340.776,348.3244,364.5186,378.3744,384.0523,386.6294,391.2644,396.209,399.6032,390.5448,384.0353,376.7848

Time pixel : 92.8722,93.5028,94.1334,94.7641,95.3947,96.0253,96.6559,97.2865,97.9171,98.5478,99.1784,99.809

Position pixel : 12.2392,13.1191,13.9991,14.879,15.7589,16.6388,17.5188,18.3987,19.2786,20.1585,21.0385,21.9184

Brightness max : 649.67
Brightness min : 252.00
Feature direction : Antipoleward
Feature speed : 
Feature type : Line
Start frame : 5
End frame : 172
Start time (s) : 13.360
End time (s) : 252.300
Time step (s) : 1.431

Feature number : 5

Time (s) : 147.2128,148.4184,149.6239,150.8295,152.035,153.2405,154.4461,155.6516,156.8571,158.0627

Position (um) : 3.5436,3.4575,3.3715,3.2854,3.1993,3.1133,3.0272,2.9411,2.8551,2.769

Intensity : 449.3381,422.9164,402.2165,387.5276,381.7533,379.1666,384.4328,391.465,381.0777,362.6171

Time pixel : 102.8741,103.7165,104.559,105.4014,106.2439,107.0863,107.9288,108.7712,109.6137,110.4561

Position pixel : 33.2108,32.4042,31.5976,30.791,29.9844,29.1778,28.3712,27.5646,26.758,25.9514

Brightness max : 649.67
Brightness min : 252.00
Feature direction : Antipoleward
Feature speed : 
Feature type : Line
Start frame : 5
End frame : 172
Start time (s) : 13.360
End time (s) : 252.300
Time step (s) : 1.431

Feature number : 6

Time (s) : 169.1272,169.9424,170.7577,171.5729,172.3881,173.2034,174.0186,174.8339,175.6491,176.4643,177.2796,178.0948,178.9101,179.7253

Position (um) : 2.7572,2.8588,2.9603,3.0619,3.1635,3.265,3.3666,3.4682,3.5697,3.6713,3.7729,3.8744,3.976,4.0776

Intensity : 331.7789,336.1126,333.6804,332.6951,333.1139,338.644,341.7511,344.4887,347.0997,342.8494,335.5427,327.5807,320.4863,324.4446

Time pixel : 118.1881,118.7578,119.3275,119.8972,120.4669,121.0366,121.6063,122.176,122.7457,123.3154,123.8851,124.4548,125.0245,125.5942

Position pixel : 25.8407,26.7926,27.7445,28.6963,29.6482,30.6001,31.552,32.5038,33.4557,34.4076,35.3595,36.3113,37.2632,38.2151

Brightness max : 649.67
Brightness min : 252.00
Feature direction : Poleward
Feature speed : 
Feature type : Line
Start frame : 5
End frame : 172
Start time (s) : 13.360
End time (s) : 252.300
Time step (s) : 1.431

Feature number : 7

Time (s) : 175.4333,176.1615,176.8897,177.6179,178.3461,179.0743,179.8025,180.5308,181.259,181.9872,182.7154,183.4436,184.1718,184.9,185.6282,186.3564

Position (um) : 2.4057,2.507,2.6083,2.7096,2.811,2.9123,3.0136,3.1149,3.2162,3.3175,3.4188,3.5201,3.6214,3.7227,3.8241,3.9254

Intensity : 339.7271,335.0756,331.7217,330.7344,328.1339,326.6812,329.7672,333.8071,332.9997,333.3097,332.7056,332.045,329.245,326.1376,325.5002,325.0372

Time pixel : 122.5949,123.1038,123.6127,124.1215,124.6304,125.1393,125.6482,126.1571,126.6659,127.1748,127.6837,128.1926,128.7015,129.2103,129.7192,130.2281

Position pixel : 22.5465,23.496,24.4455,25.395,26.3444,27.2939,28.2434,29.1929,30.1424,31.0919,32.0414,32.9909,33.9403,34.8898,35.8393,36.7888

Brightness max : 649.67
Brightness min : 252.00
Feature direction : Poleward
Feature speed : 
Feature type : Line
Start frame : 5
End frame : 172
Start time (s) : 13.360
End time (s) : 252.300
Time step (s) : 1.431

Feature number : 8

Time (s) : 182.254,182.9718,183.6897,184.4075,185.1253,185.8431,186.561,187.2788,187.9966,188.7144,189.4323,190.1501,190.8679,191.5858,192.3036,193.0214,193.7392

Position (um) : 2.38,2.4836,2.5873,2.691,2.7946,2.8983,3.0019,3.1056,3.2093,3.3129,3.4166,3.5202,3.6239,3.7276,3.8312,3.9349,4.0385

Intensity : 345.86,348.2415,351.3771,348.6011,346.4566,347.5408,346.954,346.7522,338.154,330.8169,330.6202,335.5388,341.114,350.1793,352.5227,345.2964,325.3449

Time pixel : 127.3613,127.8629,128.3646,128.8662,129.3678,129.8694,130.371,130.8727,131.3743,131.8759,132.3776,132.8792,133.3808,133.8824,134.3841,134.8857,135.3873

Position pixel : 22.3054,23.2769,24.2484,25.2199,26.1914,27.1629,28.1344,29.1059,30.0774,31.0489,32.0204,32.9919,33.9634,34.9349,35.9064,36.8779,37.8494

Brightness max : 649.67
Brightness min : 252.00
Feature direction : Poleward
Feature speed : 
Feature type : Line
Start frame : 5
End frame : 172
Start time (s) : 13.360
End time (s) : 252.300
Time step (s) : 1.431

Feature number : 9

Time (s) : 29.54829,29.65375,29.77911,29.96614,30.24075,30.56459,30.85179,31.0952,31.32602,31.55698,31.7878,32.01863,32.24945,32.48027,32.72382,33.01102,33.3599,33.75987,34.20176,34.60172,34.95074,35.23795,35.49395,35.79375,36.17396,36.56663,36.92281,37.25923,37.54643,37.78985,38.02067,38.25163,38.48245,38.71327,38.94409,39.17491,39.40588,39.64929,39.96168,40.39813,40.87122,41.2274,41.47095,41.64539,41.78334,41.95778,42.17601,42.40683,42.63779,42.86861,43.09943,43.34284,43.65523,44.10442,44.63389,45.08294,45.39533,45.63874,45.86956,46.10052,46.34394,46.63114,46.95497,47.25477,47.55456,47.87825,48.1656,48.42161,48.7214,49.10147,49.49428,49.85046,50.18689,50.47409,50.7175,50.96092,51.26071,51.64093,52.03359,52.38977,52.73879,53.09497,53.50022,53.94942,54.39846,54.80387,55.16004,55.49633,55.78353,56.03953,56.32688,56.65057,56.95037,57.26275,57.64297,58.02319,58.32298,58.56639,58.79721,59.02803,59.25885,59.48982,59.73323,60.02043,60.34427,60.63147,60.87488,61.1057,61.34912,61.63632,61.97275,62.31633,62.65276,62.95255,63.25235,63.57618,63.87598,64.18836,64.59362,65.0866,65.59747,66.06626,66.50816,66.85188,67.14553,67.58327,68.29977,69.17297,70.02727,70.77626,71.45012,72.13743,72.82159,73.30298,73.64055,73.96438,74.26418,74.57657,74.96937,75.40583,75.79864,76.09843,76.35444,76.64164,76.96548,77.26527,77.57766,77.97032,78.40692,78.81218,79.19354,79.65533,80.20984,80.78439,81.36408,81.93863,82.50588,83.01131,83.41671,83.71651,83.95992,84.21592,84.5721,85.07037,85.63218,86.19943,86.71746,87.19183,87.65347,88.11511,88.58949,89.09492,89.5806,89.94937,90.26176,90.59818,90.94177,91.27805,91.59044,91.94662,92.35087,92.63807,92.80107,92.98824,93.27544,93.65552,94.04833,94.41709,94.80976,95.18998,95.48977,95.73318,95.964,96.19497,96.46357,96.86353,97.36052,97.70424,97.89242,98.14843,98.57243,99.07071,99.57728,100.2261,101.0176,101.7342,102.2408,102.6712,103.133,103.6636,104.2747,104.8983,105.4727,105.9836,106.3961,106.745,107.0324,107.2884,107.5882,107.9934,108.4738,108.9031,109.1663,109.3659,109.5843,109.8151,110.0585,110.3457,110.6695,110.9693,111.2565,111.524,111.7183,111.9053,112.1236,112.3418,112.5164,112.6542,112.8288,113.047,113.2778,113.5086,113.7395,113.9704,114.2012,114.4195,114.5939,114.7319,114.8938,115.0557,115.1936,115.3681,115.5863,115.8171,116.0481,116.2789,116.4971,116.659

Position (um) : 1.6167,1.6209,1.6278,1.632,1.633,1.633,1.6339,1.6381,1.645,1.6502,1.6553,1.6622,1.6665,1.6674,1.6683,1.6725,1.6795,1.6837,1.6846,1.6846,1.6846,1.6846,1.6846,1.6846,1.6846,1.6846,1.6837,1.6795,1.6725,1.6683,1.6674,1.6674,1.6674,1.6674,1.6674,1.6674,1.6674,1.6674,1.6683,1.6725,1.6795,1.6837,1.6855,1.6897,1.6967,1.7009,1.7018,1.7018,1.7018,1.7018,1.7018,1.7018,1.7018,1.7018,1.7018,1.7018,1.7018,1.7018,1.7018,1.7028,1.707,1.7139,1.7181,1.719,1.719,1.719,1.719,1.719,1.719,1.719,1.719,1.719,1.719,1.719,1.719,1.719,1.719,1.719,1.719,1.719,1.719,1.719,1.719,1.719,1.719,1.719,1.719,1.719,1.719,1.719,1.719,1.719,1.719,1.719,1.719,1.719,1.7181,1.7139,1.707,1.7018,1.6967,1.6897,1.6846,1.6785,1.6674,1.6563,1.6511,1.6492,1.645,1.6381,1.633,1.6269,1.6157,1.6046,1.5976,1.5883,1.5735,1.5609,1.552,1.5478,1.5469,1.5469,1.5469,1.5469,1.5469,1.5469,1.5469,1.5469,1.5469,1.5469,1.5469,1.5469,1.5469,1.5469,1.5469,1.5469,1.5469,1.5469,1.5469,1.5469,1.5469,1.5469,1.5469,1.5469,1.5469,1.5469,1.5469,1.5469,1.5478,1.5511,1.5538,1.5511,1.5478,1.5469,1.5469,1.5469,1.5469,1.5469,1.5469,1.5469,1.5469,1.5469,1.5469,1.5469,1.5478,1.552,1.559,1.5632,1.5641,1.5641,1.5641,1.5641,1.5641,1.5641,1.5641,1.5641,1.5641,1.5641,1.5651,1.5692,1.5771,1.5855,1.5934,1.5985,1.6037,1.6106,1.6148,1.6157,1.6157,1.6157,1.6157,1.6157,1.6157,1.6157,1.6157,1.6157,1.6167,1.6209,1.6288,1.6372,1.646,1.6563,1.6725,1.6906,1.6999,1.7018,1.7018,1.7018,1.7018,1.7018,1.7009,1.6967,1.6897,1.6846,1.6795,1.6725,1.6683,1.6674,1.6674,1.6674,1.6683,1.6725,1.6795,1.6837,1.6846,1.6846,1.6846,1.6846,1.6846,1.6846,1.6855,1.6897,1.6967,1.7009,1.7018,1.7028,1.707,1.7139,1.7181,1.719,1.719,1.719,1.719,1.719,1.719,1.72,1.7242,1.7311,1.7362,1.7414,1.7483,1.7525,1.7535,1.7544,1.7586,1.7655,1.7697,1.7707

Intensity : 320.5024,320.6889,320.9248,321.1944,321.4368,321.6631,321.8726,322.0821,322.3084,322.808,323.8999,324.9867,326.0407,327.0728,328.1586,328.9332,328.7564,328.6083,328.4278,330.0999,332.45,334.3838,336.1076,338.1504,341.2013,344.3522,347.2596,350.3229,353.5216,356.1514,358.4374,360.656,362.8733,363.9116,362.561,361.2105,359.859,358.4348,356.5359,354.0709,351.5438,349.8201,348.7269,347.5366,346.4686,345.2545,343.8458,342.3778,340.9089,339.4409,340.14,341.7053,343.7141,346.6026,348.815,349.7405,350.3844,350.8861,351.2129,351.2028,351.0127,350.2995,349.813,349.3078,345.8855,342.1905,338.9104,335.988,333.5132,334.5167,335.5539,336.4943,336.7734,335.8144,335.0015,334.1887,333.1877,332.2672,332.0537,331.8599,331.6701,330.0977,326.1016,321.6722,317.5159,318.901,320.1179,321.2669,322.2482,325.2172,328.8093,332.8558,336.6036,340.2085,339.9428,339.6771,339.5285,339.6342,339.8374,339.804,339.7706,339.8372,339.7862,339.7268,338.1438,336.2483,334.3885,332.4614,330.5299,329.9559,332.5789,335.3788,338.5575,341.6041,343.5845,345.6509,347.7509,349.6366,351.2078,352.4119,353.5386,353.0118,351.159,349.7178,348.4866,349.3883,352.3949,358.0892,365.2503,370.6144,375.3257,381.773,388.4687,391.4929,393.028,394.5005,395.8638,396.8793,397.6989,398.6095,399.429,400.947,402.3757,403.9784,405.7855,407.4585,408.1438,408.967,409.8559,410.3086,409.9281,409.6758,408.7436,403.1751,397.5096,392.1453,386.9845,382.535,383.3822,384.0087,384.5173,385.0523,385.5474,385.7206,385.9322,387.5148,389.8168,391.8846,392.1627,391.965,391.7618,394.6545,398.4958,401.4124,405.0025,411.1259,417.3796,423.5004,429.0528,432.1837,435.4745,437.5751,438.5064,439.9038,441.042,442.1344,443.8169,445.9602,443.9995,441.7601,439.9943,438.5607,437.7397,437.8089,437.8893,438.0091,437.7821,435.6832,433.9139,431.8257,429.0274,425.6299,421.4733,416.3283,410.2167,406.2334,405.9688,405.7439,406.1239,409.109,412.651,414.4886,415.6688,415.4111,410.6985,406.8228,403.3991,400.0947,399.1286,398.3847,397.4342,397.8996,399.6695,401.0672,402.8852,404.8891,407.0024,408.3567,408.8439,409.2949,409.6653,409.8275,408.7796,407.0756,405.3097,403.5598,402.0993,399.6663,397.5017,395.6881,392.5815,389.4627,386.344,383.2233,380.1045,377.0216,375.3346,374.0543,372.9964,371.9715,370.8021,369.9378,369.4105,368.8678,368.4573,368.0955,368.0272,368.2187

Time pixel : 20.6487,20.7224,20.81,20.9407,21.1326,21.3589,21.5596,21.7297,21.891,22.0524,22.2137,22.375,22.5363,22.6976,22.8678,23.0685,23.3123,23.5918,23.9006,24.1801,24.424,24.6247,24.8036,25.0131,25.2788,25.5532,25.8021,26.0372,26.2379,26.408,26.5693,26.7307,26.892,27.0533,27.2146,27.3759,27.5373,27.7074,27.9257,28.2307,28.5613,28.8102,28.9804,29.1023,29.1987,29.3206,29.4731,29.6344,29.7958,29.9571,30.1184,30.2885,30.5068,30.8207,31.1907,31.5045,31.7228,31.8929,32.0542,32.2156,32.3857,32.5864,32.8127,33.0222,33.2317,33.4579,33.6587,33.8376,34.0471,34.3127,34.5872,34.8361,35.0712,35.2719,35.442,35.6121,35.8216,36.0873,36.3617,36.6106,36.8545,37.1034,37.3866,37.7005,38.0143,38.2976,38.5465,38.7815,38.9822,39.1611,39.3619,39.5881,39.7976,40.0159,40.2816,40.5473,40.7568,40.9269,41.0882,41.2495,41.4108,41.5722,41.7423,41.943,42.1693,42.37,42.5401,42.7014,42.8715,43.0722,43.3073,43.5474,43.7825,43.992,44.2015,44.4278,44.6373,44.8556,45.1388,45.4833,45.8403,46.1679,46.4767,46.7169,46.9221,47.228,47.7287,48.3389,48.9359,49.4593,49.9302,50.4105,50.8886,51.225,51.4609,51.6872,51.8967,52.115,52.3895,52.6945,52.969,53.1785,53.3574,53.5581,53.7844,53.9939,54.2122,54.4866,54.7917,55.0749,55.3414,55.6641,56.0516,56.4531,56.8582,57.2597,57.6561,58.0093,58.2926,58.5021,58.6722,58.8511,59.1,59.4482,59.8408,60.2372,60.5992,60.9307,61.2533,61.5759,61.9074,62.2606,62.6,62.8577,63.076,63.3111,63.5512,63.7862,64.0045,64.2534,64.5359,64.7366,64.8505,64.9813,65.182,65.4476,65.7221,65.9798,66.2542,66.5199,66.7294,66.8995,67.0608,67.2222,67.4099,67.6894,68.0367,68.2769,68.4084,68.5873,68.8836,69.2318,69.5858,70.0392,70.5923,71.0931,71.4471,71.7479,72.0706,72.4414,72.8684,73.3042,73.7056,74.0626,74.3509,74.5947,74.7955,74.9744,75.1839,75.4671,75.8028,76.1028,76.2867,76.4262,76.5788,76.7401,76.9102,77.1109,77.3372,77.5467,77.7474,77.9343,78.0701,78.2008,78.3533,78.5058,78.6278,78.7241,78.8461,78.9986,79.1599,79.3212,79.4825,79.6439,79.8052,79.9577,80.0796,80.176,80.2892,80.4023,80.4987,80.6206,80.7731,80.9344,81.0958,81.2571,81.4096,81.5227

Position pixel : 15.1517,15.1911,15.2561,15.2955,15.3042,15.3042,15.313,15.3524,15.4174,15.4656,15.5138,15.5787,15.6181,15.6269,15.6357,15.6751,15.74,15.7794,15.7882,15.7882,15.7882,15.7882,15.7882,15.7882,15.7882,15.7882,15.7794,15.74,15.6751,15.6357,15.6269,15.6269,15.6269,15.6269,15.6269,15.6269,15.6269,15.6269,15.6357,15.6751,15.74,15.7794,15.797,15.8364,15.9013,15.9407,15.9495,15.9495,15.9495,15.9495,15.9495,15.9495,15.9495,15.9495,15.9495,15.9495,15.9495,15.9495,15.9495,15.9583,15.9977,16.0627,16.1021,16.1108,16.1108,16.1108,16.1108,16.1108,16.1108,16.1108,16.1108,16.1108,16.1108,16.1108,16.1108,16.1108,16.1108,16.1108,16.1108,16.1108,16.1108,16.1108,16.1108,16.1108,16.1108,16.1108,16.1108,16.1108,16.1108,16.1108,16.1108,16.1108,16.1108,16.1108,16.1108,16.1108,16.1021,16.0627,15.9977,15.9495,15.9013,15.8364,15.7882,15.7312,15.6269,15.5225,15.4744,15.4568,15.4174,15.3524,15.3042,15.2473,15.1429,15.0386,14.9728,14.8852,14.7465,14.6284,14.5458,14.5064,14.4976,14.4976,14.4976,14.4976,14.4976,14.4976,14.4976,14.4976,14.4976,14.4976,14.4976,14.4976,14.4976,14.4976,14.4976,14.4976,14.4976,14.4976,14.4976,14.4976,14.4976,14.4976,14.4976,14.4976,14.4976,14.4976,14.4976,14.4976,14.5064,14.537,14.5626,14.537,14.5064,14.4976,14.4976,14.4976,14.4976,14.4976,14.4976,14.4976,14.4976,14.4976,14.4976,14.4976,14.5064,14.5458,14.6108,14.6502,14.659,14.659,14.659,14.659,14.659,14.659,14.659,14.659,14.659,14.659,14.6678,14.7071,14.7809,14.8597,14.9334,14.9816,15.0298,15.0947,15.1341,15.1429,15.1429,15.1429,15.1429,15.1429,15.1429,15.1429,15.1429,15.1429,15.1517,15.1911,15.2649,15.3436,15.4262,15.5225,15.6751,15.8444,15.9319,15.9495,15.9495,15.9495,15.9495,15.9495,15.9407,15.9013,15.8364,15.7882,15.74,15.6751,15.6357,15.6269,15.6269,15.6269,15.6357,15.6751,15.74,15.7794,15.7882,15.7882,15.7882,15.7882,15.7882,15.7882,15.797,15.8364,15.9013,15.9407,15.9495,15.9583,15.9977,16.0627,16.1021,16.1108,16.1108,16.1108,16.1108,16.1108,16.1108,16.1196,16.159,16.224,16.2722,16.3204,16.3853,16.4247,16.4335,16.4423,16.4817,16.5466,16.586,16.5948

Brightness max : 649.67
Brightness min : 252.00
Feature direction : Ambiguous
Feature speed : 
Feature type : Curve
Start frame : 5
End frame : 172
Start time (s) : 13.360
End time (s) : 252.300
Time step (s) : 1.431

Feature number : 10

Time (s) : 56.3396,56.5023,56.7214,56.9405,57.1158,57.2546,57.4299,57.6491,57.8808,58.1252,58.4133,58.7507,59.0953,59.4452,59.8023,60.2213,60.7405,61.3526,61.9647,62.4966,62.972,63.4349,63.8854,64.2794,64.5806,64.8379,65.1265,65.4517,65.7403,65.985,66.2172,66.4495,66.6816,66.9137,67.1457,67.3776,67.6096,67.8288,68.0041,68.1428,68.3178,68.5366,68.7678,69.0114,69.3113,69.6914,70.0713,70.3707,70.6136,70.8438,71.0738,71.3037,71.5334,71.7631,72.0052,72.2911,72.6011,72.8305,72.9794,73.1524,73.3692,73.5986,73.828,74.07,74.3684,74.7473,75.1261,75.4246,75.6667,75.8964,76.1261,76.3683,76.6544,76.9897,77.3322,77.6675,77.9537,78.1961,78.4261,78.6685,78.9549,79.2777,79.564,79.8064,80.049,80.3353,80.6464,80.8773,81.0278,81.2022,81.4205,81.6514,81.8822,82.1131,82.3439,82.5747,82.8057,83.0365,83.2673,83.4981,83.729,83.9473,84.1218,84.2723,84.5031,84.8018,85.0326,85.1831,85.3576,85.5758,85.8066,86.05,86.3374,86.6485,86.8794,87.0172,87.1355,87.2607,87.4352,87.6535,87.8717,88.0463,88.1841,88.3461,88.5079,88.6459,88.8203,89.0385,89.2694,89.5003,89.7311,89.962,90.1928,90.4237,90.6546,90.8854,91.1162,91.3344,91.509,91.6468,91.8214,92.0396,92.2705,92.4887,92.6633,92.7886,92.8941

Position (um) : 3.7674,3.7673,3.7672,3.7662,3.762,3.755,3.7507,3.7497,3.7496,3.7496,3.7495,3.7494,3.7503,3.7544,3.7613,3.7654,3.7662,3.7662,3.7661,3.766,3.7659,3.7658,3.7657,3.7656,3.7664,3.7705,3.7774,3.7815,3.7823,3.7822,3.7821,3.782,3.7819,3.7809,3.7766,3.7696,3.7653,3.7633,3.7591,3.7521,3.7478,3.7468,3.7468,3.7468,3.7468,3.7468,3.7468,3.7469,3.7469,3.747,3.747,3.7471,3.7472,3.7473,3.7473,3.7475,3.7466,3.7425,3.7357,3.7316,3.7298,3.7258,3.718,3.7097,3.7019,3.6969,3.6919,3.685,3.6809,3.6801,3.6802,3.6793,3.6752,3.6683,3.6642,3.6634,3.6634,3.6635,3.6636,3.6637,3.6647,3.6689,3.6759,3.6802,3.6822,3.6864,3.6943,3.7027,3.7106,3.7148,3.7157,3.7157,3.7157,3.7167,3.7209,3.7278,3.732,3.7329,3.7329,3.7329,3.7329,3.7339,3.7381,3.745,3.7492,3.7511,3.7553,3.7622,3.7674,3.7725,3.7794,3.7846,3.7897,3.7976,3.806,3.8148,3.8232,3.8311,3.8362,3.8414,3.8492,3.8576,3.8655,3.8706,3.8758,3.8827,3.8869,3.8879,3.8879,3.8879,3.8879,3.8879,3.8879,3.8888,3.8939,3.9051,3.9171,3.9274,3.9395,3.9506,3.9558,3.9576,3.9618,3.9697,3.9781,3.986,3.9902

Intensity : 498.2333,500.8006,504.2585,507.6494,510.1041,511.6203,512.3483,513.5902,514.9734,516.4343,518.157,521.1246,527.3063,533.5305,539.6174,546.0038,552.2427,559.6609,566.6722,572.6107,577.7761,575.058,572.4119,570.0971,569.9325,570.6752,571.6566,572.8717,573.9324,574.0835,573.8605,573.6411,573.4256,573.2497,573.2968,574.2641,575.6682,576.8744,578.0856,579.3913,580.6867,581.9299,581.768,578.8376,575.2261,570.6496,566.0723,564.954,564.4283,563.9298,563.4324,562.9366,562.4419,562.0335,561.6086,561.1057,560.6292,560.5652,560.9005,561.7719,562.877,563.9142,564.7439,565.6381,566.9155,565.0514,562.908,561.3872,560.305,559.0073,556.7548,554.3996,551.6661,548.4495,545.8065,546.6751,547.4064,548.0246,548.61,549.2263,549.5609,549.7181,549.6737,549.7047,549.8524,549.5561,549.121,548.9526,548.9573,549.1049,549.3272,549.4931,549.5498,549.626,549.7554,549.9,549.9703,550.0099,550.1571,550.3043,550.4515,550.6345,550.6004,550.421,549.8197,547.2115,545.0766,543.4999,541.7813,539.6729,537.3573,535.8946,534.6186,533.3651,532.5796,532.2191,532.0085,531.8667,532.3871,533.2478,533.1124,532.7996,532.4434,532.5066,532.5899,532.4125,531.3443,529.1754,526.9774,524.778,522.5799,520.3819,518.0918,515.3607,512.7083,510.3099,508.1796,506.3501,505.2373,504.9682,504.9567,505.0736,505.1503,505.148,505.118,505.0713,505.0892

Time pixel : 39.3708,39.4845,39.6376,39.7907,39.9132,40.0102,40.1327,40.2859,40.4478,40.6186,40.8199,41.0557,41.2965,41.541,41.7906,42.0834,42.4462,42.8739,43.3017,43.6734,44.0056,44.3291,44.6439,44.9192,45.1297,45.3095,45.5112,45.7384,45.9401,46.1111,46.2734,46.4357,46.5979,46.7601,46.9222,47.0843,47.2464,47.3996,47.5221,47.619,47.7413,47.8942,48.0558,48.226,48.4356,48.7012,48.9667,49.1759,49.3456,49.5065,49.6672,49.8279,49.9884,50.1489,50.3181,50.5179,50.7345,50.8948,50.9989,51.1198,51.2713,51.4316,51.5919,51.761,51.9695,52.2343,52.499,52.7076,52.8768,53.0373,53.1978,53.3671,53.567,53.8013,54.0407,54.275,54.475,54.6444,54.8051,54.9745,55.1746,55.4002,55.6003,55.7697,55.9392,56.1393,56.3567,56.518,56.6232,56.7451,56.8976,57.059,57.2203,57.3816,57.5429,57.7042,57.8656,58.0269,58.1882,58.3495,58.5108,58.6634,58.7853,58.8905,59.0518,59.2605,59.4218,59.527,59.6489,59.8014,59.9627,60.1328,60.3336,60.551,60.7124,60.8087,60.8913,60.9788,61.1008,61.2533,61.4058,61.5278,61.6241,61.7373,61.8504,61.9468,62.0687,62.2212,62.3825,62.5439,62.7052,62.8665,63.0278,63.1892,63.3505,63.5118,63.6731,63.8256,63.9476,64.0439,64.1659,64.3184,64.4797,64.6322,64.7542,64.8418,64.9155

Position pixel : 35.3079,35.3073,35.3067,35.2973,35.2573,35.1918,35.1518,35.1424,35.1417,35.1411,35.1404,35.1397,35.1478,35.1865,35.2508,35.2894,35.2974,35.2967,35.2959,35.295,35.2942,35.2933,35.2924,35.2915,35.2993,35.3378,35.4018,35.4402,35.448,35.447,35.4461,35.4451,35.4442,35.4345,35.3943,35.3285,35.2884,35.2701,35.2301,35.1647,35.1248,35.1157,35.1155,35.1153,35.1153,35.1153,35.1155,35.1158,35.1162,35.1167,35.1173,35.1179,35.1187,35.1195,35.1204,35.1214,35.1136,35.0752,35.0113,34.9729,34.9564,34.918,34.8453,34.7676,34.6948,34.6476,34.6004,34.5363,34.4978,34.4899,34.4908,34.4828,34.4442,34.38,34.3414,34.3333,34.334,34.3347,34.3354,34.3361,34.3456,34.3856,34.4512,34.4913,34.5095,34.5495,34.6233,34.7021,34.7759,34.8153,34.8241,34.8241,34.8241,34.8328,34.8722,34.9372,34.9766,34.9854,34.9854,34.9854,34.9854,34.9942,35.0336,35.0985,35.1379,35.1555,35.1949,35.2598,35.308,35.3562,35.4212,35.4693,35.5175,35.5913,35.6701,35.7526,35.8314,35.9051,35.9533,36.0015,36.0752,36.154,36.2278,36.2759,36.3241,36.3891,36.4285,36.4373,36.4373,36.4373,36.4373,36.4373,36.4373,36.4461,36.4942,36.5986,36.7117,36.8081,36.9212,37.0256,37.0738,37.0913,37.1307,37.2045,37.2833,37.357,37.3964

Brightness max : 649.67
Brightness min : 252.00
Feature direction : Ambiguous
Feature speed : 
Feature type : Curve
Start frame : 5
End frame : 172
Start time (s) : 13.360
End time (s) : 252.300
Time step (s) : 1.431

Feature number : 11

Time (s) : 93.63033,93.67555,93.75569,93.85643,93.93957,94.00468,94.07408,94.1525,94.22205,94.28086,94.33681,94.39262,94.44843,94.50739,94.57694,94.65521,94.72476,94.78357,94.84253,94.91508,95.0071,95.0961,95.15492,95.20042,95.28356,95.40091,95.48104,95.51896,95.5888,95.73934,95.91721,96.05931,96.16048,96.22988,96.27525,96.30859,96.3508,96.40361,96.45641,96.49863,96.52896,96.56059,96.60767,96.6921,96.82046,96.99862,97.20812,97.40001,97.55699,97.68535,97.79712,97.89213,97.96769,98.04024,98.12167,98.20781,98.30598,98.41159,98.50661,98.57916,98.63811,98.69693,98.77263,98.87824,98.99873,99.11535,99.23885,99.36735,99.50931,99.666,99.79894,99.89253,99.97596,100.0934,100.2247,100.3411,100.445,100.5146,100.5541,100.5963,100.6461,100.6913,100.7383,100.8031,100.8695,100.9284,100.9842,101.037,101.0793,101.1157,101.1716,101.25,101.3331,101.4206,101.5204,101.6379,101.7465,101.8358,101.9203,102.0004,102.0681,102.1152,102.1604,102.2102,102.2494

Position (um) : 3.9914,3.9931,3.9941,3.9943,3.9943,3.9943,3.9941,3.9931,3.9914,3.9902,3.9887,3.986,3.9833,3.9818,3.9804,3.9774,3.9737,3.9708,3.9693,3.9679,3.9652,3.9622,3.96,3.9576,3.9546,3.9508,3.9475,3.9437,3.9372,3.9274,3.9164,3.9061,3.8971,3.8906,3.886,3.8819,3.8775,3.8721,3.8652,3.8586,3.8542,3.8512,3.8468,3.8395,3.8289,3.8148,3.7986,3.7826,3.7694,3.7603,3.753,3.7471,3.7432,3.7385,3.7319,3.7251,3.7196,3.7153,3.7111,3.7072,3.704,3.7015,3.6986,3.6957,3.693,3.6883,3.6805,3.6709,3.6628,3.6569,3.6515,3.6457,3.6403,3.6349,3.629,3.6241,3.6207,3.6184,3.6165,3.6155,3.6151,3.6138,3.6111,3.6082,3.6059,3.6038,3.6018,3.5996,3.5976,3.5957,3.5947,3.5942,3.593,3.5903,3.5874,3.5851,3.5832,3.582,3.5807,3.5788,3.5768,3.5747,3.5726,3.5707,3.5697

Intensity : 516.5068,517.2422,518.6456,520.4673,521.9827,523.1696,524.4537,525.9712,527.3945,528.5933,529.7693,531.0738,532.3757,533.1193,533.9706,535.0673,536.1657,537.0767,537.8364,538.7374,539.9748,541.214,542.0736,542.8098,544.0188,545.6789,546.8491,547.247,547.9984,549.6749,550.5695,548.1521,546.5052,545.4077,544.7113,544.2223,543.5946,542.8211,542.0982,541.5631,541.178,540.7393,540.0953,538.7239,535.6769,531.8429,527.8724,524.7355,522.5372,520.9755,519.7463,518.785,518.0793,517.4242,516.4716,515.1352,513.933,512.8412,511.8943,511.1483,510.5734,510.0681,509.3392,508.1967,506.9452,505.6305,504.0951,502.4657,500.845,499.2552,497.9149,496.9008,496.0068,494.8643,493.9323,493.0604,492.3296,491.8484,491.4846,491.2525,491.0913,490.8217,490.3378,489.7937,489.3508,488.9458,488.563,488.1757,487.8223,487.5001,487.2767,487.1,486.8116,486.3243,485.8003,485.5689,485.8188,486.0638,486.2865,486.3982,486.4353,486.3627,486.2933,486.2622,486.302

Time pixel : 65.43,65.4616,65.5176,65.588,65.6461,65.6916,65.7401,65.7949,65.8435,65.8846,65.9237,65.9627,66.0017,66.0429,66.0915,66.1462,66.1948,66.2359,66.2771,66.3278,66.3921,66.4543,66.4954,66.5272,66.5853,66.6673,66.7233,66.7498,66.7986,66.9038,67.0281,67.1274,67.1981,67.2466,67.2783,67.3016,67.3311,67.368,67.4049,67.4344,67.4556,67.4777,67.5106,67.5696,67.6593,67.7838,67.9302,68.0643,68.174,68.2637,68.3418,68.4082,68.461,68.5117,68.5686,68.6288,68.6974,68.7712,68.8376,68.8883,68.9295,68.9706,69.0235,69.0973,69.1815,69.263,69.3493,69.4391,69.5383,69.6478,69.7407,69.8061,69.8644,69.9465,70.0382,70.1196,70.1922,70.2408,70.2684,70.2979,70.3327,70.3643,70.3971,70.4424,70.4888,70.53,70.569,70.6059,70.6354,70.6609,70.6999,70.7547,70.8128,70.8739,70.9437,71.0258,71.1017,71.1641,71.2231,71.2791,71.3264,71.3593,71.3909,71.4257,71.4531

Position pixel : 37.4077,37.4234,37.4329,37.4351,37.4351,37.4351,37.4329,37.4234,37.4077,37.396,37.3822,37.357,37.3317,37.3179,37.3042,37.2768,37.242,37.2146,37.2008,37.187,37.1618,37.1344,37.1132,37.0911,37.0625,37.0268,36.9961,36.9602,36.9,36.8083,36.705,36.6079,36.5236,36.4634,36.4201,36.3811,36.3399,36.2892,36.2249,36.1628,36.1216,36.094,36.0529,35.9843,35.8851,35.7522,35.6003,35.4506,35.3273,35.2416,35.1731,35.1183,35.0812,35.0379,34.9758,34.9115,34.8608,34.8196,34.7806,34.7437,34.7142,34.6908,34.6635,34.6361,34.6106,34.5673,34.4935,34.404,34.328,34.2731,34.2224,34.1676,34.1169,34.0663,34.0115,33.9651,33.9334,33.9122,33.8944,33.8849,33.8806,33.8689,33.8437,33.8163,33.7951,33.7752,33.7561,33.7361,33.717,33.6992,33.6897,33.6854,33.6738,33.6485,33.6211,33.5999,33.5821,33.5704,33.5588,33.5409,33.5219,33.5019,33.4828,33.465,33.4555

Brightness max : 649.67
Brightness min : 252.00
Feature direction : Antipoleward
Feature speed : 
Feature type : Curve
Start frame : 5
End frame : 172
Start time (s) : 13.360
End time (s) : 252.300
Time step (s) : 1.431

Feature number : 12

Time (s) : 103.0978,103.1634,103.2758,103.4633,103.7515,104.0855,104.3435,104.5098,104.6319,104.775,104.9737,105.1725,105.3203,105.4729,105.7164,106.0653,106.4464,106.7487,106.9621,107.1354,107.2922,107.4471,107.6083,107.7373,107.8382,107.9554,108.1192,108.2968,108.4352,108.5478,108.6528,108.7612,108.9297,109.1422,109.323,109.4845,109.6531,109.836,110.0515,110.2993,110.5314,110.7232,110.8616,110.9836,111.1263,111.269,111.3769,111.447,111.4988,111.5643,111.6462,111.7329,111.8196,111.9062,111.9882,112.0489

Position (um) : 3.5635,3.5635,3.5639,3.5662,3.5719,3.5791,3.5841,3.5875,3.5897,3.594,3.6027,3.6129,3.6217,3.6304,3.6418,3.6559,3.6718,3.6875,3.7018,3.7134,3.7239,3.735,3.7474,3.759,3.771,3.7855,3.8023,3.8174,3.8285,3.8388,3.8508,3.8634,3.8795,3.899,3.9175,3.9374,3.9593,3.9827,4.0087,4.0378,4.0638,4.0827,4.0972,4.1138,4.1341,4.155,4.1705,4.1786,4.1838,4.188,4.1899,4.1903,4.1903,4.1903,4.1903,4.1903

Intensity : 488.645,488.3244,487.8237,487.2277,486.6264,485.9961,485.448,485.941,487.875,490.4051,494.4564,498.9097,502.5175,506.0173,510.4427,512.0563,509.0806,507.4703,506.9951,506.8051,506.7938,508.876,510.6077,512.1946,513.6911,515.581,518.2053,521.0674,523.3794,525.4648,525.9269,525.8464,522.0368,517.5017,513.6587,510.1265,504.7343,497.357,489.2863,480.5749,472.9161,467.2141,463.2265,459.1783,454.6445,450.4052,448.6048,448.1341,447.869,447.701,447.4855,446.9401,446.4112,445.8831,445.383,445.0129

Time pixel : 72.046,72.0918,72.1704,72.3014,72.5028,72.7362,72.9165,73.0327,73.118,73.218,73.3569,73.4958,73.5991,73.7057,73.8759,74.1197,74.386,74.5973,74.7464,74.8675,74.9771,75.0853,75.198,75.2881,75.3586,75.4405,75.555,75.6791,75.7758,75.8545,75.9279,76.0036,76.1214,76.2699,76.3962,76.5091,76.6269,76.7547,76.9053,77.0785,77.2407,77.3747,77.4714,77.5567,77.6564,77.7561,77.8315,77.8805,77.9167,77.9625,78.0197,78.0803,78.1409,78.2014,78.2587,78.3011

Position pixel : 33.3978,33.3978,33.4011,33.4225,33.4764,33.5433,33.5909,33.6219,33.6433,33.6828,33.7644,33.8608,33.9428,34.0247,34.1311,34.2637,34.4125,34.5598,34.6939,34.8021,34.9002,35.0051,35.121,35.2293,35.3422,35.4781,35.6351,35.7773,35.8806,35.9773,36.09,36.2081,36.3588,36.5415,36.7155,36.9019,37.1065,37.3258,37.5699,37.8428,38.0866,38.2634,38.3996,38.555,38.7449,38.941,39.0865,39.1622,39.2112,39.2504,39.2685,39.2718,39.2718,39.2718,39.2718,39.2718

Brightness max : 649.67
Brightness min : 252.00
Feature direction : Poleward
Feature speed : 
Feature type : Curve
Start frame : 5
End frame : 172
Start time (s) : 13.360
End time (s) : 252.300
Time step (s) : 1.431

Feature number : 13

Time (s) : 113.1411,113.3594,113.6831,114.0142,114.2942,114.4884,114.6629,114.8248,114.9627,115.1372,115.3555,115.5863,115.8297,116.117,116.4282,116.6716,116.8785,117.1711,117.571,118.0567,118.5184,118.9687,119.5359,120.1782,120.7328,121.1016,121.3576,121.5884,121.8193,122.0627,122.3499,122.6737,122.9861,123.3549,123.828,124.2771,124.6459,124.9822,125.2694,125.5129,125.7437,125.9872,126.2744,126.5982,126.898,127.1978,127.5342,127.8778,128.2141,128.5014,128.7448,128.9756,129.2191,129.5063,129.8301,130.1173,130.3607,130.5916,130.8224,131.0658,131.3531,131.6769,131.9641,132.2201,132.5199,132.9127,133.3618,133.8235,134.2852,134.7343,135.1396,135.5084,135.9011,136.2813,136.5811,136.8245,137.0554,137.2862,137.5171,137.7479,137.9914,138.2912,138.6713,139.0515,139.3513,139.6073,139.8945,140.2183,140.5055,140.749,140.9798,141.2107,141.4541,141.7413,142.0651,142.3649,142.6647,143.0137,143.4137,143.843,144.1866,144.4552,144.7424,145.0536,145.2844,145.435,145.6094,145.815,145.9896,146.1274,146.2894,146.4513,146.5766,146.6947,146.8074,146.9255,147.0383,147.1565,147.2817,147.4437,147.6055,147.7435,147.9179,148.1361,148.3671,148.5979,148.8413,149.1411,149.5339,149.983,150.4572,150.9754,151.5551,152.1734,152.7645,153.1771,153.4583,153.7455,154.0945,154.4945,154.9364,155.3363,155.6978,156.054,156.4468,156.827,157.1393,157.4392,157.7755,158.1191,158.4807,158.8806,159.3225,159.7351,160.1529,160.6021,161.0638,161.5254,161.9872,162.4362,162.8416,163.1978,163.5341,163.834,164.1463,164.5517,165.0445,165.5554,166.0495,166.6042,167.1336,167.5024,167.7584,167.9892,168.2201,168.451,168.6944,168.9816,169.3055,169.5927,169.8487,170.1359,170.4597,170.7469,170.9903,171.2212,171.452,171.6829,171.9138,172.1446,172.3628,172.5248

Position (um) : 4.0944,4.0935,4.0893,4.0814,4.073,4.0651,4.06,4.0548,4.047,4.0376,4.0256,4.0135,4.0032,3.9911,3.9791,3.9697,3.9618,3.9567,3.9516,3.9446,3.9404,3.9386,3.9343,3.9274,3.9232,3.9223,3.9223,3.9223,3.9223,3.9223,3.9223,3.9223,3.9223,3.9223,3.9223,3.9223,3.9223,3.9223,3.9223,3.9223,3.9223,3.9223,3.9223,3.9223,3.9223,3.9223,3.9223,3.9223,3.9223,3.9223,3.9223,3.9223,3.9223,3.9223,3.9223,3.9223,3.9223,3.9223,3.9223,3.9223,3.9223,3.9223,3.9223,3.9223,3.9223,3.9223,3.9223,3.9223,3.9223,3.9223,3.9223,3.9223,3.9232,3.9274,3.9343,3.9395,3.9446,3.9516,3.9567,3.9618,3.9688,3.973,3.9739,3.9739,3.9739,3.9739,3.9739,3.9739,3.9739,3.9739,3.9739,3.9739,3.973,3.9688,3.9618,3.9576,3.9558,3.9516,3.9437,3.9353,3.9274,3.9232,3.9223,3.9213,3.9171,3.9102,3.906,3.9041,3.8999,3.893,3.8879,3.8827,3.8748,3.8664,3.8576,3.8492,3.8404,3.832,3.8241,3.819,3.8139,3.8069,3.8027,3.8009,3.7957,3.7846,3.7734,3.7674,3.7622,3.7553,3.7502,3.745,3.7371,3.7287,3.7209,3.7167,3.7157,3.7148,3.7106,3.7037,3.6994,3.6985,3.6985,3.6985,3.6985,3.6985,3.6985,3.6985,3.6976,3.6934,3.6864,3.6822,3.6813,3.6813,3.6813,3.6813,3.6813,3.6822,3.6864,3.6934,3.6976,3.6994,3.7037,3.7106,3.7157,3.7209,3.7278,3.7329,3.739,3.7502,3.7613,3.7674,3.7725,3.7794,3.7836,3.7846,3.7846,3.7846,3.7846,3.7846,3.7846,3.7846,3.7846,3.7846,3.7846,3.7846,3.7846,3.7846,3.7846,3.7846,3.7846,3.7846

Intensity : 453.3025,455.2964,458.831,463.2358,467.4138,470.7783,472.9373,475.1114,477.8253,481.2285,485.7659,490.6072,495.2942,499.6773,503.8083,507.1837,510.1483,512.647,512.2586,508.4828,504.1343,499.8084,495.1521,490.8047,488.0425,485.7915,484.0313,482.4441,479.8161,476.7676,473.1706,469.1156,465.2035,462.3538,459.325,456.4499,453.4401,449.8199,446.7288,444.1088,441.6243,439.8445,440.8322,441.9456,442.9766,444.0075,445.7271,448.0129,450.2506,452.1615,453.7809,453.4954,452.7265,451.8194,450.7966,449.8894,448.7378,447.3761,446.0145,444.5787,442.8845,441.0518,440.2489,439.5333,438.6953,437.5975,438.633,441.1367,443.6403,444.7333,444.4613,444.2138,443.8788,441.0403,438.2393,435.9664,433.7569,431.3719,429.2554,427.1567,424.7702,422.1882,419.3114,417.8962,417.3801,416.9394,416.445,415.8876,414.1756,412.6487,411.2007,409.7528,408.4055,408.2342,411.1569,413.4425,415.2697,417.823,422.6549,428.2363,433.0003,436.3751,438.6411,440.8519,443.3135,445.9396,448.1453,450.0432,451.9636,452.8572,453.1624,453.493,454.7801,456.2763,457.9336,459.4819,461.1129,461.8871,462.5964,462.1939,460.6732,459.8026,457.8822,454.8859,452.2246,450.5076,448.6531,447.1899,444.8685,442.4621,440.0654,437.8954,435.4875,435.2854,435.4647,435.5404,435.7108,435.8851,436.0108,436.0953,434.2078,432.3111,430.6251,427.9517,420.818,413.913,408.2423,403.0327,399.634,396.0238,392.0246,387.9922,387.1676,386.4473,385.7177,387.9325,391.3202,394.7773,393.4375,389.3482,385.5406,382.2238,379.9963,378.2175,376.1255,373.2134,369.5182,365.5825,362.0395,361.5567,360.7093,359.6382,357.9961,356.4277,354.9297,353.5315,352.0908,351.0417,350.8293,350.6409,350.473,350.2846,349.1738,347.474,346.0334,344.6673,343.3012,341.9343,341.8117,341.927,342.036,342.117

Time pixel : 79.06435,79.21688,79.44315,79.67447,79.87014,80.0059,80.12783,80.24097,80.33734,80.45926,80.61179,80.77311,80.94322,81.14394,81.36142,81.53153,81.67609,81.88054,82.16005,82.49946,82.8221,83.13676,83.53315,83.98195,84.36954,84.62723,84.80613,84.96745,85.12877,85.29888,85.4996,85.72587,85.94417,86.20186,86.53248,86.84633,87.10402,87.33908,87.53979,87.70991,87.87123,88.04134,88.24205,88.46832,88.67783,88.88734,89.1224,89.36251,89.59757,89.79829,89.9684,90.12972,90.29983,90.50054,90.72682,90.92753,91.09764,91.25896,91.42028,91.59039,91.79111,92.01738,92.2181,92.397,92.6065,92.88096,93.19481,93.51745,93.84009,94.15395,94.43719,94.69488,94.96934,95.23501,95.44451,95.61462,95.77594,95.93726,96.09858,96.25991,96.43002,96.63952,96.90519,97.17086,97.38036,97.55926,97.75998,97.98625,98.18696,98.35708,98.5184,98.67972,98.84983,99.05054,99.27682,99.48632,99.69583,99.93968,100.2192,100.5192,100.7593,100.947,101.1477,101.3652,101.5265,101.6317,101.7536,101.8973,102.0193,102.1156,102.2288,102.3419,102.4295,102.512,102.5908,102.6733,102.7521,102.8347,102.9222,103.0354,103.1485,103.2449,103.3668,103.5193,103.6807,103.842,104.0121,104.2216,104.4961,104.8099,105.1413,105.5034,105.9085,106.3406,106.7537,107.042,107.2385,107.4392,107.6831,107.9626,108.2714,108.5509,108.8035,109.0524,109.3269,109.5926,109.8108,110.0204,110.2554,110.4955,110.7482,111.0277,111.3365,111.6248,111.9168,112.2307,112.5533,112.8759,113.1986,113.5124,113.7957,114.0446,114.2796,114.4892,114.7074,114.9907,115.3351,115.6921,116.0374,116.425,116.795,117.0527,117.2316,117.3929,117.5542,117.7156,117.8857,118.0864,118.3127,118.5134,118.6923,118.893,119.1193,119.32,119.4901,119.6514,119.8127,119.9741,120.1354,120.2967,120.4492,120.5624

Position pixel : 38.3731,38.3643,38.3249,38.2512,38.1724,38.0987,38.0505,38.0023,37.9285,37.841,37.7278,37.6147,37.5183,37.4052,37.2921,37.2045,37.1307,37.0825,37.0344,36.9694,36.93,36.9124,36.873,36.8081,36.7687,36.7599,36.7599,36.7599,36.7599,36.7599,36.7599,36.7599,36.7599,36.7599,36.7599,36.7599,36.7599,36.7599,36.7599,36.7599,36.7599,36.7599,36.7599,36.7599,36.7599,36.7599,36.7599,36.7599,36.7599,36.7599,36.7599,36.7599,36.7599,36.7599,36.7599,36.7599,36.7599,36.7599,36.7599,36.7599,36.7599,36.7599,36.7599,36.7599,36.7599,36.7599,36.7599,36.7599,36.7599,36.7599,36.7599,36.7599,36.7687,36.8081,36.873,36.9212,36.9694,37.0344,37.0825,37.1307,37.1957,37.2351,37.2439,37.2439,37.2439,37.2439,37.2439,37.2439,37.2439,37.2439,37.2439,37.2439,37.2351,37.1957,37.1307,37.0913,37.0738,37.0344,36.9606,36.8818,36.8081,36.7687,36.7599,36.7511,36.7117,36.6468,36.6074,36.5898,36.5504,36.4854,36.4373,36.3891,36.3153,36.2365,36.154,36.0752,35.9927,35.9139,35.8402,35.792,35.7438,35.6788,35.6395,35.6219,35.5737,35.4693,35.365,35.308,35.2598,35.1949,35.1467,35.0985,35.0248,34.946,34.8722,34.8328,34.8241,34.8153,34.7759,34.7109,34.6715,34.6627,34.6627,34.6627,34.6627,34.6627,34.6627,34.6627,34.6539,34.6146,34.5496,34.5102,34.5014,34.5014,34.5014,34.5014,34.5014,34.5102,34.5496,34.6146,34.6539,34.6715,34.7109,34.7759,34.8241,34.8722,34.9372,34.9854,35.0424,35.1467,35.251,35.308,35.3562,35.4212,35.4605,35.4693,35.4693,35.4693,35.4693,35.4693,35.4693,35.4693,35.4693,35.4693,35.4693,35.4693,35.4693,35.4693,35.4693,35.4693,35.4693,35.4693

Brightness max : 649.67
Brightness min : 252.00
Feature direction : Ambiguous
Feature speed : 
Feature type : Curve
Start frame : 5
End frame : 172
Start time (s) : 13.360
End time (s) : 252.300
Time step (s) : 1.431

Feature number : 14

Time (s) : 10.3313,10.4128,10.6185,10.8734,11.0677,11.2421,11.404,11.5419,11.7164,11.9347,12.1529,12.3274,12.4653,12.6398,12.8455,13.02,13.1579,13.3324,13.5506,13.7815,14.0123,14.2432,14.474,14.7048,14.9358,15.1666,15.3974,15.6282,15.8591,16.09,16.3334,16.6332,17.0134,17.3935,17.6807,17.8678,18.0057,18.1677,18.3295,18.4549,18.5729,18.6983,18.8602,19.0221,19.1474,19.2656,19.3908,19.5653,19.7836,20.027,20.3142,20.638,20.9252,21.156,21.3306,21.4684,21.643,21.8612,22.0795,22.2415

Position (um) : 3.9688,3.9618,3.9567,3.9516,3.9446,3.9395,3.9343,3.9265,3.9181,3.9102,3.9051,3.8999,3.893,3.8888,3.8869,3.8827,3.8748,3.8664,3.8586,3.8534,3.8473,3.8362,3.8251,3.819,3.8129,3.8018,3.7897,3.7794,3.7674,3.7553,3.745,3.732,3.7157,3.6985,3.6813,3.665,3.6529,3.6469,3.6417,3.6339,3.6255,3.6176,3.6124,3.6073,3.5994,3.591,3.5832,3.579,3.578,3.5771,3.5729,3.566,3.5618,3.5599,3.5557,3.5487,3.5445,3.5436,3.5436,3.5436

Intensity : 565.1834,560.2181,556.6126,553.1375,550.104,549.2909,548.5329,547.4622,546.4176,545.5092,545.0455,544.4251,543.3138,542.7949,542.792,542.2011,540.6926,539.056,537.5194,536.5556,535.2993,533.8088,532.8875,531.7096,530.4391,528.7938,526.9197,524.9916,522.8928,520.9532,519.1817,517.06,514.3555,510.4195,506.3555,503.3189,501.0482,498.939,496.8863,495.001,492.8556,491.3963,491.0822,490.7796,489.8017,488.7009,487.749,487.7311,488.5384,489.4623,489.4892,489.0964,489.1112,489.4044,489.1044,488.1821,487.5618,487.6232,487.8474,488.0138

Time pixel : 7.21964,7.27661,7.42035,7.59844,7.73421,7.85613,7.96927,8.06564,8.18756,8.34009,8.49262,8.61455,8.71092,8.83285,8.97659,9.09851,9.19488,9.31681,9.46934,9.63066,9.79198,9.9533,10.1146,10.2759,10.4373,10.5986,10.7599,10.9212,11.0825,11.2439,11.414,11.6235,11.8892,12.1548,12.3555,12.4862,12.5826,12.6958,12.8089,12.8965,12.979,13.0666,13.1797,13.2929,13.3804,13.463,13.5505,13.6725,13.825,13.9951,14.1958,14.4221,14.6228,14.7841,14.9061,15.0024,15.1244,15.2769,15.4294,15.5426

Position pixel : 37.1957,37.1307,37.0825,37.0344,36.9694,36.9212,36.873,36.7993,36.7205,36.6468,36.5986,36.5504,36.4854,36.4461,36.4285,36.3891,36.3153,36.2365,36.1628,36.1146,36.0576,35.9533,35.849,35.792,35.735,35.6307,35.5175,35.4212,35.308,35.1949,35.0985,34.9766,34.8241,34.6627,34.5014,34.3489,34.2357,34.1788,34.1306,34.0568,33.9781,33.9043,33.8561,33.8079,33.7342,33.6554,33.5817,33.5423,33.5335,33.5247,33.4853,33.4204,33.381,33.3634,33.324,33.259,33.2196,33.2108,33.2108,33.2108

Brightness max : 649.67
Brightness min : 252.00
Feature direction : Antipoleward
Feature speed : 
Feature type : Curve
Start frame : 5
End frame : 172
Start time (s) : 13.360
End time (s) : 252.300
Time step (s) : 1.431

Feature number : 15

Time (s) : 182.0963,182.2217,182.4764,182.7511,182.9946,183.2254,183.4562,183.687,183.918,184.1614,184.4486,184.7724,185.0596,185.2905,185.4649,185.6028,185.7773,186.0081,186.3079,186.6755,187.012,187.2877,187.6241,187.9918,188.2916,188.535,188.7658,188.9966,189.2274,189.4584,189.6892,189.9074,190.0819,190.2324,190.4632,190.7619,190.9927,191.1558,191.3867,191.6853,191.9161,192.0667,192.2411,192.4593,192.6902,192.9211,193.1394,193.3138,193.4517,193.6262,193.8444,194.0754,194.3062,194.537,194.7552,194.9298,195.055,195.1732,195.2986,195.4604,195.6223,195.7602,195.9221,196.0967,196.2908,196.5583,196.8329,197.0763,197.2947,197.4691,197.6071,197.7689,197.9182

Position (um) : 0.79561,0.80768,0.82302,0.83603,0.84537,0.85324,0.85744,0.85932,0.86352,0.87139,0.88074,0.89281,0.90394,0.91002,0.91516,0.92303,0.93237,0.94538,0.96166,0.97887,0.99609,1.0133,1.0305,1.0477,1.0659,1.0864,1.1063,1.1208,1.1338,1.1468,1.1603,1.1761,1.1887,1.1984,1.2068,1.2157,1.2241,1.2338,1.2464,1.2621,1.2757,1.2887,1.2998,1.3059,1.3111,1.318,1.3231,1.3292,1.3403,1.3524,1.3618,1.3706,1.379,1.3868,1.392,1.3971,1.405,1.4134,1.4213,1.4264,1.4316,1.4385,1.4436,1.4488,1.4557,1.4608,1.466,1.4729,1.4781,1.4832,1.4901,1.4943,1.4953

Intensity : 445.4106,444.5285,444.4558,445.176,446.3083,447.0069,446.1938,445.7891,445.0943,443.999,442.8929,440.8758,438.5407,437.0389,435.8881,434.6505,433.2005,431.3257,429.7908,427.2765,424.989,422.8657,419.4168,414.2483,409.7449,403.8902,398.4418,396.7855,398.6068,400.6255,402.7541,404.3279,404.771,405.2888,405.3877,404.5306,403.8488,402.8703,402.1047,401.87,402.7651,402.9845,403.7346,405.7771,408.1203,410.2119,412.3864,412.116,410.6421,409.2,408.2883,407.613,407.1353,406.8568,406.7106,406.3639,405.9195,405.4326,404.9367,404.5015,404.0445,403.5044,403.0016,402.4778,401.8626,401.2498,400.6096,399.877,399.2705,398.7083,399.4079,400.6341,401.9756

Time pixel : 127.2511,127.3387,127.5167,127.7087,127.8788,128.0401,128.2014,128.3627,128.5241,128.6942,128.8949,129.1212,129.3219,129.4832,129.6051,129.7015,129.8234,129.9847,130.1942,130.4511,130.6862,130.8789,131.114,131.3709,131.5804,131.7505,131.9118,132.0731,132.2344,132.3958,132.5571,132.7096,132.8315,132.9367,133.098,133.3067,133.468,133.582,133.7433,133.952,134.1133,134.2185,134.3404,134.4929,134.6542,134.8156,134.9681,135.09,135.1864,135.3083,135.4608,135.6222,135.7835,135.9448,136.0973,136.2193,136.3068,136.3894,136.477,136.5901,136.7032,136.7996,136.9127,137.0347,137.1704,137.3573,137.5492,137.7193,137.8719,137.9938,138.0902,138.2033,138.3076

Position pixel : 7.4565,7.56964,7.71338,7.83531,7.92289,7.99663,8.03602,8.0536,8.093,8.16674,8.25432,8.36745,8.4718,8.52877,8.57696,8.6507,8.73828,8.86021,9.01274,9.17406,9.33538,9.4967,9.65802,9.81934,9.98945,10.1814,10.3683,10.504,10.6259,10.7479,10.8748,11.0223,11.1405,11.2318,11.3106,11.3932,11.4719,11.5633,11.6814,11.8289,11.9559,12.0778,12.1822,12.2392,12.2873,12.3523,12.4005,12.4574,12.5618,12.6749,12.7625,12.845,12.9238,12.9976,13.0458,13.0939,13.1677,13.2465,13.3202,13.3684,13.4166,13.4815,13.5297,13.5779,13.6429,13.691,13.7392,13.8042,13.8524,13.9005,13.9655,14.0049,14.0137

Brightness max : 649.67
Brightness min : 252.00
Feature direction : Antipoleward
Feature speed : 
Feature type : Curve
Start frame : 5
End frame : 172
Start time (s) : 13.360
End time (s) : 252.300
Time step (s) : 1.431

Feature number : 16

Time (s) : 201.7749,201.9369,202.1551,202.3859,202.6041,202.7787,202.9165,203.0911,203.3093,203.5401,203.7836,204.0834,204.4636,204.8438,205.1562,205.456,205.8048,206.2048,206.6467,207.0467,207.4083,207.7645,208.1697,208.6063,209.0116,209.3677,209.7042,210.004,210.3164,210.7216,211.2146,211.7129,212.1254,212.4743,212.7617,213.0177,213.3049,213.6286,213.9159,214.1719,214.4591,214.7954,215.1516,215.557,215.9936,216.3862,216.6734,216.8605,216.9984,217.1729,217.3786,217.5405

Position (um) : 1.4608,1.4608,1.4608,1.4608,1.4599,1.4557,1.4488,1.4446,1.4436,1.4436,1.4436,1.4436,1.4436,1.4436,1.4436,1.4436,1.4427,1.4385,1.4316,1.4273,1.4255,1.4213,1.4134,1.405,1.3971,1.3929,1.392,1.392,1.392,1.3901,1.3817,1.3669,1.3543,1.3455,1.3413,1.3394,1.3343,1.3231,1.3111,1.3017,1.2938,1.2887,1.2836,1.2757,1.2673,1.2594,1.2543,1.2491,1.2422,1.238,1.2371,1.2371

Intensity : 467.1868,471.2455,476.7132,482.4965,488.0829,493.0226,497.4653,502.5344,504.9159,503.6063,502.2253,500.5244,498.3673,492.5196,485.2778,478.328,470.3371,461.7655,453.2722,445.4319,438.1832,435.6153,434.7126,433.9191,433.435,432.9686,432.1338,431.2766,430.3834,425.9552,420.6881,415.9875,413.4621,411.4293,409.4625,407.5143,407.3656,412.4289,417.5387,422.1234,427.0631,429.8739,429.3569,428.3618,426.7503,420.446,414.8297,411.2423,408.7112,405.368,401.2894,398.0914

Time pixel : 141.0027,141.1159,141.2684,141.4297,141.5822,141.7042,141.8005,141.9225,142.075,142.2363,142.4064,142.6159,142.8816,143.1473,143.3656,143.5751,143.8189,144.0984,144.4072,144.6867,144.9394,145.1883,145.4715,145.7766,146.0598,146.3087,146.5438,146.7533,146.9716,147.2548,147.5993,147.9475,148.2358,148.4796,148.6804,148.8593,149.06,149.2862,149.487,149.6659,149.8666,150.1016,150.3505,150.6338,150.9389,151.2133,151.414,151.5447,151.6411,151.763,151.9068,152.0199

Position pixel : 13.691,13.691,13.691,13.691,13.6822,13.6429,13.5779,13.5385,13.5297,13.5297,13.5297,13.5297,13.5297,13.5297,13.5297,13.5297,13.5209,13.4815,13.4166,13.3772,13.3596,13.3202,13.2465,13.1677,13.0939,13.0545,13.0458,13.0458,13.0458,13.0282,12.9494,12.8107,12.6925,12.61,12.5706,12.553,12.5048,12.4005,12.2873,12.1998,12.126,12.0778,12.0296,11.9559,11.8771,11.8034,11.7552,11.707,11.6421,11.6027,11.5939,11.5939

Brightness max : 649.67
Brightness min : 252.00
Feature direction : Poleward
Feature speed : 
Feature type : Curve
Start frame : 5
End frame : 172
Start time (s) : 13.360
End time (s) : 252.300
Time step (s) : 1.431

Feature number : 17

Time (s) : 181.9103,182.1233,182.5814,183.2682,183.9327,184.4707,184.8848,185.2351,185.5234,185.7678,185.9995,186.2312,186.463,186.6947,186.9264,187.1581,187.3899,187.6216,187.8533,188.085,188.3168,188.5611,188.8494,189.1871,189.5446,189.9388,190.3204,190.6214,190.8657,191.1101,191.3984,191.7234,192.0117,192.2561,192.4878,192.7195,192.9512,193.183,193.4021,193.5646,193.659,193.7975,194.0407,194.2597,194.4108,194.5859,194.805,195.0368,195.2685,195.4876,195.6627,195.7885,195.9071,196.0202,196.1262,196.1954,196.2646,196.3579,196.4145

Position (um) : 1.9392,1.9392,1.9392,1.9392,1.9392,1.9392,1.9392,1.9392,1.9392,1.9392,1.9392,1.9392,1.9392,1.9392,1.9392,1.9392,1.9392,1.9383,1.9341,1.9271,1.922,1.9168,1.9089,1.9005,1.8926,1.8883,1.8874,1.8865,1.8822,1.8753,1.8711,1.8701,1.8701,1.8701,1.8711,1.8772,1.8926,1.9126,1.9313,1.9523,1.9738,1.9972,2.0256,2.055,2.0817,2.1069,2.1284,2.1475,2.1681,2.1881,2.2017,2.2115,2.2209,2.2339,2.2502,2.2675,2.2848,2.3011,2.3133

Intensity : 381.7545,380.7125,378.4717,374.8446,369.8175,365.7473,367.079,369.8998,372.2217,374.1895,376.0556,377.9149,379.7732,381.6315,383.4898,385.3482,387.2065,387.876,388.1848,388.6253,388.9258,388.9562,388.8871,389.5855,390.5846,391.7768,392.9256,393.5185,394.0798,394.6904,395.2982,395.892,397.416,398.8097,400.1408,401.5882,403.4098,405.6845,404.1044,402.9458,402.5193,401.9719,401.1698,400.1243,399.9454,400.2484,399.6804,397.7723,395.3276,392.8729,390.9511,389.5315,388.1553,386.585,384.0102,381.752,379.5564,377.0956,375.5183

Time pixel : 127.1211,127.27,127.5901,128.07,128.5344,128.9104,129.1998,129.4445,129.646,129.8168,129.9787,130.1406,130.3026,130.4645,130.6264,130.7884,130.9503,131.1122,131.2741,131.4361,131.598,131.7688,131.9702,132.2062,132.456,132.7315,132.9982,133.2085,133.3793,133.55,133.7515,133.9786,134.1801,134.3509,134.5128,134.6747,134.8366,134.9986,135.1517,135.2653,135.3313,135.428,135.5979,135.751,135.8566,135.979,136.1321,136.294,136.456,136.6091,136.7315,136.8194,136.9022,136.9813,137.0553,137.1037,137.1521,137.2173,137.2568

Position pixel : 18.1747,18.1747,18.1747,18.1747,18.1747,18.1747,18.1747,18.1747,18.1747,18.1747,18.1747,18.1747,18.1747,18.1747,18.1747,18.1747,18.1747,18.1659,18.1263,18.0612,18.0128,17.9644,17.8904,17.8113,17.7373,17.6977,17.6889,17.6801,17.6406,17.5754,17.5358,17.527,17.527,17.527,17.5358,17.593,17.7373,17.9249,18.1007,18.2971,18.4986,18.7177,18.9844,19.2599,19.5097,19.7457,19.9471,20.1267,20.3194,20.507,20.6344,20.7261,20.814,20.9364,21.0895,21.2514,21.4134,21.5665,21.68

Brightness max : 493.80
Brightness min : 252.00
Feature direction : Ambiguous
Feature speed : Slow
Feature type : Curve
Start frame : 5
End frame : 172
Start time (s) : 13.360
End time (s) : 252.300
Time step (s) : 1.431

