KYMOANALYSIS DATA

General Information :

Tiff path : E:\Google Drive\microtubule dynamics and cut7\20-15 screens and tests\cut11-7\17-08-15 FRAP of cut7-3GFP #2\25 degrees\
Spindle type : Bipolar
Start frame : 5
End frame : 133
Start time (s) : 13.250
End time (s) : 192.540
Time step (s) : 1.401
Num poles : 2
Num tracks : 17
Num tracks poleward : 4
Num tracks antipoleward : 3
Num tracks ambiguous : 9
Comments : {

}
Poles Information :


Pole number : 1

Time (s) : 2.425524,2.567395,2.856618,3.362801,3.990891,4.506614,4.857674,5.184173,5.567566,5.988235,6.381168,6.740884,7.081519,7.379398,7.616323,7.843708,8.09883,8.359432,8.624094,8.894235,9.201655,9.55183,9.954303,10.41773,10.90024,11.37868,11.82709,12.14953,12.41507,12.75571,13.16684,13.55977,13.92903,14.32196,14.75217,15.18786,15.61807,16.00146,16.32796,16.67902,17.21382,17.94651,18.70781,19.38043,19.99527,20.55375,21.03625,21.44827,21.86028,22.34279,22.90127,23.49702,24.06504,24.59985,25.13465,25.70267,26.29843,26.87599,27.45355,28.03977,28.56503,29.01026,29.39772,29.71061,29.97528,30.20266,30.43959,30.73747,31.0781,31.42828,31.76891,32.07633,32.35601,32.66343,33.01361,33.397,33.77491,34.10689,34.45707,34.84452,35.25247,35.71996,36.19841,36.68091,37.14434,37.53727,37.84469,38.08162,38.33762,38.73055,39.26447,39.81341,40.30546,40.76023,41.25228,41.81076,42.44468,43.20281,44.14326,45.17065,46.20615,47.17665,48.09484,48.98388,49.90844,50.97628,51.98317,52.7754,53.51249,54.31886,55.29659,56.34305,57.46496,58.71831,60.06266,61.44834,62.84039,64.34859,66.04242,67.84233,69.69228,71.43453,72.99309,74.34165,75.31732,75.95013,76.5521,77.20612,77.77966,78.22734,78.74509,79.5764,80.82126,82.24223,83.71337,85.32794,86.85772,87.99191,88.75793,89.35225,89.85315,90.35374,91.00245,91.89468,92.90272,93.92921,94.84129,95.64444,96.70034,97.98528,99.15264,100.3475,101.7582,103.1019,103.9755,104.4431,104.8195,105.2047,105.5822,106.0777,106.665,107.1187,107.5963,108.4077,109.4447,110.2986,110.8174,111.2036,111.6923,112.2652,112.7721,113.2516,113.8943,114.6059,115.1158,115.4548,115.8349,116.351,116.9367,117.4509,117.8464,118.2367,118.7233,119.1811,119.5254,120.0158,121.2793,123.6774,126.3705,128.4317,129.9521,131.8287,134.7623,138.928,143.6377,147.2729,149.653,151.779,154.1719,156.0071,156.9046,157.41,157.8954,158.3758,158.8707,159.4539,160.0699,160.6247,161.0936,161.4727,161.7661,162.0174,162.3682,162.8535,163.2745,163.6491,164.1928,164.9149,165.6488,166.3908,167.2098,168.2609,169.5695,170.8614,171.9542,172.8402,173.5972,174.1698,174.5074,174.7502,175.0445,175.4055,175.7898,176.1757,176.5691,176.8699,177.114,177.4001,177.7292,178.0871,178.5211,179.0344,179.5061,179.9414,180.4838,181.0928,181.641,182.0705,182.402,182.7517,183.1435,183.4743,183.7016,183.8766,184.0422,184.2174,184.4354,184.7144,184.9935,185.2117,185.3872,185.5532,185.7193,185.8854,186.0468,186.182,186.2607

Position (um) : 1.087,1.087,1.087,1.087,1.087,1.087,1.087,1.087,1.087,1.087,1.0877,1.091,1.0964,1.0996,1.1011,1.1043,1.1104,1.1169,1.1238,1.1303,1.1364,1.1396,1.1404,1.1404,1.1404,1.1404,1.1404,1.1411,1.1443,1.1497,1.153,1.1537,1.1537,1.1537,1.1537,1.1537,1.1537,1.1537,1.1537,1.153,1.149,1.1404,1.1317,1.1277,1.127,1.127,1.127,1.127,1.127,1.127,1.127,1.127,1.127,1.127,1.127,1.127,1.127,1.127,1.127,1.127,1.127,1.127,1.127,1.127,1.127,1.127,1.127,1.127,1.127,1.127,1.127,1.127,1.127,1.127,1.127,1.127,1.127,1.127,1.127,1.127,1.127,1.127,1.127,1.127,1.127,1.127,1.127,1.127,1.127,1.127,1.127,1.127,1.127,1.127,1.127,1.127,1.1256,1.1191,1.1083,1.1018,1.1003,1.1003,1.1003,1.0996,1.0964,1.091,1.0877,1.0863,1.083,1.0777,1.0744,1.0729,1.0697,1.0643,1.0611,1.0603,1.0596,1.0558,1.0479,1.04,1.0367,1.0367,1.0374,1.0381,1.0388,1.0396,1.0403,1.0411,1.0418,1.0426,1.0433,1.0441,1.0442,1.0403,1.0292,1.0153,1.0056,0.99888,0.99322,0.98799,0.98561,0.98506,0.98198,0.97429,0.96588,0.9596,0.95449,0.9515,0.94854,0.9442,0.942,0.94161,0.93944,0.93517,0.93303,0.93343,0.93457,0.93572,0.93688,0.93804,0.9392,0.94037,0.9408,0.9387,0.93448,0.93235,0.93274,0.93384,0.93491,0.93596,0.93697,0.93795,0.93888,0.93977,0.94135,0.9454,0.9515,0.95544,0.95678,0.95733,0.95781,0.95823,0.95857,0.95884,0.95903,0.95842,0.95302,0.93785,0.91767,0.90377,0.89529,0.88853,0.88139,0.87452,0.868,0.86428,0.86231,0.85849,0.85252,0.84861,0.84719,0.84647,0.8457,0.8449,0.84408,0.84322,0.84234,0.84143,0.8405,0.83956,0.8386,0.83763,0.83664,0.83565,0.83465,0.83365,0.83265,0.83164,0.83064,0.82964,0.82865,0.82766,0.82667,0.8257,0.82547,0.82777,0.8322,0.83452,0.83433,0.83343,0.83253,0.83166,0.83079,0.82994,0.8291,0.82827,0.82746,0.82666,0.82587,0.82509,0.82433,0.82357,0.82283,0.8221,0.82138,0.82066,0.81996,0.81926,0.81857,0.81789,0.81722,0.81655,0.81589,0.81524,0.81459,0.81394,0.8133,0.81267,0.81204,0.81141,0.81079,0.81017,0.80955,0.80894,0.80833,0.80772,0.80712

Intensity : 661.9752,665.2164,671.6736,681.8599,694.4995,704.6468,711.4452,717.7679,725.1924,718.0156,710.072,703.3237,697.6278,692.1456,687.7152,684.427,682.3927,681.2918,685.7496,690.9203,695.9007,699.4499,702.1648,705.3906,708.7493,712.0796,715.2009,717.7853,721.0724,723.9697,723.5052,722.0356,720.355,720.7729,721.8287,722.8979,723.1278,722.5633,722.0825,721.3581,722.3234,724.5313,722.5021,719.0995,719.9886,722.7796,724.7689,720.0625,715.3561,709.8445,708.3191,707.4153,707.1408,707.5703,707.9998,701.8966,694.4002,688.7617,685.0765,681.3979,679.312,677.5439,676.0052,678.6173,681.0146,683.0742,685.2203,687.9184,688.8945,689.2539,689.6035,689.919,688.7022,685.7119,682.3056,678.5763,677.3472,679.2581,681.2737,683.5039,682.9907,679.987,676.9128,676.0156,676.9255,677.6969,677.7981,673.6328,669.1321,662.2242,654.2085,661.3608,667.7717,669.6661,661.8939,653.0724,635.9119,611.7548,583.2534,559.6014,549.4227,565.0335,566.0494,554.2419,552.4855,548.8482,545.7016,554.9452,558.4541,553.3265,541.2275,526.7732,514.6852,514.1505,526.2339,554.7631,567.8072,564.1184,543.7848,555.0449,573.5482,586.32,610.021,623.4908,626.6591,630.6,636.1566,639.7699,636.8315,634.4713,632.6316,630.7471,626.4887,627.5842,641.5611,661.8273,671.352,667.8299,653.931,638.99,630.8242,629.1248,627.6516,620.028,618.2971,623.0536,614.0486,606.5142,596.6353,583.9069,571.7575,555.5696,526.0761,495.6519,481.6727,478.9137,476.8369,475.2726,474.6118,473.6878,473.3756,474.2708,475.0556,479.9086,489.1823,500.5262,505.1043,504.4402,503.5406,500.928,496.2467,491.7609,490.8022,492.3881,491.5532,489.7236,487.8237,486.02,486.7908,487.4814,487.1,485.7073,483.9687,483.8284,486.8264,490.9925,496.8836,492.3509,505.1734,509.8082,516.4884,517.8237,538.4122,554.9681,526.4269,554.112,609.029,644.4178,634.972,643.993,645.9197,652.4854,658.7165,664.5396,669.3789,675.2013,677.3314,677.0433,676.4531,669.2998,663.6359,658.7084,652.1146,644.4723,638.0687,632.2942,627.6506,625.1555,621.8869,617.8708,606.4646,586.3877,558.7038,540.2661,520.6715,507.1489,497.1529,491.8631,488.5124,485.8562,482.7088,482.5075,482.8408,483.1852,483.6159,484.0984,484.4639,484.9544,485.5757,483.0097,476.7391,469.3838,464.9527,463.4008,461.5288,463.4458,466.9965,469.7461,472.5659,475.6162,479.0643,481.9775,482.4044,482.6142,482.8104,483.0248,483.3141,483.7096,483.7327,483.2193,482.797,482.3983,482.0039,481.614,481.2376,480.9159,480.7066

Time pixel : 1.731647,1.832933,2.039417,2.400795,2.849205,3.217394,3.468025,3.701122,3.974836,4.275164,4.555689,4.8125,5.055689,5.268353,5.4375,5.599836,5.781975,5.968025,6.156975,6.349836,6.569311,6.819311,7.106647,7.4375,7.781975,8.12355,8.44368,8.673878,8.863458,9.106647,9.400164,9.680689,9.944311,10.22484,10.53197,10.84303,11.15016,11.42388,11.65697,11.90761,12.28942,12.8125,13.35602,13.83621,14.27516,14.67388,15.01835,15.3125,15.60665,15.95112,16.34984,16.77516,17.18069,17.5625,17.94431,18.34984,18.77516,19.1875,19.59984,20.01835,20.39335,20.71121,20.98783,21.21121,21.40016,21.5625,21.73165,21.94431,22.1875,22.4375,22.68069,22.90016,23.09984,23.31931,23.56931,23.84303,24.11283,24.34984,24.59984,24.87645,25.1677,25.50145,25.84303,26.1875,26.51835,26.79888,27.01835,27.1875,27.37027,27.65079,28.03197,28.42388,28.77516,29.09984,29.45112,29.84984,30.30241,30.84366,31.51507,32.24855,32.98783,33.68069,34.33621,34.97092,35.63099,36.39335,37.1122,37.67779,38.20402,38.77971,39.47774,40.22484,41.02579,41.9206,42.88036,43.86964,44.86346,45.94021,47.14948,48.43448,49.75521,50.99905,52.11175,53.07452,53.77108,54.22286,54.65263,55.11954,55.52901,55.84862,56.21826,56.81175,57.70049,58.71496,59.76525,60.91794,62.01008,62.81982,63.3667,63.791,64.1486,64.50599,64.96912,65.60611,66.32577,67.05861,67.70977,68.28317,69.037,69.95435,70.78776,71.64077,72.64796,73.60726,74.23093,74.56474,74.83347,75.10848,75.37801,75.73173,76.15107,76.47493,76.81592,77.39523,78.13553,78.74514,79.11555,79.39128,79.74016,80.14917,80.51105,80.85337,81.31221,81.82028,82.18431,82.42632,82.69765,83.06613,83.48428,83.85142,84.13372,84.41238,84.75979,85.08663,85.33245,85.68255,86.58457,88.29668,90.21935,91.69086,92.77631,94.1161,96.21049,99.18451,102.5468,105.1421,106.8413,108.3592,110.0675,111.3777,112.0184,112.3792,112.7258,113.0688,113.4221,113.8385,114.2783,114.6743,115.0091,115.2798,115.4892,115.6686,115.919,116.2655,116.5661,116.8335,117.2217,117.7372,118.2611,118.7909,119.3756,120.126,121.0602,121.9826,122.7627,123.3953,123.9358,124.3446,124.5856,124.7589,124.969,125.2267,125.5011,125.7766,126.0575,126.2722,126.4465,126.6507,126.8857,127.1412,127.4511,127.8175,128.1542,128.4651,128.8523,129.2871,129.6784,129.9851,130.2217,130.4714,130.7511,130.9873,131.1495,131.2745,131.3927,131.5178,131.6734,131.8726,132.0719,132.2277,132.353,132.4715,132.59,132.7086,132.8238,132.9204,132.9766

Position pixel : 10.1875,10.1875,10.1875,10.1875,10.1875,10.1875,10.1875,10.1875,10.1875,10.1875,10.1943,10.2248,10.2752,10.3057,10.3193,10.3498,10.407,10.468,10.532,10.593,10.6502,10.6807,10.6875,10.6875,10.6875,10.6875,10.6875,10.6943,10.7248,10.7752,10.8057,10.8125,10.8125,10.8125,10.8125,10.8125,10.8125,10.8125,10.8125,10.8057,10.7684,10.6875,10.6066,10.5693,10.5625,10.5625,10.5625,10.5625,10.5625,10.5625,10.5625,10.5625,10.5625,10.5625,10.5625,10.5625,10.5625,10.5625,10.5625,10.5625,10.5625,10.5625,10.5625,10.5625,10.5625,10.5625,10.5625,10.5625,10.5625,10.5625,10.5625,10.5625,10.5625,10.5625,10.5625,10.5625,10.5625,10.5625,10.5625,10.5625,10.5625,10.5625,10.5625,10.5625,10.5625,10.5625,10.5625,10.5625,10.5625,10.5625,10.5625,10.5625,10.5625,10.5625,10.5625,10.5625,10.5489,10.4878,10.3872,10.3261,10.3125,10.3125,10.3125,10.3057,10.2752,10.2248,10.1943,10.1807,10.1502,10.0998,10.0693,10.0557,10.0252,9.97484,9.94431,9.9375,9.93069,9.89521,9.82093,9.74668,9.71599,9.71586,9.72259,9.72936,9.73617,9.74303,9.74995,9.75693,9.76396,9.77107,9.77824,9.7855,9.78603,9.74931,9.64547,9.51511,9.42447,9.36157,9.30851,9.25949,9.23723,9.23201,9.20323,9.13109,9.05229,8.99347,8.94553,8.91756,8.88976,8.84913,8.82847,8.82487,8.80452,8.7645,8.74443,8.74819,8.75886,8.76963,8.78047,8.79135,8.80226,8.81318,8.81725,8.79756,8.75797,8.73807,8.74173,8.75201,8.76206,8.77185,8.78134,8.7905,8.79927,8.80763,8.82236,8.86031,8.91755,8.95443,8.96701,8.97218,8.97671,8.98058,8.98378,8.98628,8.98808,8.98235,8.93175,8.78958,8.60046,8.4702,8.39077,8.32733,8.26048,8.19603,8.135,8.10011,8.08166,8.04587,7.98986,7.95325,7.93997,7.93314,7.92598,7.9185,7.91074,7.90271,7.89443,7.88594,7.87726,7.86841,7.85942,7.8503,7.84108,7.83179,7.82243,7.81304,7.80363,7.79422,7.78482,7.77545,7.76612,7.75686,7.74766,7.73854,7.73632,7.75791,7.79941,7.82122,7.81942,7.81094,7.80258,7.79433,7.78622,7.77823,7.77036,7.76261,7.75499,7.74748,7.74009,7.73282,7.72565,7.71859,7.71162,7.70476,7.69799,7.6913,7.6847,7.67818,7.67173,7.66535,7.65904,7.65279,7.6466,7.64047,7.63438,7.62834,7.62235,7.6164,7.61049,7.60461,7.59877,7.59296,7.58718,7.58144,7.57572,7.57002,7.56436

Pole type : Curve
Start frame : 5
End frame : 133
Start time (s) : 13.250
End time (s) : 192.540
Time step (s) : 1.401

Pole number : 2

Time (s) : 8.56314,8.728688,8.964729,9.192114,9.419499,9.665081,9.882926,10.06755,10.24264,10.41773,10.60236,10.8202,11.0944,11.4596,11.94122,12.41419,12.85076,13.36101,13.90041,14.38291,14.77585,15.09281,15.36295,15.62761,15.88821,16.14333,16.36118,16.54581,16.72089,16.89598,17.07107,17.24616,17.43079,17.64863,17.89421,18.1216,18.34898,18.62318,18.98838,19.47954,19.96665,20.32636,20.57283,20.80975,21.10763,21.43873,21.73661,21.96399,22.14862,22.33325,22.55109,22.79667,23.01452,23.19915,23.38377,23.60162,23.8472,24.07458,24.30197,24.54755,24.7654,24.95002,25.12511,25.3002,25.47529,25.65038,25.82546,26.00055,26.17564,26.35073,26.53536,26.7532,27.00832,27.27846,27.57634,27.87422,28.16344,28.5327,29.02934,29.5728,30.05125,30.44824,30.77068,31.08764,31.41874,31.72616,31.9963,32.25142,32.46926,32.65389,32.82898,33.00407,33.17916,33.35424,33.52933,33.70442,33.88905,34.10689,34.35247,34.57032,34.76449,35.00141,35.33251,35.69134,35.97102,36.22703,36.5772,37.05017,37.61819,38.2567,38.87614,39.35864,39.69062,39.96483,40.24451,40.61376,41.11995,41.70616,42.2551,42.68531,42.965,43.15917,43.33425,43.50934,43.69397,43.92135,44.22877,44.61217,45.02329,45.36393,45.60086,45.79502,46.01287,46.26799,46.51905,46.73142,46.88831,47.07294,47.30898,47.53636,47.76375,48.00933,48.22717,48.42134,48.63919,48.88477,49.10261,49.28724,49.46233,49.63742,49.8125,49.98759,50.16268,50.33777,50.5224,50.74024,50.99536,51.27505,51.62522,52.03635,52.42928,52.77946,53.08688,53.35702,53.62168,53.88228,54.14695,54.43617,54.8291,55.32026,55.81779,56.34305,56.87697,57.3222,57.69146,58.04164,58.39181,58.73245,59.03987,59.31955,59.61743,59.90577,60.14269,60.37962,60.66795,60.95629,61.18368,61.37785,61.59569,61.84127,62.05912,62.25329,62.48067,62.76901,63.06689,63.35611,63.71583,64.16971,64.64268,65.08791,65.52766,65.96335,66.39356,66.77695,67.08437,67.31175,67.49638,67.68101,67.90839,68.20627,68.54691,68.89708,69.2568,69.64973,70.07994,70.51854,70.96174,71.38118,71.79734,72.31075,72.82405,73.23035,73.61604,74.03076,74.49216,74.97711,75.44776,75.9142,76.41227,76.92111,77.49018,78.16416,78.94022,79.69379,80.37113,80.94361,81.37482,81.72976,82.09852,82.49469,82.88185,83.30188,83.777,84.22947,84.66193,85.13267,85.70121,86.32163,86.96616,87.67527,88.43217,89.21636,89.93827,90.48555,90.88594,91.27637,91.77013,92.37676,93.02581,93.62223,94.08145,94.43265,94.80591,95.26046,95.83221,96.4608,97.05159,97.62973,98.3626,99.32359,100.4822,101.6799,102.7688,103.6554,104.3439,104.8911,105.3441,105.7275,106.1213,106.6103,107.171,107.6956,108.1313,108.5461,109.0979,109.8127,110.671,111.6345,112.5998,113.5203,114.5573,115.8576,117.2808,118.7473,120.1347,121.2793,122.1743,122.8668,123.352,123.6451,123.8441,124.0442,124.3404,124.8787,125.7446,126.7211,127.392,127.8828,128.4487,129.116,129.8588,130.5793,131.1582,131.5596,131.9135,132.3346,132.8791,133.5089,134.1015,134.6829,135.4849,136.4853,137.4879,138.4719,139.4071,140.1843,140.9619,141.9076,142.9073,143.8257,144.5701,145.2164,145.946,146.8094,147.8139,148.8557,149.8334,150.8428,151.9232,152.9362,153.6903,154.2564,154.8383,155.427,156.0236,156.5874,157.0608,157.4691,157.9421,158.5241,159.1764,159.7856,160.2823,160.7787,161.4063,162.1524,162.926,163.6242,164.3286,165.2623,166.4087,167.5549,168.507,169.3147,170.2568,171.3689,172.5052,173.579,174.5548,175.4285,176.1252,176.7538,177.416,178.1193,178.7716,179.2995,179.6586,179.9747,180.3603,180.7703,181.1802,181.5654,181.8522,182.063,182.2546,182.446,182.6374,182.8287,183.0199,183.211,183.4116,183.6453,183.9067,184.1402,184.3405,184.5312,184.7218,184.9219,185.1552,185.4161,185.6397,185.7873

Position (um) : 5.4484,5.4484,5.4491,5.4524,5.4584,5.465,5.4711,5.4743,5.475,5.475,5.475,5.475,5.475,5.475,5.475,5.475,5.475,5.4743,5.4711,5.465,5.4584,5.4524,5.4491,5.4484,5.4484,5.4484,5.4484,5.4484,5.4484,5.4484,5.4484,5.4484,5.4484,5.4484,5.4484,5.4491,5.4524,5.4584,5.4657,5.475,5.4837,5.4877,5.4884,5.4884,5.4884,5.4884,5.4884,5.4891,5.4924,5.4985,5.505,5.5118,5.519,5.5291,5.541,5.5511,5.5583,5.5644,5.5677,5.5691,5.5724,5.5778,5.581,5.5817,5.5817,5.5817,5.5817,5.5817,5.5817,5.5817,5.5817,5.5817,5.5817,5.5817,5.5817,5.5817,5.581,5.5778,5.5724,5.5684,5.5644,5.5591,5.5558,5.5551,5.5543,5.5511,5.5457,5.5425,5.541,5.5377,5.5324,5.5291,5.5284,5.5284,5.5277,5.5244,5.519,5.5158,5.5151,5.5151,5.5151,5.5143,5.5111,5.5057,5.5024,5.5017,5.501,5.4977,5.4924,5.4891,5.4884,5.4884,5.4884,5.4884,5.4884,5.4884,5.4884,5.4884,5.4884,5.4884,5.4884,5.4884,5.4884,5.4884,5.4884,5.4884,5.4884,5.4884,5.4884,5.4884,5.4884,5.4884,5.4884,5.4884,5.4891,5.4924,5.4977,5.501,5.5017,5.5024,5.5057,5.5111,5.5151,5.5198,5.5284,5.537,5.541,5.5417,5.5417,5.5417,5.5417,5.5417,5.5417,5.5417,5.5417,5.5417,5.5417,5.5417,5.5417,5.5417,5.5417,5.5417,5.5417,5.5417,5.5425,5.5457,5.5511,5.5543,5.5551,5.5551,5.5558,5.5591,5.5644,5.5684,5.5724,5.5778,5.581,5.5817,5.5825,5.5857,5.5911,5.5944,5.5951,5.5951,5.5951,5.5951,5.5951,5.5951,5.5951,5.5958,5.5991,5.6044,5.6077,5.6084,5.6084,5.6091,5.6124,5.6178,5.621,5.6218,5.6218,5.6225,5.6257,5.6311,5.6344,5.6351,5.6351,5.6351,5.6351,5.6351,5.6351,5.6351,5.6358,5.6391,5.6444,5.6476,5.648,5.6477,5.6474,5.6471,5.6468,5.6473,5.6502,5.6553,5.6582,5.6594,5.6623,5.6674,5.671,5.6747,5.6797,5.6841,5.691,5.7022,5.7116,5.7181,5.7217,5.7253,5.7311,5.7372,5.7437,5.7506,5.7596,5.7685,5.7761,5.7858,5.7973,5.807,5.8138,5.8202,5.827,5.8359,5.8448,5.8516,5.858,5.8648,5.8744,5.8858,5.8954,5.9022,5.9085,5.9146,5.9209,5.9269,5.9333,5.9393,5.9456,5.9524,5.9627,5.9781,5.9963,6.0117,6.022,6.0288,6.0352,6.0412,6.0469,6.0497,6.0508,6.0536,6.0594,6.0655,6.0713,6.0749,6.0794,6.0884,6.1008,6.1132,6.1231,6.1308,6.1408,6.154,6.1705,6.1891,6.2057,6.219,6.2291,6.2363,6.2425,6.2458,6.2466,6.2467,6.2468,6.2469,6.247,6.2472,6.2473,6.2475,6.2477,6.2479,6.2481,6.2484,6.2486,6.2488,6.2491,6.2494,6.2497,6.25,6.251,6.2553,6.2649,6.2779,6.2916,6.3052,6.3182,6.3286,6.3377,6.3506,6.3657,6.3766,6.3845,6.3921,6.4018,6.4108,6.4159,6.4203,6.4267,6.4336,6.4408,6.4477,6.4542,6.4585,6.4636,6.4726,6.4823,6.4899,6.4963,6.5014,6.5097,6.5248,6.5403,6.5507,6.5557,6.5608,6.5697,6.5794,6.587,6.5941,6.6024,6.616,6.6336,6.6472,6.6562,6.6666,6.6795,6.6931,6.7067,6.7204,6.7332,6.7436,6.7518,6.7622,6.7743,6.7847,6.7922,6.7985,6.8028,6.8077,6.8166,6.8255,6.8297,6.8314,6.8349,6.8406,6.8441,6.8457,6.8492,6.8556,6.8631,6.8726,6.8822,6.8897,6.8968,6.9035,6.9098,6.9133,6.9143,6.9145,6.9147,6.9157,6.9192,6.9248

Intensity : 324.7037,326.218,328.2872,329.946,331.1978,332.4971,332.5941,331.4772,330.75,330.125,329.4659,328.6883,327.7095,330.2929,335.9449,341.4952,346.0731,351.0551,356.7614,363.9905,370.6504,376.2968,380.7752,381.1603,380.6835,380.2168,379.8182,379.4805,379.1602,382.418,389.2539,396.0898,403.2983,411.8035,421.3918,430.1286,433.9216,434.9207,436.7863,440.0014,445.4916,450.3622,453.8555,457.249,458.7778,454.1832,450.0495,446.95,444.7124,442.9192,445.8193,452.2355,458.2367,464.0646,470.3687,476.1647,479.3187,477.8423,477.2025,477.0793,476.5511,475.5852,475.1411,474.4922,473.2266,471.9609,470.6953,469.4297,468.1641,466.8984,465.5639,464.1015,462.4622,460.7265,458.8125,456.8985,455.0751,452.9966,450.3172,446.9958,443.9988,441.9032,440.0788,436.7417,433.0586,430.1117,427.0507,424.0549,424.1764,423.9839,423.5005,423.3808,423.6445,424.0117,424.2882,423.1677,420.6151,417.9924,415.3883,413.1526,411.1599,408.6533,403.7449,398.2668,394.1406,390.5659,385.898,379.7702,372.3541,371.0899,373.1156,373.0967,370.3415,368.0658,365.7446,362.68,364.854,367.4698,367.7682,365.7334,364.4106,363.4922,362.6641,362.1094,361.8128,361.4475,360.9537,360.3379,359.2474,357.9707,357.0826,356.3549,355.5384,354.5482,353.4396,352.5684,351.9784,351.1782,350.0661,348.9886,347.9409,346.8203,345.8073,344.8992,343.8746,342.6882,341.0533,338.8125,336.6875,334.5625,332.4375,330.3125,328.1875,326.0625,325.4895,326.5879,327.8743,329.2844,331.0501,334.3525,338.6305,342.443,345.79,348.7195,351.5395,354.1698,356.5369,359.2026,361.107,361.0632,360.9118,360.5373,360.1434,360.0394,357.9043,355.2462,352.9479,350.8478,349.0633,347.6353,346.3262,345.0248,343.8359,343.0417,342.3984,341.7551,341.2478,340.8147,340.3286,339.7313,339.3917,339.2019,338.6343,337.6367,336.9564,339.1884,342.0746,345.8478,347.7964,347.2475,346.6588,346.3602,346.8081,347.4535,347.8419,348.0245,348.2305,348.4364,348.6901,349.0224,349.4023,348.7734,347.8146,346.8276,345.9123,347.1188,348.2947,349.3744,347.5613,344.7793,341.9832,341.1898,340.7655,340.4675,340.9713,342.0549,343.2063,344.8759,346.6857,348.2833,354.7618,363.871,367.674,367.6903,368.7132,370.0196,370.3686,369.2869,368.1262,366.8795,368.2269,371.3966,374.9595,379.5296,385.6921,392.078,395.9215,395.3227,395.74,400.9729,403.3643,395.1588,391.222,392.8751,394.4186,392.0651,385.6945,378.1875,384.7499,392.6539,394.7685,393.3477,391.8016,389.9082,393.8543,398.4207,398.9907,398.4184,396.3715,389.8313,396.314,383.0223,380.1819,394.0056,382.8949,374.1449,372.3954,372.9242,373.0034,372.0191,367.9341,364.0424,362.9922,362.937,362.8219,359.1142,354.1316,348.2677,345.2486,344.2595,343.7292,337.4197,340.5814,338.7903,347.0505,335.9703,325.5219,324.3182,322.6782,319.9032,318.0468,316.2117,313.4945,310.2971,309.3277,305.7191,302.3993,301.5882,300.9876,302.0718,306.5647,310.9141,314.3981,316.832,318.3133,319.7258,321.5443,319.8097,316.7519,314.3551,311.8555,307.1657,303.131,303.0662,300.6315,297.8469,295.2836,293.3684,293.4629,297.6416,301.6106,305.6467,309.7636,312.245,318.6278,324.7256,327.6722,332.6225,338.8996,347.7614,359.7108,367.863,374.512,382.6666,383.4501,383.1842,380.6923,375.0664,369.1539,364.1975,363.9353,363.5781,362.5931,361.8429,363.7868,368.1623,371.7953,375.3709,380.2307,388.0394,405.7924,413.3101,419.8995,429.9098,426.7733,424.3889,429.5008,431.585,430.0622,429.735,432.096,431.2758,425.0471,422.388,427.1662,431.1413,424.5098,418.8024,412.166,406.742,409.0062,410.5056,411.4379,411.8824,411.7801,411.7314,411.5745,411.2698,410.962,410.6157,410.3811,412.3487,415.8157,418.9389,421.6313,424.3097,427.082,429.5987,429.6571,429.6962,429.6229,429.4309

Time pixel : 6.113458,6.231647,6.400164,6.5625,6.724836,6.900164,7.055689,7.1875,7.3125,7.4375,7.569311,7.724836,7.920597,8.18132,8.525164,8.862827,9.174509,9.538786,9.923878,10.26835,10.54888,10.77516,10.96803,11.15697,11.34303,11.52516,11.68069,11.8125,11.9375,12.0625,12.1875,12.3125,12.44431,12.59984,12.77516,12.9375,13.09984,13.2956,13.55632,13.90697,14.25473,14.51154,14.6875,14.85665,15.06931,15.30569,15.51835,15.68069,15.8125,15.94431,16.09984,16.27516,16.43069,16.5625,16.69431,16.84984,17.02516,17.1875,17.34984,17.52516,17.68069,17.8125,17.9375,18.0625,18.1875,18.3125,18.4375,18.5625,18.6875,18.8125,18.94431,19.09984,19.28197,19.47484,19.6875,19.90016,20.10665,20.37027,20.72484,21.11283,21.4544,21.73783,21.96803,22.19431,22.43069,22.65016,22.84303,23.02516,23.18069,23.3125,23.4375,23.5625,23.6875,23.8125,23.9375,24.0625,24.19431,24.34984,24.52516,24.68069,24.81931,24.98846,25.22484,25.48102,25.68069,25.86346,26.11346,26.45112,26.85665,27.3125,27.75473,28.09921,28.33621,28.53197,28.73165,28.99527,29.35665,29.77516,30.16707,30.47421,30.67388,30.8125,30.9375,31.0625,31.19431,31.35665,31.57612,31.84984,32.14335,32.38654,32.55569,32.69431,32.84984,33.03197,33.21121,33.36283,33.47484,33.60665,33.77516,33.9375,34.09984,34.27516,34.43069,34.56931,34.72484,34.90016,35.05569,35.1875,35.3125,35.4375,35.5625,35.6875,35.8125,35.9375,36.06931,36.22484,36.40697,36.60665,36.85665,37.15016,37.43069,37.68069,37.90016,38.09303,38.28197,38.46803,38.65697,38.86346,39.14398,39.49464,39.84984,40.22484,40.60602,40.92388,41.1875,41.4375,41.6875,41.93069,42.15016,42.34984,42.5625,42.76835,42.9375,43.10665,43.3125,43.51835,43.68069,43.81931,43.97484,44.15016,44.30569,44.44431,44.60665,44.8125,45.02516,45.23165,45.48846,45.8125,46.15016,46.46803,46.78197,47.09303,47.40016,47.67388,47.89335,48.05569,48.1875,48.31931,48.48165,48.69431,48.9375,49.1875,49.44431,49.72484,50.03197,50.3451,50.66152,50.96096,51.25807,51.62461,51.99107,52.28114,52.55649,52.85257,53.18198,53.52819,53.86421,54.19721,54.55279,54.91607,55.32234,55.80352,56.35757,56.89556,57.37913,57.78784,58.09569,58.34909,58.61236,58.8952,59.17161,59.47147,59.81067,60.13371,60.44245,60.77852,61.18442,61.62735,62.0875,62.59375,63.13412,63.69398,64.20938,64.60009,64.88594,65.16468,65.51719,65.95028,66.41365,66.83946,67.1673,67.41804,67.68451,68.00903,68.41722,68.86599,69.28777,69.70052,70.22373,70.90981,71.73698,72.59202,73.36943,74.00241,74.49391,74.88462,75.20802,75.4817,75.76287,76.11201,76.51227,76.88678,77.19787,77.49404,77.88798,78.39828,79.011,79.69892,80.38805,81.04525,81.78559,82.71391,83.72997,84.77689,85.76739,86.58457,87.22358,87.71794,88.06436,88.27356,88.41567,88.55854,88.77002,89.15428,89.7725,90.46963,90.94862,91.299,91.70302,92.17945,92.70974,93.22411,93.6374,93.92397,94.17664,94.47725,94.86601,95.31565,95.73873,96.15376,96.72634,97.44055,98.15634,98.85881,99.5265,100.0814,100.6365,101.3117,102.0254,102.6811,103.2125,103.6739,104.1948,104.8112,105.5284,106.2721,106.9701,107.6908,108.4621,109.1853,109.7236,110.1278,110.5433,110.9636,111.3895,111.792,112.13,112.4214,112.7592,113.1747,113.6403,114.0753,114.4299,114.7843,115.2324,115.765,116.3173,116.8158,117.3186,117.9853,118.8037,119.622,120.3017,120.8784,121.551,122.3449,123.1562,123.9227,124.6194,125.2432,125.7406,126.1893,126.6621,127.1642,127.6299,128.0068,128.2631,128.4888,128.7641,129.0568,129.3494,129.6245,129.8292,129.9797,130.1165,130.2532,130.3898,130.5264,130.6629,130.7993,130.9425,131.1094,131.296,131.4627,131.6057,131.7418,131.8779,132.0208,132.1873,132.3736,132.5333,132.6386

Position pixel : 51.0625,51.0625,51.0693,51.0998,51.157,51.218,51.2752,51.3057,51.3125,51.3125,51.3125,51.3125,51.3125,51.3125,51.3125,51.3125,51.3125,51.3057,51.2752,51.218,51.157,51.0998,51.0693,51.0625,51.0625,51.0625,51.0625,51.0625,51.0625,51.0625,51.0625,51.0625,51.0625,51.0625,51.0625,51.0693,51.0998,51.157,51.2248,51.3125,51.3934,51.4307,51.4375,51.4375,51.4375,51.4375,51.4375,51.4443,51.4748,51.532,51.593,51.657,51.7248,51.8193,51.9307,52.0252,52.093,52.1502,52.1807,52.1943,52.2248,52.2752,52.3057,52.3125,52.3125,52.3125,52.3125,52.3125,52.3125,52.3125,52.3125,52.3125,52.3125,52.3125,52.3125,52.3125,52.3057,52.2752,52.2248,52.1875,52.1502,52.0998,52.0693,52.0625,52.0557,52.0252,51.9748,51.9443,51.9307,51.9002,51.8498,51.8193,51.8125,51.8125,51.8057,51.7752,51.7248,51.6943,51.6875,51.6875,51.6875,51.6807,51.6502,51.5998,51.5693,51.5625,51.5557,51.5252,51.4748,51.4443,51.4375,51.4375,51.4375,51.4375,51.4375,51.4375,51.4375,51.4375,51.4375,51.4375,51.4375,51.4375,51.4375,51.4375,51.4375,51.4375,51.4375,51.4375,51.4375,51.4375,51.4375,51.4375,51.4375,51.4375,51.4443,51.4748,51.5252,51.5557,51.5625,51.5693,51.5998,51.6502,51.6875,51.7316,51.8125,51.8934,51.9307,51.9375,51.9375,51.9375,51.9375,51.9375,51.9375,51.9375,51.9375,51.9375,51.9375,51.9375,51.9375,51.9375,51.9375,51.9375,51.9375,51.9375,51.9443,51.9748,52.0252,52.0557,52.0625,52.0625,52.0693,52.0998,52.1502,52.1875,52.2248,52.2752,52.3057,52.3125,52.3193,52.3498,52.4002,52.4307,52.4375,52.4375,52.4375,52.4375,52.4375,52.4375,52.4375,52.4443,52.4748,52.5252,52.5557,52.5625,52.5625,52.5693,52.5998,52.6502,52.6807,52.6875,52.6875,52.6943,52.7248,52.7752,52.8057,52.8125,52.8125,52.8125,52.8125,52.8125,52.8125,52.8125,52.8193,52.8498,52.9002,52.9298,52.9338,52.931,52.9282,52.9254,52.9226,52.9265,52.9542,53.0016,53.0292,53.0399,53.0675,53.1149,53.1492,53.1836,53.2309,53.2719,53.3367,53.441,53.5295,53.5902,53.6243,53.6584,53.7122,53.7699,53.8304,53.8948,53.9789,54.063,54.1341,54.2249,54.3325,54.4232,54.4872,54.5472,54.6111,54.6947,54.7783,54.842,54.9017,54.9653,55.0554,55.1624,55.2525,55.3159,55.3753,55.4318,55.4912,55.5476,55.607,55.6634,55.7227,55.786,55.8827,56.0268,56.1976,56.3419,56.4388,56.5023,56.562,56.6189,56.6719,56.6985,56.7083,56.7352,56.7888,56.8465,56.9005,56.9348,56.9762,57.0613,57.1771,57.2931,57.3857,57.4587,57.5518,57.6756,57.8302,58.0049,58.16,58.2849,58.3794,58.4475,58.505,58.5361,58.5435,58.5444,58.5453,58.5464,58.5477,58.5491,58.5506,58.5522,58.554,58.5559,58.5579,58.56,58.5623,58.5646,58.5671,58.5697,58.5723,58.575,58.5847,58.6249,58.7156,58.8368,58.9649,59.093,59.2145,59.3122,59.397,59.5185,59.6599,59.7617,59.8359,59.9072,59.9983,60.0826,60.1303,60.1711,60.2317,60.2962,60.3637,60.4282,60.4888,60.5295,60.5771,60.6614,60.7524,60.8236,60.8841,60.9315,61.0094,61.1507,61.2958,61.3934,61.4407,61.4879,61.5719,61.6626,61.7334,61.8003,61.8779,62.0058,62.1704,62.2982,62.3825,62.4797,62.6006,62.7283,62.856,62.9836,63.1044,63.2015,63.2787,63.3757,63.4896,63.5865,63.6569,63.7164,63.7562,63.8027,63.8859,63.9691,64.0088,64.0247,64.0575,64.1102,64.1429,64.1588,64.1916,64.251,64.321,64.4109,64.5007,64.5708,64.6369,64.7001,64.7594,64.7921,64.801,64.8032,64.8053,64.8142,64.8468,64.8993

Pole type : Curve
Start frame : 5
End frame : 133
Start time (s) : 13.250
End time (s) : 192.540
Time step (s) : 1.401

Feature Information :


Feature number : 1

Time (s) : 37.9779,38.153,38.4223,38.6678,38.8343,39.0189,39.2454,39.4109,39.4823,39.5346,39.6147,39.7437,41.5834,43.3396

Position (um) : 4.7837,4.7942,4.8143,4.8334,4.8496,4.8695,4.8936,4.9134,4.9282,4.9415,4.9563,4.9849,5.2616,5.4891

Intensity : 472.3333,466.751,459.3794,454.5316,450.8076,446.7031,442.172,437.0322,433.5742,430.6114,427.4294,421.7402,378.5859,362.6074

Time pixel : 27.1135,27.2385,27.4307,27.606,27.7248,27.8566,28.0184,28.1365,28.1875,28.2248,28.282,28.3741,29.6875,30.9413

Position pixel : 44.8329,44.9313,45.1196,45.2989,45.4511,45.6372,45.8628,46.0489,46.1875,46.3125,46.4511,46.7189,49.3125,51.4444

Brightness max : 449.89
Brightness min : 242.00
Feature direction : Poleward
Feature speed : Slow
Feature type : Curve
Start frame : 5
End frame : 133
Start time (s) : 13.250
End time (s) : 192.540
Time step (s) : 1.401

Feature number : 2

Time (s) : 88.3318,89.1854,90.0389,90.8925,91.7461,92.5996,93.4532,94.3067,95.1603

Position (um) : 5.8485,5.7518,5.6551,5.5584,5.4617,5.365,5.2683,5.1716,5.0749

Intensity : 401.6367,405.9424,412.1875,410.1294,405.5313,419.2847,438.6875,467.105,489.7344

Time pixel : 63.0625,63.6719,64.2813,64.8906,65.5,66.1094,66.7188,67.3281,67.9375

Position pixel : 54.8125,53.9063,53,52.0938,51.1875,50.2813,49.375,48.4688,47.5625

Brightness max : 636.40
Brightness min : 242.00
Feature direction : Antipoleward
Feature speed : Slow
Feature type : Line
Start frame : 5
End frame : 133
Start time (s) : 13.250
End time (s) : 192.540
Time step (s) : 1.401

Feature number : 3

Time (s) : 70.1227,71.5234,72.9241,74.3248,75.7255,77.1262,78.5269,79.9276,81.3283,82.729,84.1297,85.5304,86.9311

Position (um) : 1.5805,1.6272,1.6739,1.7205,1.7672,1.8139,1.8606,1.9073,1.9539,2.0006,2.0473,2.094,2.1407

Intensity : 532.3555,523.2969,499.0313,474.4844,450.4883,446.3125,447.25,452.7891,443.5859,440.2344,433.6563,428.8672,430.6758

Time pixel : 50.0625,51.0625,52.0625,53.0625,54.0625,55.0625,56.0625,57.0625,58.0625,59.0625,60.0625,61.0625,62.0625

Position pixel : 14.8125,15.25,15.6875,16.125,16.5625,17,17.4375,17.875,18.3125,18.75,19.1875,19.625,20.0625

Brightness max : 636.40
Brightness min : 242.00
Feature direction : Antipoleward
Feature speed : Slow
Feature type : Line
Start frame : 5
End frame : 133
Start time (s) : 13.250
End time (s) : 192.540
Time step (s) : 1.401

Feature number : 4

Time (s) : 131.0533,132.0844,133.1154,134.1465,135.1776,136.2087,137.2397,138.2708,139.3019,140.3329,141.364,142.3951,143.4262,144.4572,145.4883,146.5194,147.5505,148.5815,149.6126

Position (um) : 2.8609,2.7786,2.6964,2.6141,2.5319,2.4497,2.3674,2.2852,2.2029,2.1207,2.0384,1.9562,1.8739,1.7917,1.7094,1.6272,1.5449,1.4627,1.3804

Intensity : 488.457,488.5365,488.6214,487.5625,480.5353,468.3762,462.1823,450.9676,439.5716,435.0469,435.428,445.7824,457.2318,466.2286,469.5263,458.6875,447.3164,436.548,422.3008

Time pixel : 93.5625,94.29861,95.03472,95.77083,96.50694,97.24306,97.97917,98.71528,99.45139,100.1875,100.9236,101.6597,102.3958,103.1319,103.8681,104.6042,105.3403,106.0764,106.8125

Position pixel : 26.8125,26.0417,25.2708,24.5,23.7292,22.9583,22.1875,21.4167,20.6458,19.875,19.1042,18.3333,17.5625,16.7917,16.0208,15.25,14.4792,13.7083,12.9375

Brightness max : 636.40
Brightness min : 242.00
Feature direction : Poleward
Feature speed : Slow
Feature type : Line
Start frame : 5
End frame : 133
Start time (s) : 13.250
End time (s) : 192.540
Time step (s) : 1.401

Feature number : 5

Time (s) : 8.028336,8.170208,8.478511,9.079747,9.920203,10.73928,11.44918,12.04493,12.50924,12.92126,13.35147,13.78716,14.21737,14.61984,15.01277,15.40976,15.82726,16.32796,16.83414,17.27937,17.69545,18.1557,18.72689,19.28537,19.80198,20.36452,20.95622,21.5283,22.06858,22.64067,23.2419,23.8472,24.40568,24.90727,25.41433,26.01963,26.68182,27.27758,27.74189,28.17298,28.66963,29.17987,29.6592,30.22174,30.84118,31.41874,31.944,32.40743,32.78622,33.16096,33.62845,34.15919,34.77403,35.4553,36.13657,36.75141,37.30123,37.88285,38.52685,39.21218,39.84663,40.3855,40.85529,41.37507,41.92401,42.46835,43.03637,43.62259,44.14786,44.62171,45.15651,45.79502,46.47629,47.12435,47.71145,48.30809,48.9989,49.76975,50.54607,51.2837,51.94678,52.56161,53.12963,53.69306,54.34659,55.11196,55.9033,56.74959,57.65418,58.61372,59.58969,60.59658,61.47113,62.08279,62.55116,62.98685,63.41706,63.81954,64.22201,64.63314,64.98331,65.28208,65.62271,66.00063,66.36582,66.74373,67.07483,67.31175,67.50592,67.73331,68.02165,68.30998,68.54691,68.77429,69.0485,69.42323,69.95715,70.52429,70.97906,71.33878,71.66527,72.02093,72.44566,72.89637,73.42569,74.00785,74.56085,75.00608,75.3658,75.67322,75.94336,76.19848,76.41632,76.60095,76.77604,76.95113,77.12622,77.3013,77.47639,77.65148,77.82657,78.00166,78.17674,78.36137,78.57922,78.8248,79.04264,79.22727,79.4119,79.62974,79.88487,80.14547,80.41967,80.73257,81.12002,81.55571,82.01914,82.43027,82.70995,82.90412,83.0792,83.25429,83.42938,83.61401,83.84139,84.12973,84.42761,84.70729,85.00517,85.29351,85.52089,85.70552,85.88061,86.07478,86.33538,86.65146,86.91206,87.10623,87.28131,87.46594,87.68379,87.92937,88.14721,88.33184,88.50693,88.68202,88.8571,89.03219,89.21682,89.45375,89.79438,90.19597,90.53661,90.77353,90.9677,91.18554,91.43113,91.64897,91.8336,92.00869,92.18377,92.35886,92.53395,92.70904,92.88413,93.05921,93.2343,93.40939,93.58448,93.75957,93.93465,94.12882,94.39896,94.7578,95.08889,95.32582,95.51044,95.68553,95.86062,96.02617,96.1585,96.26309,96.38588,96.50867,96.61327,96.75514,96.96344,97.20903,97.42687,97.6115,97.78659,97.96167,98.13676,98.31185,98.48694,98.66203,98.83711,99.02174,99.24913,99.53747,99.8258,100.0532,100.2378,100.4129,100.588,100.7631,100.9382,101.1133,101.2883,101.4634,101.6385,101.8136,101.9887,102.1542,102.2866,102.3912,102.514,102.6272,102.689,102.7509,102.8737,103.0392,103.2239,103.4417,103.6968,103.9574,104.2125,104.4304,104.615,104.7901,104.9652,105.1498,105.3867,105.7274,106.1385,106.5219,106.8293,107.0567,107.2413,107.426,107.6438,107.8894,108.1072,108.2919,108.4574,108.5897,108.7039,108.8694,109.0627,109.2101,109.3519,109.5079,109.6403,109.7449,109.8772,110.0427,110.2178,110.3929,110.568,110.7431,110.9182,111.0933,111.2684,111.4434,111.6185,111.7841,111.9164,112.021,112.1629,112.3616,112.5645,112.7118,112.8537,113.0288,113.2371,113.4399,113.5873,113.7291,113.9042,114.1125,114.3058,114.4009,114.4199

Position (um) : 4.248,4.248,4.248,4.2487,4.252,4.2573,4.2606,4.2613,4.2613,4.2621,4.2653,4.2707,4.2739,4.2747,4.2747,4.2747,4.2747,4.2747,4.2747,4.2747,4.2747,4.2747,4.2747,4.2747,4.2754,4.2787,4.284,4.2873,4.288,4.2887,4.292,4.2974,4.3006,4.3013,4.3013,4.3013,4.3013,4.3013,4.3013,4.3013,4.3013,4.3013,4.3013,4.3006,4.2974,4.292,4.2887,4.288,4.2873,4.284,4.2787,4.2754,4.2747,4.2747,4.2747,4.2747,4.2747,4.2747,4.2739,4.2707,4.2653,4.2621,4.2613,4.2613,4.2613,4.2613,4.2613,4.2613,4.2613,4.2613,4.2613,4.2613,4.2613,4.2613,4.2613,4.2613,4.2613,4.2613,4.2613,4.2613,4.2613,4.2613,4.2613,4.2613,4.2613,4.2613,4.2613,4.2613,4.2606,4.2573,4.252,4.2487,4.248,4.248,4.248,4.248,4.248,4.248,4.248,4.2487,4.252,4.2581,4.2646,4.2707,4.2747,4.2787,4.284,4.2873,4.288,4.2887,4.292,4.2974,4.3013,4.3053,4.3114,4.3187,4.328,4.3366,4.3414,4.3453,4.3514,4.358,4.3648,4.3713,4.3781,4.3846,4.3914,4.398,4.4041,4.4073,4.408,4.408,4.408,4.4088,4.412,4.4174,4.4207,4.4214,4.4214,4.4214,4.4214,4.4214,4.4214,4.4214,4.4214,4.4207,4.4174,4.412,4.4088,4.408,4.408,4.408,4.408,4.408,4.408,4.408,4.408,4.408,4.408,4.408,4.408,4.408,4.408,4.408,4.408,4.408,4.408,4.408,4.408,4.408,4.408,4.408,4.408,4.408,4.408,4.408,4.408,4.408,4.408,4.408,4.408,4.408,4.408,4.4088,4.412,4.4174,4.4207,4.4221,4.4261,4.4354,4.4481,4.4607,4.47,4.474,4.4747,4.4747,4.4747,4.4747,4.4747,4.4747,4.4747,4.4747,4.4747,4.4747,4.4747,4.4747,4.4747,4.4747,4.4747,4.474,4.47,4.4599,4.4441,4.4254,4.4095,4.3987,4.3914,4.3846,4.3774,4.3673,4.3554,4.3461,4.3414,4.3374,4.332,4.328,4.324,4.3187,4.3154,4.3147,4.3147,4.3147,4.3147,4.3147,4.3147,4.3147,4.3147,4.3147,4.3147,4.3147,4.3154,4.3187,4.3248,4.3313,4.3374,4.3414,4.3453,4.3507,4.354,4.3547,4.3547,4.354,4.3507,4.3446,4.3381,4.3313,4.324,4.314,4.3021,4.292,4.284,4.2739,4.2606,4.2447,4.2264,4.2014,4.1666,4.1396,4.1294,4.1287,4.1319,4.1373,4.1406,4.142,4.1453,4.1506,4.1539,4.1546,4.1554,4.1586,4.1647,4.1712,4.1773,4.1806,4.182,4.1853,4.1914,4.1986,4.2087,4.2206,4.2307,4.2386,4.248,4.2573,4.2653,4.2747,4.284,4.292,4.3021,4.3147,4.3273,4.3374,4.3446,4.3507,4.354,4.3554,4.3587,4.3648,4.3713,4.3781,4.3846,4.3914,4.398,4.4041,4.408,4.412,4.4174,4.4207,4.4214,4.4207,4.4167,4.408,4.3994

Intensity : 805.8555,805.2731,804.4318,805.581,808.209,813.7076,812.5376,802.0325,793.6833,790.5263,789.0878,786.9879,788.2877,793.9648,799.5929,805.2984,815.2461,827.1765,838.4862,836.0824,833.836,831.351,826.673,821.9383,819.8646,821.3921,822.0747,819.9627,818.4201,820.8466,828.8187,835.4874,830.6167,827.1009,830.6234,847.1257,864.1068,871.0183,876.4049,880.1794,882.1074,884.0881,885.2181,885.8134,886.4393,881.3157,876.5681,871.1582,865.636,860.534,854.3356,847.1632,838.4368,826.5781,813.5675,809.5253,811.7333,813.9236,815.2047,817.2805,820.9741,823.1148,826.0314,829.8351,833.8521,829.7928,823.7353,816.3727,807.8649,800.1898,791.8852,782.2268,771.086,759.1435,750.332,753.0209,756.1341,747.1399,743.3764,769.3451,787.6292,783.5141,779.7123,781.4346,784.759,778.5339,766.0341,771.9173,778.5297,775.2585,760.603,743.627,730.6031,723.3708,718.3133,713.6086,707.7593,702.1562,696.5532,692.9965,692.5343,693.1973,693.8138,694.1014,694.3531,694.5415,694.4898,694.3027,694.0696,693.8151,693.3574,692.8325,692.4844,691.4821,689.6553,687.1491,683.515,690.1546,697.0549,702.5637,702.7047,700.5486,697.873,695.6333,697.6444,699.0519,696.3184,691.9718,688.5095,685.8619,681.2354,677.0462,673.4692,670.2468,666.5171,662.2329,658.2906,654.8164,651.5273,648.2383,644.9492,641.6602,638.3711,634.9028,628.9137,621.0769,614.5302,609.4121,603.9955,597.123,590.2131,589.2712,588.2802,587.1493,585.749,580.3661,573.0873,566.63,562.3258,559.5273,557.0039,554.4805,551.957,549.2961,546.0189,541.7305,536.9854,532.5302,527.7852,523.1921,519.73,517.168,514.7383,512.0438,508.4275,504.0413,501.5888,502.1953,502.7422,503.3189,503.9993,504.7663,505.4468,504.55,502.1223,499.7122,497.4087,495.1597,492.8338,490.0312,487.176,485.1938,483.5198,482.2907,481.199,479.215,476.5194,474.1282,472.1016,470.1797,468.2578,466.3359,465.5352,465.8555,466.1758,466.4961,466.8164,467.1367,467.457,467.7667,468.9133,471.1382,474.3674,478.9018,483.303,485.148,484.3441,483.5974,482.8762,481.5403,480.0487,478.9468,478.1445,477.4252,476.7248,475.3759,473.2168,470.667,468.5038,466.7734,465.1641,463.5547,462.1406,460.9219,459.7031,458.4844,457.2656,455.9805,454.3977,453.3242,454.4012,455.3146,456.1837,457.101,458.0788,459.0352,460.31,462.0371,463.7355,465.2852,466.7773,468.184,469.2413,469.733,469.6719,469.1501,468.6962,467.8439,466.5223,465.4865,465.1345,464.8282,464.4074,464.2391,463.8262,460.6111,458.2177,455.4644,454.675,454.9813,455.6267,457.0642,459.3997,462.5083,466.3335,469.8898,472.2677,473.9319,475.2909,476.7921,478.0139,479.1149,481.4427,483.7091,485.9502,487.485,488.4165,490.0099,491.742,492.6389,492.4165,492.0199,491.6086,491.2627,491.2892,491.1016,490.9918,491.2424,491.4891,489.5703,485.4779,481.5547,477.847,474.214,470.8285,467.7751,465.1177,462.6477,462.4053,463.6506,464.9378,465.6586,466.3843,467.5253,469.2667,470.9729,470.9703,471.0397,471.4647,472.1345,473.0972,474.258,475.2019

Time pixel : 5.73165,5.83293,6.05304,6.48228,7.0823,7.66707,8.17388,8.59921,8.93069,9.22484,9.53197,9.84303,10.1502,10.4375,10.718,11.0014,11.2995,11.657,12.0184,12.3362,12.6333,12.9618,13.3696,13.7684,14.1372,14.5388,14.9612,15.3696,15.7554,16.1638,16.593,17.0252,17.4239,17.782,18.144,18.5761,19.0489,19.4742,19.8057,20.1135,20.468,20.8323,21.1745,21.5761,22.0184,22.4307,22.8057,23.1365,23.407,23.6745,24.0083,24.3872,24.8261,25.3125,25.7989,26.2378,26.6304,27.0456,27.5054,27.9946,28.4476,28.8323,29.1677,29.5388,29.9307,30.3193,30.7248,31.1434,31.5184,31.8566,32.2385,32.6943,33.1807,33.6434,34.0625,34.4885,34.9816,35.532,36.0862,36.6128,37.0862,37.5252,37.9307,38.3329,38.7995,39.3459,39.9109,40.5151,41.1609,41.8459,42.5427,43.2615,43.8859,44.3226,44.657,44.968,45.2752,45.5625,45.8498,46.1434,46.3934,46.6066,46.8498,47.1196,47.3804,47.6502,47.8865,48.0557,48.1943,48.3566,48.5625,48.7684,48.9375,49.0998,49.2956,49.5631,49.9443,50.3492,50.6739,50.9307,51.1638,51.4177,51.7209,52.0427,52.4206,52.8362,53.231,53.5489,53.8057,54.0252,54.218,54.4002,54.5557,54.6875,54.8125,54.9375,55.0625,55.1875,55.3125,55.4375,55.5625,55.6875,55.8125,55.9443,56.0998,56.2752,56.4307,56.5625,56.6943,56.8498,57.032,57.218,57.4138,57.6372,57.9138,58.2248,58.5557,58.8492,59.0489,59.1875,59.3125,59.4375,59.5625,59.6943,59.8566,60.0625,60.2752,60.4748,60.6875,60.8934,61.0557,61.1875,61.3125,61.4511,61.6372,61.8628,62.0489,62.1875,62.3125,62.4443,62.5998,62.7752,62.9307,63.0625,63.1875,63.3125,63.4375,63.5625,63.6943,63.8635,64.1066,64.3934,64.6365,64.8057,64.9443,65.0998,65.2752,65.4307,65.5625,65.6875,65.8125,65.9375,66.0625,66.1875,66.3125,66.4375,66.5625,66.6875,66.8125,66.9375,67.0625,67.2011,67.394,67.6502,67.8865,68.0557,68.1875,68.3125,68.4375,68.5557,68.6502,68.7248,68.8125,68.9002,68.9748,69.0761,69.2248,69.4002,69.5557,69.6875,69.8125,69.9375,70.0625,70.1875,70.3125,70.4375,70.5625,70.6943,70.8566,71.0625,71.2684,71.4307,71.5625,71.6875,71.8125,71.9375,72.0625,72.1875,72.3125,72.4375,72.5625,72.6875,72.8125,72.9307,73.0252,73.0998,73.1875,73.2684,73.3125,73.3566,73.4443,73.5625,73.6943,73.8498,74.032,74.218,74.4002,74.5557,74.6875,74.8125,74.9375,75.0693,75.2385,75.4816,75.7752,76.0489,76.2684,76.4307,76.5625,76.6943,76.8498,77.0252,77.1807,77.3125,77.4307,77.5252,77.6066,77.7248,77.8628,77.968,78.0693,78.1807,78.2752,78.3498,78.4443,78.5625,78.6875,78.8125,78.9375,79.0625,79.1875,79.3125,79.4375,79.5625,79.6875,79.8057,79.9002,79.9748,80.0761,80.218,80.3628,80.468,80.5693,80.6943,80.843,80.9878,81.093,81.1943,81.3193,81.468,81.606,81.6739,81.6875

Position pixel : 39.8125,39.8125,39.8125,39.8193,39.8498,39.9002,39.9307,39.9375,39.9375,39.9443,39.9748,40.0252,40.0557,40.0625,40.0625,40.0625,40.0625,40.0625,40.0625,40.0625,40.0625,40.0625,40.0625,40.0625,40.0693,40.0998,40.1502,40.1807,40.1875,40.1943,40.2248,40.2752,40.3057,40.3125,40.3125,40.3125,40.3125,40.3125,40.3125,40.3125,40.3125,40.3125,40.3125,40.3057,40.2752,40.2248,40.1943,40.1875,40.1807,40.1502,40.0998,40.0693,40.0625,40.0625,40.0625,40.0625,40.0625,40.0625,40.0557,40.0252,39.9748,39.9443,39.9375,39.9375,39.9375,39.9375,39.9375,39.9375,39.9375,39.9375,39.9375,39.9375,39.9375,39.9375,39.9375,39.9375,39.9375,39.9375,39.9375,39.9375,39.9375,39.9375,39.9375,39.9375,39.9375,39.9375,39.9375,39.9375,39.9307,39.9002,39.8498,39.8193,39.8125,39.8125,39.8125,39.8125,39.8125,39.8125,39.8125,39.8193,39.8498,39.907,39.968,40.0252,40.0625,40.0998,40.1502,40.1807,40.1875,40.1943,40.2248,40.2752,40.3125,40.3498,40.407,40.4748,40.5625,40.6434,40.6875,40.7248,40.782,40.843,40.907,40.968,41.032,41.093,41.157,41.218,41.2752,41.3057,41.3125,41.3125,41.3125,41.3193,41.3498,41.4002,41.4307,41.4375,41.4375,41.4375,41.4375,41.4375,41.4375,41.4375,41.4375,41.4307,41.4002,41.3498,41.3193,41.3125,41.3125,41.3125,41.3125,41.3125,41.3125,41.3125,41.3125,41.3125,41.3125,41.3125,41.3125,41.3125,41.3125,41.3125,41.3125,41.3125,41.3125,41.3125,41.3125,41.3125,41.3125,41.3125,41.3125,41.3125,41.3125,41.3125,41.3125,41.3125,41.3125,41.3125,41.3125,41.3125,41.3125,41.3193,41.3498,41.4002,41.4307,41.4443,41.4816,41.5693,41.6875,41.8057,41.8934,41.9307,41.9375,41.9375,41.9375,41.9375,41.9375,41.9375,41.9375,41.9375,41.9375,41.9375,41.9375,41.9375,41.9375,41.9375,41.9375,41.9307,41.8934,41.7989,41.6502,41.4748,41.3261,41.2248,41.157,41.093,41.0252,40.9307,40.8193,40.7316,40.6875,40.6502,40.5998,40.5625,40.5252,40.4748,40.4443,40.4375,40.4375,40.4375,40.4375,40.4375,40.4375,40.4375,40.4375,40.4375,40.4375,40.4375,40.4443,40.4748,40.532,40.593,40.6502,40.6875,40.7248,40.7752,40.8057,40.8125,40.8125,40.8057,40.7752,40.718,40.657,40.593,40.5252,40.4307,40.3193,40.2248,40.1502,40.0557,39.9307,39.782,39.6099,39.3758,39.0495,38.7962,38.7011,38.6943,38.7248,38.7752,38.8057,38.8193,38.8498,38.9002,38.9307,38.9375,38.9443,38.9748,39.032,39.093,39.1502,39.1807,39.1943,39.2248,39.282,39.3498,39.4443,39.5557,39.6502,39.7248,39.8125,39.9002,39.9748,40.0625,40.1502,40.2248,40.3193,40.4375,40.5557,40.6502,40.718,40.7752,40.8057,40.8193,40.8498,40.907,40.968,41.032,41.093,41.157,41.218,41.2752,41.3125,41.3498,41.4002,41.4307,41.4375,41.4307,41.3934,41.3125,41.2316

Brightness max : 636.40
Brightness min : 242.00
Feature direction : Ambiguous
Feature speed : Slow
Feature type : Curve
Start frame : 5
End frame : 133
Start time (s) : 13.250
End time (s) : 192.540
Time step (s) : 1.401

Feature number : 6

Time (s) : 115.3572,115.4991,115.7788,116.2517,116.8616,117.4478,117.9026,118.2719,118.6125,118.9104,119.1378,119.3224,119.4975,119.6726,119.8477,120.0227,120.2074,120.4348,120.7326,121.0733,121.4139,121.7309,122.0438,122.3789,122.6918,122.9992,123.2876,123.515,123.7091,123.927,124.163,124.3476,124.5045,124.7074,124.9157,125.1003,125.2754,125.46,125.6779,125.933,126.2127,126.5533,126.9121,127.2014,127.5001,127.9112,128.3651,128.7581,129.0655,129.3024,129.5203,129.7231,129.8704,130.0123,130.1874,130.4052,130.6604,130.921,131.1761,131.4035,131.6308,131.8955,132.2179,132.6291,133.0402,133.3626,133.6464,133.9593,134.3372,134.7206,135.0803,135.4305,135.7711,136.0881,136.4105,136.7789,137.11,137.3469,137.5411,137.7589,138.0045,138.2223,138.407,138.5821,138.7572,138.9227,139.055,139.1596,139.292,139.4575,139.6326,139.8077,139.9732,140.1056,140.2197,140.3948,140.6404,140.901,141.1561,141.3739,141.549,141.6814,141.7764,141.866,141.9515,142.0411,142.1361,142.2685,142.434,142.6186,142.8365,143.0821,143.2904,143.4418,143.5891,143.7919,144.0002,144.1849,144.36,144.5351,144.7101,144.8852,145.0603,145.2545,145.5246,145.893,146.2859,146.6884,147.1091,147.4925,147.8094,148.0891,148.387,148.6849,148.9645,149.272,149.6126,149.9819,150.408,150.866,151.2644,151.6091,151.8697,152.0638,152.2389,152.414,152.5891,152.7642,152.9393,153.1144,153.2894,153.4645,153.6396,153.8147,153.9898,154.1744,154.3923,154.6379,154.8557,155.0403,155.2154,155.3905,155.5656,155.7502,155.9681,156.2136,156.441,156.6684,156.9235,157.1841,157.4488,157.7094,157.9645,158.2014,158.4716,158.7877,159.0483,159.2424,159.4175,159.6022,159.8295,160.1179,160.4062,160.6336,160.8182,161.0029,161.2302,161.5186,161.8069,162.0438,162.2808,162.5691,162.8574,163.0848,163.2695,163.435,163.5578

Position (um) : 4.3673,4.3619,4.3453,4.3179,4.2895,4.266,4.2487,4.2354,4.226,4.2213,4.2173,4.212,4.208,4.204,4.1986,4.1946,4.1907,4.1838,4.1741,4.1619,4.1514,4.1406,4.1287,4.1186,4.1106,4.1013,4.0927,4.0879,4.084,4.0786,4.0746,4.0706,4.0653,4.062,4.0613,4.0613,4.0613,4.0613,4.0613,4.0613,4.0613,4.0613,4.0613,4.062,4.0667,4.0786,4.0926,4.1006,4.106,4.1146,4.124,4.1312,4.1373,4.1413,4.1453,4.1514,4.1579,4.164,4.168,4.1727,4.1813,4.1907,4.1986,4.208,4.2173,4.2246,4.2314,4.2379,4.244,4.248,4.252,4.2573,4.2606,4.2613,4.2621,4.2653,4.2707,4.2739,4.2747,4.2747,4.2747,4.2754,4.2787,4.284,4.2873,4.2887,4.292,4.2974,4.3006,4.3013,4.3013,4.3013,4.3021,4.3061,4.3147,4.324,4.3313,4.3381,4.3453,4.3554,4.368,4.3806,4.3907,4.398,4.4048,4.412,4.4221,4.4354,4.4513,4.4682,4.4852,4.5035,4.5173,4.5288,4.5414,4.5548,4.5674,4.5774,4.5854,4.5948,4.6034,4.6074,4.6081,4.6081,4.6081,4.6081,4.6081,4.6088,4.6121,4.6175,4.6207,4.6214,4.6214,4.6214,4.6214,4.6214,4.6214,4.6214,4.6214,4.6222,4.6254,4.6308,4.6348,4.6395,4.6481,4.6567,4.6607,4.6622,4.6654,4.6708,4.6748,4.6788,4.6841,4.6874,4.6881,4.6881,4.6881,4.6881,4.6881,4.6889,4.6921,4.6975,4.7015,4.7055,4.7108,4.7141,4.7155,4.7188,4.7249,4.7314,4.7382,4.7455,4.7548,4.7634,4.7674,4.7682,4.7682,4.7682,4.7682,4.7682,4.7682,4.7682,4.7682,4.7682,4.7682,4.7682,4.7682,4.7674,4.7642,4.7588,4.7548,4.7508,4.7455,4.7422,4.7415,4.7415,4.7415

Intensity : 483.7945,485.4371,489.2715,496.2529,495.9715,495.9744,495.6499,496.0547,496.4086,496.5733,496.4994,496.1465,495.6836,495.174,494.6852,494.0742,493.3714,492.4938,491.7709,491.2245,490.3109,489.5303,489.6677,490.2871,490.7206,490.9844,491.5144,495.3531,498.6883,502.4864,506.6865,510.0227,512.9231,515.1943,512.1031,509.3516,506.7422,503.9906,500.744,496.9419,495.18,495.5903,496.0227,496.3434,495.9455,489.8807,483.2253,477.6908,477.2682,478.582,480.0101,481.5394,482.7807,484.0185,485.6005,486.8692,487.9049,488.7093,489.185,489.5235,489.5916,487.3788,484.6503,481.4922,478.6428,477.1004,475.7304,474.1811,472.2839,467.3389,461.2566,455.3497,449.6731,449.6126,451.8843,454.4941,456.6143,457.2297,456.766,456.3286,455.8355,455.337,454.7077,453.958,453.5944,453.556,453.3527,452.956,452.7272,452.7109,452.7578,452.8047,452.7818,452.0614,450.1253,447.6736,444.9163,442.2622,439.8555,437.9172,436.8223,436.4328,436.2589,436.118,436.0148,435.9416,435.9446,436.0192,436.2246,436.5951,436.886,436.4513,436.5994,437.023,437.7453,439.0436,440.7612,442.5514,442.7157,439.7813,436.4655,433.9425,431.9063,429.7576,426.7683,426.6359,429.3359,432.0236,434.4334,435.2747,436.1181,437.1007,438.2305,438.1589,437.6223,437.0325,436.3789,434.619,429.599,424.1749,419.4342,422.3868,424.9003,426.8498,428.7578,430.7871,432.78,434.239,435.2962,436.4601,437.5859,438.7304,439.9634,441.1101,442.1328,442.7463,443.0185,443.3253,443.5975,443.8877,444.3922,444.4991,443.3242,441.2289,438.7071,436.2724,434.2361,432.0026,429.6204,428.9648,428.3718,427.8353,427.219,426.7656,425.0952,422.645,420.6682,419.1953,417.8672,416.4667,415.5484,414.918,414.2875,413.7904,413.3867,412.983,411.9993,410.4867,409.1574,408.2387,407.1914,405.8567,404.6567,403.6357,402.6836,401.7898,401.1268

Time pixel : 82.35665,82.45793,82.65761,82.99527,83.43069,83.84921,84.17388,84.4375,84.68069,84.89335,85.05569,85.1875,85.3125,85.4375,85.5625,85.6875,85.81931,85.98165,86.19431,86.4375,86.68069,86.90697,87.13036,87.36964,87.59303,87.8125,88.01835,88.18069,88.31931,88.47484,88.64335,88.77516,88.88717,89.03197,89.18069,89.3125,89.4375,89.56931,89.72484,89.90697,90.10665,90.34984,90.60602,90.8125,91.02579,91.31931,91.64335,91.92388,92.14335,92.3125,92.46803,92.61283,92.71803,92.81931,92.94431,93.09984,93.28197,93.46803,93.65016,93.8125,93.97484,94.16379,94.39398,94.6875,94.98102,95.21121,95.41379,95.63717,95.90697,96.18069,96.4375,96.6875,96.93069,97.15697,97.38717,97.65016,97.88654,98.05569,98.19431,98.34984,98.52516,98.68069,98.8125,98.9375,99.0625,99.18069,99.27516,99.34984,99.44431,99.5625,99.6875,99.8125,99.93069,100.0252,100.1066,100.2316,100.407,100.593,100.7752,100.9307,101.0557,101.1502,101.218,101.282,101.343,101.407,101.4748,101.5693,101.6875,101.8193,101.9748,102.1502,102.2989,102.407,102.5122,102.657,102.8057,102.9375,103.0625,103.1875,103.3125,103.4375,103.5625,103.7011,103.894,104.157,104.4375,104.7248,105.0252,105.2989,105.5252,105.7248,105.9375,106.1502,106.3498,106.5693,106.8125,107.0761,107.3804,107.7073,107.9917,108.2378,108.4239,108.5625,108.6875,108.8125,108.9375,109.0625,109.1875,109.3125,109.4375,109.5625,109.6875,109.8125,109.9375,110.0693,110.2248,110.4002,110.5557,110.6875,110.8125,110.9375,111.0625,111.1943,111.3498,111.5252,111.6875,111.8498,112.032,112.218,112.407,112.593,112.7752,112.9443,113.1372,113.3628,113.5489,113.6875,113.8125,113.9443,114.1066,114.3125,114.5184,114.6807,114.8125,114.9443,115.1066,115.3125,115.5184,115.6875,115.8566,116.0625,116.2684,116.4307,116.5625,116.6807,116.7684

Position pixel : 40.9307,40.8797,40.7242,40.468,40.2011,39.9816,39.8193,39.6943,39.6066,39.5625,39.5252,39.4748,39.4375,39.4002,39.3498,39.3125,39.2752,39.2112,39.1196,39.0054,38.907,38.8057,38.6943,38.5998,38.5252,38.4375,38.3566,38.3125,38.2752,38.2248,38.1875,38.1502,38.0998,38.0693,38.0625,38.0625,38.0625,38.0625,38.0625,38.0625,38.0625,38.0625,38.0625,38.0693,38.1135,38.2248,38.356,38.4307,38.4816,38.5625,38.6502,38.718,38.7752,38.8125,38.8498,38.907,38.968,39.0252,39.0625,39.1066,39.1875,39.2752,39.3498,39.4375,39.5252,39.593,39.657,39.718,39.7752,39.8125,39.8498,39.9002,39.9307,39.9375,39.9443,39.9748,40.0252,40.0557,40.0625,40.0625,40.0625,40.0693,40.0998,40.1502,40.1807,40.1943,40.2248,40.2752,40.3057,40.3125,40.3125,40.3125,40.3193,40.3566,40.4375,40.5252,40.593,40.657,40.7248,40.8193,40.9375,41.0557,41.1502,41.218,41.282,41.3498,41.4443,41.5693,41.718,41.8764,42.0359,42.2073,42.3362,42.4443,42.5625,42.6875,42.8057,42.9002,42.9748,43.0625,43.1434,43.1807,43.1875,43.1875,43.1875,43.1875,43.1875,43.1943,43.2248,43.2752,43.3057,43.3125,43.3125,43.3125,43.3125,43.3125,43.3125,43.3125,43.3125,43.3193,43.3498,43.4002,43.4375,43.4816,43.5625,43.6434,43.6807,43.6943,43.7248,43.7752,43.8125,43.8498,43.9002,43.9307,43.9375,43.9375,43.9375,43.9375,43.9375,43.9443,43.9748,44.0252,44.0625,44.0998,44.1502,44.1807,44.1943,44.2248,44.282,44.343,44.407,44.4748,44.5625,44.6434,44.6807,44.6875,44.6875,44.6875,44.6875,44.6875,44.6875,44.6875,44.6875,44.6875,44.6875,44.6875,44.6875,44.6807,44.6502,44.5998,44.5625,44.5252,44.4748,44.4443,44.4375,44.4375,44.4375

Brightness max : 636.40
Brightness min : 242.00
Feature direction : Ambiguous
Feature speed : Slow
Feature type : Curve
Start frame : 5
End frame : 133
Start time (s) : 13.250
End time (s) : 192.540
Time step (s) : 1.401

Feature number : 7

Time (s) : 75.55997,75.61226,75.75413,76.00519,76.32127,76.58187,76.77604,76.94159,77.07392,77.18805,77.36314,77.59918,77.81703,78.00166,78.17674,78.35183,78.52692,78.71155,78.94847,79.27957,79.6384,79.92762,80.19776,80.49016,80.7944,81.21507,81.68716,82.06189,82.38839,82.72903,83.0792,83.43892,83.83185,84.24298,84.6027,84.92514,85.26029,85.56365,85.83785,86.108,86.40587,86.70375,86.97389,87.22902,87.4564,87.68379,87.92937,88.14721,88.33184,88.50693,88.68202,88.8571,89.03219,89.20728,89.37283,89.50516,89.60021,89.68979,89.78484,89.91717,90.08272,90.26735,90.48519,90.73077,90.95816,91.18554,91.44067,91.71081,92.00869,92.29702,92.53395,92.76134,93.00692,93.22476,93.41893,93.63677,93.88236,94.1002,94.28483,94.45992,94.64455,94.86239,95.10797,95.32582,95.51998,95.73783,95.98341,96.20126,96.38588,96.56097,96.7456,96.96344,97.20903,97.42687,97.62104,97.84842,98.12722,98.38234,98.58199,98.81344,99.1168,99.49471,99.88764,100.2901,100.7108,101.1037,101.4539,101.7613,102.0315,102.2866,102.5044,102.689,102.8641,103.0583,103.3284,103.6968,104.0802,104.4304,104.7473,105.0698,105.4572,105.8738,106.2613,106.5742,106.8484,107.1185,107.4355,107.8094,108.1968,108.562,108.9495,109.3424,109.7353,110.1228,110.4784,110.8136,111.0837,111.3302,111.6281,111.9687,112.3093,112.6168,112.8964,113.1943,113.4827,113.71,113.8947,114.0793,114.2971,114.5523,114.8129,115.0871,115.3904,115.716,115.9862,116.2231,116.4687,116.6865,116.8712,117.0653,117.3259,117.642,117.9026,118.0968,118.3005,118.6229,119.1046,119.5917,119.9514,120.1978,120.4252,120.6708,120.8982,121.1351,121.433,121.7736,122.1238,122.4644,122.7623,122.9897,123.1743,123.3494,123.5245,123.6996,123.8747,124.0593,124.2772,124.5323,124.8024,125.1194,125.5028,125.9425,126.4114,126.8789,127.2773,127.622,127.8826,128.0863,128.3042,128.5593,128.8294,129.1464,129.5203,129.8982,130.2206,130.528,130.8259,131.1056,131.413,131.7536,132.1038,132.4444,132.7614,133.0743,133.419,133.7842,134.2335,134.7824,135.3782,135.9462,136.481,137.0158,137.5838,138.1987,138.8427,139.4757,140.0064,140.4462,140.7868,141.0333,141.2702,141.5586,141.8564,142.1266,142.3912,142.6518,142.907,143.1248,143.3094,143.4845,143.6596,143.8347,144.0098,144.2135,144.5264,144.9653,145.3819,145.6988,145.9262,146.1108,146.2859,146.461,146.6456,146.8826,147.2327,147.6866,148.1596,148.6048,149.0446,149.4898,149.9532,150.3739,150.6963,150.9801,151.2834,151.6186,151.9315,152.2389,152.5273,152.7546,152.9393,153.1048,153.2276,153.2799

Position (um) : 4.6254,4.6323,4.6427,4.6582,4.6741,4.6881,4.7007,4.7108,4.7181,4.7249,4.7329,4.7462,4.7634,4.7768,4.7855,4.7956,4.8074,4.8182,4.8302,4.8482,4.8654,4.8749,4.8836,4.8983,4.9149,4.9329,4.9542,4.9729,4.9848,4.9956,5.0082,5.0208,5.0309,5.0382,5.045,5.0515,5.0583,5.0648,5.0709,5.0749,5.0789,5.0843,5.0875,5.0883,5.089,5.0922,5.0976,5.1009,5.1016,5.1016,5.1016,5.1016,5.1016,5.1016,5.1009,5.0976,5.0915,5.085,5.0789,5.0749,5.0709,5.0656,5.0623,5.0616,5.0616,5.0616,5.0616,5.0609,5.0576,5.0522,5.049,5.0482,5.0482,5.0482,5.0482,5.0482,5.0482,5.0482,5.0482,5.0482,5.0482,5.0482,5.0482,5.0482,5.0482,5.0482,5.049,5.0522,5.0576,5.0609,5.0616,5.0616,5.0623,5.0656,5.0709,5.0742,5.0756,5.0789,5.0843,5.0883,5.0922,5.0976,5.1016,5.1063,5.1149,5.1243,5.1315,5.1376,5.1409,5.1416,5.1416,5.1416,5.1416,5.1416,5.1416,5.1416,5.1416,5.1416,5.1416,5.1416,5.1416,5.1416,5.1416,5.1416,5.1416,5.1416,5.1416,5.1416,5.1416,5.1416,5.1416,5.1416,5.1416,5.1416,5.1416,5.1416,5.1416,5.1416,5.1416,5.1409,5.1376,5.1323,5.1283,5.1243,5.1182,5.1117,5.1056,5.1016,5.0969,5.0883,5.0789,5.0717,5.0656,5.0616,5.0569,5.0482,5.0396,5.0356,5.0349,5.0356,5.0389,5.045,5.0515,5.0583,5.0656,5.0756,5.0883,5.1016,5.1142,5.1243,5.1315,5.1376,5.1416,5.1456,5.1517,5.1589,5.1683,5.1776,5.1856,5.195,5.2036,5.2083,5.2123,5.2176,5.2209,5.2216,5.2216,5.2216,5.2216,5.2216,5.2216,5.2216,5.2216,5.2216,5.2216,5.2216,5.2216,5.2216,5.2216,5.2216,5.2216,5.2216,5.2216,5.2216,5.2216,5.2216,5.2224,5.2263,5.235,5.2443,5.2523,5.2616,5.271,5.2782,5.2851,5.2916,5.2984,5.3049,5.3117,5.3183,5.3251,5.3316,5.3384,5.3449,5.3517,5.3583,5.3651,5.3716,5.3777,5.381,5.3817,5.3817,5.3817,5.3817,5.3817,5.3817,5.3817,5.3817,5.3817,5.3817,5.3817,5.3817,5.3824,5.3878,5.4044,5.4318,5.4603,5.4829,5.497,5.5057,5.5151,5.5244,5.5317,5.5377,5.541,5.5417,5.5417,5.5417,5.5417,5.5417,5.5417,5.5417,5.5417,5.5417,5.5417,5.5417,5.5417,5.5417,5.5417,5.5417,5.5417,5.541,5.5377,5.5324

Intensity : 609.297,606.2575,600.3058,590.8953,580.7119,572.2221,565.2205,559.5979,556.0799,554.2778,552.573,549.8851,546.5106,544.5006,543.97,543.3818,540.4126,535.8665,531.2594,525.8509,522.0998,520.6367,519.4966,518.1918,516.0391,512.1735,506.4629,502.0501,499.4825,497.8262,497.707,497.1259,496.6403,495.4756,492.7042,490.4033,488.2982,486.4907,484.7344,483.4082,482.0162,480.3108,476.9216,472.016,467.6196,462.6283,456.7647,451.8831,450.4023,451.457,452.5117,453.5664,454.6211,455.6758,456.8336,458.34,460.2247,461.4574,461.7458,461.0871,459.9144,458.5352,456.2489,453.2268,450.3555,451.0658,454.3784,457.8972,461.7749,465.4569,468.3844,471.1488,474.1403,476.7939,479.1592,481.8128,484.6078,486.0464,487.2656,488.4219,489.6411,491.0797,492.7015,493.7329,494.0015,494.3028,494.5579,494.4974,494.1856,494.1192,493.2475,491.1382,488.6881,486.261,483.8675,481.3704,478.9016,477.2419,475.6074,473.8966,471.731,469.4147,471.1641,472.7217,473.5137,472.9497,471.5112,470.2066,469.768,470.3169,471.5028,472.5078,473.4609,474.5179,475.9885,477.3803,474.2155,471.3248,468.7084,466.0757,463.5343,460.8017,458.2603,456.8653,456.5594,456.2581,455.9045,455.4875,453.8321,452.1211,450.3058,448.6523,447.653,446.6675,445.763,445.8766,446.8409,447.7207,448.7841,450.1703,450.5053,450.743,450.6633,450.4311,450.434,453.008,455.245,457.4009,460.0215,463.5069,467.3095,467.7869,467.4193,466.7625,466.4232,466.7414,466.9255,466.5643,465.9141,465.0468,463.622,461.6825,458.9215,456.6897,454.436,451.1814,447.825,454.5004,460.1886,464.0345,466.7959,467.4758,467.9414,468.441,468.8708,469.2873,469.6367,470.2838,471.1211,471.5308,471.8995,469.6992,464.555,459.2544,454.1677,449.0893,443.189,436.2791,432.7999,432.9131,433.0499,433.2069,431.4946,429.1375,427.1287,427.3722,429.3257,430.8528,432.4858,434.3982,436.4233,432.9039,427.8828,422.8071,418.4765,417.5938,417.3102,417.2754,417.0105,416.6278,416.1676,415.6457,415.1048,414.6649,417.7051,421.0697,425.3802,427.2742,426.7897,426.683,426.9709,427.5608,425.2236,419.725,416.4065,419.8054,422.3853,426.1204,429.3701,431.8772,434.4033,437.5273,440.8103,443.7876,446.7045,449.5767,451.7484,450.1931,448.875,447.625,446.375,445.125,443.875,442.4207,437.4843,428.9208,417.9337,409.0355,405.7054,403.5022,401.3789,399.3652,397.6438,395.8858,393.4878,390.0039,386.4373,383.2253,380.3997,377.539,375.0138,374.751,374.5496,374.3723,374.2046,374.9673,375.6793,376.3789,377.0351,377.4864,377.75,378.0272,378.3857,378.7624

Time pixel : 53.94431,53.98165,54.08293,54.26217,54.48783,54.67388,54.8125,54.93069,55.02516,55.10665,55.23165,55.40016,55.55569,55.6875,55.8125,55.9375,56.0625,56.19431,56.36346,56.59984,56.85602,57.0625,57.25536,57.46411,57.68132,57.98165,58.31868,58.58621,58.81931,59.0625,59.3125,59.56931,59.84984,60.14335,60.40016,60.63036,60.86964,61.08621,61.28197,61.47484,61.6875,61.90016,62.09303,62.27516,62.4375,62.59984,62.77516,62.93069,63.0625,63.1875,63.3125,63.4375,63.5625,63.6875,63.80569,63.90016,63.96803,64.03197,64.09984,64.19431,64.3125,64.44431,64.59984,64.77516,64.9375,65.09984,65.28197,65.47484,65.6875,65.89335,66.0625,66.22484,66.40016,66.55569,66.69431,66.84984,67.02516,67.18069,67.3125,67.4375,67.56931,67.72484,67.90016,68.05569,68.19431,68.34984,68.52516,68.68069,68.8125,68.9375,69.06931,69.22484,69.40016,69.55569,69.69431,69.85665,70.05569,70.23783,70.38036,70.5456,70.76217,71.03197,71.3125,71.59984,71.90016,72.18069,72.43069,72.65016,72.84303,73.02516,73.18069,73.3125,73.4375,73.57612,73.76898,74.03197,74.30569,74.55569,74.78197,75.01217,75.28879,75.58621,75.86283,76.08621,76.28197,76.47484,76.70112,76.96803,77.24464,77.50536,77.78197,78.0625,78.34303,78.61964,78.87355,79.11283,79.30569,79.48165,79.69431,79.9375,80.18069,80.40016,80.59984,80.8125,81.01835,81.18069,81.3125,81.44431,81.59984,81.78197,81.96803,82.16379,82.38036,82.61283,82.80569,82.97484,83.15016,83.30569,83.4375,83.57612,83.76217,83.98783,84.17388,84.3125,84.45793,84.68813,85.03197,85.37973,85.63654,85.8125,85.97484,86.15016,86.3125,86.48165,86.69431,86.9375,87.1875,87.43069,87.64335,87.80569,87.9375,88.0625,88.1875,88.3125,88.4375,88.56931,88.72484,88.90697,89.09984,89.32612,89.59984,89.91379,90.24855,90.5823,90.86674,91.11283,91.29888,91.44431,91.59984,91.78197,91.97484,92.20112,92.46803,92.73783,92.96803,93.1875,93.40016,93.59984,93.81931,94.0625,94.3125,94.55569,94.78197,95.00536,95.25145,95.51217,95.83293,96.22484,96.65016,97.05569,97.4375,97.81931,98.22484,98.66379,99.12355,99.57549,99.9544,100.2684,100.5115,100.6875,100.8566,101.0625,101.2752,101.468,101.657,101.843,102.0252,102.1807,102.3125,102.4375,102.5625,102.6875,102.8125,102.9579,103.1813,103.4946,103.7921,104.0184,104.1807,104.3125,104.4375,104.5625,104.6943,104.8635,105.1135,105.4375,105.7752,106.093,106.407,106.7248,107.0557,107.356,107.5862,107.7888,108.0054,108.2446,108.468,108.6875,108.8934,109.0557,109.1875,109.3057,109.3934,109.4307

Position pixel : 43.3498,43.4138,43.5122,43.657,43.8057,43.9375,44.0557,44.1502,44.218,44.282,44.3566,44.4816,44.6434,44.7684,44.8498,44.9443,45.0557,45.157,45.269,45.4375,45.5992,45.6875,45.769,45.907,46.0625,46.2316,46.4307,46.606,46.718,46.8193,46.9375,47.0557,47.1502,47.218,47.282,47.343,47.407,47.468,47.5252,47.5625,47.5998,47.6502,47.6807,47.6875,47.6943,47.7248,47.7752,47.8057,47.8125,47.8125,47.8125,47.8125,47.8125,47.8125,47.8057,47.7752,47.718,47.657,47.5998,47.5625,47.5252,47.4748,47.4443,47.4375,47.4375,47.4375,47.4375,47.4307,47.4002,47.3498,47.3193,47.3125,47.3125,47.3125,47.3125,47.3125,47.3125,47.3125,47.3125,47.3125,47.3125,47.3125,47.3125,47.3125,47.3125,47.3125,47.3193,47.3498,47.4002,47.4307,47.4375,47.4375,47.4443,47.4748,47.5252,47.5557,47.5693,47.5998,47.6502,47.6875,47.7248,47.7752,47.8125,47.8566,47.9375,48.0252,48.093,48.1502,48.1807,48.1875,48.1875,48.1875,48.1875,48.1875,48.1875,48.1875,48.1875,48.1875,48.1875,48.1875,48.1875,48.1875,48.1875,48.1875,48.1875,48.1875,48.1875,48.1875,48.1875,48.1875,48.1875,48.1875,48.1875,48.1875,48.1875,48.1875,48.1875,48.1875,48.1875,48.1807,48.1502,48.0998,48.0625,48.0252,47.968,47.907,47.8498,47.8125,47.7684,47.6875,47.5998,47.532,47.4748,47.4375,47.3934,47.3125,47.2316,47.1943,47.1875,47.1943,47.2248,47.282,47.343,47.407,47.4748,47.5693,47.6875,47.8125,47.9307,48.0252,48.093,48.1502,48.1875,48.2248,48.282,48.3498,48.4375,48.5252,48.5998,48.6875,48.7684,48.8125,48.8498,48.9002,48.9307,48.9375,48.9375,48.9375,48.9375,48.9375,48.9375,48.9375,48.9375,48.9375,48.9375,48.9375,48.9375,48.9375,48.9375,48.9375,48.9375,48.9375,48.9375,48.9375,48.9375,48.9375,48.9443,48.9816,49.0625,49.1502,49.2248,49.3125,49.4002,49.468,49.532,49.593,49.657,49.718,49.782,49.843,49.907,49.968,50.032,50.093,50.157,50.218,50.282,50.343,50.4002,50.4307,50.4375,50.4375,50.4375,50.4375,50.4375,50.4375,50.4375,50.4375,50.4375,50.4375,50.4375,50.4375,50.4443,50.4953,50.6508,50.907,51.1739,51.3865,51.5184,51.5998,51.6875,51.7752,51.843,51.9002,51.9307,51.9375,51.9375,51.9375,51.9375,51.9375,51.9375,51.9375,51.9375,51.9375,51.9375,51.9375,51.9375,51.9375,51.9375,51.9375,51.9375,51.9307,51.9002,51.8498

Brightness max : 
Brightness min : 
Feature direction : 
Feature speed : 
Feature type : Curve
Start frame : 5
End frame : 133
Start time (s) : 13.250
End time (s) : 192.540
Time step (s) : 1.401

Feature number : 8

Time (s) : 127.0497,127.5376,128.2928,128.9603,130.3363,130.5729,130.6945,130.7504,130.8169,130.9014,130.9922,131.1061,131.2402,131.3322,131.3554,131.3313,131.3033,131.2739,131.2524,131.2407,131.2613,131.2866,131.2886,131.2891,131.2891,131.2867,131.2688,131.2862,131.3609,131.4243,131.4835,131.5247

Position (um) : 5.2214,5.1419,5.0217,4.9025,4.6512,4.5688,4.5292,4.5163,4.5082,4.4998,4.4953,4.4945,4.4955,4.4971,4.4997,4.5048,4.512,4.5159,4.5128,4.4998,4.4783,4.4562,4.4415,4.4356,4.4358,4.4383,4.4385,4.4358,4.4322,4.4291,4.4292,4.4344

Intensity : 428.2828,428.668,429.1513,425.5457,439.1977,446.9353,450.9031,452.1642,452.7557,453.2901,453.2974,452.6037,451.5095,450.6027,450.0103,449.3435,448.4088,448.0139,448.6755,450.8223,454.0324,456.9985,459.0761,459.9102,459.8888,459.5317,459.5901,459.8897,460.0935,460.2872,460.0482,459.0817

Time pixel : 90.7043,91.0525,91.5917,92.0682,93.0506,93.2195,93.3063,93.3463,93.3937,93.454,93.5189,93.6002,93.6959,93.7616,93.7782,93.761,93.741,93.72,93.7046,93.6963,93.711,93.7291,93.7305,93.7308,93.7309,93.7292,93.7164,93.7288,93.7821,93.8274,93.8696,93.899

Position pixel : 48.9355,48.1898,47.0633,45.9466,43.5918,42.8192,42.4482,42.3272,42.2508,42.1729,42.13,42.1231,42.132,42.1467,42.1712,42.2197,42.2864,42.3231,42.2943,42.1725,41.9712,41.7643,41.6261,41.5708,41.5722,41.5965,41.5979,41.573,41.5391,41.5103,41.5105,41.5598

Brightness max : 636.40
Brightness min : 242.00
Feature direction : Antipoleward
Feature speed : Slow
Feature type : Curve
Start frame : 5
End frame : 133
Start time (s) : 13.250
End time (s) : 192.540
Time step (s) : 1.401

Feature number : 9

Time (s) : 145.6665,145.8939,146.2859,146.7066,147.0813,147.4688,147.8426,148.1501,148.3774,148.5621,148.7372,148.9123,149.0873,149.2815,149.5516,149.92,150.313,150.7154,151.1361,151.5195,151.8269,152.0638,152.2912,152.5559,152.8783,153.299,153.7624,154.2076,154.6474,155.0735,155.461,155.7834,156.1004,156.441,156.8333,157.4324,158.2389,159.0598,159.7288,160.3775,160.9798,161.4005,161.6946,161.9618,162.2311,162.5027,162.7769,163.0538,163.3338,163.6267,163.9561,164.3265,164.7059,165.0834,165.4271,165.7407,166.0476,166.3568,166.6773,167.0413,167.4662,167.8805,168.1983,168.4421,168.6991,168.9831,169.2689,169.5456,169.8119,170.0665,170.3083,170.5364,170.7499,170.9482,171.1484,171.406,171.6535,171.8911,172.1287,172.3905,172.6715,172.917,173.1222,173.3022,173.4436,173.553,173.6868,173.842,173.9721,174.0741,174.2236,174.4742,174.792,175.0574,175.2696,175.5097,175.8152,176.1257,176.3803,176.6066,176.8616,177.1586,177.4748,177.8417,178.278,178.7445,179.1419,179.4552,179.782,180.1532,180.4756,180.7607,181.0494,181.3039,181.5368,181.818,182.1546,182.4585,182.7122,182.9167,183.1372,183.453,183.7682

Position (um) : 1.9006,1.9006,1.9013,1.9053,1.9147,1.9265,1.9366,1.9439,1.9507,1.9572,1.9633,1.9673,1.9713,1.9766,1.9799,1.9806,1.9806,1.9806,1.9806,1.9806,1.9806,1.9806,1.9806,1.9806,1.9806,1.9806,1.9806,1.9806,1.9806,1.9806,1.9806,1.9806,1.9806,1.9806,1.9804,1.9783,1.9736,1.9669,1.9622,1.9593,1.9546,1.9478,1.943,1.9407,1.9392,1.9376,1.9359,1.9342,1.9325,1.9299,1.9248,1.9175,1.9123,1.9095,1.9074,1.9053,1.9031,1.9016,1.9033,1.9104,1.92,1.9278,1.9328,1.9368,1.938,1.9367,1.9349,1.9332,1.9317,1.9303,1.9292,1.9283,1.9277,1.9273,1.9273,1.9277,1.9284,1.9293,1.9303,1.9315,1.9328,1.9343,1.9359,1.937,1.9356,1.9323,1.9311,1.9318,1.9308,1.9278,1.9261,1.9245,1.9208,1.9167,1.9131,1.9115,1.9099,1.907,1.9061,1.907,1.9061,1.9023,1.898,1.8934,1.8891,1.8844,1.88,1.876,1.874,1.872,1.8686,1.8672,1.8683,1.87,1.8717,1.8734,1.8742,1.8725,1.8686,1.8667,1.8666,1.8646,1.8604

Intensity : 481.8553,484.5281,489.1038,493.9425,498.0735,494.5383,490.1859,486.9024,484.1343,480.9404,477.2585,474.1563,471.1287,467.6676,463.822,459.2975,454.2305,449.0405,443.6158,441.5299,441.1733,440.8984,440.6346,440.3276,442.8782,448.4906,454.6734,459.0727,459.7398,460.3863,460.9741,462.0765,463.1938,464.3945,465.7631,462.3767,457.2347,458.7417,460.7846,472.4409,483.4325,488.5034,491.5062,494.2669,497.0634,499.9492,503.4474,506.9946,510.5947,514.3973,517.5357,515.3694,512.4808,510.1728,508.2669,506.54,504.7446,503.0711,502.3537,500.0684,497.2225,492.2691,488.4461,485.7437,482.6888,479.2103,475.7273,472.6655,470.6738,468.7888,467.0134,465.3492,463.7963,462.8472,462.9648,463.0958,463.2082,463.2999,463.3743,462.8107,461.1775,459.7438,458.5353,457.4998,456.7784,456.308,455.6082,455.7535,455.9457,456.2102,456.4797,456.8941,457.562,458.0289,458.6235,459.2722,460.0694,460.8407,461.4609,462.1451,462.9869,463.8839,464.7995,465.8287,466.0333,466.2753,466.625,466.206,464.9438,463.4334,461.9805,461.7713,465.0242,467.9311,470.5902,473.7735,476.7215,476.0886,475.2877,474.6767,474.1801,473.2116,474.5023

Time pixel : 103.9953,104.1576,104.4375,104.7378,105.0054,105.282,105.5489,105.7684,105.9307,106.0625,106.1875,106.3125,106.4375,106.5761,106.769,107.032,107.3125,107.5998,107.9002,108.1739,108.3934,108.5625,108.7248,108.9138,109.144,109.4443,109.7752,110.093,110.407,110.7112,110.9878,111.218,111.4443,111.6875,111.9676,112.3953,112.971,113.5571,114.0347,114.4979,114.9278,115.2282,115.4381,115.6289,115.8212,116.0151,116.2108,116.4086,116.6085,116.8175,117.0527,117.3171,117.588,117.8575,118.1029,118.3268,118.5459,118.7667,118.9954,119.2553,119.5587,119.8544,120.0813,120.2554,120.4389,120.6416,120.8456,121.0432,121.2333,121.4151,121.5877,121.7505,121.903,122.0446,122.1875,122.3714,122.5481,122.7177,122.8874,123.0743,123.2749,123.4502,123.5967,123.7251,123.8261,123.9042,123.9997,124.1105,124.2034,124.2763,124.3829,124.5618,124.7888,124.9783,125.1297,125.3011,125.5193,125.7409,125.9227,126.0843,126.2663,126.4783,126.7041,126.966,127.2775,127.6105,127.8942,128.1179,128.3513,128.6162,128.8464,129.05,129.2561,129.4378,129.6041,129.8048,130.0451,130.262,130.4432,130.5892,130.7466,130.9721,131.1971

Position pixel : 17.8125,17.8125,17.8193,17.8566,17.9443,18.0557,18.1502,18.218,18.282,18.343,18.4002,18.4375,18.4748,18.5252,18.5557,18.5625,18.5625,18.5625,18.5625,18.5625,18.5625,18.5625,18.5625,18.5625,18.5625,18.5625,18.5625,18.5625,18.5625,18.5625,18.5625,18.5625,18.5625,18.5625,18.5604,18.5407,18.4972,18.4337,18.3899,18.3628,18.3187,18.2545,18.2099,18.1887,18.174,18.1589,18.1435,18.1276,18.1112,18.0875,18.0396,17.9713,17.9222,17.8963,17.8766,17.8565,17.8359,17.8218,17.838,17.9043,17.9944,18.0677,18.1148,18.1517,18.1628,18.1511,18.1338,18.1179,18.1037,18.0913,18.0809,18.0726,18.0666,18.063,18.0625,18.067,18.0732,18.0811,18.0906,18.1017,18.1144,18.1284,18.1438,18.1537,18.1409,18.1093,18.0985,18.1052,18.0958,18.0671,18.0517,18.0367,18.0022,17.9638,17.9294,17.9148,17.9001,17.8723,17.8641,17.8726,17.8639,17.8283,17.7884,17.7454,17.7048,17.661,17.6197,17.5819,17.5635,17.5447,17.5124,17.4994,17.5096,17.5261,17.5421,17.5575,17.5655,17.5492,17.5124,17.4949,17.4936,17.4747,17.4354

Brightness max : 523.71
Brightness min : 242.00
Feature direction : Ambiguous
Feature speed : Slow
Feature type : Curve
Start frame : 5
End frame : 133
Start time (s) : 13.250
End time (s) : 192.540
Time step (s) : 1.401

Feature number : 10

Time (s) : 86.24987,86.35446,86.5905,86.8693,87.09669,87.29085,87.5087,87.76382,88.02442,88.27954,88.49739,88.68202,88.8571,89.03219,89.20728,89.39191,89.60975,89.85533,90.09226,90.3624,90.67848,90.93908,91.13325,91.30833,91.48342,91.65851,91.8336,92.00869,92.2124,92.52529,92.95462,93.37617,93.93183,94.90603,96.05214,96.81574,97.19949,97.43641,97.6638,97.90938,98.12722,98.32139,98.53924,98.78482,99.0122,99.25867,99.60884,100.0532,100.4739,100.8154,101.1751,101.5671,101.865,102.0315,102.1733,102.3675,102.6995,103.2429,103.9242,104.6387,105.2717,105.7415,106.148,106.5219,106.8293,107.0662,107.2841,107.4869,107.6343,107.7857,107.994,108.2396,108.4574,108.642,108.8171,108.9827,109.115,109.2291,109.4042,109.6403,109.8581,110.0332,110.1655,110.2701,110.4025,110.568,110.7336,110.8563

Position (um) : 3.3191,3.3292,3.345,3.363,3.3763,3.3843,3.3911,3.3977,3.4037,3.407,3.4077,3.4077,3.4077,3.4077,3.4077,3.4077,3.4085,3.4117,3.4178,3.4251,3.4344,3.443,3.447,3.4477,3.4477,3.4477,3.4477,3.4477,3.4492,3.4557,3.4672,3.4784,3.4939,3.5184,3.545,3.5616,3.5671,3.5678,3.5678,3.5678,3.5678,3.5678,3.5678,3.5678,3.5678,3.5678,3.5678,3.5678,3.5678,3.5678,3.5678,3.5663,3.5598,3.5491,3.5426,3.5404,3.5357,3.5231,3.5051,3.4885,3.4751,3.4658,3.4611,3.4571,3.4517,3.4477,3.443,3.4344,3.4243,3.4124,3.3937,3.3717,3.3519,3.3357,3.3252,3.3176,3.3097,3.297,3.2823,3.2711,3.261,3.2517,3.2437,3.2336,3.2217,3.2124,3.2084,3.2077

Intensity : 399.4463,401.1889,404.4181,407.619,408.4619,408.9995,409.4882,409.9752,410.428,410.7158,410.7048,410.6719,410.6406,410.6094,410.5781,410.5452,410.5601,411.2303,411.7532,411.9935,412.4052,412.8644,412.9285,412.6055,412.3008,411.9961,411.6914,411.3867,411.0481,412.0352,419.151,426.2011,433.6915,428.1206,422.517,419.0785,416.003,414.2773,412.6438,410.8796,409.9551,410.1543,410.3779,410.6299,410.8633,411.1162,412.0996,414.3004,416.3839,418.0754,421.7681,426.1502,430.1424,433.3806,435.9926,438.3608,442.169,449.5578,451.9429,445.0208,439.7693,437.9036,436.3843,434.4601,430.6722,427.7109,425.0426,422.8326,421.4591,419.8998,418.2975,418.1152,418.4967,419.2214,420.1417,421.1431,422.126,422.343,418.9971,414.3434,410.3952,407.4693,405.436,404.0441,402.4727,400.5584,399.9105,400.4672

Time pixel : 61.5761,61.6508,61.8193,62.0184,62.1807,62.3193,62.4748,62.657,62.843,63.0252,63.1807,63.3125,63.4375,63.5625,63.6875,63.8193,63.9748,64.1502,64.3193,64.5122,64.7378,64.9239,65.0625,65.1875,65.3125,65.4375,65.5625,65.6875,65.8329,66.0563,66.3628,66.6638,67.0605,67.756,68.5742,69.1194,69.3934,69.5625,69.7248,69.9002,70.0557,70.1943,70.3498,70.5252,70.6875,70.8635,71.1135,71.4307,71.731,71.9748,72.2316,72.5115,72.7242,72.843,72.9443,73.0829,73.3199,73.7079,74.1943,74.7044,75.1563,75.4917,75.782,76.0489,76.2684,76.4375,76.593,76.7378,76.843,76.9511,77.0998,77.2752,77.4307,77.5625,77.6875,77.8057,77.9002,77.9816,78.1066,78.2752,78.4307,78.5557,78.6502,78.7248,78.8193,78.9375,79.0557,79.1434

Position pixel : 31.1066,31.2011,31.3498,31.5184,31.6434,31.718,31.782,31.843,31.9002,31.9307,31.9375,31.9375,31.9375,31.9375,31.9375,31.9375,31.9443,31.9748,32.032,32.0998,32.1875,32.2684,32.3057,32.3125,32.3125,32.3125,32.3125,32.3125,32.3261,32.3872,32.4946,32.5998,32.7453,32.9748,33.2242,33.3797,33.4307,33.4375,33.4375,33.4375,33.4375,33.4375,33.4375,33.4375,33.4375,33.4375,33.4375,33.4375,33.4375,33.4375,33.4375,33.4239,33.3628,33.2622,33.2011,33.1807,33.1365,33.0184,32.8498,32.6943,32.5693,32.4816,32.4375,32.4002,32.3498,32.3125,32.2684,32.1875,32.093,31.981,31.8057,31.5998,31.4138,31.2622,31.1638,31.093,31.0184,30.9002,30.7622,30.657,30.5625,30.4748,30.4002,30.3057,30.1943,30.1066,30.0693,30.0625

Brightness max : 523.71
Brightness min : 242.00
Feature direction : Ambiguous
Feature speed : Slow
Feature type : Curve
Start frame : 5
End frame : 133
Start time (s) : 13.250
End time (s) : 192.540
Time step (s) : 1.401

Feature number : 11

Time (s) : 89.10357,89.29774,89.70975,90.3624,91.08961,91.66311,92.07918,92.41116,92.77088,93.17246,93.5131,93.75003,93.93465,94.10974,94.28483,94.45038,94.58271,94.6873,94.81963,94.98518,95.16027,95.33536,95.52952,95.80921,96.22988,96.72652,97.18995,97.54012,97.77705,97.96167,98.13676,98.32139,98.53924,98.78482,99.0122,99.23959,99.48517,99.69347,99.84488,99.99224,100.1951,100.4034,100.588,100.7822,101.0523,101.4111,101.7422,101.9887,102.2161,102.4617,102.67,102.8118,102.9164,103.0488,103.2143,103.3894,103.5645,103.7396,103.9147,104.0898,104.2648,104.4399,104.615,104.7806,104.9129,105.0175,105.1498,105.3154,105.5,105.7083,105.9111,106.068,106.2431,106.4364,106.6124,106.9016,107.3737,107.8512,108.1682,108.3346,108.4669,108.5897,108.6943,108.8267,108.9922,109.1578,109.2901,109.3947,109.5194,109.6506,109.7911,109.9218,110.019,110.0786,110.1325,110.1914,110.2873,110.416,110.5442,110.6386,110.6952,110.7457,110.7915,110.8406,110.8848,110.9227,110.9224,110.8975,110.8952,110.9292,110.977,111.0515,111.1249,111.179,111.2597,111.3726,111.5036,111.6765,111.9095,112.1418,112.3127,112.4404,112.568,112.7576,113.0748,113.4576,113.7581,113.9783,114.1531,114.3297,114.5266,114.6982,114.8393,114.974,115.112,115.2632,115.4515,115.6811,115.9206,116.1687,116.4078,116.6034,116.6961

Position (um) : 2.1273,2.1273,2.1273,2.1273,2.1273,2.1273,2.1273,2.1273,2.1273,2.1281,2.1313,2.1367,2.1399,2.1407,2.1407,2.1414,2.1447,2.15,2.1533,2.154,2.154,2.154,2.154,2.154,2.154,2.154,2.154,2.154,2.154,2.1547,2.158,2.1634,2.1673,2.1713,2.1774,2.1839,2.19,2.194,2.198,2.2041,2.2106,2.2167,2.22,2.2214,2.2254,2.2348,2.2474,2.2607,2.274,2.2867,2.2967,2.304,2.3108,2.318,2.3274,2.3367,2.3447,2.3541,2.3641,2.3746,2.3868,2.3973,2.4074,2.4168,2.424,2.4301,2.4334,2.4341,2.4334,2.4294,2.42,2.4074,2.3941,2.3807,2.3652,2.3399,2.2993,2.2535,2.2175,2.1955,2.1807,2.1666,2.1507,2.1353,2.1248,2.1173,2.1107,2.1046,2.1012,2.0996,2.0987,2.0985,2.1016,2.11,2.1217,2.1341,2.1458,2.1549,2.162,2.1711,2.1827,2.1943,2.2033,2.2146,2.2432,2.2869,2.3187,2.3345,2.3435,2.3503,2.3591,2.3705,2.3818,2.3906,2.398,2.4092,2.4226,2.4331,2.445,2.4583,2.4681,2.4767,2.4853,2.498,2.525,2.5616,2.5906,2.6101,2.6221,2.6294,2.6375,2.645,2.6486,2.6515,2.6559,2.6583,2.6583,2.6569,2.6531,2.6466,2.639,2.6295,2.6208

Intensity : 448.7482,452.3351,458.9378,460.8307,462.9829,465.2092,466.8244,468.1132,466.2955,463.9828,462.4716,461.393,460.4888,460.0977,459.7461,459.3816,458.9828,458.5697,458.2093,457.8945,457.5898,457.2422,456.809,456.185,455.2465,454.3786,454.7715,455.0684,455.2693,455.3709,455.0216,454.2888,453.6473,453.0193,452.3932,451.8452,451.2974,450.4214,449.7343,448.9717,447.9541,446.8965,446.0237,445.179,444.675,444.478,444.7446,445.4336,446.4666,446.5758,446.6174,446.7507,446.9956,447.2716,447.7305,448.2827,448.8187,449.2969,449.8198,450.2433,450.5406,450.7594,450.8906,450.9331,450.9155,450.8516,450.0572,448.8047,447.46,446.0295,444.7576,443.8674,442.7956,441.5135,440.8524,440.0467,439.5138,442.1505,443.5819,443.6574,443.6953,443.6771,443.545,443.4177,442.903,442.5838,442.2622,441.7786,441.4529,441.2549,441.1044,441.0252,441.3363,442.3233,443.7569,445.3457,446.2144,447.0604,447.8325,448.7333,449.1812,449.4618,449.6121,449.8993,451.4387,452.1253,452.9363,453.4832,453.7087,453.6209,453.3754,453.0776,452.8739,452.7848,452.6682,452.6307,452.7653,452.9758,453.4569,454.0229,454.1272,454.2658,454.4337,454.7339,455.5686,457.0153,460.6587,463.2446,465.2405,467.2116,469.3885,471.2685,472.8015,473.9549,475.0125,476.1438,477.6048,479.4621,481.6118,484.1938,486.0792,487.6674,488.957

Time pixel : 63.6135,63.7521,64.0462,64.5122,65.0313,65.4408,65.7378,65.9748,66.2316,66.5184,66.7615,66.9307,67.0625,67.1875,67.3125,67.4307,67.5252,67.5998,67.6943,67.8125,67.9375,68.0625,68.2011,68.4008,68.7011,69.0557,69.3865,69.6365,69.8057,69.9375,70.0625,70.1943,70.3498,70.5252,70.6875,70.8498,71.0252,71.1739,71.282,71.3872,71.532,71.6807,71.8125,71.9511,72.144,72.4002,72.6365,72.8125,72.9748,73.1502,73.2989,73.4002,73.4748,73.5693,73.6875,73.8125,73.9375,74.0625,74.1875,74.3125,74.4375,74.5625,74.6875,74.8057,74.9002,74.9748,75.0693,75.1875,75.3193,75.468,75.6128,75.7248,75.8498,75.9878,76.1135,76.3199,76.657,76.9979,77.2242,77.343,77.4375,77.5252,77.5998,77.6943,77.8125,77.9307,78.0252,78.0998,78.1889,78.2825,78.3828,78.4762,78.5456,78.5881,78.6266,78.6687,78.7371,78.829,78.9205,78.9879,79.0283,79.0644,79.0971,79.1321,79.1637,79.1907,79.1905,79.1727,79.1711,79.1953,79.2295,79.2827,79.3351,79.3737,79.4314,79.512,79.6055,79.7289,79.8952,80.0611,80.1831,80.2743,80.3654,80.5007,80.7272,81.0005,81.215,81.3722,81.497,81.6231,81.7637,81.8862,81.9869,82.0831,82.1816,82.2895,82.4239,82.5879,82.7589,82.936,83.1067,83.2464,83.3125

Position pixel : 19.9375,19.9375,19.9375,19.9375,19.9375,19.9375,19.9375,19.9375,19.9375,19.9443,19.9748,20.0252,20.0557,20.0625,20.0625,20.0693,20.0998,20.1502,20.1807,20.1875,20.1875,20.1875,20.1875,20.1875,20.1875,20.1875,20.1875,20.1875,20.1875,20.1943,20.2248,20.2752,20.3125,20.3498,20.407,20.468,20.5252,20.5625,20.5998,20.657,20.718,20.7752,20.8057,20.8193,20.8566,20.9443,21.0625,21.1875,21.3125,21.4307,21.5252,21.593,21.657,21.7248,21.8125,21.9002,21.9748,22.0625,22.157,22.2554,22.3696,22.468,22.5625,22.6502,22.718,22.7752,22.8057,22.8125,22.8057,22.7684,22.6807,22.5625,22.4375,22.3125,22.1671,21.9301,21.5489,21.1203,20.7826,20.5761,20.4375,20.3057,20.157,20.0122,19.9138,19.843,19.782,19.7248,19.6925,19.6774,19.669,19.6675,19.6963,19.7754,19.885,20.0013,20.1107,20.1963,20.262,20.3473,20.4562,20.565,20.6499,20.7557,21.0233,21.4333,21.7311,21.8796,21.9632,22.0267,22.1098,22.2164,22.3227,22.405,22.474,22.5795,22.7046,22.8034,22.9151,23.0396,23.1311,23.2119,23.2926,23.4113,23.6646,24.0079,24.279,24.4618,24.5741,24.6434,24.7193,24.789,24.8227,24.8502,24.8916,24.9141,24.9138,24.9008,24.8652,24.8041,24.7333,24.6439,24.5625

Brightness max : 453.77
Brightness min : 242.00
Feature direction : Ambiguous
Feature speed : Slow
Feature type : Curve
Start frame : 5
End frame : 133
Start time (s) : 13.250
End time (s) : 192.540
Time step (s) : 1.401

Feature number : 12

Time (s) : 117.4678,117.6334,117.8789,118.13,118.3328,118.4374,118.5088,118.6316,118.7971,118.9722,119.1568,119.3747,119.6298,119.8904,120.1455,120.3729,120.6099,120.8982,121.1865,121.4139,121.5985,121.7736,121.9487,122.1238,122.2894,122.4217,122.5263,122.6586,122.8528,123.1752,123.6568,124.163,124.6178,125.0385,125.3886,125.6683,125.9234,126.1413,126.3259,126.501,126.6761,126.8512,127.0263,127.2014,127.3669,127.4897

Position (um) : 2.6579,2.6442,2.618,2.5923,2.5715,2.5556,2.5455,2.5415,2.5408,2.5401,2.5368,2.5314,2.5282,2.5275,2.5267,2.5235,2.5181,2.5141,2.5094,2.5008,2.4914,2.4835,2.4727,2.4575,2.4421,2.4308,2.42,2.4081,2.3973,2.3861,2.3707,2.3548,2.3415,2.3321,2.3281,2.3274,2.3274,2.3274,2.3274,2.3274,2.3274,2.3274,2.3274,2.3274,2.3274,2.3274

Intensity : 486.1668,488.6524,488.9994,488.1572,487.1225,486.9513,486.5697,484.6471,481.5938,478.3732,476.316,475.1543,473.3959,471.2587,469.1684,467.6477,466.557,464.9805,463.367,462.43,461.717,460.8285,460.6062,461.2197,461.4904,461.6281,461.8367,462.0745,462.2253,462.2926,459.6344,457.3282,455.5431,452.8418,450.3889,448.3085,446.3733,445.678,446.543,447.3633,448.1836,449.0039,449.8242,450.6445,451.4201,451.8222

Time pixel : 83.8635,83.9816,84.157,84.3362,84.481,84.5557,84.6066,84.6943,84.8125,84.9375,85.0693,85.2248,85.407,85.593,85.7752,85.9375,86.1066,86.3125,86.5184,86.6807,86.8125,86.9375,87.0625,87.1875,87.3057,87.4002,87.4748,87.5693,87.7079,87.9381,88.282,88.6434,88.968,89.2684,89.5184,89.718,89.9002,90.0557,90.1875,90.3125,90.4375,90.5625,90.6875,90.8125,90.9307,91.0184

Position pixel : 24.9103,24.7813,24.5359,24.2956,24.0998,23.9511,23.8566,23.8193,23.8125,23.8057,23.7752,23.7248,23.6943,23.6875,23.6807,23.6502,23.5998,23.5625,23.5184,23.4375,23.3498,23.2752,23.1739,23.032,22.8872,22.782,22.6807,22.5693,22.468,22.3628,22.218,22.0693,21.9443,21.8566,21.8193,21.8125,21.8125,21.8125,21.8125,21.8125,21.8125,21.8125,21.8125,21.8125,21.8125,21.8125

Brightness max : 453.77
Brightness min : 242.00
Feature direction : Ambiguous
Feature speed : Slow
Feature type : Curve
Start frame : 5
End frame : 133
Start time (s) : 13.250
End time (s) : 192.540
Time step (s) : 1.401

Feature number : 13

Time (s) : 134.8015,134.9671,135.2222,135.5542,136.008,136.4801,136.8121,137.0586,137.3042,137.522,137.7066,137.8817,138.0568,138.2319,138.407,138.5821,138.7572,138.9322,139.1073,139.2824,139.4575,139.6326,139.8172,140.0351,140.2806,140.4985,140.6927,140.9296,141.2607,141.6195,141.8897,142.0838,142.2589,142.4435,142.6614,142.907,143.1248,143.319,143.5464,143.8347,144.123,144.36,144.5874,144.852,145.1649,145.5333,145.8739,146.1727,146.5229,146.9244,147.2651,147.5115,147.7485,148.0368,148.3251,148.543,148.6849,148.7799,148.8695,148.9645,149.0873,149.2006

Position (um) : 2.955,2.9582,2.9636,2.9676,2.9716,2.9769,2.9809,2.9849,2.9903,2.9935,2.9943,2.9943,2.9943,2.9943,2.9943,2.9943,2.9943,2.9935,2.9903,2.9842,2.9777,2.9709,2.9643,2.9575,2.951,2.9449,2.9409,2.9362,2.9276,2.919,2.915,2.9142,2.9142,2.9142,2.9142,2.9142,2.9142,2.9142,2.9142,2.9142,2.9142,2.915,2.9182,2.9236,2.9276,2.9323,2.9409,2.9503,2.959,2.9716,2.9863,2.9983,3.013,3.035,3.0602,3.0829,3.0995,3.1103,3.1183,3.1276,3.1363,3.1403

Intensity : 473.3751,471.613,468.9409,465.8015,462.4117,460.5898,459.4268,458.6233,457.4515,456.7303,456.5313,456.4688,456.4063,456.3438,456.2813,456.2188,456.793,458.0988,459.7586,461.2791,462.3459,463.4041,464.539,465.9024,466.1813,466.3501,466.6039,467.0099,467.8089,467.3242,465.2568,463.6914,462.2461,460.722,458.9238,456.8509,454.7708,452.9167,450.7455,447.9922,445.2389,445.0894,448.3848,452.3028,457.1942,463.167,464.5496,463.401,462.3032,461.7688,461.4769,458.8642,456.0111,452.6261,449.5468,446.3814,441.9727,437.7704,434.4794,430.9253,427.2858,424.8841

Time pixel : 96.23846,96.35665,96.53879,96.77579,97.09984,97.43687,97.67388,97.84984,98.02516,98.18069,98.3125,98.4375,98.5625,98.6875,98.8125,98.9375,99.0625,99.1875,99.3125,99.4375,99.5625,99.6875,99.81931,99.97484,100.1502,100.3057,100.4443,100.6135,100.8498,101.106,101.2989,101.4375,101.5625,101.6943,101.8498,102.0252,102.1807,102.3193,102.4816,102.6875,102.8934,103.0625,103.2248,103.4138,103.6372,103.9002,104.1434,104.3566,104.6066,104.8934,105.1365,105.3125,105.4816,105.6875,105.8934,106.0489,106.1502,106.218,106.282,106.3498,106.4375,106.5184

Position pixel : 27.6943,27.7248,27.7752,27.8125,27.8498,27.9002,27.9375,27.9748,28.0252,28.0557,28.0625,28.0625,28.0625,28.0625,28.0625,28.0625,28.0625,28.0557,28.0252,27.968,27.907,27.843,27.782,27.718,27.657,27.5998,27.5625,27.5184,27.4375,27.3566,27.3193,27.3125,27.3125,27.3125,27.3125,27.3125,27.3125,27.3125,27.3125,27.3125,27.3125,27.3193,27.3498,27.4002,27.4375,27.4816,27.5625,27.6502,27.7316,27.8498,27.9878,28.0998,28.2385,28.4443,28.6807,28.8934,29.0489,29.1502,29.2248,29.3125,29.3934,29.4307

Brightness max : 453.77
Brightness min : 242.00
Feature direction : Ambiguous
Feature speed : Slow
Feature type : Curve
Start frame : 5
End frame : 133
Start time (s) : 13.250
End time (s) : 192.540
Time step (s) : 1.401

Feature number : 14

Time (s) : 177.3479,177.542,177.9254,178.4403,178.8942,179.1834,179.3775,179.5622,179.78,180.0351,180.2862,180.5081,180.6887,180.8583,180.9961,181.138,181.3035,181.4786,181.6537,181.8288,182.0039,182.179,182.354,182.5387,182.7661,183.0544,183.3427,183.5797,183.7975,184.0099,184.2,184.4123,184.6206,184.8053,184.9804,185.1554,185.3305,185.5056,185.6807,185.8558,186.0213,186.1441

Position (um) : 4.9949,4.9949,4.9949,4.9949,4.9942,4.9909,4.9855,4.9816,4.9776,4.9715,4.9642,4.9549,4.9455,4.9383,4.9322,4.9289,4.9275,4.9242,4.9181,4.9116,4.9055,4.9015,4.8968,4.8875,4.8749,4.8622,4.8522,4.8442,4.8341,4.8215,4.8082,4.7956,4.7862,4.7822,4.7815,4.7815,4.7815,4.7815,4.7815,4.7815,4.7815,4.7815

Intensity : 361.7429,363.9868,368.1386,370.1143,371.9747,373.6322,375.3233,376.8273,378.5531,380.9689,383.7559,387.0278,390.2417,391.0641,391.8258,391.9161,391.4625,391.4486,392.2296,393.1957,393.5905,393.6523,394.2873,395.5024,397.3478,399.6364,401.9039,402.9723,403.0315,403.6964,404.7992,404.3146,402.5551,401.3594,400.3711,399.3633,398.3555,397.3477,396.3398,395.332,394.3791,393.6723

Time pixel : 126.6135,126.7521,127.0258,127.3934,127.7174,127.9239,128.0625,128.1943,128.3498,128.532,128.7112,128.8696,128.9986,129.1196,129.218,129.3193,129.4375,129.5625,129.6875,129.8125,129.9375,130.0625,130.1875,130.3193,130.4816,130.6875,130.8934,131.0625,131.218,131.3696,131.5054,131.657,131.8057,131.9375,132.0625,132.1875,132.3125,132.4375,132.5625,132.6875,132.8057,132.8934

Position pixel : 46.8125,46.8125,46.8125,46.8125,46.8057,46.7752,46.7248,46.6875,46.6502,46.593,46.5252,46.4375,46.3498,46.282,46.2248,46.1943,46.1807,46.1502,46.093,46.032,45.9748,45.9375,45.8934,45.8057,45.6875,45.5693,45.4748,45.4002,45.3057,45.1875,45.0625,44.9443,44.8566,44.8193,44.8125,44.8125,44.8125,44.8125,44.8125,44.8125,44.8125,44.8125

Brightness max : 438.23
Brightness min : 242.00
Feature direction : Ambiguous
Feature speed : Slow
Feature type : Curve
Start frame : 5
End frame : 133
Start time (s) : 13.250
End time (s) : 192.540
Time step (s) : 1.401

Feature number : 15

Time (s) : 168.1482,168.206,168.3938,168.6076,168.8391,169.0997,169.4166,169.7905,170.1684,170.4813,170.7459,170.9638,171.1484,171.3235,171.489,171.6214,171.726,171.8583,172.0143,172.1466,172.2417,172.3217,172.374,172.4359,172.5587,172.7242,172.8898,173.0221,173.1171,173.2067,173.2922,173.3818,173.4769,173.5996,173.7224,173.827,173.9498,174.0726,174.1677,174.2477,174.3,174.3523,174.4419,174.5701,174.7302,174.8585,174.9576,175.0526,175.185,175.3505,175.5161,175.6389

Position (um) : 2.9402,2.9362,2.9269,2.915,2.9049,2.8969,2.8868,2.8742,2.8616,2.8515,2.8436,2.8342,2.8249,2.8176,2.8108,2.8036,2.7935,2.7801,2.7635,2.7448,2.7282,2.7142,2.7016,2.6908,2.6795,2.6641,2.6482,2.6342,2.6208,2.6075,2.5934,2.5768,2.5581,2.5408,2.5227,2.5001,2.4741,2.4489,2.4295,2.4175,2.4074,2.3981,2.3901,2.38,2.3674,2.3541,2.3415,2.3314,2.3234,2.3133,2.3014,2.2921

Intensity : 420.6257,421.4924,423.741,426.2323,428.3942,430.2838,432.3467,430.2978,427.5688,425.5116,423.8708,423.2977,423.5146,423.5218,423.5259,423.7467,424.4522,425.4159,426.3226,427.5334,428.865,429.9689,430.9224,431.605,431.8816,431.881,430.8765,430.2722,430.0109,429.8921,429.9209,430.1324,430.4945,430.7617,431.3349,431.9347,432.6523,433.5386,434.6606,435.2692,435.8047,436.2781,436.536,436.7881,437.056,437.4235,437.8044,438.0306,438.557,439.4784,440.5012,441.2902

Time pixel : 120.0456,120.0868,120.2209,120.3736,120.5388,120.7248,120.9511,121.218,121.4878,121.7112,121.9002,122.0557,122.1875,122.3125,122.4307,122.5252,122.5998,122.6943,122.8057,122.9002,122.968,123.0252,123.0625,123.1066,123.1943,123.3125,123.4307,123.5252,123.593,123.657,123.718,123.782,123.8498,123.9375,124.0252,124.0998,124.1875,124.2752,124.343,124.4002,124.4375,124.4748,124.5388,124.6304,124.7446,124.8362,124.907,124.9748,125.0693,125.1875,125.3057,125.3934

Position pixel : 27.5557,27.5184,27.4307,27.3193,27.2248,27.1502,27.0557,26.9375,26.8193,26.7248,26.6502,26.5625,26.4748,26.407,26.343,26.2752,26.1807,26.0557,25.9002,25.7248,25.5693,25.4375,25.3193,25.218,25.1128,24.968,24.8193,24.6875,24.5625,24.4375,24.3057,24.1502,23.9748,23.8125,23.6434,23.4307,23.1875,22.9511,22.769,22.657,22.5625,22.4748,22.4002,22.3057,22.1875,22.0625,21.9443,21.8498,21.7752,21.6807,21.5693,21.4816

Brightness max : 438.23
Brightness min : 242.00
Feature direction : Poleward
Feature speed : Slow
Feature type : Curve
Start frame : 5
End frame : 133
Start time (s) : 13.250
End time (s) : 192.540
Time step (s) : 1.401

Feature number : 16

Time (s) : 176.5761,176.5857,176.6475,176.8226,177.1014,177.3897,177.6171,177.8018,177.9673,178.0996,178.2042,178.327,178.4498,178.5544,178.6867,178.8523,179.0178,179.1502,179.2548,179.3871,179.5526,179.7277,179.9028,180.0779,180.253,180.4281,180.6032,180.7782,180.9533,181.1284,181.3035,181.4786,181.6537,181.8383,182.0752,182.4159,182.8175,183.1581,183.395,183.5987,183.8593,184.1754,184.436,184.6302,184.7957,184.9281,185.0327,185.165,185.3305,185.5056,185.6807,185.8463,185.9786,186.0736,186.1537

Position (um) : 2.5862,2.5981,2.6136,2.6295,2.6522,2.6788,2.6987,2.7102,2.7182,2.7275,2.7369,2.7448,2.7542,2.7635,2.7708,2.7769,2.7809,2.7849,2.7902,2.7935,2.7942,2.7942,2.7949,2.7982,2.8036,2.8075,2.8115,2.8176,2.8241,2.831,2.8375,2.8443,2.8515,2.8609,2.8702,2.8775,2.8836,2.8868,2.8876,2.8876,2.8876,2.8883,2.8923,2.9016,2.9142,2.9276,2.9409,2.9535,2.9629,2.9676,2.9716,2.9777,2.9842,2.9903,2.9935

Intensity : 435.1611,435.2944,435.7284,437.065,440.1842,443.9239,446.288,448.4001,450.0289,451.0829,451.9661,452.9904,454.0642,455.0286,456.194,457.108,457.7115,458.0348,457.8814,456.1606,453.6523,451.1289,448.5208,445.6877,442.797,440.1836,437.7102,436.2609,435.8287,435.4333,435.0937,434.7932,434.5331,434.2891,434.1033,436.0427,438.6931,440.997,442.6002,444.8486,448.7556,453.5216,457.578,460.8397,463.7945,466.1353,467.8162,469.8399,472.1687,474.4414,476.7084,479.0096,480.9755,481.7976,482.1054

Time pixel : 126.0625,126.0693,126.1135,126.2385,126.4375,126.6434,126.8057,126.9375,127.0557,127.1502,127.2248,127.3125,127.4002,127.4748,127.5693,127.6875,127.8057,127.9002,127.9748,128.0693,128.1875,128.3125,128.4375,128.5625,128.6875,128.8125,128.9375,129.0625,129.1875,129.3125,129.4375,129.5625,129.6875,129.8193,129.9885,130.2316,130.5184,130.7615,130.9307,131.0761,131.2622,131.4878,131.6739,131.8125,131.9307,132.0252,132.0998,132.1943,132.3125,132.4375,132.5625,132.6807,132.7752,132.843,132.9002

Position pixel : 24.2385,24.3498,24.4946,24.644,24.8566,25.106,25.2921,25.4002,25.4748,25.5625,25.6502,25.7248,25.8125,25.9002,25.968,26.0252,26.0625,26.0998,26.1502,26.1807,26.1875,26.1875,26.1943,26.2248,26.2752,26.3125,26.3498,26.407,26.468,26.532,26.593,26.657,26.7248,26.8125,26.9002,26.968,27.0252,27.0557,27.0625,27.0625,27.0625,27.0693,27.1066,27.1943,27.3125,27.4375,27.5625,27.6807,27.7684,27.8125,27.8498,27.907,27.968,28.0252,28.0557

Brightness max : 438.23
Brightness min : 242.00
Feature direction : Poleward
Feature speed : Slow
Feature type : Curve
Start frame : 5
End frame : 133
Start time (s) : 13.250
End time (s) : 192.540
Time step (s) : 1.401

Feature number : 17

Time (s) : 153.0393,153.3617,153.9661,154.652,155.205,155.537,155.7407,155.9253,156.1432,156.3887,156.6066,156.7912,156.9663,157.1414,157.3069,157.4488,157.5962,157.799,158.0073,158.1919,158.367,158.5421,158.7172,158.9018,159.1196,159.3748,159.6354,159.8905,160.1179,160.3548,160.6527,160.9838,161.3007,161.6423,162.1057,162.6205,163.023,163.3218,163.6196,163.908,164.1449,164.3723,164.6274,164.888,165.1431,165.3705,165.5979,165.8435,166.0518,166.1841

Position (um) : 3.0083,3.0123,3.0209,3.0296,3.0336,3.0343,3.0343,3.0343,3.0336,3.0303,3.0249,3.0209,3.017,3.0116,3.0076,3.0036,2.9983,2.9943,2.9903,2.9849,2.9817,2.9802,2.9769,2.9716,2.9683,2.9669,2.9636,2.9582,2.955,2.9543,2.9543,2.9543,2.9543,2.9543,2.9543,2.9543,2.9543,2.9543,2.9543,2.9543,2.9543,2.9543,2.9543,2.9535,2.9503,2.9449,2.9409,2.9369,2.9316,2.9283

Intensity : 413.1502,413.434,414.1715,415.4168,416.8009,417.0241,415.3789,413.8878,412.0836,409.9192,407.8962,406.2461,404.8695,403.6431,402.5684,401.6575,400.7094,399.5494,398.4049,397.3526,396.4545,395.6541,394.7943,393.8169,392.7505,391.5733,390.2997,392.1931,394.5603,397.1252,400.3816,404.0012,405.1017,405.1627,405.2454,405.4675,405.9165,406.2497,406.582,406.6961,405.0469,403.4641,401.6882,399.9347,398.4569,398.6516,400.6796,402.7903,404.6852,405.8471

Time pixel : 109.2589,109.4891,109.9206,110.4103,110.8051,111.0421,111.1875,111.3193,111.4748,111.6502,111.8057,111.9375,112.0625,112.1875,112.3057,112.407,112.5122,112.657,112.8057,112.9375,113.0625,113.1875,113.3125,113.4443,113.5998,113.782,113.968,114.1502,114.3125,114.4816,114.6943,114.9307,115.157,115.4008,115.7316,116.0992,116.3865,116.5998,116.8125,117.0184,117.1875,117.3498,117.532,117.718,117.9002,118.0625,118.2248,118.4002,118.5489,118.6434

Position pixel : 28.1943,28.2316,28.3125,28.3934,28.4307,28.4375,28.4375,28.4375,28.4307,28.4002,28.3498,28.3125,28.2752,28.2248,28.1875,28.1502,28.0998,28.0625,28.0252,27.9748,27.9443,27.9307,27.9002,27.8498,27.8193,27.8057,27.7752,27.7248,27.6943,27.6875,27.6875,27.6875,27.6875,27.6875,27.6875,27.6875,27.6875,27.6875,27.6875,27.6875,27.6875,27.6875,27.6875,27.6807,27.6502,27.5998,27.5625,27.5252,27.4748,27.4443

Brightness max : 480.97
Brightness min : 242.00
Feature direction : Ambiguous
Feature speed : Slow
Feature type : Curve
Start frame : 5
End frame : 133
Start time (s) : 13.250
End time (s) : 192.540
Time step (s) : 1.401

