KYMOANALYSIS DATA

General Information :

Tiff path : E:\Google Drive\microtubule dynamics and cut7\19-15 screens and tests\cut7-446\19-11-08 (Cut7-446-GFP and mts at 37 deg)\
Spindle type : Monopolar
Start frame : 1
End frame : 33
Start time (s) : 0.000
End time (s) : 33.000
Time step (s) : 1.031
Num poles : 1
Num tracks : 1
Num tracks poleward : 0
Num tracks antipoleward : 0
Num tracks ambiguous : 1
Comments : {

}
Poles Information :


Pole number : 1

Time (s) : 1.17134,2.25555,3.33976,4.42397,5.50818,6.59239,7.67659,8.7608,9.84501,10.9292,12.0134,13.0976,14.1818,15.2661,16.3503,17.4345,18.5187,19.6029,20.6871,21.7713,22.8555,23.9397,25.0239,26.1081

Position (um) : 1.4445,1.4446,1.4448,1.4449,1.445,1.4452,1.4453,1.4455,1.4456,1.4457,1.4459,1.446,1.4462,1.4463,1.4464,1.4466,1.4467,1.4469,1.447,1.4471,1.4473,1.4474,1.4476,1.4477

Intensity : 1006.1067,1013.5755,1038.0632,1020.084,994.1076,945.17998,925.79355,932.84835,945.50526,993.32871,1034.1897,1046.9729,1002.6042,1008.6137,1018.8184,1036.2816,977.95973,913.82425,836.88811,773.68519,713.91037,645.89403,538.18487,430.92474

Time pixel : 1.13585,2.1872,3.23856,4.28991,5.34126,6.39262,7.44397,8.49532,9.54668,10.598,11.6494,12.7007,13.7521,14.8034,15.8548,16.9062,17.9575,19.0089,20.0602,21.1116,22.1629,23.2143,24.2656,25.317

Position pixel : 13.5377,13.539,13.5404,13.5417,13.543,13.5443,13.5456,13.5469,13.5482,13.5495,13.5509,13.5522,13.5535,13.5548,13.5561,13.5574,13.5587,13.56,13.5614,13.5627,13.564,13.5653,13.5666,13.5679

Pole type : Line
Start frame : 1
End frame : 33
Start time (s) : 0.000
End time (s) : 33.000
Time step (s) : 1.031

Feature Information :


Feature number : 1

Time (s) : 1.17134,1.17134,1.17134,1.17304,1.18064,1.19318,1.20248,1.21178,1.22601,1.24291,1.26644,1.29587,1.3287,1.36744,1.40941,1.44054,1.46083,1.48436,1.5138,1.54493,1.57436,1.59789,1.61819,1.64932,1.69129,1.73003,1.76285,1.79568,1.83611,1.88738,1.93865,1.97908,2.01191,2.04474,2.08347,2.12714,2.16757,2.21139,2.26857,2.32647,2.36957,2.41411,2.47566,2.55539,2.63116,2.69512,2.74978,2.79951,2.85417,2.91474,2.97531,3.02827,3.0704,3.11083,3.1545,3.19832,3.25226,3.31339,3.3565,3.39781,3.46428,3.54992,3.62399,3.67444,3.70994,3.7477,3.78474,3.81757,3.8487,3.88492,3.94056,4.02029,4.10197,4.17256,4.22819,4.27525,4.31568,4.35611,4.40487,4.46641,4.53854,4.60178,4.65644,4.7018,4.739,4.78436,4.83393,4.87436,4.90719,4.93833,4.97285,5.01749,5.06779,5.11089,5.15625,5.19822,5.22612,5.25134,5.27908,5.30261,5.32291,5.35573,5.40531,5.45658,5.49531,5.52054,5.53913,5.56436,5.60309,5.65436,5.70563,5.74606,5.78059,5.81932,5.87486,5.9719,6.13055,6.3311,6.55873,6.76397,6.93006,7.07868,7.19149,7.26054,7.30267,7.3355,7.37002,7.41805,7.48525,7.5695,7.6891,7.84784,8.00262,8.11955,8.1945,8.24932,8.31498,8.41007,8.53542,8.66811,8.77938,8.87181,8.94337,9.00579,9.07889,9.15539,9.23301,9.33304,9.44908,9.55671,9.64687,9.74963,9.91484,10.1422,10.3408,10.4918,10.6455,10.803,10.9517,11.0849,11.2101,11.3246,11.4229,11.4945,11.5476,11.6006,11.6536,11.7016,11.7503,11.806,11.8749,11.954,12.0525,12.1864,12.3554,12.5217,12.6515,12.7805,12.9408,13.0804,13.169,13.232,13.2817,13.3348,13.4079,13.4937,13.5932,13.7261,13.8884,14.0574,14.2201,14.4051,14.6248,14.8651,15.1052,15.3848,15.7114,15.9873,16.1651,16.2812,16.3748,16.4792,16.6002,16.7044,16.7778,16.8494,16.9342,17.0278,17.1301,17.2179,17.2995,17.3802,17.4517,17.5123,17.5594,17.5982,17.6512,17.715,17.774,17.8397,17.9289,18.0544,18.2165,18.3942,18.5988,18.8331,19.0479,19.2329,19.3937,19.5298,19.6259,19.6949,19.7555,19.8102,19.8582,19.9036,19.944,19.9844,20.0315,20.0905,20.1695,20.2509,20.3202,20.3941,20.4588,20.5061,20.5558,20.6281,20.7317,20.872,21.0192,21.1421,21.2295,21.2903,21.3619,21.4943,21.6913,21.8775,22.0187,22.1088,22.1713,22.2292,22.2755,22.31,22.3445,22.3909,22.4522,22.5264,22.623,22.7256,22.8157,22.9015,22.9856,23.0648,23.1413,23.2112,23.2802,23.3636,23.4558,23.5335,23.6177,23.7286,23.8558,23.9988,24.1424,24.274,24.4118,24.5481,24.6744,24.7913,24.9016,25.0092,25.1102,25.2036,25.2894,25.372,25.4637,25.5569,25.6268,25.6706,25.7034,25.7329,25.7564,25.7733,25.7875,25.7968,25.8112,25.8482,25.9027,25.9508,25.9929,26.0366,26.077,26.1157,26.1535,26.1873,26.2251,26.2621,26.2932,26.3168,26.3337,26.3496,26.3665,26.39,26.4178,26.4396

Position (um) : 1.0214,1.0191,1.0161,1.0128,1.0096,1.0064,1.0034,1.0009,0.999,0.99656,0.99352,0.99012,0.98611,0.98177,0.97855,0.97645,0.97419,0.97211,0.97115,0.97097,0.97079,0.97001,0.96854,0.96696,0.96531,0.96357,0.96131,0.95905,0.95712,0.95486,0.95261,0.95086,0.94921,0.94764,0.94616,0.9452,0.94424,0.94277,0.94102,0.93858,0.93571,0.9331,0.93057,0.92762,0.92509,0.92265,0.92039,0.91865,0.917,0.91542,0.91378,0.91203,0.90959,0.90655,0.9035,0.90054,0.89626,0.89011,0.88549,0.88286,0.87964,0.8753,0.87129,0.86789,0.86467,0.86128,0.85744,0.85371,0.851,0.84822,0.84438,0.83987,0.83568,0.8315,0.82698,0.82315,0.82036,0.81783,0.81383,0.80622,0.79408,0.78276,0.77483,0.76918,0.76482,0.76063,0.75612,0.75211,0.74871,0.74532,0.74078,0.7339,0.72583,0.71911,0.71328,0.70797,0.70379,0.70039,0.69717,0.69395,0.69056,0.68637,0.68107,0.67559,0.67062,0.6661,0.66288,0.66078,0.65834,0.65547,0.65304,0.65129,0.64964,0.64789,0.64528,0.64163,0.63755,0.63326,0.62823,0.6244,0.6223,0.62083,0.62004,0.61987,0.61987,0.61987,0.61987,0.61987,0.61987,0.61987,0.61969,0.6189,0.61761,0.61682,0.61665,0.61665,0.61665,0.61647,0.61568,0.61439,0.6136,0.61342,0.61342,0.61342,0.6136,0.61456,0.61665,0.6189,0.62065,0.62213,0.62326,0.62519,0.62874,0.6324,0.63519,0.6379,0.64145,0.6445,0.64642,0.64807,0.64964,0.65112,0.65208,0.65304,0.65434,0.6553,0.65644,0.65852,0.66078,0.66253,0.664,0.66496,0.6661,0.66836,0.67123,0.67366,0.67611,0.68126,0.68977,0.69794,0.70309,0.7057,0.70684,0.70797,0.71006,0.71249,0.71503,0.7178,0.71955,0.72086,0.72329,0.72748,0.73374,0.74131,0.74889,0.75673,0.76401,0.76847,0.77144,0.77431,0.77674,0.77866,0.78092,0.78318,0.78493,0.7864,0.78754,0.78929,0.79206,0.79477,0.79799,0.80155,0.80408,0.80591,0.80748,0.80913,0.81088,0.81313,0.81539,0.81714,0.81879,0.82071,0.82411,0.82959,0.83664,0.84438,0.85161,0.85805,0.86354,0.86772,0.87111,0.87416,0.8766,0.87834,0.87999,0.88156,0.88321,0.88479,0.88661,0.88897,0.89191,0.89462,0.8982,0.90315,0.90749,0.90959,0.91091,0.91352,0.91849,0.92587,0.93326,0.93823,0.94102,0.94277,0.94477,0.94791,0.95215,0.9553,0.9573,0.95887,0.96034,0.96113,0.96131,0.96131,0.96131,0.96131,0.96131,0.96148,0.96227,0.96374,0.96531,0.96679,0.96792,0.96985,0.97323,0.9761,0.97724,0.97741,0.97759,0.97855,0.98081,0.98385,0.98708,0.9903,0.99334,0.99595,0.99901,1.0045,1.0117,1.0178,1.0214,1.0235,1.0261,1.0299,1.0343,1.0373,1.0386,1.0399,1.0428,1.0464,1.0489,1.0507,1.0523,1.0539,1.0557,1.0581,1.0613,1.0653,1.0699,1.0739,1.0773,1.0805,1.0839,1.0879,1.0924,1.0964,1.0996,1.1019,1.103,1.104,1.1055,1.107,1.1087,1.1103,1.1117,1.1125

Intensity : 410.8579,408.8369,406.1122,403.2421,400.4133,397.6211,394.9654,392.8576,391.2431,389.1952,386.6553,383.8533,380.5417,376.9895,374.4692,372.8623,371.0303,369.3835,368.779,368.8838,368.9748,368.4797,367.3563,366.2385,365.1515,363.9536,362.2638,361.1928,360.8138,360.408,360.0086,359.7103,359.3852,359.0911,358.9728,359.1811,359.3495,359.3751,359.4775,359.3426,358.8595,358.4975,358.3971,358.4024,358.5139,358.511,358.4516,358.5122,358.6811,358.9629,359.2238,359.3491,359.0899,358.874,359.1342,359.4331,359.5877,359.3293,359.0585,359.4202,360.3523,361.4993,362.4175,362.8249,362.8363,362.8629,362.7263,362.4979,362.9654,363.5882,364.611,366.2287,367.9419,368.2962,367.9118,367.5416,367.2978,367.0826,366.5883,365.3286,362.9722,360.5869,358.8545,357.5768,356.5583,355.562,354.4401,353.402,352.4942,351.571,350.3242,348.3879,346.0476,344.0408,342.2321,341.2305,340.3392,339.626,338.9752,338.2561,337.4297,336.4702,335.2837,333.9932,332.6999,331.4058,330.4713,329.9499,329.3961,328.7518,328.2275,327.855,327.4673,327.0533,326.3931,325.5072,324.8904,322.8414,319.788,317.3009,315.6185,314.2488,313.3135,313.4108,313.7318,313.9819,314.2449,314.6109,315.1228,315.7647,316.6203,317.5727,318.3115,318.9207,319.419,319.827,319.5514,319.0815,318.283,317.3027,316.5917,316.1565,315.862,315.6052,315.356,315.3186,315.5857,315.7715,315.7339,315.6687,315.5948,315.7067,316.0574,316.2236,316.0823,315.2058,314.8499,314.7194,313.9905,313.2546,312.5376,311.8684,311.6277,311.6711,311.9961,312.1477,312.3841,313.1231,313.938,314.4447,314.7185,314.664,314.5595,314.7501,314.9676,314.0453,313.3998,313.8166,314.9316,315.8916,316.323,316.1759,315.701,315.1498,314.5768,315.7635,317.0636,318.6187,319.9771,321.2318,322.8973,325.3765,326.7631,328.0356,329.7356,332.7633,336.2762,338.5414,340.0559,341.6329,342.9802,343.986,343.2484,342.4023,341.8607,341.1644,339.9565,338.8661,338.0899,337.5403,337.3346,337.2483,336.7985,336.2213,336.0096,336.0973,335.9684,335.8751,335.8576,335.4623,334.5672,333.1021,331.5924,330.6687,329.8122,328.3943,326.8575,326.7067,326.9323,326.7831,327.0948,327.8846,328.3861,328.5233,328.6975,328.8568,329.1398,329.3618,329.5979,329.912,330.156,330.162,330.8707,332.2301,333.3549,333.5331,333.1939,333.1047,334.9165,337.5379,339.86,341.0225,341.402,341.5454,341.6546,341.5232,340.5581,337.3399,334.659,333.0307,332.0515,331.2238,330.1911,329.3166,328.442,327.2683,325.7157,323.9703,322.1162,321.056,320.9836,320.8822,320.5452,320.8407,322.2133,323.2855,323.1048,322.021,320.8066,320.3566,320.708,321.2926,322.9034,324.3109,325.4694,326.3091,327.2762,329.5162,332.5826,334.5247,334.4222,333.4997,332.871,332.8686,333.1278,332.7615,331.3829,329.9296,329.5526,329.956,330.1743,330.1774,330.2093,330.4143,330.7131,331.3729,332.1799,332.6633,333.2441,333.8825,334.2916,334.488,334.7791,335.3077,335.9917,336.502,336.4722,336.0209,335.313,334.8021,334.7147,334.6862,334.6318,334.2748,333.6941,333.0944

Time pixel : 1.13585,1.13585,1.13585,1.13749,1.14487,1.15702,1.16604,1.17505,1.18885,1.20524,1.22806,1.2566,1.28844,1.326,1.3667,1.39689,1.41656,1.43938,1.46792,1.49811,1.52666,1.54947,1.56915,1.59934,1.64004,1.6776,1.70943,1.74127,1.78047,1.83019,1.8799,1.91911,1.95094,1.98278,2.02034,2.06268,2.10189,2.14438,2.19982,2.25597,2.29776,2.34096,2.40064,2.47795,2.55143,2.61345,2.66645,2.71468,2.76768,2.82642,2.88515,2.93651,2.97736,3.01656,3.05891,3.1014,3.15371,3.21299,3.25478,3.29484,3.3593,3.44234,3.51417,3.5631,3.59752,3.63414,3.67005,3.70189,3.73208,3.7672,3.82115,3.89846,3.97767,4.04612,4.10007,4.1457,4.18491,4.22411,4.27139,4.33107,4.40101,4.46233,4.51534,4.55932,4.59539,4.63938,4.68745,4.72666,4.75849,4.78868,4.82216,4.86545,4.91422,4.95601,5,5.0407,5.06775,5.09221,5.11911,5.14193,5.16161,5.19344,5.24151,5.29122,5.32879,5.35325,5.37128,5.39574,5.4333,5.48302,5.53273,5.57194,5.60542,5.64298,5.69684,5.79094,5.94477,6.13925,6.35998,6.559,6.72005,6.86417,6.97357,7.04052,7.08137,7.11321,7.14669,7.19326,7.25842,7.34013,7.4561,7.61003,7.76012,7.8735,7.94618,7.99934,8.06301,8.15522,8.27677,8.40544,8.51334,8.60296,8.67236,8.73289,8.80377,8.87795,8.95322,9.05022,9.16275,9.26711,9.35454,9.45419,9.61439,9.83482,10.0274,10.1739,10.3229,10.4756,10.6199,10.7489,10.8704,10.9814,11.0768,11.1462,11.1977,11.2491,11.3004,11.347,11.3943,11.4482,11.515,11.5918,11.6873,11.8171,11.981,12.1423,12.2681,12.3932,12.5487,12.684,12.7699,12.831,12.8792,12.9308,13.0016,13.0848,13.1813,13.3101,13.4676,13.6314,13.7891,13.9685,14.1816,14.4146,14.6474,14.9186,15.2353,15.5029,15.6753,15.7879,15.8786,15.9798,16.0971,16.1982,16.2694,16.3388,16.421,16.5118,16.611,16.6961,16.7752,16.8535,16.9229,16.9816,17.0272,17.065,17.1163,17.1782,17.2354,17.2991,17.3856,17.5073,17.6645,17.8368,18.0352,18.2624,18.4707,18.6501,18.806,18.938,19.0312,19.0981,19.1568,19.2099,19.2564,19.3004,19.3396,19.3788,19.4245,19.4817,19.5583,19.6373,19.7045,19.7761,19.8389,19.8847,19.9329,20.003,20.1035,20.2396,20.3823,20.5014,20.5862,20.6451,20.7146,20.8429,21.034,21.2146,21.3514,21.4389,21.4994,21.5556,21.6005,21.634,21.6674,21.7124,21.7718,21.8438,21.9375,22.0369,22.1244,22.2075,22.2891,22.3659,22.44,22.5078,22.5747,22.6556,22.7451,22.8203,22.902,23.0095,23.1329,23.2715,23.4109,23.5384,23.672,23.8043,23.9267,24.04,24.147,24.2514,24.3493,24.4399,24.5231,24.6031,24.692,24.7824,24.8502,24.8927,24.9245,24.9531,24.9759,24.9923,25.0061,25.0151,25.029,25.065,25.1178,25.1644,25.2052,25.2476,25.2868,25.3244,25.361,25.3937,25.4304,25.4663,25.4965,25.5193,25.5357,25.5511,25.5675,25.5903,25.6172,25.6384

Position pixel : 9.57236,9.55119,9.52264,9.49245,9.46226,9.43208,9.40353,9.38072,9.36268,9.33986,9.31132,9.27949,9.24193,9.20123,9.17104,9.15136,9.13019,9.11066,9.10164,9.1,9.09836,9.09098,9.07718,9.06244,9.04699,9.03061,9.00943,8.98826,8.97023,8.94906,8.92788,8.9115,8.89605,8.88131,8.86751,8.85849,8.84947,8.83567,8.81928,8.79647,8.76957,8.74511,8.72135,8.69375,8.66999,8.64717,8.626,8.60961,8.59416,8.57942,8.56398,8.54759,8.52477,8.49623,8.46768,8.43993,8.39978,8.34215,8.29886,8.27424,8.24405,8.20336,8.1658,8.13396,8.10377,8.07194,8.03602,8.00105,7.97565,7.94954,7.91362,7.87128,7.83208,7.79287,7.75053,7.71461,7.6885,7.66474,7.62727,7.55599,7.44221,7.33611,7.26178,7.20878,7.16792,7.12872,7.08638,7.04881,7.01698,6.98515,6.94265,6.87819,6.80252,6.73956,6.68491,6.63519,6.59598,6.56415,6.53396,6.50377,6.47194,6.43273,6.38302,6.33166,6.28508,6.24274,6.21255,6.19287,6.17005,6.14315,6.12034,6.10395,6.0885,6.07212,6.04765,6.01338,5.97512,5.93497,5.88785,5.85193,5.83225,5.81845,5.81108,5.80943,5.80943,5.80943,5.80943,5.80943,5.80943,5.80943,5.80779,5.80042,5.78826,5.78089,5.77925,5.77925,5.77925,5.7776,5.77023,5.75807,5.7507,5.74906,5.74906,5.74906,5.7507,5.75972,5.77925,5.80042,5.81681,5.83061,5.84127,5.8593,5.89263,5.9269,5.95301,5.97841,6.01174,6.04028,6.05832,6.07376,6.0885,6.1023,6.11132,6.12034,6.13249,6.14151,6.15217,6.1717,6.19287,6.20926,6.22306,6.23208,6.24274,6.26391,6.29081,6.31362,6.33659,6.38482,6.46457,6.54118,6.5894,6.61387,6.62453,6.63519,6.65472,6.67753,6.70129,6.72725,6.74364,6.75595,6.77876,6.81797,6.8767,6.94759,7.01863,7.0921,7.1604,7.2022,7.22995,7.25685,7.27966,7.2977,7.31887,7.34004,7.35643,7.37023,7.38089,7.39728,7.42323,7.44864,7.47883,7.51215,7.53592,7.55301,7.56775,7.58319,7.59958,7.62075,7.64193,7.65832,7.67376,7.69179,7.72363,7.77499,7.84109,7.91362,7.98137,8.04175,8.09311,8.13232,8.16415,8.19269,8.21551,8.2319,8.24734,8.26209,8.27753,8.29228,8.30937,8.33148,8.35908,8.38449,8.41797,8.46439,8.50509,8.52477,8.53708,8.56154,8.60812,8.67736,8.7466,8.79318,8.81928,8.83567,8.85441,8.8839,8.92365,8.95314,8.97187,8.98662,9.00042,9.00779,9.00943,9.00943,9.00943,9.00943,9.00943,9.01108,9.01845,9.03225,9.04699,9.06079,9.07146,9.08949,9.12117,9.14807,9.15873,9.16038,9.16202,9.17104,9.19221,9.22075,9.25094,9.28113,9.30968,9.33414,9.36283,9.41419,9.48179,9.53888,9.57236,9.59204,9.6165,9.65241,9.69311,9.72166,9.73396,9.74627,9.77317,9.80649,9.83026,9.84734,9.86209,9.87753,9.89392,9.91674,9.94693,9.98449,10.0268,10.0644,10.0962,10.1264,10.1582,10.1958,10.2382,10.2757,10.3059,10.3271,10.3377,10.3468,10.3606,10.3753,10.3907,10.4055,10.4193,10.4267

Brightness max : 1053.00
Brightness min : 245.00
Feature direction : Ambiguous
Feature speed : Slow
Feature type : Curve
Start frame : 1
End frame : 33
Start time (s) : 0.000
End time (s) : 33.000
Time step (s) : 1.031

