KYMOANALYSIS DATA

General Information :

Tiff path : E:\Google Drive\microtubule dynamics and cut7\19-15 screens and tests\cut11-7\17-09-14 FRAP of cut7-3GFP #3\37 degrees day 1 data\
Spindle type : Monopolar
Start frame : 1
End frame : 259
Start time (s) : 0.000
End time (s) : 259.000
Time step (s) : 1.004
Num poles : 1
Num tracks : 10
Num tracks poleward : 3
Num tracks antipoleward : 6
Num tracks ambiguous : 2
Comments : {

}
Poles Information :


Pole number : 1

Time (s) : 2.195641,2.399399,2.768877,3.288781,3.816341,4.251189,4.574344,4.837832,5.10133,5.411198,5.759787,6.069674,6.333211,6.583442,6.833683,7.083935,7.334197,7.58447,7.834754,8.098365,8.408346,8.783683,9.226354,9.759778,10.30086,10.80891,11.29035,11.71212,12.03551,12.29925,12.54968,12.78681,12.97759,13.12968,13.3205,13.55769,13.80821,14.05875,14.3093,14.54656,14.73747,14.88969,15.08064,15.31796,15.56863,15.80599,15.99702,16.14935,16.34041,16.57786,16.82865,17.07945,17.33028,17.58113,17.832,18.0829,18.33382,18.58477,18.83574,19.07343,19.26478,19.41744,19.60884,19.84663,20.09777,20.34893,20.60012,20.85135,21.1026,21.35388,21.6052,21.85655,22.10792,22.37265,22.68377,23.04696,23.43113,23.88069,24.43632,25.07706,25.67147,26.12882,26.50557,26.81701,27.08213,27.33397,27.58585,27.83777,28.10304,28.41471,28.77845,29.14988,29.51371,29.82554,30.09106,30.35661,30.68189,31.10559,31.58901,32.07247,32.50962,32.89477,33.25901,33.57126,33.8372,34.08986,34.35588,34.69493,35.16545,35.67473,36.06027,36.33981,36.59277,36.84576,37.09879,37.35187,37.60498,37.87145,38.18432,38.53594,38.84888,39.1155,39.36885,39.62223,39.88896,40.20208,40.55395,40.88046,41.22031,41.63195,42.05694,42.44324,42.80861,43.12198,43.38902,43.64276,43.90984,44.23662,44.71507,45.45197,46.41673,47.29842,47.94831,48.43449,48.93277,49.46977,49.98902,50.52603,51.01102,51.41094,51.77658,52.10351,52.43044,52.78276,53.10968,53.43658,53.78888,54.08913,54.30996,54.52511,54.83098,55.19083,55.56965,55.99603,56.61348,57.42004,58.20315,58.86489,59.31083,59.61764,59.94415,60.40894,61.08575,61.92501,62.62711,63.05298,63.3328,63.58594,63.839,64.092,64.34493,64.59778,64.85056,65.11657,65.42887,65.77979,66.09191,66.35758,66.60984,66.86201,67.1274,67.46567,67.96191,68.6161,69.32986,69.97052,70.40664,70.64587,70.87733,71.23443,71.69547,72.12531,72.50102,72.82457,73.14798,73.50997,73.9061,74.38717,74.9068,75.37549,75.88275,76.46161,77.00162,77.44874,77.83037,78.19088,78.4992,78.78764,79.18194,79.79949,80.62895,81.56229,82.40472,83.09459,83.64595,84.07779,84.39776,84.67118,84.97748,85.34895,85.78755,86.30341,86.76706,87.0991,87.37128,87.68964,88.09289,88.49596,88.82709,89.15804,89.56056,89.96288,90.29318,90.60993,90.95184,91.2681,91.58411,91.9386,92.3005,92.6545,92.98287,93.35737,93.79573,94.15644,94.4375,94.75138,95.15011,95.5486,95.8618,96.1151,96.35487,96.59442,96.83375,97.07287,97.31178,97.55048,97.78898,98.02728,98.2787,98.57628,98.91239,99.22291,99.53325,99.88212,100.2385,100.587,100.8833,101.1597,101.5287,102.0347,102.5614,103.0683,103.6081,104.1864,104.7259,105.2056,105.6122,105.9202,106.1552,106.3436,106.5397,106.813,107.0939,107.3416,107.5759,107.8235,108.1173,108.4764,108.9027,109.4197,109.931,110.3495,110.6828,111.0625,111.5792,112.1498,112.6931,113.1919,113.7084,114.1729,114.5523,114.9106,115.2633,115.6217,115.9743,116.3326,116.6853,117.0303,117.3232,117.5698,117.8031,118.0364,118.2697,118.503,118.7363,118.9696,119.203,119.4364,119.6698,119.9032,120.1366,120.3701,120.6036,120.8372,121.0708,121.2911,121.4784,121.7,122.1052,122.6418,123.1067,123.4268,123.6741,123.9081,124.1421,124.3762,124.6103,124.8445,125.0787,125.313,125.5474,125.7818,126.0162,126.2507,126.4853,126.7332,127.0276,127.3607,127.6552,127.9167,128.2113,128.5579,128.9522,129.4914,130.1543,130.7532,131.2728,131.8255,132.4766,133.1608,133.7523,134.1935,134.5674,134.9223,135.2697,135.5651,135.8142,136.05,136.2859,136.5218,136.7578,136.9938,137.2299,137.466,137.7022,137.9251,138.1017,138.2396,138.4162,138.626,138.8027,138.9408,139.1176,139.3408,139.5774,139.814,140.0507,140.2873,140.5241,140.7608,140.9843,141.1747,141.3862,141.7348,142.1761,142.5977,142.9807,143.4157,143.9435,144.5233,145.0644,145.5592,146.0407,146.5222,147.0037,147.4853,147.9536,148.3622,148.6724,148.923,149.1603,149.3977,149.635,149.8724,150.1097,150.3471,150.5712,150.749,150.888,151.0658,151.29,151.5275,151.765,152.0158,152.3263,152.7486,153.2769,153.8838,154.5448,155.3035,156.1899,157.1441,157.8991,158.5461,159.2128,159.9469,160.7507,161.4582,162.0199,162.4699,162.9123,163.3877,163.8765,164.3652,164.8673,165.429,166.1024,166.8819,167.7001,168.4199,169.0082,169.5966,170.3297,171.2342,172.2714,173.4069,174.5291,175.4933,176.253,176.9011,177.5612,178.2213,178.8427,179.4432,180.0049,180.5666,181.1537,181.7022,182.1909,182.6466,183.1563,183.8088,184.5362,185.348,186.2468,187.19,188.0291,188.7159,189.2643,189.6934,190.0507,190.5007,191.1132,191.708,192.2367,192.7984,193.4452,194.092,194.6404,195.0828,195.4599,195.8292,196.2196,196.695,197.2491,197.9048,198.775,199.6992,200.5186,201.2651,201.9715,202.6386,203.4402,204.6201,206.0141,207.3864,208.5429,209.514,210.4128,211.2366,211.879,212.4464,212.9815,213.4836,214.0256,214.7397,215.5889,216.364,217.189,218.0999,218.9314,219.5928,220.2541,221.0723,221.9369,222.6567,223.172,223.5624,223.9318,224.3088,224.7246,225.1403,225.5307,225.9597,226.4618,227.0832,227.8417,228.6212,229.3543,230.0144,230.5761,231.0649,231.5072,231.9706,232.5977,233.3969,234.1941,234.7768,235.2591,235.7809,236.335,236.9043,237.5834,238.3706,239.2275,239.9206,240.3509,240.6949,241.1506,241.8184,242.7285,243.8064,244.933,245.7722,246.2888,246.7312,247.2066,247.682,248.0844,248.3288

Position (um) : 3.8185,3.8181,3.8176,3.8171,3.8167,3.8162,3.8158,3.8153,3.8148,3.8144,3.8139,3.8135,3.813,3.8125,3.8121,3.8116,3.8111,3.8107,3.8102,3.8097,3.8093,3.8088,3.8097,3.8156,3.8256,3.8315,3.8324,3.8319,3.8315,3.831,3.8305,3.8314,3.8373,3.8473,3.8531,3.8541,3.8536,3.8531,3.8526,3.8535,3.8594,3.8693,3.8752,3.8761,3.8756,3.8765,3.8824,3.8923,3.8981,3.8991,3.8986,3.898,3.8989,3.9048,3.9147,3.9205,3.9214,3.9209,3.9204,3.9213,3.9271,3.937,3.9428,3.9437,3.9432,3.9427,3.9421,3.9416,3.941,3.9405,3.9399,3.9394,3.9388,3.9383,3.9377,3.9372,3.9366,3.936,3.9354,3.9349,3.9343,3.9337,3.9331,3.9326,3.932,3.9314,3.9308,3.9302,3.9296,3.929,3.9284,3.9278,3.9272,3.9265,3.9259,3.9253,3.9247,3.924,3.9234,3.9228,3.9221,3.9215,3.9208,3.9202,3.9195,3.9189,3.9182,3.9176,3.9169,3.9162,3.9156,3.9149,3.9156,3.9213,3.9311,3.9367,3.9389,3.9445,3.9543,3.9599,3.962,3.9677,3.9774,3.983,3.9837,3.983,3.9823,3.9816,3.9809,3.9801,3.9794,3.9787,3.9779,3.9772,3.9764,3.9757,3.975,3.9742,3.9735,3.9727,3.972,3.9712,3.9691,3.962,3.9508,3.9422,3.9337,3.9225,3.9154,3.9132,3.9125,3.9117,3.911,3.9102,3.9095,3.9087,3.908,3.9058,3.8987,3.8875,3.8804,3.8782,3.8775,3.8767,3.876,3.8753,3.8745,3.8738,3.8731,3.8723,3.8716,3.8709,3.8702,3.8695,3.8688,3.8681,3.8674,3.8667,3.866,3.8639,3.8569,3.8457,3.8387,3.8367,3.836,3.8354,3.8347,3.8341,3.8335,3.8329,3.8323,3.8317,3.8311,3.8305,3.8299,3.8279,3.821,3.81,3.8031,3.8012,3.7993,3.7924,3.7814,3.7746,3.7727,3.7723,3.7718,3.7713,3.7709,3.7705,3.7701,3.7697,3.7693,3.7675,3.7608,3.75,3.7433,3.7416,3.7413,3.741,3.7407,3.7404,3.7416,3.7476,3.7579,3.764,3.7666,3.7728,3.783,3.7906,3.7982,3.8086,3.8148,3.8161,3.816,3.8173,3.8236,3.834,3.8403,3.8431,3.8495,3.8599,3.8663,3.8678,3.8678,3.8679,3.868,3.8682,3.8683,3.8685,3.8686,3.8688,3.8691,3.8707,3.8773,3.8881,3.8947,3.8964,3.8967,3.8971,3.8975,3.8978,3.8982,3.8986,3.8991,3.8995,3.9,3.9005,3.901,3.9015,3.902,3.9025,3.9031,3.9037,3.9043,3.9048,3.9055,3.9047,3.899,3.8892,3.8835,3.8827,3.8834,3.8841,3.8848,3.8855,3.8863,3.887,3.8863,3.8807,3.871,3.8655,3.8648,3.8656,3.8664,3.8672,3.868,3.8688,3.8697,3.8705,3.8713,3.8721,3.873,3.8752,3.8824,3.8938,3.901,3.9032,3.9041,3.905,3.9058,3.9067,3.9076,3.9084,3.9093,3.9102,3.9111,3.9119,3.9128,3.9137,3.9146,3.9155,3.9163,3.9172,3.9181,3.9189,3.9198,3.9207,3.9216,3.9224,3.9233,3.9241,3.925,3.9259,3.9267,3.9261,3.9206,3.9096,3.8978,3.8867,3.8812,3.8806,3.8815,3.8823,3.8817,3.8762,3.8665,3.861,3.859,3.8534,3.8437,3.8382,3.8376,3.8383,3.8391,3.8399,3.8392,3.8337,3.824,3.8184,3.8177,3.8184,3.8192,3.8199,3.8206,3.8214,3.8221,3.8228,3.8235,3.8242,3.8249,3.8256,3.8263,3.827,3.8277,3.8284,3.8291,3.8297,3.8304,3.8311,3.8318,3.8324,3.8331,3.8337,3.8344,3.8364,3.8434,3.8545,3.8615,3.8649,3.8719,3.883,3.89,3.892,3.8926,3.8932,3.8938,3.8944,3.895,3.8957,3.8948,3.8891,3.8792,3.8735,3.8727,3.8732,3.8724,3.8667,3.8568,3.851,3.8502,3.8508,3.8513,3.8519,3.8525,3.853,3.8536,3.8542,3.8547,3.8553,3.8558,3.8564,3.857,3.8575,3.8581,3.8586,3.8577,3.852,3.842,3.8363,3.8354,3.8359,3.8365,3.837,3.8375,3.8381,3.8386,3.8392,3.8397,3.8402,3.8408,3.8413,3.8418,3.8424,3.8429,3.8448,3.8517,3.8627,3.8695,3.8709,3.8709,3.8709,3.8709,3.8709,3.8709,3.8709,3.8709,3.8709,3.8709,3.8709,3.8709,3.8723,3.8787,3.8891,3.8955,3.8969,3.8969,3.8969,3.8969,3.8969,3.8969,3.8969,3.8969,3.8969,3.8969,3.8983,3.9046,3.9151,3.9214,3.9228,3.9228,3.9228,3.9243,3.9306,3.941,3.9474,3.9502,3.9566,3.967,3.9734,3.9748,3.9762,3.9825,3.993,3.9993,4.0007,4.0007,4.0007,4.0007,4.0007,4.0007,4.0007,4.0007,4.0007,4.0007,4.0022,4.0085,4.019,4.0253,4.0267,4.0267,4.0267,4.0267,4.0253,4.019,4.0085,4.0022,4.0007,4.0007,4.0007,4.0007,4.0007,4.0007,4.0007,3.9993,3.993,3.9825,3.9762,3.9734,3.967,3.9566,3.9502,3.9488,3.9488,3.9488,3.9488,3.9488,3.9488,3.9488,3.9488,3.9488,3.9488,3.9488,3.9474,3.941,3.9306,3.9243,3.9228,3.9228,3.9228,3.9228,3.9228,3.9228,3.9228,3.9228,3.9228,3.9228,3.9243,3.9306,3.941,3.9474,3.9488,3.9502,3.958,3.9748,3.9916,3.9993,4.0007,4.0007,4.0007,4.0007,4.0007,4.0007,4.0007,4.0007,4.0007,4.0007,4.0007,4.0007,4.0007

Intensity : 255,255,255,247.3134,232.7859,213.5255,194.6688,179.4224,160.9029,130.1513,95.33381,69.05871,70.47106,71.81591,73.16304,74.4413,75.47329,76.50538,77.53758,78.48311,79.10506,79.85964,80.29844,79.81025,80.38933,82.82928,85.81045,88.7008,90.92097,92.00696,93.00182,93.81572,94.03857,93.9983,95.26537,97.73334,100.5465,103.3548,105.6962,107.7224,108.6705,108.7377,109.611,110.281,111.1863,111.8466,111.613,109.6522,107.2764,105.2727,103.3643,101.5257,101.0635,100.0385,98.64374,97.84157,98.25133,98.79691,99.33294,99.74055,100.1943,100.3093,100.9097,102.0214,103.2311,104.0265,104.8271,105.633,106.4502,107.3542,108.2764,109.2171,109.9712,108.265,106.2572,103.9122,101.8846,99.59299,98.18862,97.58888,105.5002,111.7308,114.9514,117.6133,119.8778,119.458,118.7417,118.023,117.2596,115.3546,113.0964,111.0336,111.2759,111.4854,111.667,113.775,116.6232,120.3026,122.9847,125.591,126.5083,127.1292,127.4873,127.4272,127.3635,127.2884,126.6574,125.6961,124.1107,117.9157,113.2002,111.9024,111.6444,111.8061,112.4525,113.0268,113.3755,114.2639,115.0163,115.9104,116.8072,117.8005,119.984,122.203,124.28,126.7518,130.4593,133.9144,137.7372,143.6596,149.8031,151.9717,152.7133,153.3514,153.8394,154.2944,154.7761,154.7621,150.8569,146.6094,144.2841,140.4991,140.218,139.1412,137.3157,133.9198,130.4154,133.4075,139.3326,143.2886,146.2293,148.8169,151.6781,154.908,157.8931,156.6644,153.294,150.4012,148.2136,146.219,143.7094,140.8463,140.1727,139.6368,142.354,148.0134,151.6801,145.9427,141.8657,139.2775,136.5295,133.5273,131.4979,131.5425,134.5088,137.5833,139.6799,141.6813,143.6881,145.9343,149.0511,152.9415,155.5072,157.4325,158.6987,159.028,159.3229,159.0949,158.0431,156.9922,155.8893,154.8374,153.6602,150.7345,146.5708,146.9488,146.5972,145.8048,145.6612,146.4829,147.4144,148.4236,148.56,148.0427,147.4428,145.7635,143.2607,139.7962,134.0103,128.924,124.2479,120.648,121.6132,124.0614,129.5435,135.3152,138.0981,138.9816,139.8844,138.9435,135.7311,131.1094,129.1449,124.6795,123.5554,124.3647,125.1879,126.0136,126.4859,127.2655,129.016,130.7491,129.4756,128.6874,128.2797,128.442,127.8309,126.7184,126.5791,127.0495,127.9394,129.144,130.7068,133.9411,137.9322,141.6198,145.5202,150.0008,154.5713,157.8294,160.5844,163.7301,164.4638,164.787,164.0158,161.3572,158.8981,155.8332,152.2234,149.2993,146.5322,144.5704,142.7144,140.8527,138.9849,138.127,137.7482,137.3741,136.9875,139.0445,143.102,146.835,149.9146,152.4764,155.0968,156.3205,156.3625,156.5741,156.1892,152.3631,149.0933,148.672,149.4245,152.8026,154.4604,154.9344,155.3398,155.6318,156.0385,157.2101,158.2299,157.529,155.9393,154.2659,154.7445,156.5443,158.7114,160.8454,158.7726,156.3096,156.9207,157.4649,155.8248,152.8374,149.183,148.0738,148.4775,150.7652,151.3718,149.9895,149.3022,149.9941,150.6949,149.8576,147.1432,144.376,145.0204,147.595,149.7387,150.4137,149.5569,148.6734,147.7634,147.0424,147.7182,148.3944,149.0711,149.7484,149.4614,148.9776,148.4944,148.0118,148.735,150.5331,152.336,154.4274,157.6139,161.3038,166.1281,171.9334,176.3532,178.2816,177.6942,176.5929,176.1316,177.972,181.5016,182.6874,182.1984,183.1426,185.9563,187.9122,188.0556,187.7922,187.5503,187.346,187.5163,188.9806,192.3344,195.1735,196.9075,198.0093,195.076,191.1615,183.3694,178.2765,176.6159,177.3727,180.7034,186.7183,190.5545,191.4274,192.2142,193.7719,195.3348,196.6475,197.4212,198.1375,198.8427,199.5368,199.6809,199.7747,199.875,199.9815,199.3757,198.2189,196.278,193.1741,190.9271,188.6193,184.6327,180.3966,176.6114,173.2851,170.0212,166.1299,162.244,158.3634,154.488,149.8138,145.4997,142.6749,140.1264,137.1628,136.2946,135.0602,132.2039,129.953,127.5123,123.5363,118.369,113.3277,112.3075,111.4886,111.2669,111.1264,110.7032,110.2577,109.3913,107.4933,105.6867,103.8753,102.2761,101.7824,101.2939,100.8104,100.567,100.987,102.0193,102.7464,102.2645,101.4192,101.0647,100.9429,100.8214,100.4242,99.26278,100.9246,106.74,110.6807,108.7121,100.2837,93.81667,91.1662,95.40162,99.46474,101.3167,105.0117,108.0761,110.9116,115.936,122.829,126.8217,127.1731,127.7791,128.8348,130.8362,134.8392,142.1571,143.3543,142.6204,140.5208,142.0759,144.6588,148.8914,154.9291,154.9265,151.8463,149.1903,149.5373,155.998,157.1682,156.783,156.185,154.6496,152.1957,154.0234,156.809,152.6746,148.6503,149.019,150.1912,147.5985,154.7175,161.3669,165.1686,165.4267,159.2366,156.9626,155.4584,155.402,155.7034,158.5065,162.7697,164.1248,165.315,172.4137,178.3861,182.4751,184.5569,185.873,186.8425,185.6688,184.2392,182.8201,180.8848,176.2302,175.1284,170.8791,173.5303,178.6518,179.3462,187.0791,186.7196,178.8067,178,178,170.1855,165.9262,161.7573,155.3914,145.2189,136.9539,132.9487,129.7673,128.6233,135.6246,133.8807,132.1592,139.4206,145.7229,149.4217,147.9253,141.0367,132.8089,130.6703,127.727,124.6265,121.8507,120.3549,118.7056,118.0151,117.9986,118.1501,119.3293,120.3674,120.8257,119.9483,118.6829,117.8012,119.3482,119.7859,118.2305,116.7651,116.7651,115.2544,115.5571,120.1015,121.9482,123.2743,125.9335,128.7777,126.3872,123.5733,119.736,113.887,113.883,114.2268,114.9649,116.6434,118.9095,113.2381,100.9967,94.55344,90.85585,87.784,83.92112,79.42035,75.9939,74.65178

Time pixel : 2.186893,2.38984,2.757846,3.275678,3.801136,4.234252,4.55612,4.818558,5.081006,5.389639,5.73684,6.045492,6.307979,6.557213,6.806458,7.055712,7.304978,7.554253,7.80354,8.0661,8.374847,8.748688,9.189596,9.720895,10.25982,10.76585,11.24536,11.66545,11.98756,12.25024,12.49968,12.73587,12.92589,13.07737,13.26743,13.50367,13.7532,14.00274,14.25229,14.4886,14.67876,14.83037,15.02056,15.25694,15.5066,15.74302,15.93328,16.08501,16.27531,16.51181,16.7616,17.01141,17.26123,17.51109,17.76096,18.01086,18.26078,18.51073,18.7607,18.99744,19.18802,19.34008,19.53072,19.76756,20.0177,20.26786,20.51805,20.76827,21.01853,21.26881,21.51912,21.76947,22.01984,22.28352,22.5934,22.95513,23.33778,23.78555,24.33896,24.97715,25.56919,26.02472,26.39997,26.71017,26.97423,27.22507,27.47594,27.72686,27.99108,28.30151,28.6638,29.03375,29.39612,29.70671,29.97117,30.23567,30.55965,30.98166,31.46316,31.94469,32.3801,32.76372,33.12651,33.43751,33.70239,33.95404,34.219,34.5567,35.02535,35.5326,35.9166,36.19503,36.44698,36.69896,36.95099,37.20306,37.45516,37.72057,38.03219,38.38241,38.69411,38.95967,39.212,39.46437,39.73004,40.04191,40.39238,40.71759,41.05609,41.46609,41.88938,42.27415,42.63806,42.95018,43.21615,43.46888,43.7349,44.06038,44.53692,45.27089,46.23181,47.10998,47.75729,48.24153,48.73782,49.27268,49.78986,50.32473,50.80779,51.20612,51.5703,51.89593,52.22155,52.57247,52.89808,53.22369,53.57458,53.87363,54.09359,54.30788,54.61253,54.97095,55.34825,55.77293,56.38793,57.19128,57.97126,58.63036,59.07453,59.38012,59.70533,60.16826,60.84238,61.6783,62.3776,62.80177,63.08048,63.33261,63.58466,63.83665,64.08857,64.34042,64.59219,64.85714,65.16819,65.51772,65.82859,66.09321,66.34446,66.59563,66.85996,67.19688,67.69114,68.34273,69.05365,69.69175,70.12614,70.36441,70.59495,70.95063,71.40983,71.83796,72.21217,72.53443,72.85656,73.21711,73.61166,74.0908,74.60837,75.07519,75.58043,76.15699,76.69484,77.14018,77.52029,77.87936,78.18646,78.47374,78.86648,79.48156,80.30771,81.23734,82.07642,82.76354,83.3127,83.74282,84.06151,84.33385,84.63893,85.00891,85.44577,85.95957,86.42137,86.75209,87.02318,87.34028,87.74192,88.14339,88.4732,88.80283,89.20375,89.60446,89.93345,90.24894,90.58948,90.90448,91.21924,91.57231,91.93277,92.28536,92.61242,92.98542,93.42204,93.78131,94.06126,94.37389,94.77102,95.16793,95.47988,95.73218,95.97099,96.20958,96.44796,96.68612,96.92408,97.16183,97.39938,97.63673,97.88715,98.18355,98.51831,98.8276,99.1367,99.48418,99.83911,100.1862,100.4814,100.7567,101.1242,101.6282,102.1528,102.6577,103.1953,103.7713,104.3087,104.7864,105.1914,105.4982,105.7322,105.92,106.1152,106.3874,106.6672,106.9139,107.1473,107.3939,107.6865,108.0442,108.4688,108.9838,109.493,109.9098,110.2418,110.62,111.1346,111.703,112.2441,112.7409,113.2554,113.718,114.0959,114.4528,114.8041,115.161,115.5123,115.8692,116.2204,116.564,116.8558,117.1014,117.3337,117.5661,117.7985,118.0308,118.2632,118.4956,118.7281,118.9605,119.193,119.4255,119.658,119.8906,120.1231,120.3558,120.5884,120.8079,120.9944,121.2152,121.6187,122.1531,122.6162,122.9351,123.1814,123.4144,123.6475,123.8807,124.1139,124.3471,124.5804,124.8138,125.0472,125.2806,125.5142,125.7477,125.9814,126.2283,126.5215,126.8533,127.1466,127.407,127.7005,128.0457,128.4385,128.9755,129.6358,130.2323,130.7498,131.3002,131.9488,132.6302,133.2194,133.6588,134.0312,134.3848,134.7308,135.025,135.2731,135.508,135.743,135.9779,136.213,136.4481,136.6832,136.9184,137.1536,137.3756,137.5515,137.6888,137.8648,138.0737,138.2497,138.3872,138.5634,138.7857,139.0213,139.257,139.4927,139.7284,139.9642,140.2,140.4226,140.6123,140.8229,141.1701,141.6097,142.0296,142.4111,142.8443,143.37,143.9475,144.4864,144.9793,145.4588,145.9384,146.4181,146.8977,147.3641,147.7711,148.0801,148.3297,148.5661,148.8024,149.0388,149.2752,149.5117,149.7481,149.9713,150.1484,150.2869,150.464,150.6872,150.9238,151.1603,151.4102,151.7195,152.14,152.6662,153.2708,153.9291,154.6847,155.5676,156.518,157.27,157.9144,158.5785,159.3096,160.1103,160.8149,161.3744,161.8226,162.2633,162.7368,163.2236,163.7104,164.2104,164.7699,165.4407,166.217,167.032,167.7489,168.3349,168.9209,169.6511,170.552,171.585,172.716,173.8338,174.7941,175.5508,176.1963,176.8538,177.5113,178.1302,178.7282,179.2877,179.8472,180.432,180.9782,181.465,181.9189,182.4266,183.0765,183.801,184.6095,185.5048,186.4442,187.28,187.964,188.5103,188.9376,189.2935,189.7417,190.3518,190.9442,191.4708,192.0303,192.6745,193.3188,193.865,194.3056,194.6811,195.0491,195.4378,195.9114,196.4633,197.1163,197.9831,198.9036,199.7198,200.4632,201.1669,201.8312,202.6297,203.8049,205.1933,206.5601,207.712,208.6792,209.5745,210.395,211.0349,211.6,212.133,212.633,213.1729,213.8841,214.73,215.502,216.3237,217.231,218.0592,218.7179,219.3766,220.1916,221.0527,221.7696,222.2829,222.6717,223.0396,223.4152,223.8292,224.2433,224.6321,225.0595,225.5595,226.1785,226.934,227.7103,228.4405,229.098,229.6575,230.1443,230.5849,231.0464,231.671,232.467,233.261,233.8414,234.3218,234.8415,235.3934,235.9605,236.6369,237.4209,238.2744,238.9648,239.3933,239.736,240.1898,240.8549,241.7615,242.835,243.9572,244.793,245.3076,245.7482,246.2217,246.6952,247.0961,247.3395

Position pixel : 35.7873,35.783,35.7788,35.7745,35.7702,35.7659,35.7617,35.7574,35.753,35.7487,35.7444,35.7401,35.7357,35.7314,35.7271,35.7227,35.7183,35.714,35.7096,35.7052,35.7008,35.6964,35.7052,35.7602,35.8538,35.9088,35.9176,35.9131,35.9087,35.9042,35.8997,35.9085,35.9634,36.0569,36.1118,36.1205,36.1159,36.1113,36.1068,36.1154,36.1703,36.2636,36.3184,36.3271,36.3224,36.331,36.3857,36.479,36.5337,36.5423,36.5375,36.5327,36.5412,36.5958,36.689,36.7436,36.752,36.7472,36.7423,36.7506,36.8051,36.8982,36.9526,36.9609,36.9559,36.9509,36.9458,36.9407,36.9356,36.9305,36.9254,36.9202,36.915,36.9098,36.9045,36.8993,36.894,36.8887,36.8833,36.8779,36.8725,36.8671,36.8617,36.8562,36.8507,36.8451,36.8396,36.834,36.8284,36.8227,36.817,36.8113,36.8056,36.7998,36.794,36.7882,36.7823,36.7764,36.7705,36.7645,36.7585,36.7525,36.7465,36.7404,36.7343,36.7281,36.722,36.7158,36.7095,36.7033,36.697,36.6906,36.6975,36.7506,36.8422,36.8951,36.9152,36.9681,37.0596,37.1125,37.1324,37.1852,37.2765,37.3293,37.3359,37.3291,37.3224,37.3156,37.3088,37.302,37.2951,37.2883,37.2814,37.2745,37.2676,37.2606,37.2536,37.2467,37.2397,37.2327,37.2256,37.2186,37.1983,37.1318,37.0267,36.947,36.8672,36.7621,36.6956,36.6752,36.6681,36.6611,36.654,36.6469,36.6398,36.6327,36.6257,36.6053,36.5389,36.4338,36.3674,36.3471,36.3401,36.3332,36.3262,36.3193,36.3124,36.3056,36.2987,36.2919,36.2851,36.2784,36.2717,36.265,36.2584,36.2518,36.2453,36.2388,36.2323,36.2127,36.1469,36.0426,35.977,35.9575,35.9514,35.9454,35.9394,35.9335,35.9276,35.9218,35.9161,35.9105,35.905,35.8995,35.8941,35.8755,35.8108,35.7077,35.6432,35.625,35.6069,35.5426,35.44,35.3759,35.3582,35.3538,35.3495,35.3453,35.3413,35.3373,35.3335,35.3297,35.3261,35.3093,35.2465,35.1452,35.0826,35.0663,35.0633,35.0605,35.0578,35.0553,35.0661,35.1232,35.219,35.2764,35.301,35.3586,35.455,35.5261,35.5974,35.6942,35.7525,35.7647,35.7638,35.7764,35.8352,35.9327,35.9918,36.0181,36.0775,36.1756,36.2353,36.249,36.2496,36.2505,36.2515,36.2526,36.254,36.2555,36.2572,36.2591,36.2612,36.2767,36.3385,36.4391,36.5013,36.5175,36.5205,36.5238,36.5272,36.5308,36.5345,36.5384,36.5424,36.5466,36.551,36.5555,36.5601,36.5649,36.5698,36.5749,36.5801,36.5854,36.5909,36.5965,36.6022,36.5948,36.5413,36.4494,36.3962,36.3892,36.3956,36.4021,36.4087,36.4154,36.4222,36.4291,36.4228,36.3705,36.2796,36.2274,36.2214,36.2288,36.2363,36.2438,36.2513,36.259,36.2667,36.2744,36.2822,36.29,36.2979,36.3191,36.3865,36.4925,36.56,36.5813,36.5894,36.5975,36.6057,36.6138,36.622,36.6302,36.6384,36.6466,36.6548,36.663,36.6712,36.6795,36.6877,36.6959,36.7041,36.7123,36.7205,36.7287,36.7368,36.745,36.7531,36.7612,36.7693,36.7773,36.7854,36.7934,36.8014,36.7961,36.7446,36.6412,36.5302,36.4268,36.3752,36.3697,36.3774,36.3851,36.3795,36.3277,36.2373,36.1854,36.1664,36.1144,36.0238,35.9718,35.9659,35.9732,35.9804,35.9876,35.9816,35.9293,35.8384,35.786,35.7797,35.7867,35.7936,35.8005,35.8074,35.8142,35.8209,35.8276,35.8343,35.841,35.8476,35.8541,35.8606,35.8671,35.8736,35.88,35.8863,35.8927,35.899,35.9052,35.9114,35.9176,35.9238,35.9299,35.936,35.9553,36.0207,36.1247,36.1901,36.2225,36.2879,36.3917,36.457,36.4761,36.4818,36.4876,36.4933,36.499,36.5047,36.5103,36.5027,36.4488,36.3564,36.3025,36.2948,36.3003,36.2925,36.2386,36.146,36.092,36.0841,36.0895,36.0949,36.1002,36.1056,36.1109,36.1162,36.1215,36.1267,36.132,36.1372,36.1424,36.1476,36.1528,36.158,36.1632,36.1551,36.1008,36.0079,35.9536,35.9455,35.9506,35.9556,35.9607,35.9658,35.9708,35.9759,35.9809,35.9859,35.9909,35.9959,36.0009,36.0059,36.0109,36.0159,36.0341,36.0985,36.2014,36.265,36.2783,36.2783,36.2783,36.2783,36.2783,36.2783,36.2783,36.2783,36.2783,36.2783,36.2783,36.2783,36.2916,36.351,36.449,36.5084,36.5217,36.5217,36.5217,36.5217,36.5217,36.5217,36.5217,36.5217,36.5217,36.5217,36.535,36.5944,36.6924,36.7518,36.7651,36.7651,36.7651,36.7784,36.8378,36.9358,36.9952,37.0218,37.0812,37.1792,37.2386,37.2519,37.2651,37.3246,37.4226,37.482,37.4953,37.4953,37.4953,37.4953,37.4953,37.4953,37.4953,37.4953,37.4953,37.4953,37.5085,37.568,37.666,37.7254,37.7387,37.7387,37.7387,37.7387,37.7254,37.666,37.568,37.5085,37.4953,37.4953,37.4953,37.4953,37.4953,37.4953,37.4953,37.482,37.4226,37.3246,37.2651,37.2386,37.1792,37.0812,37.0218,37.0085,37.0085,37.0085,37.0085,37.0085,37.0085,37.0085,37.0085,37.0085,37.0085,37.0085,36.9952,36.9358,36.8378,36.7784,36.7651,36.7651,36.7651,36.7651,36.7651,36.7651,36.7651,36.7651,36.7651,36.7651,36.7784,36.8378,36.9358,36.9952,37.0085,37.0218,37.0945,37.2519,37.4093,37.482,37.4953,37.4953,37.4953,37.4953,37.4953,37.4953,37.4953,37.4953,37.4953,37.4953,37.4953,37.4953,37.4953

Pole type : Curve
Start frame : 1
End frame : 259
Start time (s) : 0.000
End time (s) : 259.000
Time step (s) : 1.004

Feature Information :


Feature number : 1

Time (s) : 7.082,7.25718,7.49337,7.7704,8.1422,8.59316,8.96496,9.24198,9.49178,9.74158,9.99138,10.2412,10.491,10.7408,10.9906,11.2404,11.4902,11.74,11.9898,12.2396,12.4894,12.7392,12.9889,13.2387,13.4885,13.7383,13.9882,14.238,14.4878,14.7376,14.9874,15.2372,15.5006,15.8114,16.1481,16.3979,16.5608,16.7496,16.9858,17.2492,17.56,17.8968,18.1602,18.384,18.6734,18.9706,19.234,19.4838,19.7336,19.9834,20.2332,20.483,20.7464,21.0572,21.4211,21.8202,22.3062,22.8181,23.2035,23.4805,23.7303,23.9802,24.23,24.4798,24.7296,24.9794,25.2156,25.4044,25.5536,25.7424,25.9786,26.2284,26.4782,26.728,26.9642,27.153,27.3022,27.491,27.7272,27.977,28.2268,28.4766,28.7263,28.9762,29.226,29.4758,29.7256,29.9618,30.1506,30.2998,30.4886,30.7248,30.9746,31.2244,31.4742,31.724,31.9738,32.2236,32.4734,32.7232,32.973,33.2228,33.4999,33.8852,34.3971,34.856,35.133,35.2958,35.471,35.6462,35.7954,35.9843,36.2204,36.4702,36.72,36.9562,37.145,37.2942,37.483,37.7056,37.8944,38.0437,38.2324,38.4686,38.7048,38.8936,39.0564,39.3199,39.7176,40.129,40.467,40.7914,41.1418,41.4525,41.716,41.9794,42.2902,42.6542,43.0397,43.4646,43.9032,44.3496,44.8141,45.186,45.4766,45.7874,46.1378,46.4486,46.712,46.9618,47.2116,47.4614,47.7112,47.961,48.2108,48.4606,48.7105,48.9603,49.2101,49.4599,49.7096,49.9867,50.3584,50.8094,51.1948,51.5328,51.8832,52.194,52.4574,52.7072,52.957,53.2068,53.4566,53.7065,53.9563,54.1924,54.3813,54.5305,54.7192,54.9554,55.2052,55.455,55.7048,55.9546,56.2044,56.4542,56.704,56.9538,57.2036,57.4534,57.7032,57.953,58.2028,58.4526,58.7025,58.9523,59.2021,59.4519,59.7017,59.9515,60.2012,60.451,60.7008,60.9506,61.2004,61.4502,61.7,61.9498,62.1996,62.4494,62.6992,62.949,63.1988,63.4486,63.6985,63.9483,64.1981,64.4479,64.6977,64.9338,65.109

Position (um) : 2.2553,2.2553,2.2553,2.2553,2.2553,2.2553,2.2553,2.2553,2.2553,2.2553,2.2553,2.2553,2.2553,2.2553,2.2553,2.2553,2.2553,2.2553,2.2538,2.2473,2.2366,2.2301,2.2287,2.2287,2.2287,2.2287,2.2287,2.2287,2.2287,2.2287,2.2287,2.2287,2.2287,2.2287,2.2273,2.2208,2.2101,2.2036,2.2021,2.2021,2.2021,2.2007,2.1942,2.1821,2.1691,2.157,2.1505,2.1491,2.1476,2.1411,2.1304,2.124,2.1211,2.1146,2.1039,2.0974,2.096,2.096,2.096,2.096,2.096,2.096,2.096,2.096,2.096,2.096,2.0945,2.088,2.0773,2.0709,2.068,2.0615,2.0508,2.0443,2.0414,2.0349,2.0228,2.0098,1.9977,1.9912,1.9898,1.9883,1.9818,1.9712,1.9647,1.9618,1.9553,1.9432,1.9302,1.9181,1.9116,1.9101,1.9101,1.9101,1.9087,1.9022,1.8915,1.8836,1.8757,1.865,1.8585,1.857,1.8556,1.8491,1.8384,1.8305,1.8226,1.8119,1.8039,1.796,1.7853,1.7788,1.7759,1.7695,1.7588,1.7509,1.7429,1.7322,1.7257,1.7229,1.7164,1.7057,1.6992,1.6977,1.6963,1.6898,1.6777,1.6633,1.6447,1.6275,1.6181,1.6087,1.5916,1.5744,1.5665,1.565,1.565,1.565,1.5636,1.5571,1.5464,1.5399,1.5385,1.5385,1.5385,1.5385,1.5385,1.5385,1.5385,1.5385,1.5385,1.5385,1.5385,1.5385,1.5385,1.5385,1.5385,1.5399,1.5464,1.5571,1.5636,1.565,1.5665,1.5729,1.5836,1.5901,1.5916,1.5916,1.5916,1.5916,1.5916,1.5916,1.5916,1.5916,1.5916,1.5901,1.5836,1.5729,1.5665,1.565,1.565,1.565,1.565,1.565,1.565,1.565,1.565,1.565,1.565,1.565,1.565,1.565,1.565,1.565,1.565,1.565,1.565,1.565,1.565,1.565,1.565,1.5636,1.5571,1.5464,1.5399,1.5385,1.5385,1.5385,1.5385,1.5385,1.5385,1.5385,1.5385,1.5385,1.5385,1.5385,1.5385,1.5385,1.5385,1.5385,1.5385

Intensity : 255,255,255,255,255,255,255,255,255,255,255,255,255,255,255,255,255,255,255,255,255,255,255,255,255,255,255,255,255,255,255,255,255,255,255,255,255,255,255,255,255,255,255,255,255,255,255,255,255,255,255,255,255,255,255,255,255,255,255,255,255,255,255,255,255,255,255,255,255,255,255,255,255,255,255,254.6256,253.5179,252.4476,251.435,250.417,249.8877,250.1529,250.7592,251.6174,252.0177,252.0221,252.3287,253.1632,254.2101,255,255,255,255,255,255,255,255,255,255,255,255,255,255,255,254.7011,254.4425,254.5968,255,255,255,255,255,255,255,255,255,255,254.9317,254.884,254.837,254.8723,255,255,255,255,255,255,255,255,255,255,255,255,255,255,255,255,255,255,255,255,255,255,255,255,255,255,255,255,255,255,255,255,255,255,255,255,255,255,255,255,255,255,255,255,255,255,255,255,255,255,255,255,255,255,255,255,255,255,255,255,255,255,255,255,255,255,255,255,255,255,255,255,253.9736,252.8108,251.6485,250.4861,250.3282,250.3282,250.3282,250.3282,251.3848,252.7539,253.9918,254.8687,254.3122,253.479,252.6458,251.8126,252.239,252.968,253.6971,254.4261,253.6343,252.4303,251.2268,250.0233,250.6375,251.8005,252.8999,253.7156

Time pixel : 7.05378,7.22827,7.46352,7.73944,8.10976,8.55892,8.92924,9.20516,9.45396,9.70277,9.95157,10.2004,10.4492,10.698,10.9468,11.1956,11.4444,11.6932,11.942,12.1908,12.4396,12.6884,12.9372,13.186,13.4348,13.6836,13.9325,14.1813,14.4301,14.6789,14.9277,15.1765,15.4388,15.7484,16.0838,16.3326,16.4948,16.6829,16.9181,17.1805,17.49,17.8255,18.0878,18.3108,18.599,18.895,19.1574,19.4062,19.655,19.9038,20.1526,20.4014,20.6637,20.9733,21.3358,21.7333,22.2173,22.7272,23.1111,23.387,23.6358,23.8847,24.1335,24.3823,24.6311,24.8799,25.1151,25.3032,25.4518,25.6398,25.8751,26.1239,26.3727,26.6215,26.8568,27.0448,27.1934,27.3815,27.6167,27.8655,28.1143,28.3631,28.6119,28.8608,29.1096,29.3584,29.6072,29.8424,30.0305,30.1791,30.3671,30.6024,30.8512,31.1,31.3488,31.5976,31.8464,32.0952,32.344,32.5928,32.8416,33.0904,33.3664,33.7502,34.2601,34.7171,34.993,35.1552,35.3297,35.5042,35.6528,35.8409,36.0761,36.3249,36.5737,36.809,36.997,37.1456,37.3337,37.5554,37.7434,37.8921,38.0801,38.3153,38.5506,38.7386,38.9008,39.1632,39.5594,39.9691,40.3058,40.6289,40.9779,41.2874,41.5498,41.8122,42.1217,42.4843,42.8682,43.2914,43.7283,44.1729,44.6356,45.006,45.2954,45.605,45.954,46.2635,46.5259,46.7747,47.0235,47.2723,47.5211,47.7699,48.0187,48.2675,48.5164,48.7652,49.014,49.2628,49.5116,49.7875,50.1578,50.607,50.9908,51.3275,51.6765,51.9861,52.2484,52.4972,52.746,52.9948,53.2436,53.4925,53.7413,53.9765,54.1646,54.3132,54.5012,54.7365,54.9853,55.2341,55.4829,55.7317,55.9805,56.2293,56.4781,56.7269,56.9757,57.2245,57.4733,57.7221,57.9709,58.2197,58.4686,58.7174,58.9662,59.215,59.4638,59.7126,59.9614,60.2102,60.459,60.7078,60.9566,61.2054,61.4542,61.703,61.9518,62.2006,62.4494,62.6982,62.947,63.1958,63.4447,63.6935,63.9423,64.1911,64.4399,64.6751,64.8496

Position pixel : 21.1364,21.1364,21.1364,21.1364,21.1364,21.1364,21.1364,21.1364,21.1364,21.1364,21.1364,21.1364,21.1364,21.1364,21.1364,21.1364,21.1364,21.1364,21.1228,21.062,20.9619,20.9011,20.8875,20.8875,20.8875,20.8875,20.8875,20.8875,20.8875,20.8875,20.8875,20.8875,20.8875,20.8875,20.874,20.8132,20.7131,20.6523,20.6387,20.6387,20.6387,20.6252,20.5644,20.4507,20.3292,20.2154,20.1547,20.1411,20.1276,20.0668,19.9666,19.9059,19.8788,19.818,19.7178,19.6571,19.6435,19.6435,19.6435,19.6435,19.6435,19.6435,19.6435,19.6435,19.6435,19.6435,19.63,19.5692,19.469,19.4083,19.3812,19.3204,19.2202,19.1595,19.1324,19.0716,18.9579,18.8363,18.7226,18.6619,18.6483,18.6347,18.574,18.4738,18.4131,18.3859,18.3252,18.2115,18.0899,17.9762,17.9154,17.9019,17.9019,17.9019,17.8883,17.8276,17.7274,17.6531,17.5788,17.4786,17.4178,17.4043,17.3907,17.33,17.2298,17.1555,17.0812,16.981,16.9067,16.8324,16.7322,16.6714,16.6443,16.5835,16.4834,16.4091,16.3347,16.2346,16.1738,16.1467,16.0859,15.9858,15.925,15.9114,15.8979,15.8371,15.7234,15.5883,15.4138,15.2529,15.165,15.0772,14.9162,14.7553,14.681,14.6674,14.6674,14.6674,14.6539,14.5931,14.4929,14.4322,14.4186,14.4186,14.4186,14.4186,14.4186,14.4186,14.4186,14.4186,14.4186,14.4186,14.4186,14.4186,14.4186,14.4186,14.4186,14.4322,14.4929,14.5931,14.6539,14.6674,14.681,14.7417,14.8419,14.9027,14.9162,14.9162,14.9162,14.9162,14.9162,14.9162,14.9162,14.9162,14.9162,14.9027,14.8419,14.7417,14.681,14.6674,14.6674,14.6674,14.6674,14.6674,14.6674,14.6674,14.6674,14.6674,14.6674,14.6674,14.6674,14.6674,14.6674,14.6674,14.6674,14.6674,14.6674,14.6674,14.6674,14.6674,14.6674,14.6539,14.5931,14.4929,14.4322,14.4186,14.4186,14.4186,14.4186,14.4186,14.4186,14.4186,14.4186,14.4186,14.4186,14.4186,14.4186,14.4186,14.4186,14.4186,14.4186

Brightness max : 198.20
Brightness min : 10.00
Feature direction : Antipoleward
Feature speed : Slow
Feature type : Curve
Start frame : 1
End frame : 259
Start time (s) : 0.000
End time (s) : 259.000
Time step (s) : 1.004

Feature number : 2

Time (s) : 75.25655,75.42792,75.65898,75.90334,76.14772,76.39209,76.63645,76.89414,77.19818,77.54095,77.8583,78.17567,78.51842,78.82247,79.08015,79.32452,79.5689,79.81326,80.05763,80.30201,80.54637,80.79075,81.0218,81.20649,81.35247,81.53717,81.76822,82.01259,82.25697,82.48802,82.68603,82.905,83.26107,83.70987,84.12561,84.44298,84.70066,84.94503,85.1894,85.43377,85.67814,85.92251,86.16687,86.41125,86.66893,86.9863,87.40205,87.86416,88.2799,88.61058,88.92793,89.29733,89.72072,90.17518,90.56554,90.96921,91.47002,91.93213,92.26281,92.5205,92.76486,93.00923,93.26692,93.55765,93.84073,94.04639,94.2444,94.47546,94.71982,94.96419,95.20857,95.45293,95.71062,96.01466,96.35742,96.66147,96.91915,97.16353,97.40789,97.63895,97.82364,97.96962,98.15431,98.38537,98.62974,98.91406,99.33745,99.87699,100.3004,100.5847,100.8158,101.0005,101.1465,101.3179,101.4891,101.6351,101.8065,101.9779,102.1106,102.2223

Position (um) : 1.3258,1.3258,1.3258,1.3258,1.3244,1.318,1.3076,1.2998,1.2921,1.2816,1.2753,1.2739,1.2724,1.2661,1.2556,1.2479,1.2401,1.2297,1.2233,1.2219,1.2219,1.2219,1.2205,1.2142,1.2037,1.1974,1.1959,1.1959,1.1959,1.1945,1.1882,1.1777,1.1714,1.17,1.17,1.17,1.17,1.17,1.17,1.17,1.17,1.17,1.17,1.17,1.17,1.17,1.17,1.17,1.17,1.17,1.17,1.17,1.17,1.17,1.17,1.17,1.1686,1.1622,1.1518,1.1454,1.144,1.144,1.144,1.1426,1.1362,1.1258,1.1195,1.118,1.118,1.118,1.1166,1.1103,1.0984,1.0857,1.0739,1.0675,1.0661,1.0661,1.0661,1.0647,1.0583,1.0479,1.0415,1.0401,1.0401,1.0387,1.0324,1.0219,1.0156,1.0142,1.0156,1.0219,1.0324,1.0401,1.0479,1.0583,1.0661,1.0739,1.0843,1.0906

Intensity : 173.2428,173.7724,174.6293,175.5356,176.5288,177.6698,178.8723,180.0605,181.5163,184.2588,186.5338,188.5364,190.9328,193.5675,196.2801,198.8435,202.4526,206.433,210.1249,213.3506,217.5988,221.9403,226.2697,230.648,234.7591,236.6119,237.7895,238.7528,239.716,240.0314,241.1905,243.4312,244.0183,241.3614,238.535,237.2261,237.5186,237.796,238.0734,238.5278,239.2664,240.0051,240.7438,242.1336,245.4075,249.4395,254.0349,254.0349,254.0349,252.5435,250.7132,248.5827,241.8069,233.7855,229.3523,227.0522,223.9572,220.372,219.2494,217.9231,215.5442,212.8266,209.9609,204.5652,199.1318,196.5464,193.0558,189.9047,189.566,189.2273,189.2762,190.0782,190.6071,190.5932,189.6416,193.0861,195.3315,197.2746,198.821,196.1311,194.2206,192.8875,190.7827,187.8415,190.1218,192.9637,197.1096,191.2212,185.406,181.4446,178.2894,176.0289,174.5535,172.6473,170.2985,168.1204,165.3286,161.8737,159.0632,156.8668

Time pixel : 74.95672,75.12741,75.35755,75.60094,75.84434,76.08774,76.33113,76.58779,76.89062,77.23202,77.54811,77.86421,78.2056,78.50844,78.76509,79.00849,79.25189,79.49528,79.73868,79.98208,80.22547,80.46887,80.699,80.88296,81.02836,81.21232,81.44245,81.68585,81.92925,82.15938,82.3566,82.5747,82.92935,83.37636,83.79045,84.10655,84.36321,84.6066,84.85,85.0934,85.33679,85.58019,85.82358,86.06698,86.32364,86.63974,87.05383,87.5141,87.92819,88.25755,88.57364,88.94156,89.36327,89.81592,90.20472,90.60678,91.1056,91.56587,91.89523,92.15189,92.39528,92.63868,92.89534,93.18491,93.46686,93.6717,93.86892,94.09906,94.34245,94.58585,94.82925,95.07264,95.3293,95.63213,95.97353,96.27636,96.53302,96.77642,97.01981,97.24995,97.4339,97.5793,97.76326,97.9934,98.23679,98.51998,98.94168,99.47907,99.90078,100.184,100.4141,100.5981,100.7435,100.9142,101.0848,101.2302,101.4009,101.5716,101.7038,101.815

Position pixel : 12.4255,12.4255,12.4255,12.4255,12.4122,12.3528,12.2548,12.1821,12.1094,12.0114,11.9519,11.9387,11.9254,11.866,11.768,11.6953,11.6226,11.5246,11.4651,11.4519,11.4519,11.4519,11.4386,11.3792,11.2812,11.2218,11.2085,11.2085,11.2085,11.1952,11.1358,11.0378,10.9784,10.9651,10.9651,10.9651,10.9651,10.9651,10.9651,10.9651,10.9651,10.9651,10.9651,10.9651,10.9651,10.9651,10.9651,10.9651,10.9651,10.9651,10.9651,10.9651,10.9651,10.9651,10.9651,10.9651,10.9518,10.8924,10.7944,10.735,10.7217,10.7217,10.7217,10.7084,10.649,10.551,10.4916,10.4783,10.4783,10.4783,10.465,10.4056,10.2943,10.1755,10.0642,10.0048,9.99151,9.99151,9.99151,9.97825,9.91881,9.82081,9.76138,9.74811,9.74811,9.73485,9.67541,9.57742,9.51798,9.50472,9.51798,9.57742,9.67541,9.74811,9.82081,9.91881,9.99151,10.0642,10.1622,10.2216

Brightness max : 198.20
Brightness min : 10.00
Feature direction : Antipoleward
Feature speed : Slow
Feature type : Curve
Start frame : 1
End frame : 259
Start time (s) : 0.000
End time (s) : 259.000
Time step (s) : 1.004

Feature number : 3

Time (s) : 139.0238,139.1354,139.2682,139.4716,145.3044,153.3874,162.9441

Position (um) : 2.1295,2.1231,2.1127,2.1036,1.7154,1.2985,0.72584

Intensity : 99.16715,99.76397,100.7392,101.9889,115.0028,104.0338,88.99944

Time pixel : 138.4699,138.5811,138.7133,138.9159,144.7255,152.7763,162.2949

Position pixel : 19.9575,19.8981,19.8001,19.7154,16.0764,12.1701,6.80266

Brightness max : 198.20
Brightness min : 10.00
Feature direction : Antipoleward
Feature speed : Slow
Feature type : Curve
Start frame : 1
End frame : 259
Start time (s) : 0.000
End time (s) : 259.000
Time step (s) : 1.004

Feature number : 4

Time (s) : 8.05484,8.22622,8.45727,8.70165,8.94602,9.19039,9.43476,9.69245,9.99649,10.3393,10.6433,10.9009,11.1453,11.3897,11.6341,11.8784,12.1228,12.3672,12.6115,12.8559,13.1003,13.3447,13.589,13.8334,14.0778,14.3222,14.5665,14.8109,15.0553,15.2863,15.471,15.617,15.8017,16.0328,16.2771,16.5215,16.7525,16.9373,17.0833,17.2679,17.4989,17.7433,17.9877,18.232,18.4764,18.7208,18.9652,19.2095,19.4539,19.6983,19.9427,20.187,20.4314,20.6758,20.9335,21.2375,21.5803,21.8843,22.142,22.3864,22.6308,22.8751,23.1195,23.3639,23.6083,23.8525,24.0969,24.3413,24.5857,24.83,25.0744,25.3188,25.5631,25.8075,26.0519,26.2963,26.5406,26.7717,26.9564,27.1024,27.2871,27.5181,27.7625,28.0201,28.3375,28.7533,29.2287,29.7041,30.1199,30.4373,30.6949,30.9393,31.1836,31.428,31.6724,31.9301,32.2341,32.5769,32.8943,33.2116,33.5544,33.8584,34.1161,34.3737,34.6911,35.0936,35.496,35.8134,36.0711,36.3155,36.5599,36.8041,37.0353,37.2199,37.3659,37.5506,37.7816,38.026,38.2704,38.5147,38.7591,39.0035,39.2345,39.4192,39.5652,39.7632,40.054,40.3967,40.7008,40.9585,41.2029,41.4472,41.6916,41.936,42.1803,42.4247,42.6823,42.9997,43.4155,43.8909,44.3664,44.7821,45.0995,45.3439,45.5285,45.6745,45.8592,46.0902,46.3346,46.579,46.8367,47.1407,47.4835,47.7875,48.0452,48.2896,48.534,48.7783,49.0227,49.2671,49.5115,49.7557,50.0001,50.2445,50.5022,50.8062,51.1623,51.5261,51.8821,52.1861,52.4438,52.7148,53.0786,53.5197,53.8835,54.1545,54.4121,54.7028,54.9992,55.2646,55.561,55.8517,56.1227,56.4267,56.7695,57.0736,57.3312,57.5756,57.82,58.0777,58.4083,58.8838,59.4442,59.9197,60.2637,60.5943,60.9968,61.3992,61.7299,62.0606,62.4631,62.8655,63.1828,63.4405,63.6848,63.9292,64.1736,64.4179,64.6623,64.9067,65.1511,65.3954,65.6398,65.8842,66.1286,66.3729,66.6173,66.8617,67.1061,67.3238,67.4488,67.4964,67.6214,67.8392,68.0835,68.3279,68.5723,68.8167,69.0609,69.3053,69.5497,69.7941,70.0384,70.2828,70.5272,70.7716,71.0159,71.2603,71.5047,71.7491,71.9934,72.2244,72.4092,72.5552,72.7399,72.9576,73.129,73.2153,73.3015,73.4729,73.704,73.9484,74.1928,74.4372,74.6815,74.9259,75.1703,75.4147,75.6589,75.9033,76.1477,76.3921,76.6364,76.8808,77.1252,77.3695,77.6139,77.8583,78.116,78.42,78.7628,79.0668,79.3245,79.5689,79.8133,80.0577,80.302,80.5464,80.804,81.1081,81.4376,81.6686

Position (um) : 3.0061,2.9957,2.9893,2.9879,2.9879,2.9879,2.9879,2.9879,2.9879,2.9879,2.9879,2.9879,2.9879,2.9879,2.9879,2.9879,2.9879,2.9879,2.9879,2.9879,2.9879,2.9879,2.9879,2.9879,2.9879,2.9879,2.9879,2.9879,2.9879,2.9865,2.9801,2.9697,2.9633,2.9619,2.9619,2.9619,2.9605,2.9542,2.9437,2.9374,2.936,2.936,2.936,2.936,2.936,2.936,2.936,2.936,2.936,2.9345,2.9282,2.9177,2.9114,2.91,2.91,2.91,2.91,2.91,2.91,2.91,2.91,2.91,2.91,2.91,2.91,2.91,2.91,2.91,2.91,2.91,2.91,2.91,2.91,2.91,2.91,2.91,2.91,2.9114,2.9177,2.9282,2.9345,2.936,2.936,2.936,2.936,2.936,2.936,2.936,2.936,2.936,2.936,2.936,2.936,2.936,2.936,2.936,2.936,2.936,2.936,2.936,2.936,2.936,2.936,2.936,2.936,2.936,2.936,2.936,2.936,2.936,2.936,2.936,2.9345,2.9282,2.9177,2.9114,2.91,2.91,2.91,2.91,2.91,2.91,2.9086,2.9022,2.8904,2.8763,2.858,2.8398,2.8257,2.8139,2.8075,2.8061,2.8061,2.8061,2.8061,2.8061,2.8061,2.8061,2.8061,2.8061,2.8075,2.8139,2.8243,2.8321,2.8398,2.8503,2.8566,2.858,2.858,2.858,2.858,2.858,2.858,2.858,2.858,2.858,2.858,2.858,2.858,2.858,2.858,2.858,2.858,2.858,2.858,2.858,2.858,2.858,2.858,2.858,2.858,2.858,2.858,2.858,2.858,2.858,2.858,2.8595,2.8658,2.8777,2.8904,2.9022,2.9086,2.91,2.91,2.91,2.91,2.91,2.91,2.9086,2.9022,2.8918,2.8854,2.884,2.884,2.884,2.884,2.884,2.884,2.884,2.884,2.884,2.884,2.884,2.884,2.884,2.884,2.884,2.884,2.884,2.884,2.884,2.884,2.8826,2.8763,2.8658,2.858,2.8503,2.8398,2.8335,2.8321,2.8321,2.8321,2.8321,2.8321,2.8321,2.8321,2.8321,2.8321,2.8321,2.8321,2.8321,2.8321,2.8321,2.8321,2.8321,2.8321,2.8321,2.8321,2.8321,2.8321,2.8335,2.8398,2.8503,2.8566,2.8595,2.8672,2.884,2.9008,2.91,2.9177,2.9282,2.9345,2.936,2.936,2.936,2.936,2.936,2.936,2.936,2.936,2.936,2.936,2.936,2.936,2.9345,2.9282,2.9177,2.9114,2.91,2.91,2.91,2.91,2.91,2.91,2.91,2.91,2.91,2.9086,2.9022,2.8918,2.8854

Intensity : 255,255,255,255,255,255,255,255,255,255,255,255,255,255,255,255,255,255,255,255,255,255,255,255,255,255,255,255,255,255,255,255,255,255,255,255,255,255,255,255,255,255,255,255,255,255,255,255,255,255,255,255,255,255,255,255,255,255,255,255,255,255,255,255,255,255,255,255,255,255,255,255,255,255,255,255,255,255,255,255,255,255,255,255,255,255,255,255,255,255,255,255,255,255,255,255,255,255,255,255,255,255,255,255,255,255,255,255,255,255,255,255,255,255,255,255,255,255,255,255,255,255,255,255,255,255,255,255,255,255,255,255,255,255,255,255,255,255,255,255,255,255,255,255,255,255,255,255,255,255,255,255,254.3062,253.5924,252.9873,252.8717,253.4455,254.0193,254.5931,255,255,255,255,255,255,255,255,254.8626,254.7107,254.5809,254.3367,254.0668,253.7045,251.8639,249.8453,248.3415,248.4743,249.1646,249.781,250.2797,248.7424,246.601,246.1424,246.6621,247.3135,247.8915,248.185,248.185,248.185,248.515,248.1413,246.0805,243.1986,240.3887,238.3046,239.6026,241.1828,244.031,248.0319,252.0315,254.3367,254.4069,254.4623,254.4908,254.5122,254.5335,254.5548,254.5055,254.4202,254.3349,254.2496,254.1722,254.1011,254.4685,255,253.698,250.7772,247.8564,244.9356,242.2834,240.674,240.0618,238.4539,235.6527,232.5091,229.3911,226.359,223.3268,220.2959,217.3088,214.6521,211.9954,209.3386,206.6964,205.2981,203.8997,202.5014,201.1031,199.1833,197.2075,195.2317,193.6203,194.6197,196.984,198.6999,199.8487,201.8414,204.6203,204.0386,203.031,201.7441,200.0268,198.436,197.813,197.7663,197.7195,197.6728,197.0217,195.6875,194.3527,193.0179,192.2573,192.5163,192.7753,193.0342,192.81,191.1436,189.7813,187.4831,186.262,189.3968,192.1772,194.4091,193.0594,191.7097,190.36,189.0103,189.5053,190.3414,191.728,191.8064,189.6012

Time pixel : 8.02275,8.19345,8.42358,8.66698,8.91038,9.15377,9.39717,9.65383,9.95666,10.2981,10.6009,10.8575,11.1009,11.3443,11.5877,11.8311,12.0745,12.3179,12.5613,12.8047,13.0481,13.2915,13.5349,13.7783,14.0217,14.2651,14.5085,14.7519,14.9953,15.2254,15.4094,15.5548,15.7387,15.9689,16.2123,16.4557,16.6858,16.8698,17.0152,17.1991,17.4292,17.6726,17.916,18.1594,18.4028,18.6462,18.8896,19.133,19.3764,19.6198,19.8632,20.1066,20.35,20.5934,20.8501,21.1529,21.4943,21.7971,22.0538,22.2972,22.5406,22.784,23.0274,23.2708,23.5142,23.7575,24.0009,24.2443,24.4877,24.7311,24.9745,25.2179,25.4613,25.7047,25.9481,26.1915,26.4349,26.665,26.849,26.9944,27.1784,27.4085,27.6519,27.9085,28.2246,28.6387,29.1123,29.5858,29.9999,30.316,30.5726,30.816,31.0594,31.3028,31.5462,31.8029,32.1057,32.4471,32.7632,33.0793,33.4207,33.7235,33.9802,34.2368,34.5529,34.9538,35.3546,35.6707,35.9274,36.1708,36.4142,36.6575,36.8877,37.0716,37.217,37.401,37.6311,37.8745,38.1179,38.3613,38.6047,38.8481,39.0782,39.2622,39.4076,39.6048,39.8944,40.2358,40.5386,40.7953,41.0387,41.2821,41.5255,41.7689,42.0123,42.2557,42.5123,42.8284,43.2425,43.716,44.1896,44.6037,44.9198,45.1632,45.3471,45.4925,45.6765,45.9066,46.15,46.3934,46.6501,46.9529,47.2943,47.5971,47.8538,48.0972,48.3406,48.584,48.8274,49.0708,49.3142,49.5575,49.8009,50.0443,50.301,50.6038,50.9585,51.3208,51.6754,51.9782,52.2349,52.5048,52.8671,53.3065,53.6688,53.9387,54.1953,54.4849,54.7801,55.0444,55.3396,55.6292,55.8991,56.2019,56.5433,56.8462,57.1028,57.3462,57.5896,57.8463,58.1756,58.6492,59.2074,59.681,60.0236,60.3529,60.7538,61.1546,61.484,61.8133,62.2142,62.615,62.9311,63.1877,63.4311,63.6745,63.9179,64.1613,64.4047,64.6481,64.8915,65.1349,65.3783,65.6217,65.8651,66.1085,66.3519,66.5953,66.8387,67.0556,67.1801,67.2275,67.352,67.5689,67.8123,68.0557,68.2991,68.5425,68.7858,69.0292,69.2726,69.516,69.7594,70.0028,70.2462,70.4896,70.733,70.9764,71.2198,71.4632,71.7066,71.9367,72.1207,72.2661,72.4501,72.6669,72.8376,72.9236,73.0095,73.1802,73.4104,73.6538,73.8972,74.1406,74.384,74.6274,74.8708,75.1142,75.3575,75.6009,75.8443,76.0877,76.3311,76.5745,76.8179,77.0613,77.3047,77.5481,77.8048,78.1076,78.449,78.7518,79.0085,79.2519,79.4953,79.7387,79.9821,80.2255,80.4821,80.785,81.1131,81.3432

Position pixel : 28.1735,28.0755,28.0161,28.0028,28.0028,28.0028,28.0028,28.0028,28.0028,28.0028,28.0028,28.0028,28.0028,28.0028,28.0028,28.0028,28.0028,28.0028,28.0028,28.0028,28.0028,28.0028,28.0028,28.0028,28.0028,28.0028,28.0028,28.0028,28.0028,27.9896,27.9301,27.8321,27.7727,27.7594,27.7594,27.7594,27.7462,27.6867,27.5887,27.5293,27.516,27.516,27.516,27.516,27.516,27.516,27.516,27.516,27.516,27.5028,27.4433,27.3453,27.2859,27.2726,27.2726,27.2726,27.2726,27.2726,27.2726,27.2726,27.2726,27.2726,27.2726,27.2726,27.2726,27.2726,27.2726,27.2726,27.2726,27.2726,27.2726,27.2726,27.2726,27.2726,27.2726,27.2726,27.2726,27.2859,27.3453,27.4433,27.5028,27.516,27.516,27.516,27.516,27.516,27.516,27.516,27.516,27.516,27.516,27.516,27.516,27.516,27.516,27.516,27.516,27.516,27.516,27.516,27.516,27.516,27.516,27.516,27.516,27.516,27.516,27.516,27.516,27.516,27.516,27.516,27.5028,27.4433,27.3453,27.2859,27.2726,27.2726,27.2726,27.2726,27.2726,27.2726,27.2594,27.1999,27.0887,26.9565,26.7858,26.6152,26.483,26.3718,26.3123,26.2991,26.2991,26.2991,26.2991,26.2991,26.2991,26.2991,26.2991,26.2991,26.3123,26.3718,26.4698,26.5425,26.6152,26.7131,26.7726,26.7858,26.7858,26.7858,26.7858,26.7858,26.7858,26.7858,26.7858,26.7858,26.7858,26.7858,26.7858,26.7858,26.7858,26.7858,26.7858,26.7858,26.7858,26.7858,26.7858,26.7858,26.7858,26.7858,26.7858,26.7858,26.7858,26.7858,26.7858,26.7858,26.7858,26.7991,26.8585,26.9698,27.0887,27.1999,27.2594,27.2726,27.2726,27.2726,27.2726,27.2726,27.2726,27.2594,27.1999,27.1019,27.0425,27.0292,27.0292,27.0292,27.0292,27.0292,27.0292,27.0292,27.0292,27.0292,27.0292,27.0292,27.0292,27.0292,27.0292,27.0292,27.0292,27.0292,27.0292,27.0292,27.0292,27.016,26.9565,26.8585,26.7858,26.7131,26.6152,26.5557,26.5425,26.5425,26.5425,26.5425,26.5425,26.5425,26.5425,26.5425,26.5425,26.5425,26.5425,26.5425,26.5425,26.5425,26.5425,26.5425,26.5425,26.5425,26.5425,26.5425,26.5425,26.5557,26.6152,26.7131,26.7726,26.7991,26.8718,27.0292,27.1867,27.2726,27.3453,27.4433,27.5028,27.516,27.516,27.516,27.516,27.516,27.516,27.516,27.516,27.516,27.516,27.516,27.516,27.5028,27.4433,27.3453,27.2859,27.2726,27.2726,27.2726,27.2726,27.2726,27.2726,27.2726,27.2726,27.2726,27.2594,27.1999,27.1019,27.0425

Brightness max : 198.20
Brightness min : 10.00
Feature direction : Ambiguous
Feature speed : Slow
Feature type : Curve
Start frame : 1
End frame : 259
Start time (s) : 0.000
End time (s) : 259.000
Time step (s) : 1.004

Feature number : 5

Time (s) : 9.2767,9.43476,9.60614,9.75212,9.9235,10.0949,10.2275,10.3525,10.4853,10.6567,10.8279,10.9739,11.1453,11.3167,11.4494,11.5744,11.707,11.8918,12.1095,12.2942,12.4269,12.5519,12.6713,12.7963,12.9289,13.1136,13.3447,13.5757,13.7604,13.9064,14.0911,14.3088,14.4935,14.6395,14.8242,15.0419,15.2267,15.3726,15.5573,15.775,15.9598,16.1058,16.2904,16.5082,16.6796,16.7525

Position (um) : 3.5073,3.5087,3.5151,3.5255,3.5333,3.541,3.5529,3.5656,3.5775,3.5852,3.593,3.6034,3.6112,3.6189,3.6308,3.6435,3.6568,3.6695,3.6828,3.6954,3.7087,3.7214,3.7347,3.7474,3.7607,3.7748,3.793,3.8112,3.8267,3.8449,3.8617,3.8709,3.8787,3.8891,3.8954,3.8983,3.9046,3.9151,3.9214,3.9243,3.9306,3.941,3.9474,3.9502,3.9566,3.967

Intensity : 97.80245,98.00041,97.73282,97.31394,97.43857,97.97608,98.91801,99.73219,100.6161,101.9702,103.2986,104.2695,104.5914,104.2869,103.8476,103.2807,102.8158,102.5851,102.5179,102.4089,102.297,102.2485,102.2231,101.3419,100.487,100.1259,100.7467,101.6817,102.6005,102.8375,102.4372,103.1618,103.8102,103.7568,104.6489,106.3384,106.1451,105.1208,104.7113,104.8424,104.3539,102.7307,100.4961,98.47433,96.15245,93.80489

Time pixel : 9.23974,9.39717,9.56787,9.71327,9.88396,10.0547,10.1868,10.3113,10.4435,10.6142,10.7848,10.9302,11.1009,11.2716,11.4038,11.5283,11.6604,11.8444,12.0613,12.2452,12.3774,12.5019,12.6208,12.7453,12.8774,13.0614,13.2915,13.5216,13.7056,13.851,14.035,14.2518,14.4358,14.5812,14.7651,14.982,15.166,15.3114,15.4953,15.7122,15.8962,16.0416,16.2255,16.4424,16.6131,16.6858

Position pixel : 32.8708,32.884,32.9435,33.0415,33.1142,33.1869,33.2981,33.417,33.5282,33.6009,33.6736,33.7716,33.8443,33.917,34.0283,34.1472,34.2717,34.3906,34.5151,34.634,34.7585,34.8774,35.0019,35.1208,35.2453,35.3774,35.5481,35.7188,35.8642,36.0349,36.1923,36.2783,36.351,36.449,36.5084,36.535,36.5944,36.6924,36.7518,36.7784,36.8378,36.9358,36.9952,37.0218,37.0812,37.1792

Brightness max : 198.20
Brightness min : 10.00
Feature direction : Poleward
Feature speed : Slow
Feature type : Curve
Start frame : 1
End frame : 259
Start time (s) : 0.000
End time (s) : 259.000
Time step (s) : 1.004

Feature number : 6

Time (s) : 108.2465,108.4178,108.6489,108.88,109.0646,109.2106,109.3953,109.6264,109.8707,110.1151,110.3595,110.6039,110.8482,111.0926,111.337,111.5813,111.8257,112.0833,112.3741,112.6572,112.8629,113.0742,113.3782,113.794,114.2561,114.6985,115.1352,115.6163,116.126,116.7264,117.3599,117.9216,118.4104,118.8261,119.1568,119.4874,119.8899,120.2924,120.6097,120.8673,121.1117,121.3561,121.6005,121.8448,122.1159,122.4796,122.9207,123.2845,123.5555,123.8132,124.1172,124.46,124.764,125.0349,125.3391,125.6818,125.9858,126.2436,126.5012,126.8053,127.1481,127.4521,127.7364,128.1134,128.6409,129.209,129.6767,129.9555,130.1668,130.3978,130.6422,130.8866,131.1309,131.3753,131.6197,131.8641,132.1217,132.439,132.8682,133.3899,133.9173,134.3541,134.7234,135.0276,135.2852,135.5296,135.7739,136.0449,136.4087,136.8498,137.2136,137.4845,137.7289,137.9733,138.2309,138.535,138.8778,139.1818,139.4528,139.7569,140.0997,140.4169,140.7343,141.0771,141.3944,141.7118,142.0679,142.4317,142.801,143.1647,143.5208,143.8248,144.0825,144.3402,144.6443,145.0003,145.3774,145.8064,146.2685,146.6976,147.0747,147.444,147.8078,148.1638,148.4679,148.7123,148.8969,149.0429,149.2276,149.4587,149.703,149.934,150.1188,150.2781,150.5225,150.8519,151.1559,151.4136,151.658,151.9024,152.16,152.4641,152.8069,153.1109,153.3685,153.6263,153.9303,154.273,154.5771,154.8481,155.1521,155.4949,155.7989,156.0566,156.301,156.5454,156.7898,157.0341,157.2785,157.5229,157.7805,158.0846,158.4274,158.7447,159.0754,159.4911,159.9533,160.369,160.6996,161.017,161.3598,161.6639,161.9215,162.1659,162.4103,162.6546,162.899,163.1434,163.3877,163.6321,163.8765,164.1209,164.3652,164.5963,164.781,164.927,165.1116,165.356,165.6601,166.0029,166.3069,166.5645,166.8089,167.0533,167.2976,167.542,167.7864,168.0307,168.2751,168.5195,168.7639,168.9949,169.1796,169.3256,169.5103,169.7414,169.9857,170.2301,170.4745,170.7189,170.9632,171.2076,171.452,171.6963,171.9407,172.1851,172.4295,172.6737,172.9181,173.1492,173.3339,173.4799,173.6646,173.8956,174.14,174.3844,174.6155,174.7869

Position (um) : 3.6112,3.6112,3.6112,3.6098,3.6034,3.593,3.5866,3.5852,3.5852,3.5852,3.5852,3.5852,3.5852,3.5852,3.5852,3.5852,3.5852,3.5852,3.5866,3.593,3.6034,3.6098,3.6112,3.6112,3.6112,3.6126,3.6189,3.6308,3.6449,3.6631,3.6813,3.6954,3.7073,3.7137,3.7151,3.7165,3.7228,3.7333,3.7396,3.741,3.741,3.741,3.741,3.741,3.741,3.741,3.741,3.741,3.741,3.7425,3.7488,3.7593,3.7656,3.767,3.767,3.767,3.767,3.767,3.767,3.767,3.767,3.767,3.7656,3.7593,3.7474,3.7333,3.7151,3.6983,3.6905,3.6877,3.6813,3.6695,3.6568,3.6449,3.6386,3.6372,3.6372,3.6372,3.6372,3.6372,3.6372,3.6372,3.6372,3.6372,3.6372,3.6372,3.6372,3.6372,3.6372,3.6372,3.6372,3.6372,3.6372,3.6372,3.6372,3.6372,3.6372,3.6372,3.6357,3.6294,3.6189,3.6126,3.6098,3.6034,3.593,3.5866,3.5838,3.5775,3.567,3.5592,3.5515,3.541,3.5347,3.5333,3.5333,3.5333,3.5333,3.5333,3.5333,3.5333,3.5333,3.5333,3.5333,3.5333,3.5333,3.5319,3.5255,3.5151,3.5073,3.4996,3.4891,3.4813,3.4736,3.4631,3.4568,3.4554,3.4554,3.454,3.4462,3.4294,3.4126,3.4048,3.402,3.3957,3.3852,3.3789,3.3775,3.3775,3.3775,3.3775,3.3775,3.3775,3.3775,3.3775,3.3775,3.3775,3.3775,3.3775,3.3775,3.3775,3.3789,3.3852,3.3957,3.402,3.4034,3.4034,3.4034,3.4048,3.4112,3.4216,3.4294,3.4372,3.4476,3.454,3.4554,3.4554,3.4554,3.4554,3.4554,3.4554,3.4554,3.4554,3.4554,3.4568,3.4631,3.4736,3.4799,3.4813,3.4813,3.4813,3.4813,3.4813,3.4813,3.4813,3.4813,3.4813,3.4813,3.4813,3.4813,3.4813,3.4813,3.4799,3.4736,3.4631,3.4568,3.4554,3.4554,3.4554,3.4554,3.4554,3.4554,3.4554,3.4554,3.4554,3.4554,3.4554,3.4554,3.4554,3.4554,3.454,3.4476,3.4372,3.4308,3.4294,3.4294,3.4294,3.4294,3.4294

Intensity : 194.8427,195.5633,194.8261,194.0415,193.681,193.7098,193.4456,193.2433,193.049,192.8547,192.6604,192.5627,192.5125,192.4623,192.4121,193.1839,194.5963,196.0853,197.6564,198.5128,198.5744,198.9513,200.0959,200.9764,201.7537,201.5826,200.3403,198.3305,195.3431,193.1009,193.826,194.2529,194.7975,195.6855,196.7894,197.8587,197.2485,196.1347,195.7562,197.253,198.9718,200.6905,202.7288,205.118,207.7684,211.3237,218.1173,223.7586,227.0287,226.7865,224.9504,221.6371,217.2595,214.5267,211.9852,209.8847,208.6215,207.5506,206.4801,206.4684,206.4684,206.4684,207.7194,210.7327,213.6452,210.4436,205.9315,203.1082,200.6968,197.667,196.1793,196.6118,197.1724,197.716,199.3906,203.1144,206.8959,211.5542,213.9654,215.6613,218.3585,220.8922,219.3436,215.1189,211.5399,208.1451,210.2687,212.8967,216.4244,217.7102,217.6784,217.6547,218.4554,219.5443,220.6923,222.0474,217.8191,213.8031,210.3909,208.3863,207.1812,205.8896,202.4134,197.4426,193.4409,190.926,190.1785,189.9639,189.3598,187.7381,186.1215,187.9684,189.7991,190.9105,191.6927,191.5712,191.4425,191.4701,191.6676,191.5891,190.8808,190.187,190.0355,190.2281,190.3927,190.86,192.7009,195.401,197.2988,199.3408,203.4617,208.5166,213.142,218.3572,223.764,222.2008,218.4267,215.623,215.1852,218.6873,221.2349,219.6015,216.5657,213.0512,209.9133,207.2235,211.9359,217.2933,222.0465,223.0451,223.5575,224.1353,223.887,223.2256,222.5985,221.9713,220.017,217.4333,214.8496,212.2658,210.692,209.2908,207.1366,207.7629,213.4908,220.9446,225.373,227.5938,228.9835,229.6501,230.8104,231.0891,224.4253,219.4059,215.7592,212.6677,216.936,221.2043,225.4725,229.7408,229.1757,228.1826,227.1896,226.0752,226.3755,226.6081,227.7298,230.0756,233.2147,227.2837,222.0232,217.5654,214.6186,212.5521,210.4855,208.4189,205.6889,202.2526,198.8164,195.3801,192.8014,191.7808,191.1991,190.9484,190.2701,189.5192,189.7256,189.932,190.1384,190.2197,189.6395,189.0592,188.4789,187.7454,184.1314,180.5174,176.9034,173.2908,171.052,169.0634,167.6113,166.5512,164.9528,163.0394,161.0237,159.0081,157.1018,156.9424

Time pixel : 107.8152,107.9859,108.216,108.4462,108.6301,108.7755,108.9595,109.1896,109.433,109.6764,109.9198,110.1632,110.4066,110.65,110.8934,111.1368,111.3802,111.6368,111.9264,112.2084,112.4132,112.6237,112.9265,113.3406,113.8009,114.2415,114.6765,115.1557,115.6633,116.2614,116.8923,117.4518,117.9386,118.3527,118.6821,119.0114,119.4123,119.8131,120.1292,120.3858,120.6292,120.8726,121.116,121.3594,121.6294,121.9916,122.431,122.7933,123.0632,123.3199,123.6227,123.9641,124.2669,124.5368,124.8397,125.1811,125.4839,125.7406,125.9972,126.3001,126.6415,126.9443,127.2275,127.603,128.1284,128.6942,129.1601,129.4377,129.6482,129.8783,130.1217,130.3651,130.6085,130.8519,131.0953,131.3387,131.5953,131.9114,132.3388,132.8585,133.3838,133.8188,134.1867,134.4896,134.7462,134.9896,135.233,135.5029,135.8652,136.3046,136.6669,136.9368,137.1802,137.4236,137.6802,137.9831,138.3245,138.6273,138.8972,139.2001,139.5415,139.8575,140.1736,140.515,140.8311,141.1472,141.5019,141.8642,142.2321,142.5943,142.949,143.2518,143.5085,143.7651,144.068,144.4226,144.7982,145.2255,145.6858,146.1131,146.4887,146.8566,147.2189,147.5735,147.8764,148.1198,148.3037,148.4491,148.6331,148.8632,149.1066,149.3367,149.5207,149.6794,149.9228,150.2509,150.5537,150.8104,151.0538,151.2972,151.5538,151.8567,152.1981,152.5009,152.7575,153.0142,153.317,153.6584,153.9613,154.2312,154.534,154.8754,155.1782,155.4349,155.6783,155.9217,156.1651,156.4085,156.6519,156.8953,157.1519,157.4548,157.7962,158.1123,158.4416,158.8557,159.316,159.7301,160.0594,160.3755,160.7169,161.0198,161.2764,161.5198,161.7632,162.0066,162.25,162.4934,162.7368,162.9802,163.2236,163.467,163.7104,163.9405,164.1245,164.2699,164.4538,164.6972,165.0001,165.3415,165.6443,165.9009,166.1443,166.3877,166.6311,166.8745,167.1179,167.3613,167.6047,167.8481,168.0915,168.3216,168.5056,168.651,168.835,169.0651,169.3085,169.5519,169.7953,170.0387,170.2821,170.5255,170.7689,171.0123,171.2557,171.4991,171.7425,171.9858,172.2292,172.4594,172.6433,172.7887,172.9727,173.2028,173.4462,173.6896,173.9198,174.0905

Position pixel : 33.8443,33.8443,33.8443,33.8311,33.7716,33.6736,33.6142,33.6009,33.6009,33.6009,33.6009,33.6009,33.6009,33.6009,33.6009,33.6009,33.6009,33.6009,33.6142,33.6736,33.7716,33.8311,33.8443,33.8443,33.8443,33.8576,33.917,34.0283,34.1604,34.3311,34.5018,34.634,34.7452,34.8047,34.8179,34.8312,34.8906,34.9886,35.0481,35.0613,35.0613,35.0613,35.0613,35.0613,35.0613,35.0613,35.0613,35.0613,35.0613,35.0746,35.134,35.232,35.2915,35.3047,35.3047,35.3047,35.3047,35.3047,35.3047,35.3047,35.3047,35.3047,35.2915,35.232,35.1208,34.9886,34.8179,34.6605,34.5878,34.5613,34.5018,34.3906,34.2717,34.1604,34.101,34.0877,34.0877,34.0877,34.0877,34.0877,34.0877,34.0877,34.0877,34.0877,34.0877,34.0877,34.0877,34.0877,34.0877,34.0877,34.0877,34.0877,34.0877,34.0877,34.0877,34.0877,34.0877,34.0877,34.0745,34.015,33.917,33.8576,33.8311,33.7716,33.6736,33.6142,33.5877,33.5282,33.4302,33.3575,33.2848,33.1869,33.1274,33.1142,33.1142,33.1142,33.1142,33.1142,33.1142,33.1142,33.1142,33.1142,33.1142,33.1142,33.1142,33.1009,33.0415,32.9435,32.8708,32.7981,32.7001,32.6274,32.5547,32.4567,32.3972,32.384,32.384,32.3707,32.298,32.1406,31.9831,31.9104,31.8839,31.8245,31.7265,31.667,31.6538,31.6538,31.6538,31.6538,31.6538,31.6538,31.6538,31.6538,31.6538,31.6538,31.6538,31.6538,31.6538,31.6538,31.667,31.7265,31.8245,31.8839,31.8972,31.8972,31.8972,31.9104,31.9699,32.0679,32.1406,32.2133,32.3113,32.3707,32.384,32.384,32.384,32.384,32.384,32.384,32.384,32.384,32.384,32.3972,32.4567,32.5547,32.6141,32.6274,32.6274,32.6274,32.6274,32.6274,32.6274,32.6274,32.6274,32.6274,32.6274,32.6274,32.6274,32.6274,32.6274,32.6141,32.5547,32.4567,32.3972,32.384,32.384,32.384,32.384,32.384,32.384,32.384,32.384,32.384,32.384,32.384,32.384,32.384,32.384,32.3707,32.3113,32.2133,32.1538,32.1406,32.1406,32.1406,32.1406,32.1406

Brightness max : 198.20
Brightness min : 10.00
Feature direction : Poleward
Feature speed : Slow
Feature type : Curve
Start frame : 1
End frame : 259
Start time (s) : 0.000
End time (s) : 259.000
Time step (s) : 1.004

Feature number : 7

Time (s) : 182.534,182.7001,182.9258,183.1647,183.3902,183.5695,183.7098,183.9022,184.1871,184.524,184.822,185.0869,185.3846,185.7209,186.0183,186.2826,186.5795,186.9017,187.1387,187.2903,187.4671,187.6901,187.9261,188.162,188.3978,188.6334,188.8823,189.1908,189.5845,189.9916,190.3602,190.7081,191.0043,191.2546,191.492,191.7302,191.9688,192.2083,192.4485,192.7029,193.018,193.419,193.8209,194.1528,194.4606,194.7897,195.1824,195.6855,196.1071,196.4174,196.7349,197.0917,197.41,197.6951,198.0397,198.5287,199.1154,199.663,200.1038,200.4192,200.628,200.7843,200.9789,201.2328,201.5462,201.938,202.4432,203.1045,203.8405,204.5999,205.2335,205.6371,205.9081,206.1524,206.3968,206.6545,206.9585,207.3147,207.6917,208.1074,208.5098,208.8272,209.0849,209.3293,209.5737,209.818,210.0624,210.3068,210.5511,210.7955,211.0399,211.2843,211.5153,211.6999,211.8459,212.0306,212.2617,212.506,212.7372,212.9218,213.0678,213.2525,213.4835,213.7279,213.9723,214.2167,214.461,214.7054,214.9498,215.1941,215.4385,215.6829,215.9273,216.1583,216.3297,216.4027

Position (um) : 3.3256,3.3249,3.3192,3.3094,3.3023,3.2953,3.2855,3.2785,3.2714,3.2603,3.2484,3.2358,3.2239,3.2129,3.2073,3.2068,3.2076,3.2071,3.2017,3.1922,3.1869,3.1864,3.1875,3.1885,3.1896,3.1907,3.1918,3.1929,3.194,3.195,3.1961,3.1971,3.1981,3.199,3.1999,3.2007,3.2014,3.202,3.2025,3.2029,3.2032,3.2019,3.1957,3.1851,3.1768,3.1683,3.1569,3.1493,3.145,3.1371,3.125,3.1169,3.1123,3.1042,3.092,3.084,3.081,3.0794,3.0779,3.0751,3.0674,3.0557,3.0481,3.0441,3.0366,3.025,3.0176,3.0136,3.0062,2.9957,2.9893,2.9879,2.9865,2.9801,2.9697,2.9633,2.9619,2.9619,2.9619,2.9619,2.9619,2.9619,2.9619,2.9619,2.9619,2.9619,2.9619,2.9619,2.9619,2.9619,2.9619,2.9619,2.9633,2.9697,2.9801,2.9865,2.9879,2.9879,2.9893,2.9957,3.0061,3.0125,3.0139,3.0139,3.0139,3.0139,3.0139,3.0139,3.0139,3.0153,3.0216,3.0321,3.0384,3.0413,3.0476,3.0581

Intensity : 135.9839,133.6682,131.0045,128.1858,125.6438,123.5662,121.7252,120.1114,118.0543,115.5069,113.5771,112.6089,111.6434,110.6856,109.2476,108.163,107.029,107.4808,108.8024,109.2556,110.0343,111.4079,112.237,112.8218,113.4032,113.9796,114.5916,115.3326,116.2411,116.222,115.5762,114.954,114.1613,113.4478,112.7707,112.0883,113.2362,114.6833,116.1274,117.6489,117.0501,115.43,113.6576,112.0913,110.7323,109.2202,104.1478,97.72071,95.65177,94.92999,94.49529,96.17399,97.88528,99.43623,99.23724,98.02151,96.81591,95.7023,95.03513,94.74441,94.93267,95.54192,97.20056,99.10902,101.5861,103.2757,101.3105,99.33307,98.37252,95.7528,96.2313,97.4506,97.97154,97.85973,97.78568,97.8849,99.10424,102.0272,105.1215,104.9161,103.0085,101.504,100.0304,98.62857,97.22673,95.82489,93.35829,90.80717,88.25604,85.70492,85.1927,85.13413,85.07442,85.02409,84.9996,84.9942,84.98273,84.98409,84.91595,84.34515,83.37084,82.50503,81.70453,80.91071,80.20537,79.59132,78.97727,78.36322,77.65719,76.8656,76.32485,76.05992,76.4614,78.6913,80.584,81.8263

Time pixel : 181.8068,181.9722,182.197,182.435,182.6596,182.8381,182.9779,183.1695,183.4533,183.7888,184.0857,184.3495,184.646,184.981,185.2772,185.5404,185.8362,186.1571,186.3931,186.5441,186.7202,186.9423,187.1774,187.4124,187.6472,187.8819,188.1298,188.4371,188.8292,189.2347,189.6018,189.9483,190.2433,190.4926,190.7291,190.9663,191.204,191.4425,191.6818,191.9352,192.249,192.6484,193.0487,193.3793,193.6859,194.0136,194.4048,194.9059,195.3258,195.6349,195.9511,196.3065,196.6235,196.9075,197.2507,197.7377,198.3221,198.8675,199.3066,199.6207,199.8287,199.9844,200.1782,200.4311,200.7432,201.1335,201.6367,202.2953,203.0284,203.7848,204.4158,204.8178,205.0877,205.3311,205.5745,205.8312,206.134,206.4887,206.8642,207.2783,207.6791,207.9952,208.2519,208.4953,208.7387,208.9821,209.2255,209.4689,209.7123,209.9557,210.1991,210.4425,210.6726,210.8565,211.0019,211.1859,211.416,211.6594,211.8896,212.0735,212.2189,212.4029,212.633,212.8764,213.1198,213.3632,213.6066,213.85,214.0934,214.3368,214.5802,214.8236,215.067,215.2971,215.4678,215.5405

Position pixel : 31.168,31.161,31.1078,31.0161,30.9498,30.8835,30.7921,30.726,30.66,30.5556,30.4438,30.3264,30.2149,30.1111,30.0594,30.0541,30.0623,30.0575,30.0067,29.9177,29.8675,29.8636,29.8733,29.8832,29.8933,29.9034,29.9137,29.924,29.9342,29.9442,29.9541,29.9636,29.9728,29.9814,29.9895,29.9968,30.0034,30.0091,30.0139,30.0177,30.0205,30.0089,29.95,29.8506,29.7735,29.6938,29.5864,29.5153,29.4754,29.4012,29.2875,29.2117,29.1687,29.0927,28.9785,28.9033,28.8749,28.8604,28.8466,28.8202,28.7482,28.6381,28.5671,28.5294,28.4592,28.3506,28.2808,28.2441,28.1746,28.0755,28.0161,28.0028,27.9896,27.9301,27.8321,27.7727,27.7594,27.7594,27.7594,27.7594,27.7594,27.7594,27.7594,27.7594,27.7594,27.7594,27.7594,27.7594,27.7594,27.7594,27.7594,27.7594,27.7727,27.8321,27.9301,27.9896,28.0028,28.0028,28.0161,28.0755,28.1735,28.233,28.2462,28.2462,28.2462,28.2462,28.2462,28.2462,28.2462,28.2595,28.3189,28.4169,28.4764,28.5029,28.5623,28.6603

Brightness max : 198.20
Brightness min : 10.00
Feature direction : Ambiguous
Feature speed : Slow
Feature type : Curve
Start frame : 1
End frame : 259
Start time (s) : 0.000
End time (s) : 259.000
Time step (s) : 1.004

Feature number : 8

Time (s) : 146.2207,146.3959,146.6457,146.9565,147.3069,147.6041,147.8201,148.0303,148.3333,148.6915,149.0555,149.3663,149.6297,149.8795,150.1293,150.3791,150.6289,150.8787,151.1285,151.3783,151.6145,151.8033,151.9525,152.1413,152.3775,152.6273,152.8771,153.1269,153.3767,153.6129,153.8017,153.9509,154.1397,154.3759,154.6257,154.8755,155.1117,155.3005,155.4497,155.6249,155.8001,155.9493,156.1245,156.2997,156.4489,156.6241,156.7993,156.9485,157.1373,157.3599,157.5487,157.6843,157.8121,157.9477,158.1229,158.2981,158.4337,158.5615,158.6971,158.8859,159.1221,159.3719,159.6217,159.8715,160.1213,160.3711,160.6209,160.8707,161.1205,161.3703,161.6201,161.8699,162.1061,162.2949,162.4441,162.6329,162.8555,163.0443,163.1935,163.3823,163.6185,163.8547,164.0435,164.1927,164.3815,164.6177,164.8675,165.1037,165.2925,165.4281,165.5559,165.6915,165.8667,166.0283,166.1165,166.1911,166.3053,166.4273,166.5551,166.6771,166.8049,166.9269,167.0547,167.1767,167.3045,167.4265,167.5407,167.6153,167.69,167.8041,167.9261,168.0403,168.1013

Position (um) : 4.2198,4.2198,4.2212,4.2277,4.2384,4.2463,4.2542,4.2649,4.2714,4.2729,4.2729,4.2743,4.2808,4.2915,4.298,4.2994,4.2994,4.2994,4.2994,4.2994,4.3009,4.3073,4.318,4.3245,4.326,4.326,4.3274,4.3339,4.3446,4.3525,4.3604,4.3711,4.3776,4.3805,4.387,4.3977,4.4056,4.4135,4.4242,4.4321,4.4401,4.4508,4.4587,4.4666,4.4773,4.4852,4.4932,4.5039,4.5103,4.5132,4.5197,4.5319,4.5463,4.5649,4.5835,4.5979,4.6115,4.6245,4.6366,4.6445,4.6525,4.6631,4.6696,4.6711,4.6711,4.6711,4.6711,4.6711,4.6696,4.6631,4.6525,4.646,4.6431,4.6366,4.6259,4.6194,4.6165,4.61,4.5994,4.5929,4.5914,4.59,4.5835,4.5728,4.5649,4.557,4.5463,4.5383,4.5304,4.5183,4.5053,4.4932,4.4852,4.4759,4.4587,4.4401,4.4257,4.4121,4.3991,4.3855,4.3726,4.359,4.346,4.3324,4.3195,4.3059,4.2915,4.2729,4.2542,4.2398,4.2262,4.2133,4.2011

Intensity : 81.45131,82.32376,83.10415,82.37759,81.46804,80.82911,80.74701,80.5557,80.36687,79.77326,77.28503,75.02906,72.92537,72.08192,71.62211,71.58053,71.80963,73.22923,74.64883,76.06843,77.31992,78.39555,78.7421,79.76701,81.6272,83.65599,84.65441,85.21196,85.43576,85.87862,86.50103,86.65382,87.17697,88.33556,88.96113,88.06799,87.69804,87.23985,86.29442,85.93358,85.26082,84.42762,84.24499,84.29577,84.24403,84.497,84.40604,83.94186,84.31404,85.36291,85.90077,85.4931,84.69414,83.62983,82.85347,81.62091,79.97966,78.46755,77.31466,77.35661,77.65413,77.41859,77.85954,77.09666,76.48839,75.88012,75.27184,75.09781,75.23023,76.34164,78.33937,77.60418,76.05131,75.56178,76.15455,75.56358,75.05573,75.43184,76.76448,77.1913,76.51047,76.04862,76.66622,78.184,79.1128,79.94173,79.73507,78.8689,78.47475,79.39863,80.55609,81.4869,81.2362,81.1481,82.83884,84.92928,86.07982,87.0955,88.02745,89.10283,89.44923,89.70309,89.95827,90.52164,91.08634,91.95923,93.19318,95.61194,97.9041,100.382,102.9093,105.4238,107.58

Time pixel : 145.6382,145.8127,146.0615,146.371,146.72,147.016,147.2312,147.4406,147.7424,148.0991,148.4617,148.7712,149.0336,149.2824,149.5312,149.78,150.0288,150.2776,150.5264,150.7752,151.0105,151.1985,151.3471,151.5352,151.7704,152.0192,152.2681,152.5169,152.7657,153.0009,153.189,153.3376,153.5256,153.7609,154.0097,154.2585,154.4937,154.6818,154.8304,155.0049,155.1794,155.328,155.5025,155.677,155.8256,156.0001,156.1746,156.3232,156.5113,156.733,156.921,157.0561,157.1834,157.3185,157.493,157.6674,157.8025,157.9298,158.0649,158.2529,158.4882,158.737,158.9858,159.2346,159.4834,159.7322,159.981,160.2298,160.4786,160.7274,160.9762,161.225,161.4603,161.6483,161.797,161.985,162.2067,162.3947,162.5434,162.7314,162.9667,163.2019,163.39,163.5386,163.7266,163.9619,164.2107,164.4459,164.634,164.7691,164.8963,165.0314,165.2059,165.3668,165.4547,165.529,165.6428,165.7643,165.8916,166.0131,166.1404,166.2619,166.3892,166.5107,166.638,166.7595,166.8732,166.9475,167.0219,167.1356,167.2571,167.3708,167.4316

Position pixel : 39.5479,39.5479,39.5615,39.6222,39.7224,39.7967,39.871,39.9712,40.032,40.0455,40.0455,40.0591,40.1199,40.22,40.2808,40.2943,40.2943,40.2943,40.2943,40.2943,40.3079,40.3687,40.4688,40.5296,40.5431,40.5431,40.5567,40.6175,40.7176,40.7919,40.8663,40.9664,41.0272,41.0543,41.1151,41.2152,41.2896,41.3639,41.464,41.5384,41.6127,41.7129,41.7872,41.8615,41.9617,42.036,42.1103,42.2105,42.2712,42.2983,42.3591,42.4728,42.6079,42.7824,42.9569,43.092,43.2192,43.3408,43.4545,43.5288,43.6031,43.7033,43.7641,43.7776,43.7776,43.7776,43.7776,43.7776,43.7641,43.7033,43.6031,43.5424,43.5152,43.4545,43.3543,43.2936,43.2664,43.2057,43.1055,43.0448,43.0312,43.0176,42.9569,42.8567,42.7824,42.7081,42.6079,42.5336,42.4593,42.3455,42.224,42.1103,42.036,41.9481,41.7872,41.6127,41.4776,41.3503,41.2288,41.1015,40.98,40.8527,40.7312,40.6039,40.4824,40.3551,40.22,40.0455,39.871,39.736,39.6087,39.4872,39.3734

Brightness max : 198.20
Brightness min : 10.00
Feature direction : Poleward
Feature speed : Slow
Feature type : Curve
Start frame : 1
End frame : 259
Start time (s) : 0.000
End time (s) : 259.000
Time step (s) : 1.004

Feature number : 9

Time (s) : 66.21486,66.38624,66.61729,66.86166,67.11935,67.42339,67.76615,68.0702,68.32788,68.57225,68.82994,69.1473,69.54973,69.95217,70.26953,70.5139,70.69859,70.84457,71.04258,71.33331,71.67607,71.98011,72.22448,72.40918,72.55516,72.73986,72.97091,73.21528,73.45965,73.6907,73.8754,74.02138,74.20607,74.43713,74.6815,74.92587,75.17024,75.41461,75.65898,75.90335,76.14772,76.39209,76.63646,76.88083,77.1252,77.36957,77.61394,77.85831,78.10268,78.34705,78.5781,78.77611,78.98177,79.26485,79.55558,79.81326,80.05763,80.302,80.54637,80.79074,81.03511,81.2928,81.59684,81.9396,82.24365,82.50133,82.7457,82.99007,83.23444,83.47881,83.72318,83.96755,84.21192,84.44298,84.62767,84.77365,84.94503,85.12972,85.33538,85.61846,85.90919,86.16688,86.41125,86.65562,86.89999,87.14436,87.38873,87.64641,87.95046,88.31985,88.75656,89.28401,89.8058,90.24818,90.63853,91.06759,91.54302,92.01844,92.43419,92.76486,93.10886,93.58428,94.14478,94.6202,94.95088,95.20856,95.45293,95.6973,95.94167,96.18604,96.43041,96.67478,96.91915,97.16352,97.42121,97.73857,98.141,98.57006,99.00678,99.47455,99.89795,100.2673,100.5714,100.8291,101.0734,101.3178,101.5622,101.8065,102.0775,102.4413,102.909,103.3921,103.8732,104.2966,104.6793,105.043,105.3991,105.7165,106.0338,106.3766,106.6806,106.9383,107.1827,107.4271,107.6714,107.9158,108.1602,108.4045,108.6489,108.9199,109.2836,109.7115,110.0155,110.1881,110.3728,110.6039,110.8615,111.1789,111.608,112.1564,112.7899,113.3637,113.754,114.025,114.2561,114.4408,114.5868,114.7715,115.0025,115.2735,115.6372,116.105,116.6413,117.3878,118.3241,119.1423,119.7052,120.2073,120.7214,121.1581,121.5275,121.8316,122.1026,122.4066,122.7494,123.08,123.4571,123.8982,124.2619,124.5329,124.764,124.962,125.1677,125.4641,125.8145,126.1705,126.4746,126.7323,126.9766,127.221,127.4654,127.7097,127.9541,128.1985,128.4429,128.7139,129.0776,129.5454,130.0284,130.4962,130.8732,131.2039,131.5467,131.8374,132.0221

Position (um) : 1.6115,1.6115,1.6115,1.6129,1.6192,1.6297,1.636,1.6389,1.6452,1.6557,1.662,1.6634,1.6634,1.6634,1.6634,1.6648,1.6712,1.6816,1.688,1.6894,1.6894,1.6894,1.6908,1.6971,1.7076,1.7139,1.7154,1.7154,1.7154,1.7168,1.7231,1.7336,1.7399,1.7413,1.7413,1.7413,1.7413,1.7413,1.7413,1.7427,1.7491,1.7595,1.7659,1.7687,1.7751,1.7855,1.7933,1.801,1.8115,1.8178,1.8207,1.8284,1.8452,1.8634,1.8775,1.8908,1.9035,1.9168,1.9295,1.9427,1.9554,1.9687,1.9814,1.9947,2.0074,2.0192,2.027,2.0348,2.0466,2.0593,2.0712,2.0775,2.0789,2.0804,2.0867,2.0972,2.1049,2.1127,2.1231,2.1295,2.1309,2.1309,2.1323,2.1386,2.1491,2.1554,2.1568,2.1568,2.1583,2.1646,2.1765,2.1892,2.201,2.2074,2.2102,2.2165,2.227,2.2333,2.2348,2.2362,2.2425,2.253,2.2607,2.2685,2.2789,2.2853,2.2867,2.2867,2.2867,2.2867,2.2867,2.2867,2.2867,2.2867,2.2853,2.2789,2.2685,2.2621,2.2607,2.2607,2.2593,2.253,2.2425,2.2362,2.2348,2.2348,2.2333,2.227,2.2151,2.2024,2.1906,2.1828,2.1751,2.1646,2.1583,2.1568,2.1568,2.1568,2.1568,2.1568,2.1568,2.1568,2.1568,2.1568,2.1568,2.1568,2.1568,2.1583,2.1646,2.1751,2.1814,2.1842,2.1906,2.201,2.2074,2.2088,2.2088,2.2088,2.2074,2.201,2.1892,2.1765,2.1646,2.1583,2.1554,2.1491,2.1372,2.1245,2.1127,2.1035,2.0894,2.0685,2.053,2.0375,2.0151,1.9961,1.9828,1.9765,1.9751,1.9751,1.9751,1.9751,1.9751,1.9751,1.9751,1.9751,1.9751,1.9751,1.9751,1.9751,1.9765,1.9842,2.001,2.0192,2.0333,2.0466,2.0593,2.0712,2.0775,2.0789,2.0789,2.0789,2.0789,2.0789,2.0789,2.0789,2.0789,2.0789,2.0789,2.0789,2.0804,2.0867,2.0972,2.1035,2.1049

Intensity : 238.1899,235.7286,232.6013,229.2459,225.6178,221.6949,217.8751,214.6174,212.7223,213.3769,213.946,214.3866,214.2021,213.7086,213.3194,212.9567,212.9971,213.2675,213.0241,211.5298,205.9535,201.0071,197.1093,195.8081,195.6772,194.9266,193.8834,192.7408,192.4842,192.7333,193.4388,194.6717,195.7655,195.8315,195.2668,194.7022,194.1376,193.4588,192.6507,191.9939,191.8457,191.4322,189.3739,186.9335,184.7755,183.2085,182.2443,181.2093,180.2911,178.4061,174.7129,171.5307,168.2288,163.7915,158.558,154.027,149.9686,146.1639,143.8625,141.9516,140.3068,138.8793,137.4634,135.5986,133.7751,133.2901,133.155,132.7272,132.3579,132.0076,131.632,131.2047,130.7311,130.5502,130.7184,130.94,131.1686,131.4326,131.792,132.4697,133.0754,133.5887,133.9648,133.8232,133.5277,133.476,133.6441,134.1025,134.6088,135.0846,133.5968,131.6642,126.4687,121.7732,120.8093,121.2241,122.9227,126.2902,128.458,127.2069,126.0224,125.0964,125.582,123.3706,120.1209,117.6362,116.1966,116.8554,117.5142,118.1729,118.713,118.7465,118.78,118.8135,118.9353,119.5307,120.6118,120.753,119.3163,117.2454,113.6685,111.0236,111.3475,112.5002,113.2716,113.9747,114.5365,115.058,115.4964,115.6628,115.7949,115.906,112.9425,110.4101,112.6811,116.7453,120.6973,122.6377,124.4666,126.4418,126.569,126.4222,126.2831,126.1439,125.9529,125.7616,125.5703,125.3389,124.8933,124.4346,124.1013,125.3718,126.886,127.7456,128.6654,128.4448,127.5717,126.4963,124.3691,120.3309,118.954,120.2667,121.1091,121.7127,122.1547,122.8467,124.5242,126.3844,128.4834,130.7807,132.265,132.2695,131.1387,126.6,122.918,121.3164,120.8269,121.5857,122.3027,122.7377,123.018,122.7089,122.4334,122.1243,121.2552,120.2602,119.1258,116.5848,114.4036,112.798,111.5382,110.4919,109.4904,108.1062,110.1872,112.1953,113.6832,115.6625,117.911,120.4908,123.176,123.4434,123.2,122.9566,122.7132,121.7364,120.1003,117.9095,114.3086,110.8217,109.9943,109.084,107.9739,106.3776,105.5161

Time pixel : 65.95106,66.12175,66.35189,66.59528,66.85194,67.15478,67.49617,67.799,68.05566,68.29906,68.55572,68.87181,69.27264,69.67347,69.98957,70.23296,70.41692,70.56232,70.75954,71.04912,71.39051,71.69334,71.93674,72.1207,72.2661,72.45005,72.68019,72.92358,73.16698,73.39712,73.58107,73.72647,73.91043,74.14057,74.38396,74.62736,74.87075,75.11415,75.35755,75.60094,75.84434,76.08774,76.33113,76.57453,76.81792,77.06132,77.30472,77.54811,77.79151,78.03491,78.26504,78.46226,78.6671,78.94905,79.23862,79.49528,79.73868,79.98208,80.22547,80.46887,80.71226,80.96892,81.27176,81.61315,81.91598,82.17264,82.41604,82.65943,82.90283,83.14623,83.38962,83.63302,83.87642,84.10655,84.29051,84.43591,84.6066,84.79056,84.9954,85.27735,85.56693,85.82358,86.06698,86.31038,86.55377,86.79717,87.04057,87.29722,87.60006,87.96798,88.40295,88.9283,89.448,89.88862,90.27742,90.70477,91.1783,91.65183,92.06592,92.39528,92.7379,93.21143,93.7697,94.24323,94.57259,94.82925,95.07264,95.31604,95.55943,95.80283,96.04623,96.28962,96.53302,96.77642,97.03307,97.34917,97.75,98.17735,98.61233,99.07824,99.49995,99.86787,100.1707,100.4274,100.6708,100.9142,101.1575,101.4009,101.6709,102.0331,102.499,102.9802,103.4594,103.8811,104.2623,104.6245,104.9792,105.2953,105.6114,105.9528,106.2556,106.5123,106.7557,106.9991,107.2425,107.4858,107.7292,107.9726,108.216,108.486,108.8482,109.2744,109.5772,109.7491,109.9331,110.1632,110.4199,110.736,111.1633,111.7095,112.3405,112.912,113.3008,113.5708,113.8009,113.9848,114.1302,114.3142,114.5443,114.8143,115.1765,115.6424,116.1766,116.9201,117.8527,118.6676,119.2283,119.7284,120.2404,120.6754,121.0433,121.3462,121.6161,121.9189,122.2603,122.5897,122.9652,123.4046,123.7669,124.0368,124.2669,124.4641,124.669,124.9642,125.3132,125.6679,125.9707,126.2274,126.4708,126.7142,126.9575,127.2009,127.4443,127.6877,127.9311,128.2011,128.5633,129.0292,129.5104,129.9763,130.3518,130.6812,131.0226,131.3122,131.4961

Position pixel : 15.1028,15.1028,15.1028,15.1161,15.1755,15.2735,15.333,15.3595,15.4189,15.5169,15.5764,15.5896,15.5896,15.5896,15.5896,15.6029,15.6623,15.7603,15.8198,15.833,15.833,15.833,15.8463,15.9057,16.0037,16.0632,16.0764,16.0764,16.0764,16.0897,16.1491,16.2471,16.3065,16.3198,16.3198,16.3198,16.3198,16.3198,16.3198,16.3331,16.3925,16.4905,16.5499,16.5765,16.6359,16.7339,16.8066,16.8793,16.9773,17.0367,17.0633,17.136,17.2934,17.4641,17.5962,17.7208,17.8396,17.9641,18.083,18.2075,18.3264,18.4509,18.5698,18.6943,18.8132,18.9245,18.9972,19.0699,19.1811,19.3,19.4113,19.4707,19.484,19.4972,19.5567,19.6547,19.7274,19.8001,19.8981,19.9575,19.9708,19.9708,19.984,20.0435,20.1415,20.2009,20.2142,20.2142,20.2274,20.2869,20.3981,20.517,20.6282,20.6877,20.7142,20.7736,20.8716,20.9311,20.9443,20.9576,21.017,21.115,21.1877,21.2604,21.3584,21.4179,21.4311,21.4311,21.4311,21.4311,21.4311,21.4311,21.4311,21.4311,21.4179,21.3584,21.2604,21.201,21.1877,21.1877,21.1745,21.115,21.017,20.9576,20.9443,20.9443,20.9311,20.8716,20.7604,20.6415,20.5302,20.4575,20.3848,20.2869,20.2274,20.2142,20.2142,20.2142,20.2142,20.2142,20.2142,20.2142,20.2142,20.2142,20.2142,20.2142,20.2142,20.2274,20.2869,20.3848,20.4443,20.4708,20.5302,20.6282,20.6877,20.7009,20.7009,20.7009,20.6877,20.6282,20.517,20.3981,20.2869,20.2274,20.2009,20.1415,20.0302,19.9113,19.8001,19.7141,19.582,19.386,19.2406,19.0952,18.8859,18.7076,18.5831,18.5236,18.5104,18.5104,18.5104,18.5104,18.5104,18.5104,18.5104,18.5104,18.5104,18.5104,18.5104,18.5104,18.5236,18.5963,18.7538,18.9245,19.0566,19.1811,19.3,19.4113,19.4707,19.484,19.484,19.484,19.484,19.484,19.484,19.484,19.484,19.484,19.484,19.484,19.4972,19.5567,19.6547,19.7141,19.7274

Brightness max : 198.20
Brightness min : 10.00
Feature direction : Antipoleward
Feature speed : Slow
Feature type : Curve
Start frame : 1
End frame : 259
Start time (s) : 0.000
End time (s) : 259.000
Time step (s) : 1.004

Feature number : 10

Time (s) : 82.34327,82.51465,82.7457,82.99007,83.23444,83.47881,83.72318,83.96755,84.21192,84.45629,84.68734,84.87204,85.01802,85.20272,85.43377,85.67814,85.92251,86.16688,86.41125,86.65562,86.89999,87.14436,87.37541,87.56011,87.70609,87.89078,88.12184,88.36621,88.61058,88.85495,89.09932,89.357,89.66105,90.00381,90.30785,90.56554,90.80991,91.05428,91.29865,91.54302,91.78738,92.03175,92.26281,92.4475,92.59349,92.77818,93.00923,93.2536,93.51129,93.81533,94.14478,94.38915,94.54844,94.73314,94.97751,95.28155,95.63763,96.01466,96.43041,96.82677,97.14772,97.37118,97.62107,97.91854,98.23078,98.54478,98.86091,99.17955,99.50111,99.82596,100.1678,100.5598,100.9945,101.4209,101.9104,102.5133,103.0794,103.528,103.9491,104.3929,104.8065,105.2133,105.6364,106.0096,106.3233,106.609,106.8653,107.0452

Position (um) : 2.9619,2.9619,2.9619,2.9619,2.9619,2.9619,2.9633,2.9697,2.9801,2.9865,2.9893,2.9957,3.0061,3.0125,3.0153,3.0216,3.0321,3.0384,3.0398,3.0398,3.0398,3.0398,3.0413,3.0476,3.0581,3.0644,3.0658,3.0658,3.0658,3.0658,3.0672,3.0736,3.084,3.0904,3.0918,3.0918,3.0932,3.0995,3.11,3.1163,3.1178,3.1178,3.1192,3.1255,3.136,3.1423,3.1437,3.1451,3.1515,3.1619,3.1697,3.1775,3.1879,3.1942,3.1971,3.2034,3.2153,3.228,3.2398,3.2479,3.2579,3.2707,3.2794,3.2846,3.2934,3.3077,3.323,3.3376,3.3467,3.351,3.3554,3.365,3.3787,3.3885,3.3949,3.4049,3.4191,3.4292,3.4344,3.438,3.4415,3.4461,3.4554,3.4683,3.4781,3.4873,3.4987,3.5054

Intensity : 180.5431,181.2388,182.1767,183.1686,184.1606,183.9069,182.9359,182.4562,182.5841,181.6742,179.4595,177.5656,176.1645,174.6103,173.3564,173.0717,172.9154,172.6979,172.5331,172.7664,172.9997,173.2329,173.8614,176.5639,179.0233,181.6773,184.586,187.3906,187.2606,187.1306,187.1,187.4378,185.9566,184.0698,182.0631,178.4179,174.696,171.0074,167.435,164.6273,161.9698,159.2631,156.7911,156.206,157.1827,157.9667,158.5198,159.0994,159.4095,159.3925,159.181,159.2679,160.4915,161.516,162.4594,163.7263,161.8933,158.8833,156.1259,156.7051,157.4112,158.2429,159.8327,161.5588,163.5256,165.6092,167.0788,168.6371,169.3785,168.3531,167.2449,165.9117,164.4934,163.2976,164.2769,165.4237,165.4054,165.9716,168.5846,171.305,175.3917,179.3855,183.8685,188.03,191.4282,193.5062,194.9869,196.1749

Time pixel : 82.01521,82.1859,82.41604,82.65943,82.90283,83.14623,83.38962,83.63302,83.87642,84.11981,84.34995,84.5339,84.6793,84.86326,85.0934,85.33679,85.58019,85.82358,86.06698,86.31038,86.55377,86.79717,87.0273,87.21126,87.35666,87.54062,87.77075,88.01415,88.25755,88.50094,88.74434,89.001,89.30383,89.64522,89.94806,90.20472,90.44811,90.69151,90.93491,91.1783,91.4217,91.66509,91.89523,92.07919,92.22459,92.40855,92.63868,92.88208,93.13873,93.44157,93.7697,94.01309,94.17176,94.35572,94.59911,94.90195,95.2566,95.63213,96.04623,96.441,96.76067,96.98325,97.23214,97.52842,97.83942,98.15217,98.46704,98.78441,99.10469,99.42825,99.76869,100.1591,100.5921,101.0168,101.5044,102.1049,102.6687,103.1155,103.535,103.977,104.389,104.7941,105.2156,105.5873,105.8997,106.1842,106.4396,106.6187

Position pixel : 27.7594,27.7594,27.7594,27.7594,27.7594,27.7594,27.7727,27.8321,27.9301,27.9896,28.0161,28.0755,28.1735,28.233,28.2595,28.3189,28.4169,28.4764,28.4896,28.4896,28.4896,28.4896,28.5029,28.5623,28.6603,28.7198,28.733,28.733,28.733,28.733,28.7463,28.8057,28.9037,28.9632,28.9764,28.9764,28.9897,29.0491,29.1471,29.2065,29.2198,29.2198,29.2331,29.2925,29.3905,29.4499,29.4632,29.4765,29.5359,29.6339,29.7066,29.7793,29.8773,29.9367,29.9633,30.0227,30.134,30.2528,30.3641,30.4392,30.5333,30.653,30.7344,30.7833,30.8657,31.0005,31.1436,31.2799,31.3654,31.4058,31.4475,31.5366,31.6656,31.7574,31.8174,31.9113,32.0444,32.1392,32.1874,32.2215,32.2541,32.2975,32.3841,32.5054,32.597,32.6837,32.7902,32.8525

Brightness max : 198.20
Brightness min : 10.00
Feature direction : Antipoleward
Feature speed : Slow
Feature type : Curve
Start frame : 1
End frame : 259
Start time (s) : 0.000
End time (s) : 259.000
Time step (s) : 1.004

