KYMOANALYSIS DATA

General Information :

Tiff path : E:\Google Drive\microtubule dynamics and cut7\19-15 screens and tests\PA-GFP\19-05-23 (cut7 PA-GFP, cut11-7,  with mCh MTs\
Spindle type : Monopolar
Start frame : 1
End frame : 80
Start time (s) : 0.000
End time (s) : 80.000
Time step (s) : 1.013
Num poles : 1
Num tracks : 1
Num tracks poleward : 0
Num tracks antipoleward : 1
Num tracks ambiguous : 0
Comments : {

}
Poles Information :


Pole number : 1

Time (s) : 3.76865,4.82339,5.87813,6.93287,7.98761,9.04235,10.0971,11.1518,12.2066,13.2613,14.316,15.3708,16.4255,17.4803,18.535,19.5897,20.6445,21.6992,22.754,23.8087,24.8634,25.9182,26.9729,28.0277,29.0824,30.1371,31.1919,32.2466,33.3014,34.3561,35.4108,36.4656,37.5203,38.5751,39.6298

Position (um) : 0.96297,0.9625,0.96203,0.96156,0.9611,0.96063,0.96016,0.95969,0.95923,0.95876,0.95829,0.95782,0.95735,0.95689,0.95642,0.95595,0.95548,0.95502,0.95455,0.95408,0.95361,0.95314,0.95268,0.95221,0.95174,0.95127,0.95081,0.95034,0.94987,0.9494,0.94893,0.94847,0.948,0.94753,0.94706

Intensity : 350.23762,822.29953,1270.9402,1310.7977,1297.7076,1263.3002,1221.3115,1156.6367,1131.7036,1069.7009,974.43875,890.95029,858.89839,893.73887,926.12977,907.23643,874.77816,848.44331,844.4215,827.11035,799.22546,784.92491,784.219,776.04609,754.43022,748.94584,769.52812,775.78708,742.2327,728.9841,727.00045,722.12948,697.9688,687.64546,665.99917

Time pixel : 3.72028,4.76149,5.80269,6.8439,7.8851,8.9263,9.96751,11.0087,12.0499,13.0911,14.1323,15.1735,16.2147,17.2559,18.2971,19.3383,20.3796,21.4208,22.462,23.5032,24.5444,25.5856,26.6268,27.668,28.7092,29.7504,30.7916,31.8328,32.874,33.9152,34.9564,35.9976,37.0388,38.08,39.1212

Position pixel : 9.025,9.0206,9.0162,9.0118,9.0075,9.0031,8.9987,8.9943,8.9899,8.9855,8.9812,8.9768,8.9724,8.968,8.9636,8.9592,8.9549,8.9505,8.9461,8.9417,8.9373,8.9329,8.9286,8.9242,8.9198,8.9154,8.911,8.9066,8.9022,8.8979,8.8935,8.8891,8.8847,8.8803,8.8759

Pole type : Line
Start frame : 1
End frame : 80
Start time (s) : 0.000
End time (s) : 80.000
Time step (s) : 1.013

Feature Information :


Feature number : 1

Time (s) : 7.04169,7.09464,7.17014,7.26407,7.36996,7.4639,7.54351,7.61901,7.69449,7.76999,7.84138,7.89844,7.94354,7.99649,8.04944,8.09454,8.14748,8.20454,8.2722,8.37809,8.4983,8.59635,8.67596,8.75146,8.82696,8.90246,8.97796,9.05344,9.12894,9.20033,9.25739,9.30249,9.35955,9.43094,9.50643,9.58193,9.65743,9.73292,9.80842,9.88392,9.95941,10.0349,10.1104,10.1859,10.2614,10.3369,10.4124,10.492,10.5901,10.7144,10.8387,10.9368,11.0164,11.0878,11.1448,11.1899,11.2469,11.3184,11.3938,11.4694,11.549,11.6429,11.7488,11.8428,11.9223,11.9979,12.0733,12.1488,12.2244,12.2998,12.3753,12.4508,12.5264,12.6018,12.6773,12.7529,12.8283,12.9038,12.9793,13.0548,13.1303,13.2058,13.2812,13.3568,13.4323,13.5077,13.5833,13.6629,13.7568,13.8627,13.9566,14.0404,14.1343,14.2402,14.3382,14.4363,14.5422,14.6361,14.7157,14.7912,14.8708,14.9689,15.0932,15.2176,15.3156,15.3952,15.4707,15.5462,15.6217,15.6972,15.7727,15.8482,15.9278,16.0217,16.1317,16.2442,16.3541,16.4481,16.5277,16.599,16.652

Position (um) : 1.5753,1.5753,1.5753,1.5753,1.5753,1.5753,1.5753,1.5753,1.5753,1.5753,1.5748,1.5729,1.5697,1.5673,1.565,1.5618,1.5594,1.5566,1.551,1.5439,1.5379,1.5336,1.5299,1.528,1.5271,1.5252,1.522,1.52,1.5196,1.5192,1.5172,1.514,1.5121,1.5117,1.5112,1.5093,1.5057,1.5018,1.4981,1.4962,1.4953,1.4934,1.4902,1.4882,1.4878,1.4878,1.4878,1.4878,1.4874,1.4854,1.4822,1.4803,1.4799,1.4794,1.4775,1.4743,1.4719,1.4695,1.4663,1.4644,1.4635,1.4616,1.4584,1.4564,1.456,1.456,1.456,1.456,1.456,1.4556,1.4536,1.4504,1.4485,1.448,1.448,1.448,1.448,1.448,1.448,1.448,1.448,1.448,1.448,1.448,1.4476,1.4457,1.4425,1.4401,1.4377,1.4345,1.4326,1.4317,1.4298,1.4266,1.4246,1.4242,1.4242,1.4242,1.4238,1.4218,1.4182,1.4143,1.4107,1.4087,1.4083,1.4079,1.4059,1.4027,1.4003,1.398,1.3943,1.39,1.3844,1.3789,1.3745,1.3705,1.3666,1.363,1.3606,1.3582,1.355

Intensity : 456.6369,456.7625,456.0999,455.2755,454.3462,453.5218,452.8231,452.1605,451.4979,450.8353,450.5453,451.5282,453.5625,454.8708,456.1685,458.1405,459.2472,460.5524,463.7011,467.2747,469.6924,471.1437,472.3345,472.3888,471.6962,471.6943,472.4817,472.4043,471.2339,469.6565,469.393,470.2165,469.9211,468.2959,466.5645,465.742,465.9224,466.2138,466.3155,465.391,463.826,463.0042,463.7985,464.7256,464.7371,464.3646,463.9916,463.5986,463.5082,464.6419,466.9084,468.1716,468.1722,468.2037,469.6596,472.07,473.61,474.9813,477.0527,477.9787,477.8956,478.6099,480.2964,480.9854,480.4927,479.6675,478.8433,478.0191,477.1742,476.709,477.5515,479.4852,480.3202,479.8486,478.9971,478.1446,477.2931,476.4417,475.5902,474.7376,473.8862,473.3407,473.1172,472.8934,473.0379,474.4888,477.025,478.8408,480.6143,483.0608,484.4571,484.9542,486.3505,488.3493,488.9644,488.2813,487.1396,486.1279,485.6254,486.4192,488.5489,490.6388,492.1846,492.0683,490.2039,488.7612,488.5933,489.4017,489.5322,489.6488,490.7223,492.2826,495.5411,499.36,501.3782,503.5492,506.5616,509.44,511.1192,512.8639,515.693

Time pixel : 6.95132,7.00359,7.07812,7.17085,7.27538,7.36811,7.4467,7.52123,7.59575,7.67028,7.74075,7.79708,7.8416,7.89387,7.94614,7.99066,8.04292,8.09925,8.16604,8.27057,8.38924,8.48603,8.56462,8.63915,8.71368,8.78821,8.86274,8.93726,9.01179,9.08226,9.13859,9.18311,9.23944,9.30991,9.38443,9.45896,9.53349,9.60802,9.68255,9.75708,9.8316,9.90613,9.98066,10.0552,10.1297,10.2042,10.2788,10.3574,10.4542,10.5769,10.6996,10.7964,10.875,10.9455,11.0018,11.0463,11.1026,11.1731,11.2476,11.3222,11.4008,11.4935,11.598,11.6908,11.7693,11.8439,11.9184,11.9929,12.0675,12.142,12.2165,12.291,12.3656,12.4401,12.5146,12.5892,12.6637,12.7382,12.8127,12.8873,12.9618,13.0363,13.1108,13.1854,13.2599,13.3344,13.409,13.4876,13.5803,13.6848,13.7775,13.8602,13.9529,14.0575,14.1542,14.251,14.3556,14.4483,14.5269,14.6014,14.68,14.7768,14.8995,15.0223,15.1191,15.1976,15.2722,15.3467,15.4212,15.4958,15.5703,15.6448,15.7234,15.8161,15.9247,16.0357,16.1442,16.237,16.3156,16.386,16.4383

Position pixel : 14.7637,14.7637,14.7637,14.7637,14.7637,14.7637,14.7637,14.7637,14.7637,14.7637,14.7596,14.7414,14.7114,14.6892,14.6669,14.6369,14.6146,14.5883,14.536,14.4696,14.4133,14.3728,14.3388,14.3206,14.3124,14.2942,14.2642,14.246,14.242,14.2379,14.2197,14.1897,14.1715,14.1675,14.1634,14.1452,14.1111,14.0747,14.0407,14.0225,14.0143,13.9961,13.9661,13.9479,13.9439,13.9439,13.9439,13.9439,13.9398,13.9216,13.8916,13.8734,13.8693,13.8653,13.8471,13.8171,13.7948,13.7726,13.7425,13.7243,13.7162,13.698,13.668,13.6498,13.6458,13.6458,13.6458,13.6458,13.6458,13.6417,13.6235,13.5935,13.5753,13.5712,13.5712,13.5712,13.5712,13.5712,13.5712,13.5712,13.5712,13.5712,13.5712,13.5712,13.5672,13.549,13.519,13.4967,13.4744,13.4444,13.4262,13.4181,13.3999,13.3699,13.3517,13.3476,13.3476,13.3476,13.3436,13.3254,13.2913,13.2549,13.2208,13.2026,13.1986,13.1945,13.1763,13.1463,13.1241,13.1018,13.0677,13.0273,12.975,12.9227,12.8823,12.8441,12.8077,12.7737,12.7514,12.7292,12.6991

Brightness max : 880.00
Brightness min :  0.00
Feature direction : Antipoleward
Feature speed : Slow
Feature type : Curve
Start frame : 1
End frame : 80
Start time (s) : 0.000
End time (s) : 80.000
Time step (s) : 1.013

