KYMOANALYSIS DATA

General Information :

Tiff path : E:\Google Drive\microtubule dynamics and cut7\19-15 screens and tests\cut11-7\17-09-14 FRAP of cut7-3GFP #3\37 degrees day 2 data\
Spindle type : Monopolar
Start frame : 1
End frame : 125
Start time (s) : 0.000
End time (s) : 125.000
Time step (s) : 1.008
Num poles : 1
Num tracks : 11
Num tracks poleward : 4
Num tracks antipoleward : 6
Num tracks ambiguous : 1
Comments : {

}
Poles Information :


Pole number : 1

Time (s) : 1.420709,2.43307,3.44543,4.457791,5.470151,6.482512,7.494872,8.507232,9.519593,10.53195,11.54431,12.55667,13.56903,14.58139,15.59376,16.60612,17.61848,18.63084,19.6432,20.65556,21.66792,22.68028,23.69264,24.705,25.71736,26.72972,27.74208,28.75444,29.7668,30.77916,31.79152,32.80388,33.81624,34.8286,35.84096,36.85332,37.86568,38.87805,39.89041,40.90277,41.91513,42.92749,43.93985,44.95221,45.96457,46.97693,47.98929,49.00165,50.01401,51.02637,52.03873,53.05109,54.06345,55.07581,56.08817,57.10053,58.11289,59.12525,60.13761,61.14997,62.16233,63.1747,64.18706,65.19942,66.21178,67.22414,68.2365,69.24886,70.26122,71.27358,72.28594,73.2983,74.31066,75.32302,76.33538,77.34774,78.3601,79.37246,80.38482,81.39718,82.40954,83.4219,84.43426,85.44662,86.45898,87.47135,88.48371,89.49607,90.50843,91.52079,92.53315,93.54551,94.55787,95.57023,96.58259,97.59495,98.60731,99.61967,100.632,101.6444,102.6568,103.6691,104.6815,105.6938,106.7062,107.7186,108.7309,109.7433,110.7556,111.768,112.7804,113.7927,114.8051,115.8174,116.8298,117.8422,118.8545,119.8669,120.8792,121.8916,122.904,123.9163,124.9287,125.941

Position (um) : 0.7775,0.77781,0.77811,0.77841,0.77872,0.77902,0.77933,0.77963,0.77994,0.78024,0.78055,0.78085,0.78115,0.78146,0.78176,0.78207,0.78237,0.78268,0.78298,0.78329,0.78359,0.78389,0.7842,0.7845,0.78481,0.78511,0.78542,0.78572,0.78602,0.78633,0.78663,0.78694,0.78724,0.78755,0.78785,0.78816,0.78846,0.78876,0.78907,0.78937,0.78968,0.78998,0.79029,0.79059,0.7909,0.7912,0.7915,0.79181,0.79211,0.79242,0.79272,0.79303,0.79333,0.79364,0.79394,0.79424,0.79455,0.79485,0.79516,0.79546,0.79577,0.79607,0.79638,0.79668,0.79698,0.79729,0.79759,0.7979,0.7982,0.79851,0.79881,0.79912,0.79942,0.79972,0.80003,0.80033,0.80064,0.80094,0.80125,0.80155,0.80186,0.80216,0.80246,0.80277,0.80307,0.80338,0.80368,0.80399,0.80429,0.8046,0.8049,0.8052,0.80551,0.80581,0.80612,0.80642,0.80673,0.80703,0.80734,0.80764,0.80794,0.80825,0.80855,0.80886,0.80916,0.80947,0.80977,0.81008,0.81038,0.81068,0.81099,0.81129,0.8116,0.8119,0.81221,0.81251,0.81282,0.81312,0.81342,0.81373,0.81403,0.81434,0.81464,0.81495

Intensity : 1488.4671,1542.9091,1570.8882,1535.4363,1466.5768,1433.2169,1432.1277,1414.7076,1393.5686,1388.2104,1390.9128,1363.7989,1332.6675,1323.8228,1329.4633,1324.5702,1301.7414,1276.0017,1230.631,1189.74,1163.1849,1165.8169,1149.7171,1126.7471,1119.329,1125.2557,1135.7941,1116.5572,1111.4918,1099.9631,1090.2436,1054.7859,1010,970.51712,945.08898,926.26796,888.18156,855.39269,824.55122,802.28559,802.87891,847.82478,910.57854,956.9506,975.49166,999.5372,1016.6427,1014.6937,999.73585,980.78685,973.45409,956.19965,922.6229,883.33052,850.22391,852.26233,863.42249,884.49008,895.3539,897.24602,889.98222,878.55734,877.88169,869.60216,863.8136,855.80683,843.14535,836.49366,812.85756,803.32674,800.34388,809.18997,832.94338,850.71264,874.21444,866.81827,867.76991,849.61438,838.12617,813.83019,802.96542,782.13768,765.90673,771.16223,815.21207,838.20073,844.40064,875.55479,896.23713,910.88635,882.80615,856.97004,856.9958,854.14136,852.04582,844.40205,841.84049,866.48983,880.57651,902.42715,916.49972,927.19866,938.0179,953.65102,967.88659,981.56105,972.48369,970.65518,993.64544,1035.4464,1071.9137,1093.4991,1093.457,1073.5493,1023.9118,992.82463,995.68592,1011.6726,1035.1139,1037.7904,1043.8717,1031.0054,1019.3651,1000.8157

Time pixel : 1.409434,2.41376,3.418086,4.422411,5.426737,6.431063,7.435389,8.439715,9.44404,10.44837,11.45269,12.45702,13.46134,14.46567,15.47,16.47432,17.47865,18.48297,19.4873,20.49162,21.49595,22.50028,23.5046,24.50893,25.51325,26.51758,27.52191,28.52623,29.53056,30.53488,31.53921,32.54353,33.54786,34.55219,35.55651,36.56084,37.56516,38.56949,39.57382,40.57814,41.58247,42.58679,43.59112,44.59544,45.59977,46.6041,47.60842,48.61275,49.61707,50.6214,51.62572,52.63005,53.63438,54.6387,55.64303,56.64735,57.65168,58.65601,59.66033,60.66466,61.66898,62.67331,63.67763,64.68196,65.68629,66.69061,67.69494,68.69926,69.70359,70.70792,71.71224,72.71657,73.72089,74.72522,75.72954,76.73387,77.7382,78.74252,79.74685,80.75117,81.7555,82.75983,83.76415,84.76848,85.7728,86.77713,87.78145,88.78578,89.79011,90.79443,91.79876,92.80308,93.80741,94.81173,95.81606,96.82039,97.82471,98.82904,99.83336,100.8377,101.842,102.8463,103.8507,104.855,105.8593,106.8636,107.868,108.8723,109.8766,110.8809,111.8853,112.8896,113.8939,114.8983,115.9026,116.9069,117.9112,118.9156,119.9199,120.9242,121.9285,122.9329,123.9372,124.9415

Position pixel : 7.2868,7.2896,7.2925,7.2954,7.2982,7.3011,7.3039,7.3068,7.3096,7.3125,7.3153,7.3182,7.321,7.3239,7.3267,7.3296,7.3324,7.3353,7.3382,7.341,7.3439,7.3467,7.3496,7.3524,7.3553,7.3581,7.361,7.3638,7.3667,7.3695,7.3724,7.3752,7.3781,7.3809,7.3838,7.3867,7.3895,7.3924,7.3952,7.3981,7.4009,7.4038,7.4066,7.4095,7.4123,7.4152,7.418,7.4209,7.4237,7.4266,7.4295,7.4323,7.4352,7.438,7.4409,7.4437,7.4466,7.4494,7.4523,7.4551,7.458,7.4608,7.4637,7.4665,7.4694,7.4723,7.4751,7.478,7.4808,7.4837,7.4865,7.4894,7.4922,7.4951,7.4979,7.5008,7.5036,7.5065,7.5093,7.5122,7.515,7.5179,7.5208,7.5236,7.5265,7.5293,7.5322,7.535,7.5379,7.5407,7.5436,7.5464,7.5493,7.5521,7.555,7.5578,7.5607,7.5636,7.5664,7.5693,7.5721,7.575,7.5778,7.5807,7.5835,7.5864,7.5892,7.5921,7.5949,7.5978,7.6006,7.6035,7.6064,7.6092,7.6121,7.6149,7.6178,7.6206,7.6235,7.6263,7.6292,7.632,7.6349,7.6377

Pole type : Line
Start frame : 1
End frame : 125
Start time (s) : 0.000
End time (s) : 125.000
Time step (s) : 1.008

Feature Information :


Feature number : 1

Time (s) : 39.39,40.2154,41.0409,41.8663,42.6917,43.5171,44.3425,45.1679,45.9934,46.8188,47.6442,48.4696,49.295,50.1204,50.9459,51.7713

Position (um) : 1.2019,1.2784,1.355,1.4316,1.5081,1.5847,1.6612,1.7378,1.8143,1.8909,1.9674,2.044,2.1206,2.1971,2.2737,2.3502

Intensity : 656.4798,584.8893,527.7883,470.3911,431.0105,426.8539,437.4973,443.1184,446.6432,451.5653,460.5158,476.2069,483.6013,476.8529,462.1884,447.9246

Time pixel : 39.0774,39.8963,40.7151,41.534,42.3529,43.1717,43.9906,44.8095,45.6283,46.4472,47.2661,48.0849,48.9038,49.7227,50.5415,51.3604

Position pixel : 11.2642,11.9817,12.6992,13.4166,14.1341,14.8516,15.5691,16.2866,17.004,17.7215,18.439,19.1565,19.874,20.5914,21.3089,22.0264

Brightness max : 683.65
Brightness min : 256.00
Feature direction : Antipoleward
Feature speed : 
Feature type : Line
Start frame : 1
End frame : 125
Start time (s) : 0.000
End time (s) : 125.000
Time step (s) : 1.008

Feature number : 2

Time (s) : 64.7421,65.6118,66.4814,67.351,68.2207,69.0903,69.96,70.8296,71.6992

Position (um) : 4.0353,3.951,3.8668,3.7825,3.6983,3.614,3.5298,3.4455,3.3613

Intensity : 369.7415,409.7228,440.2827,443.127,435.0034,418.5705,396.6747,379.7026,370.4286

Time pixel : 64.2283,65.091,65.9538,66.8165,67.6792,68.542,69.4047,70.2675,71.1302

Position pixel : 37.8189,37.0293,36.2396,35.45,34.6604,33.8708,33.0812,32.2915,31.5019

Brightness max : 683.65
Brightness min : 256.00
Feature direction : Poleward
Feature speed : 
Feature type : Line
Start frame : 1
End frame : 125
Start time (s) : 0.000
End time (s) : 125.000
Time step (s) : 1.008

Feature number : 3

Time (s) : 61.7115,61.7654,61.823,61.8769,61.9122,61.9473,61.9948,62.0237,62.0365,62.0717,62.1479,62.2307,62.2947,62.355,62.4125,62.4729,62.5305,62.5909,62.6484,62.7088,62.7728,62.8619,62.9669,63.056,63.1201,63.1804,63.238,63.2984,63.3559,63.4162,63.4739,63.5341,63.5981,63.6809,63.7636,63.8276,63.8879,63.952,64.0411,64.1461,64.2352,64.2992,64.3596,64.4236,64.5127,64.6242,64.7357,64.8248,64.8888,64.9427

Position (um) : 2.0139,2.0169,2.0226,2.0294,2.0382,2.0469,2.0544,2.0638,2.0749,2.085,2.0956,2.1093,2.1211,2.1286,2.135,2.1411,2.1475,2.1536,2.1599,2.1667,2.1762,2.1873,2.1967,2.2035,2.2099,2.216,2.2223,2.2285,2.2348,2.2409,2.2473,2.2534,2.2591,2.2628,2.2666,2.2723,2.2784,2.2841,2.2871,2.2885,2.2915,2.2972,2.3033,2.309,2.3121,2.3128,2.3134,2.3165,2.3215,2.3246

Intensity : 410.7001,412.1791,414.1803,416.1316,417.5238,418.8903,420.3318,421.602,422.7335,424.1234,426.1461,428.4534,430.2637,431.6581,432.761,433.0888,433.1338,433.1297,433.1278,433.1714,433.1258,433.316,433.9031,434.561,435.0155,435.4905,435.9671,436.5375,437.11,437.7514,437.7698,437.4973,436.8785,436.5078,436.1127,435.4139,434.6335,433.8802,433.482,433.3101,432.8737,432.0169,431.072,430.1608,429.6293,430.1511,430.6803,430.7358,430.3765,430.2618

Time pixel : 61.2217,61.2752,61.3323,61.3858,61.4208,61.4557,61.5028,61.5314,61.5441,61.5791,61.6547,61.7368,61.8003,61.8601,61.9172,61.9771,62.0342,62.0941,62.1512,62.2111,62.2746,62.363,62.4672,62.5556,62.6191,62.679,62.7361,62.796,62.8531,62.9129,62.9701,63.0299,63.0934,63.1755,63.2575,63.321,63.3809,63.4444,63.5328,63.637,63.7254,63.7889,63.8488,63.9123,64.0007,64.1113,64.2219,64.3103,64.3738,64.4273

Position pixel : 18.8743,18.9029,18.9563,19.0198,19.1019,19.1839,19.2538,19.3422,19.4465,19.5412,19.6397,19.7688,19.8794,19.9493,20.0092,20.0663,20.1262,20.1833,20.2431,20.3066,20.3951,20.4993,20.5877,20.6512,20.7111,20.7682,20.828,20.8852,20.945,21.0022,21.062,21.1191,21.1726,21.2075,21.2425,21.296,21.3531,21.4066,21.4351,21.4479,21.4765,21.5299,21.5871,21.6405,21.6691,21.6755,21.6818,21.7104,21.7575,21.7861

Brightness max : 683.65
Brightness min : 256.00
Feature direction : Antipoleward
Feature speed : 
Feature type : Curve
Start frame : 1
End frame : 125
Start time (s) : 0.000
End time (s) : 125.000
Time step (s) : 1.008

Feature number : 4

Time (s) : 65.7271,65.8033,65.8925,65.9917,66.1283,66.2686,66.3929,66.5044,66.5936,66.664,66.7467,66.8294,66.8934,66.9538,67.0178,67.1069,67.2184,67.3299,67.419,67.4894,67.5785,67.69,67.8015,67.8907,67.9547,68.015,68.079,68.1618,68.2509,68.3436,68.4515,68.5379,68.6046,68.6686,68.7513,68.834,68.898,68.9519,68.9871,69.0224,69.0762,69.1339,69.1877,69.223,69.2582,69.3121,69.3761,69.4588,69.5351,69.5767,69.6183,69.6946,69.7773,69.8477,69.9369,70.0484,70.1599,70.249,70.3195,70.4021,70.4848,70.5488,70.6027

Position (um) : 2.3502,2.3495,2.3465,2.3415,2.3384,2.3377,2.3377,2.3371,2.334,2.329,2.3253,2.3215,2.3158,2.3097,2.304,2.3003,2.2966,2.2909,2.2848,2.2784,2.2723,2.2666,2.2628,2.2591,2.2534,2.2473,2.2416,2.2379,2.2335,2.2247,2.2136,2.2042,2.1974,2.1917,2.188,2.1842,2.1785,2.1717,2.163,2.1542,2.1475,2.1411,2.1343,2.1255,2.1168,2.11,2.1043,2.1006,2.0962,2.0881,2.08,2.0756,2.0712,2.0631,2.0551,2.0513,2.05,2.0469,2.0419,2.0382,2.0344,2.0294,2.0264

Intensity : 431.6576,432.2522,433.3244,434.5048,435.6648,436.5667,437.2953,438.0247,439.0513,440.2203,441.3611,442.5195,443.7739,445.0638,446.3591,447.6531,449.1763,450.9874,452.6732,454.2442,455.3882,455.7975,455.9781,456.282,457.0364,457.9134,458.763,458.9423,459.1011,459.6574,460.5371,461.4195,461.6532,461.8123,461.6994,461.6342,461.9534,462.5085,463.4483,464.4335,465.1489,465.8562,466.6805,465.9983,465.3063,464.817,464.4719,464.3293,464.2015,463.5379,462.6848,461.6328,460.5733,459.64,458.635,457.5694,456.5592,455.8073,455.3126,454.7463,454.2376,453.9809,453.7673

Time pixel : 65.2055,65.2811,65.3695,65.468,65.6035,65.7427,65.866,65.9766,66.0651,66.1349,66.217,66.299,66.3625,66.4224,66.4859,66.5743,66.6849,66.7955,66.8839,66.9538,67.0422,67.1528,67.2634,67.3519,67.4154,67.4752,67.5387,67.6208,67.7092,67.8012,67.9082,67.9939,68.0601,68.1236,68.2057,68.2877,68.3512,68.4047,68.4396,68.4746,68.528,68.5852,68.6386,68.6736,68.7085,68.762,68.8255,68.9075,68.9832,69.0245,69.0658,69.1415,69.2235,69.2934,69.3818,69.4925,69.6031,69.6915,69.7614,69.8434,69.9254,69.9889,70.0424

Position pixel : 22.0264,22.02,21.9915,21.9444,21.9158,21.9094,21.9094,21.9031,21.8745,21.8274,21.7925,21.7575,21.704,21.6469,21.5934,21.5585,21.5235,21.4701,21.4129,21.3531,21.296,21.2425,21.2075,21.1726,21.1191,21.062,21.0085,20.9736,20.9323,20.8502,20.746,20.6576,20.5941,20.5406,20.5057,20.4707,20.4172,20.3537,20.2717,20.1897,20.1262,20.0663,20.0028,19.9208,19.8387,19.7752,19.7217,19.6868,19.6455,19.5698,19.4941,19.4528,19.4115,19.3358,19.2602,19.2252,19.2125,19.1839,19.1368,19.1019,19.0669,19.0198,18.9913

Brightness max : 683.65
Brightness min : 256.00
Feature direction : Poleward
Feature speed : 
Feature type : Curve
Start frame : 1
End frame : 125
Start time (s) : 0.000
End time (s) : 125.000
Time step (s) : 1.008

Feature number : 5

Time (s) : 71.7409,71.8235,71.9415,72.0882,72.2536,72.4003,72.5247,72.6362,72.7253,72.7893,72.8496,72.9072,72.9675,73.0315,73.1143,73.1969,73.2674,73.35,73.4328,73.5032,73.5859,73.6686,73.7326,73.793,73.857,73.9461,74.0511,74.1403,74.2107,74.2934,74.3761,74.4465,74.5357,74.6407,74.7299,74.8003,74.8895,74.9945,75.0836,75.1476,75.208,75.272,75.3611,75.4726,75.5841,75.6732,75.7436,75.8263,75.9091,75.9731,76.0269,76.0557,76.0686,76.0973,76.1513,76.2088,76.2628

Position (um) : 2.0631,2.0638,2.0675,2.0756,2.0844,2.0911,2.0969,2.1006,2.1043,2.11,2.1168,2.1262,2.1374,2.1461,2.1505,2.1542,2.1599,2.1667,2.1762,2.1873,2.1967,2.2035,2.2099,2.216,2.2223,2.2285,2.2348,2.2409,2.2466,2.2504,2.2541,2.2591,2.2622,2.2635,2.2666,2.2716,2.2747,2.276,2.2791,2.2848,2.2909,2.2966,2.2996,2.3003,2.301,2.304,2.309,2.3128,2.3165,2.3222,2.329,2.3384,2.3495,2.359,2.3658,2.3715,2.3745

Intensity : 452.6381,453.1055,453.8036,454.7801,456.0051,457.1749,458.2381,458.6796,458.7708,459.0483,459.4598,460.1261,460.4104,459.6237,459.3979,459.2773,458.9689,458.656,458.1836,457.6049,457.3062,457.1728,457.0449,456.9691,456.9456,457.1441,457.5054,457.8053,456.8988,456.5811,456.2825,455.6002,455.545,455.3557,454.1126,452.5531,451.3549,450.4609,449.2999,447.7295,446.1189,444.6029,443.5415,442.8739,442.212,440.7105,438.9308,437.2721,435.6202,433.7996,431.893,429.757,427.3233,424.5317,422.2004,420.1386,418.8155

Time pixel : 71.1715,71.2535,71.3705,71.5161,71.6802,71.8257,71.9491,72.0597,72.1481,72.2116,72.2714,72.3286,72.3884,72.4519,72.534,72.616,72.6859,72.7679,72.85,72.9198,73.0019,73.0839,73.1474,73.2073,73.2708,73.3592,73.4634,73.5519,73.6217,73.7038,73.7858,73.8557,73.9441,74.0483,74.1368,74.2066,74.2951,74.3993,74.4877,74.5512,74.6111,74.6746,74.763,74.8736,74.9842,75.0726,75.1425,75.2245,75.3066,75.3701,75.4235,75.4521,75.4649,75.4934,75.5469,75.604,75.6575

Position pixel : 19.3358,19.3422,19.3772,19.4528,19.5349,19.5984,19.6519,19.6868,19.7217,19.7752,19.8387,19.9271,20.0314,20.1134,20.1547,20.1897,20.2431,20.3066,20.3951,20.4993,20.5877,20.6512,20.7111,20.7682,20.828,20.8852,20.945,21.0022,21.0556,21.0906,21.1255,21.1726,21.2012,21.2139,21.2425,21.2896,21.3182,21.3309,21.3595,21.4129,21.4701,21.5235,21.5521,21.5585,21.5649,21.5934,21.6405,21.6755,21.7104,21.7639,21.8274,21.9158,22.02,22.1085,22.172,22.2254,22.254

Brightness max : 683.65
Brightness min : 256.00
Feature direction : Antipoleward
Feature speed : 
Feature type : Curve
Start frame : 1
End frame : 125
Start time (s) : 0.000
End time (s) : 125.000
Time step (s) : 1.008

Feature number : 6

Time (s) : 85.4955,86.203,86.9105,87.618,88.3255,89.033,89.7405,90.448

Position (um) : 3.3613,3.2685,3.1758,3.0831,2.9904,2.8976,2.8049,2.7122

Intensity : 380.574,367.9896,360.3323,358.8335,362.8965,366.2521,366.4002,365.1417

Time pixel : 84.817,85.5189,86.2208,86.9227,87.6245,88.3264,89.0283,89.7302

Position pixel : 31.5019,30.6329,29.7639,28.8949,28.0259,27.1569,26.2879,25.4189

Brightness max : 683.65
Brightness min : 256.00
Feature direction : Poleward
Feature speed : 
Feature type : Line
Start frame : 1
End frame : 125
Start time (s) : 0.000
End time (s) : 125.000
Time step (s) : 1.008

Feature number : 7

Time (s) : 85.0239,85.8257,86.6276,87.4294,88.2312,89.0331,89.8349,90.6367,91.4386,92.2404,93.0422

Position (um) : 1.2893,1.3754,1.4615,1.5476,1.6338,1.7199,1.806,1.8921,1.9783,2.0644,2.1505

Intensity : 496.5777,468.4068,443.4311,414.115,398.9745,397.5348,398.1129,395.2266,374.0679,361.1066,358.0661

Time pixel : 84.3491,85.1446,85.94,86.7355,87.531,88.3264,89.1219,89.9174,90.7129,91.5083,92.3038

Position pixel : 12.083,12.8902,13.6973,14.5045,15.3117,16.1188,16.926,17.7332,18.5404,19.3475,20.1547

Brightness max : 683.65
Brightness min : 256.00
Feature direction : Antipoleward
Feature speed : 
Feature type : Line
Start frame : 1
End frame : 125
Start time (s) : 0.000
End time (s) : 125.000
Time step (s) : 1.008

Feature number : 8

Time (s) : 38.8004,39.7202,40.6399,41.5597,42.4794,43.3992,44.3189,45.2387,46.1584,47.0782,47.9979

Position (um) : 3.2864,3.36,3.4336,3.5073,3.5809,3.6546,3.7282,3.8019,3.8755,3.9491,4.0228

Intensity : 392.495,389.9309,379.3907,365.6376,349.1705,343.2055,348.6324,352.8084,354.377,351.699,341.2274

Time pixel : 38.4925,39.4049,40.3174,41.2298,42.1423,43.0547,43.9672,44.8796,45.7921,46.7045,47.617

Position pixel : 30.8,31.4902,32.1804,32.8706,33.5608,34.251,34.9411,35.6313,36.3215,37.0117,37.7019

Brightness max : 683.65
Brightness min : 256.00
Feature direction : Antipoleward
Feature speed : 
Feature type : Line
Start frame : 1
End frame : 125
Start time (s) : 0.000
End time (s) : 125.000
Time step (s) : 1.008

Feature number : 9

Time (s) : 49.5218,49.6502,49.8789,50.14,50.3484,50.5116,50.6668,50.826,50.9878,51.1513,51.3155,51.4795,51.6362,51.7693,51.8821,52.0116,52.1617,52.3164,52.4693,52.6208,52.771,52.9138,53.0331,53.1331,53.2512,53.3847,53.5018,53.5752,53.6643,53.7759,53.8874,53.9765,54.0469,54.1361,54.2475,54.3655,54.4833,54.6012,54.7192,54.8371,54.9614,55.1082,55.2736,55.4202,55.5446,55.6689,55.8157,55.9811,56.1278,56.2521,56.37,56.4879,56.6059,56.7238,56.8481,56.9948,57.1603,57.3069,57.4313,57.5556,57.7024,57.8678,58.0209,58.174,58.3459,58.5214,58.6931,58.8399,58.9642,59.0821,59.1936,59.2763

Position (um) : 3.9535,3.9535,3.9534,3.9533,3.9531,3.9522,3.9489,3.9437,3.9403,3.9394,3.9391,3.9388,3.9378,3.9345,3.9292,3.9259,3.9249,3.9247,3.9245,3.9243,3.9241,3.9232,3.92,3.9147,3.9115,3.91,3.9067,3.9017,3.8986,3.898,3.8973,3.8942,3.8892,3.8862,3.8855,3.8855,3.8855,3.8855,3.8862,3.8892,3.8949,3.901,3.9067,3.9105,3.9142,3.9199,3.926,3.9317,3.9354,3.9392,3.9448,3.951,3.9566,3.9597,3.9611,3.9641,3.9698,3.9759,3.9816,3.9853,3.9891,3.9941,3.9972,3.9985,4.0016,4.0066,4.0096,4.0103,4.0103,4.0103,4.0103,4.0103

Intensity : 349.3801,350.3818,352.17,354.2198,355.8659,356.3746,356.8426,357.1637,357.349,357.4587,357.5416,357.7471,358.1364,358.6425,359.2509,359.766,360.1619,360.5193,360.461,359.642,358.8305,358.1178,357.7427,357.6593,357.3215,356.7613,357.1901,358.0197,358.7531,359.3573,359.9706,360.779,361.7754,362.6497,363.3502,363.9948,364.8712,366.0501,367.1356,367.9195,368.4678,369.2771,370.4172,371.6395,371.1754,370.3027,369.4274,368.6449,368.1257,367.6999,367.2337,366.8163,366.9804,367.7091,368.8756,369.9339,370.6099,370.964,371.1297,369.3685,366.7884,363.7734,361.3694,359.3338,356.791,354.5699,354.0686,353.9784,354.0086,354.0373,354.0644,354.0846

Time pixel : 49.1288,49.2562,49.483,49.7421,49.9488,50.1107,50.2647,50.4226,50.5831,50.7453,50.9082,51.0709,51.2264,51.3584,51.4703,51.5988,51.7477,51.9012,52.0529,52.2032,52.3522,52.4938,52.6122,52.7114,52.8286,52.961,53.0772,53.15,53.2384,53.3491,53.4597,53.5481,53.618,53.7064,53.817,53.934,54.0509,54.1679,54.2849,54.4019,54.5252,54.6708,54.8349,54.9804,55.1038,55.2271,55.3727,55.5368,55.6823,55.8057,55.9226,56.0396,56.1566,56.2736,56.3969,56.5425,56.7066,56.8521,56.9755,57.0988,57.2444,57.4085,57.5604,57.7123,57.8828,58.0569,58.2273,58.3729,58.4962,58.6132,58.7238,58.8059

Position pixel : 37.0525,37.0523,37.0516,37.0504,37.0488,37.0405,37.0098,36.9602,36.929,36.9199,36.9172,36.9144,36.9054,36.8742,36.8246,36.7936,36.7849,36.7827,36.7806,36.7786,36.7767,36.7685,36.7381,36.6893,36.659,36.6445,36.6143,36.567,36.5384,36.5321,36.5257,36.4971,36.45,36.4215,36.4151,36.4151,36.4151,36.4151,36.4215,36.45,36.5035,36.5606,36.6141,36.6491,36.684,36.7375,36.7946,36.8481,36.883,36.918,36.9714,37.0286,37.082,37.1106,37.1234,37.1519,37.2054,37.2625,37.316,37.3509,37.3859,37.433,37.4616,37.4743,37.5029,37.55,37.5785,37.5849,37.5849,37.5849,37.5849,37.5849

Brightness max : 683.65
Brightness min : 256.00
Feature direction : Ambiguous
Feature speed : 
Feature type : Curve
Start frame : 1
End frame : 125
Start time (s) : 0.000
End time (s) : 125.000
Time step (s) : 1.008

Feature number : 10

Time (s) : 61.5584,62.5859,63.6135,64.6411,65.6686,66.6962,67.7237,68.7513

Position (um) : 1.1395,1.2072,1.275,1.3428,1.4105,1.4783,1.546,1.6138

Intensity : 573.2592,540.4051,511.1626,492.8168,483.683,481.1172,461.9962,430.2518

Time pixel : 61.0698,62.0892,63.1086,64.128,65.1474,66.1668,67.1863,68.2057

Position pixel : 10.6792,11.3143,11.9493,12.5844,13.2194,13.8544,14.4895,15.1245

Brightness max : 716.00
Brightness min : 256.00
Feature direction : Antipoleward
Feature speed : Slow
Feature type : Line
Start frame : 1
End frame : 125
Start time (s) : 0.000
End time (s) : 125.000
Time step (s) : 1.008

Feature number : 11

Time (s) : 69.223,70.2337,71.2444,72.2551,73.2658,74.2766,75.2873,76.298

Position (um) : 1.6138,1.5549,1.4961,1.4373,1.3784,1.3196,1.2607,1.2019

Intensity : 423.1146,446.9188,473.0012,504.5788,513.3106,515.7862,521.8491,545.832

Time pixel : 68.6736,69.6763,70.679,71.6817,72.6844,73.6871,74.6898,75.6925

Position pixel : 15.1245,14.573,14.0216,13.4701,12.9186,12.3671,11.8156,11.2642

Brightness max : 716.00
Brightness min : 256.00
Feature direction : Poleward
Feature speed : Slow
Feature type : Line
Start frame : 1
End frame : 125
Start time (s) : 0.000
End time (s) : 125.000
Time step (s) : 1.008

