KYMOANALYSIS DATA

General Information :

Tiff path : E:\Google Drive\microtubule dynamics and cut7\20-15 screens and tests\PA-GFP\19-05-08 (PA-GFP bipoles with mCh MTs)\second session\
Spindle type : Bipolar
Start frame : 5
End frame : 73
Start time (s) : 21.690
End time (s) : 169.320
Time step (s) : 2.171
Num poles : 2
Num tracks : 3
Num tracks poleward : 2
Num tracks antipoleward : 0
Num tracks ambiguous : 0
Comments : {

}
Poles Information :


Pole number : 1

Time (s) : 10.71045,10.84987,11.04869,11.23217,11.38766,11.53514,11.68259,11.83007,11.97753,12.125,12.27246,12.41992,12.56739,12.71485,12.86233,13.00979,13.15726,13.30472,13.4522,13.59965,13.74713,13.89459,14.04204,14.18952,14.33698,14.48446,14.63191,14.77939,14.93488,15.11835,15.32521,15.50868,15.66417,15.81165,15.95107,16.0786,16.24675,16.51296,16.78379,16.98333,17.16294,17.44255,17.87617,18.32585,18.69356,19.06394,19.44621,19.77717,20.03608,20.22759,20.39113,20.59873,20.93769,21.42339,21.95323,22.43954,22.87397,23.22828,23.47187,23.67138,23.87828,24.06174,24.21718,24.36459,24.51222,24.65964,24.81508,24.99854,25.20543,25.38889,25.54433,25.69196,25.83937,25.98679,26.14223,26.33372,26.56862,26.78356,26.95159,27.13049,27.30591,27.4696,27.66109,27.90381,28.15478,28.39033,28.64131,28.89206,29.12762,29.37859,29.62131,29.81279,29.97649,30.15994,30.37487,30.62649,30.9934,31.46647,31.89742,32.23979,32.51138,32.7782,33.06521,33.35201,33.61101,33.83853,34.05346,34.25298,34.5046,34.87889,35.3005,35.70432,36.17803,36.6917,37.12612,37.42898,37.63653,37.83627,38.07899,38.32996,38.56552,38.8484,39.25156,39.77652,40.31102,40.77671,41.10757,41.33944,41.61907,42.05675,42.62708,43.24756,43.75406,44.12509,44.48027,44.91447,45.40838,45.90273,46.42529,47.01039,47.66517,48.46975,49.38983,50.29472,51.10733,51.82139,52.49462,53.1405,53.72581,54.22493,54.73882,55.36125,56.08529,56.72292,57.19751,57.58851,57.99493,58.42935,58.87984,59.35812,59.88416,60.47055,61.11513,61.73756,62.32287,62.83719,63.30374,63.7983,64.37211,64.98521,65.57985,66.15691,66.66341,67.07786,67.41676,67.72787,68.08283,68.57739,69.2465,69.98313,70.6529,71.2749,71.92881,72.60139,73.21189,73.80979,74.40704,74.9537,75.54422,76.28889,77.10541,77.88677,78.6323,79.36958,80.10686,80.82004,81.42533,81.87647,82.30351,82.81674,83.45611,84.33212,85.37117,86.65056,88.51743,90.66284,92.48498,93.81973,94.83013,95.83445,96.84116,97.56237,97.9182,98.08971,98.20109,98.28923,98.40082,98.5402,98.69565,98.88713,99.13007,99.37279,99.57253,99.76401,99.97069,100.1541,100.3259,100.5614,100.9398,101.4741,102.0866,102.5931,102.948,103.207,103.3985,103.554,103.7014,103.849,103.9964,104.1599,104.4035,104.7778,105.1833,105.499,105.7821,106.1049,106.4512,106.7463,106.9979,107.3007,107.675,108.0293,108.317,108.644,109.0903,109.5714,109.9589,110.3096,110.6845,111.127,111.6207,112.115,112.6376,113.1988,113.7211,114.2237,114.7535,115.2471,115.6381,115.9853,116.3557,116.7586,117.1883,117.6073,118.0578,118.5675,119.1101,119.635,120.0462,120.3651,120.6602,120.955,121.242,121.4928,121.7003,121.9278,122.2103,122.5016,122.7921,123.0474,123.2784,123.4979,123.7129,123.8963,124.0678,124.3114,124.6857,125.0995,125.467,125.8815,126.3752,126.9138,127.5397,128.2403,128.894,129.4719,130.0225,130.5557,131.0188,131.4932,132.1071,132.9204,133.8073,134.5176,135.0758,135.5901,136.0918,136.5263,136.8895,137.2564,137.65,138.0458,138.5436,139.1814,139.9142,140.676,141.408,141.9584,142.3698,142.885,143.677,144.6817,145.7727,146.7529,147.5629,148.3037,149.0177,149.763,150.5435,151.265,151.8629,152.3411,152.7035,152.939,153.0947,153.2061,153.2862,153.3535

Position (um) : 1.6927,1.6927,1.6927,1.6931,1.6949,1.6978,1.6996,1.7,1.7,1.7003,1.7021,1.705,1.7068,1.7072,1.7072,1.7072,1.7072,1.7072,1.7072,1.7072,1.7072,1.7072,1.7072,1.7072,1.7072,1.7072,1.7072,1.7072,1.7072,1.7072,1.7072,1.7072,1.7072,1.7072,1.7068,1.705,1.7021,1.7003,1.7,1.7,1.7,1.6996,1.6978,1.6949,1.6927,1.6905,1.6876,1.6858,1.6855,1.6855,1.6855,1.6855,1.6855,1.6855,1.6855,1.6855,1.6855,1.6855,1.6855,1.6855,1.6855,1.6855,1.6855,1.6855,1.6855,1.6855,1.6855,1.6855,1.6855,1.6851,1.6833,1.6804,1.6786,1.6782,1.6782,1.6782,1.6778,1.676,1.6731,1.6714,1.671,1.671,1.6706,1.6688,1.6659,1.6641,1.6637,1.6637,1.6637,1.6637,1.6633,1.6616,1.6586,1.6569,1.6565,1.6561,1.6543,1.6514,1.6492,1.6471,1.6441,1.6424,1.642,1.642,1.642,1.642,1.6416,1.6398,1.6369,1.6351,1.6343,1.6322,1.6275,1.6224,1.6181,1.613,1.6079,1.604,1.6006,1.5989,1.5981,1.5963,1.593,1.5895,1.5862,1.584,1.5818,1.5789,1.5767,1.5742,1.5695,1.5644,1.5605,1.5568,1.5532,1.5495,1.546,1.5427,1.5405,1.5383,1.5354,1.534,1.5358,1.5405,1.5452,1.5474,1.5482,1.5499,1.5528,1.5546,1.555,1.5546,1.5528,1.5499,1.5482,1.5478,1.5478,1.5478,1.5478,1.5478,1.5478,1.5478,1.5478,1.5478,1.5478,1.5478,1.5474,1.5452,1.5405,1.5354,1.5311,1.526,1.5213,1.5192,1.5188,1.5188,1.5184,1.5166,1.5133,1.5098,1.5064,1.5043,1.5021,1.4992,1.497,1.4945,1.4898,1.4851,1.4829,1.4821,1.4804,1.4774,1.4753,1.4727,1.468,1.4633,1.4612,1.4604,1.4586,1.4557,1.4535,1.451,1.4459,1.4394,1.4344,1.4322,1.4318,1.4318,1.4318,1.4318,1.4318,1.4318,1.4318,1.4314,1.4296,1.4267,1.4249,1.4245,1.4245,1.4245,1.4245,1.4245,1.4245,1.4245,1.4245,1.4245,1.4245,1.4245,1.4245,1.4245,1.4245,1.4245,1.4245,1.4245,1.4245,1.4245,1.4245,1.4245,1.4245,1.4245,1.4245,1.4245,1.4245,1.4245,1.4249,1.4267,1.4296,1.4314,1.4318,1.4318,1.4318,1.4318,1.4318,1.4318,1.4318,1.4318,1.4318,1.4318,1.4314,1.4296,1.4267,1.4245,1.4224,1.4191,1.4151,1.4097,1.4032,1.3977,1.3934,1.3883,1.3828,1.3767,1.3683,1.3593,1.3499,1.3393,1.3289,1.3202,1.3145,1.3104,1.3068,1.3031,1.2996,1.2963,1.2945,1.2941,1.2937,1.2919,1.2886,1.2851,1.2818,1.28,1.2796,1.2796,1.2792,1.277,1.2719,1.2651,1.2579,1.2506,1.243,1.2335,1.2216,1.2101,1.2028,1.1991,1.1926,1.1787,1.1601,1.1411,1.126,1.1129,1.1006,1.0898,1.0814,1.0775,1.0763,1.0745,1.0712,1.0673,1.0614,1.0528,1.0418,1.0288,1.0128,0.99517,0.97815,0.96543,0.95598,0.94246,0.92151,0.89547,0.86944,0.8477,0.83104,0.81792,0.80594,0.79184,0.7766,0.76364,0.75308,0.74584,0.74151,0.73819,0.73603,0.73386,0.73095,0.72918

Intensity : 301.3341,310.5643,323.0787,334.6429,344.5651,354.0937,363.5329,372.8561,382.1426,391.4689,400.9326,410.5218,420.0079,429.3542,438.6606,447.9656,448.5773,448.1019,447.6264,447.151,446.6754,446.2,445.7246,445.2491,444.7736,444.2981,443.8227,443.3471,442.8458,442.2542,442.2358,442.5739,442.8604,443.1321,443.3803,443.5751,443.8155,444.2569,444.7378,445.0992,445.4245,445.7534,445.5221,445.2631,445.065,444.8726,444.668,442.6054,440.4266,438.8209,437.4496,435.7089,432.8668,428.7942,425.7628,424.5101,423.3911,422.4784,421.8509,421.337,420.804,420.6808,420.5814,420.4871,420.3927,420.2984,420.199,420.0816,419.9493,419.836,419.7589,419.7096,419.6533,419.5792,419.8634,420.545,421.3877,422.1801,422.8199,423.4778,424.1023,424.6799,425.3602,426.2353,427.1467,427.2219,426.9585,426.6891,426.436,426.1664,425.9307,425.8539,425.9184,425.9074,425.7705,425.2442,424.5715,423.8304,423.1528,422.7119,422.5669,420.1525,416.7444,413.2804,410.152,407.4039,404.862,402.6912,400.0368,396.9783,395.6723,394.6407,393.8054,392.9844,393.3546,394.5711,395.5871,396.3679,397.0593,397.2402,397.4132,397.5694,400.7892,410.3726,420.2068,428.8438,434.9882,438.1743,439.9184,442.6254,446.0144,449.5719,451.9679,453.5094,454.9962,456.8652,459.0475,457.9092,454.7299,451.2248,447.3442,447.0744,447.4244,445.4196,440.6622,436.547,428.8165,418.6432,409.4772,401.7792,397.0696,391.7849,385.6247,382.3252,381.9809,381.7079,381.4239,381.1203,382.9753,386.6015,390.5898,395.0356,400.1507,405.3047,410.1514,414.4102,417.0586,419.5858,422.7338,426.0526,426.2761,425.5569,424.8372,424.0703,423.076,421.6674,420.0757,417.883,414.8695,411.0898,407.5813,404.3648,401.9078,400.5588,399.2732,397.9934,396.4568,395.1479,394.1777,393.5471,393.4315,393.2526,394.9303,397.694,400.5974,400.9883,400.2916,399.7532,399.2396,400.1286,402.4183,405.5877,405.1056,402.0106,393.774,386.7431,384.0008,384.8717,388.5824,389.2476,383.1005,378.6966,376.4051,375.3296,374.8761,374.7648,374.3137,373.4565,372.429,371.1632,369.5574,367.9529,366.6327,365.3669,363.5322,361.4879,359.5743,356.9494,352.7326,346.7787,340.3578,338.958,337.977,337.2612,336.732,336.3024,335.895,335.487,335.0796,334.6278,335.305,336.8748,338.5757,339.8996,341.066,342.3443,343.386,343.2407,343.1591,343.0781,342.9779,342.8831,342.8061,342.7116,342.5588,342.3941,342.2614,342.1414,342.0132,341.2196,340.3578,339.5581,338.7842,338.5611,338.7983,339.1793,339.6635,340.6007,342.0386,343.4381,344.6482,345.8762,347.221,346.0246,344.4209,342.6483,340.79,339.6055,339.2526,338.9573,338.668,338.3738,338.0768,337.8143,337.5708,337.2759,336.9138,336.611,336.4257,336.3508,336.3382,336.2398,336.0548,336.1585,336.3276,336.6129,337.1008,337.6746,338.2169,338.8024,339.9655,341.35,343.0486,344.0163,341.578,339.3226,337.2838,337.1927,338.0637,339.344,341.6276,343.6095,345.0158,346.5748,346.9529,346.6927,346.1666,345.757,344.59,341.3262,337.4397,333.4168,328.2703,322.9587,319.6959,316.6208,314.0389,312.2682,310.8622,308.9338,309.0485,314.3993,319.4669,318.6702,317.7253,318.8325,320.4065,322.5621,320.2583,317.8957,315.9844,313.5884,311.1147,309.4833,308.4022,307.6064,306.9867,306.4878

Time pixel : 4.93335,4.99757,5.08915,5.17366,5.24528,5.31321,5.38113,5.44906,5.51698,5.58491,5.65283,5.72075,5.78868,5.8566,5.92453,5.99245,6.06038,6.1283,6.19623,6.26415,6.33208,6.4,6.46792,6.53585,6.60377,6.6717,6.73962,6.80755,6.87917,6.96368,7.05896,7.14347,7.21509,7.28302,7.34724,7.40598,7.48343,7.60605,7.7308,7.82271,7.90544,8.03423,8.23396,8.44109,8.61046,8.78106,8.95714,9.10958,9.22884,9.31705,9.39238,9.488,9.64413,9.86785,10.1119,10.3359,10.536,10.6992,10.8114,10.9033,10.9986,11.0831,11.1547,11.2226,11.2906,11.3585,11.4301,11.5146,11.6099,11.6944,11.766,11.834,11.9019,11.9698,12.0414,12.1296,12.2378,12.3368,12.4142,12.4966,12.5774,12.6528,12.741,12.8528,12.9684,13.0769,13.1925,13.308,13.4165,13.5321,13.6439,13.7321,13.8075,13.892,13.991,14.1069,14.2759,14.4938,14.6923,14.85,14.9751,15.098,15.2302,15.3623,15.4816,15.5864,15.6854,15.7773,15.8932,16.0656,16.2598,16.4458,16.664,16.9006,17.1007,17.2402,17.3358,17.4278,17.5396,17.6552,17.7637,17.894,18.0797,18.3215,18.5677,18.7822,18.9346,19.0414,19.1702,19.3718,19.6345,19.9203,20.1536,20.3245,20.4881,20.6881,20.9156,21.1433,21.384,21.6535,21.9551,22.3257,22.7495,23.1663,23.5406,23.8695,24.1796,24.4771,24.7467,24.9766,25.2133,25.5,25.8335,26.1272,26.3458,26.5259,26.7131,26.9132,27.1207,27.341,27.5833,27.8534,28.1503,28.437,28.7066,28.9435,29.1584,29.3862,29.6505,29.9329,30.2068,30.4726,30.7059,30.8968,31.0529,31.1962,31.3597,31.5875,31.8957,32.235,32.5435,32.83,33.1312,33.441,33.7222,33.9976,34.2727,34.5245,34.7965,35.1395,35.5156,35.8755,36.2189,36.5585,36.8981,37.2266,37.5054,37.7132,37.9099,38.1463,38.4408,38.8443,39.3229,39.9122,40.7721,41.7603,42.5996,43.2144,43.6798,44.1424,44.6061,44.9383,45.1022,45.1812,45.2325,45.2731,45.3245,45.3887,45.4603,45.5485,45.6604,45.7722,45.8642,45.9524,46.0476,46.1321,46.2112,46.3197,46.494,46.7401,47.0222,47.2555,47.419,47.5383,47.6265,47.6981,47.766,47.834,47.9019,47.9772,48.0894,48.2618,48.4486,48.594,48.7244,48.8731,49.0326,49.1685,49.2844,49.4239,49.5963,49.7595,49.892,50.0426,50.2482,50.4698,50.6483,50.8098,50.9825,51.1863,51.4137,51.6414,51.8821,52.1406,52.3812,52.6127,52.8567,53.0841,53.2642,53.4241,53.5947,53.7803,53.9782,54.1712,54.3787,54.6135,54.8634,55.1052,55.2946,55.4415,55.5774,55.7132,55.8454,55.9609,56.0565,56.1613,56.2914,56.4256,56.5594,56.677,56.7834,56.8845,56.9835,57.068,57.147,57.2592,57.4316,57.6222,57.7915,57.9824,58.2098,58.4579,58.7462,59.0689,59.37,59.6362,59.8898,60.1354,60.3487,60.5672,60.85,61.2246,61.6331,61.9603,62.2174,62.4543,62.6854,62.8855,63.0528,63.2218,63.4031,63.5854,63.8147,64.1085,64.446,64.7969,65.1341,65.3876,65.5771,65.8144,66.1792,66.642,67.1445,67.596,67.9691,68.3103,68.6392,68.9825,69.342,69.6743,69.9497,70.17,70.3369,70.4454,70.5171,70.5684,70.6053,70.6363

Position pixel : 15.8642,15.8642,15.8642,15.8679,15.8844,15.9118,15.9284,15.9321,15.9321,15.9358,15.9524,15.9797,15.9963,16,16,16,16,16,16,16,16,16,16,16,16,16,16,16,16,16,16,16,16,16,15.9963,15.9797,15.9524,15.9358,15.9321,15.9321,15.9321,15.9284,15.9118,15.8844,15.8642,15.8439,15.8165,15.7999,15.7962,15.7962,15.7962,15.7962,15.7962,15.7962,15.7962,15.7962,15.7962,15.7962,15.7962,15.7962,15.7962,15.7962,15.7962,15.7962,15.7962,15.7962,15.7962,15.7962,15.7962,15.7925,15.7759,15.7486,15.732,15.7283,15.7283,15.7283,15.7246,15.708,15.6807,15.6641,15.6604,15.6604,15.6567,15.6401,15.6127,15.5962,15.5925,15.5925,15.5925,15.5925,15.5888,15.5722,15.5448,15.5282,15.5245,15.5208,15.5042,15.4769,15.4566,15.4363,15.409,15.3924,15.3887,15.3887,15.3887,15.3887,15.385,15.3684,15.341,15.3245,15.3171,15.2968,15.2528,15.2052,15.1646,15.117,15.0693,15.0325,15.0014,14.9848,14.9774,14.9608,14.9298,14.8966,14.8656,14.8453,14.825,14.7976,14.7774,14.7534,14.7094,14.6618,14.6249,14.5902,14.557,14.5222,14.4891,14.458,14.4377,14.4174,14.3901,14.3772,14.3938,14.4377,14.4817,14.502,14.5094,14.5259,14.5533,14.5699,14.5736,14.5699,14.5533,14.5259,14.5094,14.5057,14.5057,14.5057,14.5057,14.5057,14.5057,14.5057,14.5057,14.5057,14.5057,14.5057,14.502,14.4817,14.4377,14.3901,14.3495,14.3019,14.258,14.2377,14.234,14.234,14.2303,14.2137,14.1826,14.1495,14.1184,14.0981,14.0778,14.0505,14.0302,14.0062,13.9623,13.9183,13.898,13.8906,13.8741,13.8467,13.8264,13.8024,13.7585,13.7146,13.6943,13.6869,13.6703,13.6429,13.6226,13.5987,13.551,13.4905,13.4429,13.4226,13.4189,13.4189,13.4189,13.4189,13.4189,13.4189,13.4189,13.4152,13.3986,13.3712,13.3546,13.3509,13.3509,13.3509,13.3509,13.3509,13.3509,13.3509,13.3509,13.3509,13.3509,13.3509,13.3509,13.3509,13.3509,13.3509,13.3509,13.3509,13.3509,13.3509,13.3509,13.3509,13.3509,13.3509,13.3509,13.3509,13.3509,13.3509,13.3546,13.3712,13.3986,13.4152,13.4189,13.4189,13.4189,13.4189,13.4189,13.4189,13.4189,13.4189,13.4189,13.4189,13.4152,13.3986,13.3712,13.3509,13.3307,13.2996,13.2627,13.2114,13.1509,13.0995,13.059,13.0113,12.96,12.9028,12.8241,12.7396,12.6514,12.5524,12.455,12.3727,12.3192,12.2807,12.2476,12.2128,12.1796,12.1486,12.132,12.1283,12.1246,12.108,12.077,12.0438,12.0127,11.9962,11.9925,11.9925,11.9888,11.9685,11.9208,11.8566,11.7887,11.7208,11.6491,11.5609,11.4491,11.3409,11.273,11.2379,11.177,11.047,10.8725,10.6948,10.5532,10.4302,10.3146,10.2135,10.1348,10.098,10.0869,10.0703,10.0392,10.0024,9.94731,9.8665,9.76383,9.64244,9.49213,9.32681,9.16731,9.04805,8.9595,8.83283,8.63646,8.39245,8.14845,7.94467,7.78853,7.66557,7.55337,7.42122,7.27831,7.15693,7.05795,6.99003,6.94945,6.9184,6.89811,6.87782,6.85048,6.83389

Pole type : Curve
Start frame : 5
End frame : 73
Start time (s) : 21.690
End time (s) : 169.320
Time step (s) : 2.171

Pole number : 2

Time (s) : 10.99735,11.10881,11.29228,11.53514,11.77799,11.96949,12.13304,12.31651,12.52334,12.70682,12.86233,13.00979,13.15726,13.30472,13.4522,13.59965,13.74713,13.89459,14.04204,14.18952,14.35307,14.57254,14.83875,15.05824,15.22178,15.36926,15.52475,15.70822,15.91508,16.09855,16.25404,16.40955,16.59303,16.80789,17.02738,17.24227,17.42575,17.58123,17.72871,17.87617,18.03168,18.23122,18.51812,18.8644,19.20336,19.54235,19.89666,20.23562,20.57461,20.92089,21.21582,21.45941,21.71029,21.96127,22.19682,22.45561,22.74262,23.03744,23.34052,23.67138,24.0257,24.35656,24.69177,25.13075,25.67112,26.15417,26.59272,27.07925,27.65305,28.25009,28.77265,29.22292,29.62934,30.02859,30.50687,31.06005,31.57437,32.03289,32.46731,32.87373,33.2567,33.70328,34.32571,35.10902,35.84304,36.50087,37.15022,37.77613,38.40616,39.15604,40.06353,40.93606,41.65771,42.36091,43.20783,44.07776,44.92989,45.77941,46.75703,47.90268,48.98732,49.9517,50.87721,51.80076,52.60209,53.25991,53.86584,54.49175,55.14111,55.80718,56.58506,57.50384,58.40178,59.20549,59.85658,60.46599,61.06758,61.6136,62.0719,62.49091,62.91274,63.28768,63.63483,63.98111,64.28396,64.57966,65.00214,65.61198,66.36446,67.14169,67.84641,68.48577,69.2185,70.01114,70.69632,71.19891,71.60598,72.04843,72.54213,73.0204,73.47892,73.96545,74.51125,75.09309,75.67492,76.24482,76.83121,77.43975,78.03505,78.74432,79.59254,80.4577,81.25794,81.94051,82.56164,83.12372,83.69883,84.45152,85.3195,86.12886,86.82207,87.37612,87.79513,88.12947,88.40909,88.70392,89.04629,89.46204,89.98244,90.4935,90.97525,91.39361,91.70472,91.95634,92.27526,92.73769,93.28262,93.75308,94.10805,94.40309,94.65406,94.85358,95.0531,95.29582,95.54679,95.77431,95.99728,96.2248,96.48359,96.7706,97.06542,97.3685,97.7074,98.12185,98.63638,99.24948,99.88733,100.4646,100.9197,101.29,101.5768,101.7844,101.9839,102.2268,102.4778,102.7134,102.9962,103.4072,103.9604,104.5101,104.9326,105.2563,105.5746,105.8613,106.0969,106.3199,106.5394,106.7543,106.9458,107.1453,107.4123,107.7953,108.3411,109.0022,109.6596,110.2781,110.9353,111.6046,112.2025,112.757,113.3989,114.1716,114.928,115.5222,116.058,116.718,117.3676,117.8817,118.3454,118.9587,119.6791,120.341,120.919,121.4936,122.1428,122.8038,123.3496,123.7569,124.1479,124.6216,125.1562,125.6974,126.1963,126.7304,127.3563,128.0775,128.8463,129.6322,130.4682,131.2895,132.0142,132.5726,133.0272,133.5263,134.1549,134.7927,135.3465,135.789,136.144,136.4831,136.8454,137.2284,137.6708,138.1726,138.7029,139.2767,139.838,140.3091,140.7515,141.1972,141.649,142.1495,142.6371,143.1503,143.6327,144.0191,144.3428,144.7213,145.1835,145.6932,146.1997,146.6654,147.0403,147.3515,147.6382,147.8892,148.0807,148.2362,148.3838,148.5392,148.7227,148.9376,149.1651,149.4159,149.6669,149.9024,150.1534,150.4122,150.6998,151.1063,151.636,152.2259,152.8598,153.545,154.2223,154.7961,155.2104,155.49,155.713,155.9044,156.0959,156.3109,156.5464,156.8495,157.2236,157.5779,157.8495,158.0724,158.252,158.3814,158.4552,158.481,158.4851,158.4851,158.4851,158.4851,158.481,158.4552,158.3814,158.268,158.1686

Position (um) : 4.2438,4.2434,4.2413,4.2366,4.2319,4.2297,4.2293,4.2293,4.2293,4.2289,4.2272,4.2243,4.2225,4.2221,4.2221,4.2221,4.2221,4.2221,4.2221,4.2221,4.2221,4.2221,4.2221,4.2221,4.2221,4.2221,4.2221,4.2221,4.2221,4.2221,4.2221,4.2221,4.2221,4.2221,4.2221,4.2221,4.2221,4.2221,4.2221,4.2221,4.2221,4.2221,4.2221,4.2221,4.2221,4.2221,4.2221,4.2221,4.2217,4.2199,4.217,4.2152,4.2149,4.2149,4.2149,4.2145,4.2127,4.2098,4.208,4.2076,4.2076,4.2076,4.2076,4.2076,4.2076,4.2076,4.2076,4.2076,4.2072,4.2054,4.2025,4.2007,4.2004,4.2,4.1982,4.1953,4.1931,4.1909,4.188,4.1863,4.1859,4.1859,4.1855,4.1833,4.1782,4.1714,4.1645,4.159,4.1547,4.1496,4.1445,4.1406,4.1373,4.1355,4.1351,4.1351,4.1351,4.1351,4.1351,4.1351,4.1351,4.1355,4.1373,4.1402,4.142,4.1424,4.1424,4.1424,4.1424,4.1424,4.1424,4.1424,4.1428,4.1445,4.1475,4.1492,4.1496,4.1496,4.1496,4.15,4.1518,4.1547,4.1569,4.159,4.162,4.1641,4.1663,4.1692,4.1714,4.1735,4.1765,4.1786,4.1808,4.1837,4.1855,4.1859,4.1859,4.1863,4.188,4.1909,4.1927,4.1931,4.1931,4.1935,4.1961,4.2033,4.2149,4.2268,4.2362,4.2438,4.2515,4.2601,4.2685,4.2742,4.2779,4.2797,4.2801,4.2801,4.2801,4.2801,4.2801,4.2801,4.2801,4.2801,4.2801,4.2801,4.2805,4.2826,4.2881,4.2967,4.3069,4.3159,4.3232,4.3286,4.3334,4.3406,4.35,4.3572,4.3616,4.3649,4.3667,4.3674,4.3692,4.3725,4.3761,4.3794,4.3816,4.3837,4.387,4.3906,4.3939,4.396,4.3986,4.4041,4.4131,4.425,4.4366,4.4446,4.4507,4.4573,4.4626,4.4668,4.4707,4.4758,4.4808,4.4848,4.4889,4.4946,4.5026,4.509,4.512,4.5142,4.5171,4.5192,4.5214,4.5243,4.5261,4.5265,4.5265,4.5265,4.5261,4.5243,4.5214,4.5196,4.5192,4.5192,4.5192,4.5192,4.5192,4.5192,4.5192,4.5192,4.5192,4.5192,4.5192,4.5192,4.5192,4.5192,4.5192,4.5192,4.5192,4.5192,4.5192,4.5192,4.5189,4.5171,4.5142,4.5124,4.512,4.512,4.512,4.512,4.512,4.512,4.512,4.512,4.512,4.512,4.5116,4.5098,4.5065,4.503,4.4997,4.4979,4.4971,4.495,4.4903,4.4856,4.483,4.4808,4.4779,4.4758,4.4736,4.4703,4.4668,4.4634,4.4617,4.4613,4.4613,4.4613,4.4613,4.4613,4.4613,4.4613,4.4613,4.4613,4.4613,4.4613,4.4613,4.4613,4.4613,4.4613,4.4613,4.4613,4.4613,4.4613,4.4613,4.4613,4.4613,4.4613,4.4613,4.4613,4.4613,4.4613,4.4613,4.4613,4.4617,4.4634,4.4664,4.4685,4.4707,4.474,4.4779,4.4834,4.4899,4.495,4.4975,4.4997,4.503,4.5065,4.5102,4.5138,4.5175,4.5214,4.5265,4.5316,4.5355,4.5392,4.5428,4.5461,4.5482,4.5504,4.5533,4.5551,4.5555,4.5555,4.5555,4.5555,4.5555,4.5555,4.5555

Intensity : 462.2178,471.8785,487.7023,508.5408,529.3591,545.8488,560.0093,575.9204,593.8574,609.7438,623.1157,635.7099,634.9358,632.5712,630.2324,627.8939,625.555,623.2165,620.878,618.5392,615.9456,612.465,608.2432,604.7623,602.746,603.8716,605.0583,606.4586,608.0374,609.4377,610.6244,611.8113,613.2116,614.8515,616.5267,618.1668,619.9266,622.0852,624.1326,626.1797,628.3386,631.1087,635.0916,639.8989,644.6046,649.2453,646.6569,644.1806,641.6599,638.9253,636.4226,634.4205,632.5247,628.9982,625.6884,622.0078,617.7843,613.3451,608.928,604.2702,600.3801,598.1804,595.9518,593.0332,589.4406,587.3874,589.4607,591.7609,594.4513,597.5071,605.9244,613.1829,619.7965,626.2875,631.3541,627.3505,623.635,620.2636,616.9344,615.9411,615.7727,615.6307,615.3936,612.4226,606.6733,601.1697,597.2694,595.2177,592.3162,588.7608,582.7957,577.4614,568.2387,556.7965,544.1523,541.1909,541.3908,542.2185,545.7189,549.0129,546.6375,544.5922,534.2994,524.5202,516.1771,509.0919,502.38,495.4933,488.4403,481.2057,473.5509,468.8479,464.3755,463.4599,464.0013,464.2238,464.6866,465.6965,466.5441,467.4747,468.9885,471.4515,473.6096,475.7905,478.0195,479.576,481.5997,479.1423,474.0241,468.7105,468.8408,470.118,471.5044,473.0078,474.1388,474.7902,475.2515,475.1934,475.3478,475.7554,475.926,474.3184,468.7392,462.868,457.3862,454.5267,454.4217,454.3035,453.7876,454.6627,456.2082,460.1764,474.1567,484.7004,493.2327,493.6684,494.0814,494.6178,486.8616,477,468.5536,460.6824,454.6994,449.9254,445.9326,441.7228,436.9707,432.854,427.5683,422.2396,417.1539,415.2767,415.905,416.5869,417.6348,419.4447,422.0752,418.3592,414.769,411.8447,409.2958,407.2176,405.2807,403.1241,400.9291,400.3183,399.771,399.2543,398.7459,398.2626,397.8387,397.404,396.9225,393.9156,390.4786,386.6651,383.0315,386.1391,388.6974,391.1066,393.0723,394.5762,396.0531,395.9009,395.0812,393.4037,391.2933,388.2621,384.1928,381.8375,381.1351,380.5897,379.9811,379.4555,378.9841,378.4567,378.7235,379.3559,379.9497,380.5684,381.435,382.8053,384.8338,390.1332,396.643,402.727,407.6293,409.3,410.7923,412.1763,410.407,407.1811,404.0231,400.4748,396.9879,392.693,388.8992,387.2416,385.7464,383.7689,381.6769,380.1029,378.7287,377.3622,379.6399,382.5987,385.0754,386.8299,386.4593,385.9925,385.4657,384.9323,384.0584,382.7941,381.3123,379.605,372.7134,365.5772,359.049,355.8549,353.1056,352.6366,356.2036,360.1709,365.1418,369.5218,371.9247,374.089,375.6706,377.0512,378.2264,379.6074,381.1983,382.9791,384.8456,384.5194,382.5257,380.8718,379.3299,377.5134,374.4587,371.0751,367.7782,364.3081,364.6778,366.1354,367.3563,368.7836,370.527,371.047,369.9245,368.8925,368.0615,367.3721,366.784,367.6717,368.349,368.8988,369.421,369.9708,370.6197,371.3799,372.1847,373.0716,373.9593,373.3131,370.5498,367.7388,364.641,360.2088,354.4137,350.433,349.6625,348.599,347.4006,348.9378,350.2264,351.0969,351.7141,352.235,352.7826,353.4698,355.0939,357.2556,359.9435,362.5096,364.4966,366.1267,367.4328,368.359,368.8827,369.027,368.9777,368.9282,368.9171,368.9171,368.8841,368.6771,368.0859,367.1782,366.3818

Time pixel : 5.0655,5.11684,5.20135,5.31321,5.42507,5.51328,5.58861,5.67312,5.76839,5.8529,5.92453,5.99245,6.06038,6.1283,6.19623,6.26415,6.33208,6.4,6.46792,6.53585,6.61118,6.71227,6.83489,6.93599,7.01132,7.07925,7.15087,7.23538,7.33066,7.41517,7.48679,7.55842,7.64293,7.7419,7.843,7.94198,8.02649,8.09811,8.16604,8.23396,8.30559,8.3975,8.52965,8.68915,8.84528,9.00142,9.16462,9.32075,9.47689,9.63639,9.77224,9.88444,10,10.1156,10.2241,10.3433,10.4755,10.6113,10.7509,10.9033,11.0665,11.2189,11.3733,11.5755,11.8244,12.0469,12.2489,12.473,12.7373,13.0123,13.253,13.4604,13.6476,13.8315,14.0518,14.3066,14.5435,14.7547,14.9548,15.142,15.3184,15.5241,15.8108,16.1716,16.5097,16.8127,17.1118,17.4001,17.6903,18.0357,18.4537,18.8556,19.188,19.5119,19.902,20.3027,20.6952,21.0865,21.5368,22.0645,22.5641,23.0083,23.4346,23.86,24.2291,24.5321,24.8112,25.0995,25.3986,25.7054,26.0637,26.4869,26.9005,27.2707,27.5706,27.8513,28.1284,28.3799,28.591,28.784,28.9783,29.151,29.3109,29.4704,29.6099,29.7461,29.9407,30.2216,30.5682,30.9262,31.2508,31.5453,31.8828,32.2479,32.5635,32.795,32.9825,33.1863,33.4137,33.634,33.8452,34.0693,34.3207,34.5887,34.8567,35.1192,35.3893,35.6696,35.9438,36.2705,36.6612,37.0597,37.4283,37.7427,38.0288,38.2877,38.5526,38.8993,39.2991,39.6719,39.9912,40.2464,40.4394,40.5934,40.7222,40.858,41.0157,41.2072,41.4469,41.6823,41.9042,42.0969,42.2402,42.3561,42.503,42.716,42.967,43.1837,43.3472,43.4831,43.5987,43.6906,43.7825,43.8943,44.0099,44.1147,44.2174,44.3222,44.4414,44.5736,44.7094,44.849,45.0051,45.196,45.433,45.7154,46.0092,46.2751,46.4847,46.6553,46.7874,46.883,46.9749,47.0868,47.2024,47.3109,47.4412,47.6305,47.8853,48.1385,48.3331,48.4822,48.6288,48.7609,48.8694,48.9721,49.0732,49.1722,49.2604,49.3523,49.4753,49.6517,49.9031,50.2076,50.5104,50.7953,51.098,51.4063,51.6817,51.9371,52.2328,52.5887,52.9371,53.2108,53.4576,53.7616,54.0608,54.2976,54.5112,54.7937,55.1255,55.4304,55.6966,55.9613,56.2603,56.5648,56.8162,57.0038,57.1839,57.4021,57.6483,57.8976,58.1274,58.3734,58.6617,58.9939,59.348,59.71,60.0951,60.4734,60.8072,61.0644,61.2738,61.5037,61.7932,62.087,62.3421,62.5459,62.7094,62.8656,63.0325,63.2089,63.4127,63.6438,63.8881,64.1524,64.4109,64.6279,64.8317,65.037,65.2451,65.4756,65.7002,65.9366,66.1588,66.3368,66.4859,66.6602,66.8731,67.1079,67.3412,67.5557,67.7284,67.8717,68.0038,68.1194,68.2076,68.2792,68.3472,68.4188,68.5033,68.6023,68.7071,68.8226,68.9382,69.0467,69.1623,69.2815,69.414,69.6012,69.8452,70.1169,70.4089,70.7245,71.0365,71.3008,71.4916,71.6204,71.7231,71.8113,71.8995,71.9985,72.107,72.2466,72.4189,72.5821,72.7072,72.8099,72.8926,72.9522,72.9862,72.9981,73,73,73,73,72.9981,72.9862,72.9522,72.9,72.8542

Position pixel : 39.7736,39.7699,39.7496,39.7057,39.6617,39.6414,39.6377,39.6377,39.6377,39.634,39.6174,39.5901,39.5735,39.5698,39.5698,39.5698,39.5698,39.5698,39.5698,39.5698,39.5698,39.5698,39.5698,39.5698,39.5698,39.5698,39.5698,39.5698,39.5698,39.5698,39.5698,39.5698,39.5698,39.5698,39.5698,39.5698,39.5698,39.5698,39.5698,39.5698,39.5698,39.5698,39.5698,39.5698,39.5698,39.5698,39.5698,39.5698,39.5661,39.5495,39.5222,39.5056,39.5019,39.5019,39.5019,39.4982,39.4816,39.4543,39.4377,39.434,39.434,39.434,39.434,39.434,39.434,39.434,39.434,39.434,39.4303,39.4137,39.3863,39.3697,39.366,39.3623,39.3457,39.3184,39.2981,39.2778,39.2505,39.2339,39.2302,39.2302,39.2265,39.2062,39.1586,39.0943,39.0301,38.9788,38.9382,38.8906,38.8429,38.8061,38.775,38.7584,38.7547,38.7547,38.7547,38.7547,38.7547,38.7547,38.7547,38.7584,38.775,38.8024,38.8189,38.8226,38.8226,38.8226,38.8226,38.8226,38.8226,38.8226,38.8263,38.8429,38.8703,38.8869,38.8906,38.8906,38.8906,38.8943,38.9109,38.9382,38.9585,38.9788,39.0061,39.0264,39.0467,39.0741,39.0943,39.1146,39.142,39.1623,39.1826,39.2099,39.2265,39.2302,39.2302,39.2339,39.2505,39.2778,39.2944,39.2981,39.2981,39.3018,39.3258,39.3937,39.5019,39.6137,39.702,39.7736,39.8452,39.926,40.0047,40.0582,40.0929,40.1095,40.1132,40.1132,40.1132,40.1132,40.1132,40.1132,40.1132,40.1132,40.1132,40.1132,40.1169,40.1372,40.1885,40.2693,40.3646,40.4491,40.5171,40.5684,40.6127,40.6806,40.7685,40.8364,40.877,40.908,40.9246,40.932,40.9486,40.9796,41.0128,41.0439,41.0642,41.0844,41.1155,41.1487,41.1797,41.2,41.224,41.2753,41.3598,41.4717,41.5799,41.6552,41.7123,41.7744,41.8242,41.8627,41.8995,41.9472,41.9948,42.0317,42.0701,42.1236,42.1986,42.2591,42.2868,42.3071,42.3344,42.3547,42.375,42.4024,42.4189,42.4226,42.4226,42.4226,42.4189,42.4024,42.375,42.3584,42.3547,42.3547,42.3547,42.3547,42.3547,42.3547,42.3547,42.3547,42.3547,42.3547,42.3547,42.3547,42.3547,42.3547,42.3547,42.3547,42.3547,42.3547,42.3547,42.3547,42.351,42.3344,42.3071,42.2905,42.2868,42.2868,42.2868,42.2868,42.2868,42.2868,42.2868,42.2868,42.2868,42.2868,42.2831,42.2665,42.2355,42.2023,42.1712,42.1546,42.1472,42.127,42.083,42.0391,42.0151,41.9948,41.9675,41.9472,41.9269,41.8958,41.8627,41.8316,41.815,41.8113,41.8113,41.8113,41.8113,41.8113,41.8113,41.8113,41.8113,41.8113,41.8113,41.8113,41.8113,41.8113,41.8113,41.8113,41.8113,41.8113,41.8113,41.8113,41.8113,41.8113,41.8113,41.8113,41.8113,41.8113,41.8113,41.8113,41.8113,41.8113,41.815,41.8316,41.859,41.8792,41.8995,41.9306,41.9675,42.0188,42.0793,42.127,42.1509,42.1712,42.2023,42.2355,42.2702,42.3034,42.3381,42.375,42.4226,42.4703,42.5072,42.5419,42.5751,42.6061,42.6264,42.6467,42.6741,42.6906,42.6943,42.6943,42.6943,42.6943,42.6943,42.6943,42.6943

Pole type : Curve
Start frame : 5
End frame : 73
Start time (s) : 21.690
End time (s) : 169.320
Time step (s) : 2.171

Feature Information :


Feature number : 1

Time (s) : 24.8672,24.9985,25.1694,25.3296,25.5003,25.6318,25.692,25.736,25.8033,25.8915,26.0309,26.1937,26.3177,26.4292,26.5326,26.6127,26.688,26.7681,26.8878,27.0632,27.2618,27.4095,27.5054,27.617,27.7484,27.8597,27.9559,28.1033,28.3022,28.4856,28.6413,28.7887,28.9361,29.0835,29.2312,29.3866,29.5701,29.777,29.9604,30.1159,30.2552,30.3749,30.4988,30.6697,30.8371,30.9567,31.0446,31.1482,31.2596,31.3837,31.5546,31.7381,31.9295,32.1364,32.3119,32.4313,32.5114,32.5867,32.6668,32.7702,32.8737,32.9538,33.0292,33.1013,33.1766,33.2487,33.316,33.36,33.4041,33.4636,33.4996,33.5157,33.5517,33.611,33.6551,33.6992,33.7584,33.8025,33.8546,33.9499,34.0454

Position (um) : 2.5838,2.5816,2.5765,2.5701,2.5646,2.5602,2.5552,2.5501,2.5458,2.5403,2.5334,2.5262,2.5193,2.5138,2.5099,2.5062,2.5027,2.499,2.495,2.4895,2.4827,2.4758,2.4704,2.466,2.4605,2.4537,2.4461,2.437,2.4269,2.4175,2.408,2.3979,2.3889,2.3812,2.374,2.3663,2.3577,2.3489,2.3411,2.3323,2.3236,2.316,2.3087,2.3011,2.2921,2.2819,2.2729,2.2653,2.2572,2.2468,2.2351,2.2247,2.212,2.1971,2.1842,2.1736,2.1664,2.1616,2.1562,2.1493,2.1425,2.137,2.1326,2.1272,2.1203,2.1131,2.1058,2.0982,2.0888,2.0764,2.0627,2.05,2.0384,2.0257,2.0124,2.0018,1.9953,1.9895,1.983,1.9779,1.9758

Intensity : 324.4107,324.7971,325.5843,326.5699,327.5148,328.2544,328.6353,328.9909,329.3549,329.8295,330.4949,330.9875,331.4482,331.849,332.1684,332.4724,332.7743,333.1034,333.5003,334.0967,334.8748,335.6415,336.2528,336.8091,337.5265,338.3465,338.847,339.5429,339.9593,339.7164,339.6484,339.7165,339.7776,339.806,339.8553,339.9587,340.1159,340.3002,339.8329,339.2849,338.818,338.4458,337.8334,337.0125,336.2488,335.7183,335.3547,334.9776,334.6102,334.2498,333.8774,333.5651,333.3287,333.1689,333.1048,333.1406,333.1877,333.0978,332.7877,332.3976,332.0247,331.7549,331.5311,331.5187,331.5923,331.7205,331.8837,332.2044,332.66,333.2593,334.0873,334.9479,335.6329,336.4168,338.1476,339.4726,340.134,340.7735,341.4587,341.7327,341.5833

Time pixel : 11.4541,11.5146,11.5933,11.6671,11.7457,11.8063,11.834,11.8543,11.8853,11.9259,11.9901,12.0651,12.1222,12.1736,12.2212,12.2581,12.2928,12.3297,12.3848,12.4656,12.5571,12.6251,12.6693,12.7207,12.7812,12.8325,12.8768,12.9447,13.0363,13.1208,13.1925,13.2604,13.3283,13.3962,13.4642,13.5358,13.6203,13.7156,13.8001,13.8717,13.9359,13.991,14.0481,14.1268,14.2039,14.259,14.2995,14.3472,14.3985,14.4557,14.5344,14.6189,14.7071,14.8024,14.8832,14.9382,14.9751,15.0098,15.0467,15.0943,15.142,15.1789,15.2136,15.2468,15.2815,15.3147,15.3457,15.366,15.3863,15.4137,15.4303,15.4377,15.4543,15.4816,15.5019,15.5222,15.5495,15.5698,15.5938,15.6377,15.6817

Position pixel : 24.2152,24.1949,24.1472,24.0867,24.0354,23.9948,23.9472,23.8995,23.859,23.8076,23.7434,23.6755,23.6112,23.5599,23.523,23.4883,23.4551,23.4204,23.3835,23.3321,23.2679,23.2037,23.1524,23.1118,23.0604,22.9962,22.9246,22.8401,22.7448,22.6566,22.5684,22.4731,22.3886,22.317,22.2491,22.1774,22.0966,22.0142,21.9405,21.8581,21.7773,21.7057,21.6377,21.5661,21.4816,21.3863,21.3018,21.2302,21.1549,21.0575,20.9477,20.85,20.7307,20.5915,20.4701,20.3712,20.3032,20.259,20.2076,20.1434,20.0792,20.0278,19.9873,19.9359,19.8717,19.8038,19.7358,19.6642,19.576,19.4604,19.332,19.2127,19.1042,18.985,18.8602,18.7613,18.7004,18.6454,18.5848,18.5372,18.5169

Brightness max : 383.86
Brightness min :  0.00
Feature direction : Poleward
Feature speed : Slow
Feature type : Curve
Start frame : 5
End frame : 73
Start time (s) : 21.690
End time (s) : 169.320
Time step (s) : 2.171

Feature number : 2

Time (s) : 77.9549,78.0945,78.2932,78.4686,78.5963,78.7202,78.8911,79.0665,79.2222,79.3615,79.4729,79.5691,79.7165,79.9154,80.0988,80.2543,80.4019,80.5413,80.6527,80.7328,80.8081,80.8882,80.9998,81.1392,81.2866,81.434,81.5736,81.685,81.7731,81.8845,82.0239,82.1715,82.3189,82.4583,82.5697,82.6659,82.8133,83.0121,83.1876,83.3152,83.4472,83.6461,83.8449,83.9769,84.0885,84.1919,84.28,84.3914,84.5308,84.6784,84.8258,84.9813,85.1647,85.3716,85.547,85.6666,85.7626,85.9102,86.1169,86.3444,86.5954,86.8384,87.0218,87.1412,87.2213,87.2967,87.3687,87.4363

Position (um) : 3.8307,3.8303,3.8286,3.8252,3.8213,3.8158,3.8094,3.8039,3.8,3.7963,3.7927,3.789,3.7847,3.7774,3.7677,3.759,3.7532,3.7488,3.7438,3.7387,3.7347,3.731,3.7275,3.7234,3.7177,3.7093,3.7007,3.693,3.6858,3.6777,3.667,3.6535,3.6409,3.63,3.6206,3.61,3.5941,3.5742,3.5565,3.5426,3.5289,3.5118,3.4956,3.4858,3.4807,3.4752,3.4684,3.4607,3.4517,3.4415,3.4325,3.4249,3.4176,3.4104,3.4031,3.3959,3.3886,3.3814,3.3733,3.3626,3.3495,3.3387,3.3307,3.3238,3.3183,3.3144,3.3111,3.3093

Intensity : 341.3689,340.9945,339.8759,338.4322,337.1262,335.5865,333.7244,332.0774,330.816,329.6895,328.7201,327.8013,326.64,324.9295,323.0048,321.4107,320.2562,319.3378,318.4158,317.5876,316.9247,316.5412,316.1359,315.6755,315.1764,314.6418,314.1852,313.8547,313.6032,313.3614,313.1246,312.9523,312.9055,312.9651,312.9091,312.8081,312.7031,312.6475,312.6843,312.7728,312.9048,312.6626,312.159,311.9159,311.8365,311.7608,311.6561,311.5773,311.532,311.4819,310.8605,310.2802,309.6661,308.8462,308.0075,307.3495,306.7764,306.1139,305.3337,304.4704,303.5782,302.8753,301.8786,301.188,300.7052,300.2867,299.9001,299.574

Time pixel : 35.9069,35.9712,36.0627,36.1435,36.2023,36.2594,36.3381,36.4189,36.4906,36.5548,36.6061,36.6504,36.7183,36.8099,36.8944,36.966,37.034,37.0982,37.1495,37.1864,37.2211,37.258,37.3094,37.3736,37.4415,37.5094,37.5737,37.625,37.6656,37.7169,37.7811,37.8491,37.917,37.9812,38.0325,38.0768,38.1447,38.2363,38.3171,38.3759,38.4367,38.5283,38.6199,38.6807,38.7321,38.7797,38.8203,38.8716,38.9358,39.0038,39.0717,39.1433,39.2278,39.3231,39.4039,39.459,39.5032,39.5712,39.6664,39.7712,39.8868,39.9987,40.0832,40.1382,40.1751,40.2098,40.243,40.2741

Position pixel : 35.9019,35.8982,35.8816,35.8505,35.8137,35.7623,35.7018,35.6505,35.6136,35.5789,35.5457,35.5109,35.4704,35.4024,35.3109,35.23,35.175,35.1344,35.0868,35.0392,35.0023,34.9675,34.9344,34.8959,34.8424,34.7638,34.6829,34.6113,34.5434,34.4681,34.367,34.2406,34.123,34.0203,33.9321,33.8328,33.684,33.4972,33.3319,33.2015,33.0727,32.9132,32.7611,32.6692,32.6212,32.5699,32.5057,32.434,32.3495,32.2543,32.1697,32.0981,32.0302,31.9623,31.8943,31.8264,31.7585,31.6906,31.6152,31.5141,31.3915,31.2904,31.2151,31.1509,31.0995,31.0627,31.0316,31.015

Brightness max : 
Brightness min : 
Feature direction : 
Feature speed : 
Feature type : Curve
Start frame : 5
End frame : 73
Start time (s) : 21.690
End time (s) : 169.320
Time step (s) : 2.171

Feature number : 3

Time (s) : 87.8273,87.9306,88.07,88.2176,88.3731,88.5565,88.7714,88.9909,89.2056,89.3893,89.5448,89.6922,89.8396,89.9872,90.1346,90.282,90.4214,90.533,90.6209,90.7406,90.916,91.1229,91.3063,91.4618,91.6092,91.7568,91.9123,92.0957,92.3026,92.4861,92.6415,92.7889,92.9363,93.084,93.2234,93.3347,93.4229,93.5342,93.6738,93.8213,93.9687,94.1161,94.2637,94.4111,94.5666,94.75,94.9569,95.1404,95.3038,95.4795,95.6501,95.7743,95.8857,95.9892,96.0774,96.1888,96.3281,96.4756,96.6232,96.7706,96.918,97.0654,97.205,97.3164,97.3965,97.4718,97.552,97.6633,97.8029,97.9503,98.0897,98.1931,98.2371

Position (um) : 2.0551,2.0547,2.0529,2.0496,2.0457,2.0402,2.0325,2.0214,2.0061,1.9906,1.9775,1.9663,1.9554,1.9442,1.9319,1.9199,1.9105,1.9029,1.8952,1.8862,1.8761,1.8666,1.8572,1.8467,1.8359,1.8253,1.8159,1.8065,1.7959,1.7848,1.7724,1.7605,1.7507,1.7409,1.7289,1.7166,1.7046,1.6901,1.6735,1.6594,1.6496,1.6424,1.6369,1.633,1.6292,1.6257,1.622,1.6185,1.6151,1.613,1.6108,1.6079,1.6057,1.6036,1.6003,1.5967,1.593,1.5891,1.584,1.5793,1.5767,1.5746,1.5713,1.5677,1.564,1.5605,1.5572,1.555,1.5528,1.5495,1.5456,1.5405,1.5358

Intensity : 314.4215,314.5797,314.8814,315.3065,315.7899,316.4293,317.2792,318.3053,318.4245,318.617,318.8202,318.9669,319.1278,319.3304,319.6375,319.9683,320.4516,320.9065,321.4721,322.156,322.9282,323.6703,324.3557,325.2567,326.2933,327.3811,328.373,329.7922,331.5639,333.5533,335.8705,338.1621,340.0553,341.9836,344.4098,346.9828,349.0654,351.2614,353.7991,355.874,357.1354,357.913,358.3547,358.4902,358.5648,358.4944,358.381,358.3691,358.4182,358.1602,357.5936,357.4027,357.1082,356.8628,356.9824,356.9022,356.6536,356.3999,356.3904,356.3078,355.776,355.1657,354.8608,354.8118,355.0261,355.2429,355.3773,355.0439,354.5648,354.2955,354.2058,354.601,355.3042

Time pixel : 40.4542,40.5018,40.566,40.634,40.7056,40.7901,40.8891,40.9902,41.0891,41.1737,41.2453,41.3132,41.3811,41.4491,41.517,41.5849,41.6491,41.7005,41.741,41.7961,41.8769,41.9722,42.0567,42.1283,42.1962,42.2642,42.3358,42.4203,42.5156,42.6001,42.6717,42.7396,42.8075,42.8755,42.9397,42.991,43.0316,43.0829,43.1472,43.2151,43.283,43.3509,43.4189,43.4868,43.5584,43.6429,43.7382,43.8227,43.898,43.9789,44.0575,44.1147,44.166,44.2137,44.2543,44.3056,44.3698,44.4377,44.5057,44.5736,44.6415,44.7094,44.7737,44.825,44.8619,44.8966,44.9335,44.9848,45.0491,45.117,45.1812,45.2288,45.2491

Position pixel : 19.2604,19.2567,19.2401,19.209,19.1722,19.1208,19.0492,18.9444,18.8015,18.6565,18.5335,18.4287,18.326,18.2212,18.1057,17.9938,17.9056,17.834,17.7623,17.6778,17.5826,17.4943,17.4061,17.3072,17.2061,17.1071,17.0189,16.9307,16.8317,16.7269,16.6113,16.4995,16.4075,16.3156,16.2038,16.0882,15.976,15.8402,15.6844,15.5522,15.4603,15.3924,15.341,15.3042,15.2694,15.2362,15.2015,15.1683,15.1373,15.117,15.0967,15.0693,15.0491,15.0288,14.9977,14.9645,14.9298,14.8929,14.8453,14.8013,14.7774,14.7571,14.726,14.6928,14.6581,14.6249,14.5939,14.5736,14.5533,14.5222,14.4854,14.4377,14.3938

Brightness max : 383.86
Brightness min :  0.00
Feature direction : Poleward
Feature speed : Slow
Feature type : Curve
Start frame : 5
End frame : 73
Start time (s) : 21.690
End time (s) : 169.320
Time step (s) : 2.171

