KYMOANALYSIS DATA

General Information :

Tiff path : E:\Google Drive\microtubule dynamics and cut7\20-15 screens and tests\PA-GFP\19-05-09 (PA-GFP bipoles with mCh MTs)\
Spindle type : Bipolar
Start frame : 5
End frame : 107
Start time (s) : 27.750
End time (s) : 328.580
Time step (s) : 2.949
Num poles : 2
Num tracks : 1
Num tracks poleward : 1
Num tracks antipoleward : 0
Num tracks ambiguous : 0
Comments : {

}
Poles Information :


Pole number : 1

Time (s) : 11.45903,11.71408,12.20901,12.89231,13.54735,14.12798,14.56696,14.94226,15.48537,16.36096,17.61419,19.3915,21.44384,23.23186,24.72944,25.94906,26.88205,27.68025,28.54897,29.44834,30.19832,30.83625,31.48215,32.11891,32.66188,33.19571,33.75372,34.25539,34.65444,35.03755,35.48319,35.99431,36.54288,36.98174,37.30882,37.61968,37.98687,38.43251,38.94362,39.52434,40.10713,40.67192,41.11078,41.43786,41.73279,42.02772,42.3548,42.79366,43.34223,43.88549,44.47536,45.09589,45.62293,46.06858,46.43576,46.74662,47.08963,47.64911,48.56428,49.69594,50.87566,52.00731,52.92249,53.48197,53.8409,54.22402,54.70977,55.21145,55.68275,56.21657,56.86247,57.55497,58.12861,58.54388,58.92699,59.37263,59.89968,60.53643,61.16611,61.68401,62.06713,62.41013,62.86521,63.48575,64.13165,64.78551,65.59156,66.55362,67.41571,68.10054,68.67565,69.3537,70.19721,71.13922,72.33516,73.7762,75.14674,76.27958,77.22719,77.9772,78.58328,79.14926,79.8686,80.87048,81.84198,82.57725,83.26208,83.97994,84.70459,85.39856,86.18072,87.18437,88.34787,89.59986,90.91437,92.22209,93.41627,94.33321,95.06877,95.85624,96.64606,97.40286,98.20094,99.22996,100.5029,101.9003,103.6622,105.893,108.2257,110.2365,111.925,113.2165,114.0615,114.5487,114.8758,115.1707,115.4816,115.8487,116.2785,116.7173,117.1633,117.6183,118.1359,118.694,119.2278,119.7707,120.4234,121.1413,121.8822,122.6,123.2527,123.7797,124.2254,124.5926,124.9194,125.3187,125.8764,126.497,127.024,127.5018,128.0772,128.962,130.2367,131.8883,133.6924,135.0414,135.976,136.8195,137.5533,138.1913,138.8534,139.578,140.3281,141.1406,141.9773,142.7182,143.3493,143.9858,144.5597,145.095,145.8613,146.9673,148.1871,149.3987,150.6344,151.877,153.0499,154.1161,154.9543,155.6966,156.5652,157.5526,158.5415,159.5865,160.6928,161.6336,162.3597,163.0537,163.8344,164.6472,165.453,166.2245,166.8397,167.3895,168.0115,168.8338,169.884,170.9525,171.9164,172.7705,173.6391,174.4985,175.258,175.9572,176.5164,177.0918,177.8472,178.6208,179.3056,179.9046,180.4853,181.0286,181.6506,182.4151,183.2117,183.9457,184.5984,185.1576,185.8118,186.7202,187.7383,188.5605,189.2144,189.8765,190.5528,191.0707,191.4231,191.7809,192.1156,192.3867,192.7713,193.5357,194.5058,195.2558,195.7752,196.2768,196.7626,197.1457,197.4725,197.8397,198.2694,198.7082,199.138,199.5051,199.8319,200.1991,200.6448,201.188,201.8965,202.6612,203.3393,203.961,204.639,205.4197,206.2163,206.9985,207.8833,208.8707,209.7956,210.5524,211.1995,211.9725,212.9531,213.9712,214.7212,215.2406,215.7423,216.244,216.6991,217.145,217.5839,218.0457,218.589,219.3136,220.1503,220.947,221.6088,222.1267,222.5257,222.9088,223.3223,223.6895,224.0163,224.4156,224.9893,225.6818,226.3277,226.8456,227.2446,227.6277,228.0412,228.4243,228.8396,229.3973,230.0179,230.5608,231.0947,231.6527,232.1543,232.5375,232.8483,233.1432,233.4382,233.7331,234.028,234.323,234.6338,235.001,235.4145,235.7976,236.1807,236.6105,237.0493,237.479,237.8462,238.1571,238.4842,238.9392,239.5436,240.1175,240.5885,241.0182,241.3854,241.6963,241.9912,242.2861,242.5811,242.876,243.1709,243.4658,243.7608,244.0398,244.2625,244.4388,244.6615,244.9405,245.2195,245.4263,245.5144

Position (um) : 3.7932,3.7932,3.7932,3.7938,3.7964,3.8007,3.8033,3.8039,3.8039,3.8039,3.8039,3.8039,3.8039,3.8039,3.8033,3.8007,3.7964,3.7938,3.7926,3.79,3.7857,3.7831,3.7825,3.7825,3.7825,3.7825,3.7825,3.7825,3.7825,3.7825,3.7825,3.7825,3.7825,3.7825,3.7825,3.7825,3.7825,3.7825,3.7825,3.7825,3.7825,3.7825,3.7825,3.7825,3.7825,3.7825,3.7825,3.7825,3.7831,3.7857,3.7906,3.7958,3.8007,3.8033,3.8039,3.8039,3.8039,3.8044,3.8076,3.8145,3.8214,3.8246,3.8252,3.8252,3.8252,3.8252,3.8252,3.8252,3.8252,3.8252,3.8252,3.8252,3.8252,3.8252,3.8252,3.8252,3.8252,3.8252,3.8252,3.8252,3.8252,3.8252,3.8246,3.822,3.8177,3.8151,3.8145,3.8145,3.8145,3.8145,3.8145,3.8145,3.8145,3.8145,3.8151,3.8177,3.822,3.8252,3.8284,3.8327,3.8353,3.8359,3.8359,3.8359,3.8359,3.8359,3.8359,3.8359,3.8359,3.8359,3.8359,3.8353,3.8321,3.8252,3.8177,3.8119,3.807,3.8044,3.8033,3.8007,3.7964,3.7938,3.7932,3.7932,3.7932,3.7932,3.7932,3.7932,3.7938,3.7964,3.8007,3.8033,3.8044,3.807,3.8113,3.8139,3.8145,3.8145,3.8145,3.8145,3.8145,3.8145,3.8145,3.8145,3.8145,3.8145,3.8145,3.8145,3.8145,3.8145,3.8145,3.8145,3.8145,3.8145,3.8145,3.8145,3.8145,3.8145,3.8151,3.8177,3.822,3.8252,3.829,3.8359,3.8433,3.8491,3.854,3.8572,3.8604,3.8647,3.8673,3.8679,3.8679,3.8685,3.8711,3.8754,3.878,3.8785,3.8785,3.8791,3.8817,3.886,3.8886,3.8892,3.8892,3.8892,3.8892,3.8892,3.8892,3.8892,3.8892,3.8892,3.8892,3.8892,3.8892,3.8892,3.8886,3.886,3.8817,3.8791,3.8785,3.8785,3.878,3.8754,3.8711,3.8685,3.8679,3.8679,3.8679,3.8679,3.8679,3.8679,3.8679,3.8679,3.8679,3.8679,3.8679,3.8679,3.8679,3.8679,3.8679,3.8673,3.8647,3.8604,3.8578,3.8572,3.8572,3.8572,3.8572,3.8572,3.8572,3.8572,3.8572,3.8572,3.8578,3.8604,3.8647,3.8673,3.8685,3.8711,3.8754,3.8785,3.8817,3.886,3.8886,3.8892,3.8892,3.8892,3.8892,3.8892,3.8892,3.8892,3.8892,3.8892,3.8892,3.8892,3.8892,3.8892,3.8892,3.8898,3.8924,3.8967,3.8993,3.8999,3.9005,3.9037,3.9106,3.9175,3.9206,3.9212,3.9212,3.9218,3.9244,3.9293,3.9345,3.9394,3.9426,3.9458,3.95,3.9527,3.9532,3.9532,3.9532,3.9538,3.9564,3.9607,3.9633,3.9639,3.9645,3.9671,3.9714,3.974,3.9746,3.9746,3.9746,3.9746,3.9746,3.9746,3.9746,3.9746,3.9752,3.9778,3.9821,3.9852,3.9884,3.9933,3.9985,4.0034,4.0066,4.0098,4.0141,4.0167,4.0173,4.0173,4.0173,4.0173,4.0173,4.0173,4.0173,4.0173,4.0173,4.0173,4.0173,4.0173,4.0173,4.0173,4.0173,4.0173,4.0173,4.0173,4.0173,4.0173,4.0173,4.0173,4.0173,4.0173,4.0173,4.0173,4.0173,4.0173,4.0173,4.0178,4.0204,4.0247,4.0273,4.0279,4.0285,4.0311,4.0354

Intensity : 272.6786,299.3144,344.9408,406.2273,464.8691,516.6596,555.7751,588.8354,636.1159,712.3398,821.438,826.9977,825.6334,825.1484,819.8505,814.1234,808.4332,802.1114,795.3635,788.3835,781.2554,775.119,768.9494,762.8826,758.9295,756.8118,754.5982,752.608,751.025,749.5052,746.6972,738.8554,730.4389,723.7057,718.6875,713.9182,708.2845,703.2329,705.3731,707.8048,710.2452,712.6102,714.4479,717.725,722.775,727.825,733.4255,740.9399,750.3488,759.7784,769.0965,777.3231,784.5713,790.6669,795.5299,799.5825,804.0542,811.1224,822.9542,838.0625,836.9146,825.5581,816.036,814.7947,815.245,815.7256,816.335,816.9644,817.5556,816.3557,810.4427,804.1031,798.8516,795.05,791.5427,795.0086,800.4768,807.0834,813.6165,818.9898,821.5732,821.5035,821.3177,820.7434,819.8229,819.141,821.6356,825.2238,828.4391,829.6614,828.9301,828.068,826.9955,823.3858,813.9299,803.2938,801.0646,798.8942,788.6541,775.8563,765.2782,755.0718,743.7151,732.7938,722.2036,714.1886,706.3769,698.1864,689.9186,682.0008,684.3826,690.1856,695.9862,702.7718,710.1628,707.7225,699.6405,693.9042,684.6571,673.9886,662.7438,652.0767,638.6806,621.6369,605.0708,609.8325,613.433,608.7433,622.2783,621.6419,612.0155,620.6727,627.6466,632.6158,637.2471,638.367,635.8042,632.4427,628.5088,624.4912,620.4088,616.2427,613.2493,614.1007,614.9152,615.7437,616.7395,617.593,617.907,618.2113,618.4879,618.7112,620.6416,622.6024,624.3476,626.4801,629.4584,632.7722,634.8587,636.6835,639.7102,641.5752,637.1624,618.4004,605.9377,600.6408,597.2272,594.292,591.8345,589.9412,589.9899,594.1224,598.3184,602.9174,604.1115,601.8685,599.8297,597.621,596.1263,600.7955,607.5186,617.1411,632.8592,652.0244,669.96,680.4925,690.435,697.2421,701.8604,705.9505,707.4265,699.8767,692.3157,692.0437,709.9734,725.2216,733.2845,727.171,720.3998,713.5714,709.626,710.4893,711.1946,711.8978,712.7645,697.5944,675.2747,652.5404,650.0323,649.8151,649.5942,641.4173,628.8641,617.3055,608.0625,600.7951,601.0512,601.3135,601.5457,601.7488,606.1043,610.2411,615.0761,620.9955,626.3,630.304,633.8448,636.8784,640.4497,649.4587,659.5558,667.7107,669.6111,669.555,669.5735,669.9,670.512,671.2396,672.8622,674.4444,676.8055,680.6988,685.5545,690.1571,693.3569,696.1025,698.6636,700.6835,702.4065,703.5115,704.2618,705.0282,705.7785,706.4197,706.9903,707.6315,709.3691,716.0187,724.6899,734.178,743.0411,745.2599,744.7748,743.6925,742.5828,743.6314,746.1199,748.5335,749.2484,748.5791,747.9209,747.2829,748.6669,752.0926,755.4756,758.5043,752.7825,746.0532,738.4879,730.0216,722.8502,715.6309,710.1806,705.0766,698.3421,691.24,683.5089,676.9995,671.9559,666.4332,660.1091,654.997,651.0276,647.5932,643.5087,638.5779,633.9789,630.2913,626.4,620.9442,614.994,609.289,603.0363,594.9681,586.1179,577.5724,569.1424,560.3943,552.61,546.6486,541.7576,539.3105,539.0625,538.8375,538.6125,538.3875,538.1504,537.8702,537.5548,537.2625,534.2017,528.8254,523.3346,517.9583,513.3643,509.475,505.3828,499.5158,489.6192,480.22,472.5065,465.4692,459.4558,454.365,448.78,442.44,436.1,429.76,423.42,417.08,410.74,404.7746,400.1434,396.6214,392.023,387.775,385.0143,383.0615,382.3535

Time pixel : 3.88532,3.9718,4.13961,4.37129,4.59339,4.79026,4.9391,5.06635,5.2505,5.54738,5.9723,6.57492,7.27079,7.87704,8.38481,8.79834,9.11468,9.38532,9.67987,9.98481,10.2391,10.4554,10.6744,10.8903,11.0744,11.2554,11.4446,11.6147,11.75,11.8799,12.031,12.2043,12.3903,12.5391,12.65,12.7554,12.8799,13.031,13.2043,13.4012,13.5988,13.7903,13.9391,14.05,14.15,14.25,14.3609,14.5097,14.6957,14.8799,15.0799,15.2903,15.469,15.6201,15.7446,15.85,15.9663,16.156,16.4663,16.85,17.25,17.6337,17.944,18.1337,18.2554,18.3853,18.55,18.7201,18.8799,19.0609,19.2799,19.5147,19.7092,19.85,19.9799,20.131,20.3097,20.5256,20.7391,20.9147,21.0446,21.1609,21.3152,21.5256,21.7446,21.9663,22.2396,22.5658,22.8581,23.0903,23.2853,23.5152,23.8012,24.1206,24.5261,25.0147,25.4794,25.8635,26.1848,26.4391,26.6446,26.8365,27.0804,27.4201,27.7495,27.9988,28.231,28.4744,28.7201,28.9554,29.2206,29.5609,29.9554,30.3799,30.8256,31.269,31.6739,31.9848,32.2342,32.5012,32.769,33.0256,33.2962,33.6451,34.0767,34.5505,35.1479,35.9043,36.6952,37.377,37.9495,38.3874,38.6739,38.8391,38.95,39.05,39.1554,39.2799,39.4256,39.5744,39.7256,39.8799,40.0554,40.2446,40.4256,40.6097,40.831,41.0744,41.3256,41.569,41.7903,41.969,42.1201,42.2446,42.3554,42.4908,42.6799,42.8903,43.069,43.231,43.4261,43.7261,44.1583,44.7183,45.33,45.7874,46.1043,46.3903,46.6391,46.8554,47.0799,47.3256,47.5799,47.8554,48.1391,48.3903,48.6043,48.8201,49.0147,49.1962,49.456,49.831,50.2446,50.6554,51.0744,51.4957,51.8934,52.2549,52.5391,52.7908,53.0853,53.4201,53.7554,54.1097,54.4848,54.8038,55.05,55.2853,55.55,55.8256,56.0988,56.3604,56.569,56.7554,56.9663,57.2451,57.6012,57.9635,58.2903,58.5799,58.8744,59.1658,59.4233,59.6604,59.85,60.0451,60.3012,60.5635,60.7957,60.9988,61.1957,61.3799,61.5908,61.85,62.1201,62.369,62.5903,62.7799,63.0017,63.3097,63.6549,63.9337,64.1554,64.3799,64.6092,64.7848,64.9043,65.0256,65.1391,65.231,65.3614,65.6206,65.9495,66.2038,66.3799,66.55,66.7147,66.8446,66.9554,67.0799,67.2256,67.3744,67.5201,67.6446,67.7554,67.8799,68.031,68.2152,68.4554,68.7147,68.9446,69.1554,69.3853,69.65,69.9201,70.1853,70.4853,70.8201,71.1337,71.3903,71.6097,71.8718,72.2043,72.5495,72.8038,72.9799,73.15,73.3201,73.4744,73.6256,73.7744,73.931,74.1152,74.3609,74.6446,74.9147,75.1391,75.3147,75.45,75.5799,75.7201,75.8446,75.9554,76.0908,76.2853,76.5201,76.7391,76.9147,77.05,77.1799,77.3201,77.45,77.5908,77.7799,77.9903,78.1744,78.3554,78.5446,78.7147,78.8446,78.95,79.05,79.15,79.25,79.35,79.45,79.5554,79.6799,79.8201,79.95,80.0799,80.2256,80.3744,80.5201,80.6446,80.75,80.8609,81.0152,81.2201,81.4147,81.5744,81.7201,81.8446,81.95,82.05,82.15,82.25,82.35,82.45,82.55,82.65,82.7446,82.8201,82.8799,82.9554,83.05,83.1446,83.2147,83.2446

Position pixel : 35.55,35.55,35.55,35.5554,35.5799,35.6201,35.6446,35.65,35.65,35.65,35.65,35.65,35.65,35.65,35.6446,35.6201,35.5799,35.5554,35.5446,35.5201,35.4799,35.4554,35.45,35.45,35.45,35.45,35.45,35.45,35.45,35.45,35.45,35.45,35.45,35.45,35.45,35.45,35.45,35.45,35.45,35.45,35.45,35.45,35.45,35.45,35.45,35.45,35.45,35.45,35.4554,35.4799,35.5256,35.5744,35.6201,35.6446,35.65,35.65,35.65,35.6554,35.6853,35.75,35.8147,35.8446,35.85,35.85,35.85,35.85,35.85,35.85,35.85,35.85,35.85,35.85,35.85,35.85,35.85,35.85,35.85,35.85,35.85,35.85,35.85,35.85,35.8446,35.8201,35.7799,35.7554,35.75,35.75,35.75,35.75,35.75,35.75,35.75,35.75,35.7554,35.7799,35.8201,35.85,35.8799,35.9201,35.9446,35.95,35.95,35.95,35.95,35.95,35.95,35.95,35.95,35.95,35.95,35.9446,35.9147,35.85,35.7799,35.7256,35.6799,35.6554,35.6446,35.6201,35.5799,35.5554,35.55,35.55,35.55,35.55,35.55,35.55,35.5554,35.5799,35.6201,35.6446,35.6554,35.6799,35.7201,35.7446,35.75,35.75,35.75,35.75,35.75,35.75,35.75,35.75,35.75,35.75,35.75,35.75,35.75,35.75,35.75,35.75,35.75,35.75,35.75,35.75,35.75,35.75,35.7554,35.7799,35.8201,35.85,35.8853,35.95,36.0201,36.0744,36.1201,36.15,36.1799,36.2201,36.2446,36.25,36.25,36.2554,36.2799,36.3201,36.3446,36.35,36.35,36.3554,36.3799,36.4201,36.4446,36.45,36.45,36.45,36.45,36.45,36.45,36.45,36.45,36.45,36.45,36.45,36.45,36.45,36.4446,36.4201,36.3799,36.3554,36.35,36.35,36.3446,36.3201,36.2799,36.2554,36.25,36.25,36.25,36.25,36.25,36.25,36.25,36.25,36.25,36.25,36.25,36.25,36.25,36.25,36.25,36.2446,36.2201,36.1799,36.1554,36.15,36.15,36.15,36.15,36.15,36.15,36.15,36.15,36.15,36.1554,36.1799,36.2201,36.2446,36.2554,36.2799,36.3201,36.35,36.3799,36.4201,36.4446,36.45,36.45,36.45,36.45,36.45,36.45,36.45,36.45,36.45,36.45,36.45,36.45,36.45,36.45,36.4554,36.4799,36.5201,36.5446,36.55,36.5554,36.5853,36.65,36.7147,36.7446,36.75,36.75,36.7554,36.7799,36.8256,36.8744,36.9201,36.95,36.9799,37.0201,37.0446,37.05,37.05,37.05,37.0554,37.0799,37.1201,37.1446,37.15,37.1554,37.1799,37.2201,37.2446,37.25,37.25,37.25,37.25,37.25,37.25,37.25,37.25,37.2554,37.2799,37.3201,37.35,37.3799,37.4256,37.4744,37.5201,37.55,37.5799,37.6201,37.6446,37.65,37.65,37.65,37.65,37.65,37.65,37.65,37.65,37.65,37.65,37.65,37.65,37.65,37.65,37.65,37.65,37.65,37.65,37.65,37.65,37.65,37.65,37.65,37.65,37.65,37.65,37.65,37.65,37.65,37.6554,37.6799,37.7201,37.7446,37.75,37.7554,37.7799,37.8201

Pole type : Curve
Start frame : 5
End frame : 107
Start time (s) : 27.750
End time (s) : 328.580
Time step (s) : 2.949

Pole number : 2

Time (s) : 14.40834,14.63125,14.98213,15.3958,15.76275,16.07376,16.36869,16.66362,16.95855,17.25349,17.54842,17.84335,18.13828,18.43321,18.72814,19.02307,19.318,19.61294,19.90787,20.21887,20.56975,20.9114,21.15962,21.3986,21.67746,21.97239,22.26732,22.56225,22.85718,23.15211,23.44704,23.74198,24.03691,24.33184,24.62677,24.9217,25.21663,25.51156,25.8065,26.10143,26.39636,26.69129,26.98622,27.28115,27.57608,27.87101,28.18202,28.54897,28.96264,29.3296,29.6406,29.93553,30.23047,30.5254,30.82033,31.11526,31.41019,31.70512,32.00005,32.29499,32.60584,32.98896,33.47471,33.96046,34.34358,34.65444,34.94937,35.2443,35.55516,35.92235,36.35206,36.79092,37.22063,37.58782,37.89868,38.19361,38.48854,38.78348,39.09433,39.46152,39.87502,40.24221,40.55306,40.848,41.14293,41.45378,41.85312,42.42676,43.10334,43.6932,44.21257,44.90655,45.87775,46.92122,47.80602,48.48406,49.03411,49.56115,50.12565,50.65269,51.20274,51.84864,52.54114,53.11478,53.51412,53.85712,54.29598,54.84455,55.3716,55.92164,56.56754,57.29219,58.01005,58.66273,59.18978,59.63542,60.00261,60.36154,60.88888,61.6442,62.43402,63.17459,63.82049,64.37054,64.89758,65.4783,66.07731,66.74592,67.51215,68.45269,69.48701,70.38095,71.13774,71.78364,72.30154,72.70058,73.09963,73.58538,74.08706,74.55836,75.07596,75.66582,76.31172,76.93226,77.41949,77.87456,78.35088,78.79151,79.41352,80.29684,81.22145,82.01806,82.60792,82.95889,83.05385,83.00873,83.17566,83.62897,84.18698,84.68866,85.10363,85.57493,86.19546,86.84136,87.43123,87.94883,88.42013,88.92181,89.40756,89.8066,90.18972,90.61943,91.07451,91.59212,92.16605,92.73999,93.25759,93.7289,94.2465,94.80451,95.30619,95.6893,96.00016,96.31102,96.69414,97.19581,97.8019,98.58406,99.6756,100.9981,102.3447,103.7902,105.6303,107.652,109.4077,110.7919,111.7755,112.7086,113.7748,114.869,115.9422,116.8294,117.593,118.2639,118.9488,119.7309,120.7437,121.8807,122.7587,123.3406,123.8278,124.4661,125.3907,126.5129,127.5976,128.5452,129.2953,129.9173,130.4912,131.0088,131.4801,132.0139,132.6598,133.3683,134.0622,134.8122,135.6398,136.3577,136.9237,137.5309,138.4718,139.6485,140.6053,141.2848,141.9696,142.7595,143.6189,144.4087,145.0614,145.5327,145.9477,146.4494,147.0074,147.509,147.8922,148.2189,148.6504,149.3842,150.3864,151.3269,152.1091,152.8659,153.6879,154.6033,155.456,156.134,156.6519,157.035,157.378,157.849,158.5415,159.3063,160.0003,160.6942,161.4749,162.2394,162.8455,163.3327,163.8503,164.4242,165.03,165.6759,166.3127,166.8397,167.3016,167.7567,168.2743,168.8482,169.4221,169.9398,170.3948,170.8245,171.1917,171.5026,171.8135,172.1966,172.6982,173.2722,173.878,174.5722,175.457,176.5324,177.6481,178.5954,179.2988,179.8955,180.4225,180.9563,181.5143,182.016,182.4151,182.7819,183.1559,183.5641,184.1127,184.6704,185.1255,185.4992,185.8194,186.1772,186.5282,186.839,187.134,187.4289,187.7238,188.0509,188.506,189.1103,189.668,190.0673,190.3782,190.6891,191.0722,191.5579,192.0437,192.4427,192.8258,193.2393,193.6065,193.9333,194.3164,194.8181,195.392,195.966,196.4836,196.9387,197.3684,197.7515,198.1346,198.5802,199.0914,199.6237,199.9906,200.2634,200.9028,202.2973,204.1503,205.7049,206.6699,207.2453,207.691,208.0582,208.3849,208.7681,209.334,210.212,211.3811,212.5379,213.638,214.8752,216.4041,217.908,218.9783,219.679,220.1663,220.7337,221.7144,222.938,223.8158,224.2953,224.6784,225.1081,225.547,225.9929,226.3996,226.6692,226.7267,226.7751,226.9656,227.2446,227.5396,227.8345,228.1294,228.4243,228.7193,229.0301,229.4133,229.899,230.3848,230.7679,231.0787,231.3737,231.6686,231.9795,232.3626,232.8483,233.3341,233.7172,234.028,234.3389,234.7061,235.1196,235.4868,235.8298,236.2849,236.9054,237.5351,238.053,238.452,238.8351,239.2327,239.5436,239.824,240.2697,240.8834,241.5361,242.1513,242.804,243.4499,244.0398,244.5415,244.9727,245.5159,246.2391,246.8688,247.284,247.6108,248.0261,248.6558,249.3951,249.9942,250.456,250.8232,251.1341,251.429,251.7239,252.0189,252.3138,252.6087,252.9037,253.1986,253.4935,253.8206,254.2595,254.808,255.3351,255.853,256.3546,256.8097,257.2394,257.6226,258.0057,258.4354,258.8742,259.304,259.6711,259.982,260.2929,260.6601,261.0735,261.4407,261.7516,262.0465,262.3415,262.6364,262.9313,263.2422,263.6094,264.0229,264.39,264.7009,265.0118,265.427,266.0567,266.7961,267.4113,267.9452,268.4309,268.814,269.1408,269.5239,270.0097,270.5435,271.1749,272.0022,272.8549,273.6208,274.3617,275.0955,275.8042,276.3619,276.689,276.8813,277.1202,277.4711,277.9168,278.4279,278.9924,279.5035,279.9492,280.3163,280.6753,281.1864,281.8697,282.5248,283.1214,283.6163,283.9903,284.2546,284.5654,284.963,285.3302,285.641,285.936,286.2309,286.5258,286.8048,287.0275,287.2039,287.4265,287.7056,287.9846,288.1913

Position (um) : 1.2431,1.2431,1.2431,1.2431,1.2431,1.2431,1.2431,1.2431,1.2431,1.2431,1.2436,1.2462,1.2505,1.2531,1.2543,1.2569,1.2612,1.2638,1.2644,1.2644,1.265,1.2676,1.2719,1.2745,1.2751,1.2751,1.2751,1.2751,1.2751,1.2751,1.2751,1.2751,1.2751,1.2751,1.2751,1.2751,1.2751,1.2751,1.2751,1.2751,1.2751,1.2751,1.2751,1.2751,1.2751,1.2751,1.2751,1.2751,1.2756,1.2783,1.2825,1.2852,1.2857,1.2857,1.2857,1.2857,1.2857,1.2857,1.2857,1.2857,1.2857,1.2857,1.2857,1.2857,1.2857,1.2857,1.2857,1.2857,1.2857,1.2857,1.2857,1.2857,1.2857,1.2857,1.2857,1.2857,1.2857,1.2857,1.2857,1.2857,1.2852,1.2825,1.2783,1.2756,1.2751,1.2745,1.2719,1.2676,1.265,1.2644,1.2644,1.2638,1.2612,1.2569,1.2543,1.2537,1.2537,1.2537,1.2537,1.2537,1.2531,1.2505,1.2462,1.2436,1.2431,1.2431,1.2425,1.2399,1.2356,1.233,1.2324,1.2324,1.2324,1.2318,1.2292,1.2249,1.2223,1.2217,1.2211,1.2185,1.2142,1.2116,1.211,1.211,1.211,1.211,1.211,1.211,1.211,1.211,1.2105,1.2079,1.2036,1.201,1.2004,1.2004,1.1998,1.1972,1.1929,1.1903,1.1897,1.1891,1.1865,1.1822,1.1796,1.1785,1.1758,1.1716,1.1684,1.1652,1.1609,1.1583,1.1577,1.1583,1.1609,1.1652,1.1678,1.1684,1.1684,1.1684,1.1684,1.1684,1.1684,1.1684,1.1684,1.1684,1.1684,1.1684,1.1684,1.1684,1.1684,1.1684,1.1684,1.1678,1.1652,1.1609,1.1583,1.1577,1.1577,1.1577,1.1571,1.1545,1.1502,1.1476,1.147,1.147,1.147,1.1464,1.1438,1.139,1.1338,1.1289,1.1257,1.1225,1.1182,1.115,1.1112,1.1043,1.0974,1.0943,1.0937,1.0937,1.0937,1.0937,1.0937,1.0937,1.0937,1.0937,1.0937,1.0937,1.0937,1.0937,1.0937,1.0937,1.0937,1.0937,1.0937,1.0937,1.0937,1.0937,1.0937,1.0937,1.0937,1.0937,1.0937,1.0937,1.0931,1.0905,1.0862,1.0836,1.083,1.0824,1.0798,1.0755,1.0729,1.0723,1.0718,1.0691,1.0649,1.0622,1.0617,1.0617,1.0617,1.0617,1.0617,1.0617,1.0622,1.0649,1.0691,1.0718,1.0723,1.0723,1.0723,1.0723,1.0718,1.0691,1.0649,1.0622,1.0617,1.0617,1.0617,1.0611,1.0585,1.0536,1.0484,1.0435,1.0409,1.0403,1.0397,1.0371,1.0328,1.0302,1.0297,1.0291,1.0265,1.0222,1.0196,1.019,1.019,1.019,1.019,1.019,1.0184,1.0158,1.0115,1.0089,1.0083,1.0077,1.0051,1.0008,0.99823,0.99765,0.99706,0.99446,0.99016,0.98756,0.98698,0.98698,0.98698,0.98698,0.98698,0.98756,0.99016,0.99446,0.99706,0.99765,0.99823,1.0008,1.0051,1.0077,1.0083,1.0083,1.0083,1.0083,1.0083,1.0083,1.0077,1.0051,1.0003,0.99504,0.99016,0.98756,0.98639,0.98379,0.97949,0.97689,0.97631,0.97631,0.97631,0.97631,0.97631,0.97631,0.97631,0.97631,0.97631,0.97631,0.97631,0.97631,0.97631,0.97631,0.97631,0.97572,0.97312,0.96824,0.96303,0.95815,0.95555,0.95496,0.95496,0.95496,0.95496,0.95438,0.95178,0.94748,0.94429,0.94111,0.93681,0.93421,0.93304,0.93044,0.92614,0.92354,0.92296,0.92237,0.91977,0.91547,0.91287,0.91229,0.91229,0.91229,0.91229,0.91229,0.9117,0.9091,0.9048,0.90161,0.89843,0.89413,0.89153,0.89094,0.89094,0.89094,0.89094,0.89094,0.89094,0.89153,0.89471,0.90161,0.90852,0.9117,0.91229,0.91229,0.91229,0.91229,0.91229,0.91229,0.91229,0.91229,0.91229,0.91229,0.91229,0.91229,0.91229,0.91229,0.91229,0.9117,0.9091,0.9048,0.9022,0.90161,0.90103,0.89843,0.89413,0.89153,0.89094,0.89036,0.88776,0.88346,0.88028,0.87709,0.87279,0.87019,0.86902,0.86642,0.86154,0.85633,0.85145,0.84885,0.84827,0.84827,0.84827,0.84768,0.84508,0.84078,0.83818,0.83759,0.83759,0.83759,0.83759,0.83759,0.83759,0.83759,0.83759,0.83701,0.83441,0.83011,0.82751,0.82693,0.82634,0.82374,0.81944,0.81684,0.81626,0.81509,0.80988,0.80129,0.79608,0.79492,0.79492,0.79433,0.79173,0.78743,0.78483,0.78424,0.78424,0.78424,0.78424,0.78424,0.78424,0.78424,0.78424,0.78424,0.78424,0.78424,0.78424,0.78424,0.78424,0.78424,0.78424,0.78424,0.78366,0.78106,0.77676,0.77358,0.77039,0.76551,0.7603,0.75484,0.74905,0.74098,0.73089,0.72081,0.71332,0.71014,0.70956,0.70956,0.70897,0.70637,0.70149,0.69628,0.6914,0.68822,0.68503,0.68015,0.67494,0.67006,0.66687,0.66369,0.65939,0.65621,0.65302,0.64872,0.64612,0.64553,0.64553,0.64553,0.64495,0.64235,0.63805,0.63545,0.63487,0.63487,0.63487

Intensity : 293.8904,306.6823,327.5608,352.6042,374.8194,393.6475,411.5025,429.3575,447.2125,465.0675,482.9692,493.3071,496.087,498.7545,501.2993,504.0258,506.9883,509.7943,512.3625,514.9935,518.0472,520.1363,521.7238,523.0085,524.155,525.285,526.415,527.545,528.675,529.805,530.935,531.005,530.015,529.025,528.035,527.045,526.055,525.065,524.075,523.085,522.095,521.6875,521.8625,522.0375,522.2125,522.3875,522.572,522.7898,523.1006,523.6334,521.9307,518.5379,515.9875,513.6625,511.3375,509.0125,506.6875,504.3625,502.0375,499.7125,497.9655,496.5951,494.8575,493.1199,491.7495,490.6375,489.5825,488.5275,488.5872,489.9069,491.4514,493.0286,494.5731,495.8928,497.01,498.07,501.55,507.45,513.6686,521.0141,529.4933,537.8541,544.8995,550.8127,556.83,560.7018,562.7216,565.5269,568.8681,571.852,574.5111,573.2448,571.0485,568.5639,561.1087,553.6988,547.7308,542.0124,535.8876,538.9328,542.2838,546.1005,550.221,553.6127,553.4626,553.3521,553.1958,552.9679,552.7468,552.5814,549.9684,546.4426,542.9498,539.7544,537.4511,535.9652,534.8124,533.7432,532.1869,530.0016,529.4432,529.8967,530.2586,530.5384,530.9019,535.5684,540.3819,545.7547,551.912,553.9757,553.2913,553.4964,555.5967,558.0638,559.4742,560.3875,561.538,563.7505,562.1477,558.2242,552.9504,546.8993,541.0348,540.1148,543.7978,546.7304,550.2856,552.9809,555.6676,559.7446,564.0364,568.0993,571.4208,574.3416,575.4084,575.5236,577.176,580.9296,585.4704,589.5528,592.9296,596.4167,596.6482,596.8891,597.1091,597.3021,597.4779,602.8025,608.6246,613.4075,617.9995,623.15,628.6045,634.3324,639.4123,644.1311,648.6571,653.1671,658.2566,663.1433,667.2444,669.8973,671.5666,673.5989,676.6862,680.8961,682.2011,682.3961,682.2062,684.9801,690.3262,694.0844,696.2206,701.8727,708.7748,720.5588,728.7583,731.683,733.5942,736.7884,738.4964,739.6996,740.7352,737.298,728.01,717.402,703.666,692.7161,684.9015,679.7224,675.3859,664.6629,648.596,629.0954,630.7328,639.2472,645.9862,651.475,656.2427,660.5424,664.4576,668.8921,674.2575,679.9774,685.5657,691.6054,698.604,694.2541,691.8234,688.087,680.2246,673.8209,670.3328,669.3224,671.4692,675.8751,680.6296,686.2041,686.9825,685.8698,685.4051,685.0564,684.6686,684.031,681.2122,678.8078,675.7998,671.1033,662.9877,665.4565,668.6757,672.127,672.7545,668.0985,664.1508,662.4663,664.3703,665.9125,667.3917,669.4678,672.5202,675.0475,664.9609,654.6811,643.061,632.0875,633.3638,634.5043,635.7064,636.7619,637.5765,639.5258,641.9665,643.9763,645.4549,646.6962,648.1518,649.4,650.7233,651.9167,652.9659,653.9567,653.9673,652.6112,651.1427,649.5947,647.8072,645.7784,643.5511,644.2083,646.1803,648.695,650.9381,652.5924,653.7488,654.7438,651.8724,648.8859,645.7641,642.9574,640.725,638.6569,636.7477,634.6275,631.8327,629.0676,626.7923,624.7302,622.6971,619.5539,616.6418,614.1175,611.7225,609.3275,606.9325,604.2764,600.6903,604.2478,613.3184,620.3116,626.0374,631.2772,637.2598,645.1952,647.2184,646.3533,644.9792,643.3108,641.8293,640.5107,638.9649,638.708,642.6,646.492,650.002,653.088,656.002,655.0425,648.3981,640.6693,631.8051,622.7724,617.3089,614.2671,608.9236,600.341,586.9086,574.7992,570.0496,572.5567,574.4983,575.8821,576.3281,576.3609,577.5639,575.9213,573.4717,572.7823,577.4962,582.6783,590.223,598.6057,598.9061,597.2906,596.0378,594.5162,589.621,580.7962,574.4871,571.755,570.8587,569.8534,568.8623,568.06,567.6554,567.54,567.8509,568.3412,568.4644,568.4425,568.5275,568.6125,568.6975,568.7825,568.8675,568.8377,568.2528,566.7525,563.3467,560.5405,558.7375,557.1625,555.5875,553.9275,551.8815,549.2875,548.9703,549.5029,549.935,550.3671,550.8776,551.4524,551.9629,552.4397,553.4122,555.0641,557.3819,560.0534,561.9632,563.1902,562.7742,562.9848,563.8899,563.8539,562.7338,561.5387,556.4845,546.6853,536.5669,527.4194,520.2255,514.8102,509.2714,502.2505,497.0073,494.1914,491.126,490.9828,494.7556,499.2932,502.9693,505.7212,507.694,509.1981,510.8317,512.75,514.75,516.75,518.75,520.75,522.75,524.75,526.7366,529.0745,531.8068,534.3256,537.0491,539.8917,539.0369,534.6227,530.5952,526.6872,522.4389,518.0801,513.6598,509.5847,506.0331,502.64,498.6622,494.1922,490.2973,487.1356,484.1483,481.0925,478.195,475.485,472.6287,469.2547,465.4553,462.0813,459.225,456.3687,452.553,449.9651,446.9943,444.5224,442.3775,440.8323,442.8847,444.6353,446.8437,450.204,454.4481,459.0667,462.2842,465.7612,469.5073,473.881,480.9509,486.488,490.3295,492.7967,494.336,495.992,496.4823,495.9762,495.4206,494.886,494.4936,494.1753,494.1875,494.5742,495.0329,495.5719,495.9893,496.2739,491.9581,488.6084,486.2341,483.4594,479.923,476.6608,473.9083,471.3025,467.605,462.815,458.281,454.6481,450.875,446.2053,441.475,436.9815,433.6518

Time pixel : 4.88532,4.9609,5.07987,5.22013,5.34455,5.45,5.55,5.65,5.75,5.85,5.95,6.05,6.15,6.25,6.35,6.45,6.55,6.65,6.75,6.85545,6.97442,7.09026,7.17442,7.25545,7.35,7.45,7.55,7.65,7.75,7.85,7.95,8.05,8.15,8.25,8.35,8.45,8.55,8.65,8.75,8.85,8.95,9.05,9.15,9.25,9.35,9.45,9.55545,9.67987,9.82013,9.94455,10.05,10.15,10.25,10.35,10.45,10.55,10.65,10.75,10.85,10.95,11.0554,11.1853,11.35,11.5147,11.6446,11.75,11.85,11.95,12.0554,12.1799,12.3256,12.4744,12.6201,12.7446,12.85,12.95,13.05,13.15,13.2554,13.3799,13.5201,13.6446,13.75,13.85,13.95,14.0554,14.1908,14.3853,14.6147,14.8147,14.9908,15.2261,15.5554,15.9092,16.2092,16.4391,16.6256,16.8043,16.9957,17.1744,17.3609,17.5799,17.8147,18.0092,18.1446,18.2609,18.4097,18.5957,18.7744,18.9609,19.1799,19.4256,19.669,19.8903,20.069,20.2201,20.3446,20.4663,20.6451,20.9012,21.169,21.4201,21.6391,21.8256,22.0043,22.2012,22.4043,22.631,22.8908,23.2097,23.5604,23.8635,24.1201,24.3391,24.5147,24.65,24.7853,24.95,25.1201,25.2799,25.4554,25.6554,25.8744,26.0848,26.25,26.4043,26.5658,26.7152,26.9261,27.2256,27.5391,27.8092,28.0092,28.1282,28.1604,28.1451,28.2017,28.3554,28.5446,28.7147,28.8554,29.0152,29.2256,29.4446,29.6446,29.8201,29.9799,30.15,30.3147,30.45,30.5799,30.7256,30.8799,31.0554,31.25,31.4446,31.6201,31.7799,31.9554,32.1446,32.3147,32.4446,32.55,32.6554,32.7853,32.9554,33.1609,33.4261,33.7962,34.2446,34.7012,35.1913,35.8152,36.5007,37.096,37.5653,37.8988,38.2152,38.5767,38.9477,39.3116,39.6124,39.8713,40.0988,40.331,40.5962,40.9396,41.3251,41.6228,41.8201,41.9853,42.2017,42.5152,42.8957,43.2635,43.5848,43.8391,44.05,44.2446,44.4201,44.5799,44.7609,44.9799,45.2201,45.4554,45.7097,45.9903,46.2337,46.4256,46.6315,46.9505,47.3495,47.6739,47.9043,48.1365,48.4043,48.6957,48.9635,49.1848,49.3446,49.4853,49.6554,49.8446,50.0147,50.1446,50.2554,50.4017,50.6505,50.9903,51.3092,51.5744,51.831,52.1097,52.4201,52.7092,52.9391,53.1147,53.2446,53.3609,53.5206,53.7554,54.0147,54.25,54.4853,54.75,55.0092,55.2147,55.3799,55.5554,55.75,55.9554,56.1744,56.3903,56.569,56.7256,56.8799,57.0554,57.25,57.4446,57.6201,57.7744,57.9201,58.0446,58.15,58.2554,58.3853,58.5554,58.75,58.9554,59.1908,59.4908,59.8554,60.2337,60.5549,60.7934,60.9957,61.1744,61.3554,61.5446,61.7147,61.85,61.9744,62.1012,62.2396,62.4256,62.6147,62.769,62.8957,63.0043,63.1256,63.2446,63.35,63.45,63.55,63.65,63.7609,63.9152,64.1201,64.3092,64.4446,64.55,64.6554,64.7853,64.95,65.1147,65.25,65.3799,65.5201,65.6446,65.7554,65.8853,66.0554,66.25,66.4446,66.6201,66.7744,66.9201,67.05,67.1799,67.331,67.5043,67.6848,67.8092,67.9017,68.1185,68.5913,69.2196,69.7467,70.0739,70.269,70.4201,70.5446,70.6554,70.7853,70.9772,71.2749,71.6713,72.0635,72.4365,72.856,73.3744,73.8843,74.2472,74.4848,74.65,74.8424,75.1749,75.5898,75.8874,76.05,76.1799,76.3256,76.4744,76.6256,76.7635,76.8549,76.8744,76.8908,76.9554,77.05,77.15,77.25,77.35,77.45,77.55,77.6554,77.7853,77.95,78.1147,78.2446,78.35,78.45,78.55,78.6554,78.7853,78.95,79.1147,79.2446,79.35,79.4554,79.5799,79.7201,79.8446,79.9609,80.1152,80.3256,80.5391,80.7147,80.85,80.9799,81.1147,81.2201,81.3152,81.4663,81.6744,81.8957,82.1043,82.3256,82.5446,82.7446,82.9147,83.0609,83.2451,83.4903,83.7038,83.8446,83.9554,84.0962,84.3097,84.5604,84.7635,84.9201,85.0446,85.15,85.25,85.35,85.45,85.55,85.65,85.75,85.85,85.95,86.0609,86.2097,86.3957,86.5744,86.75,86.9201,87.0744,87.2201,87.35,87.4799,87.6256,87.7744,87.9201,88.0446,88.15,88.2554,88.3799,88.5201,88.6446,88.75,88.85,88.95,89.05,89.15,89.2554,89.3799,89.5201,89.6446,89.75,89.8554,89.9962,90.2097,90.4604,90.669,90.85,91.0147,91.1446,91.2554,91.3853,91.55,91.731,91.9451,92.2256,92.5147,92.7744,93.0256,93.2744,93.5147,93.7038,93.8147,93.8799,93.9609,94.0799,94.231,94.4043,94.5957,94.769,94.9201,95.0446,95.1663,95.3396,95.5713,95.7934,95.9957,96.1635,96.2903,96.3799,96.4853,96.6201,96.7446,96.85,96.95,97.05,97.15,97.2446,97.3201,97.3799,97.4554,97.55,97.6446,97.7147

Position pixel : 11.65,11.65,11.65,11.65,11.65,11.65,11.65,11.65,11.65,11.65,11.6554,11.6799,11.7201,11.7446,11.7554,11.7799,11.8201,11.8446,11.85,11.85,11.8554,11.8799,11.9201,11.9446,11.95,11.95,11.95,11.95,11.95,11.95,11.95,11.95,11.95,11.95,11.95,11.95,11.95,11.95,11.95,11.95,11.95,11.95,11.95,11.95,11.95,11.95,11.95,11.95,11.9554,11.9799,12.0201,12.0446,12.05,12.05,12.05,12.05,12.05,12.05,12.05,12.05,12.05,12.05,12.05,12.05,12.05,12.05,12.05,12.05,12.05,12.05,12.05,12.05,12.05,12.05,12.05,12.05,12.05,12.05,12.05,12.05,12.0446,12.0201,11.9799,11.9554,11.95,11.9446,11.9201,11.8799,11.8554,11.85,11.85,11.8446,11.8201,11.7799,11.7554,11.75,11.75,11.75,11.75,11.75,11.7446,11.7201,11.6799,11.6554,11.65,11.65,11.6446,11.6201,11.5799,11.5554,11.55,11.55,11.55,11.5446,11.5201,11.4799,11.4554,11.45,11.4446,11.4201,11.3799,11.3554,11.35,11.35,11.35,11.35,11.35,11.35,11.35,11.35,11.3446,11.3201,11.2799,11.2554,11.25,11.25,11.2446,11.2201,11.1799,11.1554,11.15,11.1446,11.1201,11.0799,11.0554,11.0446,11.0201,10.9799,10.95,10.9201,10.8799,10.8554,10.85,10.8554,10.8799,10.9201,10.9446,10.95,10.95,10.95,10.95,10.95,10.95,10.95,10.95,10.95,10.95,10.95,10.95,10.95,10.95,10.95,10.95,10.9446,10.9201,10.8799,10.8554,10.85,10.85,10.85,10.8446,10.8201,10.7799,10.7554,10.75,10.75,10.75,10.7446,10.7201,10.6744,10.6256,10.5799,10.55,10.5201,10.4799,10.45,10.4147,10.35,10.2853,10.2554,10.25,10.25,10.25,10.25,10.25,10.25,10.25,10.25,10.25,10.25,10.25,10.25,10.25,10.25,10.25,10.25,10.25,10.25,10.25,10.25,10.25,10.25,10.25,10.25,10.25,10.25,10.2446,10.2201,10.1799,10.1554,10.15,10.1446,10.1201,10.0799,10.0554,10.05,10.0446,10.0201,9.97987,9.95545,9.95,9.95,9.95,9.95,9.95,9.95,9.95545,9.97987,10.0201,10.0446,10.05,10.05,10.05,10.05,10.0446,10.0201,9.97987,9.95545,9.95,9.95,9.95,9.94455,9.92013,9.87442,9.82558,9.77987,9.75545,9.75,9.74455,9.72013,9.67987,9.65545,9.65,9.64455,9.62013,9.57987,9.55545,9.55,9.55,9.55,9.55,9.55,9.54455,9.52013,9.47987,9.45545,9.45,9.44455,9.42013,9.37987,9.35545,9.35,9.34455,9.32013,9.27987,9.25545,9.25,9.25,9.25,9.25,9.25,9.25545,9.27987,9.32013,9.34455,9.35,9.35545,9.37987,9.42013,9.44455,9.45,9.45,9.45,9.45,9.45,9.45,9.44455,9.42013,9.37442,9.32558,9.27987,9.25545,9.24455,9.22013,9.17987,9.15545,9.15,9.15,9.15,9.15,9.15,9.15,9.15,9.15,9.15,9.15,9.15,9.15,9.15,9.15,9.15,9.14455,9.12013,9.07442,9.02558,8.97987,8.95545,8.95,8.95,8.95,8.95,8.94455,8.92013,8.87987,8.85,8.82013,8.77987,8.75545,8.74455,8.72013,8.67987,8.65545,8.65,8.64455,8.62013,8.57987,8.55545,8.55,8.55,8.55,8.55,8.55,8.54455,8.52013,8.47987,8.45,8.42013,8.37987,8.35545,8.35,8.35,8.35,8.35,8.35,8.35,8.35545,8.38532,8.45,8.51468,8.54455,8.55,8.55,8.55,8.55,8.55,8.55,8.55,8.55,8.55,8.55,8.55,8.55,8.55,8.55,8.55,8.54455,8.52013,8.47987,8.45545,8.45,8.44455,8.42013,8.37987,8.35545,8.35,8.34455,8.32013,8.27987,8.25,8.22013,8.17987,8.15545,8.14455,8.12013,8.07442,8.02558,7.97987,7.95545,7.95,7.95,7.95,7.94455,7.92013,7.87987,7.85545,7.85,7.85,7.85,7.85,7.85,7.85,7.85,7.85,7.84455,7.82013,7.77987,7.75545,7.75,7.74455,7.72013,7.67987,7.65545,7.65,7.6391,7.59026,7.50974,7.4609,7.45,7.45,7.44455,7.42013,7.37987,7.35545,7.35,7.35,7.35,7.35,7.35,7.35,7.35,7.35,7.35,7.35,7.35,7.35,7.35,7.35,7.35,7.35,7.35,7.34455,7.32013,7.27987,7.25,7.22013,7.17442,7.12558,7.07442,7.02013,6.94455,6.85,6.75545,6.68532,6.65545,6.65,6.65,6.64455,6.62013,6.57442,6.52558,6.47987,6.45,6.42013,6.37442,6.32558,6.27987,6.25,6.22013,6.17987,6.15,6.12013,6.07987,6.05545,6.05,6.05,6.05,6.04455,6.02013,5.97987,5.95545,5.95,5.95,5.95

Pole type : Curve
Start frame : 5
End frame : 107
Start time (s) : 27.750
End time (s) : 328.580
Time step (s) : 2.949

Feature Information :


Feature number : 1

Time (s) : 185.7634,185.9542,186.161,186.3211,186.4721,186.6161,186.7671,186.911,187.0458,187.118,187.1499,187.2221,187.3569,187.5009,187.6519,187.7958,187.9306,188.0028,188.0187,188.0187,188.0187,188.0187,188.0187,188.0347,188.1069,188.2255,188.2978,188.3137,188.3137,188.3137,188.3137,188.3137,188.3137,188.3296,188.4019,188.5204,188.5927,188.6086,188.6245,188.6968,188.8316,188.9755,189.1103,189.1985,189.3026,189.4934,189.6842,189.7724,189.8043,189.8924,190.0833,190.2741

Position (um) : 3.057,3.0575,3.0607,3.0682,3.0777,3.0858,3.0916,3.097,3.1028,3.1109,3.121,3.1316,3.1423,3.153,3.1637,3.1743,3.185,3.1957,3.2063,3.217,3.2277,3.2389,3.2522,3.2666,3.2778,3.2874,3.2998,3.3125,3.3237,3.3344,3.345,3.3557,3.3664,3.3771,3.3877,3.3984,3.4091,3.4197,3.4298,3.4379,3.4443,3.4523,3.4624,3.4731,3.4843,3.4976,3.5126,3.5259,3.5365,3.5446,3.5504,3.5553

Intensity : 319.6692,320.0286,320.6351,321.7235,323.0879,324.3036,325.2791,326.2336,327.2399,328.4505,329.8685,331.4534,333.1876,334.9698,336.7979,338.6394,340.4868,342.1951,343.7,345.1,346.5,347.9756,349.7186,351.6623,353.4067,355.1236,357.0654,358.9448,360.705,362.375,364.045,365.715,367.385,369.1268,371.1286,373.3554,375.3799,377.9,381.0028,383.7618,385.8902,388.2074,391.1898,394.4125,397.8388,401.9317,406.6322,412.5712,419.818,425.3173,429.3303,432.7267

Time pixel : 62.9853,63.05,63.1201,63.1744,63.2256,63.2744,63.3256,63.3744,63.4201,63.4446,63.4554,63.4799,63.5256,63.5744,63.6256,63.6744,63.7201,63.7446,63.75,63.75,63.75,63.75,63.75,63.7554,63.7799,63.8201,63.8446,63.85,63.85,63.85,63.85,63.85,63.85,63.8554,63.8799,63.9201,63.9446,63.95,63.9554,63.9799,64.0256,64.0744,64.1201,64.15,64.1853,64.25,64.3147,64.3446,64.3554,64.3853,64.45,64.5147

Position pixel : 28.65,28.6554,28.6853,28.7554,28.8446,28.9201,28.9744,29.0256,29.0799,29.1554,29.25,29.35,29.45,29.55,29.65,29.75,29.85,29.95,30.05,30.15,30.25,30.3554,30.4799,30.6147,30.7201,30.8097,30.9256,31.0446,31.15,31.25,31.35,31.45,31.55,31.65,31.75,31.85,31.95,32.05,32.1446,32.2201,32.2799,32.3554,32.45,32.55,32.6554,32.7799,32.9201,33.0446,33.1446,33.2201,33.2744,33.3201

Brightness max : 423.00
Brightness min :  0.00
Feature direction : Poleward
Feature speed : Slow
Feature type : Curve
Start frame : 5
End frame : 107
Start time (s) : 27.750
End time (s) : 328.580
Time step (s) : 2.949

