KYMOANALYSIS DATA

General Information :

Tiff path : E:\Google Drive\microtubule dynamics and cut7\20-15 screens and tests\PA-GFP\19-05-08 (PA-GFP bipoles with mCh MTs)\first session\
Spindle type : Bipolar
Start frame : 5
End frame : 50
Start time (s) : 21.900
End time (s) : 110.320
Time step (s) : 1.965
Num poles : 2
Num tracks : 6
Num tracks poleward : 1
Num tracks antipoleward : 1
Num tracks ambiguous : 3
Comments : {

}
Poles Information :


Pole number : 1

Time (s) : 8.64136,10.6256,12.6098,14.5941,16.5783,18.5626,20.5468,22.531,24.5153,26.4995,28.4837,30.468,32.4522,34.4365,36.4207,38.4049,40.3892,42.3734,44.3576,46.3419,48.3261,50.3104,52.2946,54.2788,56.2631,58.2473,60.2315,62.2158,64.2,66.1843,68.1685,70.1527,72.137,74.1212,76.1054,78.0897,80.0739,82.0582,84.0424,86.0266,88.0109,89.9951,91.9793,93.9636,95.9478,97.9321

Position (um) : 1.7711,1.7512,1.7314,1.7116,1.6917,1.6719,1.652,1.6322,1.6124,1.5925,1.5727,1.5528,1.533,1.5132,1.4933,1.4735,1.4536,1.4338,1.414,1.3941,1.3743,1.3544,1.3346,1.3148,1.2949,1.2751,1.2553,1.2354,1.2156,1.1957,1.1759,1.1561,1.1362,1.1164,1.0965,1.0767,1.0569,1.037,1.0172,0.99735,0.97751,0.95767,0.93783,0.91799,0.89815,0.87831

Intensity : 31.7894,51.3984,58.3772,51.7538,47.8188,45.7559,45.7271,44.2262,41.0962,35.8611,32.9718,35.3489,39.8255,42.7926,42.4454,42.4311,46.4053,49.2629,45.7312,38.887,36.162,36.5638,36.5242,35.143,32.4607,31.4754,32.7511,34.8636,35.1774,33.1157,33.3954,32.3336,35.4148,38.9377,40.4865,40.1382,38.1198,37.0897,33.8801,33.9827,34.8232,38.0827,37.4788,37.629,36.2149,35.8059

Time pixel : 4.39764,5.40743,6.41722,7.42701,8.4368,9.44659,10.4564,11.4662,12.476,13.4858,14.4955,15.5053,16.5151,17.5249,18.5347,19.5445,20.5543,21.5641,22.5739,23.5837,24.5934,25.6032,26.613,27.6228,28.6326,29.6424,30.6522,31.662,32.6718,33.6816,34.6913,35.7011,36.7109,37.7207,38.7305,39.7403,40.7501,41.7599,42.7697,43.7795,44.7892,45.799,46.8088,47.8186,48.8284,49.8382

Position pixel : 16.5986,16.4127,16.2267,16.0408,15.8549,15.6689,15.483,15.2971,15.1111,14.9252,14.7393,14.5533,14.3674,14.1815,13.9955,13.8096,13.6237,13.4377,13.2518,13.0659,12.8799,12.694,12.5081,12.3221,12.1362,11.9503,11.7643,11.5784,11.3925,11.2065,11.0206,10.8347,10.6487,10.4628,10.2769,10.0909,9.905,9.71907,9.53313,9.3472,9.16127,8.97533,8.7894,8.60347,8.41753,8.2316

Pole type : Line
Start frame : 5
End frame : 50
Start time (s) : 21.900
End time (s) : 110.320
Time step (s) : 1.965

Pole number : 2

Time (s) : 9.12522,9.19365,9.32363,9.5095,9.6982,9.85241,9.97006,10.0827,10.2147,10.3717,10.5772,10.8422,11.1504,11.4174,11.6483,11.9198,12.1814,12.3481,12.4432,12.5162,12.6141,12.7724,12.9384,13.0777,13.2142,13.3657,13.5387,13.7123,13.895,14.1006,14.3642,14.6848,15.0813,15.5407,16.0164,16.5024,16.8938,17.1651,17.3867,17.5937,17.8378,18.1992,18.6904,19.2181,19.6553,19.9626,20.2161,20.5356,20.9597,21.4435,21.996,22.5712,23.0011,23.3055,23.5922,23.8836,24.1208,24.2998,24.5153,24.8384,25.2422,25.656,26.0233,26.3017,26.4654,26.5725,26.699,26.8743,27.0895,27.3379,27.5631,27.7825,27.9922,28.1779,28.3803,28.6397,29.0266,29.543,30.0568,30.474,30.8362,31.1621,31.4608,31.7554,32.0662,32.3311,32.5549,32.8124,33.1,33.4248,33.808,34.2014,34.5712,34.9428,35.2904,35.5895,35.8565,36.0969,36.3059,36.5299,36.8229,37.1397,37.3998,37.6362,37.808,37.9161,38.0145,38.1477,38.325,38.5256,38.75,38.9832,39.2534,39.5401,39.8099,40.0308,40.1789,40.2831,40.3776,40.4725,40.5678,40.6635,40.7694,40.9101,41.0897,41.2903,41.5621,41.9345,42.3361,42.6332,42.8008,42.9146,43.0359,43.1716,43.2984,43.4302,43.589,43.7529,43.9124,44.1038,44.322,44.5088,44.6419,44.7531,44.8863,45.0934,45.4259,45.8855,46.3872,46.8971,47.4773,48.1018,48.6375,49.0008,49.2914,49.538,49.7216,49.8699,49.9941,50.1061,50.25,50.4921,50.8538,51.2798,51.7052,52.0652,52.3806,52.6785,52.9424,53.1813,53.3959,53.5883,53.7534,53.8868,54.0251,54.2122,54.4309,54.6178,54.7706,54.9801,55.2986,55.6199,55.8484,56.028,56.2587,56.5327,56.7537,56.9473,57.1925,57.5232,57.873,58.1622,58.4041,58.612,58.7851,58.9288,59.0526,59.1793,59.3864,59.6541,59.8787,60.093,60.3634,60.6704,60.9455,61.1667,61.3707,61.6238,61.9991,62.5041,63.0456,63.5066,63.867,64.1852,64.5163,64.8924,65.2547,65.5945,65.9393,66.2808,66.5416,66.7756,67.1841,67.7628,68.2669,68.6115,68.8599,69.0395,69.1603,69.2588,69.3694,69.4993,69.6319,69.7667,69.9436,70.2926,70.8355,71.3655,71.8418,72.3886,73.028,73.6331,74.0917,74.4171,74.6445,74.8152,74.9789,75.1711,75.3662,75.544,75.6947,75.8136,75.9374,76.12,76.3884,76.7625,77.2789,77.9097,78.4894,78.9124,79.2276,79.5129,79.7731,79.9804,80.1746,80.4039,80.7104,81.0523,81.3712,81.5976,81.758,81.9299,82.1164,82.2742,82.4068,82.5151,82.6112,82.7194,82.8472,82.9875,83.1596,83.3459,83.5037,83.6361,83.7446,83.8355,83.9216,84.0128,84.1311,84.313,84.5758,84.8974,85.224,85.5241,85.819,86.1285,86.4557,86.8465,87.3228,87.8312,88.3254,88.7795,89.1385,89.3971,89.5938,89.7494,89.9544,90.2807,90.6246,90.8813,91.1208,91.4002,91.6399,91.9017,92.2927,92.7918,93.3332,93.8867,94.4104,94.8415,95.194,95.5173,95.8452,96.1461,96.3738,96.5349,96.6499,96.7426,96.8307,96.9236,97.0339,97.1586,97.2693,97.3626,97.451,97.5397,97.6283,97.7171,97.8059,97.8924,97.9655,98.0091,98.0236

Position (um) : 7.4976,7.4986,7.5026,7.5099,7.5159,7.5193,7.5217,7.5233,7.5249,7.527,7.5286,7.5303,7.5324,7.534,7.5356,7.5381,7.5406,7.543,7.5447,7.5463,7.5487,7.5512,7.5539,7.5565,7.5592,7.562,7.5656,7.5693,7.5724,7.576,7.5793,7.5815,7.5844,7.5891,7.5941,7.5987,7.6013,7.602,7.6025,7.6039,7.6063,7.6089,7.6116,7.6142,7.6167,7.6183,7.6203,7.6237,7.6271,7.6293,7.6324,7.6378,7.6424,7.6444,7.6454,7.648,7.6522,7.6549,7.6559,7.6573,7.6595,7.661,7.6615,7.6617,7.6619,7.6624,7.6639,7.6664,7.669,7.6715,7.6732,7.6749,7.6772,7.6786,7.6791,7.6796,7.6816,7.6862,7.6919,7.696,7.699,7.7016,7.7044,7.707,7.7095,7.7111,7.7128,7.7153,7.7179,7.7206,7.7232,7.7256,7.727,7.7274,7.7276,7.7278,7.7279,7.7283,7.7296,7.732,7.7348,7.7384,7.7417,7.7432,7.7436,7.7437,7.7437,7.7438,7.7438,7.7438,7.7439,7.7439,7.7441,7.7452,7.7471,7.7481,7.7482,7.7481,7.7479,7.7477,7.7476,7.7474,7.7474,7.7484,7.7504,7.7526,7.7551,7.7585,7.7628,7.7661,7.7683,7.7693,7.7692,7.7689,7.7686,7.7683,7.768,7.7677,7.7673,7.7672,7.7681,7.7697,7.7706,7.7708,7.7719,7.7752,7.781,7.7887,7.7968,7.804,7.8111,7.8177,7.8234,7.8268,7.8295,7.8327,7.8366,7.8386,7.8387,7.8386,7.8394,7.841,7.8421,7.8431,7.845,7.847,7.8489,7.8499,7.8513,7.8541,7.8569,7.858,7.8581,7.8589,7.8605,7.8613,7.8615,7.8623,7.8639,7.8647,7.8649,7.8657,7.8673,7.8681,7.868,7.8679,7.8688,7.8704,7.8713,7.8712,7.8708,7.8705,7.8701,7.8698,7.8695,7.8689,7.8671,7.8636,7.86,7.8583,7.8577,7.8574,7.8571,7.8568,7.8565,7.8563,7.856,7.8557,7.8555,7.8553,7.855,7.8548,7.8546,7.8543,7.8541,7.8539,7.8537,7.8536,7.8534,7.8535,7.8548,7.8576,7.8602,7.8612,7.861,7.8605,7.86,7.8595,7.8591,7.8586,7.8581,7.8577,7.8572,7.8568,7.8566,7.8574,7.8589,7.8597,7.8595,7.8588,7.8572,7.8547,7.8531,7.8524,7.852,7.8515,7.8511,7.8507,7.8503,7.8498,7.8494,7.849,7.8485,7.8484,7.8491,7.8509,7.8532,7.8562,7.8589,7.8602,7.8612,7.8627,7.8637,7.8647,7.8662,7.8669,7.867,7.8677,7.8691,7.8698,7.8696,7.869,7.8685,7.8679,7.8676,7.8683,7.8697,7.8703,7.87,7.8694,7.8688,7.8682,7.8675,7.8669,7.8663,7.8656,7.865,7.8643,7.8639,7.8644,7.8657,7.8665,7.8676,7.8704,7.8743,7.8786,7.8828,7.8868,7.8898,7.8917,7.8933,7.8938,7.8934,7.8927,7.892,7.8916,7.8921,7.8934,7.8939,7.8935,7.8929,7.8922,7.8919,7.8925,7.8938,7.8945,7.8942,7.8939,7.8945,7.896,7.8967,7.8965,7.8963,7.897,7.8986,7.8994,7.8993,7.8989,7.8986,7.8983,7.898,7.8978,7.8976,7.8974,7.8972,7.8971,7.897,7.8969,7.8966,7.8954,7.8934,7.8923,7.8921

Intensity : 38.6257,39.4768,41.1108,43.4682,45.8624,47.7919,49.1914,50.5251,52.0849,53.9424,56.3634,59.4804,63.1072,66.2484,68.9665,70.8454,71.2688,71.5457,71.7063,71.8329,72.005,72.2706,72.5493,72.786,73.0195,73.2775,73.5754,73.8743,74.0378,74.1596,74.1154,74.1708,74.2415,74.2713,74.4158,74.6309,74.8502,75.0548,75.2279,75.3348,74.9339,73.9866,72.7661,71.4959,70.4376,68.8738,67.5678,65.8969,63.7299,61.3226,60.7016,61.023,61.2704,61.4828,61.6953,61.699,61.6851,61.6934,61.7363,61.8094,61.9119,62.4293,63.8517,64.9314,65.5675,65.9875,66.4945,67.2086,68.0907,69.1129,69.7422,69.4243,69.1413,68.8846,68.5818,68.1925,67.657,66.9948,67.8029,68.4597,69.0406,69.5589,69.9643,69.761,69.5745,69.4438,69.3302,69.1911,69.0542,68.9123,68.5696,68.2152,67.9041,67.6208,67.3633,67.4588,67.6476,67.8079,67.916,68.0044,68.1378,68.2743,68.3665,68.443,68.5205,68.5734,68.622,68.6883,68.7773,68.8785,68.9918,69.1102,69.2414,69.9174,70.6368,71.2406,71.6612,71.9627,72.2365,72.5117,72.7882,73.0655,73.3665,73.7481,74.2219,74.684,74.6364,74.5734,74.4938,74.4312,74.389,74.3718,74.3724,74.378,74.4815,74.6756,74.9077,75.1468,75.3792,75.6526,75.9512,76.1971,76.3778,76.5357,76.7155,76.9815,76.9316,76.6484,75.7907,74.9983,74.5476,74.46,74.4253,74.4385,74.3812,74.2237,74.0208,73.9292,73.95,73.9843,73.9694,73.9336,73.9619,73.8167,73.3944,73.02,72.6931,72.4229,72.1672,71.6084,70.8932,70.3202,69.8639,69.4657,69.0222,68.4807,67.8822,67.3438,66.8684,66.2726,65.592,64.9072,64.3816,63.9848,63.5192,62.9652,62.4836,62.0288,62.2125,62.6817,63.1863,63.6047,63.9552,64.2573,64.5097,64.7278,65.0448,65.4439,66.0426,66.7407,67.2992,67.8252,68.4866,69.2375,69.8705,70.1087,70.3288,70.5984,70.9924,71.5174,71.6586,70.9653,70.4256,69.9499,69.4544,68.9761,69.0968,69.2094,69.323,69.4235,69.4527,69.4208,70.1586,71.4069,72.5284,73.3006,73.8721,74.3069,74.6014,74.8424,75.1115,75.4257,75.7458,76.0703,76.4898,77.3038,78.2655,77.8099,77.4097,76.9599,76.56,76.2975,76.0947,75.9421,75.8346,75.8728,75.929,75.9928,76.0567,76.1149,76.1645,76.2045,76.2453,76.299,76.3669,76.4854,76.7273,77.0201,77.2894,77.4927,77.6437,77.7747,77.8977,77.9939,78.0786,78.1887,78.3443,78.5118,78.6603,78.7691,78.8531,78.9456,79.0456,79.1311,79.2013,79.2504,79.3586,79.5052,79.6871,79.8884,80.1334,80.3971,80.6202,80.8071,80.96,81.0882,81.209,81.3363,81.4998,81.7494,81.9884,81.9438,81.9019,81.8751,81.8644,81.8657,81.8784,81.9319,81.9683,81.9885,81.9988,82.177,82.3549,82.4802,82.5735,82.6472,82.7512,82.9232,82.8652,82.7341,82.611,82.4697,82.3505,82.2235,82.0311,81.1108,80.0088,78.882,77.8166,76.9243,76.1516,75.5094,74.8575,74.181,73.6744,73.4389,73.3291,73.2637,73.2015,73.1318,73.0427,72.9361,72.8414,72.7628,72.6866,72.6073,72.5263,72.4422,72.3797,72.3679,72.312,72.2784,72.2653

Time pixel : 4.64388,4.6787,4.74485,4.83944,4.93547,5.01395,5.07382,5.13115,5.19831,5.2782,5.3828,5.51766,5.67448,5.81039,5.92791,6.06608,6.19919,6.28401,6.33244,6.36955,6.41939,6.49994,6.58444,6.65534,6.72478,6.8019,6.8899,6.97825,7.07124,7.17587,7.31,7.47316,7.67496,7.90877,8.15086,8.39818,8.59734,8.73544,8.84818,8.95356,9.07775,9.2617,9.51166,9.78019,10.0027,10.1591,10.2881,10.4507,10.6665,10.9127,11.1939,11.4866,11.7054,11.8603,12.0062,12.1545,12.2752,12.3663,12.476,12.6404,12.8459,13.0565,13.2434,13.3851,13.4684,13.5229,13.5873,13.6765,13.786,13.9124,14.027,14.1387,14.2454,14.3399,14.4429,14.5749,14.7718,15.0346,15.2961,15.5084,15.6927,15.8586,16.0106,16.1605,16.3187,16.4535,16.5674,16.6984,16.8448,17.0101,17.2051,17.4053,17.5935,17.7826,17.9595,18.1117,18.2476,18.3699,18.4763,18.5903,18.7394,18.9006,19.033,19.1533,19.2407,19.2957,19.3458,19.4136,19.5038,19.6059,19.7201,19.8388,19.9763,20.1222,20.2595,20.3719,20.4473,20.5003,20.5484,20.5967,20.6452,20.6939,20.7478,20.8194,20.9108,21.0129,21.1512,21.3407,21.5451,21.6963,21.7816,21.8395,21.9012,21.9703,22.0348,22.1019,22.1827,22.2661,22.3473,22.4447,22.5557,22.6508,22.7185,22.7751,22.8429,22.9483,23.1175,23.3514,23.6067,23.8662,24.1615,24.4793,24.7519,24.9368,25.0847,25.2102,25.3036,25.3791,25.4423,25.4993,25.5725,25.6957,25.8798,26.0966,26.3131,26.4963,26.6568,26.8084,26.9427,27.0643,27.1735,27.2714,27.3554,27.4233,27.4937,27.5889,27.7002,27.7953,27.8731,27.9797,28.1418,28.3053,28.4216,28.513,28.6304,28.7698,28.8823,28.9808,29.1056,29.2739,29.4519,29.5991,29.7222,29.828,29.9161,29.9892,30.0522,30.1167,30.2221,30.3583,30.4726,30.5817,30.7193,30.8755,31.0155,31.1281,31.2319,31.3607,31.5517,31.8087,32.0843,32.3189,32.5023,32.6642,32.8327,33.0241,33.2085,33.3814,33.5569,33.7307,33.8634,33.9825,34.1904,34.4849,34.7414,34.9168,35.0432,35.1346,35.1961,35.2462,35.3025,35.3686,35.4361,35.5047,35.5947,35.7723,36.0486,36.3183,36.5607,36.839,37.1644,37.4723,37.7057,37.8713,37.987,38.0739,38.1572,38.255,38.3543,38.4448,38.5215,38.582,38.645,38.7379,38.8745,39.0649,39.3277,39.6487,39.9437,40.159,40.3194,40.4646,40.597,40.7025,40.8013,40.918,41.074,41.248,41.4103,41.5255,41.6071,41.6946,41.7895,41.8698,41.9373,41.9924,42.0413,42.0964,42.1614,42.2328,42.3204,42.4152,42.4955,42.5629,42.6181,42.6644,42.7082,42.7546,42.8148,42.9074,43.0411,43.2048,43.371,43.5237,43.6738,43.8313,43.9978,44.1967,44.4391,44.6978,44.9493,45.1804,45.3631,45.4947,45.5948,45.674,45.7783,45.9444,46.1194,46.25,46.3719,46.5141,46.6361,46.7693,46.9683,47.2223,47.4978,47.7795,48.046,48.2654,48.4448,48.6093,48.7762,48.9293,49.0452,49.1272,49.1857,49.2329,49.2777,49.325,49.3811,49.4446,49.5009,49.5484,49.5934,49.6385,49.6836,49.7288,49.774,49.818,49.8552,49.8774,49.8848

Position pixel : 70.2681,70.277,70.3147,70.3832,70.4395,70.471,70.4935,70.5086,70.5238,70.5438,70.559,70.5742,70.5942,70.6094,70.6246,70.6472,70.6712,70.6937,70.709,70.7242,70.7468,70.7708,70.796,70.82,70.8452,70.8718,70.9057,70.9396,70.9688,71.0028,71.0342,71.0547,71.0814,71.1252,71.172,71.2159,71.2402,71.2469,71.2511,71.2641,71.287,71.3113,71.3367,71.3611,71.3841,71.3997,71.4179,71.4497,71.4815,71.5022,71.5318,71.5823,71.6254,71.6438,71.6533,71.678,71.7172,71.7419,71.7516,71.765,71.7857,71.7991,71.8038,71.806,71.8082,71.8129,71.8264,71.8497,71.8745,71.8979,71.9139,71.9299,71.9508,71.9643,71.969,71.9737,71.9922,72.0356,72.0888,72.1273,72.1556,72.1802,72.2059,72.2305,72.2537,72.2694,72.2852,72.3082,72.3326,72.358,72.3823,72.4051,72.4181,72.4221,72.4236,72.4251,72.4264,72.4303,72.4428,72.4651,72.4912,72.5247,72.5555,72.5701,72.5734,72.5741,72.5746,72.5751,72.5755,72.5758,72.5761,72.5762,72.5783,72.5885,72.606,72.616,72.6171,72.6156,72.6141,72.6124,72.6106,72.6088,72.6094,72.6186,72.6376,72.658,72.6818,72.7133,72.7531,72.7844,72.8055,72.8141,72.8138,72.811,72.8081,72.8051,72.8021,72.799,72.7959,72.7952,72.8033,72.8186,72.8265,72.8282,72.8386,72.8701,72.9241,72.9967,73.0718,73.1396,73.2059,73.2685,73.321,73.3537,73.3787,73.4089,73.4449,73.4638,73.4651,73.4639,73.4715,73.4864,73.4964,73.5065,73.5239,73.5428,73.5602,73.5702,73.5828,73.609,73.6352,73.6453,73.6467,73.6543,73.6692,73.6769,73.6783,73.686,73.701,73.7087,73.7102,73.7179,73.733,73.7408,73.7398,73.7389,73.7468,73.762,73.77,73.7692,73.7659,73.7626,73.7594,73.7562,73.7531,73.7475,73.7307,73.6978,73.6649,73.6482,73.6429,73.6401,73.6374,73.6347,73.6321,73.6295,73.627,73.6246,73.6222,73.62,73.6177,73.6156,73.6135,73.6115,73.6095,73.6077,73.6059,73.6042,73.6025,73.6035,73.6158,73.642,73.6666,73.6758,73.6737,73.6692,73.6647,73.6602,73.6558,73.6514,73.6471,73.6428,73.6385,73.6343,73.6326,73.6397,73.6541,73.6613,73.6597,73.6531,73.6378,73.6151,73.5998,73.5933,73.5892,73.5852,73.5812,73.5772,73.5732,73.5691,73.5651,73.561,73.557,73.5554,73.5625,73.5795,73.6004,73.6286,73.6543,73.6663,73.6757,73.6899,73.6993,73.7086,73.7227,73.7293,73.7297,73.7362,73.75,73.7564,73.754,73.749,73.7439,73.7387,73.736,73.742,73.7552,73.761,73.758,73.7523,73.7466,73.7409,73.735,73.7291,73.7231,73.717,73.7109,73.7047,73.701,73.706,73.7183,73.7257,73.7356,73.7615,73.7987,73.8384,73.8781,73.9152,73.9435,73.962,73.9766,73.9813,73.9773,73.9707,73.9642,73.9603,73.9652,73.9775,73.9825,73.9788,73.9727,73.9667,73.9633,73.9688,73.9817,73.9874,73.9846,73.9818,73.988,74.0017,74.0082,74.0062,74.0043,74.0114,74.026,74.0336,74.0326,74.0293,74.0262,74.0234,74.0208,74.0185,74.0165,74.0147,74.0132,74.012,74.011,74.0103,74.0074,73.9961,73.9776,73.9668,73.9651

Pole type : Curve
Start frame : 5
End frame : 50
Start time (s) : 21.900
End time (s) : 110.320
Time step (s) : 1.965

Feature Information :


Feature number : 1

Time (s) : 11.126,11.1946,11.2978,11.4129,11.5436,11.7347,11.9381,12.0832,12.1839,12.2748,12.3656,12.4564,12.5473,12.6381,12.7289,12.8198,12.9106,13.0113,13.1465,13.3155,13.4728,13.6102,13.7232,13.819,13.9098,14.0006,14.0915,14.1872,14.3003,14.4277,14.5407,14.6365,14.7273,14.8181,14.909,14.9998,15.0906,15.1815,15.2723,15.3632,15.454,15.5448,15.6357,15.7265,15.8272,15.9674,16.1585,16.3524,16.507,16.6028,16.662,16.7306,16.8165,16.9074,16.9932,17.0619,17.1162,17.1848,17.2707,17.3615,17.4474,17.516,17.5703,17.6439,17.752,17.8794,17.9924,18.0882,18.179,18.2748,18.4027,18.6016,18.8514,19.0775,19.269,19.4458,19.6053,19.7455,19.8827,20.0178,20.1503,20.2633,20.359,20.45,20.5407,20.6364,20.7545,20.9041,21.0587,21.2037,21.3582,21.5079,21.6258,21.7215,21.8125,21.9033,21.9891,22.0628,22.1393,22.2493,22.3896,22.5663,22.7523,22.8926,22.9933,23.0791,23.1479,23.2021,23.2707,23.3566,23.4474,23.5383,23.6242,23.6928,23.747,23.8158,23.8968,23.9653,24.0196,24.0933,24.2013,24.3287,24.4417,24.5375,24.6283,24.7191,24.815,24.9329,25.0874,25.2542,25.3866,25.478,25.6008,25.7771,25.9217,25.9859,26.0229,26.0816,26.1404,26.1724,26.2047,26.2732,26.3911,26.558,26.722,26.8207,26.872,26.8993,26.9313,26.995,27.0759,27.1445,27.1987,27.2626,27.3214,27.3534,27.3854,27.454,27.5672,27.7167,27.8663,27.9842,28.085,28.1979,28.3304,28.4705,28.6301,28.8116,29.0105,29.2017,29.3418,29.4377,29.5062,29.5654,29.6515,29.7566,29.8503,29.9383,30.0097,30.0834,30.1692,30.26,30.3459,30.4147,30.4689,30.5424,30.6556,30.8051,30.9546,31.0676,31.1462,31.2376,31.4241,31.7184,32.0397,32.3123,32.516,32.6485,32.7076,32.7546,32.8725,33.1006,33.4199,33.7528,33.9866,34.1338,34.2248,34.2839,34.3525,34.4384,34.5294,34.6202,34.706,34.7697,34.8017,34.8339,34.9025,35.0106,35.1379,35.2511,35.3419,35.4105,35.4647,35.5335,35.6194,35.7101,35.796,35.8648,35.9141,35.9556

Position (um) : 3.6062,3.6074,3.6096,3.612,3.6148,3.6185,3.6232,3.628,3.6326,3.6352,3.637,3.639,3.6402,3.6404,3.6404,3.6404,3.6404,3.6407,3.6419,3.6439,3.6454,3.6468,3.6488,3.65,3.6503,3.6503,3.6503,3.6503,3.6503,3.6503,3.6503,3.6503,3.6503,3.6506,3.6518,3.654,3.6564,3.6587,3.6599,3.6602,3.6602,3.6602,3.6602,3.6602,3.6602,3.6604,3.6616,3.6636,3.6651,3.6666,3.6685,3.67,3.6718,3.675,3.6784,3.6811,3.6833,3.6846,3.6848,3.6848,3.6851,3.6863,3.6883,3.6895,3.6898,3.6898,3.69,3.6912,3.6935,3.6959,3.6981,3.6994,3.6996,3.6996,3.6996,3.6996,3.6996,3.6996,3.6994,3.6981,3.6962,3.695,3.6947,3.6944,3.6932,3.6912,3.69,3.6898,3.6898,3.6898,3.6898,3.6898,3.6898,3.6898,3.6898,3.6898,3.69,3.6912,3.6935,3.6962,3.6999,3.7045,3.7092,3.7129,3.7156,3.7181,3.7206,3.7228,3.724,3.7246,3.726,3.7292,3.7327,3.7356,3.7393,3.7437,3.7475,3.7504,3.7541,3.7588,3.7637,3.7689,3.7748,3.7808,3.7862,3.7921,3.7985,3.8061,3.8153,3.8239,3.8316,3.8395,3.8496,3.8621,3.8737,3.8821,3.89,3.8989,3.9062,3.9117,3.9166,3.9216,3.9268,3.9332,3.941,3.948,3.9524,3.9561,3.9601,3.9655,3.9732,3.9805,3.9869,3.9926,3.9968,4.0013,4.0081,4.0161,4.0232,4.0316,4.0405,4.0476,4.0556,4.0661,4.0779,4.089,4.0997,4.1128,4.1299,4.1467,4.1575,4.1647,4.1716,4.1778,4.1833,4.1894,4.1963,4.2027,4.2094,4.2175,4.2256,4.232,4.2375,4.2434,4.2494,4.255,4.2622,4.27,4.2764,4.2819,4.2883,4.297,4.3083,4.3228,4.3391,4.3533,4.3638,4.3716,4.3791,4.3867,4.3959,4.4092,4.4288,4.4498,4.464,4.4725,4.4787,4.4839,4.4888,4.494,4.5004,4.5083,4.5154,4.5211,4.5271,4.5332,4.5404,4.5509,4.563,4.5718,4.5776,4.5825,4.5872,4.5912,4.5953,4.6008,4.6054,4.6084,4.6106,4.6118

Intensity : 24.6893,25.0282,25.5377,26.1091,26.7612,27.7211,27.9214,27.8488,27.7639,27.7008,27.6463,27.5917,27.5434,27.5011,27.4603,27.4196,27.3788,27.3327,27.2687,27.1899,27.12,27.0606,27.013,27.0068,27.0166,27.0264,27.0361,27.0464,27.0585,27.0722,27.0843,27.0946,27.1043,27.1155,27.132,27.1557,27.1824,27.2102,27.2323,27.2482,27.2622,27.2763,27.2903,27.2977,27.2107,27.0925,26.9416,26.8,26.6885,26.628,26.6062,26.5707,26.526,26.5006,26.4859,26.4748,26.4695,26.4375,26.3778,26.3101,26.2509,26.2212,26.2174,26.1859,26.1416,26.104,26.0752,26.067,26.0764,26.0848,26.0778,26.0284,25.9466,25.8692,25.8036,25.7431,25.6884,25.8189,26.0258,26.2209,26.4045,26.5657,26.7093,26.8457,26.973,27.1005,27.2695,27.4953,27.7314,27.9528,28.1886,28.4172,28.5752,28.5265,28.4802,28.434,28.3928,28.3666,28.3488,28.3179,28.2814,28.2352,28.1842,28.1478,28.1217,28.1016,28.0892,28.0827,28.0591,28.0205,27.9881,27.9717,27.9154,27.8179,27.7035,27.5638,27.4144,27.2918,27.186,27.0481,26.864,26.6572,26.4724,26.3156,26.1737,26.0339,25.8915,25.7253,25.5223,25.32,25.1685,25.0688,24.9454,24.787,24.675,24.6373,24.6248,24.6015,24.5787,24.5724,24.566,24.538,24.4841,24.4134,24.3625,24.3506,24.3111,24.2869,24.2608,24.219,24.1686,24.1292,24.1005,24.0731,24.052,24.0398,24.0276,24.0103,24.0787,24.2929,24.5199,24.708,24.8714,24.9803,25.1251,25.3015,25.5283,25.8032,26.1239,26.4626,26.7312,26.9234,26.9872,26.9682,26.9472,26.9322,26.9344,26.9473,26.9732,27.0167,27.0728,27.1302,27.19,27.2576,27.3292,27.4108,27.5352,27.6898,27.8126,27.9161,28.0124,28.1405,28.3666,28.4451,28.5643,28.7111,28.8412,28.9535,29,29,29,29,28.9887,28.7706,28.6557,28.5983,28.5721,28.5399,28.4819,28.4181,28.3516,28.2856,28.2301,28.1919,28.1655,28.1404,28.1063,28.0637,28.0278,28.0092,28.0014,27.9176,27.8072,27.6384,27.4247,27.1889,26.9704,26.8027,26.6812,26.5855

Time pixel : 5.66208,5.69702,5.7495,5.80808,5.8746,5.97186,6.07537,6.14921,6.20047,6.2467,6.29292,6.33915,6.38538,6.4316,6.47783,6.52406,6.57028,6.62155,6.69035,6.77632,6.85641,6.92629,6.9838,7.03255,7.07877,7.125,7.17123,7.21997,7.27749,7.34232,7.39984,7.44858,7.49481,7.54104,7.58726,7.63349,7.67972,7.72594,7.77217,7.8184,7.86462,7.91085,7.95708,8.0033,8.05457,8.12589,8.22315,8.32185,8.40049,8.44924,8.47937,8.51431,8.55802,8.60425,8.64795,8.68289,8.71051,8.74544,8.78915,8.83538,8.87908,8.91402,8.94164,8.97909,9.03409,9.09893,9.15644,9.20519,9.25142,9.30016,9.36523,9.46645,9.59361,9.70864,9.80613,9.89607,9.97723,10.0486,10.1184,10.1872,10.2546,10.3121,10.3608,10.4071,10.4533,10.502,10.5621,10.6382,10.7169,10.7907,10.8693,10.9455,11.0055,11.0542,11.1005,11.1467,11.1904,11.2279,11.2668,11.3228,11.3942,11.4841,11.5788,11.6502,11.7014,11.7451,11.7801,11.8077,11.8426,11.8863,11.9325,11.9788,12.0225,12.0574,12.085,12.12,12.1612,12.1961,12.2237,12.2612,12.3162,12.381,12.4385,12.4873,12.5335,12.5797,12.6285,12.6885,12.7671,12.852,12.9194,12.9659,13.0284,13.1181,13.1917,13.2244,13.2432,13.2731,13.303,13.3193,13.3357,13.3706,13.4306,13.5155,13.599,13.6492,13.6753,13.6892,13.7055,13.7379,13.7791,13.814,13.8416,13.8741,13.904,13.9203,13.9366,13.9715,14.0291,14.1052,14.1813,14.2413,14.2926,14.3501,14.4175,14.4888,14.57,14.6624,14.7636,14.8609,14.9322,14.981,15.0159,15.046,15.0898,15.1433,15.191,15.2358,15.2721,15.3096,15.3533,15.3995,15.4432,15.4782,15.5058,15.5432,15.6008,15.6769,15.753,15.8105,15.8505,15.897,15.9919,16.1417,16.3052,16.4439,16.5476,16.615,16.6451,16.669,16.729,16.8451,17.0076,17.177,17.296,17.3709,17.4172,17.4473,17.4822,17.5259,17.5722,17.6184,17.6621,17.6945,17.7108,17.7272,17.7621,17.8171,17.8819,17.9395,17.9857,18.0206,18.0482,18.0832,18.1269,18.1731,18.2168,18.2518,18.2769,18.298

Position pixel : 33.7973,33.8086,33.8297,33.8523,33.8785,33.9124,33.9571,34.0023,34.0446,34.0697,34.086,34.1046,34.1159,34.1184,34.1184,34.1184,34.1184,34.1209,34.1322,34.1508,34.1646,34.1784,34.197,34.2083,34.2108,34.2108,34.2108,34.2108,34.2108,34.2108,34.2108,34.2108,34.2108,34.2134,34.2247,34.2458,34.2684,34.2895,34.3008,34.3033,34.3033,34.3033,34.3033,34.3033,34.3033,34.3058,34.3171,34.3357,34.3495,34.3633,34.3819,34.3958,34.4121,34.442,34.4744,34.4995,34.5206,34.5319,34.5344,34.5344,34.537,34.5482,34.5669,34.5781,34.5807,34.5807,34.5832,34.5945,34.6156,34.6382,34.6593,34.6706,34.6731,34.6731,34.6731,34.6731,34.6731,34.6731,34.6706,34.6593,34.6407,34.6294,34.6269,34.6244,34.6131,34.5945,34.5832,34.5807,34.5807,34.5807,34.5807,34.5807,34.5807,34.5807,34.5807,34.5807,34.5832,34.5945,34.6156,34.6407,34.6756,34.7193,34.763,34.798,34.8231,34.8467,34.8693,34.8904,34.9017,34.9068,34.9206,34.9505,34.9829,35.0105,35.0454,35.0866,35.1216,35.1492,35.1841,35.2278,35.2741,35.3228,35.3778,35.4339,35.4841,35.5401,35.6002,35.6715,35.7575,35.8375,35.9099,35.9838,36.0788,36.1961,36.3046,36.3835,36.4573,36.5408,36.6096,36.6608,36.7071,36.7533,36.802,36.8621,36.9357,37.0005,37.0419,37.0769,37.1143,37.1645,37.2367,37.3055,37.3655,37.4191,37.458,37.5005,37.5642,37.6389,37.7054,37.7841,37.8675,37.9341,38.009,38.1077,38.2187,38.3225,38.4225,38.5451,38.7061,38.8632,38.9646,39.0322,39.097,39.1546,39.2058,39.2633,39.3282,39.3882,39.4508,39.5269,39.603,39.663,39.7143,39.7693,39.8254,39.8781,39.9454,40.0191,40.0791,40.1303,40.1904,40.2715,40.3778,40.514,40.6662,40.7999,40.8974,40.9712,41.0411,41.1124,41.1986,41.3237,41.5073,41.7041,41.8369,41.9169,41.9744,42.0231,42.0693,42.1181,42.1781,42.2517,42.3191,42.3718,42.4279,42.4854,42.553,42.6517,42.765,42.8476,42.9014,42.9476,42.9913,43.0288,43.0677,43.1187,43.1624,43.1901,43.2112,43.2225

Brightness max : 83.00
Brightness min :  0.00
Feature direction : Antipoleward
Feature speed : Slow
Feature type : Curve
Start frame : 5
End frame : 50
Start time (s) : 21.900
End time (s) : 110.320
Time step (s) : 1.965

Feature number : 2

Time (s) : 32.6538,32.7125,32.7764,32.8257,32.877,32.9534,33.081,33.2305,33.3755,33.5351,33.7068,33.8615,33.9843,34.1022,34.2395,34.4018,34.593,34.7648,34.8927,35.0155,35.1652,35.3148,35.4278,35.5015,35.5557,35.6243,35.7151,35.828,35.9556,36.0784,36.2285,36.4417,36.6773,36.886,37.0825,37.3087,37.5584,37.7722,37.9667,38.177,38.3615,38.536,38.7349,38.9532,39.152,39.3114,39.4295,39.5401,39.6926,39.8809,40.0658,40.3161,40.6148,40.8459,41.0058,41.1752,41.411,41.7374,42.1003,42.4171,42.6824,42.9453,43.2445,43.5265,43.7431,43.9317,44.1064,44.263,44.3838,44.499,44.6071,44.7077,44.8258,44.9851,45.1842,45.3925,45.552,45.6556,45.7434,45.8201,45.9207,46.0802,46.3013,46.5562,46.792,47.0329,47.305,47.5404,47.6906,47.7862,47.8548,47.9093,47.9877,48.1228,48.319,48.54,48.7583,48.935,49.058,49.1537,49.2445,49.3404,49.4583,49.608,49.7774,49.9939,50.2853,50.5602,50.7616,50.9289,51.1028,51.2553,51.3704,51.4419,51.4883,51.5252,51.5968,51.7066,51.7781,51.82,51.8837,51.9695,52.0605,52.1562,52.2692,52.3967,52.5146,52.6325,52.765,52.8952,53.0053,53.0817,53.1505,53.2142,53.2635,53.3099,53.3543,53.3959,53.423,53.4502,53.4867,53.5138,53.5409,53.5824,53.6268,53.6783,53.7447,53.8229,53.8772,53.9363,54.0515,54.2311,54.4537,54.6404,54.8033,55.0186,55.2717,55.5665,55.8801,56.1332,56.3248,56.4792,56.5973,56.693,56.7889,56.9068,57.0612,57.2381,57.4147,57.5743,57.7144,57.8468,57.9598,58.0555,58.1414,58.2102,58.2644,58.3379,58.4509,58.6154,58.8364,59.0962,59.3495,59.5998,59.8401,60.0441,60.2084,60.3585,60.5452,60.7806,61.0211,61.2347,61.4485,61.6839,61.8973,62.0474,62.1752,62.3249,62.4744,62.5972,62.7153,62.8427,62.9507,63.0293,63.1107,63.2331,63.3555,63.442,63.5328,63.633,63.7094,63.7831,63.869,63.9549,64.0185,64.0507,64.0828,64.1464,64.2323,64.3231,64.4141,64.5049,64.6006,64.7135,64.8411,64.9541,65.0448,65.1136,65.1728,65.2685,65.4182,65.5899,65.7444,65.8625,65.9582,66.049,66.1399,66.2307,66.3215,66.4174,66.5304,66.6577,66.7707,66.8617,66.9352,67.0216,67.181,67.4115,67.6618,67.9151,68.1847,68.4502,68.6878,68.855,68.9829,69.1151,69.2554,69.4099,69.5594,69.6775,69.7832,69.9184,70.0921,70.2867,70.5321,70.7991,71.0029,71.1358,71.2588,71.4181,71.6172,71.8304,72.0021,72.1029,72.167,72.2678,72.4346,72.6356,72.8424,73.0528,73.2051,73.2937,73.365,73.4482,73.5148,73.5661,73.6105,73.6519,73.6842,73.7335,73.8066,73.8559,73.898,73.9838,74.1112,74.2414,74.3517,74.423,74.4745,74.5189,74.5604,74.5875,74.6146,74.6562,74.7005,74.747,74.7914,74.8378,74.8822,74.9286,74.9779,75.0418,75.1054,75.1548,75.2011,75.2455,75.2919,75.3412,75.41,75.4959,75.5818,75.6503,75.7046,75.7733,75.8592,75.95,76.0359,76.0995

Position (um) : 5.7857,5.7843,5.7811,5.7776,5.7747,5.7707,5.7651,5.7591,5.754,5.7492,5.7453,5.7413,5.7367,5.7318,5.7266,5.7201,5.7123,5.7054,5.7009,5.6967,5.6908,5.6842,5.6792,5.6763,5.6735,5.6696,5.6639,5.658,5.6528,5.6476,5.641,5.6314,5.6198,5.6087,5.598,5.586,5.5737,5.5641,5.5544,5.5418,5.5281,5.513,5.4967,5.4819,5.4694,5.459,5.4526,5.4489,5.4439,5.437,5.4286,5.4163,5.401,5.3888,5.3803,5.3729,5.3647,5.3534,5.3389,5.3259,5.316,5.3056,5.293,5.2812,5.2724,5.2661,5.262,5.258,5.2533,5.2484,5.2435,5.2382,5.2321,5.2247,5.2158,5.2052,5.1947,5.186,5.1799,5.1756,5.1712,5.164,5.1544,5.1433,5.1315,5.1204,5.1105,5.1024,5.0975,5.0955,5.094,5.0923,5.0928,5.0972,5.1039,5.11,5.1149,5.1187,5.1216,5.1251,5.1283,5.13,5.1317,5.1349,5.1387,5.1428,5.1485,5.1541,5.1584,5.1631,5.1712,5.181,5.1887,5.1941,5.1991,5.204,5.2089,5.2139,5.2188,5.2237,5.2289,5.2353,5.2437,5.2533,5.2632,5.273,5.2832,5.294,5.3044,5.312,5.3174,5.3221,5.3258,5.3285,5.3313,5.3349,5.3394,5.3433,5.3473,5.352,5.3569,5.3616,5.3653,5.368,5.3705,5.3734,5.3784,5.385,5.3914,5.3978,5.4047,5.4112,5.4176,5.425,5.4341,5.447,5.4649,5.4854,5.5023,5.5145,5.5243,5.5324,5.5374,5.5391,5.5394,5.5394,5.5394,5.5391,5.5379,5.5357,5.533,5.5295,5.5263,5.5246,5.5229,5.5197,5.5159,5.5118,5.5055,5.4962,5.4808,5.4587,5.4341,5.4122,5.3949,5.3824,5.3732,5.3647,5.3537,5.3401,5.3276,5.3157,5.3021,5.2866,5.2716,5.2603,5.2518,5.2435,5.2351,5.2272,5.2188,5.2099,5.1998,5.1881,5.1769,5.166,5.1553,5.1413,5.1196,5.0955,5.0754,5.059,5.0455,5.0343,5.0255,5.0178,5.0107,5.0044,4.9988,4.9916,4.9838,4.9776,4.9736,4.9707,4.967,4.9626,4.9589,4.9562,4.9536,4.951,4.9475,4.9441,4.9414,4.9391,4.9376,4.9362,4.9342,4.933,4.9327,4.9327,4.933,4.9344,4.9376,4.9411,4.9438,4.9466,4.9507,4.9576,4.9655,4.9719,4.9774,4.9832,4.9887,4.9916,4.9936,4.9971,5.002,5.0079,5.0136,5.0178,5.0218,5.0262,5.0299,5.0334,5.0395,5.0479,5.054,5.0575,5.0615,5.0679,5.0778,5.0906,5.1033,5.1135,5.1216,5.1305,5.1411,5.1525,5.1652,5.1796,5.1906,5.1983,5.2062,5.2131,5.2173,5.22,5.2225,5.2255,5.2304,5.237,5.2432,5.2484,5.2539,5.2612,5.2706,5.2804,5.2896,5.2957,5.2989,5.3014,5.3041,5.3076,5.311,5.3137,5.3162,5.3186,5.3212,5.3236,5.3261,5.3285,5.3308,5.3322,5.3337,5.336,5.3384,5.3409,5.3436,5.347,5.3505,5.3532,5.3557,5.3581,5.3606,5.3633,5.367,5.3714,5.3749,5.3764

Intensity : 33.3102,33.2848,33.2385,33.1919,33.153,33.1023,33.0358,32.9723,32.9259,32.8238,32.7159,32.6205,32.5392,32.4635,32.3853,32.3003,32.2119,32.1451,32.1044,32.0703,32.0349,32.0077,31.9706,31.9331,31.9055,31.8706,31.8244,31.7669,31.6808,31.5695,31.4306,31.2321,31.0037,30.7938,30.5937,30.3661,30.0963,29.8916,29.7168,29.598,29.5772,29.5917,29.6325,29.6894,29.7599,29.8376,29.8977,29.9328,29.9791,30.0878,30.2456,30.4756,30.7622,30.9922,31.15,31.2896,31.3474,31.3731,31.4861,31.5142,31.5361,31.6167,31.7774,31.859,31.9581,32.0378,32.0873,32.1514,32.2559,32.3805,32.517,32.6734,32.8706,33.0953,33.3491,33.7718,34.1846,34.5165,34.7675,34.9569,35.1729,35.5301,36.0307,36.6336,37.2723,37.8594,37.7488,37.4331,37.234,37.1178,37.0342,36.9627,36.8879,36.7915,36.6542,36.4867,36.3108,36.1659,36.068,35.8917,35.6966,35.5222,35.3171,35.0433,34.7373,34.3637,33.8727,33.4217,33.0989,32.8253,32.5251,32.3216,32.1758,32.0838,32.0158,31.9558,31.8769,31.7791,31.7078,31.6555,31.5868,31.4501,31.2885,31.1158,30.9423,30.7752,30.6193,30.4672,30.3296,30.2335,30.1688,30.0921,29.9846,29.894,29.8188,29.7413,29.6315,29.5379,29.4596,29.3757,29.2854,29.2096,29.1484,29.0941,29.0432,28.988,28.9131,28.8305,28.7693,28.7176,28.6729,28.657,28.6812,28.741,28.842,29.0491,29.3177,29.5736,29.7571,29.8621,29.9242,29.9615,29.9796,29.9871,29.9916,29.9966,30,30,30,30,30,30,30,30,30,30,30,30,30,30,30,29.9019,29.8825,30.0368,30.1843,30.3089,30.4132,30.5214,30.6828,30.9075,30.9655,30.8849,30.849,30.8481,30.8914,30.9516,30.9966,31.0386,31.0929,31.1424,31.0763,31.0157,30.9376,30.8766,30.8217,30.7455,30.6815,30.6612,30.6428,30.3151,30.077,29.906,29.7881,29.7118,29.6628,29.6175,29.5727,29.5465,29.5375,29.5163,29.489,29.4777,29.4889,29.5188,29.5488,29.4813,29.4264,29.3881,29.3549,29.3144,29.2609,29.2086,29.1686,29.1397,29.1196,29.1015,29.083,29.0685,29.0571,29.0459,29.033,29.0191,29.0055,29.087,29.2123,29.3618,29.6416,30.0601,30.5333,31.023,31.5524,32.0911,32.5876,32.7323,32.6739,32.6312,32.6054,32.5901,32.584,32.5531,32.5199,32.4795,32.4238,32.3639,32.312,32.2581,32.1479,32.0768,32.0239,31.9779,31.9593,31.9926,32.0765,32.1773,32.2738,32.2039,32.1125,32.0251,32.0286,32.0962,32.1647,32.2153,32.2665,32.3242,32.3697,32.4041,32.4358,32.4691,32.4689,32.4025,32.3598,32.3195,32.2735,32.2348,32.206,32.1873,32.1709,32.1633,32.1729,32.185,32.1941,32.1839,32.1746,32.187,32.1267,32.0297,31.9363,31.8418,31.7505,31.6581,31.5635,31.4534,31.3446,31.2441,31.1344,31.0271,30.9153,30.7883,30.6345,30.4701,30.3102,30.1783,30.0667,29.934,29.7657,29.5855,29.4269,29.3243

Time pixel : 16.6177,16.6476,16.6801,16.7052,16.7313,16.7702,16.8351,16.9112,16.985,17.0662,17.1536,17.2323,17.2948,17.3548,17.4247,17.5073,17.6046,17.692,17.7571,17.8196,17.8958,17.9719,18.0294,18.0669,18.0945,18.1294,18.1756,18.2331,18.298,18.3605,18.4369,18.5454,18.6653,18.7715,18.8715,18.9866,19.1137,19.2225,19.3215,19.4285,19.5224,19.6112,19.7124,19.8235,19.9247,20.0058,20.0659,20.1222,20.1998,20.2956,20.3897,20.5171,20.6691,20.7867,20.8681,20.9543,21.0743,21.2404,21.4251,21.5863,21.7213,21.8551,22.0074,22.1509,22.2611,22.3571,22.446,22.5257,22.5872,22.6458,22.7008,22.752,22.8121,22.8932,22.9945,23.1005,23.1817,23.2344,23.2791,23.3181,23.3693,23.4505,23.563,23.6927,23.8127,23.9353,24.0738,24.1936,24.27,24.3187,24.3536,24.3813,24.4212,24.49,24.5898,24.7023,24.8134,24.9033,24.9659,25.0146,25.0608,25.1096,25.1696,25.2458,25.332,25.4422,25.5905,25.7304,25.8329,25.918,26.0065,26.0841,26.1427,26.1791,26.2027,26.2215,26.2579,26.3138,26.3502,26.3715,26.4039,26.4476,26.4939,26.5426,26.6001,26.665,26.725,26.785,26.8524,26.9187,26.9747,27.0136,27.0486,27.081,27.1061,27.1297,27.1523,27.1735,27.1873,27.2011,27.2197,27.2335,27.2473,27.2684,27.291,27.3172,27.351,27.3908,27.4184,27.4485,27.5071,27.5985,27.7118,27.8068,27.8897,27.9993,28.1281,28.2781,28.4377,28.5665,28.664,28.7426,28.8027,28.8514,28.9002,28.9602,29.0388,29.1288,29.2187,29.2999,29.3712,29.4386,29.4961,29.5448,29.5885,29.6235,29.6511,29.6885,29.746,29.8297,29.9422,30.0744,30.2033,30.3307,30.453,30.5568,30.6404,30.7168,30.8118,30.9316,31.054,31.1627,31.2715,31.3913,31.4999,31.5763,31.6413,31.7175,31.7936,31.8561,31.9162,31.981,32.036,32.076,32.1174,32.1797,32.242,32.286,32.3322,32.3832,32.4221,32.4596,32.5033,32.547,32.5794,32.5958,32.6121,32.6445,32.6882,32.7344,32.7807,32.8269,32.8756,32.9331,32.998,33.0555,33.1017,33.1367,33.1668,33.2155,33.2917,33.3791,33.4577,33.5178,33.5665,33.6127,33.659,33.7052,33.7514,33.8002,33.8577,33.9225,33.98,34.0263,34.0637,34.1077,34.1888,34.3061,34.4335,34.5624,34.6996,34.8347,34.9556,35.0407,35.1058,35.1731,35.2445,35.3231,35.3992,35.4593,35.5131,35.5819,35.6703,35.7693,35.8942,36.0301,36.1338,36.2014,36.264,36.3451,36.4464,36.5549,36.6423,36.6936,36.7262,36.7775,36.8624,36.9647,37.0699,37.177,37.2545,37.2996,37.3359,37.3782,37.4121,37.4382,37.4608,37.4819,37.4983,37.5234,37.5606,37.5857,37.6071,37.6508,37.7156,37.7819,37.838,37.8743,37.9005,37.9231,37.9442,37.958,37.9718,37.993,38.0155,38.0392,38.0618,38.0854,38.108,38.1316,38.1567,38.1892,38.2216,38.2467,38.2703,38.2929,38.3165,38.3416,38.3766,38.4203,38.464,38.4989,38.5265,38.5615,38.6052,38.6514,38.6951,38.7275

Position pixel : 54.2244,54.2106,54.1807,54.1482,54.1206,54.0832,54.0307,53.9746,53.927,53.8822,53.8458,53.8083,53.7646,53.7184,53.6697,53.6096,53.536,53.4712,53.4297,53.3898,53.3348,53.2725,53.2262,53.1986,53.1724,53.1361,53.0825,53.0275,52.9788,52.93,52.8675,52.7775,52.669,52.5653,52.4652,52.3527,52.2369,52.1467,52.0565,51.9381,51.8093,51.6681,51.5159,51.3772,51.2596,51.1624,51.1023,51.0672,51.0209,50.9561,50.8772,50.7622,50.6189,50.5039,50.425,50.3552,50.2788,50.1725,50.0366,49.9143,49.8216,49.7241,49.6068,49.4957,49.4131,49.3545,49.3156,49.2781,49.2344,49.1882,49.142,49.0932,49.0357,48.9658,48.8832,48.7835,48.6848,48.6036,48.5461,48.5061,48.4647,48.3973,48.3074,48.2036,48.0926,47.9888,47.8964,47.8203,47.774,47.7552,47.7414,47.7253,47.7303,47.7715,47.8338,47.8913,47.9376,47.9725,48.0001,48.0325,48.0624,48.0788,48.0951,48.125,48.1599,48.1988,48.2524,48.3049,48.3448,48.3888,48.4649,48.5571,48.6285,48.6797,48.7259,48.7722,48.8184,48.8646,48.9108,48.9571,49.0058,49.0659,49.1445,49.2344,49.3269,49.4193,49.5143,49.6155,49.7128,49.7841,49.8354,49.8791,49.914,49.9391,49.9653,49.9992,50.0414,50.0778,50.1153,50.159,50.2052,50.2489,50.2838,50.3089,50.3326,50.3602,50.4064,50.4687,50.5288,50.5888,50.6536,50.7137,50.7737,50.8436,50.9287,51.0499,51.2174,51.4094,51.5681,51.6819,51.7744,51.8505,51.8967,51.913,51.9156,51.9156,51.9156,51.913,51.9018,51.8806,51.8555,51.8231,51.7932,51.7769,51.7606,51.7307,51.6957,51.6568,51.5982,51.5106,51.3669,51.1596,50.9287,50.7238,50.5614,50.4439,50.3577,50.2788,50.1751,50.0479,49.9303,49.8191,49.6917,49.5467,49.4058,49.2995,49.2206,49.142,49.0633,48.9895,48.9108,48.8272,48.7333,48.6236,48.5185,48.4162,48.3162,48.1846,47.9813,47.7554,47.5666,47.413,47.2867,47.1819,47.0992,47.0269,46.9606,46.902,46.8493,46.7819,46.7083,46.6508,46.6133,46.5857,46.5508,46.5096,46.4747,46.4496,46.4259,46.4008,46.3684,46.336,46.3109,46.2898,46.2759,46.2621,46.2435,46.2322,46.2297,46.2297,46.2322,46.246,46.2759,46.3084,46.3335,46.3596,46.3985,46.4634,46.537,46.597,46.6483,46.7033,46.7543,46.7819,46.8008,46.8332,46.8794,46.9344,46.988,47.0269,47.0643,47.1055,47.1404,47.1731,47.2306,47.309,47.3665,47.3992,47.4366,47.4967,47.5891,47.709,47.8288,47.9238,48.0001,48.0838,48.1825,48.2898,48.4088,48.5433,48.6471,48.7186,48.7933,48.8571,48.897,48.9221,48.9458,48.9734,49.0196,49.0819,49.1395,49.1882,49.2395,49.3083,49.3968,49.4881,49.5741,49.6316,49.6618,49.6854,49.7105,49.7429,49.7753,49.8004,49.8241,49.8467,49.8703,49.8929,49.9165,49.9391,49.9602,49.9741,49.9879,50.009,50.0316,50.0552,50.0803,50.1127,50.1452,50.1703,50.1939,50.2165,50.2401,50.2652,50.3002,50.3413,50.3738,50.3876

Brightness max : 
Brightness min : 
Feature direction : 
Feature speed : 
Feature type : Curve
Start frame : 5
End frame : 50
Start time (s) : 21.900
End time (s) : 110.320
Time step (s) : 1.965

Feature number : 3

Time (s) : 42.9769,42.9818,43.0239,43.1691,43.4312,43.7032,43.8975,44.0449,44.185,44.3394,44.489,44.6071,44.7028,44.7987,44.9166,45.0712,45.2429,45.3974,45.5104,45.5841,45.6334,45.6798,45.7291,45.7979,45.8837,45.9843,46.1246,46.3156,46.5145,46.6963,46.8507,46.9688,47.0645,47.1553,47.2463,47.3321,47.4007,47.4549,47.5237,47.6096,47.7004,47.7912,47.8821,47.968,48.0366,48.0957,48.1867,48.3091,48.4221,48.5278,48.663,48.822,48.9399,49.0313,49.1637,49.3355,49.5219,49.721,49.912,50.0521,50.1578,50.2659,50.3712,50.4476,50.5262,50.6392,50.7888,50.9432,51.0884,51.2478,51.4246,51.6162,51.8373,52.065,52.2273,52.3329,52.4238,52.5146,52.6054,52.6964,52.7872,52.878,52.9687,53.0546,53.1283,53.1998,53.2879,53.3865,53.5237,53.7054,53.9463,54.2774,54.6626,55.0259,55.3379,55.5755,55.716,55.8439,55.998,56.111,56.1752,56.2389,56.2976,56.3395,56.4161,56.548,56.661,56.7423,56.8353,56.9463,57.0758,57.1964,57.3387,57.5006,57.6331,57.7095,57.7608,57.8052,57.8518,57.896,57.9425,58.0017,58.1247,58.333,58.5635,58.7452,58.8681,58.959,59.0227

Position (um) : 4.1023,4.0991,4.0951,4.089,4.0769,4.06,4.0434,4.0309,4.0217,4.0138,4.0057,3.9988,3.9944,3.9901,3.9842,3.9773,3.9712,3.9662,3.9625,3.9598,3.9573,3.9549,3.9524,3.95,3.9474,3.9445,3.9393,3.9309,3.9204,3.91,3.9024,3.8969,3.8923,3.8885,3.8858,3.8833,3.8806,3.8772,3.8737,3.871,3.8685,3.8661,3.8639,3.8624,3.8607,3.8575,3.8543,3.8525,3.851,3.8488,3.8464,3.8439,3.8415,3.8392,3.838,3.8377,3.8377,3.8377,3.8377,3.8377,3.8377,3.838,3.8392,3.8417,3.8456,3.8513,3.8572,3.8624,3.8676,3.874,3.8821,3.8905,3.8981,3.905,3.9097,3.9117,3.9135,3.9169,3.9213,3.925,3.9277,3.9302,3.9329,3.9366,3.9413,3.9462,3.9517,3.9593,3.9702,3.9848,4.0052,4.0289,4.0487,4.0654,4.0836,4.1028,4.1178,4.1282,4.1354,4.1398,4.1435,4.147,4.1499,4.1537,4.1583,4.1633,4.1685,4.1746,4.1815,4.1877,4.1931,4.1995,4.2079,4.2173,4.2254,4.2306,4.2338,4.2375,4.2419,4.2456,4.2483,4.2514,4.2573,4.2689,4.2831,4.2939,4.2996,4.3026,4.3048

Intensity : 28.4238,28.4562,28.5151,28.6468,29.1795,29.9009,30.3588,30.6588,30.944,31.2584,31.5628,31.8032,31.998,32.1932,32.4332,32.748,32.9459,32.7763,32.657,32.5819,32.5341,32.4904,32.445,32.3804,32.2934,32.1584,31.9689,31.7225,31.4875,31.3043,31.1805,31.1016,31.0465,31.0021,31.0694,31.1406,31.1997,31.2496,31.3138,31.3936,31.4796,31.5674,31.6569,31.7407,31.8109,31.8798,31.981,32.1076,32.2253,32.3426,32.4926,32.6705,32.8094,32.9037,33.0776,33.4214,33.7949,34.1935,34.576,34.8565,35.0682,35.2876,35.5131,35.6875,35.8111,35.9876,36.237,36.5026,36.7495,36.637,36.5115,36.3939,36.2891,36.2024,36.1508,36.1247,36.1037,36.0799,36.057,36.0391,36.0258,36.0149,36.0062,36,35.9604,35.9252,35.8416,35.7062,35.5023,35.2089,34.766,34.1471,33.4636,32.6877,31.8319,31.1788,30.7899,30.5404,30.366,30.2687,30.2058,30.1528,30.1118,30.0705,30.0241,29.9877,29.9668,29.9538,29.9567,29.9854,29.9214,29.8234,29.7187,29.6128,29.5384,29.502,29.4786,29.4633,29.4511,29.4392,29.4228,29.402,29.3617,29.306,29.0553,28.8616,28.7453,28.6714,28.6178

Time pixel : 21.8712,21.8737,21.8951,21.969,22.1024,22.2408,22.3397,22.4147,22.486,22.5646,22.6407,22.7008,22.7495,22.7983,22.8583,22.937,23.0244,23.103,23.1605,23.198,23.2231,23.2467,23.2718,23.3068,23.3505,23.4017,23.4731,23.5703,23.6715,23.764,23.8426,23.9027,23.9514,23.9976,24.0439,24.0876,24.1225,24.1501,24.1851,24.2288,24.275,24.3212,24.3675,24.4112,24.4461,24.4762,24.5225,24.5848,24.6423,24.6961,24.7649,24.8458,24.9058,24.9523,25.0197,25.1071,25.202,25.3033,25.4005,25.4718,25.5256,25.5806,25.6342,25.6731,25.7131,25.7706,25.8467,25.9253,25.9992,26.0803,26.1703,26.2678,26.3803,26.4962,26.5788,26.6325,26.6788,26.725,26.7712,26.8175,26.8637,26.9099,26.9561,26.9998,27.0373,27.0737,27.1185,27.1687,27.2385,27.331,27.4536,27.6221,27.8181,28.003,28.1618,28.2827,28.3542,28.4193,28.4977,28.5552,28.5879,28.6203,28.6502,28.6715,28.7105,28.7776,28.8351,28.8765,28.9238,28.9803,29.0462,29.1076,29.18,29.2624,29.3298,29.3687,29.3948,29.4174,29.4411,29.4636,29.4873,29.5174,29.58,29.686,29.8033,29.8958,29.9583,30.0046,30.037

Position pixel : 38.4474,38.4175,38.38,38.3222,38.2087,38.0502,37.8954,37.7778,37.6916,37.6178,37.5417,37.4768,37.4354,37.3954,37.3404,37.2756,37.2181,37.1719,37.1369,37.1118,37.0882,37.0656,37.0419,37.0194,36.9957,36.9681,36.9194,36.8407,36.742,36.6448,36.5734,36.5222,36.4785,36.4435,36.4184,36.3948,36.3697,36.3373,36.3048,36.2797,36.2561,36.2335,36.2124,36.1986,36.1823,36.1524,36.1225,36.1061,36.0923,36.0712,36.0486,36.025,36.0024,35.9813,35.97,35.9675,35.9675,35.9675,35.9675,35.9675,35.9675,35.97,35.9813,36.0049,36.0413,36.0948,36.1498,36.1986,36.2473,36.3074,36.3835,36.4621,36.5335,36.5983,36.642,36.6608,36.6772,36.7096,36.7508,36.7857,36.8108,36.8345,36.8596,36.8945,36.9382,36.9844,37.0357,37.107,37.2093,37.3457,37.5369,37.7588,37.9451,38.1014,38.2715,38.4522,38.5923,38.6898,38.7571,38.7986,38.8335,38.8659,38.8935,38.9285,38.9722,39.0184,39.0671,39.1247,39.1895,39.247,39.2983,39.3583,39.437,39.5244,39.6005,39.6492,39.6794,39.7143,39.7555,39.7904,39.8155,39.8442,39.8995,40.008,40.1414,40.2426,40.2964,40.324,40.3452

Brightness max : 83.00
Brightness min :  0.00
Feature direction : Ambiguous
Feature speed : Slow
Feature type : Curve
Start frame : 5
End frame : 50
Start time (s) : 21.900
End time (s) : 110.320
Time step (s) : 1.965

Feature number : 4

Time (s) : 11.7376,11.9351,12.2863,12.7413,13.3412,13.9198,14.3094,14.5466,14.7534,14.9481,15.1131,15.2637,15.456,15.7147,15.9977,16.2568,16.513,16.7866,17.0724,17.3282,17.5011,17.6443,17.849,18.127,18.4327,18.7681,19.1122,19.4014,19.682,19.9579,20.2068,20.4986,20.9888,21.7007,22.5131,23.2849,23.9843,24.5659,25.0045,25.3202,25.5992,25.9317,26.291,26.5967,26.8657,27.1438,27.3802,27.5357,27.6641,27.8192,27.9916,28.1517,28.2924,28.4253,28.5437,28.672,28.8544,29.1057,29.4237,29.7979,30.17,30.4852,30.727,30.9416,31.1606,31.3802,31.6492,32.0184,32.4322,32.8191,33.1715,33.5218,33.901,34.283,34.6477,34.9901,35.3182,35.6556,35.9782,36.2344,36.4445,36.7156,37.1299,37.6987,38.3365,38.9454,39.4797,39.884,40.1502,40.333,40.5253,40.7666,41.0402,41.336,41.6462,41.942,42.2255,42.5163,42.8093,43.0906,43.3836,43.6844,44.0173,44.4188,44.8697,45.3478,45.8504,46.378,46.9445,47.5262,48.0927,48.6154,49.0758,49.4282,49.7199,50.0768,50.5005,50.9642,51.4862,52.0584,52.6938,53.3716,54.0489,54.6448,55.1613,55.6972,56.1555,56.4989,56.8563,57.2923,57.7527,58.1669,58.5416,58.9013,59.2487,59.604,60.0153,60.4835,60.9612,61.3776,61.7605,62.2408,62.8319,63.4702,64.1158,64.724,65.2744,65.8408,66.4097,66.9101,67.3215,67.6396,67.8835,68.1009,68.3543,68.6728,69.1436,69.7838,70.4335,70.8993,71.1911,71.4345,71.6292,71.7575,71.8736,72.0637,72.3662,72.7238,73.1228,73.5567,73.9648,74.2738,74.5796,74.9088,75.2105,75.6003,76.0664,76.3679,76.4988,76.5628

Position (um) : 6.4695,6.4707,6.4727,6.4739,6.4742,6.4742,6.4745,6.4759,6.4791,6.4823,6.4838,6.4841,6.4841,6.4841,6.4841,6.4841,6.4841,6.4841,6.4841,6.4844,6.4856,6.4876,6.4888,6.489,6.489,6.489,6.489,6.489,6.489,6.489,6.489,6.489,6.489,6.489,6.489,6.489,6.4888,6.4873,6.4841,6.4801,6.4736,6.4608,6.4442,6.4304,6.4195,6.4089,6.4,6.3955,6.3935,6.3912,6.3888,6.3866,6.3853,6.3851,6.3848,6.3836,6.3813,6.3786,6.3752,6.3714,6.3675,6.3633,6.3609,6.3601,6.3588,6.3577,6.3612,6.3725,6.3885,6.4046,6.42,6.4361,6.4529,6.469,6.4838,6.4975,6.5103,6.5234,6.5348,6.5418,6.5467,6.5542,6.5651,6.5782,6.5915,6.6039,6.6145,6.6222,6.6274,6.6311,6.6338,6.6364,6.6388,6.6413,6.644,6.6475,6.6507,6.6524,6.6539,6.6562,6.6586,6.6609,6.6621,6.6623,6.6623,6.6623,6.6623,6.6623,6.6623,6.6623,6.6623,6.6621,6.6609,6.6586,6.6559,6.6524,6.649,6.6457,6.6405,6.6326,6.6239,6.6148,6.6044,6.5945,6.5854,6.5764,6.57,6.5653,6.5596,6.5537,6.5485,6.5435,6.5388,6.5351,6.5321,6.5284,6.5237,6.5188,6.5141,6.5103,6.5071,6.5019,6.4937,6.4844,6.4757,6.4678,6.4593,6.4509,6.4433,6.4363,6.4317,6.4299,6.4296,6.4294,6.4279,6.4241,6.4183,6.4113,6.4054,6.4014,6.3987,6.3965,6.3952,6.395,6.395,6.395,6.3947,6.3935,6.3915,6.3903,6.39,6.39,6.39,6.39,6.39,6.39,6.39,6.39,6.39,6.39

Intensity : 44.5078,44.8584,44.7357,44.5381,44.2404,44.2814,44.8838,45.2876,45.6933,46.0806,46.3741,46.6117,46.9052,47.3001,47.6235,47.9176,48.2084,48.5189,48.8434,49.1393,49.3591,49.5584,49.6944,49.8151,49.9421,50.0813,50.2242,50.3442,50.3497,49.5072,48.7472,47.8564,46.3595,44.4394,44.3633,44.2909,43.8801,43.2948,42.7949,42.3936,42.023,41.7414,41.4171,41.1923,41.0531,40.9548,40.8956,40.8932,40.9316,40.9873,41.0586,41.1316,41.2103,41.2963,41.3733,41.4504,41.5618,41.7298,41.9608,42.3757,42.8216,43.2148,43.52,43.7861,44.0626,44.342,44.3421,44.195,44.0624,44.0172,44.1487,44.1599,43.8404,43.5677,43.3546,43.1965,43.0825,43.4416,43.8743,44.1959,44.4547,44.8302,45.4251,46.573,47.9722,49.2229,49.9847,49.8728,49.7749,49.7048,49.6544,49.6069,49.5616,49.5141,49.4638,49.3987,49.3386,49.3059,49.2782,49.2357,48.7066,47.7264,46.6711,45.4177,44.0133,43,43,43,43,41.6135,39.4687,37.4915,35.76,35.5952,35.6204,35.6529,35.6855,35.7157,35.7172,35.759,35.8547,36.4833,37.5175,38.4271,39.2674,40.2528,41.0657,41.6572,42.249,41.977,41.3001,40.7308,40.2507,39.8145,39.8138,39.8769,39.9356,39.9793,40.0447,40.4636,40.8735,41.4356,42.2248,42.8513,43.2929,43.5641,43.3189,42.9517,42.5906,42.1689,41.497,40.995,40.6201,40.2856,39.8849,39.3635,39.3113,39.5558,39.849,39.8272,39.4865,39.2076,38.997,38.8668,38.7526,38.5654,38.2647,37.9291,38.0934,38.2762,38.457,38.5966,38.7347,38.5462,38.2563,37.8818,37.434,37.1444,37.0186,36.9572

Time pixel : 5.97332,6.07385,6.25257,6.48411,6.7894,7.08387,7.28211,7.40287,7.50808,7.60716,7.69116,7.76781,7.86567,7.99729,8.14131,8.27317,8.40357,8.54277,8.68825,8.81842,8.9064,8.9793,9.08344,9.22494,9.38053,9.5512,9.72632,9.87348,10.0163,10.1567,10.2834,10.4318,10.6813,11.0436,11.457,11.8498,12.2057,12.5017,12.725,12.8856,13.0276,13.1968,13.3796,13.5352,13.6721,13.8136,13.9339,14.0131,14.0784,14.1574,14.2451,14.3266,14.3982,14.4658,14.526,14.5914,14.6842,14.812,14.9739,15.1643,15.3537,15.5141,15.6371,15.7463,15.8578,15.9695,16.1065,16.2944,16.5049,16.7019,16.8812,17.0594,17.2524,17.4468,17.6324,17.8067,17.9736,18.1454,18.3095,18.4399,18.5468,18.6848,18.8956,19.1851,19.5097,19.8196,20.0915,20.2972,20.4327,20.5257,20.6236,20.7464,20.8856,21.0361,21.194,21.3445,21.4888,21.6368,21.7859,21.9291,22.0782,22.2312,22.4007,22.605,22.8344,23.0778,23.3335,23.6021,23.8903,24.1864,24.4746,24.7406,24.975,25.1543,25.3028,25.4844,25.7,25.936,26.2016,26.4928,26.8162,27.1611,27.5058,27.809,28.0719,28.3447,28.5779,28.7526,28.9345,29.1564,29.3907,29.6015,29.7921,29.9752,30.152,30.3328,30.5421,30.7804,31.0235,31.2354,31.4303,31.6747,31.9755,32.3004,32.6289,32.9384,33.2185,33.5068,33.7963,34.051,34.2603,34.4222,34.5463,34.6569,34.7859,34.948,35.1876,35.5134,35.844,36.0811,36.2295,36.3534,36.4525,36.5178,36.5769,36.6737,36.8276,37.0096,37.2126,37.4335,37.6411,37.7984,37.954,38.1215,38.275,38.4734,38.7106,38.8641,38.9307,38.9633

Position pixel : 60.6327,60.6441,60.6628,60.6741,60.6766,60.6766,60.6791,60.693,60.723,60.753,60.7669,60.7694,60.7694,60.7694,60.7694,60.7694,60.7694,60.7694,60.7694,60.7719,60.7833,60.802,60.8133,60.8158,60.8158,60.8158,60.8158,60.8158,60.8158,60.8158,60.8158,60.8158,60.8158,60.8158,60.8158,60.8158,60.8133,60.7994,60.7694,60.7318,60.6713,60.551,60.3959,60.2666,60.1637,60.0646,59.9808,59.9392,59.9203,59.8991,59.8765,59.8552,59.8439,59.8414,59.8389,59.8275,59.8063,59.7811,59.7486,59.7135,59.677,59.6371,59.6144,59.6068,59.5955,59.5844,59.6172,59.7236,59.8739,60.0245,60.1687,60.3193,60.4771,60.6277,60.7669,60.8948,61.0153,61.1381,61.2445,61.3098,61.3565,61.4266,61.5282,61.651,61.7764,61.8919,61.992,62.0636,62.1125,62.1476,62.1728,62.1965,62.2192,62.2429,62.2681,62.3007,62.3307,62.3471,62.3609,62.3821,62.4048,62.426,62.4373,62.4399,62.4399,62.4399,62.4399,62.4399,62.4399,62.4399,62.4399,62.4373,62.426,62.4048,62.3796,62.3471,62.3145,62.2843,62.2353,62.1615,62.08,61.9945,61.8969,61.8041,61.7187,61.6349,61.5746,61.5305,61.4768,61.4216,61.3726,61.3262,61.2824,61.2473,61.2196,61.1845,61.1406,61.0942,61.0504,61.0153,60.985,60.9361,60.8597,60.7719,60.6905,60.6163,60.5374,60.4585,60.3869,60.3218,60.2779,60.2615,60.259,60.2565,60.2426,60.2075,60.1523,60.0872,60.032,59.9944,59.9693,59.948,59.9367,59.9342,59.9342,59.9342,59.9317,59.9203,59.9016,59.8903,59.8878,59.8878,59.8878,59.8878,59.8878,59.8878,59.8878,59.8878,59.8878,59.8878

Brightness max : 83.00
Brightness min :  0.00
Feature direction : Ambiguous
Feature speed : Slow
Feature type : Curve
Start frame : 5
End frame : 50
Start time (s) : 21.900
End time (s) : 110.320
Time step (s) : 1.965

Feature number : 5

Time (s) : 22.2994,22.4351,22.6985,23.1084,23.634,24.0456,24.2756,24.4406,24.5908,24.7142,24.8326,24.9704,25.1333,25.3351,25.5521,25.7538,25.9168,26.0546,26.178,26.3187,26.4882,26.6561,26.8435,27.0526,27.2399,27.4178,27.6369,27.8832,28.1373,28.4129,28.7016,28.9818,29.1992,29.4015,29.6378,29.8742,30.0565,30.1799,30.281,30.3945,30.5224,30.6309,30.7047,30.7542,30.8009,30.8454,30.8871,30.9094,30.9143,30.9193,30.9465,31.0055,31.0645,31.0917,31.0967,31.0967,31.0967,31.0967,31.0967,31.0967

Position (um) : 5.2722,5.2773,5.2908,5.3186,5.3603,5.3939,5.4119,5.4251,5.4392,5.4531,5.4671,5.483,5.5006,5.5209,5.5451,5.5716,5.5968,5.6179,5.636,5.6576,5.6846,5.7132,5.7435,5.7753,5.8046,5.8298,5.8556,5.8821,5.9075,5.9344,5.9641,5.9932,6.0164,6.0405,6.0702,6.098,6.1172,6.1288,6.1398,6.1544,6.1725,6.1912,6.2063,6.215,6.2214,6.2304,6.2395,6.2464,6.2529,6.2609,6.2722,6.2866,6.2983,6.3059,6.3123,6.3192,6.3257,6.3321,6.3388,6.3434

Intensity : 31.0095,31.3543,32.0196,33.0031,33.979,33.8938,33.901,33.9319,33.9877,34.0164,34.0655,34.1609,34.3207,34.5839,34.9587,34.7274,34.604,34.5599,34.5626,34.6154,34.6525,34.7425,34.8864,35.194,35.6915,36.2143,36.8146,37.3411,37.8016,38.3609,39.0461,39.7511,40.3838,41.1042,41.7626,42.0614,42.1956,42.3156,42.4453,42.6359,42.9047,43.1906,43.3553,43.463,43.5572,43.6679,43.7799,43.8556,43.9062,43.9681,44.0842,44.2729,44.4036,44.3868,44.3445,44.2907,44.241,44.1913,44.1396,44.1034

Time pixel : 11.3483,11.4174,11.5514,11.76,12.0275,12.237,12.354,12.438,12.5144,12.5772,12.6374,12.7076,12.7905,12.8932,13.0036,13.1063,13.1892,13.2593,13.3221,13.3937,13.48,13.5655,13.6608,13.7672,13.8626,13.9531,14.0646,14.1899,14.3192,14.4595,14.6064,14.749,14.8597,14.9626,15.0829,15.2031,15.296,15.3587,15.4102,15.4679,15.533,15.5882,15.6258,15.651,15.6747,15.6974,15.7186,15.73,15.7325,15.735,15.7489,15.7789,15.8089,15.8228,15.8253,15.8253,15.8253,15.8253,15.8253,15.8253

Position pixel : 49.4112,49.459,49.5855,49.846,50.2369,50.5517,50.7204,50.8445,50.9762,51.1066,51.2384,51.3875,51.5519,51.7426,51.9695,52.2177,52.4534,52.6514,52.8211,53.0231,53.2761,53.5446,53.8281,54.1264,54.4008,54.6371,54.8789,55.1271,55.3656,55.6176,55.8962,56.1689,56.3865,56.6124,56.8904,57.1511,57.3304,57.4398,57.5428,57.6794,57.8486,58.0241,58.1656,58.2473,58.3078,58.3916,58.4768,58.5421,58.6024,58.6776,58.7832,58.9182,59.0286,59.099,59.1592,59.2243,59.2846,59.3448,59.4074,59.4513

Brightness max : 83.00
Brightness min :  0.00
Feature direction : Poleward
Feature speed : Slow
Feature type : Curve
Start frame : 5
End frame : 50
Start time (s) : 21.900
End time (s) : 110.320
Time step (s) : 1.965

Feature number : 6

Time (s) : 83.939,84.2213,84.8655,85.5931,86.0874,86.425,86.7282,86.9939,87.204,87.4308,87.7036,88.0279,88.4627,88.8566,89.1137,89.3704,89.7198,90.0668,90.3337,90.5598,90.7699,91.0512,91.4271,91.8174,92.2981,92.9011,93.4622,93.8475,94.1357,94.4372,94.7858,95.0473,95.1955,95.3189,95.469,95.6192,95.7376,95.8437,95.9794,96.139,96.2525,96.3318,96.4725,96.6911,96.8858,97.0091,97.0781

Position (um) : 6.4778,6.4914,6.517,6.5414,6.5547,6.5621,6.5677,6.5715,6.5732,6.575,6.5784,6.5831,6.5878,6.5915,6.5948,6.6,6.6076,6.6145,6.6187,6.6212,6.6225,6.6227,6.623,6.6245,6.6277,6.6309,6.6324,6.6326,6.6326,6.6329,6.6341,6.6361,6.6373,6.6378,6.6391,6.6411,6.6425,6.6443,6.6475,6.651,6.6536,6.6564,6.6603,6.6661,6.672,6.6769,6.6804

Intensity : 30.4341,30.7214,31.9281,33.6227,34.7021,35.4194,35.6588,35.8433,36.0029,36.1799,36.393,36.657,37.005,37.0491,37.0678,37.0695,37.0482,37.0067,36.9388,36.5495,36.1073,35.5398,34.7841,33.9861,32.9974,33.1329,33.4045,33.5981,33.7447,34.0345,34.6189,35.06,35.3143,35.5285,35.7918,36.061,36.2769,36.4753,36.7406,37.0609,37.2969,37.4799,37.8028,38.3016,38.7531,39.0506,39.2235

Time pixel : 42.717,42.8607,43.1886,43.5588,43.8104,43.9822,44.1365,44.2717,44.3786,44.4941,44.6329,44.7979,45.0192,45.2196,45.3505,45.4811,45.6589,45.8355,45.9713,46.0864,46.1933,46.3365,46.5278,46.7264,46.971,47.2779,47.5635,47.7595,47.9062,48.0596,48.237,48.3701,48.4455,48.5083,48.5848,48.6612,48.7214,48.7754,48.8445,48.9257,48.9835,49.0238,49.0954,49.2067,49.3057,49.3685,49.4036

Position pixel : 60.7107,60.8377,61.0778,61.3068,61.4316,61.5005,61.5532,61.5883,61.6046,61.621,61.6536,61.6974,61.7413,61.7764,61.8066,61.8556,61.9269,61.992,62.0311,62.0548,62.0661,62.0687,62.0712,62.085,62.1151,62.1451,62.1589,62.1615,62.1615,62.164,62.1753,62.194,62.2053,62.2104,62.2217,62.2404,62.2543,62.2706,62.3007,62.3332,62.3584,62.3847,62.4212,62.4749,62.5301,62.5765,62.6091

Brightness max : 30.29
Brightness min :  0.00
Feature direction : Ambiguous
Feature speed : Slow
Feature type : Curve
Start frame : 5
End frame : 50
Start time (s) : 21.900
End time (s) : 110.320
Time step (s) : 1.965

