KYMOANALYSIS DATA

General Information :

Tiff path : E:\Google Drive\microtubule dynamics and cut7\20-15 screens and tests\PA-GFP\19-05-08 (PA-GFP bipoles with mCh MTs)\first session\
Spindle type : Bipolar
Start frame : 5
End frame : 107
Start time (s) : 26.210
End time (s) : 177.410
Time step (s) : 1.482
Num poles : 1
Num tracks : 3
Num tracks poleward : 1
Num tracks antipoleward : 0
Num tracks ambiguous : 2
Comments : {

}
Poles Information :


Pole number : 1

Time (s) : 7.233688,7.301448,7.381923,7.49396,7.634118,7.782353,7.930588,8.078824,8.227059,8.375294,8.523529,8.671765,8.811923,8.923959,9.012512,9.124548,9.264706,9.404864,9.5169,9.605453,9.709412,9.813371,9.901923,10.00588,10.10984,10.19839,10.31043,10.45867,10.6431,10.85102,11.03545,11.18369,11.29572,11.38428,11.49631,11.63647,11.78471,11.94102,12.12545,12.33337,12.51781,12.67412,12.82235,12.97059,13.11882,13.27514,13.45957,13.67557,13.8962,14.11219,14.29663,14.46102,14.65353,14.89765,15.14984,15.37855,15.60262,15.82326,16.03925,16.23176,16.43236,16.67647,16.92866,17.15738,17.37337,17.5578,17.70604,17.81808,17.90663,18.01867,18.15882,18.30706,18.45529,18.61161,18.79604,19.00396,19.20455,19.44134,19.75321,20.06972,20.33808,20.56679,20.78278,20.96722,21.12353,21.27176,21.42,21.56824,21.70839,21.82043,21.90898,22.01294,22.12498,22.24973,22.42145,22.60588,22.7984,22.99823,23.14647,23.2431,23.36322,23.54765,23.79176,24.04396,24.27267,24.49674,24.71738,24.93337,25.1178,25.27412,25.41427,25.52631,25.61487,25.7269,25.85898,25.97102,26.05957,26.17161,26.31176,26.46,26.60824,26.75647,26.91278,27.11338,27.40177,27.74984,28.07443,28.3347,28.52722,28.68353,28.83176,28.98808,29.17251,29.38043,29.56486,29.72118,29.87749,30.06192,30.26984,30.46235,30.73564,31.30554,32.11912,32.7903,33.3023,33.70737,34.0562,34.37615,34.64914,34.90941,35.15353,35.34604,35.50235,35.65059,35.79882,35.94706,36.11145,36.34016,36.67627,37.12562,37.69776,38.28651,38.75471,39.04384,39.25251,39.45235,39.60058,39.69722,39.80926,39.95749,40.16616,40.49075,40.8985,41.27545,41.62428,41.97235,42.26074,42.46941,42.67,42.93028,43.24679,43.56674,43.85589,44.18856,44.55203,44.81694,44.98941,45.13765,45.28588,45.4422,45.63471,45.87882,46.13102,46.37589,46.66428,46.96807,47.19678,47.36118,47.51749,47.71,47.95412,48.19823,48.39074,48.54706,48.69529,48.85161,49.02796,49.19968,49.32443,49.45263,49.62898,49.85306,50.10989,50.38556,50.6062,50.77059,50.9269,51.11134,51.31925,51.50369,51.68424,51.96529,52.42541,52.96988,53.43,53.71914,53.92781,54.13572,54.32016,54.47647,54.64086,54.86958,55.17337,55.46176,55.69855,55.91455,56.09898,56.25529,56.40353,56.55176,56.7,56.84824,56.99647,57.15278,57.33722,57.54513,57.72957,57.88588,58.03412,58.18235,58.33059,58.47882,58.62706,58.77529,58.92353,59.07176,59.22,59.36824,59.52455,59.71706,59.96118,60.20529,60.3978,60.55412,60.69427,60.80631,60.89487,61.0069,61.14706,61.29529,61.44353,61.59176,61.74,61.88824,62.03647,62.18471,62.33294,62.48118,62.62941,62.76957,62.8816,62.97016,63.0822,63.22235,63.37059,63.5269,63.71942,63.96353,64.21572,64.44443,64.66043,64.84486,65.00118,65.14133,65.25337,65.34192,65.45396,65.59412,65.73427,65.83823,65.89059,65.93487,66.0107,66.12738,66.29102,66.43117,66.52781,66.64792,66.82428,67.03219,67.21663,67.37294,67.52118,67.66133,67.77337,67.87,68.01016,68.1738,68.29855,68.41867,68.5669,68.75134,68.96733,69.19604,69.47247,69.83326,70.24909,70.60988,70.88631,71.11502,71.32294,71.47925,71.61209,71.79188,72.01251,72.27278,72.54502,72.77717,72.9824,73.23803,73.53107,73.85102,74.13133,74.33192,74.48824,74.63647,74.78471,74.9491,75.18589,75.52588,75.87395,76.14694,76.3791,76.60781,76.86808,77.14839,77.40058,77.5931,77.74941,77.89765,78.04588,78.19412,78.34235,78.49867,78.6831,78.89102,79.07545,79.23176,79.38,79.53631,79.72075,79.92866,80.12118,80.32177,80.56588,80.81,81.00251,81.15882,81.30706,81.45529,81.61969,81.85648,82.21263,82.6331,83.02545,83.32192,83.52251,83.67882,83.83514,84.02765,84.27176,84.51588,84.70839,84.86471,85.01294,85.16118,85.30941,85.45765,85.60588,85.75412,85.91043,86.10294,86.33898,86.54689,86.67973,86.79984,86.94,87.08824,87.23647,87.38471,87.53294,87.68926,87.87369,88.0816,88.27412,88.46663,88.67455,88.85898,89.02337,89.20781,89.41572,89.59208,89.71219,89.82498,90.07792,90.54192,91.04557,91.4071,91.69161,91.97192,92.24835,92.56562,92.99761,93.49047,93.95058,94.28325,94.49192,94.64824,94.80455,94.98898,95.1969,95.38133,95.53765,95.68588,95.8422,96.02663,96.2507,96.50754,96.78321,97.00384,97.16824,97.32455,97.52514,97.80545,98.12541,98.43459,98.75455,99.04294,99.27973,99.5038,99.72443,99.94851,100.1691,100.4013,100.6581,100.9338,101.1544,101.3269,101.5356,101.8521,102.2398,102.6295,103.0614,103.4738,103.7945,104.0756,104.4036,104.7564,105.0925,105.4178,105.8102,106.2098,106.4828,106.6553,106.8116,106.996,107.212,107.4327,107.6487,107.8412,108.0337,108.2416,108.426,108.5824,108.7387,108.9231,109.131,109.3235,109.516,109.732,109.9527,110.1687,110.3612,110.5618,110.8059,111.0581,111.2949,111.5551,111.8435,112.1319,112.3841,112.5685,112.6887,112.7853,112.9335,113.1414,113.3621,113.5781,113.7625,113.9188,114.0671,114.2153,114.3635,114.5118,114.66,114.8082,114.9645,115.149,115.3569,115.5413,115.6976,115.8459,115.9941,116.1504,116.3429,116.5871,116.8312,117.0237,117.18,117.3282,117.4765,117.6247,117.7729,117.9212,118.0694,118.2176,118.3659,118.5141,118.6624,118.8187,119.0112,119.2553,119.4994,119.6919,119.8482,119.9965,120.1447,120.3091,120.5297,120.8054,121.0703,121.3387,121.6271,121.9155,122.1676,122.3602,122.5165,122.6647,122.8129,122.9612,123.1256,123.3381,123.5695,123.7305,123.8506,123.9545,124.0431,124.1551,124.2953,124.4435,124.5837,124.6957,124.7762,124.852,124.9325,125.0445,125.1847,125.3249,125.445,125.5697,125.7495,125.9621,126.1781,126.3706,126.5631,126.7791,126.9997,127.2157,127.4002,127.5645,127.749,127.9569,128.1413,128.2976,128.4459,128.5941,128.7504,128.9349,129.1509,129.3715,129.6036,129.8686,130.2047,130.5936,130.9813,131.2986,131.6031,131.9069,132.1356,132.3,132.4402,132.5522,132.6569,132.8413,133.1009,133.3215,133.4859,133.6341,133.7824,133.9306,134.0788,134.2271,134.3753,134.5235,134.6718,134.82,134.9682,135.1165,135.2647,135.4129,135.5612,135.7094,135.8576,136.014,136.2065,136.4506,136.7109,136.9758,137.2514,137.4721,137.6445,137.8371,138.0893,138.3696,138.6298,138.8666,139.1188,139.371,139.6078,139.86,140.1041,140.3209,140.6019,141.0016,141.394,141.7355,142.1601,142.7369,143.4176,144.1307,144.8846,145.6847,146.3574,146.7947,147.0712,147.2637,147.4281,147.6125,147.8204,148.0049,148.1612,148.3094,148.4576,148.6059,148.7541,148.9024,149.0506,149.1988,149.3391,149.451,149.5396,149.6597,149.8361,150.0439,150.2285,150.3927,150.5773,150.7771,150.9576,151.2071,151.6102,152.0435,152.452,152.8081,153.0891,153.3574,153.6379,153.898,154.1349,154.4032,154.7117,155.0034,155.2369,155.4643,155.6978,155.9895,156.298,156.5583,156.7588,156.9594,157.2035,157.4638,157.7367,158.0486,158.3249,158.4994,158.5815

Position (um) : 7.6563,7.6589,7.6632,7.6658,7.6664,7.6664,7.6664,7.6664,7.6664,7.6664,7.6664,7.6664,7.667,7.6696,7.6739,7.6771,7.6803,7.6851,7.6903,7.6952,7.6984,7.7016,7.7059,7.7091,7.7123,7.7166,7.7197,7.7229,7.7272,7.7298,7.7304,7.731,7.7336,7.7379,7.7405,7.7411,7.7411,7.7411,7.7411,7.7411,7.7411,7.7411,7.7411,7.7411,7.7411,7.7417,7.7443,7.7486,7.7512,7.7518,7.7523,7.7549,7.7592,7.7624,7.7656,7.7699,7.7731,7.7763,7.7812,7.7864,7.7918,7.7976,7.8051,7.8126,7.819,7.8264,7.8339,7.8403,7.8478,7.8553,7.8616,7.8697,7.8798,7.8905,7.9011,7.9112,7.9193,7.9257,7.9337,7.9438,7.9551,7.9678,7.9801,7.9885,7.9946,8.0004,8.0078,8.0147,8.0185,8.0223,8.0292,8.0367,8.043,8.0505,8.058,8.0644,8.0719,8.0793,8.0851,8.09,8.0926,8.0932,8.0932,8.0932,8.0932,8.0932,8.0932,8.0932,8.0932,8.0932,8.0938,8.0964,8.1007,8.1033,8.1044,8.1071,8.1113,8.114,8.1151,8.1177,8.122,8.1246,8.1252,8.1252,8.1252,8.1258,8.1284,8.1327,8.1353,8.1359,8.1359,8.1359,8.1359,8.1359,8.1359,8.1359,8.1359,8.1359,8.1359,8.1359,8.1359,8.1359,8.1359,8.1365,8.1391,8.1434,8.146,8.1465,8.1465,8.1465,8.1465,8.1465,8.1471,8.1497,8.154,8.1566,8.1578,8.1604,8.1653,8.1711,8.1791,8.1892,8.1993,8.2068,8.21,8.2111,8.2138,8.218,8.2207,8.2212,8.2218,8.2244,8.2293,8.2351,8.2432,8.2527,8.2601,8.2639,8.2671,8.272,8.2772,8.2821,8.2853,8.2884,8.2927,8.2959,8.2991,8.3034,8.306,8.3072,8.3098,8.3141,8.3167,8.3173,8.3178,8.3205,8.3247,8.3274,8.3279,8.3279,8.3279,8.3279,8.3279,8.3279,8.3279,8.3279,8.3285,8.3311,8.3354,8.338,8.3386,8.3386,8.3386,8.3386,8.3386,8.3386,8.3386,8.3386,8.3386,8.3386,8.3386,8.3386,8.338,8.3354,8.3311,8.3285,8.3279,8.3279,8.3279,8.3279,8.3279,8.3279,8.3279,8.3279,8.3279,8.3279,8.3279,8.3279,8.3279,8.3279,8.3279,8.3279,8.3279,8.3279,8.3279,8.3279,8.3279,8.3279,8.3279,8.3279,8.3279,8.3279,8.3279,8.3279,8.3279,8.3285,8.3311,8.3354,8.3386,8.3418,8.3461,8.3493,8.3525,8.3568,8.3599,8.3631,8.3674,8.3706,8.3738,8.3781,8.3807,8.3813,8.3813,8.3813,8.3813,8.3813,8.3813,8.3813,8.3813,8.3819,8.3845,8.3888,8.3914,8.392,8.392,8.392,8.392,8.392,8.3925,8.3951,8.3994,8.402,8.4026,8.4032,8.4058,8.4101,8.4127,8.4133,8.4139,8.4171,8.424,8.4314,8.4372,8.4421,8.4453,8.4485,8.4528,8.4554,8.4566,8.4592,8.4635,8.4661,8.4666,8.4672,8.4698,8.4741,8.4773,8.4805,8.4848,8.4874,8.4886,8.4912,8.4961,8.5013,8.5067,8.5119,8.5174,8.5226,8.5281,8.5333,8.5387,8.5439,8.5488,8.552,8.5552,8.5601,8.5659,8.5733,8.5802,8.5834,8.584,8.584,8.584,8.584,8.584,8.584,8.5846,8.5872,8.5915,8.5941,8.5947,8.5947,8.5947,8.5947,8.5953,8.5979,8.6022,8.6048,8.6054,8.6054,8.6054,8.6054,8.6054,8.6054,8.6054,8.6054,8.6054,8.6054,8.6054,8.6054,8.6054,8.6054,8.6054,8.6048,8.6022,8.5979,8.5953,8.5947,8.5947,8.5947,8.5953,8.5979,8.6028,8.608,8.6134,8.6186,8.6235,8.6267,8.6299,8.6342,8.6374,8.6406,8.6448,8.648,8.6512,8.6555,8.6581,8.6587,8.6587,8.6587,8.6587,8.6587,8.6593,8.6619,8.6662,8.6688,8.6694,8.6694,8.6694,8.6694,8.6694,8.6694,8.6694,8.6694,8.6694,8.6694,8.6694,8.6694,8.6694,8.6694,8.6694,8.67,8.6726,8.6769,8.6795,8.68,8.68,8.68,8.68,8.68,8.68,8.68,8.68,8.68,8.68,8.68,8.68,8.68,8.68,8.68,8.68,8.68,8.68,8.68,8.68,8.68,8.68,8.68,8.68,8.68,8.68,8.68,8.68,8.68,8.6795,8.6769,8.6726,8.67,8.6694,8.6694,8.6694,8.6694,8.6694,8.6694,8.6694,8.6694,8.6694,8.6694,8.6694,8.6694,8.6694,8.6694,8.67,8.6731,8.68,8.6869,8.6901,8.6907,8.6907,8.6907,8.6907,8.6907,8.6907,8.6907,8.6907,8.6907,8.6907,8.6907,8.6907,8.6907,8.6907,8.6907,8.6907,8.6907,8.6907,8.6907,8.6907,8.6907,8.6907,8.6907,8.6907,8.6907,8.6907,8.6907,8.6907,8.6907,8.6907,8.6907,8.6907,8.6907,8.6907,8.6913,8.6939,8.6982,8.7008,8.7014,8.7014,8.7014,8.7014,8.7014,8.7014,8.7014,8.7014,8.7014,8.7014,8.7014,8.7014,8.702,8.7046,8.7089,8.7115,8.7121,8.7121,8.7121,8.7126,8.7152,8.7195,8.7221,8.7227,8.7227,8.7227,8.7227,8.7227,8.7227,8.7233,8.7259,8.7308,8.736,8.7409,8.7435,8.7446,8.7473,8.7515,8.7547,8.7579,8.7628,8.768,8.7735,8.7798,8.7905,8.8043,8.815,8.8219,8.83,8.8401,8.8502,8.8582,8.864,8.8695,8.8753,8.8828,8.8903,8.8966,8.9041,8.9116,8.9174,8.9229,8.9286,8.9367,8.9462,8.9543,8.9601,8.9655,8.9707,8.9762,8.9814,8.9869,8.9927,9.0001,9.0076,9.0134,9.0183,9.0215,9.0247,9.0296,9.0348,9.0402,9.0454,9.0503,9.0535,9.0567,9.061,9.0642,9.0674,9.0716,9.0748,9.078,9.0823,9.0849,9.0855,9.0861,9.0887,9.093,9.0962,9.0994,9.1042,9.1094,9.1143,9.1169,9.1175,9.1181,9.1207,9.125,9.1276,9.1282,9.1282,9.1282,9.1282,9.1282,9.1282,9.1282,9.1282,9.1282,9.1282,9.1282,9.1282,9.1282,9.1282,9.1282,9.1282,9.1282,9.1282,9.1282,9.1282,9.1282,9.1282,9.1282,9.1282,9.1282,9.1282,9.1282,9.1282,9.1282,9.1282,9.1282,9.1282,9.1282,9.1282,9.1282,9.1282,9.1282,9.1282,9.1282,9.1282,9.1282,9.1282,9.1282,9.1282,9.1282,9.1282,9.1282,9.1282,9.1282,9.1282,9.1282,9.1282,9.1282,9.1282,9.1282,9.1282,9.1282,9.1282,9.1282,9.1288,9.1314,9.1357,9.1383,9.1389,9.1394,9.142,9.1463,9.1489,9.1495,9.1501,9.1527,9.1576,9.1628,9.1683,9.1741,9.1821,9.1916,9.1997,9.2055,9.2109,9.2167,9.2248,9.2349,9.245,9.253,9.2588,9.2643,9.2695,9.2761,9.2871,9.3032,9.3153,9.3202,9.3234,9.3277,9.3303,9.3309,9.3309,9.3309,9.3309,9.3309,9.3309,9.3309

Intensity : 16.7944,17.1845,17.6591,18.3436,19.2,20.1,21,21.9,22.8,23.7,24.6,25.5,26.3564,26.9379,27.1533,27.4086,27.7249,28.0081,28.186,28.3195,28.5,28.6805,28.8195,29,29.1805,29.3195,29.5163,29.9184,30.5548,31.2984,31.9728,32.5153,32.9184,33.2328,33.6441,34.1675,34.7225,35.1109,35.3597,35.6403,35.8891,36.1,36.3,36.5,36.7,36.9109,36.7939,36.409,36.0098,35.6217,35.2885,34.9755,34.5918,34.1,33.5597,33.0566,32.5733,32.0968,31.614,31.1756,30.8422,30.5503,30.2559,30.0181,29.8433,29.6966,29.5888,29.5394,29.5379,29.5727,29.66,29.7734,29.915,30.1054,30.2777,30.4436,30.6712,30.5542,30.2249,29.957,29.8043,29.7562,29.7659,29.7055,29.657,29.6229,29.5225,29.3984,29.3021,29.228,29.1651,29.102,29.0461,29.0088,29.1306,29.2899,29.4938,29.7412,29.952,30.1151,30.2853,30.505,30.75,30.9201,31.0744,31.2256,31.3744,31.5201,31.6445,31.65,31.5663,31.5397,31.5603,31.5337,31.4662,31.4397,31.3916,31.2846,31.1807,31.0581,30.9239,30.7554,30.5391,30.2685,29.8794,29.4043,28.9419,29.0987,29.4292,29.7125,29.9875,30.2775,30.6196,31.0054,31.3475,31.7375,32.2384,32.8294,33.4956,34.1125,34.9882,36.9035,39.9221,41.9946,42.6626,43.1143,43.5616,44.9984,46.352,47.6425,48.8529,49.8074,50.566,50.8863,50.8418,50.8608,50.9303,51.0341,51.2411,51.561,51.5069,51.543,50.5144,49.0877,48.0237,46.9659,46.228,45.7076,45.0479,44.2497,43.4134,42.2894,40.8716,39.5694,38.7055,38.5576,38.4984,38.485,38.4885,38.5236,39.2721,40.1811,40.9913,41.9189,42.6498,42.4579,42.3529,42.2891,42.2091,42.1052,42.0003,41.8942,41.5288,41.044,40.4712,39.9054,39.4023,38.9716,38.4174,37.5213,36.385,35.2487,34.3526,33.625,32.935,32.2074,31.7404,31.4597,31.211,30.989,30.7403,30.4379,30.0914,29.7195,30.3955,30.95,31.4772,32.0993,32.8007,33.4227,34.0317,34.949,36.3351,37.9587,39.3072,40.2774,40.9873,41.7027,42.3372,42.875,43.4406,44.1371,43.9629,43.7975,43.6617,43.5379,43.4321,43.3425,43.2475,43.1425,43.0375,42.9325,42.8275,42.7168,42.5861,42.4389,42.3082,42.1,41.8,41.5,41.2,40.9,40.6,40.3,40,39.727,39.5495,39.7005,40.0609,40.4701,41.0005,41.4794,41.8886,42.3005,42.6391,42.9196,43.1804,43.4055,43.6495,43.9505,44.173,44.3,44.4,44.5,44.6,44.7,44.6,44.3,44,43.7434,43.6391,43.6609,43.5566,43.3,43,42.6837,42.294,41.95,41.6367,41.4507,41.3602,41.2339,41.05,40.8879,40.848,40.8896,40.805,40.575,40.343,40.2776,40.445,40.5813,40.4767,40.2645,39.9236,39.6226,39.4133,39.1364,39,39,39,39,39,39,39,39,39,39,38.5565,38.0812,37.4956,36.7815,35.9785,35.1579,34.1928,33.3895,33.1248,32.956,32.909,32.9245,33.1659,33.3689,33.5499,33.731,33.9397,34.2067,34.4989,34.8579,35.2006,35.5216,35.8366,36.1712,36.4458,36.385,36.3375,36.2925,36.2505,36.2107,36.1453,36.0272,35.6304,35.2621,34.9488,34.6403,34.2891,33.7327,32.7119,31.9327,31.3,30.7,30.1,29.5,28.9,28.2673,27.7085,27.1965,26.7424,26.3575,25.9925,25.6076,25.1535,24.6415,24.1825,23.7336,23.1969,22.6598,22.2244,21.8625,21.5175,21.1725,21.1556,21.5692,22.2101,22.9912,23.76,24.5641,25.1363,25.5825,26.035,26.6066,27.3075,28.0332,28.7198,29.2375,29.722,30.196,30.6705,31.1525,31.6375,32.1225,32.6339,33.0206,33.3337,33.5897,33.7287,33.8663,34.05,34.25,34.45,34.65,34.8875,35.1775,35.5196,35.9054,36.2625,36.6196,37.0054,37.3475,37.5,37.5,37.5,37.4892,37.4402,37.3598,37.3108,37.3,37.3,37.3,37.3,37.1374,36.4567,35.6755,34.6118,33.4672,32.6447,32.05,31.6769,31.3975,31.1181,31.0519,31.1431,31.224,31.2925,31.3575,31.426,31.5069,31.6052,31.6135,31.5484,31.4963,31.4575,31.4206,31.3732,31.307,31.1825,31.0849,30.9936,30.8826,30.7692,30.4361,30.0639,29.6861,29.3139,28.9224,28.4893,28.2274,28.1902,28.1611,28.1259,28.0726,28.0072,27.9415,27.8658,27.7707,27.7376,28.5112,29.4712,30.5269,31.5359,32.3974,33.3106,34.2408,34.8761,35.2775,35.5359,35.7288,35.9546,36.1854,36.4112,36.6125,36.8138,36.8792,36.1327,35.5,34.8673,34.1208,33.2792,32.5,31.7208,30.8977,30.3023,29.7195,29.2,28.6587,28,27.3195,26.8403,26.4891,26.1,25.7109,25.3706,25.1218,25,25,25,25,25,25,25,25,25,24.95,24.85,24.75,24.65,24.55,24.4446,24.3201,24.1799,24.0554,24.05,24.15,24.25,24.3555,24.4853,24.65,24.8147,24.9446,24.95,24.85,24.75,24.65,24.55,24.45,24.35,24.25,24.15,24.05,23.954,23.8532,23.7274,23.559,23.3853,23.2554,23.15,23.05,23.0326,23.0883,23.133,23.1137,22.9802,22.8038,22.8082,23.3478,23.8343,24.2287,24.5799,24.9256,25.2744,25.6201,25.8414,26.015,26.2543,26.441,26.602,26.7581,26.9049,27.1028,27.3788,27.7101,28.0021,28.2085,28.3322,28.4103,28.5044,28.6605,28.8774,29.114,29.3391,29.5957,29.9761,30.4423,30.55,30.5799,30.6256,30.6744,30.7256,30.7744,30.8201,30.8417,30.8583,30.8945,30.9278,30.9688,30.9598,30.9,30.8402,30.7598,30.4778,30.1923,29.8941,29.5304,29.0709,28.6512,28.3597,28.1,27.8457,27.5951,27.339,27.1625,27.0124,26.8815,26.7536,26.5601,26.3041,26.0883,25.95,25.85,25.75,25.65,25.55,25.45,25.35,25.25,25.15,25.05,24.95,24.85,24.75,24.65,24.55,24.45,24.35,24.2446,24.1147,23.85,23.3233,22.7871,22.2292,21.7827,21.4336,21.044,21.0855,21.1895,21.2861,21.3739,21.4675,21.5792,21.8108,22.0575,22.2963,22.5083,22.7832,22.9459,22.8268,22.7232,22.5943,22.2592,21.8,21.654,21.8828,22.2794,22.7331,22.9746,22.8068,22.6899,22.5901,22.4781,22.3519,22.2399,22.145,22.05,21.95,21.8608,21.8098,21.7902,21.7392,21.65,21.5662,21.5397,21.5603,21.5283,21.4201,21.2907,21.2152,21.1958,21.1689,21.1365,21.1233,21.0554,21.1446,21.2201,21.2744,21.2132,21.0013,20.7926,20.5509,20.2959,20.0346,20.4827,21.107,21.6974,22.1699,22.5954,22.8781,23.1582,23.5282,23.8495,24.0799,24.326,24.65,25.0012,25.3694,25.7902,26.163,26.3984,26.5092

Time pixel : 4.879869,4.92558,4.979869,5.055449,5.15,5.25,5.35,5.45,5.55,5.65,5.75,5.85,5.944551,6.020131,6.079869,6.155449,6.25,6.344551,6.420131,6.479869,6.55,6.620131,6.679869,6.75,6.820131,6.879869,6.955449,7.055449,7.179869,7.320131,7.444551,7.544551,7.620131,7.679869,7.755449,7.85,7.95,8.055449,8.179869,8.320131,8.444551,8.55,8.65,8.75,8.85,8.955449,9.079869,9.22558,9.37442,9.520131,9.644551,9.755449,9.885318,10.05,10.22013,10.37442,10.52558,10.67442,10.82013,10.95,11.08532,11.25,11.42013,11.57442,11.72013,11.84455,11.94455,12.02013,12.07987,12.15545,12.25,12.35,12.45,12.55545,12.67987,12.82013,12.95545,13.11519,13.32558,13.5391,13.72013,13.87442,14.02013,14.14455,14.25,14.35,14.45,14.55,14.64455,14.72013,14.77987,14.85,14.92558,15.00974,15.12558,15.25,15.37987,15.51468,15.61468,15.67987,15.7609,15.88532,16.05,16.22013,16.37442,16.52558,16.67442,16.82013,16.94455,17.05,17.14455,17.22013,17.27987,17.35545,17.44455,17.52013,17.57987,17.65545,17.75,17.85,17.95,18.05,18.15545,18.29077,18.48532,18.72013,18.9391,19.11468,19.24455,19.35,19.45,19.55545,19.67987,19.82013,19.94455,20.05,20.15545,20.27987,20.42013,20.55,20.73436,21.11882,21.66766,22.12044,22.46584,22.7391,22.97442,23.19026,23.37442,23.55,23.71468,23.84455,23.95,24.05,24.15,24.25,24.3609,24.51519,24.74193,25.04506,25.43103,25.8282,26.14405,26.3391,26.47987,26.61468,26.71468,26.77987,26.85545,26.95545,27.09622,27.31519,27.59026,27.84455,28.07987,28.31468,28.50923,28.65,28.78532,28.9609,29.17442,29.39026,29.58532,29.80974,30.05494,30.23365,30.35,30.45,30.55,30.65545,30.78532,30.95,31.12013,31.28532,31.47987,31.68481,31.8391,31.95,32.05545,32.18532,32.35,32.51468,32.64455,32.75,32.85,32.95545,33.07442,33.19026,33.27442,33.3609,33.47987,33.63103,33.80429,33.99026,34.1391,34.25,34.35545,34.47987,34.62013,34.74455,34.86635,35.05595,35.36635,35.73365,36.04405,36.2391,36.37987,36.52013,36.64455,36.75,36.8609,37.01519,37.22013,37.41468,37.57442,37.72013,37.84455,37.95,38.05,38.15,38.25,38.35,38.45,38.55545,38.67987,38.82013,38.94455,39.05,39.15,39.25,39.35,39.45,39.55,39.65,39.75,39.85,39.95,40.05,40.15545,40.28532,40.45,40.61468,40.74455,40.85,40.94455,41.02013,41.07987,41.15545,41.25,41.35,41.45,41.55,41.65,41.75,41.85,41.95,42.05,42.15,42.25,42.34455,42.42013,42.47987,42.55545,42.65,42.75,42.85545,42.98532,43.15,43.32013,43.47442,43.62013,43.74455,43.85,43.94455,44.02013,44.07987,44.15545,44.25,44.34455,44.41468,44.45,44.47987,44.53103,44.60974,44.72013,44.81468,44.87987,44.9609,45.07987,45.22013,45.34455,45.45,45.55,45.64455,45.72013,45.78532,45.87987,45.99026,46.07442,46.15545,46.25545,46.37987,46.52558,46.67987,46.86635,47.10974,47.39026,47.63365,47.82013,47.97442,48.11468,48.22013,48.30974,48.43103,48.57987,48.75545,48.9391,49.09571,49.23416,49.40661,49.60429,49.82013,50.00923,50.14455,50.25,50.35,50.45,50.5609,50.72064,50.95,51.18481,51.36897,51.52558,51.67987,51.85545,52.04455,52.21468,52.34455,52.45,52.55,52.65,52.75,52.85,52.95545,53.07987,53.22013,53.34455,53.45,53.55,53.65545,53.77987,53.92013,54.05,54.18532,54.35,54.51468,54.64455,54.75,54.85,54.95,55.0609,55.22064,55.4609,55.74455,56.00923,56.20923,56.34455,56.45,56.55545,56.68532,56.85,57.01468,57.14455,57.25,57.35,57.45,57.55,57.65,57.75,57.85,57.95545,58.08532,58.24455,58.38481,58.47442,58.55545,58.65,58.75,58.85,58.95,59.05,59.15545,59.27987,59.42013,59.55,59.67987,59.82013,59.94455,60.05545,60.17987,60.32013,60.4391,60.52013,60.59622,60.76685,61.07987,61.41963,61.66352,61.85545,62.04455,62.23103,62.44506,62.73648,63.06897,63.37936,63.60378,63.74455,63.85,63.95545,64.07987,64.22013,64.34455,64.45,64.55,64.65545,64.77987,64.93103,65.10429,65.29026,65.4391,65.55,65.65545,65.79077,65.97987,66.19571,66.40429,66.62013,66.81468,66.97442,67.12558,67.27442,67.42558,67.57442,67.73103,67.90429,68.09026,68.2391,68.35545,68.49622,68.70974,68.97129,69.23416,69.52558,69.80378,70.02013,70.20974,70.43103,70.66897,70.89571,71.11519,71.37987,71.6495,71.83365,71.95,72.05545,72.17987,72.32558,72.47442,72.62013,72.75,72.87987,73.02013,73.14455,73.25,73.35545,73.47987,73.62013,73.75,73.87987,74.02558,74.17442,74.32013,74.45,74.58532,74.75,74.92013,75.07987,75.25545,75.45,75.64455,75.81468,75.9391,76.02013,76.08532,76.18532,76.32558,76.47442,76.62013,76.74455,76.85,76.95,77.05,77.15,77.25,77.35,77.45,77.55545,77.67987,77.82013,77.94455,78.05,78.15,78.25,78.35545,78.48532,78.65,78.81468,78.94455,79.05,79.15,79.25,79.35,79.45,79.55,79.65,79.75,79.85,79.95,80.05,80.15545,80.28532,80.45,80.61468,80.74455,80.85,80.95,81.05,81.1609,81.30974,81.49571,81.67442,81.85545,82.05,82.24455,82.41468,82.54455,82.65,82.75,82.85,82.95,83.0609,83.20429,83.36039,83.46897,83.55,83.62013,83.67987,83.75545,83.85,83.95,84.04455,84.12013,84.17442,84.22558,84.27987,84.35545,84.45,84.54455,84.62558,84.70974,84.83103,84.97442,85.12013,85.25,85.37987,85.52558,85.67442,85.82013,85.94455,86.05545,86.17987,86.32013,86.44455,86.55,86.65,86.75,86.85545,86.97987,87.12558,87.27442,87.43103,87.60974,87.83648,88.09884,88.36039,88.57442,88.77987,88.98481,89.1391,89.25,89.34455,89.42013,89.49077,89.61519,89.79026,89.9391,90.05,90.15,90.25,90.35,90.45,90.55,90.65,90.75,90.85,90.95,91.05,91.15,91.25,91.35,91.45,91.55,91.65,91.75545,91.88532,92.05,92.22558,92.40429,92.59026,92.7391,92.85545,92.98532,93.15545,93.34455,93.52013,93.67987,93.85,94.02013,94.17987,94.35,94.51468,94.6609,94.8505,95.12013,95.38481,95.61519,95.90166,96.29077,96.75,97.23103,97.73961,98.27936,98.73315,99.0282,99.21468,99.34455,99.45545,99.57987,99.72013,99.84455,99.95,100.05,100.15,100.25,100.35,100.45,100.55,100.65,100.7446,100.8201,100.8799,100.9609,101.0799,101.2201,101.3446,101.4554,101.5799,101.7147,101.8365,102.0048,102.2767,102.569,102.8446,103.0848,103.2744,103.4554,103.6446,103.8201,103.9799,104.1609,104.369,104.5658,104.7233,104.8767,105.0342,105.231,105.4391,105.6147,105.75,105.8853,106.05,106.2256,106.4097,106.6201,106.8065,106.9242,106.9796

Position pixel : 71.7554,71.7799,71.8201,71.8446,71.85,71.85,71.85,71.85,71.85,71.85,71.85,71.85,71.8554,71.8799,71.9201,71.95,71.9799,72.0256,72.0744,72.1201,72.15,72.1799,72.2201,72.25,72.2799,72.3201,72.35,72.3799,72.4201,72.4446,72.45,72.4554,72.4799,72.5201,72.5446,72.55,72.55,72.55,72.55,72.55,72.55,72.55,72.55,72.55,72.55,72.5554,72.5799,72.6201,72.6446,72.65,72.6554,72.6799,72.7201,72.75,72.7799,72.8201,72.85,72.8799,72.9256,72.9744,73.0256,73.0799,73.15,73.2201,73.2799,73.35,73.4201,73.4799,73.55,73.6201,73.6799,73.7554,73.85,73.95,74.05,74.1446,74.2201,74.2799,74.3554,74.45,74.5554,74.6744,74.7903,74.869,74.9256,74.9799,75.05,75.1147,75.15,75.1853,75.25,75.3201,75.3799,75.45,75.5201,75.5799,75.65,75.7201,75.7744,75.8201,75.8446,75.85,75.85,75.85,75.85,75.85,75.85,75.85,75.85,75.85,75.8554,75.8799,75.9201,75.9446,75.9554,75.9799,76.0201,76.0446,76.0554,76.0799,76.1201,76.1446,76.15,76.15,76.15,76.1554,76.1799,76.2201,76.2446,76.25,76.25,76.25,76.25,76.25,76.25,76.25,76.25,76.25,76.25,76.25,76.25,76.25,76.25,76.2554,76.2799,76.3201,76.3446,76.35,76.35,76.35,76.35,76.35,76.3554,76.3799,76.4201,76.4446,76.4554,76.4799,76.5256,76.5799,76.6554,76.75,76.8446,76.9147,76.9446,76.9554,76.9799,77.0201,77.0446,77.05,77.0554,77.0799,77.1256,77.1799,77.2554,77.3446,77.4147,77.45,77.4799,77.5256,77.5744,77.6201,77.65,77.6799,77.7201,77.75,77.7799,77.8201,77.8446,77.8554,77.8799,77.9201,77.9446,77.95,77.9554,77.9799,78.0201,78.0446,78.05,78.05,78.05,78.05,78.05,78.05,78.05,78.05,78.0554,78.0799,78.1201,78.1446,78.15,78.15,78.15,78.15,78.15,78.15,78.15,78.15,78.15,78.15,78.15,78.15,78.1446,78.1201,78.0799,78.0554,78.05,78.05,78.05,78.05,78.05,78.05,78.05,78.05,78.05,78.05,78.05,78.05,78.05,78.05,78.05,78.05,78.05,78.05,78.05,78.05,78.05,78.05,78.05,78.05,78.05,78.05,78.05,78.05,78.05,78.0554,78.0799,78.1201,78.15,78.1799,78.2201,78.25,78.2799,78.3201,78.35,78.3799,78.4201,78.45,78.4799,78.5201,78.5446,78.55,78.55,78.55,78.55,78.55,78.55,78.55,78.55,78.5554,78.5799,78.6201,78.6446,78.65,78.65,78.65,78.65,78.65,78.6554,78.6799,78.7201,78.7446,78.75,78.7554,78.7799,78.8201,78.8446,78.85,78.8554,78.8853,78.95,79.0201,79.0744,79.1201,79.15,79.1799,79.2201,79.2446,79.2554,79.2799,79.3201,79.3446,79.35,79.3554,79.3799,79.4201,79.45,79.4799,79.5201,79.5446,79.5554,79.5799,79.6256,79.6744,79.7256,79.7744,79.8256,79.8744,79.9256,79.9744,80.0256,80.0744,80.1201,80.15,80.1799,80.2256,80.2799,80.35,80.4147,80.4446,80.45,80.45,80.45,80.45,80.45,80.45,80.4554,80.4799,80.5201,80.5446,80.55,80.55,80.55,80.55,80.5554,80.5799,80.6201,80.6446,80.65,80.65,80.65,80.65,80.65,80.65,80.65,80.65,80.65,80.65,80.65,80.65,80.65,80.65,80.65,80.6446,80.6201,80.5799,80.5554,80.55,80.55,80.55,80.5554,80.5799,80.6256,80.6744,80.7256,80.7744,80.8201,80.85,80.8799,80.9201,80.95,80.9799,81.0201,81.05,81.0799,81.1201,81.1446,81.15,81.15,81.15,81.15,81.15,81.1554,81.1799,81.2201,81.2446,81.25,81.25,81.25,81.25,81.25,81.25,81.25,81.25,81.25,81.25,81.25,81.25,81.25,81.25,81.25,81.2554,81.2799,81.3201,81.3446,81.35,81.35,81.35,81.35,81.35,81.35,81.35,81.35,81.35,81.35,81.35,81.35,81.35,81.35,81.35,81.35,81.35,81.35,81.35,81.35,81.35,81.35,81.35,81.35,81.35,81.35,81.35,81.35,81.35,81.3446,81.3201,81.2799,81.2554,81.25,81.25,81.25,81.25,81.25,81.25,81.25,81.25,81.25,81.25,81.25,81.25,81.25,81.25,81.2554,81.2853,81.35,81.4147,81.4446,81.45,81.45,81.45,81.45,81.45,81.45,81.45,81.45,81.45,81.45,81.45,81.45,81.45,81.45,81.45,81.45,81.45,81.45,81.45,81.45,81.45,81.45,81.45,81.45,81.45,81.45,81.45,81.45,81.45,81.45,81.45,81.45,81.45,81.45,81.4554,81.4799,81.5201,81.5446,81.55,81.55,81.55,81.55,81.55,81.55,81.55,81.55,81.55,81.55,81.55,81.55,81.5554,81.5799,81.6201,81.6446,81.65,81.65,81.65,81.6554,81.6799,81.7201,81.7446,81.75,81.75,81.75,81.75,81.75,81.75,81.7554,81.7799,81.8256,81.8744,81.9201,81.9446,81.9554,81.9799,82.0201,82.05,82.0799,82.1256,82.1744,82.2256,82.2853,82.3853,82.5147,82.6147,82.6799,82.7554,82.85,82.9446,83.0201,83.0744,83.1256,83.1799,83.25,83.3201,83.3799,83.45,83.5201,83.5744,83.6256,83.6799,83.7554,83.8446,83.9201,83.9744,84.0256,84.0744,84.1256,84.1744,84.2256,84.2799,84.35,84.4201,84.4744,84.5201,84.55,84.5799,84.6256,84.6744,84.7256,84.7744,84.8201,84.85,84.8799,84.9201,84.95,84.9799,85.0201,85.05,85.0799,85.1201,85.1446,85.15,85.1554,85.1799,85.2201,85.25,85.2799,85.3256,85.3744,85.4201,85.4446,85.45,85.4554,85.4799,85.5201,85.5446,85.55,85.55,85.55,85.55,85.55,85.55,85.55,85.55,85.55,85.55,85.55,85.55,85.55,85.55,85.55,85.55,85.55,85.55,85.55,85.55,85.55,85.55,85.55,85.55,85.55,85.55,85.55,85.55,85.55,85.55,85.55,85.55,85.55,85.55,85.55,85.55,85.55,85.55,85.55,85.55,85.55,85.55,85.55,85.55,85.55,85.55,85.55,85.55,85.55,85.55,85.55,85.55,85.55,85.55,85.55,85.55,85.55,85.55,85.55,85.5554,85.5799,85.6201,85.6446,85.65,85.6554,85.6799,85.7201,85.7446,85.75,85.7554,85.7799,85.8256,85.8744,85.9256,85.9799,86.0554,86.1446,86.2201,86.2744,86.3256,86.3799,86.4554,86.55,86.6446,86.7201,86.7744,86.8256,86.8744,86.9365,87.0396,87.1903,87.3038,87.35,87.3799,87.4201,87.4446,87.45,87.45,87.45,87.45,87.45,87.45,87.45

Pole type : Curve
Start frame : 5
End frame : 107
Start time (s) : 26.210
End time (s) : 177.410
Time step (s) : 1.482

Feature Information :


Feature number : 1

Time (s) : 75.86668,75.93442,76.00676,76.09066,76.20732,76.37912,76.56353,76.76409,77.00824,77.26854,77.5576,77.94997,78.39394,78.7629,79.0312,79.22376,79.38,79.52824,79.67647,79.82471,79.97294,80.12118,80.26141,80.37332,80.45382,80.52971,80.6102,80.72212,80.86235,81.01059,81.15882,81.31506,81.50762,81.74376,81.95974,82.12873,82.30854,82.49294,82.6935,82.94565,83.23412,83.53059,83.81905,84.07921,84.30793,84.53207,84.75264,84.96862,85.15317,85.30941,85.46565,85.65821,85.91036,86.19882,86.48729,86.73944,86.932,87.08824,87.23647,87.38471,87.53294,87.67317,87.78509,87.87373,87.98565,88.13389,88.31844,88.52627,88.71882,88.91138,89.12736,89.35609,89.60824,89.85238,90.04494,90.20118,90.34941,90.49765,90.65389,90.83029,91.0101,91.18724,91.43939,91.73512,91.96384,92.12824,92.26847,92.38038,92.47703,92.63342,92.87742,93.14972,93.3657,93.50668,93.66292,93.86274,94.04729,94.20353,94.35176,94.54032,94.89386,95.44915,95.96545,96.29884,96.53097,96.71552,96.87176,97.02,97.16824,97.31647,97.47271,97.65726,97.87324,98.11813,98.45077,98.85041,99.18305,99.43609,99.68824,99.94038,100.1773,100.4374,100.7179,100.97,101.1786,101.4155,101.7192,101.9995,102.2002,102.3565,102.4967,102.6086,102.6973,102.8092,102.9574,103.142,103.3579,103.5867,103.8388,104.083,104.2755,104.4318,104.58,104.7282,104.8685,104.9804,105.0609,105.1368,105.2173,105.3212,105.4332,105.5499,105.6854,105.794,105.8779,105.9584,106.0624,106.1663,106.2468,106.3227,106.4031,106.5071,106.611,106.6996,106.8115,106.9518,107.1,107.2482,107.3885,107.5004,107.589,107.7009,107.8412,107.9814,108.0933,108.182,108.2939,108.4341,108.5824,108.7226,108.8345,108.9231,109.0351,109.1673,109.2792,109.3679,109.4718,109.5757,109.6643,109.7682,109.8721,109.9526,110.0447,110.1895,110.3928,110.5818,110.7616,110.8936

Position (um) : 4.8714,4.8746,4.8833,4.8997,4.9254,4.9568,4.9932,5.0373,5.0854,5.129,5.1725,5.2245,5.2806,5.323,5.3504,5.3718,5.3893,5.4006,5.407,5.4124,5.4176,5.4225,5.4257,5.4289,5.4338,5.439,5.4438,5.4465,5.4476,5.4502,5.4545,5.4577,5.4609,5.4658,5.471,5.4764,5.4822,5.4897,5.4972,5.5036,5.5116,5.5211,5.5292,5.5356,5.5431,5.5505,5.5569,5.565,5.5745,5.5826,5.5889,5.5976,5.6103,5.6252,5.6379,5.6466,5.653,5.6604,5.6673,5.6705,5.6711,5.6717,5.6743,5.6786,5.6812,5.6818,5.6818,5.6818,5.6818,5.6818,5.6818,5.6818,5.6818,5.6818,5.6818,5.6818,5.6818,5.6818,5.6818,5.6812,5.6786,5.6743,5.6717,5.6705,5.6679,5.6636,5.6604,5.6572,5.6524,5.6466,5.6391,5.6316,5.6258,5.6209,5.6178,5.6146,5.6097,5.6045,5.5996,5.597,5.5958,5.5932,5.5889,5.5863,5.5857,5.5857,5.5857,5.5857,5.5857,5.5857,5.5857,5.5857,5.5863,5.5895,5.597,5.6065,5.6146,5.6215,5.6322,5.6466,5.6604,5.6755,5.6962,5.7213,5.747,5.7773,5.8141,5.8476,5.8733,5.8952,5.9159,5.9341,5.9485,5.963,5.9805,5.9987,6.0163,6.0371,6.0595,6.0786,6.0947,6.108,6.1187,6.1261,6.1299,6.1337,6.1412,6.1507,6.1587,6.1651,6.1732,6.1833,6.1934,6.2014,6.2078,6.2159,6.2259,6.236,6.2441,6.2499,6.2554,6.2611,6.2692,6.2793,6.29,6.3001,6.3081,6.3139,6.3194,6.3246,6.3295,6.3321,6.3326,6.3332,6.3358,6.3401,6.3427,6.3433,6.3433,6.3439,6.3465,6.3508,6.3534,6.3546,6.3572,6.3615,6.3647,6.3678,6.3721,6.3753,6.3785,6.3834,6.3886,6.3941,6.3993,6.4041,6.4068,6.4073

Intensity : 14.7022,14.6198,14.5153,14.3643,14.2465,14.1882,14.2175,14.2147,14.05,14.1343,14.4736,15.1495,15.7696,16.371,16.7995,16.9892,17.1408,17.3353,17.5756,17.8244,18.0756,18.2709,18.4175,18.5339,18.6028,18.6685,18.7321,18.8459,19.0141,19.1682,19.2898,19.4325,19.6134,19.5814,19.5309,19.4804,19.4399,19.3925,19.3682,19.3942,18.9929,18.466,17.9927,17.5934,17.2575,16.9744,16.8256,16.6799,16.5554,16.45,16.3446,16.2147,16.0446,15.85,15.6554,15.4853,15.3554,15.25,15.15,15.05,15,15,15,15,15,15,15,15,15,15,14.9686,14.93,14.8875,14.8463,14.8139,14.7875,14.7625,14.85,15.0608,15.3042,15.5713,15.8505,16.2152,16.625,16.8455,16.7821,16.7176,16.6662,16.599,16.4685,16.2929,16.1255,16.011,15.9201,15.8147,15.6799,15.5554,15.45,15.35,15.2228,14.9616,14.0554,13.2422,12.7306,12.7701,12.8946,13,13.1,13.2,13.3,13.4054,13.5299,13.6793,13.879,14.1489,14.5131,14.8529,15.0548,15.1963,15.3865,15.5589,15.7087,15.9233,15.7706,15.4892,15.145,14.8776,14.8787,14.9554,14.7125,14.4751,14.3005,14.18,14.0739,13.95,13.7799,13.6147,13.4201,13.2202,13.0377,12.9586,12.8899,12.8105,12.7304,12.6649,12.602,12.5144,12.4034,12.2944,12.3091,12.3776,12.4484,12.6228,12.8138,12.9545,13.0926,13.2575,13.4091,13.5181,13.6088,13.6975,13.802,13.9006,13.9769,14.1053,14.3446,14.6201,14.8744,15.1148,15.3146,15.4799,15.6554,15.85,16.0446,16.2201,16.3799,16.4446,16.45,16.45,16.4554,16.4799,16.5201,16.5446,16.5554,16.5799,16.6201,16.65,16.6799,16.7201,16.6625,16.5661,16.5072,16.4311,16.2821,16.0439,15.8024,15.5598,15.3816

Time pixel : 51.1799,51.2256,51.2744,51.331,51.4097,51.5256,51.65,51.7853,51.95,52.1256,52.3206,52.5853,52.8848,53.1337,53.3147,53.4446,53.55,53.65,53.75,53.85,53.95,54.05,54.1446,54.2201,54.2744,54.3256,54.3799,54.4554,54.55,54.65,54.75,54.8554,54.9853,55.1446,55.2903,55.4043,55.5256,55.65,55.7853,55.9554,56.15,56.35,56.5446,56.7201,56.8744,57.0256,57.1744,57.3201,57.4446,57.55,57.6554,57.7853,57.9554,58.15,58.3446,58.5147,58.6446,58.75,58.85,58.95,59.05,59.1446,59.2201,59.2799,59.3554,59.4554,59.5799,59.7201,59.85,59.9799,60.1256,60.2799,60.45,60.6147,60.7446,60.85,60.95,61.05,61.1554,61.2744,61.3957,61.5152,61.6853,61.8848,62.0391,62.15,62.2446,62.3201,62.3853,62.4908,62.6554,62.8391,62.9848,63.0799,63.1853,63.3201,63.4446,63.55,63.65,63.7772,64.0157,64.3903,64.7386,64.9635,65.1201,65.2446,65.35,65.45,65.55,65.65,65.7554,65.8799,66.0256,66.1908,66.4152,66.6848,66.9092,67.0799,67.25,67.4201,67.5799,67.7554,67.9446,68.1147,68.2554,68.4152,68.6201,68.8092,68.9446,69.05,69.1446,69.2201,69.2799,69.3554,69.4554,69.5799,69.7256,69.8799,70.05,70.2147,70.3446,70.45,70.55,70.65,70.7446,70.8201,70.8744,70.9256,70.9799,71.05,71.1256,71.2043,71.2957,71.369,71.4256,71.4799,71.55,71.6201,71.6744,71.7256,71.7799,71.85,71.9201,71.9799,72.0554,72.15,72.25,72.35,72.4446,72.5201,72.5799,72.6554,72.75,72.8446,72.9201,72.9799,73.0554,73.15,73.25,73.3446,73.4201,73.4799,73.5554,73.6446,73.7201,73.7799,73.85,73.9201,73.9799,74.05,74.1201,74.1744,74.2365,74.3342,74.4713,74.5988,74.7201,74.8092

Position pixel : 45.6554,45.6853,45.7663,45.9206,46.1609,46.4554,46.7962,47.2097,47.6604,48.069,48.4772,48.964,49.4898,49.8874,50.1446,50.3446,50.5092,50.6147,50.6744,50.7256,50.7744,50.8201,50.85,50.8799,50.9256,50.9744,51.0201,51.0446,51.0554,51.0799,51.1201,51.15,51.1799,51.2256,51.2744,51.3256,51.3799,51.45,51.5201,51.5799,51.6554,51.7446,51.8201,51.8799,51.95,52.0201,52.0799,52.1554,52.2446,52.3201,52.3799,52.4609,52.5799,52.7201,52.8391,52.9201,52.9799,53.05,53.1147,53.1446,53.15,53.1554,53.1799,53.2201,53.2446,53.25,53.25,53.25,53.25,53.25,53.25,53.25,53.25,53.25,53.25,53.25,53.25,53.25,53.25,53.2446,53.2201,53.1799,53.1554,53.1446,53.1201,53.0799,53.05,53.0201,52.9744,52.9201,52.85,52.7799,52.7256,52.6799,52.65,52.6201,52.5744,52.5256,52.4799,52.4554,52.4446,52.4201,52.3799,52.3554,52.35,52.35,52.35,52.35,52.35,52.35,52.35,52.35,52.3554,52.3853,52.4554,52.5446,52.6201,52.6853,52.7853,52.9201,53.05,53.1908,53.3853,53.6201,53.8609,54.1451,54.4903,54.8038,55.0446,55.25,55.4446,55.6147,55.75,55.8853,56.05,56.2201,56.3853,56.5799,56.7903,56.969,57.1201,57.2446,57.3446,57.4147,57.45,57.4853,57.5554,57.6446,57.7201,57.7799,57.8554,57.95,58.0446,58.1201,58.1799,58.2554,58.35,58.4446,58.5201,58.5744,58.6256,58.6799,58.7554,58.85,58.95,59.0446,59.1201,59.1744,59.2256,59.2744,59.3201,59.3446,59.35,59.3554,59.3799,59.4201,59.4446,59.45,59.45,59.4554,59.4799,59.5201,59.5446,59.5554,59.5799,59.6201,59.65,59.6799,59.7201,59.75,59.7799,59.8256,59.8744,59.9256,59.9744,60.0201,60.0446,60.05

Brightness max : 24.75
Brightness min :  0.00
Feature direction : Ambiguous
Feature speed : Slow
Feature type : Curve
Start frame : 5
End frame : 107
Start time (s) : 26.210
End time (s) : 177.410
Time step (s) : 1.482

Feature number : 2

Time (s) : 118.4416,118.4261,118.4946,118.6281,118.778,118.9195,119.0328,119.1223,119.2356,119.3691,119.4905,119.6165,119.7901,119.9685,120.1263,120.2762,120.4261,120.5759,120.7256,120.8755,121.0254,121.1752,121.325,121.4748,121.6247,121.7746,121.9161,122.0294,122.1189,122.2322,122.382,122.5765,122.8233,123.0781,123.3094,123.5196,123.6693,123.767,123.8802,124.0219,124.1718,124.3215,124.4714,124.6213,124.7711,124.9208,125.0707,125.2206,125.3704,125.5202,125.67,125.8199,125.9698,126.1195,126.2693,126.4192,126.5691,126.7188,126.8605,126.9738,127.0633,127.1847,127.3629,127.5731,127.7677,127.9622,128.1724,128.3589,128.5167,128.6748,128.8612,129.0633,129.213,129.3107,129.4158,129.529,129.6469,129.784,129.9018,130.0151,130.1202,130.2016,130.2701,130.3148,130.3595,130.4198,130.4646,130.5175,130.6144,130.7195,130.8009,130.8775,130.9588,131.0639,131.169,131.2503,131.327,131.4084,131.5216,131.6632,131.8049,131.9181,131.9995,132.0762,132.1492,132.2259,132.2991,132.3757,132.449,132.5175,132.5622,132.6151,132.7202,132.8618,133.0035,133.1168,133.2063,133.3114,133.4164,133.5059,133.6191,133.7609,133.9107,134.0604,134.2103,134.3602,134.51,134.6516,134.7649,134.8544,134.9595,135.0646,135.1541,135.2672,135.4008,135.514,135.5954,135.6639,135.7087,135.7534,135.8136,135.8584,135.9032,135.9635,136.0083,136.053,136.1134,136.15,136.1663,136.2029,136.2714,136.3445,136.4212,136.4943,136.5628,136.5994,136.6157,136.6523,136.7127,136.7493,136.7656,136.8022,136.8625,136.8991,136.9155,136.9521,137.0123,137.0489,137.057,137.0652,137.1018,137.1621,137.1987,137.215,137.2517,137.312,137.3568,137.4015,137.4618,137.4985,137.5148,137.5514,137.6199,137.6929,137.7614,137.8062,137.8591,137.9561,138.053,138.1059,138.1507,138.2192,138.3004,138.4055,138.5106,138.592,138.6686,138.75,138.8633,138.9967,139.1099,139.1995,139.3046,139.4097,139.499,139.6123,139.7459,139.851

Position (um) : 6.4757,6.4762,6.4789,6.4832,6.4859,6.487,6.4897,6.494,6.4966,6.4978,6.5005,6.5048,6.5074,6.508,6.508,6.508,6.508,6.508,6.508,6.508,6.508,6.508,6.508,6.508,6.508,6.508,6.5086,6.5112,6.5156,6.5182,6.5188,6.5182,6.5156,6.5106,6.5054,6.4999,6.4946,6.4897,6.487,6.4864,6.4864,6.4864,6.4864,6.4864,6.4864,6.4864,6.4864,6.4864,6.4864,6.487,6.4897,6.494,6.4972,6.5005,6.5054,6.5106,6.5162,6.5214,6.5269,6.5328,6.5404,6.5479,6.5544,6.5625,6.5727,6.5835,6.5943,6.6051,6.6159,6.6272,6.6406,6.6558,6.6692,6.68,6.6881,6.6946,6.7027,6.7129,6.7237,6.7345,6.7447,6.7528,6.7593,6.7668,6.7744,6.7808,6.7884,6.7954,6.7992,6.8024,6.8074,6.8126,6.8175,6.8208,6.8246,6.8321,6.8423,6.8531,6.8639,6.8753,6.8887,6.9032,6.914,6.9211,6.9292,6.9388,6.947,6.9528,6.9583,6.9642,6.9718,6.9787,6.9825,6.9858,6.9907,6.996,7.0015,7.0073,7.0149,7.0219,7.0251,7.0257,7.0257,7.0257,7.0257,7.0257,7.0257,7.0251,7.0225,7.0181,7.0149,7.0117,7.0067,7.0009,6.9927,6.9831,6.975,6.9685,6.961,6.9534,6.947,6.9394,6.9318,6.9254,6.9178,6.9103,6.9038,6.8957,6.8855,6.8747,6.8639,6.8531,6.8423,6.8316,6.8208,6.81,6.7998,6.7916,6.7852,6.777,6.7668,6.7561,6.7453,6.7345,6.7237,6.7129,6.7021,6.6913,6.6806,6.6698,6.659,6.6482,6.6374,6.6266,6.6159,6.6051,6.5943,6.5835,6.5727,6.5619,6.5517,6.543,6.5345,6.5247,6.5162,6.508,6.5005,6.494,6.4859,6.4762,6.4681,6.4617,6.4535,6.4433,6.4331,6.425,6.4191,6.4136,6.4083,6.4028,6.3975,6.3926,6.3894,6.3862,6.3818,6.3786,6.3754,6.371

Intensity : 14.8328,14.8145,14.8913,15,15,15,15,15,15,15,15,15,15,15,15,15,15,15,15,15,15,15,15,15,14.9035,14.702,14.5102,14.3572,14.2364,14.0836,13.8814,13.619,13.286,13.0284,13.216,13.4095,13.5599,13.672,13.7731,13.8742,13.9753,14.0763,14.1774,14.194,14.1729,14.1519,14.1308,14.1097,14.0886,14.0657,14.0397,14.0167,14.0022,14,14,14,14,14,14,14,14,14,14,14.0612,14.1925,14.3237,14.4655,14.5913,14.6978,14.8044,14.9302,14.9335,14.8325,14.7666,14.6957,14.6193,14.5398,14.4473,14.3718,14.3398,14.3388,14.3583,14.3847,14.4338,14.4914,14.5487,14.6215,14.6869,14.7226,14.7528,14.799,14.8483,14.8945,14.9247,14.9604,15.017,15.0753,15.1479,15.2385,15.3574,15.5142,15.6923,15.7987,15.8646,15.941,16.0311,16.1074,16.1623,16.214,16.2689,16.3398,16.4052,16.4409,16.4711,16.5173,16.5666,16.6183,16.6732,16.748,16.8851,17.002,17.1172,17.2339,17.3505,17.4673,17.584,17.7008,17.8102,17.8967,17.9672,18,18,18,18,18,18,18,18,18,18,18,18,17.989,17.9736,17.9589,17.9484,17.9473,17.943,17.9335,17.9333,17.9524,17.9833,17.9434,17.8431,17.7486,17.6992,17.6772,17.6278,17.5464,17.497,17.475,17.4256,17.3442,17.2948,17.2728,17.2234,17.1422,17.0928,17.0818,17.0708,17.0214,16.94,16.8906,16.8686,16.8192,16.7989,16.8082,16.8237,16.8285,16.8655,16.9223,16.9526,16.9583,16.9791,17.0004,17.0418,17.0773,17.1287,17.1861,17.2535,17.3057,17.3337,17.3632,17.3869,17.397,17.3967,17.381,17.3555,17.3033,17.2307,17.156,17.0956,17.0247,16.9145,16.8071,16.6743,16.5221,16.412

Time pixel : 79.9011,79.8906,79.9368,80.0269,80.128,80.2235,80.2999,80.3603,80.4367,80.5268,80.6087,80.6937,80.8108,80.9311,81.0376,81.1387,81.2398,81.3409,81.4419,81.543,81.6441,81.7452,81.8462,81.9473,82.0484,82.1495,82.245,82.3214,82.3818,82.4582,82.5593,82.6905,82.857,83.0289,83.1849,83.3267,83.4277,83.4936,83.57,83.6656,83.7667,83.8677,83.9688,84.0699,84.171,84.272,84.3731,84.4742,84.5753,84.6763,84.7774,84.8785,84.9796,85.0806,85.1817,85.2828,85.3839,85.4849,85.5805,85.6569,85.7173,85.7992,85.9194,86.0612,86.1925,86.3237,86.4655,86.5913,86.6978,86.8044,86.9302,87.0665,87.1675,87.2334,87.3043,87.3807,87.4602,87.5527,87.6322,87.7086,87.7795,87.8344,87.8806,87.9108,87.9409,87.9816,88.0118,88.0475,88.1129,88.1838,88.2387,88.2904,88.3452,88.4161,88.487,88.5419,88.5936,88.6485,88.7249,88.8204,88.916,88.9924,89.0473,89.099,89.1483,89.2,89.2494,89.3011,89.3505,89.3967,89.4269,89.4626,89.5335,89.629,89.7246,89.801,89.8614,89.9323,90.0031,90.0635,90.1399,90.2355,90.3366,90.4376,90.5387,90.6398,90.7409,90.8364,90.9128,90.9732,91.0441,91.115,91.1754,91.2517,91.3418,91.4182,91.4731,91.5193,91.5495,91.5797,91.6203,91.6505,91.6807,91.7214,91.7516,91.7818,91.8225,91.8472,91.8582,91.8829,91.9291,91.9784,92.0302,92.0795,92.1257,92.1504,92.1614,92.1861,92.2268,92.2515,92.2625,92.2872,92.3279,92.3526,92.3636,92.3883,92.4289,92.4536,92.4591,92.4646,92.4893,92.53,92.5547,92.5657,92.5904,92.6311,92.6613,92.6915,92.7322,92.7569,92.7679,92.7926,92.8388,92.8881,92.9343,92.9645,93.0002,93.0656,93.131,93.1667,93.1969,93.2431,93.2979,93.3688,93.4397,93.4946,93.5463,93.6012,93.6776,93.7676,93.844,93.9044,93.9753,94.0462,94.1065,94.1829,94.273,94.3439

Position pixel : 60.6903,60.6958,60.7205,60.7612,60.7859,60.7969,60.8216,60.8623,60.887,60.898,60.9227,60.9634,60.988,60.9935,60.9935,60.9935,60.9935,60.9935,60.9935,60.9935,60.9935,60.9935,60.9935,60.9935,60.9935,60.9935,60.9991,61.0237,61.0644,61.0891,61.0946,61.0891,61.0644,61.0182,60.9689,60.9172,60.8678,60.8216,60.7969,60.7914,60.7914,60.7914,60.7914,60.7914,60.7914,60.7914,60.7914,60.7914,60.7914,60.7969,60.8216,60.8623,60.8925,60.9227,60.9689,61.0182,61.0699,61.1193,61.171,61.2259,61.2968,61.3677,61.428,61.5044,61.6,61.7011,61.8022,61.9032,62.0043,62.1109,62.2366,62.3784,62.5042,62.6052,62.6816,62.742,62.8184,62.914,63.0151,63.1161,63.2117,63.2881,63.3485,63.4194,63.4902,63.5506,63.6215,63.6869,63.7226,63.7528,63.799,63.8483,63.8945,63.9247,63.9604,64.0313,64.1269,64.228,64.329,64.4356,64.5614,64.6976,64.7987,64.8646,64.941,65.0311,65.1074,65.1623,65.214,65.2689,65.3398,65.4052,65.4409,65.4711,65.5173,65.5666,65.6183,65.6732,65.7441,65.8095,65.8397,65.8452,65.8452,65.8452,65.8452,65.8452,65.8452,65.8397,65.815,65.7743,65.7441,65.7139,65.6677,65.6128,65.5364,65.4464,65.37,65.3096,65.2387,65.1678,65.1074,65.0366,64.9657,64.9053,64.8344,64.7635,64.7031,64.6268,64.5312,64.4301,64.329,64.228,64.1269,64.0258,63.9247,63.8237,63.7281,63.6517,63.5913,63.5149,63.4194,63.3183,63.2172,63.1161,63.0151,62.914,62.8129,62.7118,62.6108,62.5097,62.4086,62.3075,62.2065,62.1054,62.0043,61.9032,61.8022,61.7011,61.6,61.4989,61.4034,61.3215,61.2419,61.1495,61.0699,60.9935,60.9227,60.8623,60.7859,60.6958,60.6194,60.5591,60.4827,60.3871,60.2915,60.2151,60.1603,60.1086,60.0592,60.0075,59.9581,59.9119,59.8817,59.8515,59.8108,59.7806,59.7505,59.7098

Brightness max : 24.75
Brightness min :  0.00
Feature direction : Ambiguous
Feature speed : Slow
Feature type : Curve
Start frame : 5
End frame : 107
Start time (s) : 26.210
End time (s) : 177.410
Time step (s) : 1.482

Feature number : 3

Time (s) : 140.1565,141.2203,142.2841,143.3479,144.4117,145.4755,146.5393,147.6031,148.6669,149.7307,150.7945,151.8583,152.9221,153.986,155.0498,156.1136,157.1774,158.2412

Position (um) : 7.7518,7.8359,7.92,8.0041,8.0882,8.1723,8.2564,8.3405,8.4246,8.5087,8.5928,8.6769,8.761,8.8451,8.9292,9.0133,9.0974,9.1815

Intensity : 15.5575,18.0908,20.9526,19.575,18.1971,17.3523,17.3247,18,18.2912,19.0154,20.3073,21,21.0529,20.9824,19.9389,20.6226,22.5559,24.8375

Time pixel : 94.55,95.26765,95.98529,96.70294,97.42059,98.13824,98.85588,99.57353,100.2912,101.0088,101.7265,102.4441,103.1618,103.8794,104.5971,105.3147,106.0324,106.75

Position pixel : 72.65,73.4382,74.2265,75.0147,75.8029,76.5912,77.3794,78.1676,78.9559,79.7441,80.5324,81.3206,82.1088,82.8971,83.6853,84.4735,85.2618,86.05

Brightness max : 24.75
Brightness min :  0.00
Feature direction : Poleward
Feature speed : Slow
Feature type : Line
Start frame : 5
End frame : 107
Start time (s) : 26.210
End time (s) : 177.410
Time step (s) : 1.482

