KYMOANALYSIS DATA

General Information :

Tiff path : E:\Google Drive\microtubule dynamics and cut7\20-15 screens and tests\PA-GFP\19-05-09 (PA-GFP bipoles with mCh MTs)\
Spindle type : Bipolar
Start frame : 5
End frame : 109
Start time (s) : 28.170
End time (s) : 331.300
Time step (s) : 2.915
Num poles : 2
Num tracks : 4
Num tracks poleward : 4
Num tracks antipoleward : 0
Num tracks ambiguous : 0
Comments : {

}
Poles Information :


Pole number : 1

Time (s) : 14.17218,14.50151,15.13561,15.93632,16.61896,17.23058,18.00043,18.8335,19.5578,20.30367,21.0897,21.84487,22.55837,23.13613,23.57035,24.04473,24.66953,25.38454,26.31711,27.55054,28.74621,29.65331,30.26342,30.68148,31.08333,31.58857,32.15014,32.70391,33.33952,34.1564,34.97479,35.78779,36.75661,37.67151,38.37034,38.90793,39.3823,39.95227,40.79614,41.95016,43.0964,44.05444,45.01548,45.98817,47.0472,48.15418,49.07596,49.63902,49.96836,50.17664,50.28151,50.37024,50.4898,50.57849,50.68337,50.89165,51.20481,51.69535,52.48139,53.42713,54.22934,54.80861,55.3462,55.90778,56.42919,56.88739,57.33631,57.81068,58.38843,59.01323,59.56012,60.09774,60.67549,61.25325,61.75848,62.14416,62.45731,62.75429,63.05127,63.34822,63.6452,63.94218,64.23913,64.53611,64.83309,65.13005,65.42703,65.72401,66.02096,66.31794,66.61492,66.94425,67.40244,68.04342,68.76624,69.4959,70.16238,70.75631,71.27773,71.75212,72.27354,72.83511,73.34035,73.75838,74.23275,74.84137,75.40295,75.80483,76.15034,76.62471,77.3382,78.19676,79.05531,79.78501,80.3319,80.79697,81.23899,81.70406,82.21859,82.78708,83.33396,83.96028,84.77867,85.83079,87.13825,88.62309,90.23682,91.83973,93.08394,93.9362,94.69137,95.43573,95.96644,96.32816,96.69765,97.11417,97.48366,97.79682,98.0938,98.40696,98.80881,99.4513,100.4387,101.5834,102.4836,103.1423,103.72,104.2253,104.6109,104.9241,105.2211,105.5181,105.815,106.1444,106.6349,107.4209,108.3829,109.2738,110.0451,110.7586,111.3364,111.7544,112.1725,112.734,113.3589,113.9219,114.5806,115.4955,116.5368,117.4525,118.3018,119.1427,119.887,120.5049,121.0719,121.5124,121.8402,122.168,122.6085,123.1754,123.7932,124.5052,125.201,125.7463,126.226,126.7713,127.4832,128.2838,129.1261,130.0462,130.9031,131.6327,132.37,133.1289,133.7305,134.1939,134.5778,135.0103,135.6427,136.3853,136.9868,137.5148,138.2373,139.317,140.3805,141.0628,141.5839,142.1906,142.7664,143.2551,143.7746,144.3827,145.1683,146.314,147.8771,149.727,151.7429,153.9029,155.7482,157.2486,158.6494,160.0218,161.5114,163.1228,164.7651,166.1737,167.1201,167.7927,168.4406,169.0792,169.6076,170.0702,170.5098,170.9401,171.3234,171.7066,172.1369,172.6249,173.2728,174.0146,174.6154,175.0942,175.5984,176.3187,177.2126,178.0795,179.0635,180.1842,181.281,182.2582,183.1306,183.8256,184.2251,184.4326,184.6548,184.9333,185.2443,185.6117,186.0262,186.426,186.8984,187.5375,188.2584,189.0187,189.8446,190.7648,191.6379,192.3916,193.0473,193.5928,194.1777,194.9557,195.8347,196.5094,197.006,197.4472,197.96,198.7562,200.0538,201.6425,203.1162,204.1534,204.9894,205.9758,207.197,208.5099,209.5553,210.3337,210.9116,211.3138,211.6272,211.9245,212.2219,212.5193,212.8168,213.1304,213.5329,214.1274,214.8817,215.596,216.1436,216.5933,216.9636,217.2776,217.5917,217.9621,218.412,218.9437,219.5696,220.1484,220.6401,221.1465,221.6529,222.1609,222.9095,224.1065,225.5495,226.8043,227.776,228.46,228.952,229.4023,229.8458,230.2962,230.7397,231.1901,231.6336,232.1165,232.7698,233.7495,234.8488,235.783,236.6354,237.4956,238.2994,238.9675,239.5068,239.9829,240.4898,240.9967,241.4728,242.0121,242.6802,243.5165,244.5056,245.4761,246.1698,246.6366,246.9514,247.2192,247.5811,248.0248,248.5318,249.0387,249.5471,250.2638,251.3808,252.8752,254.5445,256.1691,257.661,258.7549,259.4152,259.8187,260.1335,260.432,260.7306,261.0292,261.3277,261.6263,261.9248,262.2233,262.5218,262.8203,263.1188,263.4496,263.9093,264.5194,265.1148,265.7117,266.5477,267.6399,268.6665,269.3197,269.7554,270.1733,270.5603,270.9959,271.6476,272.4496,273.1013,273.5044,273.7626,274.0138,274.3591,274.7137,275.0282,275.3264,275.6247,275.9229,276.2211,276.5193,276.8175,277.1157,277.4139,277.7606,278.3087,279.1754,280.3012,281.6338,282.8846,283.7551,284.3733,284.8326,285.268,285.8631,286.6988,287.7922,289.043,290.1202,290.8995,291.4638,291.9862,292.4764,292.8632,293.1774,293.4756,293.7735,294.0877,294.4745,295.0455,295.9307,297.0928,298.1861,299.1427,300.1395,301.3124,302.5561,303.5678,304.2367,304.8077,305.4752,306.2785,307.122,307.8364,308.3281,308.7793,309.4144,310.1276,310.5707

Position (um) : 2.3397,2.3397,2.3397,2.3397,2.3397,2.3397,2.3392,2.3359,2.3289,2.3218,2.3186,2.318,2.318,2.318,2.318,2.318,2.318,2.318,2.318,2.318,2.3174,2.3142,2.3071,2.3001,2.2969,2.2963,2.2963,2.2963,2.2963,2.2957,2.2924,2.2854,2.2784,2.2751,2.2745,2.2745,2.2745,2.2745,2.2751,2.2778,2.2821,2.2848,2.2854,2.2854,2.2854,2.2854,2.2854,2.2854,2.2848,2.2816,2.2733,2.2604,2.2452,2.2322,2.224,2.2208,2.2202,2.2202,2.2202,2.2202,2.2202,2.2202,2.2202,2.2202,2.2202,2.2202,2.2202,2.2202,2.2202,2.2202,2.2202,2.2208,2.2234,2.2278,2.2304,2.231,2.231,2.231,2.231,2.231,2.231,2.231,2.231,2.231,2.231,2.231,2.231,2.231,2.231,2.231,2.231,2.231,2.231,2.231,2.231,2.231,2.231,2.231,2.231,2.231,2.231,2.231,2.231,2.231,2.231,2.231,2.231,2.231,2.231,2.2304,2.2278,2.2228,2.2175,2.2125,2.2099,2.2093,2.2093,2.2093,2.2093,2.2093,2.2093,2.2093,2.2087,2.2055,2.1984,2.1914,2.1881,2.187,2.1843,2.1799,2.1773,2.1761,2.1734,2.1691,2.1664,2.1658,2.1658,2.1658,2.1658,2.1658,2.1652,2.1626,2.1582,2.1555,2.1549,2.1549,2.1549,2.1549,2.1549,2.1549,2.1549,2.1549,2.1549,2.1549,2.1549,2.1549,2.1549,2.1549,2.1549,2.1549,2.1549,2.1549,2.1543,2.1517,2.1473,2.1447,2.1441,2.1441,2.1441,2.1441,2.1449,2.1476,2.1521,2.1549,2.1557,2.1558,2.1559,2.1561,2.1562,2.1563,2.1565,2.1566,2.1567,2.1569,2.157,2.1572,2.1573,2.1574,2.157,2.1545,2.1503,2.1477,2.1473,2.1474,2.1476,2.1477,2.1479,2.148,2.1482,2.1483,2.1485,2.1481,2.1456,2.1413,2.1389,2.1384,2.1386,2.1387,2.1389,2.1391,2.1393,2.1394,2.1396,2.1392,2.1367,2.1319,2.1268,2.1214,2.1157,2.1077,2.0982,2.0908,2.0871,2.0835,2.0766,2.0698,2.0662,2.0631,2.059,2.0559,2.0529,2.0487,2.0463,2.0459,2.0461,2.0463,2.046,2.0435,2.0393,2.0363,2.0333,2.0291,2.0261,2.0231,2.0183,2.0121,2.0008,1.9843,1.9699,1.963,1.9588,1.9513,1.9419,1.9344,1.9314,1.931,1.9312,1.9314,1.9315,1.9311,1.9286,1.9244,1.9219,1.9215,1.9217,1.9218,1.9214,1.9188,1.9146,1.9121,1.911,1.9084,1.9047,1.9048,1.9087,1.9114,1.9127,1.9154,1.9192,1.9193,1.9155,1.9129,1.9117,1.909,1.9047,1.902,1.9014,1.9008,1.8981,1.8937,1.891,1.8904,1.8898,1.8871,1.8827,1.8794,1.8755,1.8684,1.8613,1.8574,1.8535,1.8464,1.8393,1.8354,1.8315,1.8244,1.8172,1.8133,1.81,1.8055,1.8022,1.7982,1.7911,1.7833,1.7761,1.7652,1.7498,1.7341,1.7214,1.7154,1.714,1.7133,1.7105,1.7054,1.7,1.6949,1.6915,1.6881,1.6836,1.6808,1.6801,1.6794,1.676,1.6682,1.6584,1.6506,1.6472,1.6465,1.6457,1.6429,1.6384,1.6356,1.6342,1.6309,1.6237,1.6159,1.6098,1.6041,1.5987,1.5936,1.5902,1.5862,1.5784,1.5686,1.5596,1.5497,1.5337,1.513,1.4911,1.4698,1.4518,1.4408,1.4368,1.4361,1.4359,1.4358,1.4356,1.4355,1.4353,1.4352,1.4351,1.4349,1.4348,1.4347,1.4345,1.4344,1.4343,1.4341,1.434,1.4339,1.4338,1.4336,1.4335,1.4334,1.4333,1.4331,1.4324,1.4291,1.4219,1.4148,1.4114,1.4101,1.4073,1.4028,1.4001,1.3993,1.3986,1.3959,1.3914,1.3886,1.3879,1.3878,1.3877,1.3876,1.3875,1.3874,1.3873,1.3872,1.3865,1.3837,1.3786,1.3732,1.3682,1.3654,1.3647,1.364,1.3601,1.3497,1.3349,1.3219,1.313,1.307,1.3013,1.2959,1.2903,1.2849,1.2798,1.277,1.2764,1.2763,1.2756,1.2728,1.2684,1.265,1.2611,1.254,1.2462,1.2397,1.2319,1.2248,1.2209,1.217,1.2098,1.2015,1.1923,1.1796,1.1666,1.1556,1.1479,1.1446

Intensity : 833.23473,883.12642,974.43695,1088.9705,1186.6162,1274.1025,1307.3559,1299.1767,1288.6585,1279.7184,1274.9815,1272.636,1270.87,1269.4399,1267.2205,1263.8974,1259.5204,1254.5116,1245.2221,1196.4405,1148.8393,1112.5508,1086.6169,1068.0399,1052.0041,1033.4905,1015.0088,1006.3208,996.34872,983.33624,969.5408,957.52036,943.84874,932.01875,920.14576,909.93885,900.93227,890.11053,874.12187,852.29096,830.28582,816.62752,812.2689,807.91265,801.57352,792.32518,784.62411,779.16214,773.83071,771.57062,773.00997,776.61489,780.72704,774.5381,766.59219,760.98867,755.88161,748.59969,737.02563,728.36553,721.01964,715.71527,710.79257,712.44625,714.3796,716.07854,717.74312,719.50204,720.98925,718.96141,717.18643,715.78341,715.38003,715.95441,717.15442,717.30915,717.16314,717.02467,716.8862,716.74775,716.60928,716.47081,717.53159,720.47717,723.42275,726.36804,729.31362,732.2592,735.20448,738.15006,741.09564,744.36212,742.58196,737.80445,732.41692,726.97833,723.44044,723.07051,722.74576,722.45028,722.12552,721.77575,708.43081,696.6439,683.26835,666.10739,650.27288,639.5269,638.84747,637.4859,634.24598,629.40222,619.69464,605.65957,596.04492,588.84392,582.28792,576.09089,572.3737,568.26674,564.31581,559.79109,553.24669,542.66641,528.14377,534.16221,548.65196,567.63208,581.48678,584.01993,585.83904,588.48385,589.64856,587.64341,583.63406,580.12597,577.22607,574.76835,572.43758,569.97986,566.6429,564.03784,564.40938,565.85865,568.99736,572.43569,575.45164,578.0892,580.10232,581.73704,582.84618,583.94698,585.04767,586.26839,588.08678,591.00024,591.06221,588.56857,586.40959,584.41254,581.59927,579.56326,577.5464,574.90385,572.0267,569.95323,568.25112,565.8584,563.135,558.0015,553.13662,548.57033,545.17514,542.47531,539.79195,537.66015,536.07603,534.49289,532.23077,529.10175,525.69231,521.76368,517.92721,515.39244,513.2943,510.90466,507.77721,504.73394,511.99609,519.63409,526.37626,530.68367,534.54416,538.59257,541.79838,544.55753,547.55993,550.94039,555.87868,561.67625,566.37126,571.78663,579.30857,590.91515,603.44613,612.12019,618.6822,626.32561,633.57505,641.60052,650.37763,660.6508,673.91806,682.60554,680.53741,673.36073,659.08973,622.26119,595.78474,575.8677,557.68153,540.71925,534.64341,531.42488,526.29563,522.71312,525.52429,527.54803,529.65563,531.36454,530.31257,529.65677,528.80186,527.63235,526.49756,525.36172,525.22782,527.26509,530.17978,533.23619,535.86196,537.25261,536.57885,534.88228,532.69113,530.58005,528.39968,526.31954,527.70842,531.68368,535.46572,536.80544,535.22396,534.48463,533.74301,532.81143,531.76369,530.52329,529.12091,527.79586,526.1246,523.74522,520.89303,517.7865,509.8525,495.30711,481.53001,469.5287,467.15445,465.43572,463.99149,461.8139,454.91179,448.32975,444.16237,440.24036,435.29803,431.7036,428.68473,423.60276,417.04987,412.6788,409.97901,406.65547,403.96611,407.67302,410.81266,410.89367,409.83446,409.12625,408.66323,408.26467,407.87931,407.56578,407.55575,408.68486,410.17439,412.57031,415.69525,418.58641,415.44369,412.28832,409.78765,407.4668,405.13803,402.59669,399.35774,396.33965,393.2116,390.31005,387.89739,385.43426,382.99717,380.65439,377.22575,371.61861,370.66892,371.04535,373.29657,376.94713,379.74276,382.32923,384.75901,386.90005,387.40424,387.96015,388.67664,389.48749,390.59131,394.71757,401.2476,406.7956,408.7343,409.25827,410.50204,412.16383,415.40578,418.28137,421.39014,425.01417,429.09543,433.17285,436.27777,440.83378,447.64177,454.55937,459.87713,464.38087,467.61147,469.35813,471.4481,472.24997,472.24102,472.41649,472.42837,472.05565,470.73738,469.86046,462.90391,444.9849,435.37787,430.17687,427.46377,423.54347,420.54095,417.69149,414.84097,411.98835,409.13674,406.28569,403.43252,400.57883,398.42409,396.62838,394.83197,392.8454,390.09381,386.44784,382.89221,385.61761,391.74948,399.76489,406.36436,409.96206,412.35652,414.65512,416.70852,418.70966,424.13945,431.46555,437.72717,441.69566,444.02092,445.36372,440.5551,435.86956,431.71866,427.62896,423.46026,419.46863,415.63243,411.83562,408.04002,406.19275,405.0614,403.74791,401.67544,398.40295,389.33926,371.23502,356.64947,357.10885,357.46564,357.81217,358.21611,359.06193,360.9498,363.79858,369.43424,377.18841,383.19337,387.70829,391.52791,395.25856,398.51848,401.38167,404.0236,405.77511,407.78397,409.87522,410.76396,411.96582,413.33011,414.26976,414.95278,415.43111,412.37529,409.40709,407.09409,405.7911,404.89658,404.04881,402.06504,396.27445,391.66568,389.27488,386.15908,381.8378,377.461,374.7831

Time pixel : 4.862291,4.975281,5.192832,5.467545,5.701752,5.911591,6.175716,6.461532,6.71003,6.965929,7.235605,7.494692,7.739487,7.937709,8.086684,8.249436,8.463798,8.709108,9.02906,9.452234,9.862455,10.17367,10.38299,10.52642,10.66429,10.83763,11.0303,11.22029,11.43836,11.71862,11.9994,12.27833,12.61072,12.92461,13.16437,13.34881,13.51156,13.70711,13.99663,14.39256,14.78582,15.11451,15.44423,15.77795,16.14129,16.52108,16.83733,17.03051,17.1435,17.21496,17.25094,17.28138,17.3224,17.35283,17.38881,17.46027,17.56771,17.73601,18.00569,18.33016,18.60539,18.80413,18.98857,19.18124,19.36013,19.51733,19.67135,19.8341,20.03232,20.24668,20.43431,20.61876,20.81698,21.0152,21.18854,21.32086,21.4283,21.53019,21.63208,21.73396,21.83585,21.93774,22.03962,22.14151,22.2434,22.34528,22.44717,22.54906,22.65094,22.75283,22.85472,22.96771,23.12491,23.34482,23.59281,23.84315,24.07181,24.27558,24.45447,24.61723,24.79612,24.98879,25.16213,25.30555,25.4683,25.67711,25.86978,26.00766,26.1262,26.28895,26.53374,26.8283,27.12286,27.37321,27.56084,27.7204,27.87205,28.03161,28.20814,28.40318,28.59081,28.80569,29.08647,29.44744,29.89601,30.40544,30.95909,31.50903,31.9359,32.2283,32.48739,32.74277,32.92485,33.04895,33.17572,33.31862,33.44539,33.55283,33.65472,33.76216,33.90003,34.12046,34.45922,34.85196,35.16081,35.38679,35.58501,35.75836,35.89067,35.99811,36.1,36.20189,36.30377,36.41676,36.58507,36.85474,37.18477,37.49043,37.75507,37.99986,38.19809,38.34151,38.48493,38.6776,38.89197,39.08515,39.31113,39.62502,39.98229,40.29645,40.58782,40.87631,41.13169,41.34369,41.5382,41.68933,41.8018,41.91426,42.06539,42.25989,42.47187,42.71613,42.95484,43.14194,43.30651,43.4936,43.73785,44.01253,44.30149,44.61719,44.91118,45.16148,45.41445,45.67481,45.8812,46.04019,46.17192,46.32031,46.53726,46.79205,46.99841,47.17957,47.42745,47.79788,48.16275,48.39683,48.5756,48.78376,48.98133,49.14898,49.3272,49.53585,49.80536,50.19844,50.73473,51.3694,52.06103,52.80209,53.4352,53.94996,54.43058,54.90143,55.41247,55.96534,56.5288,57.01206,57.33677,57.56751,57.7898,58.00891,58.19017,58.34891,58.49973,58.64736,58.77884,58.91032,59.05794,59.22539,59.44765,59.70218,59.90829,60.07255,60.24556,60.49269,60.79935,61.09677,61.43438,61.81889,62.19518,62.53045,62.82974,63.06818,63.20526,63.27644,63.35267,63.44825,63.55495,63.68098,63.82318,63.96036,64.12243,64.34169,64.58904,64.84987,65.13325,65.44893,65.7485,66.00707,66.23204,66.41921,66.61987,66.88678,67.18836,67.41986,67.59021,67.74158,67.91754,68.1907,68.6359,69.18096,69.68657,70.04242,70.32922,70.66766,71.08663,71.53707,71.89572,72.16278,72.36107,72.49903,72.60657,72.70858,72.8106,72.91264,73.01469,73.12231,73.26038,73.46436,73.72316,73.9682,74.15609,74.31037,74.43742,74.54516,74.6529,74.77999,74.93434,75.11677,75.3315,75.53009,75.69878,75.87252,76.04627,76.22054,76.47738,76.88804,77.38312,77.81364,78.14701,78.38169,78.55048,78.70499,78.85713,79.01165,79.16382,79.31835,79.47052,79.63617,79.86033,80.19645,80.5736,80.89411,81.18655,81.48167,81.75746,81.98668,82.1717,82.33503,82.50894,82.68286,82.8462,83.03122,83.26046,83.54737,83.88673,84.2197,84.45768,84.61783,84.72585,84.81773,84.9419,85.09413,85.26805,85.44197,85.6164,85.86229,86.24553,86.75821,87.33093,87.88833,88.40017,88.77549,89.00203,89.14045,89.24845,89.35088,89.45332,89.55575,89.65817,89.7606,89.86302,89.96543,90.06785,90.17026,90.27266,90.38617,90.54388,90.7532,90.95748,91.16226,91.44909,91.82382,92.17603,92.40013,92.54959,92.69298,92.82577,92.97521,93.19879,93.47396,93.69753,93.83585,93.92442,94.01061,94.12909,94.25075,94.35863,94.46095,94.56327,94.66559,94.76791,94.87022,94.97253,95.07484,95.17714,95.2961,95.48414,95.78147,96.16774,96.62494,97.05406,97.35272,97.56481,97.72241,97.87178,98.07594,98.36267,98.73781,99.16692,99.5365,99.80389,99.99746,100.1767,100.3449,100.4776,100.5854,100.6877,100.7899,100.8977,101.0304,101.2263,101.53,101.9287,102.3038,102.632,102.974,103.3764,103.8031,104.1502,104.3797,104.5756,104.8046,105.0802,105.3696,105.6147,105.7834,105.9382,106.1561,106.4008,106.5528

Position pixel : 21.9283,21.9283,21.9283,21.9283,21.9283,21.9283,21.9228,21.8923,21.8264,21.7605,21.7301,21.7245,21.7245,21.7245,21.7245,21.7245,21.7245,21.7245,21.7245,21.7245,21.719,21.6885,21.6226,21.5567,21.5263,21.5208,21.5208,21.5208,21.5208,21.5152,21.4848,21.4189,21.353,21.3225,21.317,21.317,21.317,21.317,21.3225,21.3474,21.3884,21.4133,21.4189,21.4189,21.4189,21.4189,21.4189,21.4189,21.4133,21.3829,21.3059,21.1847,21.0418,20.9205,20.8435,20.8131,20.8075,20.8075,20.8075,20.8075,20.8075,20.8075,20.8075,20.8075,20.8075,20.8075,20.8075,20.8075,20.8075,20.8075,20.8075,20.8131,20.838,20.879,20.9039,20.9094,20.9094,20.9094,20.9094,20.9094,20.9094,20.9094,20.9094,20.9094,20.9094,20.9094,20.9094,20.9094,20.9094,20.9094,20.9094,20.9094,20.9094,20.9094,20.9094,20.9094,20.9094,20.9094,20.9094,20.9094,20.9094,20.9094,20.9094,20.9094,20.9094,20.9094,20.9094,20.9094,20.9094,20.9039,20.879,20.8324,20.7827,20.7361,20.7112,20.7057,20.7057,20.7057,20.7057,20.7057,20.7057,20.7057,20.7001,20.6697,20.6038,20.5379,20.5074,20.4963,20.4715,20.4304,20.4056,20.3944,20.3696,20.3285,20.3037,20.2981,20.2981,20.2981,20.2981,20.2981,20.2926,20.2677,20.2267,20.2018,20.1962,20.1962,20.1962,20.1962,20.1962,20.1962,20.1962,20.1962,20.1962,20.1962,20.1962,20.1962,20.1962,20.1962,20.1962,20.1962,20.1962,20.1962,20.1907,20.1658,20.1248,20.0999,20.0943,20.0943,20.0943,20.0949,20.1017,20.1278,20.1701,20.1962,20.203,20.2043,20.2055,20.2068,20.208,20.2093,20.2106,20.2119,20.2132,20.2145,20.2158,20.2171,20.2184,20.2197,20.2155,20.1919,20.1523,20.1287,20.1246,20.1259,20.1273,20.1287,20.1301,20.1315,20.1329,20.1344,20.1358,20.1318,20.1084,20.0688,20.0455,20.0414,20.043,20.0445,20.0461,20.0477,20.0493,20.0509,20.0526,20.0487,20.0255,19.9806,19.9325,19.8821,19.8286,19.7534,19.6644,19.5947,19.5606,19.5264,19.4624,19.3984,19.3643,19.3358,19.2967,19.2682,19.2397,19.2007,19.1778,19.1743,19.1763,19.1783,19.1748,19.1519,19.1129,19.0846,19.0562,19.0172,18.9888,18.9604,18.9159,18.8571,18.7516,18.597,18.4616,18.3972,18.3576,18.2881,18.1992,18.1296,18.101,18.0973,18.0991,18.1009,18.1026,18.0987,18.0754,18.036,18.0126,18.0086,18.01,18.0114,18.0071,17.9835,17.9436,17.9199,17.9098,17.8859,17.8513,17.8522,17.8884,17.914,17.9257,17.9511,17.987,17.9874,17.9522,17.9275,17.9165,17.8917,17.8507,17.8257,17.8201,17.8144,17.7893,17.7481,17.723,17.7171,17.7112,17.686,17.6446,17.6137,17.5772,17.5108,17.4444,17.4078,17.3712,17.3047,17.2381,17.2014,17.1647,17.098,17.0313,16.9945,16.9632,16.9212,16.8899,16.8529,16.7861,16.7136,16.6461,16.5432,16.3992,16.252,16.1329,16.0764,16.0641,16.0574,16.0313,15.9835,15.9325,15.8847,15.853,15.8213,15.779,15.7528,15.7459,15.739,15.7073,15.6344,15.5423,15.4695,15.4377,15.4307,15.4238,15.3975,15.3551,15.3288,15.3163,15.2845,15.2172,15.1443,15.0876,15.0341,14.9829,14.9349,14.9031,14.8657,14.7929,14.7007,14.6167,14.524,14.3742,14.1802,13.975,13.7754,13.6063,13.503,13.4657,13.4588,13.4575,13.4562,13.4549,13.4535,13.4522,13.451,13.4497,13.4484,13.4471,13.4459,13.4446,13.4434,13.4422,13.4409,13.4397,13.4385,13.4373,13.4361,13.435,13.4338,13.4326,13.4315,13.4248,13.3932,13.3262,13.2592,13.2277,13.2154,13.1895,13.1474,13.1214,13.1148,13.1082,13.0823,13.0402,13.0143,13.0077,13.0067,13.0056,13.0046,13.0036,13.0026,13.0016,13.0006,12.9941,12.9683,12.9207,12.87,12.8225,12.7966,12.7901,12.7836,12.7467,12.6494,12.5111,12.389,12.3055,12.2493,12.1963,12.1456,12.0925,12.0419,11.9944,11.9686,11.9622,11.9613,11.9548,11.9291,11.8872,11.8559,11.819,11.7522,11.6799,11.6182,11.5458,11.4791,11.4422,11.4054,11.3386,11.2607,11.1741,11.0553,10.9332,10.8305,10.7582,10.7269

Pole type : Curve
Start frame : 5
End frame : 109
Start time (s) : 28.170
End time (s) : 331.300
Time step (s) : 2.915

Pole number : 2

Time (s) : 13.85902,14.09965,14.54166,15.16647,15.83293,16.4994,17.1242,17.61476,18.10531,18.71394,19.27551,19.67737,19.99052,20.28749,20.60064,20.98632,21.47538,21.96443,22.3501,22.66326,22.96023,23.2572,23.55417,23.85114,24.16429,24.53378,24.95032,25.33599,25.72166,26.15438,26.62876,27.23888,27.99255,28.73842,29.44654,30.25564,31.17202,32.27119,33.44139,34.4372,35.29724,36.1465,36.90168,37.60048,38.314,39.01283,39.80036,40.79465,41.86147,42.85725,43.8045,44.65376,45.28937,45.82696,46.31602,46.71787,47.11972,47.60878,48.09784,48.48352,48.82903,49.30339,50.00074,50.91622,52.31627,54.42204,56.74325,58.8505,60.44266,61.68596,62.68956,63.43543,63.9098,64.27152,64.72971,65.37068,66.10968,66.91187,67.69791,68.41291,69.16809,69.98496,70.65144,71.15816,71.6634,72.18484,72.78026,73.63882,74.69633,75.75778,76.84765,77.93216,79.17788,80.72445,82.28962,83.61325,84.59286,85.29169,85.8131,86.19878,86.51193,86.85744,87.37198,88.02767,88.54217,88.88771,89.18466,89.49782,89.86732,90.28386,90.65336,90.96649,91.26347,91.56045,91.8736,92.25928,92.76451,93.34227,93.92002,94.42526,94.81093,95.14027,95.50976,95.9263,96.29577,96.62511,96.9946,97.41115,97.78064,98.10998,98.49565,98.98471,99.47377,99.85945,100.1726,100.4696,100.7665,101.0635,101.3605,101.6574,101.9544,102.2514,102.5484,102.8615,103.231,103.6637,104.1057,104.5546,104.9966,105.4455,105.9037,106.3928,106.8093,107.0754,107.3161,107.613,108.0149,108.5765,109.2336,109.9256,110.7185,111.5462,112.4533,113.4314,114.3547,115.2872,116.3447,117.3483,118.1667,118.7607,119.1625,119.4919,119.8775,120.3666,120.8718,121.33,121.7627,122.1322,122.4616,122.831,123.2961,123.9156,124.7325,125.4861,125.9767,126.3222,126.6917,127.1082,127.4777,127.7909,128.0878,128.3848,128.6818,128.9949,129.3644,129.7971,130.2715,130.8493,131.4741,132.0048,132.4537,132.8555,133.3299,133.9385,134.5001,134.902,135.2313,135.617,136.1222,136.7,137.3101,137.9766,138.69,139.3565,139.9505,140.4557,140.8576,141.2432,141.6759,142.1341,142.6394,143.1285,143.5141,143.8273,144.1242,144.4212,144.7182,145.0151,145.3121,145.6091,145.9384,146.3966,147.0053,147.583,148.0897,148.6675,149.2599,149.6618,149.9603,150.4253,151.132,151.9327,152.5266,152.9138,153.3951,154.1502,155.217,156.371,157.262,157.8898,158.5724,159.3893,160.1121,160.6497,161.0354,161.3485,161.6455,161.9587,162.3282,162.7609,163.2191,163.7405,164.3021,164.8235,165.2817,165.7144,166.0839,166.397,166.7102,167.0797,167.5286,168.0916,168.91,169.9283,170.8825,171.6793,172.4884,173.2675,173.9409,174.4716,174.9528,175.4997,176.2133,176.9669,177.5608,177.9627,178.2759,178.6214,179.1521,179.8803,180.5144,180.9486,181.3666,181.9606,182.7466,183.589,184.3025,184.7769,185.1385,185.6453,186.5362,187.7789,189.0864,190.2835,191.3896,192.3947,193.4699,194.6818,195.9329,197.1139,198.2038,199.1202,200.0033,201.0392,202.2418,203.3811,204.272,204.9145,205.4614,206.0622,206.738,207.5633,208.5036,209.5048,210.3727,211.0784,211.714,212.5084,213.5683,214.7616,215.823,216.7933,217.6519,218.3507,218.9608,219.571,220.2374,220.9671,221.7546,222.7019,223.7594,224.7321,225.6299,226.4414,227.1873,227.87,228.6173,229.7504,231.4914,233.4207,234.7629,235.4863,235.9607,236.3934,236.7629,237.0598,237.2843,237.4779,237.8072,238.3364,238.9049,239.3886,239.8683,240.2055,240.3427,240.48,240.8495,241.4743,242.2618,243.2816,244.4101,245.254,245.8656,246.5713,247.5279,248.7211,249.8536,250.7676,251.508,252.3426,253.2883,254.1067,254.7585,255.3995,255.9935,256.5889,257.4235,258.5466,259.7816,260.9302,261.875,262.5523,263.2742,264.2214,265.4578,267.023,268.7701,270.572,272.6238,274.6286,276.4227,278.4197,280.5935,282.5997,284.3507,285.9713,287.44,288.7004,289.7432,290.5709,291.2281,291.6863,292.0156,292.3126,292.6096,292.9066,293.2357,293.6779,294.2139,294.6721,295.1224,295.789,296.6946,297.6256,298.4764,299.2878,300.0646,300.6679,301.1331,301.5024,301.7994,302.0078

Position (um) : 4.1553,4.1553,4.1553,4.1553,4.1553,4.1553,4.1553,4.1553,4.1553,4.1553,4.1553,4.1553,4.1553,4.1553,4.1553,4.1553,4.1553,4.1553,4.1553,4.1553,4.1553,4.1553,4.1553,4.1553,4.1553,4.1553,4.1553,4.1553,4.1553,4.1553,4.1553,4.1553,4.1553,4.1558,4.1585,4.1629,4.1655,4.1661,4.1661,4.1667,4.17,4.177,4.184,4.1873,4.1879,4.1879,4.1879,4.1879,4.1879,4.1873,4.1846,4.1802,4.1776,4.177,4.177,4.177,4.177,4.177,4.177,4.177,4.177,4.177,4.177,4.1776,4.1808,4.1891,4.2014,4.2134,4.2193,4.2205,4.2205,4.2205,4.2205,4.2205,4.2205,4.2205,4.2205,4.2205,4.2205,4.2211,4.2237,4.2281,4.2308,4.2314,4.232,4.2346,4.239,4.2416,4.2422,4.2428,4.2461,4.2531,4.2601,4.264,4.2672,4.2716,4.2743,4.2749,4.2749,4.2749,4.2749,4.2749,4.2749,4.2749,4.2749,4.2749,4.2749,4.2749,4.2749,4.2749,4.2749,4.2749,4.2749,4.2749,4.2749,4.2749,4.2749,4.2749,4.2749,4.2749,4.2749,4.2749,4.2749,4.2749,4.2749,4.2749,4.2749,4.2749,4.2749,4.2749,4.2749,4.2749,4.2749,4.2749,4.2749,4.2749,4.2749,4.2749,4.2749,4.2749,4.2749,4.2749,4.2749,4.2749,4.2749,4.2743,4.2716,4.2672,4.2646,4.2634,4.2607,4.2558,4.2504,4.2455,4.2422,4.239,4.2346,4.232,4.2314,4.2314,4.2314,4.2308,4.2281,4.2237,4.2211,4.2205,4.2205,4.2205,4.2205,4.2205,4.2205,4.2205,4.2205,4.2205,4.2205,4.2205,4.2205,4.2211,4.2237,4.2281,4.2308,4.2314,4.2314,4.2314,4.2308,4.2281,4.2237,4.2211,4.2205,4.2205,4.2205,4.2205,4.2205,4.2205,4.2205,4.2205,4.2211,4.2237,4.2287,4.234,4.239,4.2422,4.2461,4.2531,4.2607,4.2666,4.2722,4.2775,4.2825,4.2851,4.2863,4.289,4.2939,4.2992,4.3042,4.3069,4.3081,4.3107,4.3151,4.3183,4.3216,4.326,4.3292,4.3324,4.3368,4.3395,4.3401,4.3401,4.3401,4.3401,4.3401,4.3401,4.3401,4.3407,4.3433,4.3477,4.3509,4.3542,4.3598,4.3683,4.3803,4.3906,4.3977,4.4065,4.4188,4.432,4.4432,4.4538,4.4617,4.4685,4.4764,4.4864,4.4943,4.5005,4.5058,4.5108,4.5134,4.514,4.514,4.5146,4.5173,4.5222,4.5275,4.5331,4.5384,4.5434,4.5466,4.5499,4.5548,4.5602,4.5657,4.5716,4.5792,4.5863,4.5913,4.6004,4.6168,4.6318,4.6406,4.6445,4.6477,4.6521,4.6553,4.6586,4.663,4.6656,4.6662,4.6668,4.6695,4.6738,4.6765,4.6771,4.6765,4.6738,4.6695,4.6668,4.6668,4.6695,4.6744,4.6803,4.6885,4.6982,4.7059,4.7097,4.7135,4.7212,4.7308,4.7385,4.7423,4.7456,4.7517,4.7629,4.7793,4.7922,4.7993,4.8043,4.807,4.8075,4.8075,4.8075,4.8075,4.8081,4.8114,4.8196,4.8325,4.8472,4.8575,4.8619,4.8651,4.8701,4.8754,4.8804,4.8831,4.8842,4.8869,4.8913,4.8939,4.8945,4.8945,4.8945,4.8945,4.8945,4.8945,4.8945,4.8945,4.8945,4.8945,4.8945,4.8945,4.8951,4.8978,4.9021,4.9048,4.9054,4.9054,4.906,4.9086,4.913,4.9163,4.9201,4.9271,4.9342,4.938,4.9418,4.9489,4.9559,4.9597,4.963,4.968,4.9739,4.9815,4.9891,4.9956,5.0032,5.0108,5.0173,5.025,5.0326,5.0391,5.0473,5.0576,5.0685,5.0787,5.0869,5.0934,5.1023,5.1158,5.1343,5.1554,5.1766,5.1951,5.2092,5.2212,5.2354,5.2545,5.2777,5.3011,5.3212,5.3402,5.3581,5.3728,5.3876,5.4061,5.4272,5.4484,5.4668,5.4804,5.4886,5.4918,5.4924,5.4924,5.4924,5.4924,5.4924,5.4924,5.4924,5.4924,5.4924,5.4924,5.493,5.4957,5.5001,5.5027,5.5033,5.5039,5.5066,5.5109,5.5136,5.5142,5.5142,5.5142,5.5142

Intensity : 836.10149,871.05313,935.25461,1030.5783,1132.5192,1234.4605,1330.0301,1382.2515,1368.8094,1352.1321,1336.744,1325.7325,1317.1516,1309.0142,1307.3889,1310.3923,1314.2008,1318.0093,1321.0127,1323.4514,1325.764,1328.0767,1329.6117,1330.9478,1332.3566,1334.019,1335.8929,1337.6281,1339.3632,1341.31,1337.9689,1332.2855,1325.265,1319.1537,1321.0488,1329.3335,1333.7592,1338.4473,1334.5416,1330.8984,1339.5524,1367.9877,1392.7454,1417.3895,1438.7142,1456.3361,1476.1946,1501.267,1540.3053,1577.2536,1609.7846,1602.2402,1596.1155,1589.795,1583.6856,1579.2149,1576.8711,1574.0187,1571.1663,1568.9168,1566.9016,1564.1349,1555.2975,1539.885,1514.7959,1495.0791,1448.3343,1400.8531,1387.2467,1372.5595,1353.2749,1338.9425,1329.8273,1325.2896,1323.962,1322.1048,1319.9635,1317.6392,1307.9192,1297.4566,1285.3424,1272.4674,1282.2176,1290.3724,1298.487,1305.7137,1313.1337,1300.6402,1283.2461,1265.7946,1270.3937,1273.6483,1263.6747,1225.0826,1197.5154,1179.5496,1164.2504,1133.4062,1111.3829,1095.0929,1081.8658,1067.2722,1045.5394,1044.3424,1045.863,1046.8843,1047.762,1048.6876,1049.7797,1051.0108,1056.5713,1062.203,1067.5443,1072.8856,1078.5178,1085.4543,1094.5412,1105.9826,1124.861,1141.3698,1153.9719,1164.733,1176.8064,1190.4171,1198.5671,1197.6155,1196.5478,1195.3442,1194.2765,1193.3249,1192.2104,1190.7973,1182.3924,1174.0598,1167.2946,1160.8783,1154.4621,1148.0464,1141.6301,1135.2138,1128.7975,1121.9627,1115.0201,1107.6994,1099.0615,1090.1194,1084.8717,1081.2843,1072.4265,1067.9251,1063.8517,1060.2955,1057.7095,1056.6628,1055.2846,1053.3289,1049.0374,1038.4137,1025.0218,1010.7205,994.33236,963.12201,928.30287,890.74169,858.97012,828.10932,793.07455,774.1707,762.5073,754.04242,748.3154,743.62187,742.0629,740.23686,738.35042,736.63962,735.02395,733.50257,731.85103,731.30301,731.29075,731.99924,733.12878,732.54982,728.19805,725.67669,723.2937,719.98785,716.62888,713.66757,710.85951,709.22011,708.93673,708.63792,708.28538,707.87248,707.3178,706.33868,704.68662,703.15096,702.09875,701.46121,700.92412,700.61875,701.32691,702.07556,701.31795,700.32798,699.72725,699.99365,698.93952,695.64148,691.6276,687.7772,684.17977,679.69207,676.31018,672.62688,668.01931,663.43903,658.39289,653.46881,649.84221,646.69513,643.28535,640.42344,638.22543,636.22069,634.21596,632.21142,633.08389,636.98371,642.16411,646.94483,650.72328,654.85089,655.99224,657.03028,658.04426,660.5315,662.87067,663.96031,665.81965,666.38281,667.78932,673.39242,668.50683,656.75483,648.47865,647.11867,647.20228,644.65708,640.63411,632.89402,624.92739,618.20308,612.82618,608.19956,603.06899,596.79772,589.26942,586.7636,584.37712,582.12238,580.17849,578.52722,577.57944,572.2036,565.39894,557.63704,548.60517,537.7556,522.53407,518.66951,517.02763,513.26823,503.42904,493.7676,487.96845,484.80245,482.70027,483.60586,485.69327,488.30113,490.55484,491.06715,490.15512,489.16106,487.69293,485.84155,484.31061,484.70382,486.18514,488.09113,490.3873,492.93539,485.88939,481.18641,477.93574,473.1813,464.41353,451.75392,436.99807,425.48702,415.41224,406.05636,405.36442,405.57886,406.03207,406.20588,406.48624,412.13641,418.76189,427.38886,432.63647,436.25336,440.95489,448.85303,455.67852,463.17736,471.6111,479.0251,485.57744,490.76054,489.4331,485.22129,482.7079,482.48748,475.47147,464.59436,453.77476,436.14257,420.90186,408.70493,401.29352,396.13258,391.03635,385.94244,382.27267,382.63936,383.04873,386.22182,394.9568,402.85238,410.10932,413.99815,417.33148,422.38497,427.66298,431.3524,429.2625,428.37879,427.92948,427.29482,426.65762,426.18586,425.84951,424.46677,423.17858,421.51681,419.22799,415.27985,411.60336,408.87499,406.84384,404.86235,402.1704,398.24708,392.94358,385.76815,378.16826,376.41036,378.18561,380.71516,384.74698,394.44447,404.17277,411.31314,411.0393,411.03243,411.47996,408.84825,405.75313,402.97901,400.6039,398.30716,391.83488,381.04267,372.79194,373.86066,375.86153,377.57538,378.68944,378.74728,376.90613,376.53861,373.43588,365.33574,357.31934,351.5614,352.56381,350.02957,349.02402,352.76198,343.95307,336.589,336.24861,335.97339,332.76299,330.63329,329.03297,328.88742,329.57095,330.18735,330.80374,331.42013,332.10306,333.0207,334.13311,333.53597,331.7415,329.08299,326.11551,323.73904,322.10363,320.38018,318.70706,314.66808,310.92556,307.98034,305.61162,303.94956

Time pixel : 4.754852,4.83741,4.989058,5.203421,5.432075,5.66073,5.875093,6.043396,6.2117,6.420511,6.613181,6.751052,6.858491,6.960377,7.067816,7.200135,7.367925,7.535714,7.668033,7.775472,7.877358,7.979245,8.081132,8.183019,8.290457,8.417225,8.560133,8.692453,8.824772,8.973232,9.135984,9.34531,9.603882,9.859781,10.10273,10.38032,10.69472,11.07183,11.47331,11.81496,12.11003,12.4014,12.66049,12.90024,13.14504,13.3848,13.65499,13.99612,14.36213,14.70377,15.02876,15.32013,15.5382,15.72264,15.89043,16.0283,16.16617,16.33396,16.50175,16.63407,16.75261,16.91536,17.15461,17.4687,17.94904,18.6715,19.46788,20.19085,20.7371,21.16366,21.50798,21.76388,21.92663,22.05073,22.20793,22.42784,22.68138,22.9566,23.22628,23.47159,23.73068,24.01094,24.2396,24.41345,24.58679,24.76569,24.96997,25.26453,25.62735,25.99152,26.36544,26.73752,27.16491,27.69552,28.23251,28.68663,29.02272,29.26248,29.44137,29.57369,29.68113,29.79967,29.9762,30.20116,30.37768,30.49623,30.59811,30.70555,30.83232,30.97523,31.102,31.20943,31.31132,31.41321,31.52065,31.65297,31.82631,32.02453,32.22275,32.39609,32.52841,32.6414,32.76817,32.91108,33.03784,33.15083,33.2776,33.42051,33.54728,33.66027,33.79259,33.96038,34.12817,34.26049,34.36792,34.46981,34.5717,34.67358,34.77547,34.87736,34.97925,35.08113,35.18302,35.29046,35.41723,35.56569,35.71733,35.87135,36.02299,36.17701,36.33421,36.502,36.6449,36.7362,36.81876,36.92065,37.05852,37.25119,37.47665,37.71405,37.98609,38.27006,38.58127,38.91685,39.23361,39.55356,39.91638,40.2607,40.54148,40.74526,40.88313,40.99612,41.12844,41.29623,41.46957,41.62677,41.77523,41.902,42.01499,42.14175,42.30132,42.51383,42.7941,43.05267,43.22097,43.33951,43.46628,43.60919,43.73596,43.8434,43.94528,44.04717,44.14906,44.2565,44.38326,44.53172,44.69447,44.8927,45.10706,45.28914,45.44315,45.58102,45.74378,45.95259,46.14526,46.28313,46.39612,46.52844,46.70178,46.9,47.10933,47.33798,47.58277,47.81143,48.0152,48.18854,48.32642,48.45873,48.60719,48.76439,48.93774,49.10553,49.23784,49.34528,49.44717,49.54906,49.65094,49.75283,49.85472,49.9566,50.06959,50.22679,50.43561,50.63383,50.80768,51.0059,51.20916,51.34703,51.44944,51.609,51.85143,52.12614,52.32992,52.46275,52.62787,52.88695,53.25297,53.64889,53.95456,54.16995,54.40415,54.68442,54.9324,55.11685,55.24917,55.3566,55.45849,55.56593,55.6927,55.84116,55.99836,56.17725,56.36992,56.54881,56.70601,56.85447,56.98124,57.08868,57.19612,57.32289,57.4769,57.67008,57.95086,58.30022,58.62757,58.90095,59.17854,59.44585,59.67687,59.85895,60.02407,60.2117,60.4565,60.71507,60.91884,61.05671,61.16415,61.28269,61.46477,61.71461,61.93216,62.08113,62.22455,62.42833,62.698,62.98701,63.23181,63.39456,63.51865,63.69251,63.99817,64.42453,64.8731,65.28383,65.66331,66.00814,66.37703,66.79281,67.22205,67.62723,68.00116,68.31556,68.61854,68.97396,69.38655,69.77744,70.0831,70.30353,70.49116,70.6973,70.92914,71.21228,71.53491,71.8784,72.17615,72.41827,72.63634,72.90889,73.27254,73.68193,74.0461,74.379,74.67356,74.91332,75.12264,75.33197,75.56062,75.81097,76.08116,76.40615,76.76897,77.1027,77.41072,77.68914,77.94504,78.17925,78.43566,78.82439,79.42173,80.08363,80.54413,80.79232,80.95507,81.10353,81.2303,81.33218,81.40919,81.47561,81.5886,81.77016,81.9652,82.13114,82.29574,82.4114,82.45849,82.50558,82.63235,82.84671,83.1169,83.46677,83.85396,84.14348,84.35332,84.59544,84.92362,85.33301,85.72154,86.03512,86.28917,86.5755,86.89997,87.18075,87.40437,87.62428,87.82806,88.03235,88.31868,88.70402,89.12771,89.52179,89.84595,90.07831,90.32598,90.65097,91.07517,91.61216,92.21155,92.82977,93.53372,94.22153,94.83707,95.52221,96.26801,96.95633,97.55707,98.11307,98.61695,99.04938,99.40717,99.69114,99.9166,100.0738,100.1868,100.2887,100.3906,100.4925,100.6054,100.7571,100.941,101.0982,101.2527,101.4814,101.7921,102.1115,102.4034,102.6818,102.9483,103.1553,103.3149,103.4416,103.5435,103.615

Position pixel : 38.9434,38.9434,38.9434,38.9434,38.9434,38.9434,38.9434,38.9434,38.9434,38.9434,38.9434,38.9434,38.9434,38.9434,38.9434,38.9434,38.9434,38.9434,38.9434,38.9434,38.9434,38.9434,38.9434,38.9434,38.9434,38.9434,38.9434,38.9434,38.9434,38.9434,38.9434,38.9434,38.9434,38.9489,38.9738,39.0149,39.0397,39.0453,39.0453,39.0508,39.0813,39.1472,39.2131,39.2435,39.2491,39.2491,39.2491,39.2491,39.2491,39.2435,39.2186,39.1776,39.1527,39.1472,39.1472,39.1472,39.1472,39.1472,39.1472,39.1472,39.1472,39.1472,39.1472,39.1527,39.1832,39.2602,39.3758,39.4883,39.5436,39.5547,39.5547,39.5547,39.5547,39.5547,39.5547,39.5547,39.5547,39.5547,39.5547,39.5603,39.5851,39.6262,39.6511,39.6566,39.6622,39.687,39.7281,39.7529,39.7585,39.764,39.7945,39.8604,39.9263,39.9623,39.9927,40.0337,40.0586,40.0642,40.0642,40.0642,40.0642,40.0642,40.0642,40.0642,40.0642,40.0642,40.0642,40.0642,40.0642,40.0642,40.0642,40.0642,40.0642,40.0642,40.0642,40.0642,40.0642,40.0642,40.0642,40.0642,40.0642,40.0642,40.0642,40.0642,40.0642,40.0642,40.0642,40.0642,40.0642,40.0642,40.0642,40.0642,40.0642,40.0642,40.0642,40.0642,40.0642,40.0642,40.0642,40.0642,40.0642,40.0642,40.0642,40.0642,40.0642,40.0586,40.0337,39.9927,39.9678,39.9567,39.9318,39.8853,39.8355,39.7889,39.7585,39.7281,39.687,39.6622,39.6566,39.6566,39.6566,39.6511,39.6262,39.5851,39.5603,39.5547,39.5547,39.5547,39.5547,39.5547,39.5547,39.5547,39.5547,39.5547,39.5547,39.5547,39.5547,39.5603,39.5851,39.6262,39.6511,39.6566,39.6566,39.6566,39.6511,39.6262,39.5851,39.5603,39.5547,39.5547,39.5547,39.5547,39.5547,39.5547,39.5547,39.5547,39.5603,39.5851,39.6317,39.6815,39.7281,39.7585,39.7945,39.8604,39.9318,39.9871,40.0393,40.089,40.1356,40.1605,40.1716,40.1965,40.243,40.2928,40.3394,40.3643,40.3754,40.4002,40.4413,40.4717,40.5021,40.5432,40.5736,40.604,40.645,40.6699,40.6755,40.6755,40.6755,40.6755,40.6755,40.6755,40.6755,40.681,40.7059,40.7469,40.7774,40.8078,40.8599,40.9401,41.0526,41.1489,41.2153,41.2979,41.4136,41.5371,41.6422,41.7409,41.8156,41.8788,41.9534,42.0466,42.1212,42.1789,42.2287,42.2752,42.3001,42.3057,42.3057,42.3112,42.3361,42.3827,42.4324,42.4846,42.5343,42.5809,42.6113,42.6418,42.6883,42.7381,42.7902,42.8455,42.917,42.9829,43.03,43.1157,43.2692,43.4098,43.4923,43.5283,43.5587,43.5998,43.6302,43.6606,43.7016,43.7265,43.7321,43.7376,43.7625,43.8035,43.8284,43.834,43.8284,43.8035,43.7625,43.7376,43.7376,43.7625,43.8091,43.8644,43.9414,44.0322,44.1036,44.1396,44.1756,44.2471,44.3378,44.4093,44.4453,44.4757,44.5334,44.6385,44.792,44.9132,44.9796,45.0262,45.0511,45.0566,45.0566,45.0566,45.0566,45.0622,45.0926,45.1696,45.2908,45.4282,45.5245,45.566,45.5965,45.643,45.6928,45.7394,45.7643,45.7754,45.8002,45.8413,45.8661,45.8717,45.8717,45.8717,45.8717,45.8717,45.8717,45.8717,45.8717,45.8717,45.8717,45.8717,45.8717,45.8772,45.9021,45.9432,45.968,45.9736,45.9736,45.9791,46.004,46.045,46.0755,46.1115,46.1774,46.2433,46.2792,46.3152,46.3811,46.447,46.483,46.5135,46.56,46.6153,46.6868,46.7582,46.8191,46.8906,46.962,47.0229,47.0943,47.1658,47.2267,47.3037,47.4,47.5019,47.5982,47.6752,47.7361,47.8187,47.9454,48.1188,48.317,48.5152,48.6885,48.8209,48.9339,49.0662,49.2451,49.4626,49.6825,49.8702,50.0491,50.2168,50.3547,50.4926,50.6659,50.8642,51.0624,51.2357,51.3625,51.4395,51.4699,51.4755,51.4755,51.4755,51.4755,51.4755,51.4755,51.4755,51.4755,51.4755,51.4755,51.481,51.5059,51.5469,51.5718,51.5774,51.5829,51.6078,51.6488,51.6737,51.6792,51.6792,51.6792,51.6792

Pole type : Curve
Start frame : 5
End frame : 109
Start time (s) : 28.170
End time (s) : 331.300
Time step (s) : 2.915

Feature Information :


Feature number : 1

Time (s) : 152.7364,152.7364,152.7364,152.7364,152.7525,152.825,152.9609,153.106,153.2415,153.3304,153.4351,153.6272,153.8192,153.9242,154.0131,154.1326,154.2212,154.3101,154.4296,154.5182,154.6068,154.7266,154.8152,154.9201,155.1122,155.3043,155.4092,155.4978,155.6173,155.6899,155.7062,155.7062,155.7223,155.7948,155.9143,156.0029,156.1079,156.3163,156.597,156.894,157.191,157.488,157.785,158.0817,158.3787,158.6597,158.8841,159.0453,159.1972,159.3423,159.4782,159.5668,159.6554,159.7912,159.9687,160.2654,160.6819,161.1078,161.452,161.6455,161.8391,162.167,162.5202,162.8496,163.2515,163.8292,164.5104,165.0718,165.4011,165.5786,165.7145

Position (um) : 3.2894,3.297,3.3073,3.3182,3.3296,3.3443,3.3643,3.3839,3.3963,3.4057,3.416,3.4269,3.4383,3.4519,3.4671,3.4807,3.4921,3.503,3.5139,3.5247,3.5356,3.5465,3.5579,3.5715,3.5867,3.6008,3.6161,3.6367,3.6596,3.6802,3.7019,3.7242,3.741,3.753,3.7639,3.7748,3.7862,3.7998,3.815,3.8279,3.8367,3.8438,3.8541,3.8667,3.8785,3.8917,3.9052,3.9193,3.9346,3.9481,3.9596,3.9699,3.9781,3.9846,3.994,4.0101,4.0348,4.066,4.0982,4.1203,4.1335,4.1456,4.1623,4.1858,4.2146,4.252,4.2933,4.323,4.3389,4.3471,4.3504

Intensity : 339.6396,340.7127,342.1582,343.0404,343.9954,345.4095,347.5385,349.7831,351.4518,352.6975,354.1214,356.0209,358.0418,359.8601,361.7982,363.7928,365.4465,367.0758,368.9321,370.204,370.9747,371.5454,372.3761,373.3436,373.9543,374.41,375.5536,378.9998,384.9913,390.613,396.9397,403.5334,408.9576,413.1211,416.5742,420.2698,424.1461,428.3364,432.9795,436.788,439.0468,440.8134,444.1269,448.3642,452.4102,457.0669,461.9822,467.2209,472.9488,478.0567,481.1261,483.9119,486.1668,488.0027,490.6989,495.4582,499.4375,505.4747,512.7206,518.3765,521.6049,524.1562,528.5666,536.2614,545.3346,555.6113,566.342,573.7567,577.7083,579.753,580.2368

Time pixel : 52.4019,52.4019,52.4019,52.4019,52.4074,52.4323,52.4789,52.5287,52.5752,52.6057,52.6416,52.7075,52.7734,52.8094,52.8399,52.8809,52.9113,52.9418,52.9828,53.0132,53.0436,53.0847,53.1151,53.1511,53.217,53.2829,53.3189,53.3493,53.3903,53.4152,53.4208,53.4208,53.4263,53.4512,53.4922,53.5226,53.5586,53.6301,53.7264,53.8283,53.9302,54.0321,54.134,54.2358,54.3377,54.4341,54.5111,54.5664,54.6185,54.6683,54.7149,54.7453,54.7757,54.8223,54.8832,54.985,55.1279,55.274,55.3921,55.4585,55.5249,55.6374,55.7586,55.8716,56.0095,56.2077,56.4414,56.634,56.747,56.8079,56.8545

Position pixel : 30.8284,30.8999,30.9962,31.0981,31.2056,31.3434,31.5305,31.7145,31.8306,31.9188,32.0151,32.117,32.2244,32.3512,32.4941,32.6209,32.7283,32.8302,32.9321,33.034,33.1358,33.2377,33.3452,33.4719,33.6149,33.7472,33.8906,34.0833,34.2976,34.4908,34.6946,34.9034,35.0606,35.1736,35.2755,35.3774,35.4848,35.6116,35.7545,35.8757,35.9582,36.0247,36.121,36.239,36.3497,36.4732,36.6,36.7323,36.8752,37.002,37.1094,37.2058,37.2828,37.3436,37.4317,37.5834,37.8144,38.1066,38.4086,38.6155,38.7396,38.8526,39.0098,39.2297,39.4999,39.8498,40.237,40.5154,40.6644,40.7414,40.7718

Brightness max : 506.03
Brightness min :  0.00
Feature direction : Poleward
Feature speed : Slow
Feature type : Curve
Start frame : 5
End frame : 109
Start time (s) : 28.170
End time (s) : 331.300
Time step (s) : 2.915

Feature number : 2

Time (s) : 170.6825,170.8999,171.4582,172.4617,173.5257,174.4362,175.1362,175.5395,175.7501,175.9754,176.2572,176.5391,176.7644,176.9425,177.1678,177.4496,177.7477,178.0296,178.2711,178.522,178.8836,179.311,179.7454,180.1325,180.5196,180.9377,181.3086,181.623,181.9211,182.2354,182.6063,183.0406,183.5006,184.024,184.6039,185.2164,185.8853,186.6178,187.3433,188.0355,188.7138,189.4044,189.9209,190.284,190.6711,191.1783,191.7582,192.3544,192.9343,193.4415,193.8449,194.2158,194.5773,194.9335,195.4731,196.1972,196.8406,197.2695,197.6473,198.002,198.3001,198.5254,198.7034,198.9612,199.3887,199.9106,200.3139,200.6863,201.2082,201.6667,201.8772,201.9825,202.1188,202.2806,202.4896,202.6825,202.7715,202.7877,202.7877

Position (um) : 3.5162,3.5219,3.5426,3.5835,3.6345,3.6813,3.7141,3.7327,3.7448,3.7557,3.7666,3.7775,3.7879,3.7961,3.8026,3.8109,3.8206,3.8288,3.8354,3.8436,3.8539,3.8654,3.879,3.8943,3.9073,3.9161,3.9227,3.9303,3.938,3.9445,3.9527,3.9637,3.9766,3.9899,4.0023,4.0182,4.0368,4.0563,4.0766,4.0934,4.1082,4.1229,4.1338,4.1415,4.153,4.1704,4.1884,4.2031,4.2173,4.2326,4.2456,4.2544,4.261,4.2704,4.2872,4.3123,4.3373,4.3547,4.3662,4.3745,4.381,4.3892,4.399,4.4084,4.4202,4.4373,4.4541,4.4716,4.4912,4.5075,4.5196,4.5305,4.5414,4.5523,4.5632,4.5742,4.5851,4.5954,4.603

Intensity : 361.6902,362.6987,364.4865,369.7775,379.3922,387.7515,392.6074,393.813,395.1459,396.513,398.0226,399.5916,401.0519,402.2475,403.3842,404.8561,406.5737,405.8063,404.6324,403.4406,401.2644,398.6464,396.1096,394.0589,391.8557,390.1446,389.4279,389.1442,389.0593,388.951,388.6526,388.3504,388.5752,386.7032,383.7275,381.0114,378.3861,376.2465,378.806,381.2293,383.5997,386.0642,383.081,380.667,378.3452,374.9133,370.612,366.5059,369.0761,371.9376,374.537,376.9889,379.4026,381.8671,382.7815,380.4344,379.0263,378.4956,378.2467,378.1307,378.2057,378.4639,378.8154,379.1671,379.6479,380.4476,381.3316,382.3262,383.6212,383.8736,384.9616,386.3615,387.8532,389.4991,391.3464,393.4486,395.6701,398.1797,400.1586

Time pixel : 58.559,58.6336,58.8251,59.1694,59.5344,59.8468,60.087,60.2254,60.2976,60.3749,60.4716,60.5683,60.6456,60.7067,60.784,60.8807,60.983,61.0797,61.1625,61.2486,61.3726,61.5193,61.6683,61.8011,61.934,62.0774,62.2047,62.3125,62.4148,62.5226,62.6499,62.7989,62.9567,63.1363,63.3352,63.5453,63.7749,64.0262,64.2751,64.5125,64.7453,64.9822,65.1594,65.284,65.4168,65.5908,65.7898,65.9943,66.1933,66.3673,66.5057,66.6329,66.757,66.8792,67.0643,67.3127,67.5335,67.6806,67.8103,67.9319,68.0342,68.1115,68.1726,68.261,68.4077,68.5867,68.7251,68.8529,69.032,69.1892,69.2615,69.2976,69.3443,69.3999,69.4716,69.5377,69.5683,69.5739,69.5739

Position pixel : 32.9544,33.0073,33.2012,33.5848,34.0627,34.5018,34.8087,34.9832,35.0966,35.1989,35.3011,35.4034,35.5001,35.5774,35.6385,35.7158,35.8069,35.8842,35.9453,36.0226,36.1193,36.2272,36.3544,36.4979,36.6195,36.7024,36.7635,36.8352,36.907,36.968,37.0453,37.1476,37.2693,37.3933,37.51,37.659,37.833,38.0158,38.2059,38.3637,38.5021,38.64,38.7423,38.8145,38.9224,39.0852,39.2537,39.392,39.5249,39.6683,39.79,39.8729,39.934,40.0224,40.1802,40.4148,40.6493,40.8127,40.9206,40.9979,41.059,41.1363,41.2274,41.3158,41.4269,41.5865,41.7443,41.9077,42.0923,42.2445,42.358,42.4602,42.5625,42.6648,42.767,42.8693,42.9716,43.0683,43.14

Brightness max : 487.44
Brightness min :  0.00
Feature direction : Poleward
Feature speed : Slow
Feature type : Curve
Start frame : 5
End frame : 109
Start time (s) : 28.170
End time (s) : 331.300
Time step (s) : 2.915

Feature number : 3

Time (s) : 194.5464,194.8041,195.4181,196.6183,198.1367,199.306,199.9996,200.492,201.0154,201.5954,202.1753,202.6825,203.0696,203.3839,203.682,203.9801,204.2945,204.6978,205.2778,205.9615,206.5577,207.0501,207.5573,208.0644,208.5731,209.2746,210.2564,211.3597,212.5211,213.801,215.0244,216.0658,217.1288,218.2725,219.3596,220.2701,221.0606,221.8821,222.7439,223.5491,224.2181,224.7578,225.2177,225.6521,226.0392,226.4426,226.966,227.635,228.4727,229.4963,230.6469,231.7271,232.6445,233.4768,234.5236,235.7548,236.8582,237.7052,238.3811,238.9463,239.575,240.364,241.2583,242.2254,243.2559,244.2796,245.2211,245.9953,246.7293,247.6073,248.5729,249.3944,250.0487,250.7246,251.4826,252.3769,253.3912,254.4311,255.4779,256.5665,257.8154,259.1425,260.239,261.0364,261.6906,262.4231,263.2121,263.9701,264.7026,265.404,266.1946,267.1926,268.2472,269.1415,269.8592,270.5282,271.1716,271.7206,272.244,272.7511,273.2273,273.767,274.4197,275.1197,275.6996,276.1355,276.6279,277.3116,278.0278,278.6496,279.2527,279.842,280.4126,280.8888,281.4137,282.1864,283.063,283.732,284.1841,284.6602,285.2874,285.9401,286.5363,287.0435,287.4306,287.7287,287.9378

Position (um) : 3.4283,3.4289,3.4328,3.4431,3.4572,3.4675,3.472,3.4753,3.4796,3.4823,3.4829,3.4829,3.4829,3.4829,3.4829,3.4829,3.4829,3.4829,3.4829,3.4829,3.4829,3.4829,3.4829,3.4829,3.4823,3.4796,3.4747,3.4693,3.4643,3.4617,3.4605,3.4578,3.4534,3.4508,3.4502,3.4502,3.4502,3.4502,3.4502,3.4502,3.4502,3.4502,3.4502,3.4502,3.4508,3.454,3.4617,3.4714,3.4791,3.4829,3.4862,3.4906,3.4944,3.5003,3.5097,3.5183,3.5266,3.5336,3.5375,3.5407,3.5451,3.5478,3.5484,3.5484,3.5484,3.5484,3.5484,3.5484,3.5484,3.5484,3.5484,3.5484,3.5484,3.5478,3.5451,3.5401,3.5348,3.5298,3.5272,3.5266,3.5266,3.5266,3.5266,3.5266,3.5266,3.5266,3.5266,3.5254,3.52,3.5113,3.5059,3.5047,3.5041,3.5009,3.4938,3.4868,3.4835,3.4829,3.4829,3.4829,3.4829,3.4829,3.4829,3.4829,3.4829,3.4829,3.4829,3.4829,3.4829,3.4829,3.4829,3.4829,3.4829,3.4829,3.4835,3.4862,3.4912,3.4965,3.5021,3.5074,3.5124,3.515,3.5162,3.5189,3.5233,3.526,3.5266

Intensity : 332.85,331.9483,331.3583,342.1569,356.3884,358.1437,358.6555,358.9164,359.0359,360.3912,362.1373,363.7033,364.8987,365.8693,366.7898,367.7102,366.0218,363.2147,359.1787,354.4205,350.2715,347.5639,347.4888,347.4136,347.3815,347.4421,346.8886,345.1027,343.0812,343.6477,344.8103,346.2314,348.5957,351.2241,351.3885,350.659,350.0256,351.6559,356.3833,360.8005,364.4702,364.9414,363.9417,362.9976,362.0974,360.8933,358.9696,357.0117,355.7852,354.7814,349.8677,337.9995,328.0267,322.932,325.3728,328.291,329.8755,330.7445,331.6857,332.4812,334.0437,336.4064,339.3848,343.2997,348.8744,354.4117,357.5834,357.911,358.2214,358.5929,358.437,358.2208,358.0486,357.9011,357.1583,356.6008,355.8752,355.6435,355.0798,354.1313,353.2524,352.3184,347.6202,343.2848,339.7278,336.3468,336.8467,337.5019,338.7959,340.8633,343.1514,345.1654,346.9293,346.6483,347.2519,347.9328,347.9141,347.3108,346.6303,345.9709,345.3517,344.6501,345.4184,347.0994,348.4922,349.539,350.7216,352.404,354.1939,355.7477,357.2549,358.7341,360.2858,361.5807,362.9448,364.787,365.3961,364.1136,363.1058,362.1242,361.038,358.804,355.4257,352.4501,349.7856,347.6847,346.4431

Time pixel : 66.7463,66.8348,67.0454,67.4572,67.9782,68.3793,68.6173,68.7862,68.9658,69.1648,69.3637,69.5377,69.6706,69.7784,69.8807,69.983,70.0908,70.2292,70.4282,70.6627,70.8673,71.0362,71.2102,71.3842,71.5587,71.7994,72.1363,72.5148,72.9133,73.3524,73.7721,74.1294,74.4941,74.8865,75.2594,75.5718,75.843,76.1249,76.4206,76.6968,76.9264,77.1115,77.2693,77.4183,77.5511,77.6895,77.8691,78.0986,78.386,78.7372,79.132,79.5026,79.8173,80.1029,80.462,80.8844,81.263,81.5536,81.7855,81.9794,82.1951,82.4658,82.7726,83.1044,83.458,83.8092,84.1322,84.3978,84.6496,84.9509,85.2822,85.564,85.7885,86.0204,86.2804,86.5873,86.9353,87.292,87.6512,88.0246,88.4531,88.9085,89.2846,89.5582,89.7827,90.034,90.3047,90.5647,90.816,91.0567,91.3279,91.6703,92.0322,92.339,92.5852,92.8147,93.0355,93.2238,93.4034,93.5774,93.7408,93.9259,94.1499,94.39,94.589,94.7385,94.9075,95.142,95.3878,95.6011,95.808,96.0102,96.2059,96.3693,96.5494,96.8145,97.1153,97.3448,97.4999,97.6633,97.8784,98.1024,98.3069,98.4809,98.6137,98.716,98.7877

Position pixel : 32.1307,32.1363,32.1724,32.2691,32.4014,32.4981,32.5398,32.5703,32.6115,32.6365,32.642,32.642,32.642,32.642,32.642,32.642,32.642,32.642,32.642,32.642,32.642,32.642,32.642,32.642,32.6365,32.6115,32.5647,32.5148,32.468,32.4431,32.4319,32.407,32.3658,32.3408,32.3352,32.3352,32.3352,32.3352,32.3352,32.3352,32.3352,32.3352,32.3352,32.3352,32.3408,32.3713,32.4431,32.5342,32.6059,32.642,32.6726,32.7138,32.7499,32.8054,32.8933,32.9738,33.0511,33.1173,33.1534,33.184,33.2251,33.2501,33.2557,33.2557,33.2557,33.2557,33.2557,33.2557,33.2557,33.2557,33.2557,33.2557,33.2557,33.2501,33.2251,33.1784,33.1284,33.0817,33.0567,33.0511,33.0511,33.0511,33.0511,33.0511,33.0511,33.0511,33.0511,33.04,32.99,32.9077,32.8577,32.8466,32.841,32.8105,32.7443,32.6782,32.6476,32.642,32.642,32.642,32.642,32.642,32.642,32.642,32.642,32.642,32.642,32.642,32.642,32.642,32.642,32.642,32.642,32.642,32.6476,32.6726,32.7193,32.7693,32.8216,32.8716,32.9183,32.9433,32.9544,32.9794,33.0206,33.0456,33.0511

Brightness max : 487.44
Brightness min :  0.00
Feature direction : Poleward
Feature speed : Slow
Feature type : Curve
Start frame : 5
End frame : 109
Start time (s) : 28.170
End time (s) : 331.300
Time step (s) : 2.915

Feature number : 4

Time (s) : 163.875,164.2621,164.9459,165.7186,166.3714,166.822,167.0728,167.2253,167.3144,167.4197,167.6287,167.8943,168.1196,168.2977,168.5068,168.7158,168.8939,169.1192,169.4173,169.7719,170.1173,170.3519,170.5206,170.6987,170.9806,171.2934,171.4877,171.6658,171.9221,172.1405,172.3092,172.4548,172.6073,172.7529,172.9054,173.051,173.2035,173.3653,173.5744,173.7672,173.8562

Position (um) : 2.9452,2.9295,2.8939,2.8455,2.7901,2.7383,2.7073,2.6945,2.6857,2.6748,2.6612,2.6459,2.6317,2.6176,2.6023,2.5887,2.5766,2.5618,2.5406,2.5155,2.4943,2.479,2.4636,2.4418,2.4135,2.3852,2.3622,2.3421,2.3218,2.305,2.2902,2.2749,2.2613,2.2498,2.2389,2.228,2.2171,2.2061,2.1952,2.1849,2.1773

Intensity : 354.685,357.8981,364.9886,372.8244,376.9656,375.8007,375.2784,374.9828,374.8877,374.8341,374.404,373.7443,373.3648,373.2346,373.2162,373.3127,373.528,373.8022,376.1581,379.4722,382.6105,385.1209,387.8102,392.9809,400.9527,408.9933,415.5382,422.1215,431.0368,438.2286,444.6377,451.3918,457.4802,462.7268,467.7197,472.4227,477.1758,481.9854,486.9167,491.6248,495.0504

Time pixel : 56.2234,56.3562,56.5908,56.8559,57.0799,57.2345,57.3205,57.3729,57.4034,57.4395,57.5113,57.6024,57.6797,57.7408,57.8125,57.8842,57.9453,58.0226,58.1249,58.2466,58.365,58.4455,58.5034,58.5645,58.6612,58.7686,58.8352,58.8963,58.9842,59.0592,59.1171,59.167,59.2193,59.2693,59.3216,59.3716,59.4239,59.4794,59.5511,59.6173,59.6478

Position pixel : 27.6028,27.4557,27.122,26.6685,26.1489,25.6636,25.3729,25.2534,25.1706,25.0683,24.941,24.7976,24.6648,24.532,24.3885,24.2613,24.1478,24.0094,23.8105,23.5759,23.3769,23.233,23.089,22.8844,22.6193,22.3542,22.1385,21.9502,21.76,21.6022,21.4638,21.3203,21.1931,21.0852,20.983,20.8807,20.7784,20.6761,20.5739,20.4772,20.4054

Brightness max : 487.44
Brightness min :  0.00
Feature direction : Poleward
Feature speed : Slow
Feature type : Curve
Start frame : 5
End frame : 109
Start time (s) : 28.170
End time (s) : 331.300
Time step (s) : 2.915

