KYMOANALYSIS DATA

General Information :

Tiff path : E:\Google Drive\microtubule dynamics and cut7\19-15 screens and tests\cut11-7\17-09-14 FRAP of cut7-3GFP #3\37 degrees day 1 data\
Spindle type : Monopolar
Start frame : 1
End frame : 243
Start time (s) : 0.000
End time (s) : 372.85000002
Time step (s) : 1.53436214
Num poles : 1
Num tracks : 10
Num tracks poleward : 5
Num tracks antipoleward : 1
Num tracks ambiguous : 4
Comments : {

}
Poles Information :


Pole number : 1

Time (s) : 3.11070135943,4.65287340272,6.19504391165,7.73721595494,9.27938799823,10.8215585072,12.3637305505,13.9059010594,15.4480654309,16.9902374742,18.5324095175,20.0745815607,21.616753604,23.1589256473,24.7010976906,26.2432697339,27.7854417772,29.3276138205,30.8697858638,32.4119579071,33.9541299504,35.4963019937,37.038474037,38.5806460803,40.1228181236,41.6649901668,43.2071622101,44.7493342534,46.2914909531,47.8336629964,49.3758350397,50.918007083,52.4601791263,54.0023511696,55.5445232129,57.0866952561,58.6288672994,60.1710393427,61.713211386,63.2553834293,64.7975554726,66.3397275159,67.8818995592,69.4240716025,70.9662436458,72.5084156891,74.0505877324,75.5927597757,77.1349164753,78.6770885186,80.2192605619,81.7614326052,83.3036046485,84.8457766918,86.3879487351,87.9301207784,89.4722928217,91.014464865,92.5566369083,94.0988089515,95.6409809948,97.1831530381,98.7253250814,100.267497125,101.809669168,103.351841211,104.894013255,106.436185298,107.978341998,109.520514041,111.062686084,112.604858127,114.147030171,115.689202214,117.231374257,118.773546301,120.315718344,121.857890387,123.40006243,124.942234474,126.484406517,128.02657856,129.568750604,131.110922647,132.65309469,134.195266734,135.737438777,137.27961082,138.82176752,140.363939563,141.906111606,143.44828365,144.990455693,146.532627736,148.07479978,149.616971823,151.159143866,152.701315909,154.243441922,155.785629309,157.327816696,158.870004083,160.41219147,161.954378856,163.496566243,165.03875363,166.580787581,168.122974968,169.665162355,171.207349742,172.749537129,174.291724516,175.833911902,177.376099289,178.918286676,180.460474063,182.002508014,183.544695401,185.086882788,186.629070175,188.171257562,189.713444948,191.255632335,192.797819722,194.340007109,195.88204106,197.424228447,198.966415834,200.508603221,202.050790608,203.592977994,205.135165381,206.677352768,208.219540155,209.761727542,211.303761493,212.84594888,214.388136267,215.930323654,217.47251104,219.014698427,220.556885814,222.099073201,223.641260588,225.183294539,226.725481926,228.267669313,229.8098567,231.352044086,232.894231473,234.43641886,235.978606247,237.520793634,239.062981021,240.605014972,242.147202359,243.689389746,245.231577132,246.773764519,248.315951906,249.858139293,251.40032668,252.942514067,254.484548018,256.026735405,257.568922792,259.111110179,260.653297565,262.195484952,263.737672339,265.279859726,266.822047113,268.3642345,269.906268451,271.448455838,272.990643225,274.532830611,276.075017998,277.617205385,279.159392772,280.701580159,282.243767546,283.785801497,285.327988884,286.870176271,288.412363657,289.954551044,291.496738431,293.038925818,294.581113205,296.123300592,297.665487979,299.20752193,300.749709317,302.291896703,303.83408409,305.376271477,306.918458864,308.460646251,310.002833638,311.545021025,313.087054976,314.629242363,316.171429749,317.713617136,319.255804523,320.79799191,322.340179297,323.882366684,325.424554071,326.966741458,328.508775409,330.050962795,331.593150182,333.135337569,334.677524956,336.219712343,337.76189973,339.304087117,340.846274504,342.388308455,343.930495841,345.472683228,347.014870615,348.557058002,350.099245389,351.641432776,353.183620163,354.72580755,356.267994937,357.810028888,359.352216274,360.894403661,362.436591048,363.978778435,365.520965822,367.063153209,368.605340596,370.147527983,371.689561934

Position (um) : 1.5891,1.5885,1.5879,1.5873,1.5867,1.5861,1.5855,1.5849,1.5843,1.5837,1.5831,1.5825,1.5818,1.5812,1.5806,1.58,1.5794,1.5788,1.5782,1.5776,1.577,1.5764,1.5758,1.5752,1.5746,1.574,1.5734,1.5728,1.5721,1.5715,1.5709,1.5703,1.5697,1.5691,1.5685,1.5679,1.5673,1.5667,1.5661,1.5655,1.5649,1.5643,1.5637,1.563,1.5624,1.5618,1.5612,1.5606,1.56,1.5594,1.5588,1.5582,1.5576,1.557,1.5564,1.5558,1.5552,1.5546,1.554,1.5533,1.5527,1.5521,1.5515,1.5509,1.5503,1.5497,1.5491,1.5485,1.5479,1.5473,1.5467,1.5461,1.5455,1.5449,1.5442,1.5436,1.543,1.5424,1.5418,1.5412,1.5406,1.54,1.5394,1.5388,1.5382,1.5376,1.537,1.5364,1.5358,1.5352,1.5345,1.5339,1.5333,1.5327,1.5321,1.5315,1.5309,1.5303,1.5297,1.5291,1.5285,1.5279,1.5273,1.5267,1.5261,1.5254,1.5248,1.5242,1.5236,1.523,1.5224,1.5218,1.5212,1.5206,1.52,1.5194,1.5188,1.5182,1.5176,1.517,1.5164,1.5157,1.5151,1.5145,1.5139,1.5133,1.5127,1.5121,1.5115,1.5109,1.5103,1.5097,1.5091,1.5085,1.5079,1.5073,1.5066,1.506,1.5054,1.5048,1.5042,1.5036,1.503,1.5024,1.5018,1.5012,1.5006,1.5,1.4994,1.4988,1.4982,1.4976,1.4969,1.4963,1.4957,1.4951,1.4945,1.4939,1.4933,1.4927,1.4921,1.4915,1.4909,1.4903,1.4897,1.4891,1.4885,1.4878,1.4872,1.4866,1.486,1.4854,1.4848,1.4842,1.4836,1.483,1.4824,1.4818,1.4812,1.4806,1.48,1.4794,1.4788,1.4781,1.4775,1.4769,1.4763,1.4757,1.4751,1.4745,1.4739,1.4733,1.4727,1.4721,1.4715,1.4709,1.4703,1.4697,1.469,1.4684,1.4678,1.4672,1.4666,1.466,1.4654,1.4648,1.4642,1.4636,1.463,1.4624,1.4618,1.4612,1.4606,1.46,1.4593,1.4587,1.4581,1.4575,1.4569,1.4563,1.4557,1.4551,1.4545,1.4539,1.4533,1.4527,1.4521,1.4515,1.4509,1.4502,1.4496,1.449,1.4484,1.4478,1.4472,1.4466,1.446,1.4454,1.4448,1.4442

Intensity : 255,255,255,255,255,255,255,255,255,255,255,255,255,255,255,255,255,255,255,255,255,255,255,255,255,255,255,255,255,255,255,255,255,255,255,255,255,255,255,255,255,255,255,255,255,255,255,255,255,255,255,255,255,255,255,255,255,255,255,255,255,255,255,255,255,255,255,255,255,255,255,251.3664,237.9772,221.0483,213.1012,212.1118,213.4634,210.8293,202.2769,199.3629,198.7288,198.7678,194.1218,195.6731,204.5458,214.6762,225.6988,235.0827,243.2601,245.8087,247.941,249.5132,249.4588,248.7996,250.6987,252.7295,253.4184,251.1651,248.7327,247.1766,245.329,243.2286,242.0517,243.2199,243.2417,236.1345,219.0779,201.5369,186.1264,165.6712,148.7431,132.761,128.7865,129.8858,140.7402,154.7828,162.5996,162.7913,153.3871,152.1898,152.9343,156.1687,153.6028,149.5762,150.5384,154.1054,164.7442,180.4174,200.3348,211.7032,214.9595,216.336,216.2474,207.8343,191.6575,183.1881,177.3125,174.1899,165.7683,161.0619,166.3066,183.0038,192.4941,191.8555,182.9889,180.0527,187.1217,193.1505,198.356,197.3629,188.6552,182.1125,177.2525,170.7865,168.7542,170.4052,174.2039,177.4711,176.4326,180.3718,177.0929,170.4844,172.9272,179.5698,192.7936,199.1794,207.0606,215.8782,230.7293,235.6179,234.8474,226.3251,224.2717,229.9665,232.2096,224.4814,215.2754,200.3255,189.9037,189.9537,181.5088,183.4107,173.4897,180.6699,180.8531,181.0983,182.7754,182.6977,185.7039,182.2928,189.941,188.4602,196.2447,211.3488,222.6948,223.8789,210.6548,215.0066,214.042,213.0336,217.8725,227.951,240.831,228.5168,230.526,229.928,234.2636,236.4772,237.5875,234.1214,232.9583,215.3858,210.8889,198.4063,204.3004,203.6737,206.0938,200.7166,206.5566,205.2523,197.8697,185.4893,177.2459,175.5804,170.4822,166.1802,160.6847,159.4577,158.2427,163.9354,163.319,164.2341,155.8589,151.2924,150.2882,163.0748,169.3116,176.9265,173.5966,172.2763

Time pixel : 2.027358,3.032448,4.037537,5.042627,6.047717,7.052806,8.057896,9.062985,10.06807,11.07316,12.07825,13.08334,14.08843,15.09352,16.09861,17.1037,18.10879,19.11388,20.11897,21.12406,22.12915,23.13424,24.13933,25.14442,26.14951,27.1546,28.15969,29.16478,30.16986,31.17495,32.18004,33.18513,34.19022,35.19531,36.2004,37.20549,38.21058,39.21567,40.22076,41.22585,42.23094,43.23603,44.24112,45.24621,46.2513,47.25639,48.26148,49.26657,50.27165,51.27674,52.28183,53.28692,54.29201,55.2971,56.30219,57.30728,58.31237,59.31746,60.32255,61.32764,62.33273,63.33782,64.34291,65.348,66.35309,67.35818,68.36327,69.36836,70.37344,71.37853,72.38362,73.38871,74.3938,75.39889,76.40398,77.40907,78.41416,79.41925,80.42434,81.42943,82.43452,83.43961,84.4447,85.44979,86.45488,87.45997,88.46506,89.47015,90.47523,91.48032,92.48541,93.4905,94.49559,95.50068,96.50577,97.51086,98.51595,99.52104,100.5261,101.5312,102.5363,103.5414,104.5465,105.5516,106.5567,107.5618,108.5668,109.5719,110.577,111.5821,112.5872,113.5923,114.5974,115.6025,116.6076,117.6127,118.6177,119.6228,120.6279,121.633,122.6381,123.6432,124.6483,125.6534,126.6585,127.6635,128.6686,129.6737,130.6788,131.6839,132.689,133.6941,134.6992,135.7043,136.7094,137.7144,138.7195,139.7246,140.7297,141.7348,142.7399,143.745,144.7501,145.7552,146.7602,147.7653,148.7704,149.7755,150.7806,151.7857,152.7908,153.7959,154.801,155.8061,156.8111,157.8162,158.8213,159.8264,160.8315,161.8366,162.8417,163.8468,164.8519,165.8569,166.862,167.8671,168.8722,169.8773,170.8824,171.8875,172.8926,173.8977,174.9028,175.9078,176.9129,177.918,178.9231,179.9282,180.9333,181.9384,182.9435,183.9486,184.9536,185.9587,186.9638,187.9689,188.974,189.9791,190.9842,191.9893,192.9944,193.9995,195.0045,196.0096,197.0147,198.0198,199.0249,200.03,201.0351,202.0402,203.0453,204.0503,205.0554,206.0605,207.0656,208.0707,209.0758,210.0809,211.086,212.0911,213.0962,214.1012,215.1063,216.1114,217.1165,218.1216,219.1267,220.1318,221.1369,222.142,223.147,224.1521,225.1572,226.1623,227.1674,228.1725,229.1776,230.1827,231.1878,232.1929,233.1979,234.203,235.2081,236.2132,237.2183,238.2234,239.2285,240.2336,241.2387,242.2437

Position pixel : 14.8934,14.8877,14.882,14.8763,14.8707,14.865,14.8593,14.8536,14.8479,14.8422,14.8366,14.8309,14.8252,14.8195,14.8138,14.8081,14.8025,14.7968,14.7911,14.7854,14.7797,14.774,14.7684,14.7627,14.757,14.7513,14.7456,14.7399,14.7343,14.7286,14.7229,14.7172,14.7115,14.7058,14.7002,14.6945,14.6888,14.6831,14.6774,14.6717,14.666,14.6604,14.6547,14.649,14.6433,14.6376,14.6319,14.6263,14.6206,14.6149,14.6092,14.6035,14.5978,14.5922,14.5865,14.5808,14.5751,14.5694,14.5637,14.5581,14.5524,14.5467,14.541,14.5353,14.5296,14.524,14.5183,14.5126,14.5069,14.5012,14.4955,14.4899,14.4842,14.4785,14.4728,14.4671,14.4614,14.4558,14.4501,14.4444,14.4387,14.433,14.4273,14.4217,14.416,14.4103,14.4046,14.3989,14.3932,14.3875,14.3819,14.3762,14.3705,14.3648,14.3591,14.3534,14.3478,14.3421,14.3364,14.3307,14.325,14.3193,14.3137,14.308,14.3023,14.2966,14.2909,14.2852,14.2796,14.2739,14.2682,14.2625,14.2568,14.2511,14.2455,14.2398,14.2341,14.2284,14.2227,14.217,14.2114,14.2057,14.2,14.1943,14.1886,14.1829,14.1773,14.1716,14.1659,14.1602,14.1545,14.1488,14.1432,14.1375,14.1318,14.1261,14.1204,14.1147,14.1091,14.1034,14.0977,14.092,14.0863,14.0806,14.0749,14.0693,14.0636,14.0579,14.0522,14.0465,14.0408,14.0352,14.0295,14.0238,14.0181,14.0124,14.0067,14.0011,13.9954,13.9897,13.984,13.9783,13.9726,13.967,13.9613,13.9556,13.9499,13.9442,13.9385,13.9329,13.9272,13.9215,13.9158,13.9101,13.9044,13.8988,13.8931,13.8874,13.8817,13.876,13.8703,13.8647,13.859,13.8533,13.8476,13.8419,13.8362,13.8306,13.8249,13.8192,13.8135,13.8078,13.8021,13.7964,13.7908,13.7851,13.7794,13.7737,13.768,13.7623,13.7567,13.751,13.7453,13.7396,13.7339,13.7282,13.7226,13.7169,13.7112,13.7055,13.6998,13.6941,13.6885,13.6828,13.6771,13.6714,13.6657,13.66,13.6544,13.6487,13.643,13.6373,13.6316,13.6259,13.6203,13.6146,13.6089,13.6032,13.5975,13.5918,13.5862,13.5805,13.5748,13.5691,13.5634,13.5577,13.5521,13.5464,13.5407,13.535

Pole type : Line
Start frame : 1
End frame : 243
Start time (s) : 0.000
End time (s) : 372.85000002
Time step (s) : 1.53436214

Feature Information :


Feature number : 1

Time (s) : 87.6561757619,87.9018424841,88.2330652393,88.5833601159,88.9336549924,89.283949869,89.6151572805,89.8799114678,90.0891831201,90.3539373073,90.7042321839,91.1400677497,91.6314011942,92.0672521037,92.4366344453,92.7869293218,93.1372241984,93.4875344186,93.8378292952,94.1881241717,94.5575065133,94.9933420792,95.4846908673,95.9205264331,96.2899087747,96.6592911163,97.0951420258,97.5864754703,98.0413985011,98.5154089971,99.0922984745,99.6691726082,100.124095639,100.493477981,100.843772857,101.213170542,101.649006108,102.159427018,102.680818617,103.191239526,103.646162557,104.101085588,104.592419032,105.028269942,105.416739748,105.852575314,106.343908759,106.798847133,107.253770164,107.745103609,108.180939175,108.55033686,108.919719201,109.355554767,109.846888212,110.301826586,110.756749617,111.267170527,111.788562125,112.298983035,112.734818601,113.104200942,113.454495819,113.804790695,114.155100916,114.505395792,114.855690669,115.205985545,115.556280422,115.906590642,116.256885519,116.607180395,116.957475272,117.326857613,117.762708523,118.273129432,118.794505687,119.304926597,119.740777506,120.110159848,120.460454725,120.810749601,121.161044478,121.549529628,122.070905883,122.703277895,123.224669494,123.632226766,124.087149797,124.664023931,125.240913408,125.676748974,125.960590626,126.169846935,126.434601122,126.765808534,127.116118754,127.46641363,127.816708507,128.167003383,128.51729826,128.86760848,129.217903357,129.587285698,130.023121264,130.514454709,130.969393083,131.462491044,132.163080797,133.052090221,133.874631077,134.434197606,134.822667413,135.172962289,135.523257166,135.873552042,136.223862262,136.574157139,136.924452016,137.274746892,137.625041769,137.975336645,138.325646865,138.675941742,139.026236619,139.376531495,139.726826372,140.077136592,140.427431468,140.777726345,141.128021222,141.478316098,141.828626318,142.178921195,142.529216071,142.879510948,143.229805825,143.580116045,143.949498386,144.385333952,144.876667397,145.312502963,145.700988113,146.136823679,146.628157123,147.063992689,147.433390374,147.783685251,148.133980127,148.484275004,148.83456988,149.184880101,149.535174977,149.885469854,150.23576473,150.586059607,150.936354483,151.286664704,151.63695958,151.987254457,152.318461868,152.583216056,152.792487708,153.057241895,153.388449307,153.738790214,154.108111181,154.544023465,155.035326222,155.47108507,155.840559473,156.20988044,156.645792724,157.137095482,157.573007766,157.923302642,158.187980111,158.397267107,158.661944576,159.012239453,159.448151737,159.920428404,160.27072328,160.499036367,160.763713836,161.094982622,161.426251408,161.671902786

Position (um) : 2.0763,2.0763,2.0763,2.0763,2.0763,2.0763,2.0777,2.0836,2.0934,2.0994,2.1007,2.1007,2.1007,2.1007,2.1007,2.1007,2.1007,2.1007,2.1007,2.1007,2.1007,2.1007,2.1007,2.1007,2.1007,2.1007,2.1007,2.1007,2.1007,2.0994,2.0934,2.0836,2.0777,2.0763,2.0763,2.0763,2.0763,2.0763,2.0763,2.0763,2.0763,2.0763,2.0763,2.0763,2.0763,2.0763,2.0763,2.0763,2.0763,2.0763,2.0763,2.0763,2.0763,2.0763,2.0763,2.0763,2.0763,2.0763,2.0763,2.0763,2.0763,2.0763,2.0763,2.0763,2.0763,2.0763,2.0763,2.0763,2.0763,2.0763,2.0763,2.0763,2.0763,2.0763,2.0763,2.0763,2.0763,2.0763,2.0763,2.0763,2.0763,2.0763,2.0763,2.0777,2.0836,2.0934,2.0994,2.1007,2.1007,2.1007,2.1007,2.102,2.108,2.1178,2.1237,2.125,2.125,2.125,2.1237,2.1178,2.108,2.102,2.1007,2.1007,2.1007,2.0994,2.0934,2.0823,2.0704,2.0592,2.0533,2.052,2.052,2.052,2.052,2.052,2.052,2.052,2.052,2.052,2.0506,2.0447,2.0349,2.0289,2.0263,2.0203,2.0105,2.0046,2.0019,1.996,1.9862,1.9802,1.9776,1.9716,1.9618,1.9559,1.9545,1.9545,1.9545,1.9545,1.9545,1.9545,1.9545,1.9545,1.9545,1.9545,1.9545,1.9545,1.9545,1.9545,1.9545,1.9545,1.9545,1.9545,1.9545,1.9545,1.9545,1.9545,1.9545,1.9545,1.9559,1.9618,1.9716,1.9776,1.9789,1.9789,1.9802,1.9862,1.996,2.0032,2.0105,2.0203,2.0276,2.0349,2.0447,2.052,2.0592,2.069,2.075,2.0763,2.0763,2.0777,2.0849,2.1007,2.1164,2.1237,2.125,2.125

Intensity : 255,255,255,255,255,255,255,255,255,255,255,255,255,255,255,255,255,255,255,255,255,255,255,255,255,255,255,255,255,255,255,255,255,255,255,255,255,255,255,255,255,255,255,255,255,255,255,255,255,255,255,255,255,255,255,255,255,255,255,254.2887,253.2217,252.3174,251.4598,251.1006,250.9093,250.7181,250.5269,250.4446,250.5495,250.6543,250.7592,250.8641,248.1294,245.2081,241.7612,238.092,235.4745,232.912,230.6695,228.4833,226.4101,224.3369,222.2636,223.3493,225.0722,226.7452,227.6706,228.7584,230.1482,234.0505,239.0557,242.6757,242.6849,240.7961,239.2041,237.9505,236.7898,234.9583,231.888,229.3097,227.1118,224.4731,220.7763,216.6989,211.8879,208.1685,211.3474,215.0093,220.1493,227.5693,233.8112,237.5857,240.1367,242.5941,245.2637,247.9333,250.603,253.1536,253.2064,253.2591,253.4025,253.8473,254.4167,254.8464,255,255,254.8354,254.3073,253.8072,253.4108,253.1968,252.7468,252.2378,251.9809,252.1206,252.6735,253.3421,253.9228,254.535,254.6689,253.6212,252.692,251.8636,250.4264,248.7087,247.185,245.8459,244.4972,243.1486,241.7999,240.4594,241.0823,241.7052,242.3281,242.951,243.5607,244.1624,244.7642,245.366,246.0941,247.0488,247.4999,247.6261,248.3328,249.6198,250.7299,251.8129,253.0392,254.1323,252.8887,251.6791,250.2382,248.1321,244.2563,240.405,237.4275,234.9179,232.5045,230.3666,228.3411,225.9991,224.2142,222.6166,220.6712,218.5665,216.9093,217.3608,217.8276

Time pixel : 57.12874,57.28885,57.50472,57.73302,57.96132,58.18962,58.40548,58.57803,58.71442,58.88697,59.11527,59.39932,59.71954,60.0036,60.24434,60.47264,60.70094,60.92925,61.15755,61.38585,61.62659,61.91064,62.23087,62.51492,62.75566,62.9964,63.28046,63.60068,63.89717,64.2061,64.58208,64.95805,65.25454,65.49528,65.72358,65.96433,66.24838,66.58104,66.92085,67.25351,67.55,67.84649,68.16671,68.45077,68.70395,68.988,69.30822,69.60472,69.90121,70.22143,70.50548,70.74623,70.98697,71.27102,71.59124,71.88774,72.18423,72.51689,72.8567,73.18936,73.47341,73.71415,73.94245,74.17075,74.39906,74.62736,74.85566,75.08396,75.31226,75.54057,75.76887,75.99717,76.22547,76.46621,76.75027,77.08293,77.42273,77.75539,78.03945,78.28019,78.50849,78.73679,78.96509,79.21828,79.55808,79.97022,80.31003,80.57565,80.87214,81.24811,81.62409,81.90814,82.09313,82.22951,82.40206,82.61792,82.84623,83.07453,83.30283,83.53113,83.75943,83.98774,84.21604,84.45678,84.74083,85.06105,85.35755,85.67892,86.13552,86.71492,87.251,87.61569,87.86887,88.09717,88.32547,88.55377,88.78208,89.01038,89.23868,89.46698,89.69528,89.92358,90.15189,90.38019,90.60849,90.83679,91.06509,91.2934,91.5217,91.75,91.9783,92.2066,92.43491,92.66321,92.89151,93.11981,93.34811,93.57642,93.81716,94.10121,94.42143,94.70548,94.95867,95.24272,95.56294,95.84699,96.08774,96.31604,96.54434,96.77264,97.00094,97.22925,97.45755,97.68585,97.91415,98.14245,98.37075,98.59906,98.82736,99.05566,99.27152,99.44407,99.58046,99.75301,99.96887,100.1972,100.4379,100.722,101.0422,101.3262,101.567,101.8077,102.0918,102.412,102.6961,102.9244,103.0969,103.2333,103.4058,103.6341,103.9182,104.226,104.4543,104.6031,104.7756,104.9915,105.2074,105.3675

Position pixel : 19.4594,19.4594,19.4594,19.4594,19.4594,19.4594,19.4719,19.5276,19.6195,19.6753,19.6877,19.6877,19.6877,19.6877,19.6877,19.6877,19.6877,19.6877,19.6877,19.6877,19.6877,19.6877,19.6877,19.6877,19.6877,19.6877,19.6877,19.6877,19.6877,19.6753,19.6195,19.5276,19.4719,19.4594,19.4594,19.4594,19.4594,19.4594,19.4594,19.4594,19.4594,19.4594,19.4594,19.4594,19.4594,19.4594,19.4594,19.4594,19.4594,19.4594,19.4594,19.4594,19.4594,19.4594,19.4594,19.4594,19.4594,19.4594,19.4594,19.4594,19.4594,19.4594,19.4594,19.4594,19.4594,19.4594,19.4594,19.4594,19.4594,19.4594,19.4594,19.4594,19.4594,19.4594,19.4594,19.4594,19.4594,19.4594,19.4594,19.4594,19.4594,19.4594,19.4594,19.4719,19.5276,19.6195,19.6753,19.6877,19.6877,19.6877,19.6877,19.7002,19.7559,19.8478,19.9036,19.916,19.916,19.916,19.9036,19.8478,19.7559,19.7002,19.6877,19.6877,19.6877,19.6753,19.6195,19.5152,19.4037,19.2993,19.2436,19.2311,19.2311,19.2311,19.2311,19.2311,19.2311,19.2311,19.2311,19.2311,19.2187,19.1629,19.071,19.0153,18.9904,18.9346,18.8427,18.787,18.7621,18.7063,18.6144,18.5587,18.5338,18.478,18.3861,18.3304,18.3179,18.3179,18.3179,18.3179,18.3179,18.3179,18.3179,18.3179,18.3179,18.3179,18.3179,18.3179,18.3179,18.3179,18.3179,18.3179,18.3179,18.3179,18.3179,18.3179,18.3179,18.3179,18.3179,18.3179,18.3304,18.3861,18.478,18.5338,18.5462,18.5462,18.5587,18.6144,18.7063,18.7745,18.8427,18.9346,19.0028,19.071,19.1629,19.2311,19.2993,19.3912,19.447,19.4594,19.4594,19.4719,19.5401,19.6877,19.8354,19.9036,19.916,19.916

Brightness max : 185.06
Brightness min :  0.00
Feature direction : Ambiguous
Feature speed : Slow
Feature type : Curve
Start frame : 1
End frame : 243
Start time (s) : 0.000
End time (s) : 372.85000002
Time step (s) : 1.53436214

Feature number : 2

Time (s) : 15.494909507,15.7213813589,15.9670327375,16.1763197334,16.4411506387,16.7722659886,17.1225608651,17.4728557417,17.8231506182,18.1734454948,18.5237403714,18.8740352479,19.2243301245,19.5746250011,19.9249198776,20.2753681904,20.625663067,20.9759579435,21.3262528201,21.6765476966,22.0076630464,22.2724939518,22.4817809477,22.7464584169,23.0777272029,23.4280220794,23.7973430465,24.2522814211,24.8292015857,25.4059683141,25.8609066886,26.2112015652,26.4760324706,26.6853194665,26.9499969356,27.2812657216,27.6315605982,27.9818554748,28.3321503513,28.6824452279,29.0327401044,29.383034981,29.7333298576,30.0836247341,30.4339196107,30.7842144872,31.1345093638,31.4848042404,31.8542786437,32.2900374914,32.7813402487,33.2172525326,33.5865734997,33.9368683763,34.2871632529,34.6374581294,34.987753006,35.3572274093,35.7929862571,36.2842890143,36.7202012983,37.0895222654,37.4398171419,37.7901120185,38.1404068951,38.4907017716,38.8411500844,39.191444961,39.5417398375,39.8920347141,40.2423295906,40.5926244672,40.9429193438,41.2932142203,41.6435090969,41.9938039734,42.34409885,42.6943937266,43.0637146937,43.4996269776,43.9909297349,44.4266885826,44.8151890765,45.2511013605,45.7424041177,46.1783164017,46.5476373688,46.8979322453,47.2482271219,47.5985219984,47.948816875,48.2991117516,48.6494066281,48.9997015047,49.3499963812,49.7002912578,50.0505861344,50.4008810109,50.7511758875,51.1014707641,51.4517656406,51.8020605172,52.1523553937,52.5026502703,52.8529451469,53.2032400234,53.5535349,53.9038297766,54.2541246531,54.6044195297,54.9547144062,55.3050092828,55.6553041594,56.0055990359,56.3558939125,56.7061887891,57.0564836656,57.3877524516,57.6334038303

Position (um) : 3.6597,3.661,3.667,3.6768,3.6827,3.6841,3.6841,3.6841,3.6841,3.6854,3.6913,3.7012,3.7071,3.7098,3.7157,3.7255,3.7315,3.7328,3.7328,3.7328,3.7341,3.7401,3.7499,3.7558,3.7572,3.7572,3.7585,3.7644,3.7742,3.7802,3.7815,3.7828,3.7888,3.7986,3.8045,3.8059,3.8059,3.8059,3.8059,3.8059,3.8059,3.8059,3.8059,3.8059,3.8059,3.8059,3.8059,3.8059,3.8059,3.8045,3.7986,3.7888,3.7828,3.7815,3.7815,3.7815,3.7815,3.7815,3.7815,3.7802,3.7742,3.7644,3.7585,3.7572,3.7572,3.7558,3.7499,3.7401,3.7341,3.7328,3.7328,3.7328,3.7328,3.7328,3.7328,3.7328,3.7328,3.7328,3.7328,3.7328,3.7328,3.7328,3.7328,3.7328,3.7328,3.7328,3.7328,3.7328,3.7328,3.7328,3.7328,3.7328,3.7328,3.7328,3.7328,3.7341,3.7401,3.7512,3.7631,3.7742,3.7802,3.7815,3.7828,3.7888,3.7986,3.8045,3.8059,3.8072,3.8131,3.823,3.8289,3.8302,3.8302,3.8302,3.8302,3.8302,3.8302,3.8302,3.8302

Intensity : 104.4783,103.9387,103.1631,102.2859,101.4262,100.606,100.8325,101.5049,102.1772,102.7667,102.4253,100.4761,98.7583,97.25396,95.4915,95.92273,96.85778,98.13133,99.49383,100.4741,101.0487,100.9985,100.4216,100.3113,100.65,100.5671,100.3622,99.78673,98.58879,97.22032,96.38971,95.6746,94.6546,93.4183,92.3995,91.6393,90.96853,90.66311,90.35769,90.05227,89.74685,90.19243,91.03004,91.86765,92.70526,93.35327,93.50598,93.65869,93.81977,94.0032,93.8641,94.123,94.1438,93.34121,91.99853,90.65585,89.31317,88.13937,88.04798,88.10673,88.79438,89.5552,89.6515,89.1402,88.4553,87.63649,86.87375,86.52834,85.62765,84.10233,83.18276,82.26591,81.34906,80.4322,80.35895,80.8119,81.26484,81.71779,82.33092,83.47641,84.76746,85.91254,85.6806,85.1124,84.472,84.1921,84.4328,84.6611,84.8894,85.02951,84.33,83.63049,82.93098,82.23147,82.51377,83.17747,83.53886,83.69048,83.16615,81.23204,79.58485,78.13876,76.70438,77.89187,79.14313,80.52054,82.01398,81.75573,80.02855,78.04239,76.07894,74.83375,75.95178,77.06981,78.18784,79.30587,77.4893,75.13659,73.39195

Time pixel : 10.0986,10.2462,10.4063,10.5427,10.7153,10.9311,11.1594,11.3877,11.616,11.8443,12.0726,12.3009,12.5292,12.7575,12.9858,13.2142,13.4425,13.6708,13.8991,14.1274,14.3432,14.5158,14.6522,14.8247,15.0406,15.2689,15.5096,15.8061,16.1821,16.558,16.8545,17.0828,17.2554,17.3918,17.5643,17.7802,18.0085,18.2368,18.4651,18.6934,18.9217,19.15,19.3783,19.6066,19.8349,20.0632,20.2915,20.5198,20.7606,21.0446,21.3648,21.6489,21.8896,22.1179,22.3462,22.5745,22.8028,23.0436,23.3276,23.6478,23.9319,24.1726,24.4009,24.6292,24.8575,25.0858,25.3142,25.5425,25.7708,25.9991,26.2274,26.4557,26.684,26.9123,27.1406,27.3689,27.5972,27.8255,28.0662,28.3503,28.6705,28.9545,29.2077,29.4918,29.812,30.0961,30.3368,30.5651,30.7934,31.0217,31.25,31.4783,31.7066,31.9349,32.1632,32.3915,32.6198,32.8481,33.0764,33.3047,33.533,33.7613,33.9896,34.2179,34.4462,34.6745,34.9028,35.1311,35.3594,35.5877,35.816,36.0443,36.2726,36.5009,36.7292,36.9575,37.1858,37.4017,37.5618

Position pixel : 34.2991,34.3115,34.3672,34.4592,34.5149,34.5274,34.5274,34.5274,34.5274,34.5398,34.5955,34.6875,34.7432,34.7681,34.8239,34.9158,34.9715,34.984,34.984,34.984,34.9964,35.0522,35.1441,35.1998,35.2123,35.2123,35.2247,35.2805,35.3724,35.4281,35.4406,35.453,35.5088,35.6007,35.6564,35.6689,35.6689,35.6689,35.6689,35.6689,35.6689,35.6689,35.6689,35.6689,35.6689,35.6689,35.6689,35.6689,35.6689,35.6564,35.6007,35.5088,35.453,35.4406,35.4406,35.4406,35.4406,35.4406,35.4406,35.4281,35.3724,35.2805,35.2247,35.2123,35.2123,35.1998,35.1441,35.0522,34.9964,34.984,34.984,34.984,34.984,34.984,34.984,34.984,34.984,34.984,34.984,34.984,34.984,34.984,34.984,34.984,34.984,34.984,34.984,34.984,34.984,34.984,34.984,34.984,34.984,34.984,34.984,34.9964,35.0522,35.1565,35.268,35.3724,35.4281,35.4406,35.453,35.5088,35.6007,35.6564,35.6689,35.6813,35.7371,35.829,35.8847,35.8972,35.8972,35.8972,35.8972,35.8972,35.8972,35.8972,35.8972

Brightness max : 185.06
Brightness min :  0.00
Feature direction : Ambiguous
Feature speed : Slow
Feature type : Curve
Start frame : 1
End frame : 243
Start time (s) : 0.000
End time (s) : 372.85000002
Time step (s) : 1.53436214

Feature number : 3

Time (s) : 57.7222433982,58.672166999,59.6220905999,60.5720142008,61.5219378017,62.4718614025,63.4217850034,64.3717086043,65.3217856414,66.2717092422,67.2216328431,68.171556444,69.1214800449,70.0714036457,71.0213272466,71.9712508475

Position (um) : 3.8587,3.7624,3.666,3.5697,3.4734,3.377,3.2807,3.1844,3.088,2.9917,2.8954,2.799,2.7027,2.6064,2.51,2.4137

Intensity : 71.23799,71.95495,74.85065,76.99648,78.41353,75.16873,73.08763,76.12563,76.31599,74.61267,74.53008,80.27151,87.21482,95.06535,111.1598,139.731

Time pixel : 37.6197,38.2388,38.8579,39.477,40.0961,40.7152,41.3343,41.9534,42.5726,43.1917,43.8108,44.4299,45.049,45.6681,46.2872,46.9063

Position pixel : 36.1641,35.2612,34.3584,33.4555,32.5527,31.6498,30.7469,29.8441,28.9412,28.0384,27.1355,26.2326,25.3298,24.4269,23.5241,22.6212

Brightness max : 185.06
Brightness min :  0.00
Feature direction : Poleward
Feature speed : Slow
Feature type : Line
Start frame : 1
End frame : 243
Start time (s) : 0.000
End time (s) : 372.85000002
Time step (s) : 1.53436214

Feature number : 4

Time (s) : 88.2522140788,88.3567041405,88.6025089554,88.9336243052,89.3030987085,89.7388575563,90.2301603135,90.6660725975,91.0353935646,91.3856884411,91.7551628444,92.1909216922,92.6823778856,93.1181367334,93.5066372272,93.942396075,94.4338522684,94.8696111162,95.2390855195,95.5893803961,95.9396752726,96.2899701492,96.6402650258,96.9905599023,97.3408547789,97.6911496554,98.041444532,98.3917394086,98.7420342851,99.0923291617,99.4426240383,99.7929189148,100.143213791,100.493508668,100.843803545,101.194098421,101.544393298,101.894688174,102.244983051,102.595277927,102.945572804,103.29586768,103.646162557,104.015483524,104.451395808,104.942698565,105.378610849,105.747931816,106.098226693,106.448521569,106.798816446,107.149111323,107.518585726,107.9735241,108.550290829,109.127210994,109.582149368,109.951470335,110.301765212,110.671239615,111.106998463,111.598454656,112.034213504,112.403534471,112.753829348,113.10427766,113.454572537,113.823893504,114.259652352,114.751108545,115.186867393,115.556341796,115.925662763,116.361575047,116.871903895,117.39328015,117.922788525,118.44416478,118.954647064,119.390405912,119.759880315,120.129201282,120.565113566,121.056416323,121.492328607,121.861649574,122.211944451,122.562239328,122.912534204,123.262829081,123.613123957,123.944392743,124.209070212,124.418357208,124.683188114,125.014303463,125.34557225,125.610249719,125.819536715,126.08436762,126.41548297,126.765777846,127.116072723,127.466367599,127.816662476,128.166957353,128.517252229,128.848521015,129.113198484,129.32248548,129.587316386,129.918431735,130.268726612,130.619021488,130.969316365,131.319611242,131.670059554,132.020354431,132.389675398,132.825434246,133.297710913,133.648005789,133.857292785,134.017480192

Position (um) : 3.9204,3.9106,3.9046,3.9033,3.9033,3.9033,3.9033,3.902,3.896,3.8862,3.8803,3.879,3.879,3.879,3.879,3.879,3.879,3.879,3.879,3.879,3.879,3.879,3.879,3.879,3.879,3.879,3.879,3.879,3.879,3.879,3.879,3.879,3.8776,3.8717,3.8619,3.8559,3.8546,3.8546,3.8546,3.8546,3.8546,3.8546,3.8546,3.8546,3.8546,3.8546,3.8546,3.8546,3.8546,3.8546,3.8546,3.8546,3.8559,3.8619,3.8717,3.8776,3.879,3.879,3.879,3.879,3.879,3.879,3.879,3.879,3.879,3.879,3.879,3.879,3.879,3.879,3.879,3.879,3.879,3.879,3.879,3.879,3.879,3.879,3.879,3.879,3.879,3.879,3.879,3.879,3.879,3.879,3.879,3.879,3.879,3.879,3.879,3.8776,3.8717,3.8619,3.8559,3.8546,3.8533,3.8473,3.8375,3.8316,3.8302,3.8302,3.8302,3.8302,3.8302,3.8302,3.8302,3.8289,3.823,3.8131,3.8072,3.8059,3.8059,3.8059,3.8059,3.8059,3.8059,3.8059,3.8059,3.8059,3.8045,3.7986,3.7888,3.7828

Intensity : 74.0427,75.0503,76.5483,78.2203,78.3385,78.1011,77.8335,77.1918,75.967,74.8683,73.5199,72.0696,71.222,70.4705,69.8005,69.049,68.2014,67.4499,66.8791,66.4893,66.0994,65.7096,65.3197,64.8548,64.3841,63.9135,63.4429,63.3932,63.6883,63.9833,64.2784,64.6895,65.7636,67.1944,68.9818,70.5317,71.2535,71.7388,72.224,72.7093,73.3813,74.3232,75.265,76.258,77.2899,78.0106,78.6502,79.192,80.0758,81.16,82.2442,83.3284,83.6759,81.8643,79.4829,77.4634,76.2024,75.2396,74.3264,73.3256,72.1066,70.7317,69.6678,70.8565,71.984,73.1119,74.2394,74.0274,73.2584,72.3912,71.9335,72.3299,72.7261,73.1938,73.9215,74.8415,75.7759,76.8784,78.0915,79.127,79.9899,80.7971,81.7499,82.8238,82.1365,80.7627,79.4597,78.1566,77.0733,76.2409,75.4085,74.7365,74.6094,74.6407,73.9347,72.5357,71.1369,70.4307,70.1384,70.3459,70.3711,70.3477,70.3242,70.7554,72.1252,73.495,74.8648,76.1977,75.4064,74.7392,73.7384,72.2806,70.681,69.8583,69.6315,69.4047,69.1779,68.5683,66.1613,63.3213,60.2808,58.6814,58.2751,57.9205

Time pixel : 57.5172,57.5853,57.7455,57.9613,58.2021,58.4861,58.8063,59.0904,59.3311,59.5594,59.8002,60.0842,60.4045,60.6885,60.9417,61.2257,61.546,61.83,62.0708,62.2991,62.5274,62.7557,62.984,63.2123,63.4406,63.6689,63.8972,64.1255,64.3538,64.5821,64.8104,65.0387,65.267,65.4953,65.7236,65.9519,66.1802,66.4085,66.6368,66.8651,67.0934,67.3217,67.55,67.7907,68.0748,68.395,68.6791,68.9198,69.1481,69.3764,69.6047,69.833,70.0738,70.3703,70.7462,71.1222,71.4187,71.6594,71.8877,72.1285,72.4125,72.7328,73.0168,73.2575,73.4858,73.7142,73.9425,74.1832,74.4672,74.7875,75.0715,75.3123,75.553,75.8371,76.1697,76.5095,76.8546,77.1944,77.5271,77.8111,78.0519,78.2926,78.5767,78.8969,79.181,79.4217,79.65,79.8783,80.1066,80.3349,80.5632,80.7791,80.9516,81.088,81.2606,81.4764,81.6923,81.8648,82.0012,82.1738,82.3896,82.6179,82.8462,83.0745,83.3028,83.5311,83.7594,83.9753,84.1478,84.2842,84.4568,84.6726,84.9009,85.1292,85.3575,85.5858,85.8142,86.0425,86.2832,86.5672,86.875,87.1033,87.2397,87.3441

Position pixel : 36.7422,36.6503,36.5945,36.5821,36.5821,36.5821,36.5821,36.5696,36.5139,36.422,36.3662,36.3538,36.3538,36.3538,36.3538,36.3538,36.3538,36.3538,36.3538,36.3538,36.3538,36.3538,36.3538,36.3538,36.3538,36.3538,36.3538,36.3538,36.3538,36.3538,36.3538,36.3538,36.3413,36.2856,36.1937,36.1379,36.1255,36.1255,36.1255,36.1255,36.1255,36.1255,36.1255,36.1255,36.1255,36.1255,36.1255,36.1255,36.1255,36.1255,36.1255,36.1255,36.1379,36.1937,36.2856,36.3413,36.3538,36.3538,36.3538,36.3538,36.3538,36.3538,36.3538,36.3538,36.3538,36.3538,36.3538,36.3538,36.3538,36.3538,36.3538,36.3538,36.3538,36.3538,36.3538,36.3538,36.3538,36.3538,36.3538,36.3538,36.3538,36.3538,36.3538,36.3538,36.3538,36.3538,36.3538,36.3538,36.3538,36.3538,36.3538,36.3413,36.2856,36.1937,36.1379,36.1255,36.113,36.0573,35.9654,35.9096,35.8972,35.8972,35.8972,35.8972,35.8972,35.8972,35.8972,35.8847,35.829,35.7371,35.6813,35.6689,35.6689,35.6689,35.6689,35.6689,35.6689,35.6689,35.6689,35.6689,35.6564,35.6007,35.5088,35.453

Brightness max : 185.06
Brightness min :  0.00
Feature direction : Ambiguous
Feature speed : Slow
Feature type : Curve
Start frame : 1
End frame : 243
Start time (s) : 0.000
End time (s) : 372.85000002
Time step (s) : 1.53436214

Feature number : 5

Time (s) : 154.913344432,155.158995811,155.490264597,155.840559473,156.19085435,156.560175317,156.996087601,157.487390358,157.923302642,158.292623609,158.642918486,158.993213362,159.343508239,159.693803116,160.044097992,160.413418959,160.849331243,161.340634,161.776546284,162.184072869,162.724475214,163.461582787,164.247636511,165.033843671,165.770797807,166.311353589,166.699700647,167.049995523,167.4002904,167.750585276,168.100880153,168.470354556,168.906113404,169.397569598,169.852507972,170.30729291,170.798749104,171.234507952,171.603982355,171.954277231,172.304572108,172.654866985,173.005161861,173.355456738,173.686572088,173.951402993,174.160689989,174.444546985,174.861279742,175.352582499,175.807520874,176.243279721,176.649118507,176.963049001,177.351549495,177.909290133,178.486210298,178.960174763,179.434139228,180.011059392,180.587979557,181.061944022,181.516882397,182.008185154,182.444097438,182.832597932,183.268356779,183.759659537,184.214597911,184.688715812,185.265482541,185.842402705,186.29734108,186.666662047,187.016956924,187.367405236,187.717700113,188.06799499,188.418289866,188.768584743,189.118879619,189.488200586,189.92411287,190.434441718,190.955817973,191.466300257,191.902059105,192.271533508,192.621828385,192.972123261,193.322418138,193.672713015,194.023007891,194.373302768,194.723597644,195.073892521,195.424187397,195.755456183,196.020133652,196.229420648,196.494098118,196.825366904,197.17566178,197.525956657,197.857225443,198.102876821

Position (um) : 4.4149,4.4149,4.4135,4.4076,4.3978,4.3918,4.3905,4.3905,4.3905,4.3892,4.3832,4.3734,4.3675,4.3661,4.3661,4.3661,4.3661,4.3661,4.3661,4.3675,4.3747,4.3918,4.4149,4.4392,4.4623,4.4807,4.4952,4.5123,4.5294,4.5439,4.561,4.5781,4.5913,4.6038,4.6157,4.6268,4.6328,4.6354,4.6414,4.6512,4.6571,4.6598,4.6657,4.6755,4.6828,4.6901,4.6999,4.7059,4.7072,4.7072,4.7072,4.7085,4.7145,4.7243,4.7302,4.7315,4.7315,4.7315,4.7315,4.7315,4.7315,4.7315,4.7315,4.7315,4.7315,4.7329,4.7388,4.7486,4.7546,4.7572,4.7632,4.773,4.7789,4.7803,4.7803,4.7803,4.7803,4.7803,4.7803,4.7803,4.7803,4.7803,4.7803,4.7803,4.7803,4.7803,4.7803,4.7803,4.7789,4.773,4.7632,4.7572,4.7546,4.7486,4.7388,4.7315,4.7243,4.7131,4.7012,4.6901,4.6842,4.6828,4.6815,4.6755,4.6657,4.6598

Intensity : 41.9596,42.4098,42.9807,43.7677,44.6811,45.2914,44.8148,44.2218,43.6957,43.7356,44.1223,44.6412,44.9752,45.245,45.4916,45.7516,46.0585,46.5438,47.112,47.6057,48.2124,49.5789,50.923,51.1993,52.0249,52.3858,52.1637,51.93,51.5398,50.9692,50.4784,50.1315,49.7142,48.6064,47.5674,46.5574,45.5614,44.7599,43.9019,43.1818,43.3594,43.6915,43.8696,43.8667,43.9351,43.9452,43.5122,43.3159,43.7628,43.3384,42.8142,42.2087,41.7025,41.3085,41.3206,41.8498,43.2382,44.4738,45.7094,46.1544,46.4133,46.6072,45.6254,44.5651,43.6243,43.343,43.3576,43.3759,43.7701,45.4725,47.5576,48.7355,48.0141,47.4202,46.8717,46.0263,44.8848,43.7433,42.6018,41.411,39.8583,38.2213,36.2892,35.1132,36.0649,36.9968,37.1936,35.7967,34.5162,33.4045,32.4633,32.8451,33.1567,33.6561,34.4175,34.7503,34.8775,35.2884,35.8393,36.3698,36.6674,36.9834,37.318,37.9505,38.8442,39.2239

Time pixel : 100.9627,101.1228,101.3387,101.567,101.7953,102.036,102.3201,102.6403,102.9244,103.1651,103.3934,103.6217,103.85,104.0783,104.3066,104.5473,104.8314,105.1516,105.4357,105.7013,106.0535,106.5339,107.0462,107.5586,108.0389,108.3912,108.6443,108.8726,109.1009,109.3292,109.5575,109.7983,110.0823,110.4026,110.6991,110.9955,111.3158,111.5998,111.8406,112.0689,112.2972,112.5255,112.7538,112.9821,113.1979,113.3705,113.5069,113.6919,113.9635,114.2837,114.5802,114.8642,115.1287,115.3333,115.5865,115.95,116.326,116.6349,116.9438,117.3198,117.6958,118.0047,118.3012,118.6214,118.9055,119.1587,119.4427,119.7629,120.0594,120.3684,120.7443,121.1203,121.4168,121.6575,121.8858,122.1142,122.3425,122.5708,122.7991,123.0274,123.2557,123.4964,123.7805,124.1131,124.4529,124.7856,125.0696,125.3104,125.5387,125.767,125.9953,126.2236,126.4519,126.6802,126.9085,127.1368,127.3651,127.581,127.7535,127.8899,128.0624,128.2783,128.5066,128.7349,128.9508,129.1109

Position pixel : 41.3764,41.3764,41.364,41.3082,41.2163,41.1606,41.1481,41.1481,41.1481,41.1357,41.0799,40.988,40.9323,40.9198,40.9198,40.9198,40.9198,40.9198,40.9198,40.9323,41.0004,41.1606,41.3764,41.6047,41.8206,41.9931,42.1295,42.2896,42.4497,42.5861,42.7462,42.9063,43.0303,43.1471,43.2586,43.3629,43.4187,43.4436,43.4993,43.5912,43.647,43.6719,43.7276,43.8195,43.8877,43.9559,44.0478,44.1036,44.116,44.116,44.116,44.1285,44.1842,44.2761,44.3319,44.3443,44.3443,44.3443,44.3443,44.3443,44.3443,44.3443,44.3443,44.3443,44.3443,44.3568,44.4125,44.5045,44.5602,44.5851,44.6408,44.7328,44.7885,44.8009,44.8009,44.8009,44.8009,44.8009,44.8009,44.8009,44.8009,44.8009,44.8009,44.8009,44.8009,44.8009,44.8009,44.8009,44.7885,44.7328,44.6408,44.5851,44.5602,44.5045,44.4125,44.3443,44.2761,44.1718,44.0603,43.9559,43.9002,43.8877,43.8753,43.8195,43.7276,43.6719

Brightness max : 185.06
Brightness min :  0.00
Feature direction : Ambiguous
Feature speed : Slow
Feature type : Curve
Start frame : 1
End frame : 243
Start time (s) : 0.000
End time (s) : 372.85000002
Time step (s) : 1.53436214

Feature number : 6

Time (s) : 187.424176636,187.63392394,188.013371697,188.493320175,189.071467829,189.792771471,190.642040916,191.501744023,192.375102953,193.352184763,194.435290998,195.505508591,196.544885504,197.595770134,198.670283941,199.763056657,200.887437233,202.066441101,203.236392233,204.290499023,205.327114085,206.401474456,207.482125711,208.547279908,209.595095814,210.643525464,211.759467048,212.998617913,214.285334003,215.485358633,216.562020547,217.669216267,218.85328353,219.909691864,220.769241534,221.506962851,222.178706596,222.919189765,223.788866226,224.730811144,225.595270773,226.34434637,227.086670773,227.964019045,228.94416958,230.005641309,231.054377831,231.986809704,232.859861761,233.808557873,234.543057029,235.332179478,236.128359992,236.761437811,237.324088408,237.919420918,238.491737996,239.095662935,239.853637832,240.775022297,241.760389663,242.608278182,243.268974519,243.893613346,244.556611227,245.163298017,245.70139882,246.218171989,246.732336742,247.261231371,247.853648594,248.498387565,249.082519231,249.59484275,250.083537092,250.568088655,251.048804314,251.50650454,251.893317236,252.220750116,252.601885672,253.047924746,253.511302112,253.972838244,254.432533141,254.891000549,255.34808703,255.803946022,256.278370796,256.819080014,257.334165384,257.776675425,258.132340569,258.401160816,258.613669973,258.88249022,259.218822401,259.574487545,259.930152689,260.285817833,260.641482977,260.997301557,261.352966701,261.708631845,262.064296989,262.439295096,262.881958574,263.400112668,263.929621043,264.447928574,264.890438615,265.265436722,265.640588265,266.083098306,266.581919438,267.024582916,267.399581023,267.755246167,268.110911311,268.466729891,268.822395035,269.178060179,269.533725323,269.889390467,270.245055611,270.600720755,270.975872298,271.41838234,271.917356908,272.359866949,272.734865056,273.0905302,273.446195344,273.802013924,274.157679068,274.513344212,274.849676393,275.11849664,275.331005797,275.599826044,275.916671825,276.185492072,276.398001229,276.666821476,277.003153657,277.339485838,277.588819686

Position (um) : 2.6384,2.6498,2.6595,2.6676,2.6742,2.6795,2.6821,2.679,2.671,2.6662,2.6655,2.6658,2.666,2.6661,2.6664,2.6669,2.6679,2.6707,2.6787,2.6913,2.7006,2.7058,2.7102,2.7152,2.7205,2.7275,2.7394,2.7552,2.7671,2.774,2.7779,2.7766,2.7707,2.7681,2.7714,2.771,2.7657,2.7634,2.7646,2.7661,2.765,2.7581,2.7461,2.7367,2.7308,2.725,2.718,2.7098,2.7004,2.6899,2.6808,2.665,2.6389,2.611,2.5903,2.5742,2.5581,2.5409,2.5227,2.5036,2.4826,2.4563,2.4258,2.3989,2.3767,2.3559,2.3353,2.3148,2.2948,2.2767,2.2549,2.2296,2.2087,2.193,2.1776,2.158,2.1349,2.1148,2.095,2.0729,2.0537,2.0361,2.0209,2.0137,2.0075,1.9967,1.9799,1.9594,1.9416,1.9239,1.9123,1.9049,1.8961,1.8801,1.8628,1.8494,1.8367,1.8246,1.812,1.7999,1.7886,1.7825,1.7812,1.7812,1.7812,1.7812,1.7798,1.7738,1.7625,1.7504,1.7391,1.7331,1.7317,1.7317,1.7317,1.7317,1.7317,1.7317,1.7317,1.7317,1.7317,1.7317,1.7317,1.7317,1.7317,1.7317,1.7317,1.7317,1.7317,1.7317,1.7304,1.7243,1.7144,1.7083,1.707,1.707,1.7056,1.6996,1.6896,1.6836,1.6809,1.6749,1.6649,1.6589,1.6575,1.6575,1.6575

Intensity : 164.6988,161.8493,159.5636,157.8232,155.7516,153.5137,154.7185,161.0118,171.4875,183.4186,190.6016,197.9139,203.7912,200.3173,200.1315,200.7002,199.0643,196.2216,192.3985,188.643,186.5353,190.0614,197.3929,208.4553,212.0519,212.1525,208.1983,203.4187,200.8785,203.9693,208.3706,209.3319,211.6756,214.5131,216.9054,215.7502,214.4974,212.4754,209.3712,203.8911,198.8231,197.6481,197.2741,198.4576,197.431,192.4434,194.2404,194.3418,189.4743,187.2712,187.5557,183.6918,176.024,173.3972,172.8592,172.305,168.8141,165.6101,165.6863,168.1102,166.3858,164.8589,162.0407,159.9241,158.7224,158.8181,159.4026,159.8071,160.6937,159.686,155.6385,150.5354,147.9374,146.0312,144.4213,139.1785,133.7314,129.2305,129.5873,132.0597,134.15,136.0017,138.1478,139.5678,140.9192,143.9967,149.6473,156.368,162.9653,168.1823,172.0116,174.8046,176.5373,179.4609,182.5453,184.9266,187.1411,189.5394,191.9607,193.4459,195.0194,197.945,202.6773,207.276,211.8747,216.1325,217.9528,220.937,225.0009,224.5411,224.7397,224.3232,222.42,219.3139,215.8125,212.8197,211.1286,209.5248,207.9209,206.3163,208.384,211.0058,213.6275,216.2493,217.1993,216.8077,216.3947,215.9075,213.4743,210.5008,208.406,207.878,206.9543,204.6188,200.8179,196.6464,192.6543,190.0927,188.8576,186.2536,182.4855,179.8463,180.1778,179.5946,177.9366,176.0809,174.7053

Time pixel : 122.1512,122.2879,122.5352,122.848,123.2248,123.6949,124.2484,124.8087,125.3779,126.0147,126.7206,127.4181,128.0955,128.7804,129.4807,130.1929,130.9257,131.6941,132.4566,133.1436,133.8192,134.5194,135.2237,135.9179,136.6008,137.2841,138.0114,138.819,139.6576,140.4397,141.1414,141.863,142.6347,143.3232,143.8834,144.3642,144.802,145.2846,145.8514,146.4653,147.0287,147.5169,148.0007,148.5725,149.2113,149.9031,150.5866,151.1943,151.7633,152.3816,152.8603,153.3746,153.8935,154.3061,154.6728,155.0608,155.4338,155.8274,156.3214,156.9219,157.5641,158.1167,158.5473,158.9544,159.3865,159.7819,160.1326,160.4694,160.8045,161.1492,161.5353,161.9555,162.3362,162.6701,162.9886,163.3044,163.6177,163.916,164.1681,164.3815,164.6299,164.9206,165.2226,165.5234,165.823,166.1218,166.4197,166.7168,167.026,167.3784,167.7141,168.0025,168.2343,168.4095,168.548,168.7232,168.9424,169.1742,169.406,169.6378,169.8696,170.1015,170.3333,170.5651,170.7969,171.0413,171.3298,171.6675,172.0126,172.3504,172.6388,172.8832,173.1277,173.4161,173.7412,174.0297,174.2741,174.5059,174.7377,174.9696,175.2014,175.4332,175.665,175.8968,176.1286,176.3604,176.6049,176.8933,177.2185,177.5069,177.7513,177.9831,178.2149,178.4468,178.6786,178.9104,179.1296,179.3048,179.4433,179.6185,179.825,180.0002,180.1387,180.3139,180.5331,180.7523,180.9148

Position pixel : 24.7275,24.8337,24.9247,25.0008,25.063,25.1122,25.1369,25.1074,25.0327,24.9876,24.9814,24.9844,24.9856,24.9869,24.9894,24.9946,25.0035,25.0299,25.1054,25.2234,25.3105,25.3593,25.4006,25.4468,25.4968,25.5622,25.6736,25.8221,25.9332,25.9982,26.0346,26.0224,25.9676,25.9426,25.9735,25.9699,25.9207,25.8986,25.9103,25.924,25.9142,25.8493,25.7363,25.6485,25.5932,25.5391,25.4735,25.3967,25.3087,25.2098,25.1248,24.9766,24.7315,24.4709,24.2767,24.1255,23.9749,23.8136,23.6429,23.4644,23.267,23.0209,22.7346,22.4831,22.2749,22.0798,21.8862,21.6949,21.5067,21.3378,21.1335,20.8964,20.7003,20.5525,20.4088,20.2251,20.0086,19.8197,19.6342,19.4276,19.2477,19.0829,18.9401,18.8726,18.814,18.7128,18.5562,18.3641,18.1971,18.031,17.9218,17.8525,17.7707,17.6207,17.4582,17.3323,17.2137,17.1005,16.9819,16.8687,16.7627,16.7061,16.6935,16.6935,16.6935,16.6935,16.6808,16.6242,16.5183,16.405,16.2991,16.2425,16.2298,16.2298,16.2298,16.2298,16.2298,16.2298,16.2298,16.2298,16.2298,16.2298,16.2298,16.2298,16.2298,16.2298,16.2298,16.2298,16.2298,16.2298,16.2172,16.1606,16.0673,16.0107,15.998,15.998,15.9854,15.9288,15.8355,15.7788,15.7536,15.697,15.6036,15.547,15.5344,15.5344,15.5344

Brightness max : 185.06
Brightness min :  0.00
Feature direction : Poleward
Feature speed : Slow
Feature type : Curve
Start frame : 1
End frame : 243
Start time (s) : 0.000
End time (s) : 372.85000002
Time step (s) : 1.53436214

Feature number : 7

Time (s) : 294.122645798,294.086127979,294.265341477,294.663048143,295.154350901,295.609289275,296.06422765,296.555530407,296.991442691,297.360763658,297.711058534,298.061353411,298.430827814,298.866586662,299.358042856,299.793801703,300.182302197,300.618214481,301.109517238,301.545276086,301.914750489,302.265045366,302.615340243,302.965635119,303.315929996,303.666224872,304.016519749,304.405020243,304.964448679,305.787020222,306.695209173,307.500442424,308.220058268,308.90162193,309.497568185,309.95250656,310.398238762,311.109722486,312.109819729,312.962311334,313.560098823,314.070427671,314.506339955,314.875660922,315.245135326,315.680894173,316.172350367,316.608109215,316.996609708,317.432368556,317.92382475,318.359583597,318.729058001,319.136584585,319.743424811,320.516896766,321.142916519,321.655086602,322.232006766,322.827953021,323.406560984,324.088124647,324.806052692,325.365634565,325.820419503,326.245437816,326.625652754,327.050671067,327.448224297,327.732081293,327.96039438,328.291663166,328.697501952,329.077870326,329.502735203,329.900288433,330.184145429,330.393432425,330.65826333,330.98937868,331.358853084,331.794611931,332.285914689,332.721826973,333.09114794,333.441442816,333.791737693,334.142032569,334.492327446,334.842622322,335.192917199,335.543212076,335.912686479,336.348445327,336.83990152,337.275660368,337.645134771,337.995429648,338.345724524,338.696019401,339.046314277,339.396609154,339.765930121,340.201842405,340.693145162,341.12890401,341.498378413,341.86769938,342.303611664,342.794914422,343.230826706,343.600147673,343.950442549,344.300737426,344.651032302,345.001327179,345.351622056,345.701916932,346.052211809,346.402506685,346.752801562,347.103096438,347.453391315,347.803686191,348.134954978,348.399632447,348.589893352,348.76910685,348.959214319,349.224045224,349.555160574,349.88642936,350.151106829,350.360393825,350.644250821,351.060983579,351.552286336,351.98819862,352.357519587,352.707814463,353.05810934,353.389378126,353.654209031,353.863342591,354.128173496,354.459442282,354.809737159,355.160032036,355.510326912,355.860621789,356.210916665,356.561211542,356.911506418,357.261801295,357.631122262,358.067034546,358.558337303,358.994096151,359.363570554,359.713865431,360.064160307,360.395275657,360.660106563,360.869393558,361.134071028,361.465339814,361.81563469,362.165929567,362.516224443,362.86651932,363.216814196,363.567109073,363.91740395,364.267698826,364.617993703,364.968288579,365.318583456,365.668878332,366.019173209,366.369468085,366.719762962,367.070057839,367.420352715,367.770647592,368.120942468,368.452211254,368.697862633

Position (um) : 1.6378,1.6378,1.6378,1.6378,1.6378,1.6378,1.6378,1.6378,1.6378,1.6378,1.6378,1.6378,1.6378,1.6378,1.6378,1.6378,1.6378,1.6392,1.6451,1.6549,1.6609,1.6622,1.6622,1.6622,1.6622,1.6622,1.6622,1.6622,1.6622,1.6622,1.6622,1.6622,1.6622,1.6622,1.6622,1.6622,1.6622,1.6622,1.6622,1.6635,1.6695,1.6793,1.6852,1.6866,1.6866,1.6866,1.6866,1.6879,1.6938,1.7036,1.7096,1.7109,1.7109,1.7136,1.7268,1.7524,1.7741,1.7827,1.784,1.784,1.7853,1.7913,1.8011,1.807,1.8097,1.8156,1.8268,1.8387,1.8511,1.863,1.8742,1.8814,1.8887,1.8999,1.9118,1.9242,1.9361,1.9472,1.9545,1.9618,1.9716,1.9776,1.9802,1.9862,1.996,2.0019,2.0032,2.0032,2.0032,2.0032,2.0032,2.0032,2.0032,2.0019,1.9946,1.9789,1.9631,1.9559,1.9545,1.9545,1.9545,1.9545,1.9545,1.9545,1.9545,1.9545,1.9545,1.9545,1.9545,1.9545,1.9545,1.9545,1.9545,1.9545,1.9545,1.9545,1.9545,1.9545,1.9545,1.9559,1.9618,1.9729,1.9848,1.9973,2.0105,2.0276,2.0447,2.0579,2.069,2.0763,2.0836,2.0947,2.1066,2.1178,2.125,2.1336,2.1494,2.1652,2.1738,2.181,2.1908,2.1981,2.2054,2.2152,2.2212,2.2225,2.2225,2.2225,2.2225,2.2225,2.2225,2.2225,2.2225,2.2225,2.2225,2.2225,2.2225,2.2225,2.2225,2.2225,2.2225,2.2238,2.2298,2.2396,2.2455,2.2468,2.2468,2.2468,2.2482,2.2541,2.2639,2.2699,2.2712,2.2712,2.2712,2.2725,2.2785,2.2883,2.2942,2.2956,2.2956,2.2969,2.3028,2.3126,2.3186,2.3199,2.3199

Intensity : 151.0605,151.2997,150.1258,148.234,150.3633,152.335,154.3067,155.0832,155.5804,156.0016,156.9063,161.2554,165.8426,171.2528,176.9698,181.315,185.1889,189.3144,192.9297,195.2009,197.4771,200.3952,200.1134,199.7888,199.4643,199.1397,198.3038,197.0103,195.1477,193.6888,193.2538,192.9322,192.661,191.4871,190.1581,189.2674,193.1349,199.3082,205.854,210.2487,215.7529,220.1176,224.0693,222.2933,220.0329,217.3671,215.3617,217.2257,218.4401,219.5091,217.7449,215.163,213.2702,210.5593,206.9873,201.5215,198.6324,198.4671,199.8391,202.6667,205.1899,207.1833,208.3724,209.0109,207.3522,204.8905,200.1135,195.6301,191.5984,187.923,184.6038,182.6823,182.6491,182.06,182.082,181.9626,180.1609,178.1372,177.6899,177.7149,177.2713,177.6173,179.0619,179.2682,176.8207,173.5664,171.7047,170.232,168.7608,167.6931,166.6255,165.5579,164.4318,163.0595,162.7543,164.6236,166.8901,167.9818,167.6785,167.0661,166.4538,167.0247,167.8233,168.7659,169.9127,171.423,172.7035,173.9836,175.4986,177.2163,178.7402,180.0314,180.295,180.1907,180.0864,179.9821,180.2444,181.2091,182.1737,183.0051,183.4851,182.349,181.4995,181.0384,180.9697,181.8517,180.4775,179.8034,179.6931,181.0712,183.1932,184.0497,181.1703,178.7174,176.6565,174.0517,170.2269,167.9484,166.9315,166.0707,163.0911,159.0822,155.5475,151.8049,148.634,146.2371,145.7082,145.1793,144.6503,144.1214,142.681,140.8156,138.9502,137.0848,135.1578,132.975,130.5148,128.3328,126.9394,125.6809,124.4224,122.966,121.2597,119.6042,118.5969,118.6803,119.0975,119.5905,120.1333,119.4557,117.6947,116.8987,117.1703,117.7574,118.3445,118.5907,117.8023,116.1291,115.3697,115.8009,116.5834,116.668,115.4536,113.1502,111.9358,111.0215,110.1798

Time pixel : 191.6905,191.6667,191.7835,192.0427,192.3629,192.6594,192.9559,193.2761,193.5602,193.8009,194.0292,194.2575,194.4983,194.7823,195.1026,195.3866,195.6398,195.9239,196.2441,196.5281,196.7689,196.9972,197.2255,197.4538,197.6821,197.9104,198.1387,198.3919,198.7565,199.2926,199.8845,200.4093,200.8783,201.3225,201.7109,202.0074,202.2979,202.7616,203.4134,203.969,204.3586,204.6912,204.9753,205.216,205.4568,205.7408,206.0611,206.3451,206.5983,206.8823,207.2026,207.4866,207.7274,207.993,208.3885,208.8926,209.3006,209.6344,210.0104,210.3988,210.7759,211.2201,211.688,212.0527,212.3491,212.6261,212.8739,213.1509,213.41,213.595,213.7438,213.9597,214.2242,214.4721,214.749,215.0081,215.1931,215.3295,215.5021,215.7179,215.9587,216.2427,216.5629,216.847,217.0877,217.316,217.5443,217.7726,218.0009,218.2292,218.4575,218.6858,218.9266,219.2106,219.5309,219.8149,220.0557,220.284,220.5123,220.7406,220.9689,221.1972,221.4379,221.722,222.0422,222.3262,222.567,222.8077,223.0918,223.412,223.6961,223.9368,224.1651,224.3934,224.6217,224.85,225.0783,225.3066,225.5349,225.7632,225.9915,226.2198,226.4481,226.6764,226.8923,227.0648,227.1888,227.3056,227.4295,227.6021,227.8179,228.0338,228.2063,228.3427,228.5277,228.7993,229.1195,229.4036,229.6443,229.8726,230.1009,230.3168,230.4894,230.6257,230.7983,231.0142,231.2425,231.4708,231.6991,231.9274,232.1557,232.384,232.6123,232.8406,233.0813,233.3654,233.6856,233.9696,234.2104,234.4387,234.667,234.8828,235.0554,235.1918,235.3643,235.5802,235.8085,236.0368,236.2651,236.4934,236.7217,236.95,237.1783,237.4066,237.6349,237.8632,238.0915,238.3198,238.5481,238.7764,239.0047,239.233,239.4613,239.6896,239.9179,240.1338,240.2939

Position pixel : 15.35,15.35,15.35,15.35,15.35,15.35,15.35,15.35,15.35,15.35,15.35,15.35,15.35,15.35,15.35,15.35,15.35,15.3624,15.4182,15.5101,15.5659,15.5783,15.5783,15.5783,15.5783,15.5783,15.5783,15.5783,15.5783,15.5783,15.5783,15.5783,15.5783,15.5783,15.5783,15.5783,15.5783,15.5783,15.5783,15.5907,15.6465,15.7384,15.7942,15.8066,15.8066,15.8066,15.8066,15.819,15.8748,15.9667,16.0225,16.0349,16.0349,16.0598,16.1837,16.4233,16.6267,16.7074,16.7198,16.7198,16.7323,16.788,16.8799,16.9357,16.9606,17.0163,17.1207,17.2322,17.349,17.4605,17.5648,17.633,17.7012,17.8056,17.9171,18.0339,18.1454,18.2497,18.3179,18.3861,18.478,18.5338,18.5587,18.6144,18.7063,18.7621,18.7745,18.7745,18.7745,18.7745,18.7745,18.7745,18.7745,18.7621,18.6939,18.5462,18.3986,18.3304,18.3179,18.3179,18.3179,18.3179,18.3179,18.3179,18.3179,18.3179,18.3179,18.3179,18.3179,18.3179,18.3179,18.3179,18.3179,18.3179,18.3179,18.3179,18.3179,18.3179,18.3179,18.3304,18.3861,18.4905,18.602,18.7188,18.8427,19.0028,19.1629,19.2869,19.3912,19.4594,19.5276,19.632,19.7435,19.8478,19.916,19.9967,20.1443,20.292,20.3726,20.4408,20.5328,20.6009,20.6691,20.7611,20.8168,20.8292,20.8292,20.8292,20.8292,20.8292,20.8292,20.8292,20.8292,20.8292,20.8292,20.8292,20.8292,20.8292,20.8292,20.8292,20.8292,20.8417,20.8974,20.9894,21.0451,21.0575,21.0575,21.0575,21.07,21.1257,21.2177,21.2734,21.2858,21.2858,21.2858,21.2983,21.354,21.446,21.5017,21.5142,21.5142,21.5266,21.5823,21.6743,21.73,21.7425,21.7425

Brightness max : 185.06
Brightness min :  0.00
Feature direction : Antipoleward
Feature speed : Slow
Feature type : Curve
Start frame : 1
End frame : 243
Start time (s) : 0.000
End time (s) : 372.85000002
Time step (s) : 1.53436214

Feature number : 8

Time (s) : 10.2697926754,10.5110097475,10.8362484903,11.1802064512,11.5241797558,11.8681530603,12.2121110212,12.5560843258,12.881307725,13.1412747024,13.3280219184,13.5039979122,13.6719798793,13.8479558732,14.0159531839,14.1731792724,14.2946700666,14.481401939,14.7958694596,15.1505986428,15.5677917087,15.9770060914,16.3397293013,16.6837332931,17.046456503,17.4556708857,17.8541447335,18.124806215,18.3195167705,18.506248643,18.8037614619,19.3344973261,20.1045936842,20.8096330875,21.2205352686,21.5180480876,21.843179425,22.2059026349,22.6527088901,23.219041956,23.7855284581,24.2323347132,24.5761852688,24.8173869972,24.9389084787,25.0417107421,25.1989828614,25.3668420796,25.542833417,25.7108460713,25.8681181907

Position (um) : 3.3435,3.3422,3.3363,3.3267,3.3196,3.3111,3.2956,3.2802,3.2717,3.2646,3.2536,3.242,3.2297,3.218,3.2058,3.1928,3.1747,3.1521,3.1295,3.1101,3.09,3.0636,3.0397,3.0195,2.9977,2.9788,2.9608,2.944,2.9297,2.9129,2.8948,2.876,2.8541,2.8366,2.8231,2.8114,2.7992,2.7862,2.7681,2.7455,2.7229,2.7061,2.6976,2.6892,2.6737,2.6569,2.644,2.6317,2.62,2.6091,2.6033

Intensity : 99.29433,99.91891,101.0909,102.5887,103.8136,105.0199,106.4427,105.9604,104.7867,103.8402,103.3812,102.98,102.6153,102.2859,102.4163,102.9393,104.1763,105.7529,107.2935,108.6811,109.3577,109.514,109.2468,108.4452,107.5869,106.2034,104.5051,103.3934,102.6022,101.7939,100.343,97.6553,94.57241,94.3536,94.41519,94.5176,94.1756,93.7146,93.31896,94.12427,96.59399,98.77991,100.089,100.095,101.149,102.2554,102.7766,103.1767,103.4793,103.7281,103.6048

Time pixel : 6.6932,6.85041,7.06238,7.28655,7.51073,7.73491,7.95908,8.18326,8.39522,8.56465,8.68636,8.80105,8.91053,9.02522,9.13471,9.23718,9.31636,9.43806,9.64301,9.8742,10.1461,10.4128,10.6492,10.8734,11.1098,11.3765,11.6362,11.8126,11.9395,12.0612,12.2551,12.601,13.1029,13.5624,13.8302,14.0241,14.236,14.4724,14.7636,15.1327,15.5019,15.7931,16.0172,16.1744,16.2536,16.3206,16.4231,16.5325,16.6472,16.7567,16.8592

Position pixel : 31.3353,31.323,31.2683,31.178,31.1111,31.0319,30.8869,30.7419,30.6627,30.5958,30.4933,30.3838,30.2691,30.1596,30.0449,29.9232,29.7538,29.5418,29.3299,29.1482,28.9596,28.7121,28.4879,28.2993,28.0943,27.9179,27.7484,27.5912,27.4573,27.3001,27.1306,26.9542,26.7492,26.585,26.4581,26.3486,26.2339,26.1122,25.9428,25.7308,25.5189,25.3617,25.2825,25.2033,25.0583,24.9011,24.7794,24.6647,24.5552,24.4527,24.398

Brightness max : 185.06
Brightness min :  0.00
Feature direction : Poleward
Feature speed : Slow
Feature type : Curve
Start frame : 1
End frame : 243
Start time (s) : 0.000
End time (s) : 372.85000002
Time step (s) : 1.53436214

Feature number : 9

Time (s) : 131.847431818,132.90552795,133.963624081,135.021720213,136.079816345,137.137912476,138.196008608,139.25410474,140.312354308,141.37045044,142.428546571,143.486642703,144.544738835,145.602834967,146.660931098

Position (um) : 3.653,3.5704,3.4879,3.4053,3.3227,3.2401,3.1575,3.0749,2.9923,2.9097,2.8271,2.7445,2.6619,2.5793,2.4968

Intensity : 72.0277,68.45281,66.89391,68.5178,69.02883,70.03524,71.1155,78.97078,88.8226,99.63222,108.6106,116.9507,126.5797,133.8316,147.7233

Time pixel : 85.9298,86.6194,87.309,87.9986,88.6882,89.3778,90.0674,90.757,91.4467,92.1363,92.8259,93.5155,94.2051,94.8947,95.5843

Position pixel : 34.2365,33.4624,32.6884,31.9143,31.1403,30.3663,29.5922,28.8181,28.0441,27.27,26.496,25.7219,24.9479,24.1738,23.3998

Brightness max : 185.06
Brightness min :  0.00
Feature direction : Poleward
Feature speed : Slow
Feature type : Line
Start frame : 1
End frame : 243
Start time (s) : 0.000
End time (s) : 372.85000002
Time step (s) : 1.53436214

Feature number : 10

Time (s) : 3.83912751049,3.94177633766,4.16425884796,4.40546057637,4.61106510313,4.85226683154,5.09346855994,5.28020043238,5.45619176984,5.62420442417,5.80019576163,5.96820841596,6.1440463172,6.33077818964,6.57213335426,6.81333508267,7.01878617322,7.25998790162,7.50118963003,7.70679415679,7.96671510331,8.29184644077,8.63585043256,8.96113520624,9.22105615276,9.4265072433,9.66786240793,9.90906413633,10.0957960088,10.2717873462,10.4585192187,10.6997209471,10.9409226755,11.146373766,11.3875754944,11.6289306591,11.8343817496,12.0943026961,12.4008682517,12.6607891982,12.8662402888,13.1261612353,13.451446009,13.7767307826,14.0366517291,14.2233836016,14.3806557209

Position (um) : 4.2236,4.2068,4.1842,4.1615,4.1448,4.1363,4.1292,4.1182,4.1066,4.0943,4.0826,4.0704,4.0587,4.0465,4.0335,4.0167,4.0013,3.9928,3.9857,3.9747,3.963,3.9521,3.9463,3.9437,3.9378,3.9282,3.921,3.9139,3.903,3.8913,3.8804,3.8732,3.8661,3.8564,3.8493,3.8421,3.8325,3.8267,3.8241,3.8182,3.8086,3.8015,3.7943,3.7834,3.7717,3.7608,3.7549

Intensity : 64.0877,64.1003,63.2085,62.1705,60.9369,61.6808,62.4143,63.3964,64.4895,65.6846,66.9284,68.2743,69.6909,71.581,73.6797,75.9376,77.8821,79.6356,81.3017,82.8395,84.0862,85.4351,86.498,87.3214,87.9065,87.8418,87.8241,87.8273,87.8231,87.8379,87.8836,87.9814,87.295,86.7153,86.1212,85.6534,85.3339,84.9192,84.6818,85.0237,85.5756,86.1102,86.769,87.7592,89.8804,91.8479,93.3293

Time pixel : 2.5021,2.569,2.714,2.8712,3.0052,3.1624,3.3196,3.4413,3.556,3.6655,3.7802,3.8897,4.0043,4.126,4.2833,4.4405,4.5744,4.7316,4.8888,5.0228,5.1922,5.4041,5.6283,5.8403,6.0097,6.1436,6.3009,6.4581,6.5798,6.6945,6.8162,6.9734,7.1306,7.2645,7.4217,7.579,7.7129,7.8823,8.0821,8.2515,8.3854,8.5548,8.7668,8.9788,9.1482,9.2699,9.3724

Position pixel : 39.5835,39.4263,39.2143,39.0023,38.8451,38.7659,38.699,38.5965,38.487,38.3723,38.2628,38.1482,38.0387,37.924,37.8023,37.6451,37.5001,37.4209,37.3539,37.2514,37.142,37.0395,36.9847,36.9603,36.9056,36.8153,36.7483,36.6814,36.5789,36.4694,36.367,36.3,36.233,36.1428,36.0758,36.0089,35.9186,35.8639,35.8394,35.7847,35.6944,35.6275,35.5605,35.458,35.3485,35.2461,35.1913

Brightness max : 185.06
Brightness min :  0.00
Feature direction : Poleward
Feature speed : Slow
Feature type : Curve
Start frame : 1
End frame : 243
Start time (s) : 0.000
End time (s) : 372.85000002
Time step (s) : 1.53436214

