KYMOANALYSIS DATA

General Information :

Tiff path : E:\Google Drive\microtubule dynamics and cut7\19-15 screens and tests\cut11-7\17-09-14 FRAP of cut7-3GFP #3\37 degrees day 1 data\
Spindle type : Monopolar
Start frame : 1
End frame : 259
Start time (s) : 0.000
End time (s) : 394.989999985
Time step (s) : 1.525057915
Num poles : 1
Num tracks : 10
Num tracks poleward : 3
Num tracks antipoleward : 6
Num tracks ambiguous : 2
Comments : {

}
Poles Information :


Pole number : 1

Time (s) : 3.33513847891,3.64464440758,4.20587487065,4.99559866089,5.79695254279,6.4574795267,6.94834686769,7.34858001679,7.74882841646,8.21951161594,8.74901324909,9.21972542467,9.6200333016,10.000129586,10.380242646,10.7603694316,11.1405145178,11.5206733296,11.900850442,12.3012696482,12.7721267043,13.3422558803,14.0146661155,14.8249278606,15.6468196975,16.4185447542,17.149825275,17.7904868545,18.2817232595,18.6823254726,19.062735919,19.4229393479,19.7127308529,19.9437466259,20.2335991332,20.593878815,20.9744265166,21.3549894687,21.7355676714,22.0959541073,22.3859591204,22.6171731509,22.9072239157,23.2677171057,23.6484630647,24.009017257,24.2991747759,24.5305718134,24.8207903346,25.1814665315,25.5624107481,25.9433854658,26.3243754341,26.7054264048,27.086492626,27.467604599,27.8487470731,28.2299352989,28.6111540259,28.9721962367,29.2628417742,29.4947420807,29.7854791216,30.1466738382,30.5281518251,30.9096603131,31.2912145529,31.6728145444,32.0544755382,32.4361670331,32.8179042798,33.1997025289,33.581531279,33.9836585501,34.4562434968,35.0079026964,35.5914661075,36.2743412901,37.1183235909,38.0916003016,38.9944955896,39.6892052217,40.2614832043,40.7345561695,41.1372629625,41.5198084899,41.9023997691,42.2850673011,42.6880181034,43.161441832,43.713955064,44.2781502396,44.8307854763,45.3044532141,45.7077700303,46.1111478488,46.6052361121,47.2488258028,47.9831411889,48.7175023267,49.3815277935,49.9665705108,50.5198462718,50.9941392834,51.3980966239,51.7818774482,52.1859567934,52.7009688513,53.4156872431,54.1892728705,54.7748951099,55.1995169852,55.5837553268,55.9680394203,56.3523997666,56.7368211152,57.1212882156,57.5260538368,58.0012923843,58.5353981673,59.0107587194,59.4157530993,59.800570963,60.185449829,60.5906119653,61.0662317772,61.6007188247,62.0966829092,62.6129150135,63.2381887586,63.8837305234,64.4705270574,65.0255108832,65.5015119597,65.9071316133,66.2925595002,66.6982554067,67.1946312569,67.9213823557,69.0407291136,70.5061877653,71.8454478745,72.8326331135,73.5711271582,74.3279981508,75.1436906273,75.9324200797,76.7481278067,77.4848222832,78.0922986024,78.6476941939,79.1442988028,79.6408881611,80.1760614846,80.6726355923,81.1692097,81.7043372718,82.1604058413,82.4958575803,82.8226622409,83.2872711347,83.8338823926,84.4092867439,85.0569483392,85.994858957,87.220014233,88.4095289055,89.4146945773,90.0920795514,90.5581219996,91.0540860842,91.7600811448,92.7881531864,94.0629795987,95.1294525987,95.7763364145,96.201385306,96.5858981581,96.9702890056,97.3545883496,97.7387809395,98.1228667754,98.5068306067,98.9108947013,99.3852639657,99.9183174588,100.392412213,100.795973038,101.179143839,101.562192636,101.965311195,102.479133707,103.232908832,104.226621319,105.310815492,106.283954948,106.946424855,107.309800405,107.661387257,108.203819856,108.90412645,109.557049495,110.127741418,110.619206582,111.110473488,111.660333119,112.262044719,112.992760969,113.782085194,114.49401273,115.264532991,116.143820382,116.964072782,117.643242074,118.222931838,118.770534383,119.238879669,119.676998307,120.275949552,121.213982175,122.473908771,123.891648361,125.171293956,126.21919175,127.056692555,127.712650465,128.198671172,128.614005445,129.079270114,129.643511041,130.309747842,131.093322598,131.797594344,132.301961497,132.715389447,133.198985312,133.811509573,134.423774574,134.926753925,135.429458766,136.040884985,136.651990942,137.153719746,137.634860267,138.15420349,138.634596733,139.114623962,139.65307616,140.202798536,140.740518707,141.239304148,141.808150751,142.474021537,143.021929095,143.448869058,143.925647914,144.531294164,145.136604901,145.612346717,145.997118829,146.36131791,146.725181478,147.088724784,147.451932577,147.814835358,148.177417877,148.539695385,148.901667881,149.283572884,149.73560005,150.246128438,150.7178136,151.189209002,151.719136126,152.260424932,152.789757284,153.23995438,153.659802824,154.220261608,154.988890797,155.788936179,156.558937921,157.378809056,158.257242415,159.076808538,159.805328704,160.42297716,160.890864928,161.24772848,161.534134357,161.831825662,162.246946426,162.673657631,163.049889419,163.405837936,163.781917218,164.228149164,164.77366238,165.421201971,166.206606797,166.983166287,167.618810426,168.125129654,168.701906557,169.48670136,170.353544279,171.178753117,171.936401889,172.721044186,173.426535978,174.002855364,174.547148534,175.082901379,175.627194549,176.162947395,176.707240565,177.242840904,177.766850804,178.211862704,178.586416928,178.940687881,179.295111341,179.6495348,180.003805754,180.358229213,180.712652673,181.067228638,181.421652097,181.776228063,182.130804028,182.485379993,182.840108464,183.194684429,183.549565406,183.904293877,184.23904409,184.523467391,184.860200178,185.475561047,186.290551997,186.996806317,187.483147286,187.858769051,188.214107545,188.569598545,188.925242051,189.280885557,189.636529062,189.992325074,190.348273591,190.704222109,191.060170626,191.416424155,191.772525178,192.128931213,192.505468012,192.952614993,193.458629209,193.905928695,194.303053776,194.750658274,195.277108267,195.876151016,196.695107116,197.702102857,198.611799904,199.401017375,200.240409251,201.229561815,202.268736278,203.167300402,203.837410849,204.405342417,204.944602896,205.472272934,205.920944973,206.299311842,206.657547946,207.015936556,207.37417266,207.732713776,208.091254892,208.449796008,208.808489629,209.167183251,209.505746108,209.774003795,209.983394247,210.25180444,210.570389038,210.838799231,211.048494695,211.317209899,211.656230274,212.015533919,212.374990069,212.73444622,213.09390237,213.453511027,213.813119683,214.152597575,214.441901061,214.763078258,215.292578366,215.962993826,216.603365644,217.185175239,217.845830328,218.647553274,219.528274219,220.35012793,221.101828976,221.833094246,222.564512022,223.296082304,224.02750008,224.738787092,225.359485663,225.830728559,226.211383015,226.571906706,226.932277891,227.292801582,227.653325273,228.01400147,228.374525161,228.714918088,228.985005845,229.196226366,229.466314123,229.806707049,230.167535752,230.528211949,230.909323922,231.381024335,232.022311188,232.824796663,233.746846678,234.750792304,235.903126064,237.249599698,238.69901474,239.845858292,240.828605612,241.841396574,242.956366415,244.177480288,245.252036095,246.105305998,246.788836956,247.460929979,248.183044902,248.925443095,249.667841288,250.430370245,251.283640149,252.306648998,253.490551458,254.733473658,255.826787678,256.720471616,257.614155554,258.727752843,260.101677519,261.677062345,263.401902847,265.106612585,266.5711257,267.725137025,268.709561909,269.712287488,270.715013067,271.658871411,272.570856044,273.424125947,274.277395851,275.169249719,276.002236352,276.744634545,277.436858333,278.211130237,279.202265375,280.307169835,281.540179159,282.90556351,284.338202916,285.612846321,286.655985935,287.489125074,288.140782321,288.683550433,289.367081391,290.297519224,291.200963533,292.004059031,292.857328935,293.839771244,294.822366058,295.655352691,296.327293209,296.899952456,297.461173769,298.05396378,298.776231209,299.617910672,300.613773491,301.935693691,303.339509502,304.584261772,305.717989826,306.791173081,307.804269054,309.022027799,310.814275861,312.93166627,315.016115428,316.77282964,318.247865656,319.613250007,320.864560026,321.840444586,322.702254814,323.515110683,324.27763964,325.101018409,326.185639598,327.475686088,328.653030798,329.906170887,331.289855933,332.552908899,333.557464547,334.562020196,335.804942397,337.118169767,338.211483786,338.994296014,339.587238532,340.148307338,340.721119091,341.352493068,341.984019551,342.576962068,343.228771821,343.991300778,344.935311628,346.087492883,347.271395342,348.384992632,349.387718211,350.240988114,350.983386307,351.655326824,352.359141052,353.311692226,354.525638326,355.736534311,356.621677925,357.354315747,358.146888345,358.988567809,359.853428152,360.884977326,362.080622731,363.382259662,364.435159646,365.088646963,365.61128431,366.303355592,367.317671612,368.700289117,370.337438789,372.048858781,373.323502187,374.10829699,374.780237507,375.50235243,376.224467353,376.835863071,377.207062167

Position (um) : 3.8185,3.8181,3.8176,3.8171,3.8167,3.8162,3.8158,3.8153,3.8148,3.8144,3.8139,3.8135,3.813,3.8125,3.8121,3.8116,3.8111,3.8107,3.8102,3.8097,3.8093,3.8088,3.8097,3.8156,3.8256,3.8315,3.8324,3.8319,3.8315,3.831,3.8305,3.8314,3.8373,3.8473,3.8531,3.8541,3.8536,3.8531,3.8526,3.8535,3.8594,3.8693,3.8752,3.8761,3.8756,3.8765,3.8824,3.8923,3.8981,3.8991,3.8986,3.898,3.8989,3.9048,3.9147,3.9205,3.9214,3.9209,3.9204,3.9213,3.9271,3.937,3.9428,3.9437,3.9432,3.9427,3.9421,3.9416,3.941,3.9405,3.9399,3.9394,3.9388,3.9383,3.9377,3.9372,3.9366,3.936,3.9354,3.9349,3.9343,3.9337,3.9331,3.9326,3.932,3.9314,3.9308,3.9302,3.9296,3.929,3.9284,3.9278,3.9272,3.9265,3.9259,3.9253,3.9247,3.924,3.9234,3.9228,3.9221,3.9215,3.9208,3.9202,3.9195,3.9189,3.9182,3.9176,3.9169,3.9162,3.9156,3.9149,3.9156,3.9213,3.9311,3.9367,3.9389,3.9445,3.9543,3.9599,3.962,3.9677,3.9774,3.983,3.9837,3.983,3.9823,3.9816,3.9809,3.9801,3.9794,3.9787,3.9779,3.9772,3.9764,3.9757,3.975,3.9742,3.9735,3.9727,3.972,3.9712,3.9691,3.962,3.9508,3.9422,3.9337,3.9225,3.9154,3.9132,3.9125,3.9117,3.911,3.9102,3.9095,3.9087,3.908,3.9058,3.8987,3.8875,3.8804,3.8782,3.8775,3.8767,3.876,3.8753,3.8745,3.8738,3.8731,3.8723,3.8716,3.8709,3.8702,3.8695,3.8688,3.8681,3.8674,3.8667,3.866,3.8639,3.8569,3.8457,3.8387,3.8367,3.836,3.8354,3.8347,3.8341,3.8335,3.8329,3.8323,3.8317,3.8311,3.8305,3.8299,3.8279,3.821,3.81,3.8031,3.8012,3.7993,3.7924,3.7814,3.7746,3.7727,3.7723,3.7718,3.7713,3.7709,3.7705,3.7701,3.7697,3.7693,3.7675,3.7608,3.75,3.7433,3.7416,3.7413,3.741,3.7407,3.7404,3.7416,3.7476,3.7579,3.764,3.7666,3.7728,3.783,3.7906,3.7982,3.8086,3.8148,3.8161,3.816,3.8173,3.8236,3.834,3.8403,3.8431,3.8495,3.8599,3.8663,3.8678,3.8678,3.8679,3.868,3.8682,3.8683,3.8685,3.8686,3.8688,3.8691,3.8707,3.8773,3.8881,3.8947,3.8964,3.8967,3.8971,3.8975,3.8978,3.8982,3.8986,3.8991,3.8995,3.9,3.9005,3.901,3.9015,3.902,3.9025,3.9031,3.9037,3.9043,3.9048,3.9055,3.9047,3.899,3.8892,3.8835,3.8827,3.8834,3.8841,3.8848,3.8855,3.8863,3.887,3.8863,3.8807,3.871,3.8655,3.8648,3.8656,3.8664,3.8672,3.868,3.8688,3.8697,3.8705,3.8713,3.8721,3.873,3.8752,3.8824,3.8938,3.901,3.9032,3.9041,3.905,3.9058,3.9067,3.9076,3.9084,3.9093,3.9102,3.9111,3.9119,3.9128,3.9137,3.9146,3.9155,3.9163,3.9172,3.9181,3.9189,3.9198,3.9207,3.9216,3.9224,3.9233,3.9241,3.925,3.9259,3.9267,3.9261,3.9206,3.9096,3.8978,3.8867,3.8812,3.8806,3.8815,3.8823,3.8817,3.8762,3.8665,3.861,3.859,3.8534,3.8437,3.8382,3.8376,3.8383,3.8391,3.8399,3.8392,3.8337,3.824,3.8184,3.8177,3.8184,3.8192,3.8199,3.8206,3.8214,3.8221,3.8228,3.8235,3.8242,3.8249,3.8256,3.8263,3.827,3.8277,3.8284,3.8291,3.8297,3.8304,3.8311,3.8318,3.8324,3.8331,3.8337,3.8344,3.8364,3.8434,3.8545,3.8615,3.8649,3.8719,3.883,3.89,3.892,3.8926,3.8932,3.8938,3.8944,3.895,3.8957,3.8948,3.8891,3.8792,3.8735,3.8727,3.8732,3.8724,3.8667,3.8568,3.851,3.8502,3.8508,3.8513,3.8519,3.8525,3.853,3.8536,3.8542,3.8547,3.8553,3.8558,3.8564,3.857,3.8575,3.8581,3.8586,3.8577,3.852,3.842,3.8363,3.8354,3.8359,3.8365,3.837,3.8375,3.8381,3.8386,3.8392,3.8397,3.8402,3.8408,3.8413,3.8418,3.8424,3.8429,3.8448,3.8517,3.8627,3.8695,3.8709,3.8709,3.8709,3.8709,3.8709,3.8709,3.8709,3.8709,3.8709,3.8709,3.8709,3.8709,3.8723,3.8787,3.8891,3.8955,3.8969,3.8969,3.8969,3.8969,3.8969,3.8969,3.8969,3.8969,3.8969,3.8969,3.8983,3.9046,3.9151,3.9214,3.9228,3.9228,3.9228,3.9243,3.9306,3.941,3.9474,3.9502,3.9566,3.967,3.9734,3.9748,3.9762,3.9825,3.993,3.9993,4.0007,4.0007,4.0007,4.0007,4.0007,4.0007,4.0007,4.0007,4.0007,4.0007,4.0022,4.0085,4.019,4.0253,4.0267,4.0267,4.0267,4.0267,4.0253,4.019,4.0085,4.0022,4.0007,4.0007,4.0007,4.0007,4.0007,4.0007,4.0007,3.9993,3.993,3.9825,3.9762,3.9734,3.967,3.9566,3.9502,3.9488,3.9488,3.9488,3.9488,3.9488,3.9488,3.9488,3.9488,3.9488,3.9488,3.9488,3.9474,3.941,3.9306,3.9243,3.9228,3.9228,3.9228,3.9228,3.9228,3.9228,3.9228,3.9228,3.9228,3.9228,3.9243,3.9306,3.941,3.9474,3.9488,3.9502,3.958,3.9748,3.9916,3.9993,4.0007,4.0007,4.0007,4.0007,4.0007,4.0007,4.0007,4.0007,4.0007,4.0007,4.0007,4.0007,4.0007

Intensity : 255,255,255,247.3134,232.7859,213.5255,194.6688,179.4224,160.9029,130.1513,95.33381,69.05871,70.47106,71.81591,73.16304,74.4413,75.47329,76.50538,77.53758,78.48311,79.10506,79.85964,80.29844,79.81025,80.38933,82.82928,85.81045,88.7008,90.92097,92.00696,93.00182,93.81572,94.03857,93.9983,95.26537,97.73334,100.5465,103.3548,105.6962,107.7224,108.6705,108.7377,109.611,110.281,111.1863,111.8466,111.613,109.6522,107.2764,105.2727,103.3643,101.5257,101.0635,100.0385,98.64374,97.84157,98.25133,98.79691,99.33294,99.74055,100.1943,100.3093,100.9097,102.0214,103.2311,104.0265,104.8271,105.633,106.4502,107.3542,108.2764,109.2171,109.9712,108.265,106.2572,103.9122,101.8846,99.59299,98.18862,97.58888,105.5002,111.7308,114.9514,117.6133,119.8778,119.458,118.7417,118.023,117.2596,115.3546,113.0964,111.0336,111.2759,111.4854,111.667,113.775,116.6232,120.3026,122.9847,125.591,126.5083,127.1292,127.4873,127.4272,127.3635,127.2884,126.6574,125.6961,124.1107,117.9157,113.2002,111.9024,111.6444,111.8061,112.4525,113.0268,113.3755,114.2639,115.0163,115.9104,116.8072,117.8005,119.984,122.203,124.28,126.7518,130.4593,133.9144,137.7372,143.6596,149.8031,151.9717,152.7133,153.3514,153.8394,154.2944,154.7761,154.7621,150.8569,146.6094,144.2841,140.4991,140.218,139.1412,137.3157,133.9198,130.4154,133.4075,139.3326,143.2886,146.2293,148.8169,151.6781,154.908,157.8931,156.6644,153.294,150.4012,148.2136,146.219,143.7094,140.8463,140.1727,139.6368,142.354,148.0134,151.6801,145.9427,141.8657,139.2775,136.5295,133.5273,131.4979,131.5425,134.5088,137.5833,139.6799,141.6813,143.6881,145.9343,149.0511,152.9415,155.5072,157.4325,158.6987,159.028,159.3229,159.0949,158.0431,156.9922,155.8893,154.8374,153.6602,150.7345,146.5708,146.9488,146.5972,145.8048,145.6612,146.4829,147.4144,148.4236,148.56,148.0427,147.4428,145.7635,143.2607,139.7962,134.0103,128.924,124.2479,120.648,121.6132,124.0614,129.5435,135.3152,138.0981,138.9816,139.8844,138.9435,135.7311,131.1094,129.1449,124.6795,123.5554,124.3647,125.1879,126.0136,126.4859,127.2655,129.016,130.7491,129.4756,128.6874,128.2797,128.442,127.8309,126.7184,126.5791,127.0495,127.9394,129.144,130.7068,133.9411,137.9322,141.6198,145.5202,150.0008,154.5713,157.8294,160.5844,163.7301,164.4638,164.787,164.0158,161.3572,158.8981,155.8332,152.2234,149.2993,146.5322,144.5704,142.7144,140.8527,138.9849,138.127,137.7482,137.3741,136.9875,139.0445,143.102,146.835,149.9146,152.4764,155.0968,156.3205,156.3625,156.5741,156.1892,152.3631,149.0933,148.672,149.4245,152.8026,154.4604,154.9344,155.3398,155.6318,156.0385,157.2101,158.2299,157.529,155.9393,154.2659,154.7445,156.5443,158.7114,160.8454,158.7726,156.3096,156.9207,157.4649,155.8248,152.8374,149.183,148.0738,148.4775,150.7652,151.3718,149.9895,149.3022,149.9941,150.6949,149.8576,147.1432,144.376,145.0204,147.595,149.7387,150.4137,149.5569,148.6734,147.7634,147.0424,147.7182,148.3944,149.0711,149.7484,149.4614,148.9776,148.4944,148.0118,148.735,150.5331,152.336,154.4274,157.6139,161.3038,166.1281,171.9334,176.3532,178.2816,177.6942,176.5929,176.1316,177.972,181.5016,182.6874,182.1984,183.1426,185.9563,187.9122,188.0556,187.7922,187.5503,187.346,187.5163,188.9806,192.3344,195.1735,196.9075,198.0093,195.076,191.1615,183.3694,178.2765,176.6159,177.3727,180.7034,186.7183,190.5545,191.4274,192.2142,193.7719,195.3348,196.6475,197.4212,198.1375,198.8427,199.5368,199.6809,199.7747,199.875,199.9815,199.3757,198.2189,196.278,193.1741,190.9271,188.6193,184.6327,180.3966,176.6114,173.2851,170.0212,166.1299,162.244,158.3634,154.488,149.8138,145.4997,142.6749,140.1264,137.1628,136.2946,135.0602,132.2039,129.953,127.5123,123.5363,118.369,113.3277,112.3075,111.4886,111.2669,111.1264,110.7032,110.2577,109.3913,107.4933,105.6867,103.8753,102.2761,101.7824,101.2939,100.8104,100.567,100.987,102.0193,102.7464,102.2645,101.4192,101.0647,100.9429,100.8214,100.4242,99.26278,100.9246,106.74,110.6807,108.7121,100.2837,93.81667,91.1662,95.40162,99.46474,101.3167,105.0117,108.0761,110.9116,115.936,122.829,126.8217,127.1731,127.7791,128.8348,130.8362,134.8392,142.1571,143.3543,142.6204,140.5208,142.0759,144.6588,148.8914,154.9291,154.9265,151.8463,149.1903,149.5373,155.998,157.1682,156.783,156.185,154.6496,152.1957,154.0234,156.809,152.6746,148.6503,149.019,150.1912,147.5985,154.7175,161.3669,165.1686,165.4267,159.2366,156.9626,155.4584,155.402,155.7034,158.5065,162.7697,164.1248,165.315,172.4137,178.3861,182.4751,184.5569,185.873,186.8425,185.6688,184.2392,182.8201,180.8848,176.2302,175.1284,170.8791,173.5303,178.6518,179.3462,187.0791,186.7196,178.8067,178,178,170.1855,165.9262,161.7573,155.3914,145.2189,136.9539,132.9487,129.7673,128.6233,135.6246,133.8807,132.1592,139.4206,145.7229,149.4217,147.9253,141.0367,132.8089,130.6703,127.727,124.6265,121.8507,120.3549,118.7056,118.0151,117.9986,118.1501,119.3293,120.3674,120.8257,119.9483,118.6829,117.8012,119.3482,119.7859,118.2305,116.7651,116.7651,115.2544,115.5571,120.1015,121.9482,123.2743,125.9335,128.7777,126.3872,123.5733,119.736,113.887,113.883,114.2268,114.9649,116.6434,118.9095,113.2381,100.9967,94.55344,90.85585,87.784,83.92112,79.42035,75.9939,74.65178

Time pixel : 2.186893,2.38984,2.757846,3.275678,3.801136,4.234252,4.55612,4.818558,5.081006,5.389639,5.73684,6.045492,6.307979,6.557213,6.806458,7.055712,7.304978,7.554253,7.80354,8.0661,8.374847,8.748688,9.189596,9.720895,10.25982,10.76585,11.24536,11.66545,11.98756,12.25024,12.49968,12.73587,12.92589,13.07737,13.26743,13.50367,13.7532,14.00274,14.25229,14.4886,14.67876,14.83037,15.02056,15.25694,15.5066,15.74302,15.93328,16.08501,16.27531,16.51181,16.7616,17.01141,17.26123,17.51109,17.76096,18.01086,18.26078,18.51073,18.7607,18.99744,19.18802,19.34008,19.53072,19.76756,20.0177,20.26786,20.51805,20.76827,21.01853,21.26881,21.51912,21.76947,22.01984,22.28352,22.5934,22.95513,23.33778,23.78555,24.33896,24.97715,25.56919,26.02472,26.39997,26.71017,26.97423,27.22507,27.47594,27.72686,27.99108,28.30151,28.6638,29.03375,29.39612,29.70671,29.97117,30.23567,30.55965,30.98166,31.46316,31.94469,32.3801,32.76372,33.12651,33.43751,33.70239,33.95404,34.219,34.5567,35.02535,35.5326,35.9166,36.19503,36.44698,36.69896,36.95099,37.20306,37.45516,37.72057,38.03219,38.38241,38.69411,38.95967,39.212,39.46437,39.73004,40.04191,40.39238,40.71759,41.05609,41.46609,41.88938,42.27415,42.63806,42.95018,43.21615,43.46888,43.7349,44.06038,44.53692,45.27089,46.23181,47.10998,47.75729,48.24153,48.73782,49.27268,49.78986,50.32473,50.80779,51.20612,51.5703,51.89593,52.22155,52.57247,52.89808,53.22369,53.57458,53.87363,54.09359,54.30788,54.61253,54.97095,55.34825,55.77293,56.38793,57.19128,57.97126,58.63036,59.07453,59.38012,59.70533,60.16826,60.84238,61.6783,62.3776,62.80177,63.08048,63.33261,63.58466,63.83665,64.08857,64.34042,64.59219,64.85714,65.16819,65.51772,65.82859,66.09321,66.34446,66.59563,66.85996,67.19688,67.69114,68.34273,69.05365,69.69175,70.12614,70.36441,70.59495,70.95063,71.40983,71.83796,72.21217,72.53443,72.85656,73.21711,73.61166,74.0908,74.60837,75.07519,75.58043,76.15699,76.69484,77.14018,77.52029,77.87936,78.18646,78.47374,78.86648,79.48156,80.30771,81.23734,82.07642,82.76354,83.3127,83.74282,84.06151,84.33385,84.63893,85.00891,85.44577,85.95957,86.42137,86.75209,87.02318,87.34028,87.74192,88.14339,88.4732,88.80283,89.20375,89.60446,89.93345,90.24894,90.58948,90.90448,91.21924,91.57231,91.93277,92.28536,92.61242,92.98542,93.42204,93.78131,94.06126,94.37389,94.77102,95.16793,95.47988,95.73218,95.97099,96.20958,96.44796,96.68612,96.92408,97.16183,97.39938,97.63673,97.88715,98.18355,98.51831,98.8276,99.1367,99.48418,99.83911,100.1862,100.4814,100.7567,101.1242,101.6282,102.1528,102.6577,103.1953,103.7713,104.3087,104.7864,105.1914,105.4982,105.7322,105.92,106.1152,106.3874,106.6672,106.9139,107.1473,107.3939,107.6865,108.0442,108.4688,108.9838,109.493,109.9098,110.2418,110.62,111.1346,111.703,112.2441,112.7409,113.2554,113.718,114.0959,114.4528,114.8041,115.161,115.5123,115.8692,116.2204,116.564,116.8558,117.1014,117.3337,117.5661,117.7985,118.0308,118.2632,118.4956,118.7281,118.9605,119.193,119.4255,119.658,119.8906,120.1231,120.3558,120.5884,120.8079,120.9944,121.2152,121.6187,122.1531,122.6162,122.9351,123.1814,123.4144,123.6475,123.8807,124.1139,124.3471,124.5804,124.8138,125.0472,125.2806,125.5142,125.7477,125.9814,126.2283,126.5215,126.8533,127.1466,127.407,127.7005,128.0457,128.4385,128.9755,129.6358,130.2323,130.7498,131.3002,131.9488,132.6302,133.2194,133.6588,134.0312,134.3848,134.7308,135.025,135.2731,135.508,135.743,135.9779,136.213,136.4481,136.6832,136.9184,137.1536,137.3756,137.5515,137.6888,137.8648,138.0737,138.2497,138.3872,138.5634,138.7857,139.0213,139.257,139.4927,139.7284,139.9642,140.2,140.4226,140.6123,140.8229,141.1701,141.6097,142.0296,142.4111,142.8443,143.37,143.9475,144.4864,144.9793,145.4588,145.9384,146.4181,146.8977,147.3641,147.7711,148.0801,148.3297,148.5661,148.8024,149.0388,149.2752,149.5117,149.7481,149.9713,150.1484,150.2869,150.464,150.6872,150.9238,151.1603,151.4102,151.7195,152.14,152.6662,153.2708,153.9291,154.6847,155.5676,156.518,157.27,157.9144,158.5785,159.3096,160.1103,160.8149,161.3744,161.8226,162.2633,162.7368,163.2236,163.7104,164.2104,164.7699,165.4407,166.217,167.032,167.7489,168.3349,168.9209,169.6511,170.552,171.585,172.716,173.8338,174.7941,175.5508,176.1963,176.8538,177.5113,178.1302,178.7282,179.2877,179.8472,180.432,180.9782,181.465,181.9189,182.4266,183.0765,183.801,184.6095,185.5048,186.4442,187.28,187.964,188.5103,188.9376,189.2935,189.7417,190.3518,190.9442,191.4708,192.0303,192.6745,193.3188,193.865,194.3056,194.6811,195.0491,195.4378,195.9114,196.4633,197.1163,197.9831,198.9036,199.7198,200.4632,201.1669,201.8312,202.6297,203.8049,205.1933,206.5601,207.712,208.6792,209.5745,210.395,211.0349,211.6,212.133,212.633,213.1729,213.8841,214.73,215.502,216.3237,217.231,218.0592,218.7179,219.3766,220.1916,221.0527,221.7696,222.2829,222.6717,223.0396,223.4152,223.8292,224.2433,224.6321,225.0595,225.5595,226.1785,226.934,227.7103,228.4405,229.098,229.6575,230.1443,230.5849,231.0464,231.671,232.467,233.261,233.8414,234.3218,234.8415,235.3934,235.9605,236.6369,237.4209,238.2744,238.9648,239.3933,239.736,240.1898,240.8549,241.7615,242.835,243.9572,244.793,245.3076,245.7482,246.2217,246.6952,247.0961,247.3395

Position pixel : 35.7873,35.783,35.7788,35.7745,35.7702,35.7659,35.7617,35.7574,35.753,35.7487,35.7444,35.7401,35.7357,35.7314,35.7271,35.7227,35.7183,35.714,35.7096,35.7052,35.7008,35.6964,35.7052,35.7602,35.8538,35.9088,35.9176,35.9131,35.9087,35.9042,35.8997,35.9085,35.9634,36.0569,36.1118,36.1205,36.1159,36.1113,36.1068,36.1154,36.1703,36.2636,36.3184,36.3271,36.3224,36.331,36.3857,36.479,36.5337,36.5423,36.5375,36.5327,36.5412,36.5958,36.689,36.7436,36.752,36.7472,36.7423,36.7506,36.8051,36.8982,36.9526,36.9609,36.9559,36.9509,36.9458,36.9407,36.9356,36.9305,36.9254,36.9202,36.915,36.9098,36.9045,36.8993,36.894,36.8887,36.8833,36.8779,36.8725,36.8671,36.8617,36.8562,36.8507,36.8451,36.8396,36.834,36.8284,36.8227,36.817,36.8113,36.8056,36.7998,36.794,36.7882,36.7823,36.7764,36.7705,36.7645,36.7585,36.7525,36.7465,36.7404,36.7343,36.7281,36.722,36.7158,36.7095,36.7033,36.697,36.6906,36.6975,36.7506,36.8422,36.8951,36.9152,36.9681,37.0596,37.1125,37.1324,37.1852,37.2765,37.3293,37.3359,37.3291,37.3224,37.3156,37.3088,37.302,37.2951,37.2883,37.2814,37.2745,37.2676,37.2606,37.2536,37.2467,37.2397,37.2327,37.2256,37.2186,37.1983,37.1318,37.0267,36.947,36.8672,36.7621,36.6956,36.6752,36.6681,36.6611,36.654,36.6469,36.6398,36.6327,36.6257,36.6053,36.5389,36.4338,36.3674,36.3471,36.3401,36.3332,36.3262,36.3193,36.3124,36.3056,36.2987,36.2919,36.2851,36.2784,36.2717,36.265,36.2584,36.2518,36.2453,36.2388,36.2323,36.2127,36.1469,36.0426,35.977,35.9575,35.9514,35.9454,35.9394,35.9335,35.9276,35.9218,35.9161,35.9105,35.905,35.8995,35.8941,35.8755,35.8108,35.7077,35.6432,35.625,35.6069,35.5426,35.44,35.3759,35.3582,35.3538,35.3495,35.3453,35.3413,35.3373,35.3335,35.3297,35.3261,35.3093,35.2465,35.1452,35.0826,35.0663,35.0633,35.0605,35.0578,35.0553,35.0661,35.1232,35.219,35.2764,35.301,35.3586,35.455,35.5261,35.5974,35.6942,35.7525,35.7647,35.7638,35.7764,35.8352,35.9327,35.9918,36.0181,36.0775,36.1756,36.2353,36.249,36.2496,36.2505,36.2515,36.2526,36.254,36.2555,36.2572,36.2591,36.2612,36.2767,36.3385,36.4391,36.5013,36.5175,36.5205,36.5238,36.5272,36.5308,36.5345,36.5384,36.5424,36.5466,36.551,36.5555,36.5601,36.5649,36.5698,36.5749,36.5801,36.5854,36.5909,36.5965,36.6022,36.5948,36.5413,36.4494,36.3962,36.3892,36.3956,36.4021,36.4087,36.4154,36.4222,36.4291,36.4228,36.3705,36.2796,36.2274,36.2214,36.2288,36.2363,36.2438,36.2513,36.259,36.2667,36.2744,36.2822,36.29,36.2979,36.3191,36.3865,36.4925,36.56,36.5813,36.5894,36.5975,36.6057,36.6138,36.622,36.6302,36.6384,36.6466,36.6548,36.663,36.6712,36.6795,36.6877,36.6959,36.7041,36.7123,36.7205,36.7287,36.7368,36.745,36.7531,36.7612,36.7693,36.7773,36.7854,36.7934,36.8014,36.7961,36.7446,36.6412,36.5302,36.4268,36.3752,36.3697,36.3774,36.3851,36.3795,36.3277,36.2373,36.1854,36.1664,36.1144,36.0238,35.9718,35.9659,35.9732,35.9804,35.9876,35.9816,35.9293,35.8384,35.786,35.7797,35.7867,35.7936,35.8005,35.8074,35.8142,35.8209,35.8276,35.8343,35.841,35.8476,35.8541,35.8606,35.8671,35.8736,35.88,35.8863,35.8927,35.899,35.9052,35.9114,35.9176,35.9238,35.9299,35.936,35.9553,36.0207,36.1247,36.1901,36.2225,36.2879,36.3917,36.457,36.4761,36.4818,36.4876,36.4933,36.499,36.5047,36.5103,36.5027,36.4488,36.3564,36.3025,36.2948,36.3003,36.2925,36.2386,36.146,36.092,36.0841,36.0895,36.0949,36.1002,36.1056,36.1109,36.1162,36.1215,36.1267,36.132,36.1372,36.1424,36.1476,36.1528,36.158,36.1632,36.1551,36.1008,36.0079,35.9536,35.9455,35.9506,35.9556,35.9607,35.9658,35.9708,35.9759,35.9809,35.9859,35.9909,35.9959,36.0009,36.0059,36.0109,36.0159,36.0341,36.0985,36.2014,36.265,36.2783,36.2783,36.2783,36.2783,36.2783,36.2783,36.2783,36.2783,36.2783,36.2783,36.2783,36.2783,36.2916,36.351,36.449,36.5084,36.5217,36.5217,36.5217,36.5217,36.5217,36.5217,36.5217,36.5217,36.5217,36.5217,36.535,36.5944,36.6924,36.7518,36.7651,36.7651,36.7651,36.7784,36.8378,36.9358,36.9952,37.0218,37.0812,37.1792,37.2386,37.2519,37.2651,37.3246,37.4226,37.482,37.4953,37.4953,37.4953,37.4953,37.4953,37.4953,37.4953,37.4953,37.4953,37.4953,37.5085,37.568,37.666,37.7254,37.7387,37.7387,37.7387,37.7387,37.7254,37.666,37.568,37.5085,37.4953,37.4953,37.4953,37.4953,37.4953,37.4953,37.4953,37.482,37.4226,37.3246,37.2651,37.2386,37.1792,37.0812,37.0218,37.0085,37.0085,37.0085,37.0085,37.0085,37.0085,37.0085,37.0085,37.0085,37.0085,37.0085,36.9952,36.9358,36.8378,36.7784,36.7651,36.7651,36.7651,36.7651,36.7651,36.7651,36.7651,36.7651,36.7651,36.7651,36.7784,36.8378,36.9358,36.9952,37.0085,37.0218,37.0945,37.2519,37.4093,37.482,37.4953,37.4953,37.4953,37.4953,37.4953,37.4953,37.4953,37.4953,37.4953,37.4953,37.4953,37.4953,37.4953

Pole type : Curve
Start frame : 1
End frame : 259
Start time (s) : 0.000
End time (s) : 394.989999985
Time step (s) : 1.525057915

Feature Information :


Feature number : 1

Time (s) : 10.7574230197,11.0235303753,11.3823002498,11.8030942297,12.3678536768,13.0528486899,13.6176081369,14.0384021168,14.4178365261,14.7972861859,15.1767205952,15.5562007562,15.9356351654,16.3150695747,16.6945039839,17.0739383932,17.4533728024,17.8328072117,18.2122416209,18.5916760302,18.9711104394,19.3505448487,19.7299792579,20.1094136672,20.4888480764,20.8682824857,21.2478694007,21.62730381,22.0067382192,22.3861726285,22.7656070377,23.145041447,23.5450641381,24.0172220686,24.5287264933,24.9081609025,25.1555252963,25.4423886902,25.8010823118,26.2012575087,26.6732629333,27.1849198638,27.5849425549,27.92503047,28.3645521611,28.8159693039,29.2161445008,29.5955789101,29.9750133193,30.3544477286,30.7338821378,31.1133165471,31.5133392382,31.9854971687,32.5383306629,33.1445411841,33.8826692149,34.6602962458,35.2457659794,35.6665294581,36.0459638674,36.4255507824,36.8049851917,37.1844196009,37.5638540102,37.9432884194,38.301982041,38.5888454348,38.815469041,39.102179929,39.4610260564,39.8404604657,40.2198948749,40.5993292842,40.9581754116,41.2448862996,41.4715099058,41.7583732996,42.1170669212,42.4965013304,42.8759357397,43.2553701489,43.6348045582,44.0143914732,44.3938258825,44.7732602917,45.152694701,45.5113883226,45.7982517164,46.0248753226,46.3115862106,46.670432338,47.0498667472,47.4293011565,47.8087355658,48.188169975,48.5676043843,48.9470387935,49.3264732028,49.705907612,50.0853420213,50.4647764305,50.8856924151,51.4710096428,52.2486366737,52.9455881408,53.3663516196,53.6137160134,53.8798386196,54.1459612257,54.3725848319,54.6594482257,55.0181418473,55.3975762566,55.7770106658,56.1358567932,56.4225676813,56.6491912874,56.9360546812,57.274160021,57.560870909,57.787647021,58.074357909,58.4330515306,58.791897658,59.078608546,59.3259729398,59.7261481367,60.3303760827,60.9551923104,61.4686793104,61.9614255227,62.4936707351,62.9656761598,63.3658513567,63.7660265536,64.2380319783,64.7910179782,65.3764877118,66.0218922214,66.6881900245,67.3662307735,68.0718750708,68.6367565225,69.0781082831,69.5502662136,70.0825114259,70.5545168506,70.9546920475,71.3341264568,71.713560866,72.0929952753,72.4724296845,72.8518640938,73.231298503,73.6107329123,73.9903198273,74.3697542366,74.7491886458,75.1286230551,75.5080574643,75.9288209431,76.493549889,77.1786059044,77.7639231322,78.2774101322,78.8096553445,79.281813275,79.6818359661,80.0612703753,80.4407047846,80.8201391938,81.1995736031,81.5791605181,81.9585949274,82.317288549,82.6041519428,82.830775549,83.117486437,83.4763325644,83.8557669736,84.2352013829,84.6146357922,84.9940702014,85.3735046107,85.7529390199,86.1323734292,86.5118078384,86.8912422477,87.2706766569,87.6501110662,88.0295454754,88.4089798847,88.7884142939,89.168001209,89.5474356182,89.9268700275,90.3063044367,90.685738846,91.0651732552,91.4446076645,91.8240420737,92.203476483,92.5829108922,92.9623453015,93.3417797107,93.72121412,94.1006485292,94.4800829385,94.8595173477,95.238951757,95.6183861663,95.9978205755,96.3772549848,96.7568418998,97.1362763091,97.5157107183,97.8951451276,98.2745795368,98.6332731584,98.8993957646

Position (um) : 2.2553,2.2553,2.2553,2.2553,2.2553,2.2553,2.2553,2.2553,2.2553,2.2553,2.2553,2.2553,2.2553,2.2553,2.2553,2.2553,2.2553,2.2553,2.2538,2.2473,2.2366,2.2301,2.2287,2.2287,2.2287,2.2287,2.2287,2.2287,2.2287,2.2287,2.2287,2.2287,2.2287,2.2287,2.2273,2.2208,2.2101,2.2036,2.2021,2.2021,2.2021,2.2007,2.1942,2.1821,2.1691,2.157,2.1505,2.1491,2.1476,2.1411,2.1304,2.124,2.1211,2.1146,2.1039,2.0974,2.096,2.096,2.096,2.096,2.096,2.096,2.096,2.096,2.096,2.096,2.0945,2.088,2.0773,2.0709,2.068,2.0615,2.0508,2.0443,2.0414,2.0349,2.0228,2.0098,1.9977,1.9912,1.9898,1.9883,1.9818,1.9712,1.9647,1.9618,1.9553,1.9432,1.9302,1.9181,1.9116,1.9101,1.9101,1.9101,1.9087,1.9022,1.8915,1.8836,1.8757,1.865,1.8585,1.857,1.8556,1.8491,1.8384,1.8305,1.8226,1.8119,1.8039,1.796,1.7853,1.7788,1.7759,1.7695,1.7588,1.7509,1.7429,1.7322,1.7257,1.7229,1.7164,1.7057,1.6992,1.6977,1.6963,1.6898,1.6777,1.6633,1.6447,1.6275,1.6181,1.6087,1.5916,1.5744,1.5665,1.565,1.565,1.565,1.5636,1.5571,1.5464,1.5399,1.5385,1.5385,1.5385,1.5385,1.5385,1.5385,1.5385,1.5385,1.5385,1.5385,1.5385,1.5385,1.5385,1.5385,1.5385,1.5399,1.5464,1.5571,1.5636,1.565,1.5665,1.5729,1.5836,1.5901,1.5916,1.5916,1.5916,1.5916,1.5916,1.5916,1.5916,1.5916,1.5916,1.5901,1.5836,1.5729,1.5665,1.565,1.565,1.565,1.565,1.565,1.565,1.565,1.565,1.565,1.565,1.565,1.565,1.565,1.565,1.565,1.565,1.565,1.565,1.565,1.565,1.565,1.565,1.5636,1.5571,1.5464,1.5399,1.5385,1.5385,1.5385,1.5385,1.5385,1.5385,1.5385,1.5385,1.5385,1.5385,1.5385,1.5385,1.5385,1.5385,1.5385,1.5385

Intensity : 255,255,255,255,255,255,255,255,255,255,255,255,255,255,255,255,255,255,255,255,255,255,255,255,255,255,255,255,255,255,255,255,255,255,255,255,255,255,255,255,255,255,255,255,255,255,255,255,255,255,255,255,255,255,255,255,255,255,255,255,255,255,255,255,255,255,255,255,255,255,255,255,255,255,255,254.6256,253.5179,252.4476,251.435,250.417,249.8877,250.1529,250.7592,251.6174,252.0177,252.0221,252.3287,253.1632,254.2101,255,255,255,255,255,255,255,255,255,255,255,255,255,255,255,254.7011,254.4425,254.5968,255,255,255,255,255,255,255,255,255,255,254.9317,254.884,254.837,254.8723,255,255,255,255,255,255,255,255,255,255,255,255,255,255,255,255,255,255,255,255,255,255,255,255,255,255,255,255,255,255,255,255,255,255,255,255,255,255,255,255,255,255,255,255,255,255,255,255,255,255,255,255,255,255,255,255,255,255,255,255,255,255,255,255,255,255,255,255,255,255,255,255,253.9736,252.8108,251.6485,250.4861,250.3282,250.3282,250.3282,250.3282,251.3848,252.7539,253.9918,254.8687,254.3122,253.479,252.6458,251.8126,252.239,252.968,253.6971,254.4261,253.6343,252.4303,251.2268,250.0233,250.6375,251.8005,252.8999,253.7156

Time pixel : 7.05378,7.22827,7.46352,7.73944,8.10976,8.55892,8.92924,9.20516,9.45396,9.70277,9.95157,10.2004,10.4492,10.698,10.9468,11.1956,11.4444,11.6932,11.942,12.1908,12.4396,12.6884,12.9372,13.186,13.4348,13.6836,13.9325,14.1813,14.4301,14.6789,14.9277,15.1765,15.4388,15.7484,16.0838,16.3326,16.4948,16.6829,16.9181,17.1805,17.49,17.8255,18.0878,18.3108,18.599,18.895,19.1574,19.4062,19.655,19.9038,20.1526,20.4014,20.6637,20.9733,21.3358,21.7333,22.2173,22.7272,23.1111,23.387,23.6358,23.8847,24.1335,24.3823,24.6311,24.8799,25.1151,25.3032,25.4518,25.6398,25.8751,26.1239,26.3727,26.6215,26.8568,27.0448,27.1934,27.3815,27.6167,27.8655,28.1143,28.3631,28.6119,28.8608,29.1096,29.3584,29.6072,29.8424,30.0305,30.1791,30.3671,30.6024,30.8512,31.1,31.3488,31.5976,31.8464,32.0952,32.344,32.5928,32.8416,33.0904,33.3664,33.7502,34.2601,34.7171,34.993,35.1552,35.3297,35.5042,35.6528,35.8409,36.0761,36.3249,36.5737,36.809,36.997,37.1456,37.3337,37.5554,37.7434,37.8921,38.0801,38.3153,38.5506,38.7386,38.9008,39.1632,39.5594,39.9691,40.3058,40.6289,40.9779,41.2874,41.5498,41.8122,42.1217,42.4843,42.8682,43.2914,43.7283,44.1729,44.6356,45.006,45.2954,45.605,45.954,46.2635,46.5259,46.7747,47.0235,47.2723,47.5211,47.7699,48.0187,48.2675,48.5164,48.7652,49.014,49.2628,49.5116,49.7875,50.1578,50.607,50.9908,51.3275,51.6765,51.9861,52.2484,52.4972,52.746,52.9948,53.2436,53.4925,53.7413,53.9765,54.1646,54.3132,54.5012,54.7365,54.9853,55.2341,55.4829,55.7317,55.9805,56.2293,56.4781,56.7269,56.9757,57.2245,57.4733,57.7221,57.9709,58.2197,58.4686,58.7174,58.9662,59.215,59.4638,59.7126,59.9614,60.2102,60.459,60.7078,60.9566,61.2054,61.4542,61.703,61.9518,62.2006,62.4494,62.6982,62.947,63.1958,63.4447,63.6935,63.9423,64.1911,64.4399,64.6751,64.8496

Position pixel : 21.1364,21.1364,21.1364,21.1364,21.1364,21.1364,21.1364,21.1364,21.1364,21.1364,21.1364,21.1364,21.1364,21.1364,21.1364,21.1364,21.1364,21.1364,21.1228,21.062,20.9619,20.9011,20.8875,20.8875,20.8875,20.8875,20.8875,20.8875,20.8875,20.8875,20.8875,20.8875,20.8875,20.8875,20.874,20.8132,20.7131,20.6523,20.6387,20.6387,20.6387,20.6252,20.5644,20.4507,20.3292,20.2154,20.1547,20.1411,20.1276,20.0668,19.9666,19.9059,19.8788,19.818,19.7178,19.6571,19.6435,19.6435,19.6435,19.6435,19.6435,19.6435,19.6435,19.6435,19.6435,19.6435,19.63,19.5692,19.469,19.4083,19.3812,19.3204,19.2202,19.1595,19.1324,19.0716,18.9579,18.8363,18.7226,18.6619,18.6483,18.6347,18.574,18.4738,18.4131,18.3859,18.3252,18.2115,18.0899,17.9762,17.9154,17.9019,17.9019,17.9019,17.8883,17.8276,17.7274,17.6531,17.5788,17.4786,17.4178,17.4043,17.3907,17.33,17.2298,17.1555,17.0812,16.981,16.9067,16.8324,16.7322,16.6714,16.6443,16.5835,16.4834,16.4091,16.3347,16.2346,16.1738,16.1467,16.0859,15.9858,15.925,15.9114,15.8979,15.8371,15.7234,15.5883,15.4138,15.2529,15.165,15.0772,14.9162,14.7553,14.681,14.6674,14.6674,14.6674,14.6539,14.5931,14.4929,14.4322,14.4186,14.4186,14.4186,14.4186,14.4186,14.4186,14.4186,14.4186,14.4186,14.4186,14.4186,14.4186,14.4186,14.4186,14.4186,14.4322,14.4929,14.5931,14.6539,14.6674,14.681,14.7417,14.8419,14.9027,14.9162,14.9162,14.9162,14.9162,14.9162,14.9162,14.9162,14.9162,14.9162,14.9027,14.8419,14.7417,14.681,14.6674,14.6674,14.6674,14.6674,14.6674,14.6674,14.6674,14.6674,14.6674,14.6674,14.6674,14.6674,14.6674,14.6674,14.6674,14.6674,14.6674,14.6674,14.6674,14.6674,14.6674,14.6674,14.6539,14.5931,14.4929,14.4322,14.4186,14.4186,14.4186,14.4186,14.4186,14.4186,14.4186,14.4186,14.4186,14.4186,14.4186,14.4186,14.4186,14.4186,14.4186,14.4186

Brightness max : 198.20
Brightness min : 10.00
Feature direction : Antipoleward
Feature speed : Slow
Feature type : Curve
Start frame : 1
End frame : 259
Start time (s) : 0.000
End time (s) : 394.989999985
Time step (s) : 1.525057915

Feature number : 2

Time (s) : 114.313339118,114.573651254,114.924628083,115.295811928,115.667011025,116.038210121,116.409393967,116.800815332,117.26264862,117.783303392,118.265358949,118.747429756,119.268069277,119.729917816,120.12132393,120.492523027,120.863722123,121.234905969,121.606105066,121.977304162,122.348488008,122.719687105,123.070648683,123.351198337,123.572941757,123.853491412,124.204452989,124.575652086,124.946851183,125.29781276,125.598584682,125.931199814,126.472061603,127.153777742,127.785288974,128.267359781,128.658781145,129.029964991,129.401164088,129.772363184,130.14354703,130.514746127,130.885929973,131.257129069,131.648550434,132.130621241,132.762132473,133.464070879,134.095582111,134.597875186,135.079930742,135.64103005,136.284162224,136.974479689,137.567422206,138.180586992,138.941316381,139.643254787,140.145547862,140.536969227,140.908153073,141.279352169,141.670773534,142.112384554,142.542374633,142.854767497,143.155539419,143.506516247,143.877700093,144.24889919,144.620098286,144.991282132,145.382703496,145.844536785,146.365191557,146.827024845,147.21844621,147.589645306,147.960829152,148.311805981,148.592340384,148.814083805,149.094633459,149.445610288,149.816794134,150.248675285,150.891792207,151.71134308,152.354475254,152.786402156,153.137317983,153.417928639,153.63967206,153.899999446,154.160174326,154.381917747,154.642245133,154.902572519,155.104185176,155.273771616

Position (um) : 1.3258,1.3258,1.3258,1.3258,1.3244,1.318,1.3076,1.2998,1.2921,1.2816,1.2753,1.2739,1.2724,1.2661,1.2556,1.2479,1.2401,1.2297,1.2233,1.2219,1.2219,1.2219,1.2205,1.2142,1.2037,1.1974,1.1959,1.1959,1.1959,1.1945,1.1882,1.1777,1.1714,1.17,1.17,1.17,1.17,1.17,1.17,1.17,1.17,1.17,1.17,1.17,1.17,1.17,1.17,1.17,1.17,1.17,1.17,1.17,1.17,1.17,1.17,1.17,1.1686,1.1622,1.1518,1.1454,1.144,1.144,1.144,1.1426,1.1362,1.1258,1.1195,1.118,1.118,1.118,1.1166,1.1103,1.0984,1.0857,1.0739,1.0675,1.0661,1.0661,1.0661,1.0647,1.0583,1.0479,1.0415,1.0401,1.0401,1.0387,1.0324,1.0219,1.0156,1.0142,1.0156,1.0219,1.0324,1.0401,1.0479,1.0583,1.0661,1.0739,1.0843,1.0906

Intensity : 173.2428,173.7724,174.6293,175.5356,176.5288,177.6698,178.8723,180.0605,181.5163,184.2588,186.5338,188.5364,190.9328,193.5675,196.2801,198.8435,202.4526,206.433,210.1249,213.3506,217.5988,221.9403,226.2697,230.648,234.7591,236.6119,237.7895,238.7528,239.716,240.0314,241.1905,243.4312,244.0183,241.3614,238.535,237.2261,237.5186,237.796,238.0734,238.5278,239.2664,240.0051,240.7438,242.1336,245.4075,249.4395,254.0349,254.0349,254.0349,252.5435,250.7132,248.5827,241.8069,233.7855,229.3523,227.0522,223.9572,220.372,219.2494,217.9231,215.5442,212.8266,209.9609,204.5652,199.1318,196.5464,193.0558,189.9047,189.566,189.2273,189.2762,190.0782,190.6071,190.5932,189.6416,193.0861,195.3315,197.2746,198.821,196.1311,194.2206,192.8875,190.7827,187.8415,190.1218,192.9637,197.1096,191.2212,185.406,181.4446,178.2894,176.0289,174.5535,172.6473,170.2985,168.1204,165.3286,161.8737,159.0632,156.8668

Time pixel : 74.95672,75.12741,75.35755,75.60094,75.84434,76.08774,76.33113,76.58779,76.89062,77.23202,77.54811,77.86421,78.2056,78.50844,78.76509,79.00849,79.25189,79.49528,79.73868,79.98208,80.22547,80.46887,80.699,80.88296,81.02836,81.21232,81.44245,81.68585,81.92925,82.15938,82.3566,82.5747,82.92935,83.37636,83.79045,84.10655,84.36321,84.6066,84.85,85.0934,85.33679,85.58019,85.82358,86.06698,86.32364,86.63974,87.05383,87.5141,87.92819,88.25755,88.57364,88.94156,89.36327,89.81592,90.20472,90.60678,91.1056,91.56587,91.89523,92.15189,92.39528,92.63868,92.89534,93.18491,93.46686,93.6717,93.86892,94.09906,94.34245,94.58585,94.82925,95.07264,95.3293,95.63213,95.97353,96.27636,96.53302,96.77642,97.01981,97.24995,97.4339,97.5793,97.76326,97.9934,98.23679,98.51998,98.94168,99.47907,99.90078,100.184,100.4141,100.5981,100.7435,100.9142,101.0848,101.2302,101.4009,101.5716,101.7038,101.815

Position pixel : 12.4255,12.4255,12.4255,12.4255,12.4122,12.3528,12.2548,12.1821,12.1094,12.0114,11.9519,11.9387,11.9254,11.866,11.768,11.6953,11.6226,11.5246,11.4651,11.4519,11.4519,11.4519,11.4386,11.3792,11.2812,11.2218,11.2085,11.2085,11.2085,11.1952,11.1358,11.0378,10.9784,10.9651,10.9651,10.9651,10.9651,10.9651,10.9651,10.9651,10.9651,10.9651,10.9651,10.9651,10.9651,10.9651,10.9651,10.9651,10.9651,10.9651,10.9651,10.9651,10.9651,10.9651,10.9651,10.9651,10.9518,10.8924,10.7944,10.735,10.7217,10.7217,10.7217,10.7084,10.649,10.551,10.4916,10.4783,10.4783,10.4783,10.465,10.4056,10.2943,10.1755,10.0642,10.0048,9.99151,9.99151,9.99151,9.97825,9.91881,9.82081,9.76138,9.74811,9.74811,9.73485,9.67541,9.57742,9.51798,9.50472,9.51798,9.57742,9.67541,9.74811,9.82081,9.91881,9.99151,10.0642,10.1622,10.2216

Brightness max : 198.20
Brightness min : 10.00
Feature direction : Antipoleward
Feature speed : Slow
Feature type : Curve
Start frame : 1
End frame : 259
Start time (s) : 0.000
End time (s) : 394.989999985
Time step (s) : 1.525057915

Feature number : 3

Time (s) : 211.174616984,211.344203424,211.545816081,211.854792814,220.714769277,232.992705539,247.509121809

Position (um) : 2.1295,2.1231,2.1127,2.1036,1.7154,1.2985,0.72584

Intensity : 99.16715,99.76397,100.7392,101.9889,115.0028,104.0338,88.99944

Time pixel : 138.4699,138.5811,138.7133,138.9159,144.7255,152.7763,162.2949

Position pixel : 19.9575,19.8981,19.8001,19.7154,16.0764,12.1701,6.80266

Brightness max : 198.20
Brightness min : 10.00
Feature direction : Antipoleward
Feature speed : Slow
Feature type : Curve
Start frame : 1
End frame : 259
Start time (s) : 0.000
End time (s) : 394.989999985
Time step (s) : 1.525057915

Feature number : 4

Time (s) : 12.2351583876,12.4954857737,12.8464473516,13.2176464481,13.5888455447,13.9600293906,14.3312284871,14.7226498516,15.18448314,15.7051989145,16.1669864511,16.5583163121,16.9295154086,17.3007145051,17.6719136016,18.0431126982,18.4143117947,18.7855108912,19.1567099877,19.5279090842,19.8991081807,20.2703072772,20.6415063737,21.0127054702,21.3839045668,21.7551036633,22.1263027598,22.4975018563,22.8687009528,23.219616779,23.5002274354,23.7219708562,24.0024290068,24.3534973388,24.7246964354,25.0958955319,25.4468113581,25.7274220145,25.9491654353,26.2296235859,26.5805394121,26.9517385086,27.3229376051,27.6941367017,28.0653357982,28.4365348947,28.8077339912,29.1789330877,29.5501321842,29.9213312807,30.2925303772,30.6637294737,31.0349285703,31.4061276668,31.7976100335,32.2593975702,32.7800523424,33.241839879,33.6333222458,34.0045213423,34.3757204388,34.7469195354,35.1181186319,35.4893177284,35.8605168249,36.2315634156,36.6027625121,36.9739616086,37.3451607051,37.7163598017,38.0875588982,38.4587579947,38.8299570912,39.2011561877,39.5723552842,39.9435543807,40.3147534772,40.6656693035,40.9462799598,41.1680233807,41.448634037,41.7995498633,42.1707489598,42.5620788208,43.0441496277,43.6756761103,44.3979435389,45.1200584616,45.7515849442,46.2336557511,46.6249856121,46.9961847086,47.3673838052,47.7385829017,48.1097819982,48.501264365,48.9630519016,49.4837066738,49.9657774807,50.4478482877,50.9685030598,51.4302905965,51.8217729633,52.2131028243,52.6951736312,53.3065693493,53.9178125617,54.3998833686,54.7913657354,55.1625648319,55.5337639284,55.9048105191,56.2558788511,56.5363370017,56.7580804226,57.0386910789,57.3896069052,57.7608060017,58.1320050982,58.5032041947,58.8744032912,59.2456023877,59.596518214,59.8771288703,60.0988722912,60.399613712,60.8412704842,61.3619252564,61.823712793,62.2151951598,62.5863942563,62.9575933528,63.3287924493,63.6999915458,64.0711906424,64.4423897389,64.8337195999,65.3157904068,65.9473168894,66.6694318121,67.3916992407,68.0232257233,68.5052965302,68.8764956267,69.1569537773,69.3786971981,69.6593078545,70.0102236807,70.3814227773,70.7526218738,71.1441042405,71.6058917772,72.1265465494,72.588334086,72.9798164528,73.3510155493,73.7222146458,74.0934137424,74.4646128389,74.8358119354,75.2070110319,75.5780576226,75.9492567191,76.3204558156,76.7119381824,77.1737257191,77.7146637615,78.2671922441,78.8079777808,79.2697653175,79.6612476842,80.0728608155,80.6253892981,81.2954997459,81.8480282286,82.2596413598,82.6509712208,83.092627993,83.5428250895,83.9458978964,84.3960949929,84.8377517651,85.2493648964,85.711152433,86.2318072052,86.6937472477,87.0850771087,87.4562762052,87.8274753017,88.2189576685,88.7211592399,89.4434266684,90.2947139966,91.0169814251,91.5394662668,92.0416678382,92.6530635563,93.2643067687,93.7666608459,94.2688624173,94.8802581354,95.4915013477,95.9735721547,96.3649020156,96.7361011122,97.1073002087,97.4784993052,97.8496984017,98.2208974982,98.5920965947,98.9632956912,99.3344947877,99.7056938842,100.076892981,100.448092077,100.819291174,101.19049027,101.561689367,101.932888463,102.263673525,102.453543235,102.525830981,102.715700691,103.046485753,103.417684849,103.788883946,104.160083042,104.531282139,104.90232873,105.273527826,105.644726923,106.015926019,106.387125116,106.758324212,107.129523309,107.500722405,107.871921502,108.243120598,108.614319695,108.985518791,109.356717888,109.707633714,109.98824437,110.209987791,110.490598448,110.821231004,111.08155839,111.21271337,111.343715845,111.604043231,111.955111563,112.32631066,112.697509756,113.068708853,113.439907949,113.811107046,114.182306142,114.553505239,114.92455183,115.295750926,115.666950023,116.038149119,116.409348216,116.780547312,117.151746409,117.522945505,117.894144602,118.265343698,118.656826065,119.118613602,119.639268374,120.10105591,120.492538277,120.863737374,121.23493647,121.606135567,121.977334663,122.34853376,122.739863621,123.201803663,123.702175165,124.053090991

Position (um) : 3.0061,2.9957,2.9893,2.9879,2.9879,2.9879,2.9879,2.9879,2.9879,2.9879,2.9879,2.9879,2.9879,2.9879,2.9879,2.9879,2.9879,2.9879,2.9879,2.9879,2.9879,2.9879,2.9879,2.9879,2.9879,2.9879,2.9879,2.9879,2.9879,2.9865,2.9801,2.9697,2.9633,2.9619,2.9619,2.9619,2.9605,2.9542,2.9437,2.9374,2.936,2.936,2.936,2.936,2.936,2.936,2.936,2.936,2.936,2.9345,2.9282,2.9177,2.9114,2.91,2.91,2.91,2.91,2.91,2.91,2.91,2.91,2.91,2.91,2.91,2.91,2.91,2.91,2.91,2.91,2.91,2.91,2.91,2.91,2.91,2.91,2.91,2.91,2.9114,2.9177,2.9282,2.9345,2.936,2.936,2.936,2.936,2.936,2.936,2.936,2.936,2.936,2.936,2.936,2.936,2.936,2.936,2.936,2.936,2.936,2.936,2.936,2.936,2.936,2.936,2.936,2.936,2.936,2.936,2.936,2.936,2.936,2.936,2.936,2.9345,2.9282,2.9177,2.9114,2.91,2.91,2.91,2.91,2.91,2.91,2.9086,2.9022,2.8904,2.8763,2.858,2.8398,2.8257,2.8139,2.8075,2.8061,2.8061,2.8061,2.8061,2.8061,2.8061,2.8061,2.8061,2.8061,2.8075,2.8139,2.8243,2.8321,2.8398,2.8503,2.8566,2.858,2.858,2.858,2.858,2.858,2.858,2.858,2.858,2.858,2.858,2.858,2.858,2.858,2.858,2.858,2.858,2.858,2.858,2.858,2.858,2.858,2.858,2.858,2.858,2.858,2.858,2.858,2.858,2.858,2.858,2.8595,2.8658,2.8777,2.8904,2.9022,2.9086,2.91,2.91,2.91,2.91,2.91,2.91,2.9086,2.9022,2.8918,2.8854,2.884,2.884,2.884,2.884,2.884,2.884,2.884,2.884,2.884,2.884,2.884,2.884,2.884,2.884,2.884,2.884,2.884,2.884,2.884,2.884,2.8826,2.8763,2.8658,2.858,2.8503,2.8398,2.8335,2.8321,2.8321,2.8321,2.8321,2.8321,2.8321,2.8321,2.8321,2.8321,2.8321,2.8321,2.8321,2.8321,2.8321,2.8321,2.8321,2.8321,2.8321,2.8321,2.8321,2.8321,2.8335,2.8398,2.8503,2.8566,2.8595,2.8672,2.884,2.9008,2.91,2.9177,2.9282,2.9345,2.936,2.936,2.936,2.936,2.936,2.936,2.936,2.936,2.936,2.936,2.936,2.936,2.9345,2.9282,2.9177,2.9114,2.91,2.91,2.91,2.91,2.91,2.91,2.91,2.91,2.91,2.9086,2.9022,2.8918,2.8854

Intensity : 255,255,255,255,255,255,255,255,255,255,255,255,255,255,255,255,255,255,255,255,255,255,255,255,255,255,255,255,255,255,255,255,255,255,255,255,255,255,255,255,255,255,255,255,255,255,255,255,255,255,255,255,255,255,255,255,255,255,255,255,255,255,255,255,255,255,255,255,255,255,255,255,255,255,255,255,255,255,255,255,255,255,255,255,255,255,255,255,255,255,255,255,255,255,255,255,255,255,255,255,255,255,255,255,255,255,255,255,255,255,255,255,255,255,255,255,255,255,255,255,255,255,255,255,255,255,255,255,255,255,255,255,255,255,255,255,255,255,255,255,255,255,255,255,255,255,255,255,255,255,255,255,254.3062,253.5924,252.9873,252.8717,253.4455,254.0193,254.5931,255,255,255,255,255,255,255,255,254.8626,254.7107,254.5809,254.3367,254.0668,253.7045,251.8639,249.8453,248.3415,248.4743,249.1646,249.781,250.2797,248.7424,246.601,246.1424,246.6621,247.3135,247.8915,248.185,248.185,248.185,248.515,248.1413,246.0805,243.1986,240.3887,238.3046,239.6026,241.1828,244.031,248.0319,252.0315,254.3367,254.4069,254.4623,254.4908,254.5122,254.5335,254.5548,254.5055,254.4202,254.3349,254.2496,254.1722,254.1011,254.4685,255,253.698,250.7772,247.8564,244.9356,242.2834,240.674,240.0618,238.4539,235.6527,232.5091,229.3911,226.359,223.3268,220.2959,217.3088,214.6521,211.9954,209.3386,206.6964,205.2981,203.8997,202.5014,201.1031,199.1833,197.2075,195.2317,193.6203,194.6197,196.984,198.6999,199.8487,201.8414,204.6203,204.0386,203.031,201.7441,200.0268,198.436,197.813,197.7663,197.7195,197.6728,197.0217,195.6875,194.3527,193.0179,192.2573,192.5163,192.7753,193.0342,192.81,191.1436,189.7813,187.4831,186.262,189.3968,192.1772,194.4091,193.0594,191.7097,190.36,189.0103,189.5053,190.3414,191.728,191.8064,189.6012

Time pixel : 8.02275,8.19345,8.42358,8.66698,8.91038,9.15377,9.39717,9.65383,9.95666,10.2981,10.6009,10.8575,11.1009,11.3443,11.5877,11.8311,12.0745,12.3179,12.5613,12.8047,13.0481,13.2915,13.5349,13.7783,14.0217,14.2651,14.5085,14.7519,14.9953,15.2254,15.4094,15.5548,15.7387,15.9689,16.2123,16.4557,16.6858,16.8698,17.0152,17.1991,17.4292,17.6726,17.916,18.1594,18.4028,18.6462,18.8896,19.133,19.3764,19.6198,19.8632,20.1066,20.35,20.5934,20.8501,21.1529,21.4943,21.7971,22.0538,22.2972,22.5406,22.784,23.0274,23.2708,23.5142,23.7575,24.0009,24.2443,24.4877,24.7311,24.9745,25.2179,25.4613,25.7047,25.9481,26.1915,26.4349,26.665,26.849,26.9944,27.1784,27.4085,27.6519,27.9085,28.2246,28.6387,29.1123,29.5858,29.9999,30.316,30.5726,30.816,31.0594,31.3028,31.5462,31.8029,32.1057,32.4471,32.7632,33.0793,33.4207,33.7235,33.9802,34.2368,34.5529,34.9538,35.3546,35.6707,35.9274,36.1708,36.4142,36.6575,36.8877,37.0716,37.217,37.401,37.6311,37.8745,38.1179,38.3613,38.6047,38.8481,39.0782,39.2622,39.4076,39.6048,39.8944,40.2358,40.5386,40.7953,41.0387,41.2821,41.5255,41.7689,42.0123,42.2557,42.5123,42.8284,43.2425,43.716,44.1896,44.6037,44.9198,45.1632,45.3471,45.4925,45.6765,45.9066,46.15,46.3934,46.6501,46.9529,47.2943,47.5971,47.8538,48.0972,48.3406,48.584,48.8274,49.0708,49.3142,49.5575,49.8009,50.0443,50.301,50.6038,50.9585,51.3208,51.6754,51.9782,52.2349,52.5048,52.8671,53.3065,53.6688,53.9387,54.1953,54.4849,54.7801,55.0444,55.3396,55.6292,55.8991,56.2019,56.5433,56.8462,57.1028,57.3462,57.5896,57.8463,58.1756,58.6492,59.2074,59.681,60.0236,60.3529,60.7538,61.1546,61.484,61.8133,62.2142,62.615,62.9311,63.1877,63.4311,63.6745,63.9179,64.1613,64.4047,64.6481,64.8915,65.1349,65.3783,65.6217,65.8651,66.1085,66.3519,66.5953,66.8387,67.0556,67.1801,67.2275,67.352,67.5689,67.8123,68.0557,68.2991,68.5425,68.7858,69.0292,69.2726,69.516,69.7594,70.0028,70.2462,70.4896,70.733,70.9764,71.2198,71.4632,71.7066,71.9367,72.1207,72.2661,72.4501,72.6669,72.8376,72.9236,73.0095,73.1802,73.4104,73.6538,73.8972,74.1406,74.384,74.6274,74.8708,75.1142,75.3575,75.6009,75.8443,76.0877,76.3311,76.5745,76.8179,77.0613,77.3047,77.5481,77.8048,78.1076,78.449,78.7518,79.0085,79.2519,79.4953,79.7387,79.9821,80.2255,80.4821,80.785,81.1131,81.3432

Position pixel : 28.1735,28.0755,28.0161,28.0028,28.0028,28.0028,28.0028,28.0028,28.0028,28.0028,28.0028,28.0028,28.0028,28.0028,28.0028,28.0028,28.0028,28.0028,28.0028,28.0028,28.0028,28.0028,28.0028,28.0028,28.0028,28.0028,28.0028,28.0028,28.0028,27.9896,27.9301,27.8321,27.7727,27.7594,27.7594,27.7594,27.7462,27.6867,27.5887,27.5293,27.516,27.516,27.516,27.516,27.516,27.516,27.516,27.516,27.516,27.5028,27.4433,27.3453,27.2859,27.2726,27.2726,27.2726,27.2726,27.2726,27.2726,27.2726,27.2726,27.2726,27.2726,27.2726,27.2726,27.2726,27.2726,27.2726,27.2726,27.2726,27.2726,27.2726,27.2726,27.2726,27.2726,27.2726,27.2726,27.2859,27.3453,27.4433,27.5028,27.516,27.516,27.516,27.516,27.516,27.516,27.516,27.516,27.516,27.516,27.516,27.516,27.516,27.516,27.516,27.516,27.516,27.516,27.516,27.516,27.516,27.516,27.516,27.516,27.516,27.516,27.516,27.516,27.516,27.516,27.516,27.5028,27.4433,27.3453,27.2859,27.2726,27.2726,27.2726,27.2726,27.2726,27.2726,27.2594,27.1999,27.0887,26.9565,26.7858,26.6152,26.483,26.3718,26.3123,26.2991,26.2991,26.2991,26.2991,26.2991,26.2991,26.2991,26.2991,26.2991,26.3123,26.3718,26.4698,26.5425,26.6152,26.7131,26.7726,26.7858,26.7858,26.7858,26.7858,26.7858,26.7858,26.7858,26.7858,26.7858,26.7858,26.7858,26.7858,26.7858,26.7858,26.7858,26.7858,26.7858,26.7858,26.7858,26.7858,26.7858,26.7858,26.7858,26.7858,26.7858,26.7858,26.7858,26.7858,26.7858,26.7858,26.7991,26.8585,26.9698,27.0887,27.1999,27.2594,27.2726,27.2726,27.2726,27.2726,27.2726,27.2726,27.2594,27.1999,27.1019,27.0425,27.0292,27.0292,27.0292,27.0292,27.0292,27.0292,27.0292,27.0292,27.0292,27.0292,27.0292,27.0292,27.0292,27.0292,27.0292,27.0292,27.0292,27.0292,27.0292,27.0292,27.016,26.9565,26.8585,26.7858,26.7131,26.6152,26.5557,26.5425,26.5425,26.5425,26.5425,26.5425,26.5425,26.5425,26.5425,26.5425,26.5425,26.5425,26.5425,26.5425,26.5425,26.5425,26.5425,26.5425,26.5425,26.5425,26.5425,26.5425,26.5557,26.6152,26.7131,26.7726,26.7991,26.8718,27.0292,27.1867,27.2726,27.3453,27.4433,27.5028,27.516,27.516,27.516,27.516,27.516,27.516,27.516,27.516,27.516,27.516,27.516,27.516,27.5028,27.4433,27.3453,27.2859,27.2726,27.2726,27.2726,27.2726,27.2726,27.2726,27.2726,27.2726,27.2726,27.2594,27.1999,27.1019,27.0425

Brightness max : 198.20
Brightness min : 10.00
Feature direction : Ambiguous
Feature speed : Slow
Feature type : Curve
Start frame : 1
End frame : 259
Start time (s) : 0.000
End time (s) : 394.989999985
Time step (s) : 1.525057915

Feature number : 5

Time (s) : 14.0911386195,14.3312284871,14.5915558732,14.813299294,15.0736114295,15.333999818,15.5354599685,15.7253296789,15.9269423353,16.1872697214,16.4474446017,16.6691880225,16.9295154086,17.1898427947,17.3914554511,17.5813251615,17.7827853121,18.0633959684,18.3941810302,18.6746391808,18.8762518371,19.0661215475,19.2474509336,19.437320644,19.6387807946,19.919391451,20.2703072772,20.6212231035,20.9018337598,21.1235771807,21.404187837,21.734820393,22.0154310494,22.2371744702,22.5176326208,22.8484176825,23.1290283389,23.3507717597,23.6312299103,23.9620149721,24.2426256284,24.4643690493,24.7448271998,25.0756122616,25.3359396477,25.4468113581

Position (um) : 3.5073,3.5087,3.5151,3.5255,3.5333,3.541,3.5529,3.5656,3.5775,3.5852,3.593,3.6034,3.6112,3.6189,3.6308,3.6435,3.6568,3.6695,3.6828,3.6954,3.7087,3.7214,3.7347,3.7474,3.7607,3.7748,3.793,3.8112,3.8267,3.8449,3.8617,3.8709,3.8787,3.8891,3.8954,3.8983,3.9046,3.9151,3.9214,3.9243,3.9306,3.941,3.9474,3.9502,3.9566,3.967

Intensity : 97.80245,98.00041,97.73282,97.31394,97.43857,97.97608,98.91801,99.73219,100.6161,101.9702,103.2986,104.2695,104.5914,104.2869,103.8476,103.2807,102.8158,102.5851,102.5179,102.4089,102.297,102.2485,102.2231,101.3419,100.487,100.1259,100.7467,101.6817,102.6005,102.8375,102.4372,103.1618,103.8102,103.7568,104.6489,106.3384,106.1451,105.1208,104.7113,104.8424,104.3539,102.7307,100.4961,98.47433,96.15245,93.80489

Time pixel : 9.23974,9.39717,9.56787,9.71327,9.88396,10.0547,10.1868,10.3113,10.4435,10.6142,10.7848,10.9302,11.1009,11.2716,11.4038,11.5283,11.6604,11.8444,12.0613,12.2452,12.3774,12.5019,12.6208,12.7453,12.8774,13.0614,13.2915,13.5216,13.7056,13.851,14.035,14.2518,14.4358,14.5812,14.7651,14.982,15.166,15.3114,15.4953,15.7122,15.8962,16.0416,16.2255,16.4424,16.6131,16.6858

Position pixel : 32.8708,32.884,32.9435,33.0415,33.1142,33.1869,33.2981,33.417,33.5282,33.6009,33.6736,33.7716,33.8443,33.917,34.0283,34.1472,34.2717,34.3906,34.5151,34.634,34.7585,34.8774,35.0019,35.1208,35.2453,35.3774,35.5481,35.7188,35.8642,36.0349,36.1923,36.2783,36.351,36.449,36.5084,36.535,36.5944,36.6924,36.7518,36.7784,36.8378,36.9358,36.9952,37.0218,37.0812,37.1792

Brightness max : 198.20
Brightness min : 10.00
Feature direction : Poleward
Feature speed : Slow
Feature type : Curve
Start frame : 1
End frame : 259
Start time (s) : 0.000
End time (s) : 394.989999985
Time step (s) : 1.525057915

Feature number : 6

Time (s) : 164.424424117,164.684751503,165.03566733,165.386735662,165.667193812,165.888937233,166.169547889,166.520463716,166.891662812,167.262861909,167.634061005,168.005260102,168.376459198,168.747658295,169.118857391,169.490056488,169.861255584,170.252585445,170.694242217,171.124308549,171.43664041,171.757665102,172.219452638,172.850979121,173.552963279,174.224903796,174.888303989,175.619111742,176.39323114,177.305368279,178.267527318,179.120797221,179.863195414,180.494721897,180.997075974,181.499277545,182.110673263,182.721916476,183.203987283,183.595317144,183.96651624,184.337715337,184.708914433,185.08011353,185.491879167,186.044255144,186.714365591,187.266894074,187.678507205,188.069989572,188.531777109,189.052431881,189.514219418,189.925832549,190.387772591,190.908427363,191.3702149,191.761697267,192.153027128,192.61496717,193.135621942,193.597409479,194.029305881,194.601965128,195.403230556,196.266108325,196.976632807,197.399988884,197.721013576,198.071929402,198.443128498,198.814327595,199.185526691,199.556725788,199.927924884,200.299123981,200.690453842,201.172524649,201.824334402,202.616907,203.418019923,204.081420116,204.642488923,205.104428965,205.495758826,205.866957923,206.238157019,206.64977015,207.202298633,207.872409081,208.424937564,208.836550695,209.207749791,209.578948888,209.970278749,210.432218791,210.952873563,211.4146611,211.826274231,212.288214274,212.808869046,213.290787347,213.772858154,214.293512926,214.775583733,215.25765454,215.798592583,216.351121065,216.912189872,217.464565849,218.005503891,218.467291428,218.858773795,219.250103656,219.712043698,220.252829235,220.825640988,221.477298235,222.179282393,222.83093964,223.403751393,223.9648202,224.517348683,225.058134219,225.520074262,225.891273358,226.171731509,226.39347493,226.674085586,227.025001412,227.396200509,227.747116335,228.027726991,228.269753682,228.640952779,229.141324281,229.603111818,229.994594184,230.365793281,230.736992377,231.128322238,231.590262281,232.110917053,232.57270459,232.964034451,233.355516817,233.817304354,234.337959126,234.799899169,235.2115123,235.673299837,236.193954609,236.655742145,237.047224512,237.418423609,237.789622705,238.160821802,238.532020898,238.903219995,239.274419091,239.665748952,240.127688995,240.648343767,241.130414574,241.632616145,242.264142628,242.966126786,243.597653269,244.09985484,244.581925647,245.102580419,245.564520462,245.955850323,246.327049419,246.698248516,247.069447612,247.440646709,247.811845805,248.183044902,248.554243998,248.925443095,249.296642191,249.667841288,250.018757114,250.29936777,250.521111191,250.801569342,251.172768438,251.634708481,252.155363253,252.61715079,253.008480651,253.379679747,253.750878844,254.12207794,254.493277037,254.864476133,255.23567523,255.606874326,255.978073423,256.349272519,256.700188345,256.980799002,257.202542423,257.483153079,257.834068905,258.205268002,258.576467098,258.947666195,259.318865291,259.690064388,260.061263484,260.432462581,260.803661677,261.174860774,261.54605987,261.917258967,262.288305558,262.659504654,263.010572986,263.291031137,263.512774558,263.793385214,264.14430104,264.515500137,264.886699233,265.237767565,265.498094951

Position (um) : 3.6112,3.6112,3.6112,3.6098,3.6034,3.593,3.5866,3.5852,3.5852,3.5852,3.5852,3.5852,3.5852,3.5852,3.5852,3.5852,3.5852,3.5852,3.5866,3.593,3.6034,3.6098,3.6112,3.6112,3.6112,3.6126,3.6189,3.6308,3.6449,3.6631,3.6813,3.6954,3.7073,3.7137,3.7151,3.7165,3.7228,3.7333,3.7396,3.741,3.741,3.741,3.741,3.741,3.741,3.741,3.741,3.741,3.741,3.7425,3.7488,3.7593,3.7656,3.767,3.767,3.767,3.767,3.767,3.767,3.767,3.767,3.767,3.7656,3.7593,3.7474,3.7333,3.7151,3.6983,3.6905,3.6877,3.6813,3.6695,3.6568,3.6449,3.6386,3.6372,3.6372,3.6372,3.6372,3.6372,3.6372,3.6372,3.6372,3.6372,3.6372,3.6372,3.6372,3.6372,3.6372,3.6372,3.6372,3.6372,3.6372,3.6372,3.6372,3.6372,3.6372,3.6372,3.6357,3.6294,3.6189,3.6126,3.6098,3.6034,3.593,3.5866,3.5838,3.5775,3.567,3.5592,3.5515,3.541,3.5347,3.5333,3.5333,3.5333,3.5333,3.5333,3.5333,3.5333,3.5333,3.5333,3.5333,3.5333,3.5333,3.5319,3.5255,3.5151,3.5073,3.4996,3.4891,3.4813,3.4736,3.4631,3.4568,3.4554,3.4554,3.454,3.4462,3.4294,3.4126,3.4048,3.402,3.3957,3.3852,3.3789,3.3775,3.3775,3.3775,3.3775,3.3775,3.3775,3.3775,3.3775,3.3775,3.3775,3.3775,3.3775,3.3775,3.3775,3.3789,3.3852,3.3957,3.402,3.4034,3.4034,3.4034,3.4048,3.4112,3.4216,3.4294,3.4372,3.4476,3.454,3.4554,3.4554,3.4554,3.4554,3.4554,3.4554,3.4554,3.4554,3.4554,3.4568,3.4631,3.4736,3.4799,3.4813,3.4813,3.4813,3.4813,3.4813,3.4813,3.4813,3.4813,3.4813,3.4813,3.4813,3.4813,3.4813,3.4813,3.4799,3.4736,3.4631,3.4568,3.4554,3.4554,3.4554,3.4554,3.4554,3.4554,3.4554,3.4554,3.4554,3.4554,3.4554,3.4554,3.4554,3.4554,3.454,3.4476,3.4372,3.4308,3.4294,3.4294,3.4294,3.4294,3.4294

Intensity : 194.8427,195.5633,194.8261,194.0415,193.681,193.7098,193.4456,193.2433,193.049,192.8547,192.6604,192.5627,192.5125,192.4623,192.4121,193.1839,194.5963,196.0853,197.6564,198.5128,198.5744,198.9513,200.0959,200.9764,201.7537,201.5826,200.3403,198.3305,195.3431,193.1009,193.826,194.2529,194.7975,195.6855,196.7894,197.8587,197.2485,196.1347,195.7562,197.253,198.9718,200.6905,202.7288,205.118,207.7684,211.3237,218.1173,223.7586,227.0287,226.7865,224.9504,221.6371,217.2595,214.5267,211.9852,209.8847,208.6215,207.5506,206.4801,206.4684,206.4684,206.4684,207.7194,210.7327,213.6452,210.4436,205.9315,203.1082,200.6968,197.667,196.1793,196.6118,197.1724,197.716,199.3906,203.1144,206.8959,211.5542,213.9654,215.6613,218.3585,220.8922,219.3436,215.1189,211.5399,208.1451,210.2687,212.8967,216.4244,217.7102,217.6784,217.6547,218.4554,219.5443,220.6923,222.0474,217.8191,213.8031,210.3909,208.3863,207.1812,205.8896,202.4134,197.4426,193.4409,190.926,190.1785,189.9639,189.3598,187.7381,186.1215,187.9684,189.7991,190.9105,191.6927,191.5712,191.4425,191.4701,191.6676,191.5891,190.8808,190.187,190.0355,190.2281,190.3927,190.86,192.7009,195.401,197.2988,199.3408,203.4617,208.5166,213.142,218.3572,223.764,222.2008,218.4267,215.623,215.1852,218.6873,221.2349,219.6015,216.5657,213.0512,209.9133,207.2235,211.9359,217.2933,222.0465,223.0451,223.5575,224.1353,223.887,223.2256,222.5985,221.9713,220.017,217.4333,214.8496,212.2658,210.692,209.2908,207.1366,207.7629,213.4908,220.9446,225.373,227.5938,228.9835,229.6501,230.8104,231.0891,224.4253,219.4059,215.7592,212.6677,216.936,221.2043,225.4725,229.7408,229.1757,228.1826,227.1896,226.0752,226.3755,226.6081,227.7298,230.0756,233.2147,227.2837,222.0232,217.5654,214.6186,212.5521,210.4855,208.4189,205.6889,202.2526,198.8164,195.3801,192.8014,191.7808,191.1991,190.9484,190.2701,189.5192,189.7256,189.932,190.1384,190.2197,189.6395,189.0592,188.4789,187.7454,184.1314,180.5174,176.9034,173.2908,171.052,169.0634,167.6113,166.5512,164.9528,163.0394,161.0237,159.0081,157.1018,156.9424

Time pixel : 107.8152,107.9859,108.216,108.4462,108.6301,108.7755,108.9595,109.1896,109.433,109.6764,109.9198,110.1632,110.4066,110.65,110.8934,111.1368,111.3802,111.6368,111.9264,112.2084,112.4132,112.6237,112.9265,113.3406,113.8009,114.2415,114.6765,115.1557,115.6633,116.2614,116.8923,117.4518,117.9386,118.3527,118.6821,119.0114,119.4123,119.8131,120.1292,120.3858,120.6292,120.8726,121.116,121.3594,121.6294,121.9916,122.431,122.7933,123.0632,123.3199,123.6227,123.9641,124.2669,124.5368,124.8397,125.1811,125.4839,125.7406,125.9972,126.3001,126.6415,126.9443,127.2275,127.603,128.1284,128.6942,129.1601,129.4377,129.6482,129.8783,130.1217,130.3651,130.6085,130.8519,131.0953,131.3387,131.5953,131.9114,132.3388,132.8585,133.3838,133.8188,134.1867,134.4896,134.7462,134.9896,135.233,135.5029,135.8652,136.3046,136.6669,136.9368,137.1802,137.4236,137.6802,137.9831,138.3245,138.6273,138.8972,139.2001,139.5415,139.8575,140.1736,140.515,140.8311,141.1472,141.5019,141.8642,142.2321,142.5943,142.949,143.2518,143.5085,143.7651,144.068,144.4226,144.7982,145.2255,145.6858,146.1131,146.4887,146.8566,147.2189,147.5735,147.8764,148.1198,148.3037,148.4491,148.6331,148.8632,149.1066,149.3367,149.5207,149.6794,149.9228,150.2509,150.5537,150.8104,151.0538,151.2972,151.5538,151.8567,152.1981,152.5009,152.7575,153.0142,153.317,153.6584,153.9613,154.2312,154.534,154.8754,155.1782,155.4349,155.6783,155.9217,156.1651,156.4085,156.6519,156.8953,157.1519,157.4548,157.7962,158.1123,158.4416,158.8557,159.316,159.7301,160.0594,160.3755,160.7169,161.0198,161.2764,161.5198,161.7632,162.0066,162.25,162.4934,162.7368,162.9802,163.2236,163.467,163.7104,163.9405,164.1245,164.2699,164.4538,164.6972,165.0001,165.3415,165.6443,165.9009,166.1443,166.3877,166.6311,166.8745,167.1179,167.3613,167.6047,167.8481,168.0915,168.3216,168.5056,168.651,168.835,169.0651,169.3085,169.5519,169.7953,170.0387,170.2821,170.5255,170.7689,171.0123,171.2557,171.4991,171.7425,171.9858,172.2292,172.4594,172.6433,172.7887,172.9727,173.2028,173.4462,173.6896,173.9198,174.0905

Position pixel : 33.8443,33.8443,33.8443,33.8311,33.7716,33.6736,33.6142,33.6009,33.6009,33.6009,33.6009,33.6009,33.6009,33.6009,33.6009,33.6009,33.6009,33.6009,33.6142,33.6736,33.7716,33.8311,33.8443,33.8443,33.8443,33.8576,33.917,34.0283,34.1604,34.3311,34.5018,34.634,34.7452,34.8047,34.8179,34.8312,34.8906,34.9886,35.0481,35.0613,35.0613,35.0613,35.0613,35.0613,35.0613,35.0613,35.0613,35.0613,35.0613,35.0746,35.134,35.232,35.2915,35.3047,35.3047,35.3047,35.3047,35.3047,35.3047,35.3047,35.3047,35.3047,35.2915,35.232,35.1208,34.9886,34.8179,34.6605,34.5878,34.5613,34.5018,34.3906,34.2717,34.1604,34.101,34.0877,34.0877,34.0877,34.0877,34.0877,34.0877,34.0877,34.0877,34.0877,34.0877,34.0877,34.0877,34.0877,34.0877,34.0877,34.0877,34.0877,34.0877,34.0877,34.0877,34.0877,34.0877,34.0877,34.0745,34.015,33.917,33.8576,33.8311,33.7716,33.6736,33.6142,33.5877,33.5282,33.4302,33.3575,33.2848,33.1869,33.1274,33.1142,33.1142,33.1142,33.1142,33.1142,33.1142,33.1142,33.1142,33.1142,33.1142,33.1142,33.1142,33.1009,33.0415,32.9435,32.8708,32.7981,32.7001,32.6274,32.5547,32.4567,32.3972,32.384,32.384,32.3707,32.298,32.1406,31.9831,31.9104,31.8839,31.8245,31.7265,31.667,31.6538,31.6538,31.6538,31.6538,31.6538,31.6538,31.6538,31.6538,31.6538,31.6538,31.6538,31.6538,31.6538,31.6538,31.667,31.7265,31.8245,31.8839,31.8972,31.8972,31.8972,31.9104,31.9699,32.0679,32.1406,32.2133,32.3113,32.3707,32.384,32.384,32.384,32.384,32.384,32.384,32.384,32.384,32.384,32.3972,32.4567,32.5547,32.6141,32.6274,32.6274,32.6274,32.6274,32.6274,32.6274,32.6274,32.6274,32.6274,32.6274,32.6274,32.6274,32.6274,32.6274,32.6141,32.5547,32.4567,32.3972,32.384,32.384,32.384,32.384,32.384,32.384,32.384,32.384,32.384,32.384,32.384,32.384,32.384,32.384,32.3707,32.3113,32.2133,32.1538,32.1406,32.1406,32.1406,32.1406,32.1406

Brightness max : 198.20
Brightness min : 10.00
Feature direction : Poleward
Feature speed : Slow
Feature type : Curve
Start frame : 1
End frame : 259
Start time (s) : 0.000
End time (s) : 394.989999985
Time step (s) : 1.525057915

Feature number : 7

Time (s) : 277.265899341,277.51814392,277.860976939,278.223940723,278.566468731,278.838691569,279.051894665,279.344095762,279.776907198,280.288564128,280.741353823,281.143664101,281.595843773,282.106738175,282.558460329,282.959855572,283.410967704,283.900358788,284.260272456,284.490556202,284.7591189,285.097834263,285.456375379,285.814763989,286.172847588,286.53077868,286.908840537,287.377490835,287.975466043,288.593877028,289.153725788,289.682158356,290.132050441,290.512247379,290.872923576,291.234667313,291.59717358,291.960899892,292.325846251,292.712295927,293.190859101,293.799967232,294.410447915,294.914632062,295.382214819,295.881976298,296.478578954,297.242785475,297.883157294,298.354552695,298.836776008,299.378781591,299.86222495,300.295341398,300.818741274,301.561444479,302.452688324,303.284454911,303.954107842,304.433128533,304.750340579,304.987792097,305.28334832,305.669035467,306.145006042,306.740236147,307.507645289,308.512048432,309.63006839,310.783622197,311.745933741,312.359007023,312.770620154,313.141819251,313.513018347,313.904500714,314.366288251,314.907226293,315.47988554,316.111412023,316.722655235,317.204726042,317.596208409,317.967407505,318.338606602,318.709805698,319.081004795,319.452203891,319.823402988,320.194602084,320.565801181,320.937000277,321.287916104,321.568374254,321.790117675,322.070728331,322.421644158,322.792843254,323.143911586,323.424369737,323.646113158,323.926723814,324.27763964,324.648838737,325.020037833,325.39123693,325.762436026,326.133635123,326.504834219,326.876033316,327.247232412,327.618431509,327.989630605,328.340546432,328.600873818,328.711745528

Position (um) : 3.3256,3.3249,3.3192,3.3094,3.3023,3.2953,3.2855,3.2785,3.2714,3.2603,3.2484,3.2358,3.2239,3.2129,3.2073,3.2068,3.2076,3.2071,3.2017,3.1922,3.1869,3.1864,3.1875,3.1885,3.1896,3.1907,3.1918,3.1929,3.194,3.195,3.1961,3.1971,3.1981,3.199,3.1999,3.2007,3.2014,3.202,3.2025,3.2029,3.2032,3.2019,3.1957,3.1851,3.1768,3.1683,3.1569,3.1493,3.145,3.1371,3.125,3.1169,3.1123,3.1042,3.092,3.084,3.081,3.0794,3.0779,3.0751,3.0674,3.0557,3.0481,3.0441,3.0366,3.025,3.0176,3.0136,3.0062,2.9957,2.9893,2.9879,2.9865,2.9801,2.9697,2.9633,2.9619,2.9619,2.9619,2.9619,2.9619,2.9619,2.9619,2.9619,2.9619,2.9619,2.9619,2.9619,2.9619,2.9619,2.9619,2.9619,2.9633,2.9697,2.9801,2.9865,2.9879,2.9879,2.9893,2.9957,3.0061,3.0125,3.0139,3.0139,3.0139,3.0139,3.0139,3.0139,3.0139,3.0153,3.0216,3.0321,3.0384,3.0413,3.0476,3.0581

Intensity : 135.9839,133.6682,131.0045,128.1858,125.6438,123.5662,121.7252,120.1114,118.0543,115.5069,113.5771,112.6089,111.6434,110.6856,109.2476,108.163,107.029,107.4808,108.8024,109.2556,110.0343,111.4079,112.237,112.8218,113.4032,113.9796,114.5916,115.3326,116.2411,116.222,115.5762,114.954,114.1613,113.4478,112.7707,112.0883,113.2362,114.6833,116.1274,117.6489,117.0501,115.43,113.6576,112.0913,110.7323,109.2202,104.1478,97.72071,95.65177,94.92999,94.49529,96.17399,97.88528,99.43623,99.23724,98.02151,96.81591,95.7023,95.03513,94.74441,94.93267,95.54192,97.20056,99.10902,101.5861,103.2757,101.3105,99.33307,98.37252,95.7528,96.2313,97.4506,97.97154,97.85973,97.78568,97.8849,99.10424,102.0272,105.1215,104.9161,103.0085,101.504,100.0304,98.62857,97.22673,95.82489,93.35829,90.80717,88.25604,85.70492,85.1927,85.13413,85.07442,85.02409,84.9996,84.9942,84.98273,84.98409,84.91595,84.34515,83.37084,82.50503,81.70453,80.91071,80.20537,79.59132,78.97727,78.36322,77.65719,76.8656,76.32485,76.05992,76.4614,78.6913,80.584,81.8263

Time pixel : 181.8068,181.9722,182.197,182.435,182.6596,182.8381,182.9779,183.1695,183.4533,183.7888,184.0857,184.3495,184.646,184.981,185.2772,185.5404,185.8362,186.1571,186.3931,186.5441,186.7202,186.9423,187.1774,187.4124,187.6472,187.8819,188.1298,188.4371,188.8292,189.2347,189.6018,189.9483,190.2433,190.4926,190.7291,190.9663,191.204,191.4425,191.6818,191.9352,192.249,192.6484,193.0487,193.3793,193.6859,194.0136,194.4048,194.9059,195.3258,195.6349,195.9511,196.3065,196.6235,196.9075,197.2507,197.7377,198.3221,198.8675,199.3066,199.6207,199.8287,199.9844,200.1782,200.4311,200.7432,201.1335,201.6367,202.2953,203.0284,203.7848,204.4158,204.8178,205.0877,205.3311,205.5745,205.8312,206.134,206.4887,206.8642,207.2783,207.6791,207.9952,208.2519,208.4953,208.7387,208.9821,209.2255,209.4689,209.7123,209.9557,210.1991,210.4425,210.6726,210.8565,211.0019,211.1859,211.416,211.6594,211.8896,212.0735,212.2189,212.4029,212.633,212.8764,213.1198,213.3632,213.6066,213.85,214.0934,214.3368,214.5802,214.8236,215.067,215.2971,215.4678,215.5405

Position pixel : 31.168,31.161,31.1078,31.0161,30.9498,30.8835,30.7921,30.726,30.66,30.5556,30.4438,30.3264,30.2149,30.1111,30.0594,30.0541,30.0623,30.0575,30.0067,29.9177,29.8675,29.8636,29.8733,29.8832,29.8933,29.9034,29.9137,29.924,29.9342,29.9442,29.9541,29.9636,29.9728,29.9814,29.9895,29.9968,30.0034,30.0091,30.0139,30.0177,30.0205,30.0089,29.95,29.8506,29.7735,29.6938,29.5864,29.5153,29.4754,29.4012,29.2875,29.2117,29.1687,29.0927,28.9785,28.9033,28.8749,28.8604,28.8466,28.8202,28.7482,28.6381,28.5671,28.5294,28.4592,28.3506,28.2808,28.2441,28.1746,28.0755,28.0161,28.0028,27.9896,27.9301,27.8321,27.7727,27.7594,27.7594,27.7594,27.7594,27.7594,27.7594,27.7594,27.7594,27.7594,27.7594,27.7594,27.7594,27.7594,27.7594,27.7594,27.7594,27.7727,27.8321,27.9301,27.9896,28.0028,28.0028,28.0161,28.0755,28.1735,28.233,28.2462,28.2462,28.2462,28.2462,28.2462,28.2462,28.2462,28.2595,28.3189,28.4169,28.4764,28.5029,28.5623,28.6603

Brightness max : 198.20
Brightness min : 10.00
Feature direction : Ambiguous
Feature speed : Slow
Feature type : Curve
Start frame : 1
End frame : 259
Start time (s) : 0.000
End time (s) : 394.989999985
Time step (s) : 1.525057915

Feature number : 8

Time (s) : 222.106689636,222.372812243,222.752246652,223.224252076,223.756497289,224.207914432,224.536106895,224.855454022,225.315716501,225.859704659,226.412690659,226.884696084,227.284871281,227.66430569,228.043740099,228.423174509,228.802608918,229.182043327,229.561477736,229.940912146,230.299758273,230.586469161,230.813092767,231.099956161,231.458649783,231.838084192,232.217671107,232.597105516,232.976539926,233.335233547,233.622096941,233.848720547,234.135431435,234.494277563,234.873711972,235.253146381,235.611840003,235.898703396,236.125327003,236.391449609,236.657572215,236.884195821,237.150318427,237.416441033,237.64306464,237.909187246,238.175309852,238.401933458,238.688796852,239.026902192,239.31361308,239.519648404,239.713788277,239.919823601,240.185946207,240.451916307,240.657951632,240.852091504,241.058126829,241.344837717,241.703683844,242.083118253,242.462552663,242.841987072,243.221421481,243.60085589,243.9802903,244.359724709,244.739159118,245.118593527,245.498027937,245.877462346,246.236308473,246.523019361,246.749795473,247.036506361,247.374611701,247.661322589,247.888098701,248.174809589,248.533655716,248.892349338,249.179212732,249.405836338,249.692547226,250.051393353,250.430827763,250.789521384,251.076384778,251.282420102,251.476407469,251.682442794,251.9485654,252.193947218,252.327999809,252.441311612,252.614863203,252.800157739,252.994297612,253.179592149,253.373732021,253.559026558,253.753166431,253.938460967,254.13260084,254.317895376,254.491294461,254.604606264,254.718070573,254.891469658,255.076764195,255.25016328,255.342886801

Position (um) : 4.2198,4.2198,4.2212,4.2277,4.2384,4.2463,4.2542,4.2649,4.2714,4.2729,4.2729,4.2743,4.2808,4.2915,4.298,4.2994,4.2994,4.2994,4.2994,4.2994,4.3009,4.3073,4.318,4.3245,4.326,4.326,4.3274,4.3339,4.3446,4.3525,4.3604,4.3711,4.3776,4.3805,4.387,4.3977,4.4056,4.4135,4.4242,4.4321,4.4401,4.4508,4.4587,4.4666,4.4773,4.4852,4.4932,4.5039,4.5103,4.5132,4.5197,4.5319,4.5463,4.5649,4.5835,4.5979,4.6115,4.6245,4.6366,4.6445,4.6525,4.6631,4.6696,4.6711,4.6711,4.6711,4.6711,4.6711,4.6696,4.6631,4.6525,4.646,4.6431,4.6366,4.6259,4.6194,4.6165,4.61,4.5994,4.5929,4.5914,4.59,4.5835,4.5728,4.5649,4.557,4.5463,4.5383,4.5304,4.5183,4.5053,4.4932,4.4852,4.4759,4.4587,4.4401,4.4257,4.4121,4.3991,4.3855,4.3726,4.359,4.346,4.3324,4.3195,4.3059,4.2915,4.2729,4.2542,4.2398,4.2262,4.2133,4.2011

Intensity : 81.45131,82.32376,83.10415,82.37759,81.46804,80.82911,80.74701,80.5557,80.36687,79.77326,77.28503,75.02906,72.92537,72.08192,71.62211,71.58053,71.80963,73.22923,74.64883,76.06843,77.31992,78.39555,78.7421,79.76701,81.6272,83.65599,84.65441,85.21196,85.43576,85.87862,86.50103,86.65382,87.17697,88.33556,88.96113,88.06799,87.69804,87.23985,86.29442,85.93358,85.26082,84.42762,84.24499,84.29577,84.24403,84.497,84.40604,83.94186,84.31404,85.36291,85.90077,85.4931,84.69414,83.62983,82.85347,81.62091,79.97966,78.46755,77.31466,77.35661,77.65413,77.41859,77.85954,77.09666,76.48839,75.88012,75.27184,75.09781,75.23023,76.34164,78.33937,77.60418,76.05131,75.56178,76.15455,75.56358,75.05573,75.43184,76.76448,77.1913,76.51047,76.04862,76.66622,78.184,79.1128,79.94173,79.73507,78.8689,78.47475,79.39863,80.55609,81.4869,81.2362,81.1481,82.83884,84.92928,86.07982,87.0955,88.02745,89.10283,89.44923,89.70309,89.95827,90.52164,91.08634,91.95923,93.19318,95.61194,97.9041,100.382,102.9093,105.4238,107.58

Time pixel : 145.6382,145.8127,146.0615,146.371,146.72,147.016,147.2312,147.4406,147.7424,148.0991,148.4617,148.7712,149.0336,149.2824,149.5312,149.78,150.0288,150.2776,150.5264,150.7752,151.0105,151.1985,151.3471,151.5352,151.7704,152.0192,152.2681,152.5169,152.7657,153.0009,153.189,153.3376,153.5256,153.7609,154.0097,154.2585,154.4937,154.6818,154.8304,155.0049,155.1794,155.328,155.5025,155.677,155.8256,156.0001,156.1746,156.3232,156.5113,156.733,156.921,157.0561,157.1834,157.3185,157.493,157.6674,157.8025,157.9298,158.0649,158.2529,158.4882,158.737,158.9858,159.2346,159.4834,159.7322,159.981,160.2298,160.4786,160.7274,160.9762,161.225,161.4603,161.6483,161.797,161.985,162.2067,162.3947,162.5434,162.7314,162.9667,163.2019,163.39,163.5386,163.7266,163.9619,164.2107,164.4459,164.634,164.7691,164.8963,165.0314,165.2059,165.3668,165.4547,165.529,165.6428,165.7643,165.8916,166.0131,166.1404,166.2619,166.3892,166.5107,166.638,166.7595,166.8732,166.9475,167.0219,167.1356,167.2571,167.3708,167.4316

Position pixel : 39.5479,39.5479,39.5615,39.6222,39.7224,39.7967,39.871,39.9712,40.032,40.0455,40.0455,40.0591,40.1199,40.22,40.2808,40.2943,40.2943,40.2943,40.2943,40.2943,40.3079,40.3687,40.4688,40.5296,40.5431,40.5431,40.5567,40.6175,40.7176,40.7919,40.8663,40.9664,41.0272,41.0543,41.1151,41.2152,41.2896,41.3639,41.464,41.5384,41.6127,41.7129,41.7872,41.8615,41.9617,42.036,42.1103,42.2105,42.2712,42.2983,42.3591,42.4728,42.6079,42.7824,42.9569,43.092,43.2192,43.3408,43.4545,43.5288,43.6031,43.7033,43.7641,43.7776,43.7776,43.7776,43.7776,43.7776,43.7641,43.7033,43.6031,43.5424,43.5152,43.4545,43.3543,43.2936,43.2664,43.2057,43.1055,43.0448,43.0312,43.0176,42.9569,42.8567,42.7824,42.7081,42.6079,42.5336,42.4593,42.3455,42.224,42.1103,42.036,41.9481,41.7872,41.6127,41.4776,41.3503,41.2288,41.1015,40.98,40.8527,40.7312,40.6039,40.4824,40.3551,40.22,40.0455,39.871,39.736,39.6087,39.4872,39.3734

Brightness max : 198.20
Brightness min : 10.00
Feature direction : Poleward
Feature speed : Slow
Feature type : Curve
Start frame : 1
End frame : 259
Start time (s) : 0.000
End time (s) : 394.989999985
Time step (s) : 1.525057915

Feature number : 9

Time (s) : 100.579186056,100.839498191,101.19047502,101.561658866,101.95308023,102.414928769,102.935568291,103.397401579,103.788822944,104.16002204,104.551443405,105.033498961,105.644787925,106.256076889,106.738147696,107.109331542,107.389881196,107.611624617,107.912396539,108.35402281,108.874662331,109.33649562,109.707694716,109.98824437,110.209987791,110.490522195,110.841499023,111.212682869,111.583881966,111.934858794,112.215393198,112.437136619,112.717686273,113.068663101,113.439846947,113.811046044,114.182229889,114.553428986,114.924628083,115.295811928,115.667011025,116.038210121,116.409393967,116.780593064,117.15177691,117.522976006,117.894175103,118.265358949,118.636558045,119.007757142,119.35871872,119.659490642,119.971883505,120.401873584,120.843484605,121.234905969,121.606105066,121.977304162,122.348488008,122.719687105,123.090870951,123.482292315,123.944140854,124.464780376,124.926613664,125.318035028,125.689234125,126.060417971,126.431617067,126.802816164,127.17400001,127.545199106,127.916398203,128.267359781,128.547909435,128.769652856,129.029964991,129.310514645,129.622907509,130.052897588,130.494523859,130.885929973,131.257129069,131.628328166,131.999512012,132.370711108,132.741910205,133.133316318,133.595164857,134.156264166,134.819618607,135.620807782,136.413380381,137.085351399,137.678293917,138.330027417,139.052188091,139.774348766,140.405859998,140.908153073,141.430668415,142.15282909,143.004223172,143.726383847,144.228676922,144.620098286,144.991282132,145.362481228,145.733665074,146.104864171,146.476063267,146.847247113,147.21844621,147.589645306,147.98105142,148.463122227,149.074411191,149.726144691,150.389514383,151.100054116,151.74318629,152.304285598,152.766118886,153.157601253,153.528800349,153.899999446,154.271046037,154.642245133,155.05401077,155.606386747,156.31691123,157.050769098,157.781576851,158.424693774,159.006045851,159.558421828,160.09935987,160.581430677,161.063501484,161.584156256,162.045943793,162.43742616,162.808625256,163.179824353,163.551023449,163.92207004,164.293269137,164.664468233,165.03566733,165.447432967,165.999808944,166.649788627,167.111576164,167.373733619,167.654344275,168.005260102,168.396742469,168.878813275,169.530470523,170.363457156,171.3257687,172.197339298,172.790281816,173.202047453,173.552963279,173.83342143,174.055164851,174.335775507,174.686691333,175.09845697,175.650832947,176.36135743,177.176043368,178.309923928,179.732192939,180.974962634,181.830062607,182.59274407,183.373573723,184.036973916,184.598042723,185.059982765,185.471595896,185.933383433,186.454038205,186.956392282,187.52905153,188.199161977,188.75169046,189.163303591,189.514219418,189.814960838,190.127445205,190.577642302,191.109887514,191.650825556,192.112613093,192.50409546,192.875294556,193.246493653,193.617540244,193.98873934,194.359938437,194.731137533,195.10233663,195.514102267,196.066478244,196.777002726,197.510860595,198.221385077,198.794044324,199.296398402,199.817053174,200.258709946,200.539168097

Position (um) : 1.6115,1.6115,1.6115,1.6129,1.6192,1.6297,1.636,1.6389,1.6452,1.6557,1.662,1.6634,1.6634,1.6634,1.6634,1.6648,1.6712,1.6816,1.688,1.6894,1.6894,1.6894,1.6908,1.6971,1.7076,1.7139,1.7154,1.7154,1.7154,1.7168,1.7231,1.7336,1.7399,1.7413,1.7413,1.7413,1.7413,1.7413,1.7413,1.7427,1.7491,1.7595,1.7659,1.7687,1.7751,1.7855,1.7933,1.801,1.8115,1.8178,1.8207,1.8284,1.8452,1.8634,1.8775,1.8908,1.9035,1.9168,1.9295,1.9427,1.9554,1.9687,1.9814,1.9947,2.0074,2.0192,2.027,2.0348,2.0466,2.0593,2.0712,2.0775,2.0789,2.0804,2.0867,2.0972,2.1049,2.1127,2.1231,2.1295,2.1309,2.1309,2.1323,2.1386,2.1491,2.1554,2.1568,2.1568,2.1583,2.1646,2.1765,2.1892,2.201,2.2074,2.2102,2.2165,2.227,2.2333,2.2348,2.2362,2.2425,2.253,2.2607,2.2685,2.2789,2.2853,2.2867,2.2867,2.2867,2.2867,2.2867,2.2867,2.2867,2.2867,2.2853,2.2789,2.2685,2.2621,2.2607,2.2607,2.2593,2.253,2.2425,2.2362,2.2348,2.2348,2.2333,2.227,2.2151,2.2024,2.1906,2.1828,2.1751,2.1646,2.1583,2.1568,2.1568,2.1568,2.1568,2.1568,2.1568,2.1568,2.1568,2.1568,2.1568,2.1568,2.1568,2.1583,2.1646,2.1751,2.1814,2.1842,2.1906,2.201,2.2074,2.2088,2.2088,2.2088,2.2074,2.201,2.1892,2.1765,2.1646,2.1583,2.1554,2.1491,2.1372,2.1245,2.1127,2.1035,2.0894,2.0685,2.053,2.0375,2.0151,1.9961,1.9828,1.9765,1.9751,1.9751,1.9751,1.9751,1.9751,1.9751,1.9751,1.9751,1.9751,1.9751,1.9751,1.9751,1.9765,1.9842,2.001,2.0192,2.0333,2.0466,2.0593,2.0712,2.0775,2.0789,2.0789,2.0789,2.0789,2.0789,2.0789,2.0789,2.0789,2.0789,2.0789,2.0789,2.0804,2.0867,2.0972,2.1035,2.1049

Intensity : 238.1899,235.7286,232.6013,229.2459,225.6178,221.6949,217.8751,214.6174,212.7223,213.3769,213.946,214.3866,214.2021,213.7086,213.3194,212.9567,212.9971,213.2675,213.0241,211.5298,205.9535,201.0071,197.1093,195.8081,195.6772,194.9266,193.8834,192.7408,192.4842,192.7333,193.4388,194.6717,195.7655,195.8315,195.2668,194.7022,194.1376,193.4588,192.6507,191.9939,191.8457,191.4322,189.3739,186.9335,184.7755,183.2085,182.2443,181.2093,180.2911,178.4061,174.7129,171.5307,168.2288,163.7915,158.558,154.027,149.9686,146.1639,143.8625,141.9516,140.3068,138.8793,137.4634,135.5986,133.7751,133.2901,133.155,132.7272,132.3579,132.0076,131.632,131.2047,130.7311,130.5502,130.7184,130.94,131.1686,131.4326,131.792,132.4697,133.0754,133.5887,133.9648,133.8232,133.5277,133.476,133.6441,134.1025,134.6088,135.0846,133.5968,131.6642,126.4687,121.7732,120.8093,121.2241,122.9227,126.2902,128.458,127.2069,126.0224,125.0964,125.582,123.3706,120.1209,117.6362,116.1966,116.8554,117.5142,118.1729,118.713,118.7465,118.78,118.8135,118.9353,119.5307,120.6118,120.753,119.3163,117.2454,113.6685,111.0236,111.3475,112.5002,113.2716,113.9747,114.5365,115.058,115.4964,115.6628,115.7949,115.906,112.9425,110.4101,112.6811,116.7453,120.6973,122.6377,124.4666,126.4418,126.569,126.4222,126.2831,126.1439,125.9529,125.7616,125.5703,125.3389,124.8933,124.4346,124.1013,125.3718,126.886,127.7456,128.6654,128.4448,127.5717,126.4963,124.3691,120.3309,118.954,120.2667,121.1091,121.7127,122.1547,122.8467,124.5242,126.3844,128.4834,130.7807,132.265,132.2695,131.1387,126.6,122.918,121.3164,120.8269,121.5857,122.3027,122.7377,123.018,122.7089,122.4334,122.1243,121.2552,120.2602,119.1258,116.5848,114.4036,112.798,111.5382,110.4919,109.4904,108.1062,110.1872,112.1953,113.6832,115.6625,117.911,120.4908,123.176,123.4434,123.2,122.9566,122.7132,121.7364,120.1003,117.9095,114.3086,110.8217,109.9943,109.084,107.9739,106.3776,105.5161

Time pixel : 65.95106,66.12175,66.35189,66.59528,66.85194,67.15478,67.49617,67.799,68.05566,68.29906,68.55572,68.87181,69.27264,69.67347,69.98957,70.23296,70.41692,70.56232,70.75954,71.04912,71.39051,71.69334,71.93674,72.1207,72.2661,72.45005,72.68019,72.92358,73.16698,73.39712,73.58107,73.72647,73.91043,74.14057,74.38396,74.62736,74.87075,75.11415,75.35755,75.60094,75.84434,76.08774,76.33113,76.57453,76.81792,77.06132,77.30472,77.54811,77.79151,78.03491,78.26504,78.46226,78.6671,78.94905,79.23862,79.49528,79.73868,79.98208,80.22547,80.46887,80.71226,80.96892,81.27176,81.61315,81.91598,82.17264,82.41604,82.65943,82.90283,83.14623,83.38962,83.63302,83.87642,84.10655,84.29051,84.43591,84.6066,84.79056,84.9954,85.27735,85.56693,85.82358,86.06698,86.31038,86.55377,86.79717,87.04057,87.29722,87.60006,87.96798,88.40295,88.9283,89.448,89.88862,90.27742,90.70477,91.1783,91.65183,92.06592,92.39528,92.7379,93.21143,93.7697,94.24323,94.57259,94.82925,95.07264,95.31604,95.55943,95.80283,96.04623,96.28962,96.53302,96.77642,97.03307,97.34917,97.75,98.17735,98.61233,99.07824,99.49995,99.86787,100.1707,100.4274,100.6708,100.9142,101.1575,101.4009,101.6709,102.0331,102.499,102.9802,103.4594,103.8811,104.2623,104.6245,104.9792,105.2953,105.6114,105.9528,106.2556,106.5123,106.7557,106.9991,107.2425,107.4858,107.7292,107.9726,108.216,108.486,108.8482,109.2744,109.5772,109.7491,109.9331,110.1632,110.4199,110.736,111.1633,111.7095,112.3405,112.912,113.3008,113.5708,113.8009,113.9848,114.1302,114.3142,114.5443,114.8143,115.1765,115.6424,116.1766,116.9201,117.8527,118.6676,119.2283,119.7284,120.2404,120.6754,121.0433,121.3462,121.6161,121.9189,122.2603,122.5897,122.9652,123.4046,123.7669,124.0368,124.2669,124.4641,124.669,124.9642,125.3132,125.6679,125.9707,126.2274,126.4708,126.7142,126.9575,127.2009,127.4443,127.6877,127.9311,128.2011,128.5633,129.0292,129.5104,129.9763,130.3518,130.6812,131.0226,131.3122,131.4961

Position pixel : 15.1028,15.1028,15.1028,15.1161,15.1755,15.2735,15.333,15.3595,15.4189,15.5169,15.5764,15.5896,15.5896,15.5896,15.5896,15.6029,15.6623,15.7603,15.8198,15.833,15.833,15.833,15.8463,15.9057,16.0037,16.0632,16.0764,16.0764,16.0764,16.0897,16.1491,16.2471,16.3065,16.3198,16.3198,16.3198,16.3198,16.3198,16.3198,16.3331,16.3925,16.4905,16.5499,16.5765,16.6359,16.7339,16.8066,16.8793,16.9773,17.0367,17.0633,17.136,17.2934,17.4641,17.5962,17.7208,17.8396,17.9641,18.083,18.2075,18.3264,18.4509,18.5698,18.6943,18.8132,18.9245,18.9972,19.0699,19.1811,19.3,19.4113,19.4707,19.484,19.4972,19.5567,19.6547,19.7274,19.8001,19.8981,19.9575,19.9708,19.9708,19.984,20.0435,20.1415,20.2009,20.2142,20.2142,20.2274,20.2869,20.3981,20.517,20.6282,20.6877,20.7142,20.7736,20.8716,20.9311,20.9443,20.9576,21.017,21.115,21.1877,21.2604,21.3584,21.4179,21.4311,21.4311,21.4311,21.4311,21.4311,21.4311,21.4311,21.4311,21.4179,21.3584,21.2604,21.201,21.1877,21.1877,21.1745,21.115,21.017,20.9576,20.9443,20.9443,20.9311,20.8716,20.7604,20.6415,20.5302,20.4575,20.3848,20.2869,20.2274,20.2142,20.2142,20.2142,20.2142,20.2142,20.2142,20.2142,20.2142,20.2142,20.2142,20.2142,20.2142,20.2274,20.2869,20.3848,20.4443,20.4708,20.5302,20.6282,20.6877,20.7009,20.7009,20.7009,20.6877,20.6282,20.517,20.3981,20.2869,20.2274,20.2009,20.1415,20.0302,19.9113,19.8001,19.7141,19.582,19.386,19.2406,19.0952,18.8859,18.7076,18.5831,18.5236,18.5104,18.5104,18.5104,18.5104,18.5104,18.5104,18.5104,18.5104,18.5104,18.5104,18.5104,18.5104,18.5236,18.5963,18.7538,18.9245,19.0566,19.1811,19.3,19.4113,19.4707,19.484,19.484,19.484,19.484,19.484,19.484,19.484,19.484,19.484,19.484,19.484,19.4972,19.5567,19.6547,19.7141,19.7274

Brightness max : 198.20
Brightness min : 10.00
Feature direction : Antipoleward
Feature speed : Slow
Feature type : Curve
Start frame : 1
End frame : 259
Start time (s) : 0.000
End time (s) : 394.989999985
Time step (s) : 1.525057915

Feature number : 10

Time (s) : 125.077945161,125.338257296,125.689234125,126.060417971,126.431617067,126.802816164,127.17400001,127.545199106,127.916398203,128.287582049,128.638558877,128.919093281,129.140836702,129.421386356,129.772363184,130.14354703,130.514746127,130.885929973,131.257129069,131.628328166,131.999512012,132.370711108,132.721672686,133.00222234,133.223965761,133.504515415,133.855476993,134.226676089,134.597875186,134.969059032,135.340258128,135.731679493,136.193512781,136.714152303,137.176000842,137.567422206,137.938606052,138.309805149,138.681004245,139.052188091,139.423387188,139.794571034,140.145547862,140.426097516,140.647840937,140.928390591,141.279352169,141.650551266,142.04195738,142.503805919,143.004223172,143.375407018,143.617387957,143.897937612,144.269121457,144.730969996,145.271831786,145.844536785,146.476063267,147.078110381,147.565625644,147.905073035,148.284644699,148.736488858,149.21078187,149.687743733,150.167938719,150.651946349,151.140391898,151.633839637,152.153030354,152.748428214,153.408778291,154.056470388,154.800088627,155.715885905,156.575713558,157.257109434,157.89687123,158.570946828,159.199270689,159.81707165,160.459883561,161.026747588,161.503175681,161.937054658,162.326554449,162.599692322

Position (um) : 2.9619,2.9619,2.9619,2.9619,2.9619,2.9619,2.9633,2.9697,2.9801,2.9865,2.9893,2.9957,3.0061,3.0125,3.0153,3.0216,3.0321,3.0384,3.0398,3.0398,3.0398,3.0398,3.0413,3.0476,3.0581,3.0644,3.0658,3.0658,3.0658,3.0658,3.0672,3.0736,3.084,3.0904,3.0918,3.0918,3.0932,3.0995,3.11,3.1163,3.1178,3.1178,3.1192,3.1255,3.136,3.1423,3.1437,3.1451,3.1515,3.1619,3.1697,3.1775,3.1879,3.1942,3.1971,3.2034,3.2153,3.228,3.2398,3.2479,3.2579,3.2707,3.2794,3.2846,3.2934,3.3077,3.323,3.3376,3.3467,3.351,3.3554,3.365,3.3787,3.3885,3.3949,3.4049,3.4191,3.4292,3.4344,3.438,3.4415,3.4461,3.4554,3.4683,3.4781,3.4873,3.4987,3.5054

Intensity : 180.5431,181.2388,182.1767,183.1686,184.1606,183.9069,182.9359,182.4562,182.5841,181.6742,179.4595,177.5656,176.1645,174.6103,173.3564,173.0717,172.9154,172.6979,172.5331,172.7664,172.9997,173.2329,173.8614,176.5639,179.0233,181.6773,184.586,187.3906,187.2606,187.1306,187.1,187.4378,185.9566,184.0698,182.0631,178.4179,174.696,171.0074,167.435,164.6273,161.9698,159.2631,156.7911,156.206,157.1827,157.9667,158.5198,159.0994,159.4095,159.3925,159.181,159.2679,160.4915,161.516,162.4594,163.7263,161.8933,158.8833,156.1259,156.7051,157.4112,158.2429,159.8327,161.5588,163.5256,165.6092,167.0788,168.6371,169.3785,168.3531,167.2449,165.9117,164.4934,163.2976,164.2769,165.4237,165.4054,165.9716,168.5846,171.305,175.3917,179.3855,183.8685,188.03,191.4282,193.5062,194.9869,196.1749

Time pixel : 82.01521,82.1859,82.41604,82.65943,82.90283,83.14623,83.38962,83.63302,83.87642,84.11981,84.34995,84.5339,84.6793,84.86326,85.0934,85.33679,85.58019,85.82358,86.06698,86.31038,86.55377,86.79717,87.0273,87.21126,87.35666,87.54062,87.77075,88.01415,88.25755,88.50094,88.74434,89.001,89.30383,89.64522,89.94806,90.20472,90.44811,90.69151,90.93491,91.1783,91.4217,91.66509,91.89523,92.07919,92.22459,92.40855,92.63868,92.88208,93.13873,93.44157,93.7697,94.01309,94.17176,94.35572,94.59911,94.90195,95.2566,95.63213,96.04623,96.441,96.76067,96.98325,97.23214,97.52842,97.83942,98.15217,98.46704,98.78441,99.10469,99.42825,99.76869,100.1591,100.5921,101.0168,101.5044,102.1049,102.6687,103.1155,103.535,103.977,104.389,104.7941,105.2156,105.5873,105.8997,106.1842,106.4396,106.6187

Position pixel : 27.7594,27.7594,27.7594,27.7594,27.7594,27.7594,27.7727,27.8321,27.9301,27.9896,28.0161,28.0755,28.1735,28.233,28.2595,28.3189,28.4169,28.4764,28.4896,28.4896,28.4896,28.4896,28.5029,28.5623,28.6603,28.7198,28.733,28.733,28.733,28.733,28.7463,28.8057,28.9037,28.9632,28.9764,28.9764,28.9897,29.0491,29.1471,29.2065,29.2198,29.2198,29.2331,29.2925,29.3905,29.4499,29.4632,29.4765,29.5359,29.6339,29.7066,29.7793,29.8773,29.9367,29.9633,30.0227,30.134,30.2528,30.3641,30.4392,30.5333,30.653,30.7344,30.7833,30.8657,31.0005,31.1436,31.2799,31.3654,31.4058,31.4475,31.5366,31.6656,31.7574,31.8174,31.9113,32.0444,32.1392,32.1874,32.2215,32.2541,32.2975,32.3841,32.5054,32.597,32.6837,32.7902,32.8525

Brightness max : 198.20
Brightness min : 10.00
Feature direction : Antipoleward
Feature speed : Slow
Feature type : Curve
Start frame : 1
End frame : 259
Start time (s) : 0.000
End time (s) : 394.989999985
Time step (s) : 1.525057915

