KYMOANALYSIS DATA

General Information :

Tiff path : G:\My Drive\microtubule dynamics and cut7\21-15 screens and tests\cut11-7\20-06-17&18 (cut11-7, cut7-3GFP, Klp5D, mts)\
Spindle type : Monopolar
Start frame : 1
End frame : 161
Start time (s) : 0.000
End time (s) : 637.520
Time step (s) : 3.984
Num poles : 1
Num tracks : 7
Num tracks poleward : 0
Num tracks antipoleward : 0
Num tracks ambiguous : 7
Comments : {

}
Poles Information :


Pole number : 1

Time (s) : 6.01852,10.09694,14.17536,18.25377,22.33219,26.41061,30.48903,34.56744,38.64586,42.72428,46.8027,50.88112,54.95953,59.03795,63.11637,67.19479,71.2732,75.35162,79.43004,83.50846,87.58688,91.66529,95.74371,99.82213,103.9005,107.979,112.0574,116.1358,120.2142,124.2926,128.3711,132.4495,136.5279,140.6063,144.6847,148.7631,152.8416,156.92,160.9984,165.0768,169.1552,173.2336,177.3121,181.3905,185.4689,189.5473,193.6257,197.7042,201.7826,205.861,209.9394,214.0178,218.0962,222.1747,226.2531,230.3315,234.4099

Position (um) : 1.8303,1.8231,1.8158,1.8086,1.8014,1.7942,1.7869,1.7797,1.7725,1.7653,1.758,1.7508,1.7436,1.7364,1.7291,1.7219,1.7147,1.7075,1.7002,1.693,1.6858,1.6786,1.6713,1.6641,1.6569,1.6497,1.6424,1.6352,1.628,1.6208,1.6135,1.6063,1.5991,1.5919,1.5846,1.5774,1.5702,1.5629,1.5557,1.5485,1.5413,1.534,1.5268,1.5196,1.5124,1.5051,1.4979,1.4907,1.4835,1.4762,1.469,1.4618,1.4546,1.4473,1.4401,1.4329,1.4257

Intensity : 709.6361,722.5476,731.6768,730.0664,734.4562,730.6969,724.9541,744.2137,750.5314,751.0058,742.0265,765.4074,802.7756,822.8152,833.2854,816.9649,820.6852,822.0986,837.5473,839.3503,836.6821,814.2481,818.7944,801.9059,799.5994,753.0255,740.6497,697.1824,682.5225,679.5888,700.9331,718.7526,716.9112,715.5073,710.813,712.266,699.1163,693.6932,691.4782,689.4273,682.0663,670.5348,659.8921,639.1776,618.8437,628.7545,641.7752,651.5262,643.6486,637.9656,635.5767,616.6822,608.7707,585.7484,550.0449,500.055,471.432

Time pixel : 1.51048,2.53405,3.55762,4.5812,5.60477,6.62834,7.65191,8.67548,9.69905,10.7226,11.7462,12.7698,13.7933,14.8169,15.8405,16.864,17.8876,18.9112,19.9348,20.9583,21.9819,23.0055,24.029,25.0526,26.0762,27.0998,28.1233,29.1469,30.1705,31.194,32.2176,33.2412,34.2647,35.2883,36.3119,37.3355,38.359,39.3826,40.4062,41.4297,42.4533,43.4769,44.5005,45.524,46.5476,47.5712,48.5947,49.6183,50.6419,51.6655,52.689,53.7126,54.7362,55.7597,56.7833,57.8069,58.8304

Position pixel : 17.1536,17.0859,17.0182,16.9504,16.8827,16.815,16.7473,16.6796,16.6119,16.5441,16.4764,16.4087,16.341,16.2733,16.2056,16.1378,16.0701,16.0024,15.9347,15.867,15.7993,15.7315,15.6638,15.5961,15.5284,15.4607,15.393,15.3252,15.2575,15.1898,15.1221,15.0544,14.9867,14.9189,14.8512,14.7835,14.7158,14.6481,14.5803,14.5126,14.4449,14.3772,14.3095,14.2418,14.174,14.1063,14.0386,13.9709,13.9032,13.8355,13.7677,13.7,13.6323,13.5646,13.4969,13.4292,13.3614

Pole type : Line
Start frame : 1
End frame : 161
Start time (s) : 0.000
End time (s) : 637.520
Time step (s) : 3.984

Feature Information :


Feature number : 1

Time (s) : 7.96722,8.43811,9.27143,10.3205,11.1855,11.83,12.4112,12.9923,13.5735,14.1546,14.7674,15.4905,16.3056,17.0287,17.6415,18.2226,18.7721,19.2114,19.5585,19.9978,20.5472,21.1284,21.7095,22.3223,23.0771,24.0658,25.1964,26.3271,27.3158,28.0705,28.6833,29.2645,29.8456,30.4268,30.9762,31.4155,31.7626,32.2019,32.7514,33.3008,33.7401,34.0872,34.4948,34.9024,35.2495,35.6888,36.2382,36.7877,37.227,37.5741,38.0134,38.5628,39.144,39.7251,40.3063,40.8874,41.4686,42.0181,42.4573,42.8045,43.2437,43.7932,44.3743,44.9238,45.363,45.7102,46.1178,46.4937

Position (um) : 2.3914,2.3969,2.4124,2.4372,2.462,2.4784,2.4886,2.4995,2.5104,2.5197,2.5314,2.5462,2.5617,2.5764,2.5882,2.5966,2.6046,2.6122,2.6202,2.6286,2.6395,2.6505,2.6597,2.6724,2.6917,2.7182,2.7485,2.7788,2.8052,2.8254,2.841,2.8528,2.8612,2.8683,2.873,2.8776,2.8839,2.8877,2.8885,2.8894,2.8932,2.8994,2.9041,2.9087,2.915,2.9188,2.9197,2.9205,2.9243,2.9306,2.9352,2.9399,2.9461,2.9508,2.9554,2.9617,2.9655,2.9672,2.971,2.9773,2.9811,2.9819,2.9819,2.9828,2.9866,2.9928,2.9966,2.9975

Intensity : 557.6015,552.6085,543.5184,531.5639,520.5942,511.8217,508.0512,505.5532,503.5027,501.9409,500.6995,499.907,497.7694,493.4722,490.2864,487.5426,485.202,483.588,482.5905,481.4168,480.1662,478.8772,477.5208,475.92,472.8973,468.3383,460.6162,453.4638,442.9362,436.9355,435.2296,434.5658,434.6838,435.2415,436.1421,436.9589,437.258,435.8424,433.7951,431.75,429.6623,427.5455,425.4629,423.3891,421.3022,419.2584,416.4135,413.1924,410.225,407.4959,404.4962,400.932,397.0667,393.4385,389.7692,385.9145,382.3139,379.1052,376.2882,373.7254,370.9085,367.7871,373.645,379.696,384.378,387.9069,392.3626,396.6587

Time pixel : 1.99955,2.11773,2.32687,2.59017,2.80726,2.96901,3.11486,3.26071,3.40656,3.55242,3.70622,3.88768,4.09226,4.27373,4.42753,4.57338,4.71129,4.82152,4.90865,5.01889,5.15679,5.30264,5.4485,5.6023,5.79171,6.03985,6.32361,6.60737,6.85551,7.04492,7.19872,7.34458,7.49043,7.63628,7.77419,7.88442,7.97155,8.08179,8.21969,8.3576,8.46783,8.55496,8.65725,8.75953,8.84666,8.9569,9.0948,9.23271,9.34294,9.43007,9.54031,9.67821,9.82407,9.96992,10.1158,10.2616,10.4075,10.5454,10.6556,10.7427,10.853,10.9909,11.1367,11.2746,11.3849,11.472,11.5743,11.6686

Position pixel : 22.4122,22.4637,22.6096,22.8418,23.0741,23.2279,23.323,23.4253,23.5275,23.6147,23.7249,23.8628,24.0087,24.1466,24.2568,24.336,24.4106,24.4818,24.5565,24.6356,24.7379,24.8402,24.9273,25.0455,25.227,25.4751,25.7589,26.0426,26.2908,26.4802,26.6261,26.7363,26.8155,26.8821,26.9257,26.9693,27.028,27.0636,27.0716,27.0795,27.1151,27.1738,27.2174,27.261,27.3197,27.3553,27.3633,27.3712,27.4068,27.4656,27.5091,27.5527,27.6114,27.655,27.6985,27.7573,27.7929,27.8088,27.8444,27.9031,27.9387,27.9467,27.9467,27.9546,27.9902,28.049,28.0846,28.0925

Brightness max : 539.34
Brightness min : 247.00
Feature direction : Ambiguous
Feature speed : Slow
Feature type : Curve
Start frame : 1
End frame : 161
Start time (s) : 0.000
End time (s) : 637.520
Time step (s) : 3.984

Feature number : 2

Time (s) : 37.6058,38.045,38.7364,39.5516,40.2746,40.8558,41.295,41.6422,42.0814,42.6309,43.212,43.7615,44.2007,44.5479,44.9555,45.363,45.7102,46.1494,46.6673,47.1065,47.422,47.7193,48.0031,48.3004,48.5843,48.8816,49.1654,49.4627,49.7466,50.0439,50.3277,50.625,50.9089,51.2062,51.5217,51.9609,52.4787,52.918,53.2651,53.6727,54.1119,54.601,55.2742,55.9656,56.6101,57.3648,58.3536,59.4525,60.4412,61.196,61.8088,62.3899,62.9711,63.5522,64.1334,64.7145,65.2957,65.8768,66.458,67.0391,67.6203,68.2014,68.7826,69.3637,69.9132,70.3524,70.6679,70.9336

Position (um) : 2.2194,2.2202,2.2248,2.2358,2.2496,2.2614,2.2707,2.2824,2.2972,2.3127,2.3274,2.3392,2.3485,2.3594,2.3703,2.3796,2.3914,2.4053,2.417,2.4263,2.4381,2.4519,2.4637,2.4721,2.4801,2.4877,2.4957,2.5033,2.5112,2.5188,2.5268,2.5344,2.5424,2.55,2.5579,2.5655,2.5735,2.5811,2.5882,2.5928,2.5975,2.6046,2.6122,2.6202,2.6278,2.6357,2.6433,2.6513,2.6589,2.666,2.6698,2.6707,2.6707,2.6715,2.6753,2.6816,2.6854,2.6862,2.6862,2.6862,2.6871,2.6909,2.6971,2.7009,2.7026,2.7064,2.7127,2.7165

Intensity : 507.3288,507.1903,505.9948,503.1985,499.1479,495.7519,493.4119,491.0209,488.4066,486.1143,484.5017,483.7014,481.8004,479.2135,476.6918,474.609,472.5281,470.3085,468.5334,467.3318,466.214,465.1471,462.3207,459.1492,456.2554,453.433,450.7732,448.1848,445.759,443.4046,441.2127,439.0924,437.1345,435.2481,433.3789,431.1747,429.2032,427.6417,426.4738,425.3654,424.2781,423.1629,421.8807,420.4812,418.3205,415.6435,411.9553,407.6603,404.1991,401.7347,399.625,397.7957,396.0498,394.224,391.0526,387.0611,383.2842,379.7928,376.387,372.9812,369.4805,365.83,361.964,358.3829,355.2101,352.4172,350.0426,348.2053

Time pixel : 9.43802,9.54826,9.72178,9.92635,10.1078,10.2537,10.3639,10.451,10.5613,10.6992,10.845,10.9829,11.0932,11.1803,11.2826,11.3849,11.472,11.5822,11.7122,11.8224,11.9016,11.9762,12.0475,12.1221,12.1933,12.2679,12.3392,12.4138,12.485,12.5596,12.6309,12.7055,12.7767,12.8513,12.9305,13.0408,13.1707,13.281,13.3681,13.4704,13.5806,13.7034,13.8723,14.0458,14.2076,14.397,14.6451,14.9209,15.1691,15.3585,15.5123,15.6582,15.804,15.9499,16.0957,16.2416,16.3874,16.5333,16.6791,16.825,16.9708,17.1167,17.2625,17.4084,17.5463,17.6565,17.7357,17.8024

Position pixel : 20.7999,20.8079,20.8514,20.9537,21.0837,21.1939,21.281,21.3913,21.5292,21.675,21.8129,21.9232,22.0103,22.1126,22.2149,22.302,22.4122,22.5422,22.6524,22.7396,22.8498,22.9797,23.09,23.1692,23.2438,23.315,23.3896,23.4609,23.5355,23.6067,23.6813,23.7526,23.8272,23.8984,23.973,24.0443,24.1189,24.1901,24.2568,24.3004,24.3439,24.4106,24.4818,24.5565,24.6277,24.7023,24.7735,24.8482,24.9194,24.9861,25.0217,25.0296,25.0296,25.0376,25.0732,25.1319,25.1675,25.1755,25.1755,25.1755,25.1834,25.219,25.2778,25.3134,25.3293,25.3649,25.4236,25.4592

Brightness max : 539.34
Brightness min : 247.00
Feature direction : Ambiguous
Feature speed : Slow
Feature type : Curve
Start frame : 1
End frame : 161
Start time (s) : 0.000
End time (s) : 637.520
Time step (s) : 3.984

Feature number : 3

Time (s) : 52.1345,52.5421,53.1232,53.878,54.8667,55.9656,56.9543,57.7091,58.3219,58.903,59.4525,59.9234,60.3808,60.9121,61.3696,61.8088,62.2163,62.5319,62.8292,63.113,63.4103,63.6941,63.9915,64.307,64.7145,65.1221,65.4693,65.8768,66.2844,66.6316,67.0708,67.6203,68.1698,68.609,68.9562,69.3954,69.9449,70.526,71.1072,71.6883,72.2695,72.8506,73.4318,73.9812,74.4205,74.7676,75.2069,75.7564,76.3375,76.9186,77.4681,77.9074,78.2545,78.6938,79.2116,79.6508,79.9663,80.2636,80.5791,80.9867,81.3943,81.7414,82.149,82.5566,82.9037,83.3429,83.8608,84.3,84.6472,85.0547,85.4623,85.8095,86.2487,86.7982,87.3477,87.7552

Position (um) : 3.1064,3.1064,3.1064,3.1073,3.1111,3.1173,3.122,3.1266,3.1329,3.1367,3.1384,3.1422,3.1493,3.1569,3.164,3.1687,3.1733,3.1804,3.188,3.196,3.2036,3.2115,3.2191,3.2263,3.2309,3.2356,3.2418,3.2465,3.252,3.262,3.2729,3.2814,3.2894,3.297,3.3041,3.3079,3.3096,3.3134,3.3196,3.3234,3.3243,3.3243,3.3243,3.3251,3.3289,3.3352,3.339,3.3398,3.3398,3.3398,3.3407,3.3445,3.3508,3.3546,3.3563,3.3601,3.3672,3.3748,3.3819,3.3865,3.392,3.4021,3.413,3.4215,3.4294,3.437,3.445,3.4526,3.4597,3.4643,3.469,3.4753,3.4791,3.4799,3.4799,3.4799

Intensity : 417.0985,417.5192,418.1192,418.8151,419.4734,418.9453,413.6795,409.5959,406.1007,402.9887,400.2105,397.9499,396.1182,394.1275,392.4578,391.0376,389.7474,388.6299,387.5902,386.6221,385.4687,383.936,381.7788,379.498,377.1051,374.7835,372.6773,370.5054,368.3499,366.2665,363.9101,361.4228,358.3821,355.869,353.9412,351.656,348.7476,345.5519,342.2721,339.2695,339.5967,340.1574,340.7181,341.1961,341.3812,341.3152,341.4828,341.9192,342.2408,342.5624,342.825,342.901,342.8475,342.9932,343.2961,343.4988,342.8664,342.2175,341.6136,340.9718,340.38,339.9303,339.5223,338.6802,337.9065,337.167,336.1262,334.7532,333.6435,332.5198,331.414,330.4012,329.2925,328.0533,326.8436,326.1209

Time pixel : 13.0843,13.1866,13.3325,13.5219,13.77,14.0458,14.294,14.4834,14.6372,14.783,14.9209,15.0391,15.1539,15.2873,15.4021,15.5123,15.6146,15.6938,15.7684,15.8396,15.9142,15.9855,16.0601,16.1393,16.2416,16.3439,16.431,16.5333,16.6356,16.7227,16.8329,16.9708,17.1087,17.219,17.3061,17.4163,17.5542,17.7001,17.8459,17.9918,18.1376,18.2835,18.4294,18.5673,18.6775,18.7646,18.8749,19.0128,19.1586,19.3045,19.4424,19.5526,19.6397,19.75,19.8799,19.9902,20.0693,20.144,20.2231,20.3254,20.4277,20.5148,20.6171,20.7194,20.8066,20.9168,21.0467,21.157,21.2441,21.3464,21.4487,21.5358,21.6461,21.784,21.9219,22.0241

Position pixel : 29.1135,29.1135,29.1135,29.1214,29.1571,29.2158,29.2593,29.3029,29.3616,29.3972,29.4131,29.4488,29.5154,29.5867,29.6533,29.6969,29.7405,29.8071,29.8784,29.953,30.0242,30.0988,30.1701,30.2367,30.2803,30.3239,30.3826,30.4262,30.4777,30.572,30.6743,30.7535,30.8281,30.8993,30.966,31.0016,31.0175,31.0531,31.1119,31.1475,31.1554,31.1554,31.1554,31.1634,31.199,31.2577,31.2933,31.3013,31.3013,31.3013,31.3092,31.3448,31.4036,31.4392,31.4551,31.4907,31.5574,31.6286,31.6953,31.7388,31.7903,31.8847,31.987,32.0662,32.1408,32.212,32.2866,32.3579,32.4245,32.4681,32.5117,32.5704,32.606,32.6139,32.6139,32.6139

Brightness max : 539.34
Brightness min : 247.00
Feature direction : Ambiguous
Feature speed : Slow
Feature type : Curve
Start frame : 1
End frame : 161
Start time (s) : 0.000
End time (s) : 637.520
Time step (s) : 3.984

Feature number : 4

Time (s) : 111.9928,112.4004,112.9499,113.4993,113.9386,114.2857,114.6933,115.1009,115.4164,115.7137,115.9975,116.2948,116.5787,116.876,117.1915,117.6307,118.1802,118.7613,119.3425,119.9553,120.6784,121.4618,122.0747,122.6271,123.4105,124.194,124.7147,125.1856,125.7351,126.3163,126.9291,127.6838,128.6725,129.7715,130.7919,131.6885,132.5353,133.2584,133.8712,134.4524,135.0335,135.6147,136.1958,136.7453,137.1845,137.5,137.7973,138.1128,138.5204,138.8963,139.0699

Position (um) : 2.7228,2.7346,2.7531,2.7749,2.7943,2.8107,2.8263,2.841,2.8528,2.8621,2.8738,2.8877,2.8994,2.9087,2.9214,2.939,2.9571,2.971,2.9883,3.0139,3.0442,3.0744,3.1035,3.1368,3.1796,3.2191,3.2439,3.2574,3.2658,3.2746,3.2869,3.3049,3.3234,3.339,3.3508,3.3592,3.3672,3.3748,3.3827,3.3903,3.3983,3.4059,3.413,3.4177,3.4223,3.4294,3.437,3.4441,3.4488,3.4534,3.4597

Intensity : 348.6107,347.1458,344.7476,341.8489,340.0393,338.6554,337.6279,336.8642,336.3537,335.602,334.2147,332.7795,331.7116,330.842,329.7878,328.407,327.0636,326.0629,325.0226,323.6967,322.3403,321.3845,320.8519,320.4237,320.1571,318.9008,317.8529,317.2947,316.9149,316.5868,316.2794,315.9762,314.9949,314.3387,314.0855,313.9047,313.3038,312.9179,312.7062,312.6122,312.6304,312.6187,312.2353,311.6825,311.1759,310.7527,310.3309,309.8866,309.372,308.8833,308.5814

Time pixel : 28.1071,28.2094,28.3473,28.4852,28.5955,28.6826,28.7849,28.8872,28.9663,29.041,29.1122,29.1868,29.258,29.3327,29.4118,29.5221,29.66,29.8058,29.9517,30.1055,30.287,30.4836,30.6374,30.776,30.9727,31.1693,31.3,31.4182,31.5561,31.7019,31.8557,32.0451,32.2933,32.5691,32.8252,33.0502,33.2627,33.4442,33.598,33.7438,33.8897,34.0356,34.1814,34.3193,34.4295,34.5087,34.5833,34.6625,34.7648,34.8592,34.9027

Position pixel : 25.5187,25.6289,25.8025,26.007,26.1885,26.3423,26.4881,26.6261,26.7363,26.8234,26.9337,27.0636,27.1738,27.261,27.3792,27.5447,27.7137,27.8444,28.0061,28.2463,28.5301,28.8138,29.0858,29.398,29.7992,30.1693,30.4023,30.5284,30.6076,30.6902,30.805,30.974,31.1475,31.2933,31.4036,31.4827,31.5574,31.6286,31.7032,31.7745,31.8491,31.9203,31.987,32.0305,32.0741,32.1408,32.212,32.2787,32.3222,32.3658,32.4245

Brightness max : 539.34
Brightness min : 247.00
Feature direction : Ambiguous
Feature speed : Slow
Feature type : Curve
Start frame : 1
End frame : 161
Start time (s) : 0.000
End time (s) : 637.520
Time step (s) : 3.984

Feature number : 5

Time (s) : 186.9926,187.6055,188.7044,190.0374,191.1997,192.128,192.9431,193.5243,193.8714,194.2004,194.6262,195.1575,195.6149,196.0858,196.6353,197.2164,197.7976,198.347,198.7863,199.1334,199.5727,200.1221,200.7033,201.2844,201.8339,202.2732,202.6203,203.0596,203.5774,204.0166,204.3321,204.6294,204.9449,205.3842,205.902,206.3729,206.8619,207.5668,208.4318,209.4205,210.3776,211.1323,211.7451,212.3263,212.9074,213.4886,214.0697,214.6509,215.232,215.8448,216.5679,217.383,218.0744,218.5453,218.8925,219.3317,219.8812,220.4623,221.0435,221.593,222.0322,222.3794,222.8186,223.3681,223.9176,224.3568,224.704,225.1115,225.5191,225.8663,226.2738,226.6814,227.0286,227.4678,228.0173,228.5984,229.1796,229.7291,230.1683,230.5155,230.9547,231.5042,232.0853,232.6665,233.2476,233.7971,234.2363,234.5835,235.0227,235.5722,236.1534,236.7028,237.1104

Position (um) : 1.9262,1.9402,1.972,2.0107,2.0427,2.0667,2.0856,2.0978,2.1066,2.1142,2.1222,2.1306,2.1415,2.1525,2.1609,2.1689,2.1765,2.1844,2.192,2.2,2.2076,2.2155,2.2232,2.2303,2.2349,2.2396,2.2458,2.2496,2.2513,2.2551,2.2622,2.2698,2.277,2.2808,2.2824,2.2862,2.2934,2.301,2.3089,2.3165,2.3245,2.3321,2.34,2.3477,2.3548,2.3594,2.3641,2.3703,2.3741,2.3758,2.3796,2.3859,2.3905,2.3952,2.4015,2.4053,2.4069,2.4107,2.417,2.4217,2.4263,2.4326,2.4364,2.4372,2.4381,2.4419,2.4481,2.4528,2.4574,2.4637,2.4683,2.473,2.4793,2.4839,2.4886,2.4948,2.4986,2.5003,2.5041,2.5104,2.5142,2.5159,2.5197,2.526,2.5298,2.5314,2.5352,2.5415,2.5453,2.5462,2.5462,2.5462,2.5462

Intensity : 576.4502,575.1115,573.4403,570.7558,567.682,559.9785,553.5233,549.2458,546.4331,543.938,541.1008,537.8842,534.3787,531.0352,528.0055,525.1386,522.5089,520.1147,518.2183,516.6508,514.0268,510.6311,507.187,503.8576,500.9055,498.5283,496.1067,493.5927,492.816,492.5713,492.0584,491.6177,491.3589,491.5786,492.0863,492.5174,493.0129,495.7008,501.1374,507.7158,514.4981,520.247,522.086,523.7143,524.1894,524.8031,525.4168,525.9396,526.4495,525.9452,525.3101,524.6119,524.1286,523.8183,523.5873,521.9516,517.4723,512.8258,508.3701,504.2532,501.1033,498.8544,495.838,492.5629,490.2863,488.8038,488.0305,486.8975,485.3266,483.8615,482.3119,480.8693,479.7623,478.1157,476.0737,474.1704,472.288,470.4453,469.2873,468.8444,467.9129,467.2278,467.1548,467.5452,467.617,467.4034,467.7034,468.5927,468.9973,468.0028,466.6702,465.4101,464.4755

Time pixel : 46.93,47.0838,47.3596,47.6942,47.9859,48.2188,48.4234,48.5693,48.6564,48.739,48.8458,48.9792,49.094,49.2121,49.35,49.4959,49.6418,49.7797,49.8899,49.977,50.0873,50.2252,50.371,50.5169,50.6548,50.765,50.8521,50.9624,51.0923,51.2026,51.2817,51.3564,51.4355,51.5458,51.6757,51.7939,51.9167,52.0936,52.3107,52.5588,52.799,52.9884,53.1422,53.2881,53.4339,53.5798,53.7256,53.8715,54.0173,54.1711,54.3526,54.5572,54.7307,54.8489,54.936,55.0462,55.1841,55.33,55.4758,55.6137,55.724,55.8111,55.9213,56.0593,56.1972,56.3074,56.3945,56.4968,56.5991,56.6862,56.7885,56.8908,56.9779,57.0882,57.2261,57.3719,57.5178,57.6557,57.7659,57.853,57.9633,58.1012,58.247,58.3929,58.5387,58.6766,58.7869,58.874,58.9842,59.1222,59.268,59.4059,59.5082

Position pixel : 18.0526,18.1833,18.4822,18.8444,19.144,19.3691,19.546,19.6608,19.7433,19.8146,19.8892,19.9684,20.0706,20.1729,20.2521,20.3267,20.398,20.4726,20.5438,20.6184,20.6897,20.7643,20.8355,20.9022,20.9458,20.9893,21.048,21.0837,21.0996,21.1352,21.2018,21.2731,21.3398,21.3754,21.3913,21.4269,21.4936,21.5648,21.6394,21.7106,21.7853,21.8565,21.9311,22.0023,22.069,22.1126,22.1561,22.2149,22.2505,22.2664,22.302,22.3607,22.4043,22.4478,22.5066,22.5422,22.5581,22.5937,22.6524,22.696,22.7396,22.7983,22.8339,22.8418,22.8498,22.8854,22.9441,22.9877,23.0313,23.09,23.1335,23.1771,23.2358,23.2794,23.323,23.3817,23.4173,23.4332,23.4688,23.5275,23.5632,23.5791,23.6147,23.6734,23.709,23.7249,23.7605,23.8192,23.8549,23.8628,23.8628,23.8628,23.8628

Brightness max : 539.34
Brightness min : 247.00
Feature direction : Ambiguous
Feature speed : Slow
Feature type : Curve
Start frame : 1
End frame : 161
Start time (s) : 0.000
End time (s) : 637.520
Time step (s) : 3.984

Feature number : 6

Time (s) : 121.2595,121.5252,121.8407,122.2482,122.6558,122.9713,123.2686,123.5841,124.0233,124.5728,125.1223,125.5615,125.877,126.1744,126.4582,126.7555,127.0393,127.3367,127.6522,128.0914,128.6092,129.0484,129.3956,129.8348,130.3527,130.7919,131.139,131.5783,132.1278,132.7089,133.2901,133.8712,134.4524,135.0335,135.6147,136.1958,136.8086,137.5317,138.3468,139.0699,139.6827,140.2638,140.845,141.4261,142.0073,142.5884,143.1696,143.7507,144.3319,144.913,145.4942,146.0753,146.6565,147.2376,147.8188,148.3999,148.9811,149.5622,150.1434,150.7245,151.3057,151.8868,152.468,153.0491,153.6303,154.2114,154.7926,155.3737,155.9549,156.536,157.1172,157.6983,158.3111,159.0342,159.8493,160.5724,161.1852,161.7663,162.3475,162.9286,163.5098,164.0909,164.7038,165.4585,166.4155,167.4042,168.3009,169.1477,169.8708,170.4836,171.0647,171.6459,172.227,172.7765,173.2157,173.5629,174.0021,174.5516,175.1328,175.6822,176.1215,176.437,176.7343,177.0498,177.489,178.0385,178.588,179.0272,179.3427,179.64,179.9239,180.2212,180.5367,180.9759,181.5254,182.1065,182.656,183.0953,183.4424,183.85,184.2576,184.6047,185.0123,185.4199,185.7354,186.001,186.1746,186.3798,186.7557,187.1316,187.3369,187.5105,187.7761,188.0916,188.4992,188.9067,189.2222,189.5196,189.8034,190.1007,190.4162,190.8238,191.2313,191.5785,192.0177,192.5356,192.9748,193.3219,193.7295,194.1371,194.4842,194.8918,195.2994,195.6465,196.0858,196.6353,197.2164,197.8292,198.5523,199.3674,200.1221,200.8769,201.692,202.4151,203.0279,203.609,204.1902,204.7713,205.3842,206.1072,206.9223,207.6454,208.2582,208.871,209.5941,210.4092,211.1323,211.7451,212.3263,212.9074,213.4886,214.1014,214.7928,215.4977,216.1287,216.8969,217.9038,219.1581,220.399,221.4511,222.3794,223.3998,224.5304,225.661,226.6497,227.3728,227.812

Position (um) : 2.4225,2.4272,2.4381,2.4528,2.4683,2.4839,2.4986,2.5112,2.5252,2.547,2.5718,2.5912,2.6038,2.6122,2.6202,2.6278,2.6357,2.6433,2.6513,2.6589,2.6669,2.6745,2.6824,2.69,2.698,2.7056,2.7135,2.7211,2.7291,2.7376,2.7485,2.7594,2.7678,2.7758,2.7842,2.796,2.8107,2.8254,2.8372,2.8456,2.8528,2.8566,2.8574,2.8574,2.8574,2.8574,2.8574,2.8574,2.8574,2.8574,2.8574,2.8574,2.8574,2.8574,2.8574,2.8574,2.8574,2.8583,2.8621,2.8683,2.8721,2.873,2.873,2.873,2.873,2.873,2.873,2.8738,2.8776,2.8839,2.8877,2.8894,2.8932,2.8994,2.9041,2.9087,2.915,2.9188,2.9205,2.9243,2.9306,2.9344,2.9352,2.9352,2.9352,2.9352,2.9352,2.9352,2.9352,2.9352,2.9352,2.9352,2.9352,2.9361,2.9399,2.9461,2.9508,2.9563,2.9663,2.9773,2.9857,2.9937,3.0013,3.0092,3.0185,3.0332,3.0504,3.0635,3.0761,3.09,3.1018,3.1102,3.119,3.1313,3.1493,3.1678,3.1842,3.1998,3.2153,3.2309,3.2465,3.262,3.2776,3.2923,3.3041,3.3134,3.3243,3.3352,3.3445,3.3563,3.3701,3.3819,3.3912,3.4029,3.4177,3.4324,3.4441,3.4526,3.4605,3.4681,3.4761,3.4846,3.4955,3.5064,3.5157,3.5274,3.5413,3.5522,3.5577,3.5624,3.5686,3.5733,3.5779,3.5842,3.588,3.5888,3.5888,3.5888,3.5888,3.5888,3.5888,3.5888,3.5888,3.5888,3.5888,3.5888,3.5888,3.5888,3.5888,3.5888,3.5888,3.5888,3.5888,3.5888,3.5888,3.588,3.5842,3.5779,3.5741,3.5724,3.5686,3.5624,3.5577,3.5531,3.5468,3.543,3.5413,3.5375,3.5312,3.5274,3.5266,3.5266,3.5266,3.5266,3.5266,3.5266,3.5266

Intensity : 431.2138,430.7035,428.319,424.9645,422.1681,419.1738,416.3814,414.2682,412.4543,409.2406,405.3567,402.2598,400.376,399.502,398.6949,398.0435,397.2364,396.5849,396.1294,396.6952,397.5541,397.6356,396.9716,396.8708,396.9936,396.7269,395.7726,394.8374,391.6943,388.4274,384.3831,380.4283,377.3895,374.6378,372.3233,369.8595,366.5057,363.2342,360.8935,359.3519,357.3751,355.3767,354.2937,353.4681,352.6425,351.817,350.9914,350.9918,351.7211,352.4503,353.1796,353.9088,354.6381,355.3674,356.8291,358.6436,360.458,362.0255,362.7206,362.6634,363.3101,366.6549,370.6579,374.6609,378.664,382.667,386.67,390.3713,391.0186,390.6212,391.0436,392.2039,392.5791,392.1693,389.798,385.7694,381.5744,378.5413,376.3571,373.4851,370.3275,369.4144,369.5213,370,370.6071,371.3106,373.1191,374.827,376.2854,377.5214,378.6935,380.5242,382.9214,384.9374,385.5925,385.065,385.3303,385.6711,384.5013,381.4261,378.6126,375.9244,373.4124,370.8855,368.1159,363.9448,359.3856,356.211,353.2693,350.6288,349.4296,349.2816,349.1119,348.8131,347.8591,346.7968,345.8532,344.5525,343.2802,342.7601,342.3296,341.6442,341.386,341.3556,341.3305,341.461,340.7935,340.3058,341.0757,341.4372,340.0544,338.1804,336.6992,334.8252,332.502,330.2358,328.4047,327.0723,325.8055,324.5829,323.2903,321.8936,320.0881,319.1902,318.9274,318.681,318.0116,317.4685,317.8106,318.2593,318.3143,318.7443,318.7899,316.6198,314.4673,312.3201,310.1716,307.9061,305.2331,303.0162,304.4473,305.8785,307.4242,308.7953,309.9574,309.9372,309.4071,308.8769,308.3179,307.6583,306.9146,307.4491,308.511,309.573,310.826,312.3862,314.2772,314.8903,314.893,314.5224,314.346,314.2732,313.7717,313.0401,312.4345,311.4008,309.8,307.9493,311.4158,314.2964,316.667,318.9861,320.8847,322.7833,324.4436,326.128,327.6713

Time pixel : 30.4328,30.4995,30.5787,30.6809,30.7832,30.8624,30.937,31.0162,31.1265,31.2644,31.4023,31.5125,31.5917,31.6663,31.7375,31.8121,31.8834,31.958,32.0372,32.1474,32.2774,32.3876,32.4747,32.585,32.7149,32.8252,32.9123,33.0225,33.1604,33.3063,33.4521,33.598,33.7438,33.8897,34.0356,34.1814,34.3352,34.5167,34.7212,34.9027,35.0565,35.2024,35.3482,35.4941,35.6399,35.7858,35.9316,36.0775,36.2233,36.3692,36.515,36.6609,36.8067,36.9526,37.0985,37.2443,37.3902,37.536,37.6819,37.8277,37.9736,38.1194,38.2653,38.4111,38.557,38.7028,38.8487,38.9945,39.1404,39.2862,39.4321,39.5779,39.7317,39.9132,40.1178,40.2993,40.4531,40.5989,40.7448,40.8906,41.0365,41.1823,41.3361,41.5255,41.7657,42.0139,42.2389,42.4514,42.6329,42.7867,42.9325,43.0784,43.2242,43.3622,43.4724,43.5595,43.6698,43.8077,43.9535,44.0914,44.2016,44.2808,44.3554,44.4346,44.5449,44.6828,44.8207,44.9309,45.0101,45.0847,45.1559,45.2306,45.3097,45.42,45.5579,45.7037,45.8416,45.9519,46.039,46.1413,46.2436,46.3307,46.433,46.5353,46.6145,46.6811,46.7247,46.7762,46.8706,46.9649,47.0164,47.06,47.1266,47.2058,47.3081,47.4104,47.4896,47.5642,47.6354,47.7101,47.7892,47.8915,47.9938,48.0809,48.1912,48.3211,48.4314,48.5185,48.6208,48.7231,48.8102,48.9125,49.0148,49.1019,49.2121,49.35,49.4959,49.6497,49.8312,50.0357,50.2252,50.4146,50.6192,50.8006,50.9544,51.1003,51.2461,51.392,51.5458,51.7272,51.9318,52.1133,52.2671,52.4209,52.6024,52.8069,52.9884,53.1422,53.2881,53.4339,53.5798,53.7336,53.9071,54.084,54.2424,54.4352,54.6879,55.0027,55.3141,55.5781,55.8111,56.0672,56.351,56.6347,56.8829,57.0643,57.1746

Position pixel : 22.7039,22.7475,22.8498,22.9877,23.1335,23.2794,23.4173,23.5355,23.6662,23.8708,24.103,24.2845,24.4027,24.4818,24.5565,24.6277,24.7023,24.7735,24.8482,24.9194,24.994,25.0652,25.1399,25.2111,25.2857,25.3569,25.4316,25.5028,25.5774,25.6566,25.7589,25.8612,25.9404,26.015,26.0942,26.2044,26.3423,26.4802,26.5904,26.6696,26.7363,26.7719,26.7799,26.7799,26.7799,26.7799,26.7799,26.7799,26.7799,26.7799,26.7799,26.7799,26.7799,26.7799,26.7799,26.7799,26.7799,26.7878,26.8234,26.8821,26.9178,26.9257,26.9257,26.9257,26.9257,26.9257,26.9257,26.9337,26.9693,27.028,27.0636,27.0795,27.1151,27.1738,27.2174,27.261,27.3197,27.3553,27.3712,27.4068,27.4656,27.5012,27.5091,27.5091,27.5091,27.5091,27.5091,27.5091,27.5091,27.5091,27.5091,27.5091,27.5091,27.5171,27.5527,27.6114,27.655,27.7065,27.8008,27.9031,27.9823,28.0569,28.1281,28.2028,28.2899,28.4278,28.5888,28.7116,28.8297,28.9597,29.0699,29.1491,29.2317,29.3465,29.5154,29.689,29.8428,29.9886,30.1345,30.2803,30.4262,30.572,30.7179,30.8558,30.966,31.0531,31.1554,31.2577,31.3448,31.4551,31.585,31.6953,31.7824,31.8926,32.0305,32.1684,32.2787,32.3579,32.4325,32.5037,32.5783,32.6575,32.7598,32.8621,32.9492,33.0595,33.1894,33.2917,33.3432,33.3868,33.4455,33.4891,33.5326,33.5913,33.627,33.6349,33.6349,33.6349,33.6349,33.6349,33.6349,33.6349,33.6349,33.6349,33.6349,33.6349,33.6349,33.6349,33.6349,33.6349,33.6349,33.6349,33.6349,33.6349,33.6349,33.627,33.5913,33.5326,33.497,33.4811,33.4455,33.3868,33.3432,33.2996,33.2409,33.2053,33.1894,33.1538,33.0951,33.0595,33.0515,33.0515,33.0515,33.0515,33.0515,33.0515,33.0515

Brightness max : 539.34
Brightness min : 247.00
Feature direction : Ambiguous
Feature speed : Slow
Feature type : Curve
Start frame : 1
End frame : 161
Start time (s) : 0.000
End time (s) : 637.520
Time step (s) : 3.984

Feature number : 7

Time (s) : 94.59002,95.1395,95.92297,96.64603,97.25885,97.84,98.42115,99.00229,99.58344,100.1646,100.7457,101.2952,101.7345,102.0816,102.5209,103.0703,103.6198,104.0907,104.5798,105.253,105.9444,106.5572,107.1384,107.6879,108.0954,108.269

Position (um) : 3.5577,3.5577,3.5577,3.5577,3.5577,3.5577,3.5577,3.5577,3.5577,3.5577,3.5577,3.5586,3.5624,3.5686,3.5724,3.5733,3.5741,3.5779,3.585,3.5926,3.5998,3.6036,3.6044,3.6053,3.6091,3.6153

Intensity : 327.6846,328.6973,330.9809,334.3719,337.2459,339.9713,342.6968,345.4222,348.1477,347.6781,347.0403,346.3841,345.6446,344.8092,344,343.2536,342.4352,340.24,337.7578,334.5989,331.498,328.9684,326.7507,324.8147,323.7332,323.1035

Time pixel : 23.7395,23.8774,24.074,24.2555,24.4093,24.5552,24.701,24.8469,24.9927,25.1386,25.2844,25.4223,25.5326,25.6197,25.7299,25.8678,26.0057,26.1239,26.2467,26.4156,26.5891,26.7429,26.8888,27.0267,27.129,27.1725

Position pixel : 33.3432,33.3432,33.3432,33.3432,33.3432,33.3432,33.3432,33.3432,33.3432,33.3432,33.3432,33.3512,33.3868,33.4455,33.4811,33.4891,33.497,33.5326,33.5993,33.6705,33.7372,33.7728,33.7808,33.7887,33.8243,33.8831

Brightness max : 539.34
Brightness min : 247.00
Feature direction : Ambiguous
Feature speed : Slow
Feature type : Curve
Start frame : 1
End frame : 161
Start time (s) : 0.000
End time (s) : 637.520
Time step (s) : 3.984

