KYMOANALYSIS DATA

General Information :

Tiff path : G:\My Drive\microtubule dynamics and cut7\21-15 screens and tests\cut11-7\21-07-12&22 (cut11-7, cut7-3GFP, Klp5D, mts)\
Spindle type : Monopolar
Start frame : 1
End frame : 87
Start time (s) : 0.000
End time (s) : 732.220
Time step (s) : 8.514
Num poles : 1
Num tracks : 3
Num tracks poleward : 0
Num tracks antipoleward : 0
Num tracks ambiguous : 3
Comments : {

}
Poles Information :


Pole number : 1

Time (s) : 8.514186,17.12854,25.74289,34.35724,42.9716,51.58595,60.2003,68.81466,77.42901,86.04336,94.65772,103.2721,111.8864,120.5008,129.1151,137.7295,146.3438,154.9582,163.5725,172.1869,180.8012,189.4156,198.03,206.6443,215.2587,223.873,232.4874,241.1017,249.7161,258.3304,266.9448,275.5591,284.1735,292.7878,301.4022,310.0165,318.6309,327.2452,335.8596,344.474,353.0883,361.7027,370.317,378.9314,387.5457,396.1601,404.7744,413.3888,422.0031,430.6175,439.2318,447.8462,456.4605,465.0749,473.6892,482.3036,490.918,499.5323,508.1467,516.761,525.3754,533.9897,542.6041,551.2184,559.8328,568.4471,577.0615,585.6758,594.2902,602.9045,611.5189,620.1332,628.7476,637.362,645.9763,654.5907,663.205,671.8194,680.4337,689.0481,697.6624,706.2768,714.8911,723.5055,732.1198,740.7342

Position (um) : 0.84577,0.84557,0.84538,0.84518,0.84498,0.84479,0.84459,0.84439,0.8442,0.844,0.8438,0.84361,0.84341,0.84321,0.84301,0.84282,0.84262,0.84242,0.84223,0.84203,0.84183,0.84164,0.84144,0.84124,0.84105,0.84085,0.84065,0.84046,0.84026,0.84006,0.83987,0.83967,0.83947,0.83928,0.83908,0.83888,0.83868,0.83849,0.83829,0.83809,0.8379,0.8377,0.8375,0.83731,0.83711,0.83691,0.83672,0.83652,0.83632,0.83613,0.83593,0.83573,0.83554,0.83534,0.83514,0.83495,0.83475,0.83455,0.83435,0.83416,0.83396,0.83376,0.83357,0.83337,0.83317,0.83298,0.83278,0.83258,0.83239,0.83219,0.83199,0.8318,0.8316,0.8314,0.83121,0.83101,0.83081,0.83062,0.83042,0.83022,0.83002,0.82983,0.82963,0.82943,0.82924,0.82904

Intensity : 1204.7438,1229.765,1259.0698,1246.7647,1259.0415,1231.5429,1200.7909,1127.7998,1093.0594,1079.126,1087.1763,1090.1377,1086.0515,1085.58,1072.0219,1074.3741,1075.1964,1085.2049,1104.7898,1120.7123,1148.8008,1136.0973,1111.3615,1071.2025,1078.1632,1106.6219,1126.266,1108.5832,1085.2634,1083.0557,1071.7784,1040.7205,1029.0906,1047.8813,1069.9916,1062.6364,1030.9057,1015.0141,999.81578,977.09885,946.03667,908.89179,902.08504,885.65752,840.77349,748.09794,691.7085,700.01505,732.65062,747.8708,771.00248,812.24707,833.51834,836.82469,838.14048,883.4486,922.91243,947.67098,943.036,944.37364,946.17084,932.5701,896.20504,871.10565,847.10676,826.83531,807.94852,801.97716,807.04977,826.23046,820.08674,807.13792,798.35665,810.51291,776.95999,711.13257,654.79831,655.13597,646.16588,622.56204,584.62133,545.47752,509.8657,478.86631,470.07255,460.93619

Time pixel : 1,2.01176,3.02353,4.03529,5.04706,6.05882,7.07059,8.08235,9.09412,10.1059,11.1176,12.1294,13.1412,14.1529,15.1647,16.1765,17.1882,18.2,19.2118,20.2235,21.2353,22.2471,23.2588,24.2706,25.2824,26.2941,27.3059,28.3176,29.3294,30.3412,31.3529,32.3647,33.3765,34.3882,35.4,36.4118,37.4235,38.4353,39.4471,40.4588,41.4706,42.4824,43.4941,44.5059,45.5176,46.5294,47.5412,48.5529,49.5647,50.5765,51.5882,52.6,53.6118,54.6235,55.6353,56.6471,57.6588,58.6706,59.6824,60.6941,61.7059,62.7176,63.7294,64.7412,65.7529,66.7647,67.7765,68.7882,69.8,70.8118,71.8235,72.8353,73.8471,74.8588,75.8706,76.8824,77.8941,78.9059,79.9176,80.9294,81.9412,82.9529,83.9647,84.9765,85.9882,87

Position pixel : 7.9266,7.9248,7.9229,7.9211,7.9192,7.9174,7.9156,7.9137,7.9119,7.91,7.9082,7.9063,7.9045,7.9026,7.9008,7.8989,7.8971,7.8953,7.8934,7.8916,7.8897,7.8879,7.886,7.8842,7.8823,7.8805,7.8787,7.8768,7.875,7.8731,7.8713,7.8694,7.8676,7.8657,7.8639,7.8621,7.8602,7.8584,7.8565,7.8547,7.8528,7.851,7.8491,7.8473,7.8455,7.8436,7.8418,7.8399,7.8381,7.8362,7.8344,7.8325,7.8307,7.8289,7.827,7.8252,7.8233,7.8215,7.8196,7.8178,7.8159,7.8141,7.8123,7.8104,7.8086,7.8067,7.8049,7.803,7.8012,7.7993,7.7975,7.7957,7.7938,7.792,7.7901,7.7883,7.7864,7.7846,7.7827,7.7809,7.779,7.7772,7.7754,7.7735,7.7717,7.7698

Pole type : Line
Start frame : 1
End frame : 87
Start time (s) : 0.000
End time (s) : 732.220
Time step (s) : 8.514

Feature Information :


Feature number : 1

Time (s) : 11.7536,12.258,13.0521,13.9884,14.8188,15.5227,16.1901,16.894,17.7608,18.8964,20.195,21.5663,23.0643,24.6316,25.9665,27.0691,28.2774,29.7026,31.1433,32.3725,33.5445,34.6437,35.5106,36.2144,36.8819,37.5493,38.2168,38.8843,39.5518,40.2556,41.1225,42.2217,43.3209,44.1877,44.8916,45.559,46.2629,47.1297,48.2289,49.3645,50.3944,51.4033,52.4332,53.6051,54.9037,56.2023,57.3742,58.4041,59.413,60.4429,61.5421,62.4783,63.0764,63.6172,64.2483,64.9158,65.5469,66.0514,66.4138,66.7552,67.1176,67.6221,68.2532,68.9207,69.6245,70.4914,71.6269,72.8891,74.0611,75.1273,76.3356,77.7972,79.3645,80.6995,81.7657,82.7383,83.5324,84.0369

Position (um) : 2.2845,2.2845,2.2845,2.2845,2.2845,2.2845,2.2845,2.285,2.287,2.2904,2.2929,2.2954,2.2987,2.3008,2.3017,2.3037,2.3071,2.3096,2.3121,2.3155,2.318,2.3205,2.3238,2.3259,2.3263,2.3268,2.3288,2.3322,2.3347,2.3372,2.341,2.3451,2.3489,2.3514,2.3539,2.3573,2.3598,2.3623,2.3661,2.3702,2.3745,2.379,2.3854,2.3928,2.3991,2.4041,2.41,2.4159,2.4209,2.4267,2.4326,2.4371,2.441,2.4434,2.4459,2.4493,2.4518,2.4543,2.4581,2.4622,2.4665,2.4706,2.4749,2.4794,2.4857,2.4936,2.502,2.5099,2.5162,2.5212,2.528,2.538,2.5497,2.5601,2.5685,2.5748,2.5793,2.5832

Intensity : 298.3958,298.5492,298.7907,299.0755,299.328,299.5421,299.7451,299.9592,299.8166,299.5461,299.248,298.9473,298.6446,298.3268,297.9229,297.3912,296.8387,296.1642,295.4897,294.9529,294.43,294.5014,294.983,295.3577,295.6697,295.9824,296.3476,296.7601,297.1479,297.5561,298.0908,298.7511,298.7226,298.3997,298.1378,297.8869,297.6333,297.3288,296.9475,296.5631,296.2228,295.9737,295.898,295.83,295.7689,295.7185,295.6946,295.6919,295.6952,295.4944,295.25,295.0571,294.9593,294.8622,294.7481,294.6503,294.5515,294.4819,294.3539,294.2308,294.1041,293.952,293.8482,294.0023,294.1308,294.2603,294.4185,294.5729,294.6998,294.8056,294.8666,293.5924,291.9618,290.6626,289.6184,288.734,288.0511,287.6174

Time pixel : 1.3805,1.4397,1.533,1.6429,1.7405,1.8232,1.9015,1.9842,2.086,2.2194,2.3719,2.533,2.7089,2.893,3.0498,3.1793,3.3212,3.4886,3.6578,3.8022,3.9398,4.0689,4.1708,4.2534,4.3318,4.4102,4.4886,4.567,4.6454,4.7281,4.8299,4.959,5.0881,5.1899,5.2726,5.351,5.4336,5.5354,5.6645,5.7979,5.9189,6.0374,6.1583,6.296,6.4485,6.601,6.7387,6.8596,6.9781,7.0991,7.2282,7.3381,7.4084,7.4719,7.546,7.6244,7.6986,7.7578,7.8004,7.8405,7.883,7.9423,8.0164,8.0948,8.1775,8.2793,8.4127,8.5609,8.6986,8.8238,8.9657,9.1374,9.3214,9.4782,9.6035,9.7177,9.811,9.8702

Position pixel : 21.4107,21.4107,21.4107,21.4107,21.4107,21.4107,21.4107,21.4149,21.4341,21.4656,21.4891,21.5125,21.544,21.5632,21.5717,21.5909,21.6224,21.6459,21.6693,21.7008,21.7242,21.7477,21.7792,21.7984,21.8026,21.8069,21.8261,21.8576,21.881,21.9045,21.9403,21.9786,22.0144,22.0378,22.0612,22.0928,22.1162,22.1396,22.1755,22.2138,22.2539,22.2964,22.3557,22.4255,22.4848,22.5316,22.5866,22.6416,22.6884,22.7434,22.7984,22.8409,22.8768,22.9002,22.9236,22.9552,22.9786,23.002,23.0378,23.0761,23.1162,23.1545,23.1946,23.2372,23.2964,23.3706,23.449,23.5231,23.5823,23.6292,23.6927,23.786,23.8959,23.9934,24.0718,24.1311,24.1737,24.2095

Brightness max : 313.79
Brightness min : 88.00
Feature direction : Ambiguous
Feature speed : Slow
Feature type : Curve
Start frame : 1
End frame : 87
Start time (s) : 0.000
End time (s) : 732.220
Time step (s) : 8.514

Feature number : 2

Time (s) : 614.5198,615.1509,616.0507,616.8448,617.3857,617.7844,618.2889,618.92,619.5511,620.1283,620.8894,622.1308,623.5196,624.7279,625.7941,627.0024,628.464,630.0313,631.3663,632.4689,633.6045,634.7037,635.5705,636.2744,636.9055,637.4099,637.8087,638.3132,638.9079,639.4124,639.8475,640.5513,641.6505,642.9855,644.6653,647.1203,650.1977,653.0151,655.359,657.1257,658.2283,658.9685,659.636,660.3035,660.9709,661.6384,662.3059,663.0097,663.8402,664.7764,665.5705,666.1114,666.5101,667.0146,667.6457,668.2768,668.7813,669.18,669.6481,670.1162,670.5149,671.0558,671.8135,672.5867,673.1485,673.7257,674.5198,675.456,676.2865,677.0267,677.8572,678.7934,679.6602,680.5271,681.4997,682.5295,683.7014,684.9637,686.1356,687.2018,688.3738,689.6724,690.9709,692.1793,693.4448,695.0485,696.7788,698.3132,699.6845,700.9831,702.155,703.1849,704.1574,704.9879,705.6918,706.3592,706.9903,707.4948,707.8935,708.3617,708.7934,708.9928

Position (um) : 6.1491,6.1491,6.1491,6.1495,6.1516,6.1549,6.157,6.1574,6.1579,6.1599,6.1637,6.1683,6.1742,6.18,6.185,6.1913,6.1993,6.2076,6.2155,6.2218,6.2264,6.2307,6.2348,6.2386,6.2411,6.2436,6.2474,6.2515,6.2558,6.2598,6.2641,6.2687,6.275,6.2834,6.2951,6.3134,6.3365,6.3577,6.3765,6.3921,6.4016,6.4084,6.4138,6.4167,6.4197,6.4256,6.433,6.4398,6.4464,6.4536,6.4581,6.4611,6.4649,6.4694,6.4753,6.4812,6.4857,6.4895,6.492,6.4945,6.4983,6.5029,6.5092,6.5167,6.523,6.528,6.5343,6.5422,6.5501,6.5569,6.5639,6.5736,6.584,6.5949,6.6071,6.62,6.6347,6.6505,6.6652,6.6781,6.6907,6.7036,6.7183,6.7351,6.7543,6.7764,6.7981,6.8157,6.8312,6.8472,6.8621,6.8763,6.8885,6.8976,6.9062,6.9143,6.9224,6.9286,6.9333,6.9379,6.9437,6.9491

Intensity : 302.4077,302.1112,301.6885,301.3026,300.9911,300.709,300.4146,300.1053,299.796,299.4674,299.0023,297.6057,295.1753,293.0221,291.1151,288.8474,285.99,282.9606,282.564,282.3075,282.1708,282.0655,281.9657,281.8746,281.8412,281.7995,281.698,281.6079,281.367,281.0639,280.7977,280.4737,280.0538,279.6378,279.2841,278.1613,278.0869,278.2852,278.6205,277.3456,276.4611,275.6467,274.9573,274.4195,273.8903,273.2176,272.4814,271.7821,271.0511,270.7358,270.7326,270.7538,270.7188,270.7038,270.7077,270.7442,270.8007,270.8539,270.9781,271.1127,271.2038,271.3594,271.6138,271.908,271.8374,271.7833,271.7511,271.7713,271.8498,271.9658,272.1408,272.4311,272.8021,273.2642,273.7167,273.8214,273.7357,273.813,274.0422,274.3745,274.8448,275.4626,274.9404,274.1053,273.3615,272.9277,273.0142,273.4338,273.257,272.559,272.0857,271.8009,271.6408,271.5717,271.5776,271.6331,271.5438,271.3067,271.1078,270.6939,270.1041,269.7062

Time pixel : 72.176,72.2501,72.3558,72.4491,72.5126,72.5594,72.6187,72.6928,72.7669,72.8347,72.9241,73.0699,73.233,73.3749,73.5002,73.6421,73.8138,73.9978,74.1546,74.2841,74.4175,74.5466,74.6484,74.7311,74.8052,74.8645,74.9113,74.9705,75.0404,75.0996,75.1508,75.2334,75.3625,75.5193,75.7166,76.005,76.3664,76.6973,76.9726,77.1801,77.3096,77.3965,77.4749,77.5533,77.6317,77.7101,77.7885,77.8712,77.9687,78.0787,78.1719,78.2355,78.2823,78.3416,78.4157,78.4898,78.5491,78.5959,78.6509,78.7058,78.7527,78.8162,78.9052,78.996,79.062,79.1298,79.2231,79.333,79.4306,79.5175,79.615,79.725,79.8268,79.9286,80.0428,80.1638,80.3014,80.4497,80.5873,80.7126,80.8502,81.0027,81.1553,81.2972,81.4458,81.6342,81.8374,82.0176,82.1787,82.3312,82.4688,82.5898,82.704,82.8016,82.8842,82.9626,83.0367,83.096,83.1428,83.1978,83.2485,83.2719

Position pixel : 57.6294,57.6294,57.6294,57.6337,57.6529,57.6844,57.7036,57.7078,57.7121,57.7313,57.7671,57.8097,57.8646,57.9196,57.9664,58.0257,58.0998,58.1782,58.2523,58.3116,58.3541,58.3943,58.4325,58.4684,58.4918,58.5152,58.551,58.5893,58.6294,58.6677,58.7078,58.7504,58.8096,58.888,58.9984,59.1701,59.3857,59.5851,59.761,59.9068,59.9962,60.0597,60.1104,60.1381,60.1658,60.2208,60.2906,60.3541,60.4159,60.4833,60.5258,60.5535,60.5893,60.6319,60.6869,60.7419,60.7844,60.8202,60.8437,60.8671,60.9029,60.9455,61.0047,61.0746,61.1338,61.1807,61.2399,61.314,61.3882,61.4517,61.5177,61.6085,61.706,61.8078,61.9221,62.043,62.1807,62.3289,62.4666,62.5875,62.706,62.827,62.9646,63.1214,63.3016,63.5091,63.7123,63.8777,64.022,64.1721,64.3122,64.4456,64.5598,64.6449,64.7252,64.8017,64.8777,64.9351,64.9795,65.022,65.077,65.1277

Brightness max : 313.79
Brightness min : 88.00
Feature direction : Ambiguous
Feature speed : Slow
Feature type : Curve
Start frame : 1
End frame : 87
Start time (s) : 0.000
End time (s) : 732.220
Time step (s) : 8.514

Feature number : 3

Time (s) : 611.873,612.2475,613.0266,613.8438,614.4944,615.2052,616.1415,617.0916,617.8971,618.5837,619.2563,619.9671,620.8329,621.7448,622.4314,622.9249,623.3941,623.9477,624.5719,625.1255,625.5948,626.0398,626.4847,626.9297,627.3989,627.9768,628.7097,629.4425,630.0446,630.6225,631.2466,631.8245,632.4024,633.0266,633.5802,634.0737,634.6273,635.2515,635.8051,636.2986,636.8523,637.5007,638.1872,638.9443,639.6771,640.255,640.7484,641.3021,641.9505,642.6128,643.2612,643.8391,644.417,645.0411,645.619,646.1969,646.8211,647.3989,648.0011,648.7581,649.6239,650.5138,651.3796,652.1366,652.7145,653.208,653.7616,654.3858,654.9637,655.5416,656.19,656.8523,657.5249,658.163,658.7027,659.0772,659.4377,659.8585,660.3035,660.7484,661.1934,661.6384,662.1076,662.6855,663.4668,664.4412,665.5346,666.6177,667.6266,668.5305,669.4065,670.1775,670.8502,671.4038,671.873,672.318,672.763,673.208,673.653,674.0979,674.5914,675.2537,676.1298,677.1666,678.4634,679.8827,681.3506,682.8405,684.1269,685.0411,685.6675,686.2454,686.8696,687.4474,688.0253,688.6495,689.2031,689.6966,690.2503,690.8744,691.428,691.8973,692.3665,692.9444,693.653,694.3014,694.833,695.5056,696.3471,697.2492,698.145,698.8587,699.1789,699.2395,699.2395,699.2395,699.2395,699.2395,699.2395,699.2395

Position (um) : 5.4261,5.43,5.435,5.4392,5.4425,5.4464,5.4503,5.4534,5.4562,5.4589,5.4618,5.4645,5.4674,5.4701,5.4726,5.4743,5.4763,5.4799,5.4835,5.4855,5.4871,5.4897,5.4924,5.4952,5.4983,5.5025,5.5078,5.513,5.5172,5.5206,5.5245,5.5284,5.5314,5.5343,5.537,5.5399,5.5429,5.5468,5.5504,5.5524,5.5543,5.5583,5.5635,5.5691,5.5747,5.58,5.5842,5.5875,5.5917,5.5967,5.6009,5.6042,5.6081,5.6124,5.6167,5.6218,5.6262,5.6304,5.6344,5.6377,5.6419,5.6472,5.6527,5.6583,5.6636,5.6681,5.6728,5.679,5.6842,5.6879,5.6921,5.6974,5.7029,5.7085,5.7138,5.718,5.721,5.7239,5.7269,5.7311,5.7361,5.7403,5.7436,5.7479,5.7534,5.7607,5.7699,5.779,5.7866,5.7938,5.8017,5.8083,5.8128,5.8161,5.82,5.824,5.827,5.8301,5.8345,5.8407,5.8463,5.8516,5.86,5.8725,5.8889,5.9079,5.9271,5.945,5.9602,5.9726,5.9815,5.989,5.9968,6.0041,6.0113,6.0191,6.0261,6.0323,6.0392,6.047,6.054,6.0598,6.0657,6.073,6.0821,6.0916,6.1008,6.112,6.1257,6.1412,6.1585,6.1744,6.1858,6.1931,6.1976,6.2006,6.2035,6.2062,6.2087,6.2101

Intensity : 292.1842,292.0865,291.7497,292.2894,292.692,293.026,293.4658,293.9122,294.2906,294.6132,294.9292,295.2631,295.6699,295.6985,294.7069,293.9921,293.3099,292.4989,291.5809,290.7674,290.076,289.4139,288.7484,288.0795,287.371,286.4906,285.3671,284.2351,283.2997,283.7989,284.3487,284.855,285.3697,285.9294,286.424,286.861,287.3528,287.9026,288.3637,288.7796,289.247,289.747,290.2333,289.9079,288.7889,287.9058,287.1736,286.3951,285.4936,284.5816,283.718,282.968,282.2257,281.4408,280.7272,280.0283,279.2963,278.9826,278.9578,278.9356,278.926,278.94,278.9777,278.9698,278.9203,278.878,278.834,278.7763,278.7269,278.6928,279.0286,279.4024,279.7883,280.1602,280.4775,280.6983,280.9194,281.1837,281.466,281.7469,282.0296,282.3191,282.6313,283.0204,283.5551,284.1175,284.1383,284.1246,284.1749,284.2139,284.2326,284.2715,284.3647,284.4615,284.5051,284.5425,284.5666,284.4822,284.3561,284.171,284.0169,283.8951,283.6982,283.3662,282.8601,282.3213,281.7247,280.7359,280.2163,280.0196,279.9215,279.8707,279.8718,279.9207,280.0157,280.1701,280.3519,280.5013,280.1761,279.8096,279.4845,279.2089,278.9333,278.594,278.1727,277.4977,276.9224,276.2207,275.3713,274.4722,273.5746,272.6024,272.0946,271.7429,271.4942,271.3275,271.1704,271.0205,270.8802,270.8052

Time pixel : 71.8651,71.9091,72.0006,72.0966,72.173,72.2565,72.3665,72.478,72.5727,72.6533,72.7323,72.8158,72.9175,73.0246,73.1052,73.1632,73.2183,73.2833,73.3566,73.4216,73.4768,73.529,73.5813,73.6335,73.6887,73.7565,73.8426,73.9287,73.9994,74.0673,74.1406,74.2084,74.2763,74.3496,74.4147,74.4726,74.5376,74.6109,74.676,74.7339,74.799,74.8751,74.9558,75.0447,75.1307,75.1986,75.2566,75.3216,75.3978,75.4755,75.5517,75.6196,75.6874,75.7608,75.8286,75.8965,75.9698,76.0377,76.1084,76.1973,76.299,76.4035,76.5052,76.5941,76.662,76.72,76.785,76.8583,76.9262,76.994,77.0702,77.148,77.227,77.3019,77.3653,77.4093,77.4516,77.5011,77.5533,77.6056,77.6579,77.7101,77.7652,77.8331,77.9249,78.0393,78.1677,78.2949,78.4134,78.5196,78.6225,78.713,78.792,78.8571,78.9122,78.9644,79.0167,79.069,79.1212,79.1735,79.2315,79.3093,79.4121,79.5339,79.6862,79.8529,80.0253,80.2003,80.3514,80.4588,80.5324,80.6002,80.6735,80.7414,80.8093,80.8826,80.9476,81.0056,81.0706,81.1439,81.2089,81.2641,81.3192,81.387,81.4703,81.5464,81.6089,81.6879,81.7867,81.8926,81.9979,82.0817,82.1193,82.1264,82.1264,82.1264,82.1264,82.1264,82.1264,82.1264

Position pixel : 50.8536,50.8903,50.9368,50.9763,51.0076,51.0442,51.0809,51.1092,51.136,51.1615,51.1882,51.2138,51.2405,51.266,51.2899,51.3055,51.324,51.3578,51.3916,51.4101,51.4257,51.4496,51.4751,51.5018,51.5302,51.5697,51.6191,51.6685,51.708,51.7393,51.7759,51.8126,51.8409,51.8677,51.8932,51.9199,51.9483,51.985,52.0188,52.0372,52.0557,52.0923,52.1418,52.194,52.2463,52.2957,52.3352,52.3664,52.4059,52.4525,52.492,52.5232,52.5599,52.5994,52.6405,52.6883,52.7294,52.7689,52.8056,52.8368,52.8763,52.9257,52.978,53.0302,53.0797,53.122,53.166,53.2237,53.2731,53.3072,53.3467,53.3961,53.4483,53.5006,53.55,53.5895,53.6179,53.6446,53.673,53.7125,53.7591,53.7986,53.8298,53.8693,53.9216,53.9894,54.0755,54.1616,54.2323,54.3002,54.3735,54.4357,54.478,54.5092,54.5459,54.5825,54.6109,54.6405,54.6816,54.7393,54.7916,54.8413,54.9203,55.0376,55.1915,55.3693,55.5488,55.7167,55.8595,55.9752,56.0587,56.1294,56.2027,56.2706,56.3385,56.4118,56.4768,56.5348,56.5998,56.6731,56.7381,56.7932,56.8483,56.9162,57.0023,57.0912,57.1775,57.2821,57.4105,57.5561,57.7184,57.8666,57.974,58.0419,58.0842,58.1126,58.1393,58.1648,58.1887,58.2015

Brightness max : 313.79
Brightness min : 88.00
Feature direction : Ambiguous
Feature speed : Slow
Feature type : Curve
Start frame : 1
End frame : 87
Start time (s) : 0.000
End time (s) : 732.220
Time step (s) : 8.514

