KYMOANALYSIS DATA

General Information :

Tiff path : G:\My Drive\microtubule dynamics and cut7\21-15 screens and tests\cut11-7\21-07-12&22 (cut11-7, cut7-3GFP, Klp5D, mts)\
Spindle type : Monopolar
Start frame : 1
End frame : 92
Start time (s) : 0.000
End time (s) : 774.300
Time step (s) : 8.509
Num poles : 1
Num tracks : 3
Num tracks poleward : 0
Num tracks antipoleward : 0
Num tracks ambiguous : 3
Comments : {

}
Poles Information :


Pole number : 1

Time (s) : 8.900168,9.149454,9.855288,10.97921,12.14159,13.05825,13.80255,14.54684,15.4635,16.62588,17.78827,18.70493,19.44922,20.15505,20.86089,21.56672,22.2341,22.76756,23.18922,23.72268,24.39006,25.05743,25.5909,26.01255,26.54602,27.17493,27.7084,28.13005,28.66352,29.3309,30.03673,30.74257,31.4484,32.15423,32.86007,33.5659,34.27174,34.93911,35.47258,35.89423,36.4277,37.09507,37.80091,38.50674,39.21257,39.91841,40.62424,41.33008,42.03591,42.74174,43.44758,44.15341,44.85925,45.60354,46.5202,47.68258,48.84497,49.80009,50.75521,51.95605,53.32926,54.70246,55.90331,56.85843,57.77509,58.7651,59.6433,60.3876,61.09343,61.79927,62.5051,63.21093,63.91677,64.6226,65.32844,66.03427,66.7401,67.44594,68.15177,68.89607,69.77427,70.80274,71.89177,73.09261,74.29345,75.38248,76.41096,77.28916,78.03345,78.73928,79.44512,80.15095,80.85679,81.56262,82.26845,82.97429,83.68012,84.3475,84.91942,85.51344,86.36955,87.38166,88.41014,89.32679,90.24345,91.23347,92.11167,92.85597,93.5618,94.26763,94.97347,95.6793,96.38514,97.09097,97.83526,98.71346,99.70348,100.6201,101.5753,102.7761,104.1109,105.3117,106.2284,106.9726,107.6785,108.3843,109.1286,110.0068,111.0353,112.1243,113.3252,114.4875,115.3657,115.8992

Position (um) : 3.6199,3.6159,3.6111,3.6048,3.5986,3.5938,3.5898,3.5871,3.584,3.5783,3.5721,3.5673,3.5628,3.5584,3.5544,3.5522,3.5513,3.5491,3.5455,3.5434,3.5429,3.5424,3.5402,3.5367,3.5345,3.5336,3.5314,3.5278,3.5257,3.5247,3.5225,3.519,3.5168,3.5163,3.5159,3.5137,3.5101,3.5075,3.5048,3.5013,3.4991,3.4981,3.496,3.4924,3.4903,3.4898,3.4893,3.4871,3.4836,3.4814,3.4809,3.4804,3.4783,3.4742,3.4699,3.4659,3.4632,3.4606,3.4565,3.4517,3.4455,3.4398,3.4367,3.434,3.43,3.4257,3.4216,3.4195,3.4185,3.4163,3.4128,3.4106,3.4101,3.4096,3.4075,3.4039,3.4018,3.4008,3.3986,3.3951,3.3924,3.3898,3.3857,3.3814,3.3769,3.3726,3.3685,3.3659,3.3632,3.3597,3.357,3.3544,3.3508,3.3486,3.3482,3.3482,3.3482,3.3477,3.3455,3.342,3.3398,3.3393,3.3388,3.3367,3.3331,3.3309,3.3305,3.3305,3.3305,3.3305,3.33,3.3278,3.3243,3.3221,3.3211,3.319,3.3154,3.3128,3.3101,3.3066,3.3039,3.3013,3.2972,3.2929,3.2888,3.2867,3.2857,3.2836,3.2795,3.2752,3.2707,3.2663,3.2623,3.2601

Intensity : 388.2979,387.8522,386.4811,384.3511,382.2514,380.6693,379.4432,378.172,376.6387,374.9011,374.3653,374.4982,374.7823,375.1516,375.5753,375.7958,375.8698,376.1838,376.7901,377.1831,377.2847,377.3962,377.8707,378.6249,379.0774,379.2702,379.7319,380.5109,380.9839,381.1932,381.675,382.3593,382.7419,382.844,382.9498,383.3697,384.332,385.6012,386.7115,387.8602,388.875,389.8207,391.0286,392.489,393.6891,394.5819,395.474,396.6666,398.1063,399.0154,398.9133,398.8066,398.9688,399.3969,399.7692,399.959,399.8955,399.8741,399.9931,401.9431,404.9201,407.7878,410.0541,411.855,413.7181,415.6981,417.5018,419.3387,420.9892,422.7829,424.4721,425.9356,427.5079,429.0854,430.6013,432.0923,433.6628,435.285,436.632,435.9139,435.1097,434.1917,433.2317,432.2071,431.2173,430.3518,429.5627,430.5776,431.7836,432.9437,434.0977,435.2559,436.4312,437.5911,438.7282,439.8581,440.988,442.065,443.0209,443.6277,444.2263,444.8952,445.5801,446.268,447.0439,447.8335,448.4713,448.9903,449.4825,449.7045,449.9492,450.3363,450.869,451.3108,451.6729,452.2219,453.0029,453.696,454.4439,452.9194,448.774,445.0447,442.1548,439.7907,437.5565,435.3685,433.0918,430.3876,426.6438,421.8632,416.6415,411.6327,407.8796,405.6137

Time pixel : 1.046,1.07529,1.15825,1.29034,1.42695,1.53468,1.62215,1.70962,1.81736,1.95397,2.09057,2.19831,2.28578,2.36873,2.45169,2.53464,2.61307,2.67577,2.72532,2.78802,2.86645,2.94489,3.00758,3.05714,3.11983,3.19375,3.25644,3.306,3.3687,3.44713,3.53008,3.61304,3.69599,3.77894,3.8619,3.94485,4.0278,4.10624,4.16893,4.21849,4.28118,4.35962,4.44257,4.52552,4.60848,4.69143,4.77438,4.85734,4.94029,5.02325,5.1062,5.18915,5.27211,5.35958,5.46731,5.60392,5.74053,5.85278,5.96503,6.10616,6.26755,6.42893,6.57006,6.68232,6.79005,6.9064,7.00961,7.09708,7.18004,7.26299,7.34594,7.4289,7.51185,7.5948,7.67776,7.76071,7.84366,7.92662,8.00957,8.09705,8.20026,8.32113,8.44912,8.59025,8.73138,8.85936,8.98024,9.08345,9.17092,9.25387,9.33683,9.41978,9.50273,9.58569,9.66864,9.7516,9.83455,9.91298,9.9802,10.05,10.1506,10.2696,10.3904,10.4982,10.6059,10.7223,10.8255,10.9129,10.9959,11.0789,11.1618,11.2448,11.3277,11.4107,11.4981,11.6013,11.7177,11.8254,11.9377,12.0788,12.2357,12.3768,12.4845,12.572,12.655,12.7379,12.8254,12.9286,13.0495,13.1775,13.3186,13.4552,13.5584,13.6211

Position pixel : 33.926,33.8881,33.843,33.7849,33.7267,33.6817,33.6437,33.619,33.5897,33.536,33.4778,33.4328,33.3904,33.3498,33.3119,33.2917,33.2826,33.2624,33.229,33.2087,33.2042,33.1997,33.1794,33.146,33.1258,33.1167,33.0965,33.0631,33.0428,33.0338,33.0135,32.9801,32.9599,32.9553,32.9508,32.9306,32.8972,32.8724,32.8476,32.8142,32.7939,32.7849,32.7646,32.7312,32.711,32.7065,32.702,32.6817,32.6483,32.628,32.6235,32.619,32.5987,32.5608,32.5203,32.4824,32.4576,32.4328,32.3949,32.3499,32.2917,32.238,32.2088,32.184,32.1461,32.1055,32.0676,32.0474,32.0383,32.0181,31.9847,31.9644,31.9599,31.9554,31.9351,31.9017,31.8815,31.8724,31.8522,31.8188,31.794,31.7692,31.7313,31.6908,31.6483,31.6078,31.5699,31.5451,31.5203,31.4869,31.4622,31.4374,31.404,31.3837,31.3792,31.3792,31.3792,31.3747,31.3544,31.321,31.3008,31.2963,31.2917,31.2715,31.2381,31.2178,31.2133,31.2133,31.2133,31.2133,31.2088,31.1885,31.1551,31.1349,31.1258,31.1056,31.0722,31.0474,31.0226,30.9892,30.9644,30.9397,30.9018,30.8612,30.8233,30.8031,30.794,30.7738,30.7358,30.6953,30.6529,30.6124,30.5745,30.5542

Pole type : Curve
Start frame : 1
End frame : 92
Start time (s) : 0.000
End time (s) : 774.300
Time step (s) : 8.509

Feature Information :


Feature number : 1

Time (s) : 12.67862,13.42292,14.71921,16.24269,17.79183,19.69851,21.8509,23.85659,25.80173,27.66994,29.25398,30.53174,31.62076,32.64924,33.52744,34.27174,34.97757,35.6834,36.38924,37.09507,37.80091,38.50674,39.21257,39.91841,40.62424,41.33008,42.03591,42.74174,43.44758,44.15341,44.85925,45.56508,46.27092,46.93829,47.47176,47.89341,48.42688,49.09425,49.80009,50.50592,51.21175,51.91759,52.58496,53.11843,53.50162,53.86272,54.24592,54.77938,55.44676,56.11413,56.6476,57.03079,57.3919,57.77509,58.27009,58.7651,59.14829,59.5094,59.85413,60.25369,60.77079,61.41607,61.93317,62.33273,62.67746,63.03857,63.42176,63.99369,64.79497,65.61262,66.2451,66.98939,67.94095,68.81915,69.52498,70.05845,70.44164,70.8412,71.3583,72.04205,72.80843,73.8369,74.96083,75.83903,76.41096,76.83261,77.36608,78.03345,78.73928,79.44512,80.15095,80.89525,81.77345,82.80192,83.85249,84.88096,85.79762,86.75274,87.95359,89.28833,90.48918,91.40584,92.11167,92.64514,93.06679,93.60026,94.30609,95.18429,96.21277,97.3018,98.5411,99.91431,101.2875,102.4884,103.405,104.1878,105.066,106.056,106.9342,107.6785,108.4228,109.3394,110.5403,111.9135,113.2867,114.526,115.615,116.6435,117.5217,118.2275,118.7225

Position (um) : 5.1799,5.1777,5.1741,5.1715,5.1684,5.1626,5.1564,5.1512,5.1449,5.1392,5.1361,5.1334,5.1299,5.1277,5.1272,5.1272,5.1272,5.1272,5.1272,5.1272,5.1272,5.1272,5.1272,5.1272,5.1272,5.1272,5.1272,5.1277,5.1299,5.1334,5.1361,5.1387,5.1423,5.1449,5.1476,5.1516,5.156,5.16,5.1626,5.1658,5.1715,5.1777,5.183,5.1892,5.1954,5.2007,5.2079,5.2184,5.2308,5.2418,5.2507,5.2574,5.2627,5.2698,5.2804,5.2923,5.3011,5.3069,5.3136,5.3224,5.3335,5.3454,5.3542,5.36,5.3667,5.3746,5.3818,5.3902,5.4048,5.4224,5.437,5.4512,5.4671,5.4798,5.4875,5.4923,5.4973,5.5043,5.515,5.5282,5.5442,5.5631,5.5817,5.5954,5.6057,5.6167,5.6291,5.6401,5.6495,5.6578,5.665,5.6729,5.6853,5.6999,5.7136,5.7265,5.738,5.7499,5.7645,5.7796,5.7932,5.8057,5.8145,5.8203,5.8265,5.8332,5.8411,5.854,5.8703,5.8858,5.8999,5.9155,5.9327,5.9499,5.965,5.9765,5.9863,5.9968,6.0066,6.0124,6.0186,6.0305,6.0451,6.0588,6.0717,6.0832,6.0942,6.1044,6.1114,6.1159,6.1181

Intensity : 322.4612,322.8061,323.423,324.1622,324.5729,324.688,324.8706,325.0816,325.6784,328.151,330.233,331.9417,333.4789,334.892,336.0359,336.3799,335.4762,334.5724,333.6687,332.765,331.8613,330.9576,330.0539,329.1501,328.2464,327.3427,326.439,325.5626,324.7419,323.8744,323.0447,322.2191,321.3669,320.5899,319.9545,319.3928,318.7121,317.909,317.1143,316.3098,315.3231,313.9619,312.7307,311.7413,311.0276,310.386,309.7118,308.8195,307.6513,306.0741,304.8456,303.9641,303.2038,302.3285,301.1599,299.9564,299.0701,298.3764,297.7552,297.0427,296.2071,295.1378,294.3667,293.8629,293.3757,292.8606,292.4031,291.871,291.146,290.4941,290.1001,289.7887,289.5121,289.0589,288.7513,288.5602,288.4239,288.2884,288.1422,288.0252,287.9911,288.0046,288.1341,288.3255,288.505,288.6782,288.8964,289.1535,289.428,289.6995,289.9564,290.2688,290.7401,291.3843,292.1151,292.9093,293.7187,294.7103,296.089,297.4598,298.7721,299.8874,300.7562,301.3985,301.9756,302.6729,302.4704,302.4221,302.4437,301.76,301.2379,300.9281,300.9386,300.9611,300.5346,299.9857,298.7333,297.3669,296.1562,295.2472,294.3284,293.0463,291.4428,290.8873,290.5771,290.3995,290.0326,289.7409,289.6019,289.5521,289.5644

Time pixel : 1.49006,1.57754,1.72988,1.90893,2.09099,2.31508,2.56804,2.80376,3.03236,3.25192,3.43809,3.58826,3.71625,3.83712,3.94033,4.0278,4.11076,4.19371,4.27666,4.35962,4.44257,4.52552,4.60848,4.69143,4.77438,4.85734,4.94029,5.02325,5.1062,5.18915,5.27211,5.35506,5.43801,5.51645,5.57914,5.6287,5.69139,5.76983,5.85278,5.93573,6.01869,6.10164,6.18007,6.24277,6.28781,6.33024,6.37528,6.43797,6.51641,6.59484,6.65754,6.70257,6.74501,6.79005,6.84822,6.9064,6.95143,6.99387,7.03439,7.08135,7.14212,7.21796,7.27873,7.32569,7.3662,7.40864,7.45367,7.52089,7.61506,7.71116,7.78549,7.87296,7.98479,8.08801,8.17096,8.23365,8.27869,8.32565,8.38642,8.46678,8.55685,8.67772,8.80981,8.91302,8.98024,9.02979,9.09249,9.17092,9.25387,9.33683,9.41978,9.50725,9.61047,9.73134,9.85481,9.97568,10.0834,10.1957,10.3368,10.4937,10.6348,10.7425,10.8255,10.8882,10.9377,11.0004,11.0834,11.1866,11.3075,11.4354,11.5811,11.7425,11.9039,12.045,12.1527,12.2447,12.3479,12.4643,12.5675,12.655,12.7424,12.8502,12.9913,13.1527,13.3141,13.4597,13.5877,13.7086,13.8118,13.8948,13.9529

Position pixel : 48.5461,48.5258,48.4924,48.4676,48.4383,48.3847,48.3265,48.277,48.2188,48.1651,48.1358,48.111,48.0776,48.0574,48.0529,48.0529,48.0529,48.0529,48.0529,48.0529,48.0529,48.0529,48.0529,48.0529,48.0529,48.0529,48.0529,48.0574,48.0776,48.111,48.1358,48.1606,48.194,48.2188,48.2436,48.2815,48.322,48.3599,48.3847,48.414,48.4676,48.5258,48.5754,48.6335,48.6917,48.7413,48.8085,48.9072,49.0235,49.1267,49.2097,49.2724,49.322,49.3892,49.4879,49.5997,49.6826,49.7367,49.7994,49.8824,49.9856,50.0974,50.1804,50.2344,50.2971,50.371,50.4383,50.5171,50.6537,50.8192,50.9562,51.0888,51.2385,51.3575,51.4292,51.4742,51.5212,51.5865,51.6871,51.8106,51.9607,52.1379,52.3124,52.4404,52.5369,52.6401,52.7564,52.8597,52.9471,53.0256,53.0928,53.1671,53.2835,53.4201,53.5481,53.6689,53.7767,53.8889,54.0255,54.1667,54.2946,54.411,54.4939,54.548,54.6062,54.6689,54.7432,54.8641,55.0164,55.1621,55.2946,55.4403,55.6016,55.763,55.9042,56.0119,56.1039,56.2026,56.2941,56.3482,56.4068,56.5186,56.6553,56.7832,56.9041,57.0119,57.1151,57.2112,57.2764,57.3189,57.3391

Brightness max : 455.00
Brightness min : 251.00
Feature direction : Ambiguous
Feature speed : Slow
Feature type : Curve
Start frame : 1
End frame : 92
Start time (s) : 0.000
End time (s) : 774.300
Time step (s) : 8.509

Feature number : 2

Time (s) : 11.97279,12.64016,13.66864,14.93003,16.49198,18.20992,19.98269,21.70063,23.26257,24.56242,25.87865,27.38576,28.87079,29.95981,30.74257,31.4484,32.15423,32.86007,33.5659,34.27174,34.97757,35.6834,36.38924,37.09507,37.83937,38.71757,39.70758,40.58578,41.33008,42.03591,42.74174,43.44758,44.19187,45.10853,46.27092,47.4333,48.34996,49.09425,49.83855,50.75521,51.99451,53.54008,55.19747,56.57068,57.56426,58.48092,59.47094,60.34914,61.09343,61.79927,62.46664,63.03857,63.63258,64.45024,65.28998,66.07273,66.95093,67.94095,68.78069,69.35261,69.81273,70.51856,71.47012,72.30986,72.92025,73.51426,74.33191,75.17165,75.91595,76.58332,77.15525,77.74927,78.60538,79.61748,80.64596,81.52416,82.22999,82.76346,83.14665,83.50776,83.89095,84.38596,84.88096,85.30262,85.83608,86.50346,87.17083,87.7043,88.12595,88.65942,89.32679,90.03263,90.7,91.23347,91.65512,92.18859,92.85597,93.5618,94.26763,94.97347,95.64084,96.17431,96.5575,96.9186,97.26334,97.62444,97.96917,98.29181,98.50264,98.75192,99.20847,99.70348,100.1251,100.6586,101.2875,101.821,102.2042,102.5653,102.91,103.2327

Position (um) : 6.1623,6.1602,6.1561,6.1518,6.1478,6.1456,6.1446,6.1425,6.1389,6.1368,6.1363,6.1363,6.1363,6.1363,6.1363,6.1363,6.1358,6.1336,6.1301,6.1279,6.1274,6.1274,6.1274,6.1274,6.1274,6.1274,6.1274,6.1274,6.1274,6.1274,6.1274,6.1274,6.1274,6.1274,6.1274,6.1279,6.1301,6.1341,6.1389,6.1456,6.154,6.1633,6.1743,6.1867,6.1977,6.2076,6.2186,6.231,6.242,6.2513,6.2607,6.2717,6.2841,6.2956,6.3076,6.3231,6.3425,6.3633,6.3805,6.3925,6.4028,6.4159,6.4319,6.4451,6.4554,6.4664,6.4798,6.4956,6.5142,6.531,6.5434,6.5554,6.5705,6.5877,6.6054,6.6226,6.6377,6.6487,6.6558,6.6611,6.6678,6.6762,6.685,6.6939,6.7032,6.7142,6.7267,6.7377,6.747,6.7563,6.7673,6.7802,6.7934,6.8063,6.8178,6.8293,6.8417,6.8532,6.8652,6.8798,6.8943,6.9063,6.9178,6.9297,6.9386,6.9439,6.9484,6.9532,6.9594,6.9652,6.9683,6.9714,6.9776,6.986,6.9948,7.0032,7.0099,7.0152,7.0214,7.0271

Intensity : 307.0059,308.3014,310.3112,312.7641,315.777,317.9834,319.7554,321.5054,323.1446,324.4964,324.705,321.4265,318.196,315.827,314.1243,312.5888,311.0705,309.6136,308.212,307.1762,306.8978,306.6013,306.3049,306.0085,305.6959,305.3271,304.9113,304.5425,304.2299,303.9335,303.6901,303.5828,303.4696,303.3303,303.1536,302.9737,302.8308,302.7293,302.6574,302.6184,304.0066,306.3553,309.003,311.379,312.9537,314.4364,316.1305,316.4328,316.6811,316.9898,317.3763,317.8705,318.5074,319.2994,319.8125,320.4757,321.4515,322.7923,323.629,324.1708,324.5999,324.6018,324.6378,324.6869,324.7091,324.7121,324.7496,324.7492,324.4594,323.7518,323.6299,323.6806,324.0586,324.8158,325.8957,327.0342,328.0859,328.9762,329.6661,330.3511,331.1072,332.1328,333.2169,333.6333,333.4971,333.3782,333.3292,333.3131,333.3289,333.3309,333.352,333.4349,333.5714,333.7626,333.9662,334.1757,334.3397,334.4627,335.209,336.0807,336.9651,337.7108,338.3369,338.9734,339.3768,339.5925,339.8067,339.9906,340.0348,340.1228,340.4592,340.8271,341.0459,341.3007,341.6162,341.8502,341.8353,341.4219,340.9995,340.6107

Time pixel : 1.40711,1.48554,1.60641,1.75466,1.93823,2.14013,2.34848,2.55038,2.73395,2.88671,3.0414,3.21853,3.39305,3.52104,3.61304,3.69599,3.77894,3.8619,3.94485,4.0278,4.11076,4.19371,4.27666,4.35962,4.44709,4.5503,4.66665,4.76986,4.85734,4.94029,5.02325,5.1062,5.19367,5.3014,5.43801,5.57462,5.68235,5.76983,5.8573,5.96503,6.11068,6.29233,6.48711,6.6485,6.76527,6.873,6.98935,7.09256,7.18004,7.26299,7.34142,7.40864,7.47845,7.57455,7.67324,7.76523,7.86844,7.98479,8.08349,8.1507,8.20478,8.28773,8.39956,8.49825,8.56999,8.6398,8.7359,8.83459,8.92206,9.00049,9.06771,9.13752,9.23814,9.35709,9.47796,9.58117,9.66412,9.72682,9.77185,9.81429,9.85933,9.9175,9.97568,10.0252,10.0879,10.1664,10.2448,10.3075,10.357,10.4197,10.4982,10.5811,10.6596,10.7223,10.7718,10.8345,10.9129,10.9959,11.0789,11.1618,11.2402,11.3029,11.348,11.3904,11.4309,11.4734,11.5139,11.5518,11.5766,11.6059,11.6595,11.7177,11.7673,11.83,11.9039,11.9666,12.0116,12.054,12.0946,12.1325

Position pixel : 57.7539,57.7337,57.6957,57.6552,57.6173,57.597,57.588,57.5677,57.5343,57.5141,57.5096,57.5096,57.5096,57.5096,57.5096,57.5096,57.5051,57.4848,57.4514,57.4311,57.4266,57.4266,57.4266,57.4266,57.4266,57.4266,57.4266,57.4266,57.4266,57.4266,57.4266,57.4266,57.4266,57.4266,57.4266,57.4311,57.4514,57.4893,57.5343,57.597,57.6755,57.763,57.8662,57.9825,58.0857,58.1777,58.2809,58.3973,58.5005,58.588,58.6754,58.7787,58.895,59.0027,59.115,59.2606,59.4423,59.6371,59.7985,59.9107,60.0072,60.1307,60.2804,60.4039,60.5004,60.6036,60.729,60.8773,61.0518,61.2087,61.3254,61.4377,61.5788,61.7402,61.9061,62.0675,62.2086,62.3118,62.3791,62.4286,62.4913,62.5697,62.6527,62.7356,62.8231,62.9263,63.0427,63.1459,63.2334,63.3208,63.424,63.5449,63.6684,63.7893,63.897,64.0047,64.1211,64.2288,64.3411,64.4777,64.6143,64.7265,64.8343,64.9461,65.029,65.0786,65.121,65.1661,65.2242,65.2779,65.3072,65.3365,65.3947,65.4731,65.5561,65.6345,65.6972,65.7467,65.8049,65.8586

Brightness max : 455.00
Brightness min : 251.00
Feature direction : Ambiguous
Feature speed : Slow
Feature type : Curve
Start frame : 1
End frame : 92
Start time (s) : 0.000
End time (s) : 774.300
Time step (s) : 8.509

Feature number : 3

Time (s) : 63.4157,63.7063,64.2974,64.9051,65.3098,65.4697,65.5281,65.6588,65.8744,66.0343,66.1942,66.4389,66.7004,66.9451,67.105,67.2941,67.6988,68.3357,69.0867,69.7528,70.2882,70.6928,70.9835,71.2574,71.5189,71.7636,71.9235,72.0835,72.299,72.4589,72.648,72.9943,73.3698,73.6896,74.0943,74.5713,74.976,75.2666,75.5405,75.8312,76.2066,76.5821,76.9019,77.3066,77.7836,78.1883,78.4789,78.7528,79.0143,79.2882,79.5789,79.9544,80.3298,80.6205,80.8652,80.996,81.0543,81.1851,81.4006,81.5314,81.5897,81.7204,81.936,82.0667,82.1251,82.2558,82.5006,82.762,83.0068,83.1667,83.3266,83.5713,83.8328,84.0776,84.2375,84.3974,84.6421,84.9328,85.3082,85.6837,85.9744,86.2483,86.5098,86.7837,87.0452,87.3191,87.6097,88.0144,88.4914,88.896,89.1867,89.4314,89.5622,89.6205,89.7513,89.9668,90.0976,90.1267,90.1559,90.2867,90.5022,90.6621,90.822,91.0376,91.1975,91.3574,91.573,91.7329,91.8928,92.1376,92.4282,92.8037,93.1792,93.4698,93.7145,93.8745,94.0344,94.2791,94.5406,94.8145,95.076,95.3499,95.6114,95.8561,96.016,96.1759,96.4207,96.6821,96.956,97.2175,97.4914,97.7529,98.0268,98.3175,98.693,99.0393,99.2283,99.3883,99.6038

Position (um) : 6.3626,6.3733,6.3934,6.4171,6.4386,6.455,6.4658,6.4736,6.4819,6.4917,6.5017,6.5122,6.5242,6.5387,6.5534,6.5683,6.5881,6.6169,6.6501,6.6799,6.7031,6.7189,6.73,6.7401,6.7501,6.7599,6.7683,6.7753,6.7824,6.7908,6.8009,6.8133,6.8298,6.8492,6.8682,6.8827,6.8904,6.8945,6.8982,6.9029,6.9076,6.9116,6.9167,6.923,6.9298,6.9361,6.9412,6.9448,6.9486,6.9535,6.9604,6.969,6.9802,6.9915,7.0016,7.01,7.0167,7.0217,7.0258,7.0308,7.0368,7.0422,7.0479,7.0557,7.0637,7.0707,7.0775,7.0845,7.0929,7.1023,7.111,7.1197,7.1292,7.1379,7.147,7.158,7.1694,7.1798,7.1899,7.1999,7.2097,7.2181,7.2255,7.2339,7.2437,7.254,7.2658,7.2789,7.2919,7.3034,7.3121,7.3192,7.3259,7.3322,7.3373,7.3413,7.3464,7.3527,7.3591,7.3641,7.3682,7.3729,7.3776,7.3816,7.3863,7.391,7.395,7.4001,7.4064,7.4131,7.4199,7.4266,7.4329,7.438,7.442,7.4467,7.4514,7.4554,7.4605,7.4669,7.4736,7.4799,7.485,7.489,7.4937,7.4984,7.5021,7.5055,7.5088,7.5122,7.5155,7.5189,7.5222,7.5253,7.5273,7.5296,7.5344,7.5403,7.545

Intensity : 318.6339,318.892,319.5384,319.8908,319.8483,319.6454,319.4597,319.4438,319.5341,319.523,319.5139,319.5339,319.3405,319.0066,318.5432,318.1121,317.7545,316.948,314.7528,312.9194,311.5892,310.7539,310.3213,310.0065,309.7203,309.4591,309.2156,309.0423,308.9326,308.7335,308.5062,308.3842,308.2236,308.5356,309.0175,309.6687,310.258,310.6935,311.1122,311.5712,312.1715,312.7848,313.7589,315.0007,316.4699,317.7381,318.6764,319.5391,320.3657,321.244,322.1983,323.4199,324.6731,325.6738,326.5201,327.0106,327.27,327.7119,328.3786,328.8172,329.0616,329.5007,329.9891,330.1893,330.1797,330.3874,330.9118,331.4662,331.9371,332.1454,332.364,332.8012,333.2553,333.673,333.8519,333.5377,333.3172,333.2873,332.7609,331.7498,330.829,330.0354,329.3253,328.5511,327.6936,326.7997,325.636,324.3316,323.0718,322.0411,321.2994,320.7202,320.2047,319.7332,319.3559,319.0614,318.7035,318.2608,317.8206,317.5467,317.4418,317.3172,317.2041,317.1381,317.0495,316.9724,316.9453,316.8839,316.8064,316.78,316.8047,316.9115,317.0617,317.2016,317.3706,317.489,317.6107,317.8286,318.0603,318.3025,318.5721,318.8755,319.1664,319.4396,319.6248,319.8117,320.0898,320.3876,320.7005,321.0022,321.319,321.6247,321.9455,322.2859,322.7176,323.1203,323.3622,323.581,323.8571

Time pixel : 7.45296,7.48712,7.55658,7.62801,7.67557,7.69436,7.70122,7.71658,7.74192,7.76071,7.77951,7.80827,7.839,7.86776,7.88655,7.90878,7.95633,8.03119,8.11945,8.19773,8.26066,8.30821,8.34237,8.37456,8.40529,8.43406,8.45285,8.47164,8.49698,8.51577,8.53799,8.57869,8.62282,8.66041,8.70797,8.76403,8.81159,8.84575,8.87794,8.9121,8.95622,9.00035,9.03794,9.0855,9.14156,9.18912,9.22328,9.25547,9.2862,9.31839,9.35255,9.39668,9.4408,9.47496,9.50373,9.51909,9.52595,9.54131,9.56665,9.58201,9.58887,9.60424,9.62957,9.64494,9.65179,9.66716,9.69592,9.72665,9.75541,9.77421,9.793,9.82176,9.8525,9.88126,9.90005,9.91885,9.94761,9.98177,10.0259,10.07,10.1042,10.1364,10.1671,10.1993,10.23,10.2622,10.2964,10.3439,10.4,10.4476,10.4817,10.5105,10.5258,10.5327,10.5481,10.5734,10.5888,10.5922,10.5956,10.611,10.6363,10.6551,10.6739,10.6992,10.718,10.7368,10.7622,10.781,10.7998,10.8285,10.8627,10.9068,10.9509,10.9851,11.0138,11.0326,11.0514,11.0802,11.1109,11.1431,11.1739,11.206,11.2368,11.2655,11.2843,11.3031,11.3319,11.3626,11.3948,11.4255,11.4577,11.4885,11.5207,11.5548,11.5989,11.6396,11.6619,11.6807,11.706

Position pixel : 59.6303,59.7308,59.9193,60.1419,60.3426,60.4972,60.5977,60.6709,60.7492,60.8409,60.9345,61.0331,61.1455,61.2813,61.4191,61.5586,61.7443,62.0145,62.3253,62.6043,62.8218,62.9699,63.0739,63.169,63.2626,63.3543,63.4326,63.4989,63.5653,63.6436,63.7387,63.8546,64.0092,64.1911,64.3696,64.5054,64.5771,64.6162,64.6503,64.6945,64.7386,64.7762,64.8237,64.8832,64.9461,65.0056,65.0532,65.0873,65.123,65.1691,65.2334,65.3137,65.4188,65.5244,65.6195,65.6978,65.7607,65.8082,65.8458,65.8934,65.9495,66.0004,66.0534,66.1263,66.2011,66.2675,66.3304,66.3968,66.4751,66.5633,66.645,66.7267,66.815,66.8967,66.9819,67.0855,67.1925,67.2896,67.3847,67.4784,67.5701,67.6483,67.7181,67.7964,67.8881,67.9852,68.0957,68.2181,68.3405,68.4475,68.5293,68.5956,68.6585,68.718,68.7656,68.8032,68.8507,68.9102,68.9697,69.0173,69.0548,69.099,69.1431,69.1807,69.2248,69.2689,69.3065,69.3541,69.4136,69.4765,69.5394,69.6024,69.6618,69.7094,69.747,69.7911,69.8352,69.8728,69.9204,69.9799,70.0428,70.1023,70.1499,70.1874,70.2316,70.2757,70.3099,70.342,70.3728,70.405,70.4357,70.4679,70.4986,70.5274,70.5462,70.5684,70.6125,70.6686,70.7127

Brightness max : 455.00
Brightness min : 251.00
Feature direction : Ambiguous
Feature speed : Slow
Feature type : Curve
Start frame : 1
End frame : 92
Start time (s) : 0.000
End time (s) : 774.300
Time step (s) : 8.509

