KYMOANALYSIS DATA

General Information :

Tiff path : G:\My Drive\microtubule dynamics and cut7\21-15 screens and tests\cut11-7\20-06-17&18 (cut11-7, cut7-3GFP, Klp5D, mts)\
Spindle type : Monopolar
Start frame : 1
End frame : 46
Start time (s) : 0.000
End time (s) : 194.570
Time step (s) : 4.324
Num poles : 1
Num tracks : 3
Num tracks poleward : 0
Num tracks antipoleward : 0
Num tracks ambiguous : 3
Comments : {

}
Poles Information :


Pole number : 1

Time (s) : 5.476654,9.872498,14.26834,18.66418,23.06003,27.45587,31.85172,36.24756,40.6434,45.03925,49.43509,53.83093,58.22678,62.62262,67.01847,71.41431,75.81015,80.206,84.60184,88.99768,93.39353,97.78937,102.1852,106.5811,110.9769,115.3727,119.7686,124.1644,128.5603,132.9561,137.352,141.7478,146.1437,150.5395,154.9353,159.3312,163.727,168.1229,172.5187,176.9146,181.3104,185.7062,190.1021,194.4979,198.8938

Position (um) : 1.006,1.0052,1.0044,1.0036,1.0028,1.002,1.0012,1.0004,0.99965,0.99885,0.99806,0.99726,0.99646,0.99567,0.99487,0.99408,0.99328,0.99249,0.99169,0.99089,0.9901,0.9893,0.98851,0.98771,0.98692,0.98612,0.98532,0.98453,0.98373,0.98294,0.98214,0.98134,0.98055,0.97975,0.97896,0.97816,0.97737,0.97657,0.97577,0.97498,0.97418,0.97339,0.97259,0.97179,0.971

Intensity : 385.2363,384.4818,387.1914,398.167,408.7294,416.4,422.1028,426.4666,429.3476,425.3459,425.0959,438.4882,452.7441,455.5351,457.8325,466.0133,470.4295,461.2557,457.8303,462.7292,477.1329,487.6611,490.2189,487.5412,484.9079,494.3069,500.9142,497.2621,488.0106,470.8184,457.5308,452.2034,458.8745,465.8611,471.7442,476.0771,478.3609,476.4669,467.3903,459.8179,450.0967,458.6786,473.2154,488.1716,493.3929

Time pixel : 1.26664,2.2833,3.29997,4.31664,5.33331,6.34997,7.36664,8.38331,9.39998,10.4166,11.4333,12.45,13.4666,14.4833,15.5,16.5166,17.5333,18.55,19.5666,20.5833,21.6,22.6167,23.6333,24.65,25.6667,26.6833,27.7,28.7167,29.7333,30.75,31.7667,32.7833,33.8,34.8167,35.8333,36.85,37.8667,38.8833,39.9,40.9167,41.9333,42.95,43.9667,44.9833,46

Position pixel : 9.4284,9.421,9.4135,9.4061,9.3986,9.3911,9.3837,9.3762,9.3688,9.3613,9.3539,9.3464,9.3389,9.3315,9.324,9.3166,9.3091,9.3016,9.2942,9.2867,9.2793,9.2718,9.2644,9.2569,9.2494,9.242,9.2345,9.2271,9.2196,9.2121,9.2047,9.1972,9.1898,9.1823,9.1749,9.1674,9.1599,9.1525,9.145,9.1376,9.1301,9.1226,9.1152,9.1077,9.1003

Pole type : Line
Start frame : 1
End frame : 46
Start time (s) : 0.000
End time (s) : 194.570
Time step (s) : 4.324

Feature Information :


Feature number : 1

Time (s) : 44.02762,44.15201,44.31971,44.49707,44.6841,44.91445,45.20654,45.51795,45.84459,46.21775,46.56282,46.8558,47.16722,47.50262,47.81404,48.0877,48.3558,48.62946,48.93121,49.2233,49.45364,49.64067,49.8277,50.05805,50.3598,50.71453,51.11258,51.54838,52.00907,52.5315,53.10136,53.70165,54.37657,55.01372,55.52739,55.99218,56.48652,57.03705,57.54982,57.96719,58.34125,58.73929,59.1751,59.62612,60.10524,60.5747,60.9824,61.3468,61.70153,62.06593,62.47363,62.94309,63.41254,63.82025,64.18465,64.53938,64.88445,65.19586,65.47918,65.7906,66.13567,66.48074,66.78249,67.0225,67.2625,67.55459,67.85635,68.13967,68.45109,68.77682,69.03526,69.21353,69.44387,69.76406,70.09069,70.45508,70.8619,71.22629,71.56259,71.93575,72.27116,72.52083,72.75117,73.00961,73.2736,73.53204,73.76239,73.99273,74.25117,74.52483,74.82658,75.12833,75.41165,75.72307,76.06814,76.42287,76.7776,77.12267,77.42442,77.65477,77.8418,78.02883,78.23984,78.4453,78.60423,78.80093,79.10268,79.4814,79.87389,80.23417,80.57369,80.83768,81.02471,81.15876,81.26472,81.39877,81.55681,81.69086,81.79681,81.94053,82.15155,82.40999,82.68364,82.9854,83.28715,83.57047,83.87222,84.16431,84.39466,84.58169,84.76872,84.98939,85.23817,85.45885,85.66521,85.93886,86.31203,86.70041,87.05514,87.37622,87.70285,88.08568,88.48373,88.89144,89.31758,89.72529,90.13299,90.55914,90.94752,91.25893,91.49894,91.72928,91.97806,92.19874,92.38577,92.56314,92.73084,92.86489,92.97084,93.1049,93.2726,93.44996,93.61766,93.75172,93.85767,93.99172,94.14976,94.28381,94.38977,94.51416,94.63854,94.7445,94.87855,95.04625,95.22362,95.39132,95.52537,95.63133,95.76538,95.92342,96.05747,96.16342,96.28781,96.4122,96.50849,96.60889,96.7485,96.95396,97.17464,97.41465,97.7164,98.07113,98.46918,98.89532,99.2837,99.60478,99.8881,100.1995,100.5349,100.8463,101.12,101.3881,101.6714,102.0262,102.4426,102.86,103.3304,103.9339,104.653,105.5117,106.5414,107.6102,108.5685,109.3212,109.8823,110.372,110.9571,111.656,112.3028,112.8165,113.2523,113.5973,113.847,114.0773,114.3261,114.5468,114.7338,114.9112,115.0982,115.3092,115.5244,115.7169,115.9321,116.1431,116.3301,116.4978,116.6319,116.7282,116.8092,116.8526,116.8622

Position (um) : 1.5938,1.5958,1.598,1.6002,1.6026,1.6059,1.61,1.6146,1.6201,1.6262,1.6319,1.6376,1.6437,1.6494,1.6551,1.661,1.6656,1.6695,1.6744,1.6785,1.6811,1.6834,1.6855,1.6877,1.6901,1.6932,1.6963,1.6989,1.7022,1.7061,1.7096,1.7133,1.7184,1.7236,1.728,1.7313,1.7339,1.7372,1.7411,1.7444,1.747,1.7501,1.7532,1.7558,1.7588,1.7619,1.7645,1.7676,1.7704,1.7717,1.7722,1.7733,1.775,1.7761,1.7764,1.7764,1.7764,1.7764,1.7764,1.7761,1.775,1.773,1.7709,1.7687,1.7665,1.7643,1.7622,1.7599,1.7578,1.7555,1.7534,1.7512,1.749,1.7468,1.7446,1.7424,1.7403,1.738,1.7357,1.7326,1.7298,1.7282,1.7269,1.7249,1.7228,1.7208,1.7195,1.7181,1.7161,1.7138,1.7105,1.7066,1.7033,1.7006,1.6973,1.6932,1.6888,1.6847,1.6814,1.679,1.6768,1.6746,1.6724,1.6702,1.668,1.6656,1.6623,1.6582,1.6538,1.6494,1.6453,1.6422,1.6407,1.6394,1.6374,1.6352,1.633,1.6308,1.6286,1.6262,1.6229,1.6188,1.6144,1.6103,1.607,1.6043,1.6013,1.5982,1.5958,1.5936,1.5915,1.5895,1.5884,1.5879,1.5868,1.5851,1.584,1.5835,1.5825,1.5807,1.5796,1.5794,1.5794,1.5794,1.5794,1.5794,1.5794,1.5794,1.5794,1.5794,1.5794,1.5794,1.5794,1.5794,1.5794,1.5794,1.5796,1.5807,1.5825,1.5838,1.5851,1.5868,1.5881,1.5895,1.5915,1.5936,1.5958,1.598,1.6,1.6013,1.6026,1.6046,1.6067,1.609,1.6111,1.6133,1.6155,1.6175,1.6185,1.619,1.6201,1.6219,1.6232,1.6245,1.6265,1.6288,1.6322,1.6365,1.642,1.6486,1.6564,1.6659,1.6757,1.6855,1.695,1.7028,1.7096,1.7161,1.7225,1.728,1.7326,1.7372,1.7431,1.7519,1.763,1.774,1.7851,1.8003,1.8195,1.842,1.869,1.8982,1.9249,1.9459,1.9619,1.9759,1.9915,2.0094,2.0271,2.0413,2.0516,2.0593,2.0652,2.0709,2.0773,2.0838,2.0904,2.0972,2.1049,2.1131,2.1213,2.1304,2.1414,2.1512,2.1595,2.1677,2.1739,2.1777,2.1803,2.1834,2.1862

Intensity : 283.6592,283.4652,283.2549,283.0296,282.9087,282.7586,282.5613,282.3298,282.0441,281.7029,281.3694,281.0272,280.6424,280.2614,280.1315,279.9988,279.92,279.8728,279.7715,279.6915,279.6618,279.6238,279.5876,279.5644,279.5653,279.5332,279.5101,279.5278,279.5074,279.5407,279.7461,280.0069,280.2487,280.4448,280.5844,280.7325,280.8614,280.9232,280.933,280.9278,280.936,280.9251,280.9226,280.9444,280.9458,280.933,280.8878,280.8166,280.7646,280.7997,280.8909,280.9743,281.0317,281.1068,281.206,281.3124,281.4097,281.4351,281.4581,281.4929,281.5642,281.6753,281.7911,281.9079,282.0227,282.1498,282.2762,282.4079,282.5411,282.6837,282.8159,282.9016,282.7354,282.4701,282.1926,281.8761,281.5058,281.1894,280.9118,280.6242,280.369,280.1527,279.9476,279.7425,279.5374,279.3765,279.5383,279.7013,279.9117,280.1496,280.4494,280.8072,281.2314,281.6112,282.0731,282.6201,283.1952,283.75,284.2115,284.5528,284.8515,285.0317,285.2285,285.4256,285.6445,285.8848,286.2369,286.708,287.2422,287.8084,288.375,288.8178,289.0615,289.2658,289.5567,289.8793,290.2298,290.5655,290.9103,291.2949,291.8475,291.914,291.9429,291.8397,291.5929,291.2726,290.9348,290.7664,290.6633,290.6304,290.5738,290.4072,290.0029,289.5588,289.2506,288.8968,288.1778,287.8707,288.0654,288.3787,288.5759,288.6343,288.6525,288.6711,288.6906,288.7093,288.7279,288.7474,288.7449,288.7164,288.6944,288.6733,288.6506,288.6304,288.6133,288.597,288.5412,288.3483,288.042,287.8118,287.5809,287.2755,287.0487,286.8255,286.4907,286.1343,285.7634,285.4123,285.086,284.9406,284.8414,284.6903,284.5301,284.3641,284.3888,284.5261,284.6082,284.6486,284.8101,285.0597,285.2201,285.2755,285.3986,285.5209,285.5381,285.5324,285.5224,285.5429,285.5015,285.3951,285.2915,285.1361,285.0085,284.9107,284.7642,284.5525,284.3576,284.3271,284.3612,284.4447,284.5455,284.6553,284.7353,284.8009,284.8912,285.048,285.3462,285.5771,285.2077,284.8569,284.5473,284.3175,283.9325,283.728,283.7057,283.7823,283.9908,284.3921,284.9184,283.3404,281.7035,280.4458,279.5422,278.7153,277.8302,277.0405,276.3611,275.7185,275.0427,274.3015,273.5654,272.8942,272.0571,271.2498,270.5735,269.9754,269.5188,269.2135,269.0293,268.9067,268.8398

Time pixel : 10.1827,10.2114,10.2502,10.2912,10.3345,10.3878,10.4553,10.5274,10.6029,10.6892,10.769,10.8368,10.9088,10.9864,11.0584,11.1217,11.1837,11.247,11.3168,11.3843,11.4376,11.4809,11.5241,11.5774,11.6472,11.7292,11.8213,11.9221,12.0286,12.1494,12.2812,12.4201,12.5762,12.7235,12.8423,12.9498,13.0642,13.1915,13.3101,13.4066,13.4931,13.5852,13.686,13.7903,13.9011,14.0097,14.104,14.1882,14.2703,14.3546,14.4489,14.5574,14.666,14.7603,14.8446,14.9266,15.0064,15.0784,15.144,15.216,15.2958,15.3756,15.4454,15.5009,15.5564,15.624,15.6938,15.7593,15.8313,15.9067,15.9664,16.0077,16.0609,16.135,16.2105,16.2948,16.3889,16.4732,16.5509,16.6372,16.7148,16.7726,16.8258,16.8856,16.9467,17.0064,17.0597,17.113,17.1728,17.236,17.3058,17.3756,17.4411,17.5132,17.593,17.675,17.7571,17.8369,17.9067,17.9599,18.0032,18.0464,18.0952,18.1428,18.1795,18.225,18.2948,18.3824,18.4732,18.5565,18.635,18.6961,18.7393,18.7703,18.7948,18.8258,18.8624,18.8934,18.9179,18.9511,18.9999,19.0597,19.123,19.1928,19.2626,19.3281,19.3979,19.4655,19.5187,19.562,19.6052,19.6563,19.7138,19.7649,19.8126,19.8759,19.9622,20.052,20.134,20.2083,20.2838,20.3724,20.4644,20.5587,20.6573,20.7516,20.8459,20.9444,21.0343,21.1063,21.1618,21.2151,21.2726,21.3237,21.3669,21.4079,21.4467,21.4777,21.5022,21.5332,21.572,21.613,21.6518,21.6828,21.7073,21.7383,21.7749,21.8059,21.8304,21.8592,21.8879,21.9124,21.9434,21.9822,22.0232,22.062,22.093,22.1175,22.1485,22.1851,22.2161,22.2406,22.2694,22.2981,22.3204,22.3436,22.3759,22.4234,22.4745,22.53,22.5998,22.6818,22.7739,22.8724,22.9623,23.0365,23.102,23.1741,23.2516,23.3237,23.387,23.449,23.5145,23.5965,23.6929,23.7894,23.8982,24.0377,24.2041,24.4027,24.6408,24.888,25.1096,25.2837,25.4135,25.5268,25.6621,25.8237,25.9733,26.0921,26.1929,26.2727,26.3304,26.3837,26.4413,26.4923,26.5356,26.5766,26.6198,26.6686,26.7184,26.7629,26.8127,26.8615,26.9047,26.9435,26.9745,26.9968,27.0156,27.0256,27.0278

Position pixel : 14.9375,14.9563,14.9763,14.9973,15.0195,15.0505,15.0893,15.1326,15.1836,15.2412,15.2944,15.3477,15.4052,15.4585,15.5118,15.5671,15.6104,15.6471,15.6924,15.7312,15.7557,15.7767,15.7967,15.8177,15.84,15.8687,15.8975,15.922,15.953,15.9896,16.0228,16.0573,16.1048,16.1536,16.1947,16.2257,16.2502,16.2812,16.3177,16.3487,16.3732,16.402,16.4308,16.4553,16.484,16.5128,16.5373,16.5661,16.5926,16.6049,16.6093,16.6194,16.6359,16.6459,16.6481,16.6481,16.6481,16.6481,16.6481,16.6459,16.6359,16.6171,16.5971,16.5761,16.5561,16.5351,16.5151,16.4941,16.474,16.453,16.433,16.412,16.392,16.371,16.351,16.33,16.3099,16.289,16.2667,16.2379,16.2114,16.1969,16.1846,16.1659,16.1459,16.1271,16.1149,16.1026,16.0839,16.0616,16.0306,15.994,15.963,15.9385,15.9075,15.8687,15.8277,15.7889,15.7579,15.7357,15.7147,15.6946,15.6736,15.6536,15.6326,15.6104,15.5794,15.5406,15.4995,15.4585,15.4197,15.391,15.3765,15.3642,15.3455,15.3254,15.3045,15.2844,15.2634,15.2412,15.2102,15.1714,15.1304,15.0916,15.0606,15.0361,15.0073,14.9785,14.9563,14.9353,14.9152,14.8965,14.8865,14.882,14.872,14.8555,14.8454,14.841,14.831,14.8144,14.8044,14.8022,14.8022,14.8022,14.8022,14.8022,14.8022,14.8022,14.8022,14.8022,14.8022,14.8022,14.8022,14.8022,14.8022,14.8022,14.8044,14.8144,14.831,14.8432,14.8555,14.872,14.8842,14.8965,14.9152,14.9353,14.9563,14.9763,14.995,15.0073,15.0195,15.0383,15.0583,15.0793,15.0994,15.1203,15.1404,15.1591,15.1691,15.1736,15.1836,15.2001,15.2124,15.2247,15.2434,15.2657,15.2967,15.3377,15.3887,15.4507,15.524,15.6126,15.7046,15.7967,15.8852,15.9586,16.0228,16.0839,16.1436,16.1947,16.2379,16.2812,16.3367,16.4187,16.5228,16.6259,16.7304,16.8722,17.0528,17.2637,17.5163,17.79,18.0404,18.2368,18.3875,18.5186,18.6649,18.8323,18.9984,19.1315,19.228,19.3,19.3555,19.4088,19.4686,19.5296,19.5916,19.6549,19.7269,19.8045,19.881,19.9666,20.0694,20.1614,20.2392,20.3155,20.3743,20.4098,20.4343,20.4631,20.4896

Brightness max : 418.41
Brightness min : 246.00
Feature direction : Ambiguous
Feature speed : Slow
Feature type : Curve
Start frame : 1
End frame : 46
Start time (s) : 0.000
End time (s) : 194.570
Time step (s) : 4.324

Feature number : 2

Time (s) : 122.4232,122.5476,122.7346,123.0083,123.4104,123.9674,124.7289,125.5522,126.2239,126.7224,127.0868,127.3701,127.6285,127.8589,128.0989,128.4006,128.7554,129.1534,129.5796,129.9873,130.395,130.8211,131.2192,131.5836,131.9383,132.3027,132.7104,133.1895,133.7216,134.2874,134.8379,135.2889,135.663,136.0177,136.3628,136.6645,136.8949,137.0819,137.2496,137.3836,137.4896,137.6236,137.801,138.0314,138.3234,138.6155,138.8459,139.0329,139.2103,139.3876,139.5747,139.8147,140.1597,140.5666,140.9213,141.2143,141.5257,141.8804,142.2688,142.642,142.9253,143.1653,143.4141,143.6347,143.8218,143.9991,144.1862,144.4165,144.7086,145.0104,145.2937,145.6051,145.9405,146.2519,146.5352,146.837,147.1291,147.3594,147.5465,147.7238,147.9108,148.1412,148.4333,148.735,149.0184,149.3201,149.6122,149.8522,150.0825,150.3217,150.5087,150.6773,150.9357,151.2615,151.5632,151.8032,152.0336,152.292,152.5657,152.8674,153.1595,153.3899,153.5865,153.8072,154.0657,154.3297,154.5978,154.8618,155.1299,155.3939,155.6523,155.8826,156.113,156.3618,156.5921,156.8224,157.0712,157.3016,157.5319,157.7903,158.064,158.3754,158.7205,159.0752,159.4299,159.7943,160.1924,160.6185,161.0166,161.3713,161.6731,161.9131,162.1627,162.5078,162.9146,163.2693,163.5623,163.8641,164.1562,164.3865,164.5735,164.7509,164.9283,165.1056,165.283,165.47,165.6907,165.9492,166.2228,166.5246,166.8167,167.0567,167.2967,167.5888,167.9002,168.2268,168.5903,168.8921,169.1136,169.3914,169.7605,170.1433,170.4699,170.791,171.1361,171.4908,171.8455,172.2003,172.5453,172.8471,173.0774,173.2645,173.4418,173.6192,173.7966,173.9836,174.2043,174.453,174.6834,174.9137,175.1722,175.4458,175.7476,176.059,176.3856,176.7685,177.1472,177.4683,177.7419,178.0003,178.221,178.4081,178.5854,178.7725,179.0028,179.3045,179.6496,180.0043,180.3687,180.7668,181.2026,181.6633,182.1857,182.7169,183.1439,183.5622,184.1657,184.9079,185.6271,186.3181,187.0363,187.6928,188.2595,188.8293,189.3757,189.8115,190.0852,190.2289

Position (um) : 1.5956,1.5938,1.5928,1.5925,1.5923,1.591,1.5881,1.5853,1.584,1.5838,1.5838,1.5838,1.5838,1.5838,1.5838,1.5838,1.5838,1.5838,1.584,1.5851,1.5871,1.5895,1.5928,1.5967,1.6,1.6028,1.6072,1.6133,1.6203,1.6288,1.6378,1.6446,1.6494,1.6538,1.6584,1.6636,1.6687,1.6721,1.6746,1.6768,1.6788,1.6801,1.6814,1.6834,1.6855,1.6877,1.6899,1.6919,1.693,1.6932,1.6932,1.6932,1.6932,1.6932,1.6932,1.6934,1.6945,1.6963,1.6973,1.6978,1.6989,1.7006,1.7017,1.7019,1.7019,1.7017,1.7006,1.6984,1.6952,1.6912,1.6875,1.6829,1.677,1.6715,1.6667,1.6612,1.6551,1.6497,1.645,1.6407,1.6361,1.6304,1.6232,1.6157,1.609,1.6026,1.5971,1.5925,1.5881,1.5838,1.5796,1.5761,1.5724,1.5673,1.5624,1.5588,1.5562,1.5529,1.5488,1.5446,1.5413,1.5389,1.5367,1.5346,1.5326,1.5312,1.5299,1.5279,1.5258,1.5238,1.5227,1.5225,1.5225,1.5225,1.5225,1.5225,1.5225,1.5225,1.5225,1.5225,1.5225,1.5225,1.5225,1.5225,1.5225,1.5225,1.5225,1.5227,1.5238,1.5256,1.5266,1.5271,1.5282,1.5302,1.5323,1.5343,1.5356,1.5369,1.5389,1.5411,1.5431,1.5444,1.5457,1.5474,1.5485,1.549,1.5501,1.5521,1.5544,1.5577,1.5616,1.5647,1.5663,1.5676,1.5696,1.5717,1.5739,1.5761,1.5781,1.5792,1.5796,1.5807,1.5825,1.5835,1.584,1.5851,1.5868,1.5879,1.5881,1.5881,1.5881,1.5881,1.5881,1.5881,1.5881,1.5881,1.5881,1.5881,1.5881,1.5881,1.5881,1.5879,1.5868,1.5848,1.5822,1.5781,1.5735,1.5709,1.5693,1.5673,1.5652,1.5632,1.5621,1.5619,1.5619,1.5619,1.5619,1.5619,1.5616,1.5606,1.5588,1.5575,1.5562,1.5544,1.5531,1.5516,1.5485,1.5446,1.5411,1.5376,1.5339,1.5315,1.5297,1.5269,1.524,1.5227,1.5225,1.5225

Intensity : 275.0602,275.4357,275.6564,275.6932,275.7224,275.962,276.4842,276.8648,276.6071,276.2712,275.9919,275.7748,275.5767,275.4002,275.2163,274.985,274.7132,274.4081,274.0389,274.108,274.2962,274.451,274.4169,274.2475,274.1766,274.3885,274.5452,274.5944,274.5719,274.4095,274.1993,274.0742,274.04,274.0246,273.9645,273.7788,273.5128,273.3668,273.3008,273.2294,273.1377,273.1561,273.2261,273.2818,273.3944,273.2091,272.9837,272.7668,272.6545,272.6375,272.6489,272.6635,272.6844,272.7091,272.7307,272.7187,272.6024,272.3969,272.2769,272.2304,272.0189,271.7222,271.517,271.4262,271.3744,271.3539,271.428,271.6218,271.8965,272.2396,272.5347,272.8983,273.3577,273.7502,274.0719,274.4146,274.6874,274.8178,274.9334,275.0362,275.1372,275.2513,275.3797,275.4932,275.5618,275.5483,275.6047,275.7573,275.9149,276.0751,276.3084,276.5054,276.5871,276.7734,277.14,277.3868,277.4991,277.6544,277.8738,278.0303,278.0693,278.0559,278.0566,278.0031,277.872,277.6495,277.4123,277.2373,277.0552,276.8522,276.5651,276.8035,277.0309,277.2766,277.504,277.7314,277.977,278.2044,278.4319,278.687,278.9572,279.2647,279.6054,279.9556,280.3058,280.6656,280.7144,280.4277,280.0987,279.7488,279.484,279.3008,279.0705,278.7178,278.3209,277.9687,277.7032,277.4342,277.127,276.9693,276.9933,277.052,277.1077,277.1282,277.1945,277.3093,277.4056,277.4572,277.4844,277.4496,277.3463,277.2616,277.297,277.3834,277.4161,277.4381,277.465,276.9768,276.5203,276.0816,275.5884,275.0122,274.4217,273.9061,273.423,272.8547,272.1956,271.612,271.1404,270.754,270.5916,270.5483,270.5073,270.4663,270.4253,270.382,270.331,270.2734,270.2201,270.1669,270.1071,270.0751,270.1456,270.336,270.6036,271.058,271.5731,271.76,271.7788,271.86,271.9776,272.096,272.102,271.9978,271.8334,271.6181,271.3718,271.1187,270.8851,270.7164,270.5879,270.3781,270.0699,269.7847,269.5339,269.3017,269.0147,268.627,268.1877,268.0121,268.0816,268.0938,268.0991,268.2053,268.3371,268.3703,268.3409,268.3141

Time pixel : 28.3139,28.3427,28.386,28.4493,28.5423,28.6711,28.8472,29.0376,29.193,29.3083,29.3925,29.4581,29.5178,29.5711,29.6266,29.6964,29.7784,29.8705,29.9691,30.0634,30.1576,30.2562,30.3483,30.4325,30.5146,30.5989,30.6932,30.804,30.927,31.0579,31.1852,31.2895,31.376,31.4581,31.5379,31.6077,31.6609,31.7042,31.743,31.774,31.7985,31.8295,31.8705,31.9238,31.9913,32.0589,32.1122,32.1554,32.1964,32.2375,32.2807,32.3362,32.416,32.5101,32.5922,32.6599,32.732,32.814,32.9038,32.9901,33.0556,33.1112,33.1687,33.2197,33.263,33.304,33.3473,33.4005,33.4681,33.5379,33.6034,33.6754,33.753,33.825,33.8906,33.9603,34.0279,34.0812,34.1244,34.1655,34.2087,34.262,34.3295,34.3993,34.4649,34.5346,34.6022,34.6577,34.711,34.7663,34.8095,34.8485,34.9083,34.9836,35.0534,35.1089,35.1622,35.222,35.2853,35.3551,35.4226,35.4759,35.5214,35.5724,35.6322,35.6932,35.7553,35.8163,35.8783,35.9394,35.9991,36.0524,36.1057,36.1632,36.2165,36.2698,36.3273,36.3806,36.4339,36.4936,36.5569,36.6289,36.7088,36.7908,36.8728,36.9571,37.0492,37.1477,37.2398,37.3218,37.3916,37.4471,37.5049,37.5847,37.6788,37.7608,37.8286,37.8984,37.9659,38.0192,38.0624,38.1035,38.1445,38.1855,38.2265,38.2698,38.3208,38.3806,38.4439,38.5137,38.5812,38.6367,38.6922,38.7598,38.8318,38.9074,38.9914,39.0612,39.1125,39.1767,39.2621,39.3506,39.4262,39.5004,39.5802,39.6623,39.7443,39.8263,39.9062,39.9759,40.0292,40.0725,40.1135,40.1545,40.1955,40.2388,40.2898,40.3474,40.4006,40.4539,40.5137,40.577,40.6468,40.7188,40.7943,40.8829,40.9705,41.0447,41.108,41.1678,41.2188,41.2621,41.3031,41.3464,41.3996,41.4694,41.5492,41.6313,41.7155,41.8076,41.9084,42.0149,42.1358,42.2586,42.3574,42.4541,42.5937,42.7654,42.9317,43.0915,43.2576,43.4094,43.5405,43.6723,43.7987,43.8995,43.9628,43.996

Position pixel : 14.954,14.9375,14.9275,14.9253,14.923,14.9108,14.8842,14.8577,14.8454,14.8432,14.8432,14.8432,14.8432,14.8432,14.8432,14.8432,14.8432,14.8432,14.8454,14.8555,14.8742,14.8965,14.9275,14.964,14.995,15.0218,15.0628,15.1203,15.1859,15.2657,15.3497,15.413,15.4585,15.4995,15.5428,15.5916,15.6391,15.6714,15.6946,15.7147,15.7334,15.7457,15.7579,15.7767,15.7967,15.8177,15.8377,15.8565,15.8665,15.8687,15.8687,15.8687,15.8687,15.8687,15.8687,15.871,15.881,15.8975,15.9075,15.912,15.922,15.9385,15.9485,15.9508,15.9508,15.9485,15.9385,15.9175,15.8875,15.85,15.8155,15.7722,15.7169,15.6659,15.6204,15.5693,15.5118,15.4608,15.4175,15.3765,15.3332,15.28,15.2124,15.1426,15.0793,15.0195,14.9685,14.9253,14.8842,14.8432,14.8044,14.7712,14.7367,14.6891,14.6426,14.6093,14.5848,14.5538,14.515,14.4763,14.4453,14.423,14.402,14.382,14.3632,14.351,14.3387,14.32,14.2999,14.2812,14.2712,14.2689,14.2689,14.2689,14.2689,14.2689,14.2689,14.2689,14.2689,14.2689,14.2689,14.2689,14.2689,14.2689,14.2689,14.2689,14.2689,14.2712,14.2812,14.2977,14.3077,14.3122,14.3222,14.3409,14.361,14.3797,14.392,14.4042,14.423,14.443,14.4618,14.474,14.4863,14.5028,14.5128,14.5173,14.5273,14.546,14.5683,14.5993,14.6359,14.6646,14.6791,14.6914,14.7101,14.7302,14.7511,14.7712,14.7899,14.8,14.8044,14.8144,14.831,14.841,14.8454,14.8555,14.872,14.882,14.8842,14.8842,14.8842,14.8842,14.8842,14.8842,14.8842,14.8842,14.8842,14.8842,14.8842,14.8842,14.8842,14.882,14.872,14.8532,14.8287,14.7899,14.7469,14.7224,14.7079,14.6891,14.6691,14.6504,14.6403,14.6381,14.6381,14.6381,14.6381,14.6381,14.6359,14.6259,14.6093,14.5971,14.5848,14.5683,14.5561,14.5416,14.5128,14.4763,14.443,14.4107,14.3755,14.3532,14.3365,14.3099,14.2834,14.2712,14.2689,14.2689

Brightness max : 418.41
Brightness min : 246.00
Feature direction : Ambiguous
Feature speed : Slow
Feature type : Curve
Start frame : 1
End frame : 46
Start time (s) : 0.000
End time (s) : 194.570
Time step (s) : 4.324

Feature number : 3

Time (s) : 18.434,18.487,18.621,18.8417,19.1531,19.5415,19.958,20.3031,20.5527,20.7927,21.0752,21.3239,21.4925,21.6796,21.9187,22.149,22.3794,22.6281,22.8585,23.0985,23.3906,23.6827,23.913,24.1,24.2774,24.4548,24.6225,24.7565,24.8625,24.9965,25.1642,25.3416,25.5286,25.7493,26.0077,26.2814,26.5928,26.9379,27.283,27.5944,27.8777,28.1794,28.4715,28.7019,28.8889,29.0663,29.2436,29.4113,29.5357,29.5984,29.661,29.7854,29.9628,30.2028,30.5382,30.9017,31.1657,31.319,31.4347,31.612,31.8511,32.0718,32.2685,32.4892,32.7283,32.896

Position (um) : 1.3842,1.3886,1.3956,1.4032,1.4113,1.4208,1.4303,1.4391,1.4468,1.4538,1.4612,1.4684,1.4743,1.48,1.4862,1.4916,1.4965,1.5019,1.5083,1.5153,1.524,1.5341,1.5428,1.5498,1.5562,1.5616,1.5665,1.5717,1.5768,1.5807,1.5853,1.5912,1.5967,1.6015,1.6072,1.6146,1.6232,1.6319,1.6404,1.6481,1.6551,1.6623,1.6687,1.6737,1.6792,1.6855,1.6919,1.6973,1.7019,1.7063,1.7107,1.7158,1.7241,1.7377,1.7542,1.77,1.7818,1.7888,1.7928,1.7965,1.8013,1.8054,1.8083,1.8116,1.8155,1.8186

Intensity : 316.5205,315.4561,314.1802,312.7781,311.3253,309.6638,308.0281,306.5757,305.3246,304.2108,303.0551,301.9552,301.0569,300.1217,298.864,297.7324,296.8717,296.1027,295.306,294.4875,293.5306,292.5421,291.7552,291.163,290.6501,290.2284,289.8716,289.519,289.195,288.9526,288.6852,288.3686,288.1047,287.9059,287.6136,286.9765,286.282,285.5803,284.9269,284.3701,283.8905,283.4158,283.0014,282.6929,282.4119,282.131,281.862,281.6354,281.4614,281.3292,281.177,280.9719,280.6544,280.1683,279.5094,278.9071,278.5073,278.2911,278.1629,278.0262,277.8577,277.7209,277.6215,277.5172,277.3875,277.2698

Time pixel : 4.2634,4.2757,4.3067,4.3577,4.4297,4.5195,4.6159,4.6957,4.7534,4.8089,4.8742,4.9318,4.9708,5.014,5.0693,5.1226,5.1759,5.2334,5.2867,5.3422,5.4098,5.4773,5.5306,5.5738,5.6149,5.6559,5.6947,5.7257,5.7502,5.7812,5.82,5.861,5.9042,5.9553,6.0151,6.0783,6.1504,6.2302,6.31,6.382,6.4475,6.5173,6.5849,6.6381,6.6814,6.7224,6.7634,6.8022,6.831,6.8455,6.86,6.8887,6.9298,6.9853,7.0628,7.1469,7.208,7.2434,7.2702,7.3112,7.3665,7.4175,7.463,7.5141,7.5694,7.6082

Position pixel : 12.973,13.014,13.0793,13.1513,13.2269,13.3154,13.4052,13.4873,13.5593,13.6248,13.6946,13.7622,13.8177,13.871,13.9285,13.9795,14.025,14.0761,14.1358,14.2014,14.2834,14.3775,14.4595,14.5251,14.5848,14.6359,14.6814,14.7302,14.7777,14.8144,14.8577,14.913,14.964,15.0095,15.0628,15.1326,15.2124,15.2944,15.3742,15.4463,15.5118,15.5794,15.6391,15.6859,15.7379,15.7967,15.8565,15.9075,15.9508,15.9918,16.0328,16.0805,16.1583,16.2856,16.4408,16.5882,16.699,16.7645,16.8022,16.8367,16.882,16.9208,16.9475,16.9785,17.0151,17.0439

Brightness max : 418.41
Brightness min : 246.00
Feature direction : Ambiguous
Feature speed : Slow
Feature type : Curve
Start frame : 1
End frame : 46
Start time (s) : 0.000
End time (s) : 194.570
Time step (s) : 4.324

