KYMOANALYSIS DATA

General Information :

Tiff path : G:\My Drive\microtubule dynamics and cut7\21-15 screens and tests\cut11-7\21-07-12&22 (cut11-7, cut7-3GFP, Klp5D, mts)\
Spindle type : Monopolar
Start frame : 1
End frame : 74
Start time (s) : 0.000
End time (s) : 597.650
Time step (s) : 8.187
Num poles : 1
Num tracks : 1
Num tracks poleward : 0
Num tracks antipoleward : 0
Num tracks ambiguous : 1
Comments : {

}
Poles Information :


Pole number : 1

Time (s) : 8.186986,16.48768,24.78838,33.08907,41.38976,49.69046,57.99115,66.29185,74.59254,82.89324,91.19393,99.49463,107.7953,116.096,124.3967,132.6974,140.9981,149.2988,157.5995,165.9002,174.2009,182.5016,190.8023,199.103,207.4037,215.7043,224.005,232.3057,240.6064,248.9071,257.2078,265.5085,273.8092,282.1099,290.4106,298.7113,307.012,315.3127,323.6134,331.9141,340.2148,348.5155,356.8162,365.1168,373.4175,381.7182,390.0189,398.3196,406.6203,414.921,423.2217,431.5224,439.8231,448.1238,456.4245,464.7252,473.0259,481.3266,489.6273,497.928,506.2287,514.5293,522.83,531.1307,539.4314,547.7321,556.0328,564.3335,572.6342,580.9349,589.2356,597.5363,605.837

Position (um) : 1.2446,1.2438,1.243,1.2422,1.2415,1.2407,1.2399,1.2391,1.2383,1.2375,1.2367,1.2359,1.2351,1.2344,1.2336,1.2328,1.232,1.2312,1.2304,1.2296,1.2288,1.228,1.2272,1.2265,1.2257,1.2249,1.2241,1.2233,1.2225,1.2217,1.2209,1.2201,1.2194,1.2186,1.2178,1.217,1.2162,1.2154,1.2146,1.2138,1.213,1.2123,1.2115,1.2107,1.2099,1.2091,1.2083,1.2075,1.2067,1.2059,1.2052,1.2044,1.2036,1.2028,1.202,1.2012,1.2004,1.1996,1.1988,1.1981,1.1973,1.1965,1.1957,1.1949,1.1941,1.1933,1.1925,1.1917,1.191,1.1902,1.1894,1.1886,1.1878

Intensity : 981.7858,968.9209,974.7876,936.8101,920.4585,917.4878,928.4929,920.4418,871.072,859.0394,862.1955,874.2116,879.5996,863.8857,836.1471,789.3667,784.2843,797.2491,803.6682,794.2996,794.3983,808.3219,821.8541,826.2583,832.9348,842.129,844.9497,825.021,802.1686,787.5293,780.4577,757.5959,740.3878,746.3351,766.2299,769.6025,745.0205,714.9637,695.0223,707.7238,742.752,775.0653,779.0196,748.9362,710.9873,692.9881,701.4507,719.2551,744.7416,758.4224,766.2614,738.0163,707.018,680.9785,693.6445,704.4121,719.9803,698.1296,668.9595,653.2707,669.1582,659.7362,660.6324,641.5046,649.8009,627.3432,617.5567,620.3586,602.5444,603.3695,598.6772,616.1732,618.3737

Time pixel : 1,2.01389,3.02778,4.04167,5.05556,6.06944,7.08333,8.09722,9.11111,10.125,11.1389,12.1528,13.1667,14.1806,15.1944,16.2083,17.2222,18.2361,19.25,20.2639,21.2778,22.2917,23.3056,24.3194,25.3333,26.3472,27.3611,28.375,29.3889,30.4028,31.4167,32.4306,33.4444,34.4583,35.4722,36.4861,37.5,38.5139,39.5278,40.5417,41.5556,42.5694,43.5833,44.5972,45.6111,46.625,47.6389,48.6528,49.6667,50.6806,51.6944,52.7083,53.7222,54.7361,55.75,56.7639,57.7778,58.7917,59.8056,60.8194,61.8333,62.8472,63.8611,64.875,65.8889,66.9028,67.9167,68.9306,69.9444,70.9583,71.9722,72.9861,74

Position pixel : 11.6645,11.6571,11.6498,11.6424,11.635,11.6276,11.6202,11.6128,11.6054,11.598,11.5906,11.5832,11.5758,11.5684,11.561,11.5536,11.5462,11.5388,11.5314,11.5241,11.5167,11.5093,11.5019,11.4945,11.4871,11.4797,11.4723,11.4649,11.4575,11.4501,11.4427,11.4353,11.4279,11.4205,11.4131,11.4058,11.3984,11.391,11.3836,11.3762,11.3688,11.3614,11.354,11.3466,11.3392,11.3318,11.3244,11.317,11.3096,11.3022,11.2948,11.2875,11.2801,11.2727,11.2653,11.2579,11.2505,11.2431,11.2357,11.2283,11.2209,11.2135,11.2061,11.1987,11.1913,11.1839,11.1765,11.1691,11.1618,11.1544,11.147,11.1396,11.1322

Pole type : Line
Start frame : 1
End frame : 74
Start time (s) : 0.000
End time (s) : 597.650
Time step (s) : 8.187

Feature Information :


Feature number : 1

Time (s) : 8.459388,16.7563,25.05321,33.35012,41.64703,49.94394,58.24085,66.53777,74.83468,83.13159,91.4285,99.72541,108.0223,116.3192,124.6161,132.9131,141.21,149.5069,157.8038,166.1007,174.3976,182.6945,190.9914,199.2883,207.5853,215.8822,224.1791,232.476,240.7729,249.0698,257.3667,265.6636,273.9605,282.2575,290.5544,298.8513,307.1482,315.4451,323.742,332.0389,340.3358,348.6327,356.9297,365.2266,373.5235,381.8204,390.1173,398.4142,406.7111,415.008,423.3049,431.6019,439.8988,448.1957,456.4926,464.7895,473.0864,481.3833,489.6802,497.9771,506.2741,514.571,522.8679,531.1648,539.4617,547.7586,556.0555,564.3524,572.6493,580.9463,589.2432,597.5401,605.837

Position (um) : 1.2517,1.2508,1.2499,1.249,1.2482,1.2473,1.2464,1.2455,1.2446,1.2437,1.2428,1.2419,1.2411,1.2402,1.2393,1.2384,1.2375,1.2366,1.2357,1.2348,1.234,1.2331,1.2322,1.2313,1.2304,1.2295,1.2286,1.2277,1.2269,1.226,1.2251,1.2242,1.2233,1.2224,1.2215,1.2206,1.2198,1.2189,1.218,1.2171,1.2162,1.2153,1.2144,1.2135,1.2127,1.2118,1.2109,1.21,1.2091,1.2082,1.2073,1.2064,1.2056,1.2047,1.2038,1.2029,1.202,1.2011,1.2002,1.1993,1.1985,1.1976,1.1967,1.1958,1.1949,1.194,1.1931,1.1922,1.1914,1.1905,1.1896,1.1887,1.1878

Intensity : 977.6242,965.7301,970.244,933.1666,917.6705,915.769,926.5058,917.0255,868.7651,857.208,860.7194,872.9995,877.7428,861.8672,833.2789,787.6839,783.3742,796.2974,802.4663,793.1362,793.4255,807.292,820.3827,824.9102,831.5771,841.1753,843.592,823.8826,801.004,786.8794,779.6077,756.7054,739.955,746.1684,766.1954,768.7757,744.1316,714.1268,694.5223,707.6563,742.6259,774.7569,778.1829,747.8963,710.1485,692.4084,700.9625,718.5947,744.1575,757.6398,765.567,736.909,706.1262,680.0649,693.1295,703.7584,719.5092,697.3904,668.3125,652.6818,668.7241,659.1462,660.2021,641.0543,649.542,627.0326,617.3712,620.2456,602.4056,603.273,598.5915,616.1443,618.3737

Time pixel : 1.03327,2.0467,3.06013,4.07355,5.08698,6.10041,7.11383,8.12726,9.14069,10.1541,11.1675,12.181,13.1944,14.2078,15.2212,16.2347,17.2481,18.2615,19.275,20.2884,21.3018,22.3152,23.3287,24.3421,25.3555,26.3689,27.3824,28.3958,29.4092,30.4226,31.4361,32.4495,33.4629,34.4764,35.4898,36.5032,37.5166,38.5301,39.5435,40.5569,41.5703,42.5838,43.5972,44.6106,45.6241,46.6375,47.6509,48.6643,49.6778,50.6912,51.7046,52.718,53.7315,54.7449,55.7583,56.7717,57.7852,58.7986,59.812,60.8255,61.8389,62.8523,63.8657,64.8792,65.8926,66.906,67.9194,68.9329,69.9463,70.9597,71.9731,72.9866,74

Position pixel : 11.7311,11.7228,11.7144,11.7061,11.6978,11.6895,11.6812,11.6729,11.6645,11.6562,11.6479,11.6396,11.6313,11.6229,11.6146,11.6063,11.598,11.5897,11.5814,11.573,11.5647,11.5564,11.5481,11.5398,11.5314,11.5231,11.5148,11.5065,11.4982,11.4899,11.4815,11.4732,11.4649,11.4566,11.4483,11.4399,11.4316,11.4233,11.415,11.4067,11.3984,11.39,11.3817,11.3734,11.3651,11.3568,11.3485,11.3401,11.3318,11.3235,11.3152,11.3069,11.2985,11.2902,11.2819,11.2736,11.2653,11.257,11.2486,11.2403,11.232,11.2237,11.2154,11.207,11.1987,11.1904,11.1821,11.1738,11.1655,11.1571,11.1488,11.1405,11.1322

Brightness max : 511.33
Brightness min : 255.00
Feature direction : Ambiguous
Feature speed : Slow
Feature type : Line
Start frame : 1
End frame : 74
Start time (s) : 0.000
End time (s) : 597.650
Time step (s) : 8.187

