KYMOANALYSIS DATA

General Information :

Tiff path : G:\My Drive\microtubule dynamics and cut7\21-15 screens and tests\cut11-7\21-07-12&22 (cut11-7, cut7-3GFP, Klp5D, mts)\
Spindle type : Monopolar
Start frame : 1
End frame : 71
Start time (s) : 0.000
End time (s) : 599.390
Time step (s) : 8.563
Num poles : 1
Num tracks : 15
Num tracks poleward : 0
Num tracks antipoleward : 0
Num tracks ambiguous : 15
Comments : {

}
Poles Information :


Pole number : 1

Time (s) : 11.24422,11.79061,12.72018,13.88685,15.06619,16.07241,17.09131,18.31752,19.79348,21.40288,23.01228,24.51802,25.93721,27.41317,28.8296,29.92238,30.72129,31.59408,32.71387,33.80666,34.81288,35.85879,36.80546,37.63139,38.31121,38.88737,39.43376,39.98015,40.52654,41.07293,41.67886,42.55166,43.86442,45.38451,46.75682,48.01556,49.74404,52.25325,55.2493,58.23101,61.0396,63.88789,66.72349,69.48522,72.21717,74.94912,77.71084,80.54645,83.24587,85.298,86.80926,88.67117,91.17762,93.7166,96.06812,98.63687,101.3363,103.6255,105.354,106.7732,108.1455,109.5944,111.4266,113.7428,116.1484,118.4403,120.8757,123.4146,125.8671,128.1987,130.4609,132.926,135.5389,137.9742,140.1625,142.5113,145.1368,147.6929,150.0246,152.1533,154.3687,156.6849,158.737,160.5124,162.4013,164.3939,166.2999,168.0257,169.3853,170.4637,171.6332,173.1659,174.7753,176.3577,178.143,180.1824,182.4545,184.6842,186.6029,188.2746,190.2402,192.7323,195.392,197.8544,199.6567,201.0048,202.7035,204.9602,207.143,208.7552,210.1302,211.7694,213.7322,215.7843,217.8834,220.1852,222.5781,224.88,226.979,229.0609,231.2465,233.5357,235.8376,238.0998,240.5947,243.4303,246.4561,249.1853,251.2104,252.9119,254.9938,257.5769,260.2024,262.4944,264.7395,267.1153,269.4342,271.6198,273.6422,275.4445,277.0837,278.5894,280.0086,281.4846,282.9308,284.2165,285.5321,287.1117,288.8374,290.5532,292.5017,294.7314,296.944,298.8059,300.5515,302.5567,304.7892,307.3579,310.1466,312.9255,315.8035,318.713,321.4279,323.8235,326.1552,328.4444,330.6002,332.5189,334.2347,335.9902,337.7032,339.1792,340.3315,341.3675,342.5766,343.9065,345.249,346.4753,347.5978,348.6906,349.7834,350.8761,351.9392,352.8985,353.7713,354.7009,355.6305,356.533,357.6258,358.9386,360.328,361.7742,363.1167,364.3159,365.6585,367.1046,368.4941,369.8664,371.2558,372.7615,374.3412,375.8469,377.2958,378.9052,380.5714,382.0204,383.4693,385.2248,387.2643,389.5364,391.7959,393.8778,395.8136,397.7025,399.4751,401.144,402.7832,404.4224,406.0318,407.5077,408.7637,409.8863,410.9493,411.8789,412.6182,413.3576,414.3169,415.5134,416.8559,418.2156,419.5879,420.9475,422.3198,423.6795,425.0518,426.4412,427.9469,429.5563,431.1657,432.6715,434.0907,435.5964,437.176,438.652,439.9377,441.1937,442.5065,443.7029,444.6921,445.5648,446.5242,447.5872,448.6502,449.6096,450.4824,451.4417,452.5047,453.5677,454.4973,455.1771,455.6199,455.976,456.5224,457.259,457.9686,458.708,459.6376,460.7303,461.9863,463.4921,465.2051,466.9904,468.8396,471.0081,473.3712,475.6731,477.7423,479.6908,481.6266,483.6192,485.5379,487.3871,489.3626,491.2091,492.7148,493.8374,494.7102,495.5361,496.3494,497.1753,498.0183,499.0074,500.2336,501.6798,503.1558,504.5154,505.7543,506.9237,508.2663,509.7125,511.1317,512.6076,514.0836,515.5028,516.9788,518.4845,520.0967,522.1488,524.5984,526.9147,528.5836,529.7387,531.0245,532.6311,534.0773,535.1133,535.969,536.7822,537.6379,538.6441,540.0165,541.7593,543.8114,546.1006,548.536,551.0181,553.5869,556.1259,558.5044,560.8532,563.1992,565.1918,566.6705,567.9265,569.1356,570.305,571.7071,573.3904,575.1756,577.0547,579.3565,581.9992,584.7014,587.2106,589.2925,591.0678,592.9865,595.0828,597.0754,598.7145,599.9705,600.9596,601.8027,602.5988,603.3084,604.018,604.7844,605.4642,606.0403,606.6016,607.185,607.6781,607.9081,607.9527

Position (um) : 7.9162,7.9162,7.9162,7.9162,7.9162,7.9162,7.9162,7.9162,7.9162,7.9162,7.9162,7.9162,7.9162,7.9162,7.9162,7.9162,7.9162,7.9162,7.9162,7.9162,7.9162,7.9162,7.9162,7.9162,7.9162,7.9162,7.9162,7.9162,7.9162,7.9162,7.9162,7.9162,7.9162,7.9162,7.9166,7.9183,7.9214,7.9247,7.9278,7.9295,7.9298,7.9298,7.9298,7.9298,7.9298,7.9298,7.9298,7.9298,7.9298,7.9298,7.9298,7.9298,7.9298,7.9298,7.9298,7.9298,7.9298,7.9298,7.9298,7.9298,7.9298,7.9298,7.9298,7.9298,7.9298,7.9298,7.9298,7.9298,7.9298,7.9298,7.9298,7.9298,7.9298,7.9295,7.9278,7.9247,7.9214,7.9183,7.9166,7.9159,7.9142,7.9115,7.9098,7.9094,7.9094,7.9094,7.9094,7.9094,7.9094,7.9094,7.909,7.9074,7.9046,7.903,7.9026,7.9022,7.9006,7.8978,7.8962,7.8958,7.8958,7.8958,7.8958,7.8958,7.8958,7.8958,7.8958,7.8958,7.8958,7.8958,7.8958,7.8954,7.8938,7.8907,7.8873,7.8838,7.8805,7.877,7.8737,7.8702,7.8669,7.8634,7.8601,7.8566,7.8529,7.8478,7.8417,7.8369,7.8345,7.8325,7.8294,7.8261,7.8229,7.8213,7.8209,7.8209,7.8209,7.8209,7.8209,7.8209,7.8209,7.8209,7.8209,7.8213,7.8229,7.8257,7.8277,7.8297,7.8329,7.8362,7.8397,7.843,7.8461,7.8481,7.8505,7.8549,7.8597,7.8638,7.8686,7.8733,7.8774,7.8822,7.887,7.8907,7.8938,7.8954,7.8958,7.8958,7.8958,7.8958,7.8958,7.8958,7.8958,7.8958,7.8958,7.8958,7.8958,7.8958,7.8958,7.8958,7.8958,7.8958,7.8958,7.8958,7.8958,7.8958,7.8958,7.8958,7.8958,7.8958,7.8962,7.8978,7.9006,7.9026,7.9046,7.9074,7.9094,7.9115,7.9142,7.9162,7.9183,7.921,7.923,7.9251,7.9278,7.9298,7.9319,7.935,7.9383,7.9418,7.9451,7.9486,7.9519,7.955,7.9571,7.9591,7.9619,7.9639,7.9659,7.9687,7.9707,7.9727,7.9755,7.9771,7.9775,7.9775,7.9775,7.9779,7.9795,7.9823,7.9839,7.9843,7.9843,7.9843,7.9843,7.9839,7.9823,7.9795,7.9779,7.9775,7.9775,7.9775,7.9775,7.9775,7.9775,7.9775,7.9775,7.9775,7.9775,7.9775,7.9775,7.9775,7.9775,7.9775,7.9775,7.9775,7.9775,7.9775,7.9775,7.9779,7.9795,7.9823,7.9839,7.9843,7.9843,7.9843,7.9843,7.9843,7.9843,7.9843,7.9843,7.9843,7.9843,7.9843,7.9843,7.9843,7.9843,7.9843,7.9843,7.9843,7.9843,7.9843,7.9847,7.9867,7.9911,7.9955,7.9979,8,8.0027,8.0044,8.0051,8.0071,8.0115,8.0163,8.0204,8.0252,8.0299,8.0336,8.0371,8.0404,8.0436,8.0456,8.0476,8.0507,8.0544,8.0596,8.0664,8.0752,8.0861,8.0956,8.1017,8.1072,8.1133,8.1181,8.1201,8.1205,8.1209,8.1225,8.1253,8.1269,8.1273,8.1273,8.1273,8.1273,8.1273,8.1273,8.1273,8.1273,8.1273,8.1269,8.1253,8.1225,8.1209,8.1205,8.1201,8.1184,8.1157,8.114,8.1137,8.1133,8.1116,8.1089,8.1072,8.1069,8.1069,8.1069,8.1069,8.1069,8.1069,8.1069,8.1069,8.1069,8.1069,8.1069,8.1069,8.1069,8.1069,8.1072,8.1089,8.112,8.1153,8.1184,8.1201,8.1205

Intensity : 761.0665,759.9518,758.0554,755.6753,753.2694,751.2166,749.138,745.2442,740.5094,735.3466,730.1838,725.3535,721.1982,718.818,716.5338,714.7715,713.4832,712.0757,710.2698,708.5076,708.4002,709.5333,710.559,711.4538,712.1904,712.8146,713.4066,713.9985,714.5905,715.1825,715.839,716.7846,716.1805,714.8963,713.4721,711.2331,707.6075,702.8687,697.0513,692.3042,689.5313,688.356,687.1859,686.6036,687.0245,687.4453,687.4692,686.1446,684.8836,683.9249,680.878,676.321,670.1865,663.9723,660.2706,656.7921,653.1366,650.4488,648.9243,647.6726,646.4622,645.1842,643.5057,640.1618,636.6889,633.38,631.7655,632.9389,634.0722,635.1498,634.7898,634.214,633.6037,632.2108,630.3684,629.2672,628.013,625.3976,622.0175,618.4334,615.4226,613.8882,611.9338,609.5484,606.7697,607.5356,608.8712,610.0804,611.0331,611.7888,612.5511,613.457,614.8892,615.6876,615.7776,615.767,616.0018,616.8287,617.2232,617.0245,618.0864,619.5416,621.0947,621.787,621.366,621.0511,620.6544,620.1273,620.5738,621.1387,621.6204,622.1685,622.7475,621.6118,620.0394,618.2434,616.3166,613.4331,610.7351,608.0054,605.0594,598.186,591.2978,584.5002,578.1191,573.1624,567.7188,564.1475,563.7679,563.4885,563.1274,563.103,563.9358,564.804,565.7732,565.5424,564.7872,564.0754,563.4169,563.0446,562.7557,562.4902,562.24,561.9984,561.6631,560.9689,560.2207,559.3051,558.369,557.4649,554.6071,550.3859,546.1551,542.5429,541.9461,544.4984,547.0916,549.8227,551.8643,553.3614,554.7744,558.1067,562.05,565.4407,565.5294,559.5713,554.2053,549.4997,545.3254,541.2251,537.2239,533.7764,531.0849,528.6651,525.9126,524.2042,522.4795,520.9042,519.4622,518.0583,516.6545,515.2507,512.6688,510.092,507.7476,505.2507,502.7538,500.3294,497.3941,493.868,490.1789,486.127,482.0562,478.5983,474.8494,470.7311,466.9844,463.3255,459.5824,455.8253,452.0061,448.369,447.2573,450.2429,453.2682,455.9353,458.6023,461.7667,463.5238,465.331,467.0776,468.5699,470.2195,471.7839,473.3452,474.7578,475.0554,471.9257,468.8531,465.8821,463.4149,461.1759,458.9149,457.4838,456.5412,455.6629,454.5234,453.0452,451.2103,449.2303,447.3978,443.9334,440.4859,437.0702,433.6226,430.1724,426.5603,426.6152,427.0287,427.2975,427.5229,427.7621,427.8482,427.5734,427.334,427.1001,426.8557,426.6329,426.4487,425.4477,422.6205,419.4879,416.3552,413.528,410.9559,408.1287,404.996,401.8633,399.855,398.5607,397.6102,396.745,395.6189,394.243,392.9434,391.5893,389.8869,387.8856,385.5853,382.0281,377.6518,373.091,368.3667,363.0322,365.24,367.3906,369.3238,371.1936,373.5366,375.9483,378.2705,380.5087,385.5705,391.5994,396.4443,400.0187,402.8168,405.467,408.0051,409.4492,410.7227,411.8975,412.8192,413.9776,415.3418,416.2672,415.42,413.16,410.9139,408.7492,406.7984,405.126,403.7056,402.8446,402.0778,401.4065,400.9535,400.9672,402.3402,404.1376,405.6548,406.9168,408.1479,409.4571,410.595,411.4031,412.0683,412.6854,413.3124,414.0552,415.1008,416.4565,418.0528,419.8336,422.7349,429.4514,436.4021,443.2722,446.7087,449.4117,452.0915,454.2742,454.9112,455.4634,455.9865,456.4016,456.7974,457.3317,456.9824,456.3755,455.4137,454.012,454.5733,455.6002,456.5408,457.233,457.2232,457.2125,457.2023,457.194,457.1227,457.0072,456.9088,456.8158,456.7329,456.65,456.5605,456.6098,457.1191,457.7541,458.3756,458.9502,459.2572,459.3263

Time pixel : 1.31316,1.37697,1.48553,1.62178,1.75951,1.87702,1.99601,2.13922,2.31159,2.49954,2.6875,2.86335,3.02909,3.20146,3.36688,3.4945,3.5878,3.68973,3.8205,3.94812,4.06564,4.18778,4.29834,4.3948,4.47419,4.54148,4.60529,4.6691,4.73291,4.79672,4.86748,4.96941,5.12272,5.30025,5.46051,5.60752,5.80938,6.10242,6.45231,6.80053,7.12853,7.46117,7.79233,8.11486,8.43391,8.75296,9.07549,9.40665,9.7219,9.96156,10.1381,10.3555,10.6482,10.9447,11.2194,11.5193,11.8346,12.1019,12.3038,12.4695,12.6298,12.799,13.013,13.2835,13.5644,13.8321,14.1165,14.413,14.6994,14.9717,15.2359,15.5238,15.829,16.1134,16.3689,16.6432,16.9499,17.2484,17.5207,17.7693,18.028,18.2985,18.5382,18.7455,18.9661,19.1988,19.4214,19.6229,19.7817,19.9077,20.0442,20.2233,20.4112,20.596,20.8045,21.0427,21.308,21.5684,21.7925,21.9877,22.2173,22.5083,22.8189,23.1065,23.317,23.4744,23.6728,23.9364,24.1913,24.3796,24.5401,24.7316,24.9608,25.2005,25.4456,25.7144,25.9939,26.2627,26.5078,26.751,27.0062,27.2736,27.5424,27.8066,28.0979,28.4291,28.7825,29.1012,29.3377,29.5364,29.7795,30.0812,30.3878,30.6555,30.9177,31.1952,31.466,31.7212,31.9574,32.1679,32.3593,32.5352,32.7009,32.8733,33.0422,33.1923,33.346,33.5305,33.732,33.9324,34.1599,34.4203,34.6787,34.8962,35.1,35.3342,35.5949,35.8949,36.2206,36.5451,36.8812,37.221,37.5381,37.8179,38.0902,38.3575,38.6093,38.8333,39.0337,39.2387,39.4388,39.6112,39.7458,39.8667,40.0079,40.1633,40.32,40.4633,40.5943,40.722,40.8496,40.9772,41.1014,41.2134,41.3153,41.4239,41.5324,41.6379,41.7655,41.9188,42.081,42.2499,42.4067,42.5468,42.7036,42.8725,43.0347,43.195,43.3573,43.5331,43.7176,43.8934,44.0626,44.2506,44.4452,44.6144,44.7836,44.9886,45.2268,45.4922,45.756,45.9992,46.2252,46.4458,46.6529,46.8478,47.0392,47.2306,47.4186,47.591,47.7376,47.8687,47.9929,48.1014,48.1878,48.2741,48.3862,48.5259,48.6827,48.8415,49.0017,49.1605,49.3208,49.4796,49.6398,49.8021,49.978,50.1659,50.3539,50.5297,50.6954,50.8713,51.0558,51.2281,51.3783,51.525,51.6783,51.818,51.9335,52.0355,52.1475,52.2716,52.3958,52.5078,52.6098,52.7218,52.8459,52.9701,53.0786,53.158,53.2097,53.2513,53.3152,53.4012,53.484,53.5704,53.679,53.8066,53.9533,54.1291,54.3292,54.5377,54.7536,55.0069,55.2828,55.5517,55.7933,56.0209,56.247,56.4797,56.7037,56.9197,57.1504,57.3661,57.5419,57.673,57.7749,57.8714,57.9664,58.0628,58.1613,58.2768,58.42,58.5889,58.7613,58.92,59.0647,59.2013,59.3581,59.527,59.6927,59.8651,60.0375,60.2032,60.3756,60.5514,60.7397,60.9794,61.2654,61.5359,61.7308,61.8657,62.0159,62.2035,62.3724,62.4934,62.5934,62.6883,62.7883,62.9058,63.066,63.2696,63.5092,63.7766,64.061,64.3509,64.6509,64.9474,65.2252,65.4995,65.7734,66.0061,66.1788,66.3255,66.4667,66.6033,66.767,66.9636,67.1721,67.3916,67.6604,67.969,68.2846,68.5776,68.8208,69.0281,69.2522,69.497,69.7297,69.9211,70.0678,70.1833,70.2818,70.3747,70.4576,70.5405,70.63,70.7094,70.7767,70.8422,70.9103,70.9679,70.9948,71

Position pixel : 74.1914,74.1914,74.1914,74.1914,74.1914,74.1914,74.1914,74.1914,74.1914,74.1914,74.1914,74.1914,74.1914,74.1914,74.1914,74.1914,74.1914,74.1914,74.1914,74.1914,74.1914,74.1914,74.1914,74.1914,74.1914,74.1914,74.1914,74.1914,74.1914,74.1914,74.1914,74.1914,74.1914,74.1914,74.1949,74.2105,74.2397,74.2708,74.3,74.3156,74.3191,74.3191,74.3191,74.3191,74.3191,74.3191,74.3191,74.3191,74.3191,74.3191,74.3191,74.3191,74.3191,74.3191,74.3191,74.3191,74.3191,74.3191,74.3191,74.3191,74.3191,74.3191,74.3191,74.3191,74.3191,74.3191,74.3191,74.3191,74.3191,74.3191,74.3191,74.3191,74.3191,74.3156,74.3,74.2708,74.2397,74.2105,74.1949,74.188,74.1724,74.1467,74.1311,74.1276,74.1276,74.1276,74.1276,74.1276,74.1276,74.1276,74.1241,74.1086,74.0829,74.0673,74.0638,74.0603,74.0448,74.0191,74.0035,74,74,74,74,74,74,74,74,74,74,74,74,73.9965,73.9809,73.9518,73.9206,73.888,73.8568,73.8242,73.793,73.7603,73.7292,73.6965,73.6654,73.6327,73.5981,73.5499,73.493,73.4482,73.4257,73.4066,73.3775,73.3463,73.3171,73.3016,73.2981,73.2981,73.2981,73.2981,73.2981,73.2981,73.2981,73.2981,73.2981,73.3016,73.3171,73.3428,73.3619,73.381,73.4101,73.4413,73.4739,73.5051,73.5343,73.5533,73.5759,73.6171,73.6619,73.7,73.7448,73.7895,73.8276,73.8724,73.9171,73.9518,73.9809,73.9965,74,74,74,74,74,74,74,74,74,74,74,74,74,74,74,74,74,74,74,74,74,74,74,74,74.0035,74.0191,74.0448,74.0638,74.0829,74.1086,74.1276,74.1467,74.1724,74.1914,74.2105,74.2362,74.2552,74.2743,74.3,74.3191,74.3381,74.3673,74.3984,74.4311,74.4623,74.4949,74.5261,74.5552,74.5743,74.5934,74.619,74.6381,74.6572,74.6829,74.7019,74.721,74.7467,74.7622,74.7657,74.7657,74.7657,74.7692,74.7848,74.8105,74.8261,74.8295,74.8295,74.8295,74.8295,74.8261,74.8105,74.7848,74.7692,74.7657,74.7657,74.7657,74.7657,74.7657,74.7657,74.7657,74.7657,74.7657,74.7657,74.7657,74.7657,74.7657,74.7657,74.7657,74.7657,74.7657,74.7657,74.7657,74.7657,74.7692,74.7848,74.8105,74.8261,74.8295,74.8295,74.8295,74.8295,74.8295,74.8295,74.8295,74.8295,74.8295,74.8295,74.8295,74.8295,74.8295,74.8295,74.8295,74.8295,74.8295,74.8295,74.8295,74.833,74.8521,74.8933,74.9346,74.9572,74.9762,75.0019,75.0175,75.0244,75.0435,75.0848,75.1295,75.1676,75.2124,75.2571,75.2918,75.3244,75.3556,75.3848,75.4038,75.4229,75.4521,75.4867,75.5349,75.5987,75.6816,75.7832,75.8727,75.9299,75.9816,76.0385,76.0832,76.1023,76.1057,76.1092,76.1248,76.1505,76.1661,76.1696,76.1696,76.1696,76.1696,76.1696,76.1696,76.1696,76.1696,76.1696,76.1661,76.1505,76.1248,76.1092,76.1057,76.1023,76.0867,76.061,76.0454,76.0419,76.0385,76.0229,75.9972,75.9816,75.9781,75.9781,75.9781,75.9781,75.9781,75.9781,75.9781,75.9781,75.9781,75.9781,75.9781,75.9781,75.9781,75.9781,75.9816,75.9972,76.0263,76.0575,76.0867,76.1023,76.1057

Pole type : Curve
Start frame : 1
End frame : 71
Start time (s) : 0.000
End time (s) : 599.390
Time step (s) : 8.563

Feature Information :


Feature number : 1

Time (s) : 327.6041,328.1505,329.0205,329.9799,331.0159,332.3584,333.9083,335.3842,336.6402,337.7926,338.989,340.1683,341.1448,341.9707,342.7398,343.7461,345.0858,346.2525,347.0216,347.5978,348.1442,348.6906,349.2667,349.9763,350.9059,351.9987,353.2249,354.5674,355.8973,357.0767,357.9197,358.4958,358.9088,359.2352,359.6482,360.1946,360.8744,361.6407,362.3503,363.0897,364.0193,365.0823,366.1453,367.1046,367.9477,368.7736,369.6166,370.5462,371.446,372.1854,372.895,373.6613,374.3709,375.1103,376.0399,377.0731,378.0325,378.8755,379.7014,380.5444,381.474,382.3738,383.1132,383.8525,384.7821,385.8451,386.9081,387.8675,388.7403,389.6698,390.5994,391.4722,392.4316,393.4648,394.3944,395.104,395.6801,396.2265,396.8027,397.5123,398.4419,399.5346,400.7609,402.1034,403.463,404.7758,405.8388,406.6377,407.5105,408.6303,409.6933,410.5661,411.392,412.2053,413.0014,413.6812,414.2574,414.774,415.187,415.5134,415.9263,416.443,416.9894,417.5357,418.0821,418.6285,419.1749,419.7213,420.2677,420.8439,421.5237,422.3198,423.1033,423.766,424.1961,424.4756

Position (um) : 7.5526,7.5462,7.537,7.5281,7.5189,7.5073,7.4945,7.4825,7.4716,7.4601,7.4488,7.44,7.4328,7.426,7.4188,7.4104,7.4008,7.3923,7.3852,7.3787,7.3736,7.3699,7.366,7.3607,7.3524,7.3426,7.3324,7.3218,7.3103,7.2994,7.2922,7.2878,7.283,7.2783,7.2738,7.2666,7.2554,7.2425,7.2302,7.2169,7.1986,7.1765,7.1564,7.1404,7.1264,7.1124,7.0968,7.0788,7.0608,7.0451,7.0315,7.0199,7.0111,7.0031,6.993,6.9803,6.9685,6.9583,6.9494,6.9402,6.929,6.9178,6.9086,6.8997,6.8898,6.8793,6.8677,6.8565,6.8473,6.8384,6.8285,6.8184,6.8085,6.8,6.7932,6.788,6.7843,6.7809,6.7768,6.7704,6.7628,6.7567,6.7496,6.74,6.7299,6.72,6.7115,6.7043,6.6975,6.6907,6.6839,6.6771,6.6703,6.6638,6.6587,6.6546,6.6498,6.6451,6.6414,6.6379,6.6342,6.6294,6.6246,6.6206,6.6154,6.609,6.6022,6.5954,6.5886,6.5817,6.5746,6.5661,6.5565,6.5484,6.5433,6.5413

Intensity : 533.218,531.4866,529.134,527.0221,524.9893,522.6852,520.4713,515.4755,511.1316,507.2971,503.7545,500.7726,498.4433,496.4643,494.2613,490.5743,486.0202,482.1763,479.5662,477.5648,475.7932,474.1762,472.5033,470.4919,468.0902,466.2958,464.5325,462.6809,460.8869,459.344,458.2828,457.5783,457.0628,456.6513,456.1536,455.4601,454.6984,454.1488,453.824,453.6838,453.8552,454.5189,455.5163,456.0187,456.1738,455.9144,455.4124,454.8306,454.2358,453.7248,451.5068,449.113,447.2012,445.4198,443.172,440.5003,438.13,436.1596,434.4874,432.8387,430.4725,427.877,425.8434,423.969,421.9514,419.5959,417.1329,415.2801,414.1056,413.3222,412.8215,412.2815,412.0849,412.3174,411.5179,410.1926,409.1735,408.238,407.2733,406.1074,404.6969,403.1855,401.613,400.0733,400.4881,401.6496,402.5527,403.3407,404.2716,405.5261,406.841,408.0679,408.5382,408.0716,407.5242,407.0199,406.6388,406.3033,406.0184,405.8094,405.5058,405.1177,404.6795,404.1995,403.7405,402.7756,401.822,400.8294,399.6465,398.3999,396.9506,395.2228,393.4275,391.882,390.8729,390.2872

Time pixel : 38.2594,38.3232,38.4248,38.5368,38.6578,38.8146,38.9956,39.168,39.3147,39.4492,39.589,39.7267,39.8407,39.9372,40.027,40.1445,40.301,40.4372,40.5271,40.5943,40.6582,40.722,40.7893,40.8721,40.9807,41.1083,41.2515,41.4083,41.5636,41.7013,41.7998,41.8671,41.9153,41.9534,42.0017,42.0655,42.1449,42.2344,42.3172,42.4036,42.5121,42.6363,42.7604,42.8725,42.9709,43.0674,43.1658,43.2744,43.3795,43.4658,43.5487,43.6382,43.7211,43.8074,43.916,44.0366,44.1487,44.2471,44.3436,44.442,44.5506,44.6557,44.742,44.8284,44.9369,45.0611,45.1852,45.2973,45.3992,45.5077,45.6163,45.7182,45.8303,45.9509,46.0595,46.1424,46.2097,46.2735,46.3408,46.4236,46.5322,46.6598,46.803,46.9598,47.1186,47.2719,47.396,47.4893,47.5913,47.7221,47.8462,47.9481,48.0446,48.1396,48.2325,48.3119,48.3792,48.4395,48.4878,48.5259,48.5741,48.6345,48.6983,48.7621,48.8259,48.8897,48.9535,49.0173,49.0811,49.1484,49.2278,49.3208,49.4123,49.4897,49.5399,49.5726

Position pixel : 70.7835,70.7231,70.6371,70.5542,70.4679,70.3593,70.2387,70.1266,70.0247,69.9161,69.8111,69.7282,69.6609,69.5971,69.5298,69.4504,69.3609,69.2815,69.2142,69.1539,69.1057,69.071,69.0349,68.9847,68.9073,68.8158,68.7193,68.6209,68.5123,68.4107,68.3434,68.3018,68.2571,68.2123,68.1707,68.1034,67.9983,67.8777,67.7622,67.6377,67.4653,67.2586,67.0707,66.9205,66.7894,66.6583,66.5116,66.3428,66.1739,66.0272,65.8996,65.791,65.7081,65.6339,65.5389,65.4202,65.3097,65.2132,65.1304,65.044,64.9389,64.8338,64.7475,64.6646,64.5716,64.4732,64.3646,64.2595,64.1732,64.0903,63.9974,63.9024,63.8094,63.73,63.6662,63.618,63.5833,63.5507,63.5126,63.4522,63.3818,63.3246,63.2573,63.1678,63.0728,62.9799,62.9005,62.8332,62.7694,62.7056,62.6418,62.5779,62.5141,62.4538,62.4056,62.3674,62.3227,62.2779,62.2433,62.2107,62.176,62.1313,62.0865,62.0484,62.0002,61.9398,61.876,61.8122,61.7484,61.6846,61.6173,61.5379,61.4484,61.3725,61.3243,61.3052

Brightness max : 400.55
Brightness min : 242.00
Feature direction : Ambiguous
Feature speed : Slow
Feature type : Curve
Start frame : 1
End frame : 71
Start time (s) : 0.000
End time (s) : 599.390
Time step (s) : 8.563

Feature number : 2

Time (s) : 387.6773,388.0604,388.5771,389.1235,389.6996,390.4092,391.3388,392.4316,393.6578,395.0003,396.36,397.7025,398.9287,400.0513,401.1143,402.0736,402.9166,403.7128,404.3926,404.939,405.352,405.6784,406.0913,406.6079,407.1543,407.7007,408.2471,408.7935,409.3399,409.8863,410.4327,410.9791,411.5255,412.0718,412.648,413.3278,414.124,414.967,415.9561,417.1823,418.6583,420.2379,421.7139,422.9699,424.0924,425.1554,426.085,426.7946,427.4005,428.0804,428.8765,429.6898,430.5157,431.3289,432.1251,432.8347,433.5443,434.3404,435.1834,436.1428,437.176,438.1651,439.1714,440.3805,441.7103,443.0231,444.1159,444.9887,445.7848,446.4647,447.011,447.424,447.7206,447.9704,448.1634,448.4898,449.0929,449.743,450.3489,451.0585,451.9583,452.8879,453.7607,454.6903,455.5603,456.1365,456.4926,456.8758,457.259,457.5854,457.9984,458.515,459.0316,459.4148,459.6376,459.964,460.5671,461.1874,461.6301,461.9268,462.2063,462.4732,462.7527,463.0196,463.2991,463.5957,464.0087,464.4955,464.9085,465.2349,465.6479,466.1347,466.5477,466.8443,467.1238,467.3907,467.6702,467.9371,468.2166,468.5132,468.8964,469.2498,469.4428,469.6358,470.019,470.5356,471.082,471.6284,472.145,472.5579,472.9141,473.4605,474.1971,474.8769,475.4531,475.9995,476.5161,476.9291,477.2257,477.5052,477.7721,478.0516,478.3185,478.5682

Position (um) : 7.283,7.283,7.283,7.283,7.2827,7.2806,7.2758,7.2694,7.2626,7.2558,7.2494,7.2442,7.2401,7.235,7.2289,7.2238,7.2197,7.2149,7.2105,7.2081,7.2061,7.2034,7.2013,7.1989,7.1945,7.1897,7.186,7.1826,7.1789,7.1737,7.1673,7.1608,7.1557,7.1516,7.1465,7.14,7.1329,7.1244,7.1145,7.104,7.092,7.0788,7.0655,7.0536,7.0431,7.0335,7.0267,7.0223,7.0171,7.0107,7.0039,6.9971,6.9903,6.9835,6.9763,6.9678,6.9583,6.9494,6.9398,6.9266,6.9106,6.8949,6.8793,6.8629,6.8473,6.832,6.8173,6.8051,6.7948,6.7864,6.7792,6.7728,6.7676,6.7635,6.758,6.7499,6.7396,6.7271,6.7107,6.6927,6.6754,6.6583,6.641,6.6226,6.6049,6.5913,6.5821,6.5749,6.5685,6.563,6.5569,6.5473,6.5365,6.5276,6.5201,6.5109,6.4976,6.4817,6.4671,6.4568,6.4503,6.4432,6.434,6.4255,6.418,6.4091,6.3979,6.3863,6.3758,6.3659,6.3571,6.3482,6.339,6.3322,6.3278,6.3226,6.3166,6.3114,6.3074,6.3026,6.2978,6.2938,6.2886,6.2822,6.275,6.2665,6.257,6.2485,6.2409,6.2325,6.2226,6.212,6.2001,6.1872,6.1756,6.1668,6.1596,6.1532,6.148,6.1443,6.1409,6.1375,6.1344,6.1328

Intensity : 406.0484,404.6521,402.7697,400.7788,398.7261,396.3832,393.5196,390.1526,386.2066,384.2899,382.9014,381.3061,379.7136,378.3139,377.0073,375.7331,374.8242,374.2248,373.72,373.2364,372.8799,372.662,372.2979,371.8294,371.4308,371.0418,370.5843,370.107,369.632,369.2198,368.8573,368.4795,368.7979,369.1167,369.5452,370.1444,370.8336,371.6377,372.5998,373.6926,374.9942,376.309,377.4465,378.5019,379.4586,380.2216,380.7769,381.1509,381.5593,382.061,381.4205,380.6782,379.9295,379.2115,378.5563,378.1296,377.7931,377.2976,376.8061,376.1131,375.523,375.4347,375.573,375.8976,376.4269,377.2477,378.1074,378.996,379.347,379.4796,379.6962,380.01,380.3194,380.5719,381.0398,381.735,382.5901,383.8122,385.2128,386.7484,388.4848,390.5125,392.8539,394.8866,396.124,396.7096,397.1307,397.4536,397.7481,398.0093,398.3019,398.793,399.3809,399.8801,400.3208,400.8682,400.7706,400.4575,400.1861,400.0015,399.8948,399.5966,398.8814,398.2342,397.6051,396.9588,396.0178,394.8245,393.8614,393.1067,392.304,391.4584,390.7676,390.3045,389.9174,389.5578,389.1993,388.8842,388.5796,388.2754,387.9104,387.6518,387.6956,387.8145,387.8458,387.9007,388.1225,388.5136,388.9273,389.4784,390.1949,391.0455,392.1646,393.5469,395.2402,396.6567,397.9031,399.0378,399.9519,400.6688,401.3614,402.0542,402.7195,403.1636

Time pixel : 45.275,45.3198,45.3801,45.4439,45.5112,45.5941,45.7027,45.8303,45.9735,46.1303,46.2891,46.4458,46.589,46.7201,46.8443,46.9563,47.0548,47.1478,47.2272,47.291,47.3392,47.3773,47.4255,47.4859,47.5497,47.6135,47.6773,47.7411,47.8049,47.8687,47.9325,47.9964,48.0602,48.124,48.1913,48.2707,48.3636,48.4621,48.5776,48.7208,48.8932,49.0777,49.25,49.3967,49.5278,49.6519,49.7605,49.8434,49.9141,49.9935,50.0865,50.1815,50.2779,50.3729,50.4659,50.5488,50.6316,50.7246,50.8231,50.9351,51.0558,51.1713,51.2888,51.43,51.5853,51.7386,51.8663,51.9682,52.0612,52.1406,52.2044,52.2526,52.2872,52.3164,52.3389,52.3771,52.4475,52.5234,52.5942,52.677,52.7821,52.8907,52.9926,53.1012,53.2028,53.2701,53.3117,53.3564,53.4012,53.4393,53.4875,53.5479,53.6082,53.6529,53.679,53.7171,53.7875,53.86,53.9117,53.9463,53.9789,54.0101,54.0428,54.0739,54.1066,54.1412,54.1894,54.2463,54.2945,54.3326,54.3809,54.4377,54.486,54.5206,54.5532,54.5844,54.6171,54.6482,54.6809,54.7155,54.7603,54.8015,54.8241,54.8466,54.8914,54.9517,55.0155,55.0793,55.1396,55.1879,55.2295,55.2933,55.3793,55.4587,55.526,55.5898,55.6501,55.6984,55.733,55.7656,55.7968,55.8294,55.8606,55.8898

Position pixel : 68.2571,68.2571,68.2571,68.2571,68.2536,68.2345,68.1898,68.1294,68.0656,68.0018,67.9415,67.8933,67.8551,67.8069,67.7501,67.7018,67.6637,67.619,67.5777,67.5552,67.5361,67.5104,67.4913,67.4688,67.4275,67.3828,67.3481,67.3155,67.2808,67.2326,67.1723,67.112,67.0637,67.0256,66.9774,66.917,66.8498,66.7704,66.6774,66.5789,66.4669,66.3428,66.2186,66.1066,66.0081,65.9186,65.8548,65.8132,65.765,65.7046,65.6408,65.577,65.5132,65.4494,65.3821,65.3027,65.2132,65.1304,65.0405,64.9164,64.7666,64.6199,64.4732,64.3199,64.1732,64.03,63.8923,63.7782,63.6818,63.6024,63.5351,63.4748,63.4265,63.3884,63.3367,63.2608,63.1643,63.0468,62.8935,62.7246,62.5624,62.4021,62.2398,62.0675,61.902,61.7744,61.6881,61.6208,61.5605,61.5087,61.4516,61.3621,61.2605,61.1776,61.1068,61.0205,60.8963,60.7465,60.6102,60.5138,60.4531,60.3859,60.2998,60.2204,60.1497,60.0668,59.9617,59.8532,59.7547,59.6617,59.5789,59.496,59.41,59.3461,59.3046,59.2563,59.1995,59.1512,59.1131,59.0684,59.0236,58.9855,58.9373,58.8769,58.8096,58.7303,58.6408,58.5614,58.4906,58.4112,58.3182,58.2198,58.1077,57.9871,57.8785,57.7956,57.7284,57.668,57.6198,57.5851,57.5525,57.5213,57.4922,57.4766

Brightness max : 400.55
Brightness min : 242.00
Feature direction : Ambiguous
Feature speed : Slow
Feature type : Curve
Start frame : 1
End frame : 71
Start time (s) : 0.000
End time (s) : 599.390
Time step (s) : 8.563

Feature number : 3

Time (s) : 470.1822,470.5654,471.082,471.6879,472.5012,473.4875,474.3008,474.9067,475.4531,476.0293,476.7091,477.5052,478.3483,479.2778,480.1776,480.8872,481.4634,482.0098,482.5264,482.9394,483.2658,483.6787,484.2251,484.9347,485.8941,487.0607,488.2401,489.2165,490.0424,490.7223,491.3282,492.0378,492.9971,494.1936,495.4766,496.5991,497.6649,499.067,500.9432,503.2451,505.7714,508.2933,510.5257,512.6374,514.7932,516.9192,518.8379,520.524,522.146,523.6391,525.0114,526.2674,527.5531,529.0291,530.6087,532.1145,533.5337,535.0096,536.4558,537.7416,538.9976,540.3401,541.7295,543.2055,544.6815,546.1006,547.6064,549.186,550.6917,552.1407,553.7799,555.5795,557.2187,558.6378,559.9506,561.0136,561.7827,562.4923,563.2587,563.9385,564.5147,565.0611,565.6075,566.1539,566.7003,567.2764,567.986,568.9156,569.9191,570.745,571.3978,572.2237,573.2569,574.2902,575.0863,575.5759,576.0484,576.6687,577.3314,577.9247,578.6172,579.4007,580.2266,581.0696,581.9992,582.8692,583.4752,583.9648,584.5977,585.2775,586.0169,586.9465,588.0392,589.2655,590.5485,591.6412,592.5438,593.5329,594.6996,595.8789,596.8851,597.8743,598.9373,600.0301,601.0931,602.0524,602.9252,603.8548,604.7844,605.6274,606.3938,606.9104

Position (um) : 5.858,5.8553,5.8532,5.8512,5.8481,5.8448,5.8416,5.8396,5.8376,5.8348,5.8328,5.8308,5.8277,5.824,5.8192,5.8144,5.8107,5.8076,5.8056,5.8035,5.8008,5.7988,5.7964,5.7916,5.7851,5.7787,5.7736,5.7695,5.7647,5.7603,5.7579,5.7555,5.7511,5.7463,5.7426,5.7391,5.7358,5.7323,5.7286,5.7235,5.7171,5.7102,5.7034,5.6966,5.6898,5.6834,5.6782,5.6742,5.669,5.663,5.6578,5.6534,5.6466,5.6374,5.6289,5.6217,5.6146,5.6061,5.5965,5.5881,5.5809,5.5741,5.5673,5.5605,5.5537,5.5465,5.538,5.5285,5.52,5.5124,5.504,5.4944,5.4859,5.4788,5.4719,5.4655,5.4604,5.4567,5.4532,5.4499,5.4464,5.4431,5.4396,5.4359,5.4307,5.4243,5.4175,5.4107,5.4039,5.3971,5.3902,5.3838,5.3787,5.3746,5.3698,5.365,5.3613,5.3579,5.3542,5.3494,5.3446,5.3406,5.3354,5.3293,5.3246,5.3222,5.3201,5.317,5.3137,5.3102,5.3069,5.3034,5.2997,5.2949,5.2902,5.2865,5.283,5.2796,5.2765,5.2749,5.2741,5.2725,5.2697,5.2677,5.2657,5.2625,5.2592,5.2561,5.2544,5.2541,5.2541,5.2541

Intensity : 434.1141,435.0299,436.1085,437.4885,439.3873,441.6355,443.5343,444.9143,446.1831,447.5936,449.1117,450.8471,452.8016,454.9889,457.5453,459.8088,461.655,463.3774,464.8977,466.1818,467.3706,468.6775,470.3799,472.8767,476.3201,480.3785,483.981,485.1539,486.3933,487.3525,487.8254,488.3506,489.1593,490.1222,491.0504,491.892,492.0066,492.104,492.2259,492.578,492.2224,488.4673,485.253,482.2643,480.6878,480.9486,481.333,481.7661,482.6365,484.2041,485.6283,486.6404,487.6096,489.1144,490.8214,494.1867,497.874,501.9724,506.312,510.2683,514.022,516.1408,517.4468,518.8804,520.4459,521.5777,521.0336,519.5805,518.267,517.3849,516.7909,516.6367,515.1233,511.7494,508.9844,507.1088,505.9807,504.9055,503.7669,502.8832,502.3296,501.8781,501.0515,499.866,498.6355,497.4122,496.2652,495.2611,494.5764,494.2974,494.3251,494.613,495.1732,494.9164,494.4068,494.3513,494.2534,494.027,493.8497,493.9618,494.0715,494.0881,494.3559,493.265,492.343,492.2976,492.4435,492.5172,492.7091,492.9895,493.3849,493.9913,494.8257,495.9296,497.2652,496.3215,495.0015,493.5725,491.8821,490.0891,488.5136,487.0789,485.6781,484.4255,483.3898,482.6184,481.9844,481.2617,480.3602,479.3993,478.4827,477.8647

Time pixel : 54.9104,54.9552,55.0155,55.0863,55.1812,55.2964,55.3914,55.4622,55.526,55.5933,55.6727,55.7656,55.8641,55.9727,56.0777,56.1606,56.2279,56.2917,56.352,56.4003,56.4384,56.4866,56.5504,56.6333,56.7453,56.8816,57.0193,57.1333,57.2298,57.3092,57.38,57.4628,57.5749,57.7146,57.8644,57.9955,58.12,58.2837,58.5029,58.7717,59.0667,59.3612,59.622,59.8686,60.1203,60.3686,60.5927,60.7896,60.979,61.1534,61.3137,61.4603,61.6105,61.7829,61.9674,62.1432,62.3089,62.4813,62.6502,62.8004,62.947,63.1038,63.2661,63.4385,63.6108,63.7766,63.9524,64.1369,64.3128,64.482,64.6734,64.8836,65.075,65.2407,65.3941,65.5182,65.608,65.6909,65.7804,65.8598,65.9271,65.9909,66.0547,66.1185,66.1823,66.2496,66.3325,66.441,66.5582,66.6547,66.7309,66.8274,66.948,67.0687,67.1617,67.2189,67.274,67.3465,67.4239,67.4932,67.574,67.6655,67.762,67.8604,67.969,68.0706,68.1414,68.1986,68.2725,68.3519,68.4382,68.5468,68.6744,68.8176,68.9674,69.0951,69.2005,69.316,69.4522,69.59,69.7075,69.823,69.9471,70.0747,70.1989,70.3109,70.4129,70.5214,70.63,70.7284,70.8179,70.8783

Position pixel : 54.9016,54.8759,54.8569,54.8378,54.8087,54.7775,54.7483,54.7293,54.7102,54.6845,54.6655,54.6464,54.6172,54.5826,54.5378,54.4931,54.4584,54.4293,54.4102,54.3912,54.3655,54.3464,54.3239,54.2791,54.2188,54.1584,54.1102,54.0721,54.0273,53.9861,53.9635,53.941,53.8997,53.855,53.8203,53.7877,53.7565,53.7239,53.6892,53.641,53.5807,53.5169,53.4531,53.3892,53.3254,53.2651,53.2169,53.1788,53.1305,53.0737,53.0254,52.9838,52.92,52.834,52.7546,52.6873,52.62,52.5406,52.4511,52.3718,52.3045,52.2407,52.1768,52.113,52.0492,51.9819,51.9025,51.813,51.7337,51.6629,51.5835,51.494,51.4146,51.3473,51.2835,51.2232,51.1749,51.1403,51.1077,51.0765,51.0438,51.0127,50.98,50.9454,50.8972,50.8368,50.773,50.7092,50.6454,50.5816,50.5178,50.4574,50.4092,50.3711,50.3263,50.2816,50.247,50.2143,50.1797,50.1349,50.0902,50.052,50.0038,49.947,49.9022,49.8797,49.8606,49.8314,49.8003,49.7676,49.7365,49.7038,49.6692,49.6244,49.5797,49.545,49.5124,49.4812,49.4521,49.4365,49.4295,49.4139,49.3882,49.3692,49.3501,49.321,49.2898,49.2606,49.245,49.2416,49.2416,49.2416

Brightness max : 400.55
Brightness min : 242.00
Feature direction : Ambiguous
Feature speed : Slow
Feature type : Curve
Start frame : 1
End frame : 71
Start time (s) : 0.000
End time (s) : 599.390
Time step (s) : 8.563

Feature number : 4

Time (s) : 317.1929,317.6059,318.2559,319.0223,319.7021,320.2783,320.8247,321.3711,321.9175,322.4639,323.0102,323.5566,324.103,324.6494,325.1958,325.7422,326.2886,326.835,327.4111,328.091,328.8573,329.5372,330.1133,330.6597,331.2061,331.7525,332.2989,332.8453,333.3917,333.9381,334.4844,335.0308,335.5772,336.1236,336.67,337.2164,337.7628,338.3092,338.8556,339.402,339.9781,340.6877,341.6173,342.6803,343.7433,344.7027,345.5457,346.3716,347.2146,348.174,349.2072,350.1368,350.8761,351.6155,352.5451,353.5783,354.5079,355.2473,355.9866,356.8864,357.7862,358.5256,359.2352,360.0313,360.8446,361.6407,362.3503,363.0897,363.9895,364.8893,365.6287,366.3383,367.1046,367.7845,368.3606,368.907,369.4534,369.9998,370.5462,371.0926,371.6687,372.3486,373.1745,374.1212,375.1968,376.3067,377.5158,378.7123,379.8348,380.9574,382.1836,383.4964,384.7523,386.0381,387.4843,388.9603,390.3497,391.6624,392.7552,393.6876,394.8101,396.2563,397.8657,399.5346,401.337,403.3594,405.4556,407.285,408.6005,409.6961,411.0386,412.5885,414.0347,415.1274,415.9263,416.7991,417.9189,418.9522,419.6915,420.2677,420.8141,421.3605,421.9069,422.483,423.1926,424.1222,425.1852,426.2482,427.1778,427.8874,428.4635,428.9802,429.3931,429.7195,430.1325,430.6491,431.1955,431.7419,432.2883,432.8347,433.4108,434.1204,435.0202,435.92,436.6296,437.2058,437.7224,438.1354,438.4618,438.8747,439.3914,439.9377,440.5139,441.2235,442.1233,443.0529,443.8959,444.6921,445.3421,445.7848,446.1112,446.5242,447.011,447.424,447.7504,448.1634,448.7098,449.3896,450.156,450.8358,451.4119,451.9583,452.4749,452.8581,453.0213

Position (um) : 5.999,6.0054,6.0146,6.0231,6.0303,6.0367,6.0422,6.0479,6.0558,6.0639,6.0707,6.0762,6.082,6.0895,6.0959,6.1,6.1031,6.1051,6.1072,6.1103,6.1136,6.1167,6.1184,6.1188,6.1188,6.1188,6.1191,6.1208,6.1235,6.1252,6.1256,6.1256,6.1256,6.1256,6.1256,6.1256,6.1256,6.1256,6.1256,6.1256,6.1252,6.1235,6.1204,6.1167,6.112,6.1072,6.1035,6.1,6.0963,6.0915,6.0868,6.0827,6.0775,6.0715,6.0663,6.0623,6.0575,6.0527,6.0486,6.0439,6.0391,6.035,6.0299,6.0234,6.017,6.0119,6.0078,6.0026,5.9962,5.9894,5.983,5.9778,5.9737,5.969,5.9642,5.9601,5.9554,5.9506,5.9465,5.9417,5.937,5.9329,5.9274,5.9193,5.9094,5.8992,5.8889,5.8788,5.8689,5.86,5.8508,5.8396,5.828,5.8172,5.8056,5.794,5.7831,5.7719,5.762,5.7538,5.7436,5.731,5.7187,5.7062,5.6915,5.6766,5.6626,5.6497,5.6398,5.6337,5.6278,5.6197,5.6105,5.6041,5.6013,5.5989,5.5941,5.5877,5.5813,5.5765,5.5741,5.572,5.5689,5.5656,5.5621,5.5584,5.5533,5.5472,5.5421,5.5384,5.5353,5.5332,5.5312,5.5285,5.5268,5.526,5.5244,5.5216,5.52,5.5196,5.5196,5.5196,5.5196,5.5196,5.5196,5.5196,5.5192,5.5176,5.5148,5.5132,5.5124,5.5108,5.508,5.506,5.504,5.5008,5.4975,5.4944,5.4924,5.4903,5.4876,5.4859,5.4852,5.4835,5.4808,5.4788,5.4767,5.4736,5.4699,5.4651,5.4607,5.4587,5.458,5.4563,5.4536

Intensity : 388.7589,389.6114,390.9738,392.6023,394.0685,395.3305,396.5372,397.7592,399.019,400.3003,401.5834,402.8638,404.1548,404.898,405.6752,405.5538,404.9529,404.4207,403.8644,403.1558,402.3642,401.6459,401.1025,400.6713,400.2664,399.8615,399.4295,398.9017,398.2917,397.7593,397.3482,396.9654,396.5825,396.1996,395.8168,395.4339,395.051,394.6682,394.2853,393.9025,393.5266,393.154,392.736,392.362,392.5618,392.7876,392.9553,393.1152,393.2962,393.5567,393.8181,394.0436,393.774,392.8216,391.579,390.345,389.2565,388.4156,387.6419,386.7646,385.9531,385.3357,384.7943,384.1988,383.6301,383.1481,382.7738,382.4939,382.2756,382.2088,382.3176,382.4345,382.406,382.2914,382.4492,383.0394,383.6671,384.3119,384.9485,385.6263,386.3493,387.1602,388.1954,389.5032,391.0871,392.7891,394.6158,396.5473,398.5613,399.5434,400.6555,401.8823,403.1209,404.1756,405.2378,406.5129,407.8843,409.3381,410.6785,410.8677,409.521,407.8375,406.6181,405.9132,405.7526,405.8506,405.5994,405.0159,404.1561,403.6567,403.2177,403.229,403.3142,403.5135,403.7819,404.1258,404.5732,405.021,405.2803,405.1009,404.9508,404.8041,404.6473,404.4816,404.2832,404.0314,403.7349,403.3322,402.637,402.1209,402.4477,403.3386,404.0258,404.4823,405.2223,406.264,407.3066,408.2855,409.3558,410.5192,411.7721,413.315,415.2716,417.2281,418.7711,419.374,419.8196,420.1124,420.2712,420.5472,420.9519,421.3268,421.6537,422.1162,422.7165,423.2426,423.6536,424.0159,424.4162,425.0202,425.3608,425.944,426.7342,427.3174,427.658,428.2099,428.9955,429.9239,430.9546,431.7427,432.3806,433.1662,434.0086,434.5396,434.5943

Time pixel : 37.0435,37.0917,37.1676,37.2571,37.3365,37.4038,37.4676,37.5314,37.5953,37.6591,37.7229,37.7867,37.8505,37.9143,37.9781,38.0419,38.1057,38.1696,38.2368,38.3162,38.4057,38.4851,38.5524,38.6162,38.68,38.7438,38.8077,38.8715,38.9353,38.9991,39.0629,39.1267,39.1905,39.2543,39.3181,39.382,39.4458,39.5096,39.5734,39.6372,39.7045,39.7873,39.8959,40.0201,40.1442,40.2562,40.3547,40.4511,40.5496,40.6616,40.7823,40.8909,40.9772,41.0636,41.1721,41.2928,41.4013,41.4877,41.574,41.6791,41.7842,41.8706,41.9534,42.0464,42.1414,42.2344,42.3172,42.4036,42.5087,42.6137,42.7001,42.783,42.8725,42.9519,43.0191,43.083,43.1468,43.2106,43.2744,43.3382,43.4055,43.4849,43.5813,43.6919,43.8175,43.9471,44.0883,44.2281,44.3592,44.4903,44.6335,44.7868,44.9335,45.0836,45.2525,45.4249,45.5871,45.7405,45.8681,45.977,46.1081,46.277,46.4649,46.6598,46.8703,47.1065,47.3513,47.5649,47.7186,47.8465,48.0033,48.1843,48.3532,48.4808,48.5741,48.6761,48.8068,48.9275,49.0138,49.0811,49.1449,49.2088,49.2726,49.3398,49.4227,49.5313,49.6554,49.7796,49.8881,49.971,50.0383,50.0986,50.1468,50.185,50.2332,50.2935,50.3573,50.4211,50.485,50.5488,50.6161,50.6989,50.804,50.9091,50.992,51.0593,51.1196,51.1678,51.2059,51.2542,51.3145,51.3783,51.4456,51.5285,51.6335,51.7421,51.8406,51.9335,52.0095,52.0612,52.0993,52.1475,52.2044,52.2526,52.2907,52.3389,52.4027,52.4821,52.5716,52.651,52.7183,52.7821,52.8425,52.8872,52.9063

Position pixel : 56.2229,56.2832,56.3693,56.4487,56.516,56.5763,56.628,56.6817,56.7556,56.8315,56.8953,56.947,57.0007,57.0712,57.1315,57.1696,57.1988,57.2179,57.2369,57.2661,57.2973,57.3264,57.342,57.3455,57.3455,57.3455,57.349,57.3645,57.3902,57.4058,57.4093,57.4093,57.4093,57.4093,57.4093,57.4093,57.4093,57.4093,57.4093,57.4093,57.4058,57.3902,57.3611,57.3264,57.2817,57.2369,57.2023,57.1696,57.135,57.0902,57.0455,57.0074,56.9591,56.9023,56.8541,56.8159,56.7712,56.7264,56.6883,56.6436,56.5988,56.5607,56.5125,56.4521,56.3918,56.3436,56.3055,56.2572,56.1969,56.1331,56.0728,56.0245,55.9864,55.9417,55.8969,55.8588,55.814,55.7693,55.7312,55.6864,55.6417,55.6035,55.5518,55.4759,55.3829,55.288,55.1915,55.0965,55.0036,54.9207,54.8343,54.7293,54.6207,54.5188,54.4102,54.3016,54.1997,54.0946,54.0017,53.9254,53.829,53.7118,53.5963,53.4787,53.341,53.2013,53.0702,52.9495,52.8565,52.7994,52.7442,52.6683,52.5822,52.5219,52.4959,52.4734,52.4286,52.3683,52.3079,52.2632,52.2407,52.2216,52.1924,52.1613,52.1286,52.094,52.0457,51.9889,51.9407,51.906,51.8769,51.8578,51.8387,51.813,51.7975,51.7905,51.7749,51.7492,51.7337,51.7302,51.7302,51.7302,51.7302,51.7302,51.7302,51.7302,51.7267,51.7111,51.6854,51.6698,51.6629,51.6473,51.6216,51.6026,51.5835,51.5543,51.5232,51.494,51.4749,51.4559,51.4302,51.4146,51.4076,51.3921,51.3664,51.3473,51.3283,51.2991,51.2644,51.2197,51.1784,51.1594,51.1524,51.1368,51.1111

Brightness max : 400.55
Brightness min : 242.00
Feature direction : Ambiguous
Feature speed : Slow
Feature type : Curve
Start frame : 1
End frame : 71
Start time (s) : 0.000
End time (s) : 599.390
Time step (s) : 8.563

Feature number : 5

Time (s) : 460.9233,461.4102,462.0133,462.5029,463.0791,463.8455,464.6587,465.4549,466.1645,466.8741,467.6404,468.2905,468.7332,469.0894,469.6358,470.3724,471.0522,471.6284,472.1748,472.7509,473.4307,474.1971,474.8769,475.4829,476.1925,477.1518,478.378,479.8242,481.2704,482.5264,483.6192,484.5785,485.4216,486.2177,486.9273,487.6369,488.433,489.2761,490.2354,491.2984,492.3912,493.4244,494.2206,494.74,495.3161,496.023,496.5693,496.9255,497.3087,497.6919,498.0183,498.4313,498.9479,499.4943,500.0407,500.587,501.1037,501.5166,501.8133,502.0928,502.3596,502.6392,502.9656,503.512,504.2784,505.1511,506.2737,507.6603,508.9731,509.9793,510.835,511.6185,512.2812,512.7113,512.9908,513.154,513.347,513.7302,514.217,514.63,514.9266,515.2062,515.5028,515.9157,516.4026,516.8156,517.142,517.5847,518.2347,519.0309,519.8441,520.6403,521.3499,522.0595,522.7961,523.3425,523.6986,524.0818,524.465,524.7914,525.1746,525.5578,525.8842,526.2972,526.784,527.197,527.4936,527.7731,528.0995,528.6161,529.2193,529.7089,530.2851,531.0515,531.8945,532.8538,533.9168,534.9799,535.9094,536.619,537.1952,537.7118,538.1248,538.4512,538.8641,539.351,539.7639,540.0606,540.3401,540.607,540.8567

Position (um) : 4.9746,4.9725,4.9674,4.9585,4.9457,4.931,4.9168,4.9021,4.8888,4.8776,4.866,4.8548,4.8459,4.8384,4.8295,4.818,4.8051,4.7935,4.7843,4.7751,4.7635,4.7502,4.7366,4.723,4.709,4.693,4.6726,4.6481,4.6237,4.6029,4.5852,4.5684,4.5535,4.5412,4.5303,4.518,4.5031,4.4864,4.4691,4.4503,4.4302,4.4102,4.3918,4.3761,4.3622,4.3489,4.3373,4.3281,4.3193,4.3093,4.2988,4.2865,4.2716,4.2552,4.24,4.226,4.2127,4.2012,4.1923,4.1855,4.18,4.1739,4.1636,4.1487,4.1299,4.1071,4.0782,4.0446,4.0133,3.9888,3.9697,3.9544,3.9428,3.9356,3.9312,3.926,3.9196,3.9128,3.906,3.8995,3.8944,3.8903,3.8856,3.8808,3.8767,3.8716,3.8651,3.8583,3.8511,3.8427,3.8331,3.8243,3.8154,3.8059,3.7974,3.7902,3.7834,3.7762,3.7681,3.7599,3.7521,3.7415,3.7269,3.7109,3.6973,3.6864,3.6765,3.6677,3.6585,3.6473,3.636,3.6265,3.6152,3.5985,3.5775,3.5564,3.5387,3.5227,3.5063,3.491,3.4774,3.4658,3.457,3.4494,3.4406,3.4294,3.4182,3.4093,3.4021,3.3957,3.3909

Intensity : 356.1543,355.4894,354.2245,352.2556,348.9877,345.1999,341.5799,338.216,335.5953,333.4516,331.4444,329.8224,328.7419,327.9215,326.9914,325.9736,325.1918,324.8646,324.6639,324.4821,324.2578,324.0192,323.7642,323.5058,323.2884,323.1008,322.7418,322.0105,320.0323,318.3923,317.0112,315.7467,314.6865,313.7922,313.0347,312.2689,311.2413,309.9912,309.1565,308.6467,308.4175,308.5038,308.8747,309.3801,309.9053,310.4899,311.101,311.5,311.8442,312.2578,312.7353,313.2939,313.9785,314.4373,314.8046,315.1609,315.5294,315.8841,316.1723,316.3934,316.5724,316.78,317.1648,316.8424,316.2253,315.4815,314.0642,311.622,307.925,305.042,302.749,300.8595,299.5138,298.78,298.3256,297.8918,297.3602,296.713,295.9713,295.3386,294.8796,294.5112,294.1153,293.6922,293.3032,292.9254,292.5556,292.1755,291.7893,291.4218,291.2338,291.1681,291.1903,291.3003,291.1906,291.0026,290.9001,290.7883,290.6853,290.6102,290.5039,290.4249,290.3081,290.0423,289.7358,289.4681,289.2578,289.0568,288.8222,288.4607,288.0367,287.6565,287.083,286.5181,286.5206,286.6571,286.9815,287.4045,287.9559,288.4417,288.8765,289.292,289.6403,289.931,290.3084,290.7811,290.8538,290.8,290.7362,290.6896,290.6519

Time pixel : 53.8291,53.886,53.9564,54.0136,54.0809,54.1704,54.2654,54.3583,54.4412,54.5241,54.6136,54.6895,54.7412,54.7828,54.8466,54.9326,55.012,55.0793,55.1431,55.2104,55.2898,55.3793,55.4587,55.5295,55.6123,55.7244,55.8676,56.0365,56.2054,56.352,56.4797,56.5917,56.6901,56.7831,56.866,56.9489,57.0418,57.1403,57.2523,57.3765,57.5041,57.6248,57.7177,57.7784,57.8457,57.9282,57.992,58.0336,58.0784,58.1231,58.1613,58.2095,58.2698,58.3336,58.3974,58.4613,58.5216,58.5698,58.6045,58.6371,58.6683,58.7009,58.739,58.8028,58.8923,58.9943,59.1254,59.2873,59.4406,59.5581,59.6581,59.7496,59.827,59.8772,59.9098,59.9289,59.9514,59.9962,60.053,60.1013,60.1359,60.1686,60.2032,60.2514,60.3083,60.3565,60.3946,60.4463,60.5223,60.6152,60.7102,60.8032,60.8861,60.9689,61.0549,61.1188,61.1604,61.2051,61.2499,61.288,61.3327,61.3775,61.4156,61.4638,61.5207,61.5689,61.6035,61.6362,61.6743,61.7346,61.8051,61.8623,61.9296,62.0191,62.1175,62.2295,62.3537,62.4778,62.5864,62.6693,62.7366,62.7969,62.8451,62.8832,62.9315,62.9883,63.0365,63.0712,63.1038,63.135,63.1642

Position pixel : 46.6219,46.6028,46.5546,46.4717,46.351,46.2133,46.0802,45.9425,45.8183,45.7129,45.6044,45.4993,45.4164,45.3457,45.2628,45.1542,45.0336,44.925,44.8387,44.7523,44.6437,44.5196,44.392,44.2644,44.1333,43.9831,43.7917,43.5624,43.3332,43.1383,42.9726,42.8158,42.6761,42.5605,42.4586,42.3431,42.2034,42.0466,41.8843,41.7085,41.5205,41.3326,41.1602,41.0135,40.8824,40.7583,40.6497,40.5634,40.4805,40.3875,40.2891,40.1735,40.0338,39.8805,39.7373,39.6062,39.4821,39.3735,39.2906,39.2268,39.1751,39.1179,39.0215,38.8817,38.7059,38.4919,38.2211,37.9059,37.6128,37.3833,37.2039,37.0607,36.9522,36.8849,36.8433,36.7951,36.7347,36.6709,36.6071,36.5468,36.4985,36.4604,36.4157,36.3709,36.3328,36.2846,36.2242,36.1604,36.0932,36.0138,35.9243,35.8414,35.7585,35.669,35.5896,35.5223,35.4585,35.3912,35.3153,35.2379,35.1652,35.0652,34.929,34.7791,34.6515,34.5496,34.4566,34.3737,34.2874,34.1823,34.0772,33.9874,33.882,33.7252,33.5286,33.3306,33.1648,33.0147,32.8614,32.7182,32.5905,32.482,32.3991,32.3283,32.2455,32.1404,32.0353,31.9524,31.8851,31.8248,31.7801

Brightness max : 400.55
Brightness min : 242.00
Feature direction : Ambiguous
Feature speed : Slow
Feature type : Curve
Start frame : 1
End frame : 71
Start time (s) : 0.000
End time (s) : 599.390
Time step (s) : 8.563

Feature number : 6

Time (s) : 533.3518,533.8484,534.9842,536.3906,537.6042,538.4419,538.9385,539.4479,540.2426,541.2431,542.0679,542.6825,543.2669,543.9262,544.5984,545.2002,545.9025,546.7274,547.7005,548.7787,549.8871,550.9652,551.9383,552.8236,553.8268,555.0403,556.3719,557.6156,558.724,559.6668,560.447,561.302,562.3025,563.1576,563.9377,564.8805,565.9285,566.9016,567.7868,568.7599,569.8079,570.781,571.6662,572.6091,573.5217,574.2717,575.0216,575.9343,576.8771,577.7322,578.5699,579.425,580.398,581.446,582.4191,583.3043,584.2472,585.19,586.0451,586.8828,587.7681,588.8765,590.1476,591.256,592.1715,593.1445,594.2227,595.3009,596.2438,596.9635,597.5479,598.1021,598.6563,599.2105,599.7345,600.1533,600.4542,600.7377,601.0084,601.2617

Position (um) : 2.9876,2.976,2.9464,2.9006,2.8594,2.8362,2.825,2.8145,2.7977,2.7763,2.7592,2.747,2.7352,2.7239,2.7142,2.7031,2.689,2.6752,2.6613,2.6427,2.6199,2.5983,2.5805,2.5654,2.548,2.5281,2.5074,2.487,2.4687,2.4545,2.4428,2.4293,2.4152,2.4041,2.3944,2.3827,2.3692,2.3554,2.342,2.3299,2.3192,2.3088,2.2981,2.2864,2.2746,2.264,2.2535,2.2429,2.2304,2.2156,2.2003,2.1856,2.1686,2.1507,2.1348,2.1206,2.1068,2.093,2.0796,2.0674,2.056,2.0422,2.026,2.0105,1.9967,1.9849,1.9756,1.9666,1.9569,1.9487,1.9431,1.939,1.9338,1.9276,1.9224,1.9187,1.9151,1.9114,1.9065,1.9021

Intensity : 294.1367,293.9333,293.7161,294.0607,295.0695,296.093,296.7557,297.4852,298.4044,299.3594,299.8933,300.2647,300.6215,300.9886,301.3278,301.6752,302.1045,302.5561,302.9827,303.5841,304.4927,305.5778,306.6843,307.7927,309.0387,310.6961,312.7766,313.4861,313.9154,314.26,313.8732,313.456,313.056,312.7779,312.5643,312.3505,312.148,312.0288,312.0434,312.2526,312.6001,313.0692,313.6507,314.4221,315.3245,315.6002,315.727,315.8397,316.0227,316.4862,317.151,317.9493,319.0704,320.4909,321.7878,320.9185,319.9519,319.0138,318.183,317.3979,316.5971,315.6266,314.5368,313.2998,312.0314,310.7337,309.3457,307.9815,306.7995,305.9085,305.1968,304.5301,303.8675,303.211,302.6782,302.3098,302.076,301.8679,301.6944,301.5387

Time pixel : 62.2877,62.3457,62.4783,62.6426,62.7843,62.8821,62.9401,62.9996,63.0924,63.2093,63.3056,63.3774,63.4456,63.5226,63.6011,63.6714,63.7534,63.8498,63.9634,64.0893,64.2188,64.3447,64.4583,64.5617,64.6789,64.8206,64.9761,65.1214,65.2508,65.3609,65.452,65.5519,65.6687,65.7686,65.8597,65.9698,66.0922,66.2058,66.3092,66.4229,66.5452,66.6589,66.7623,66.8724,66.979,67.0665,67.1541,67.2607,67.3708,67.4707,67.5685,67.6684,67.782,67.9044,68.018,68.1214,68.2315,68.3417,68.4415,68.5393,68.6427,68.7722,68.9206,69.0501,69.157,69.2706,69.3965,69.5225,69.6326,69.7166,69.7849,69.8496,69.9143,69.979,70.0402,70.0891,70.1243,70.1574,70.189,70.2186

Position pixel : 27.9997,27.891,27.6143,27.185,26.7989,26.5815,26.4763,26.3781,26.2206,26.02,25.859,25.745,25.6349,25.5283,25.4372,25.3338,25.2012,25.0717,24.942,24.7671,24.554,24.3511,24.185,24.0429,23.8804,23.6933,23.4991,23.3084,23.1371,23.0042,22.8937,22.7678,22.6352,22.5318,22.4407,22.3306,22.2046,22.0752,21.9493,21.8356,21.7358,21.638,21.5381,21.428,21.3179,21.218,21.1202,21.0203,20.9032,20.765,20.6217,20.4832,20.3242,20.1564,20.0076,19.8747,19.7452,19.6158,19.4899,19.3762,19.2693,19.1399,18.9879,18.8426,18.7132,18.6031,18.5155,18.4314,18.3407,18.2637,18.2112,18.1726,18.1236,18.066,18.0171,17.9819,17.9488,17.9137,17.8683,17.8264

Brightness max : 400.55
Brightness min : 242.00
Feature direction : Ambiguous
Feature speed : Slow
Feature type : Curve
Start frame : 1
End frame : 71
Start time (s) : 0.000
End time (s) : 599.390
Time step (s) : 8.563

Feature number : 7

Time (s) : 56.7578,57.49441,58.36444,59.1038,59.84317,60.74297,61.64278,62.38214,63.09174,63.85811,64.56771,65.2773,66.07345,66.88669,67.68284,68.36266,68.90905,69.32202,69.67819,70.22458,70.96119,71.64101,72.24694,72.9863,74.01954,75.16911,76.17533,77.22399,78.61341,80.44279,82.40561,84.23775,86.04012,87.89928,89.70165,91.50402,93.36318,95.10601,96.61175,97.86773,98.99028,100.0533,100.9829,101.6925,102.2686,102.815,103.3614,103.9376,104.6174,105.3838,106.0636,106.6993,107.5721,108.8253,110.1678,111.5005,113.063,114.6426,116.1214,117.7605,119.5899,121.303,122.6753,123.6815,124.5074,125.1872,125.7634,126.3396,127.0492,127.949,128.9083,129.9145,131.1534,132.6465,134.3127,135.7291,136.6317,137.2078,137.591

Position (um) : 6.8309,6.8248,6.8173,6.8116,6.8061,6.8,6.7948,6.7908,6.786,6.7812,6.7772,6.772,6.7659,6.7608,6.7567,6.752,6.7472,6.7435,6.74,6.7359,6.7295,6.722,6.7163,6.7104,6.7023,6.6927,6.6846,6.6787,6.673,6.6651,6.657,6.6498,6.643,6.6362,6.6294,6.6226,6.6162,6.611,6.6073,6.6042,6.6025,6.6018,6.6001,6.5974,6.5957,6.5954,6.5954,6.5954,6.5954,6.5954,6.5954,6.5954,6.5954,6.5957,6.5974,6.6005,6.6042,6.609,6.6138,6.6178,6.623,6.629,6.6342,6.6379,6.641,6.6427,6.6434,6.6451,6.6482,6.6515,6.655,6.6587,6.6638,6.6699,6.675,6.6787,6.6818,6.6835,6.6839

Intensity : 360.1271,361.9354,363.8944,365.5304,367.1351,367.0097,366.7017,366.4817,366.2829,366.1056,365.9729,365.8603,365.7716,365.7223,365.7039,365.7221,366.1623,366.6231,367.0447,367.6997,368.6635,369.6635,370.2506,371.0279,372.1796,373.5427,374.8158,375.7514,373.6739,371.1893,368.8205,366.8651,365.9112,367.5711,369.1978,370.8246,372.4532,372.9928,372.9543,372.9606,372.9506,372.9192,372.9466,373.0526,373.1207,373.2484,374.3131,375.4358,376.7605,378.2539,379.5786,380.8174,382.5181,384.9566,387.5775,389.8076,389.3684,388.8676,388.3354,387.5033,386.3254,384.6384,383.2187,382.2047,381.3773,380.787,380.3507,379.8344,379.1112,378.2612,377.1156,375.6287,373.7478,371.4924,369.1125,367.1465,365.83,364.8497,364.0577

Time pixel : 6.62848,6.71451,6.81611,6.90246,6.98881,7.09389,7.19898,7.28532,7.36819,7.4577,7.54057,7.62344,7.71641,7.81139,7.90437,7.98376,8.04757,8.0958,8.1374,8.20121,8.28723,8.36662,8.43739,8.52373,8.6444,8.77865,8.89617,9.01864,9.1809,9.39454,9.62377,9.83774,10.0482,10.2654,10.4758,10.6863,10.9035,11.107,11.2828,11.4295,11.5606,11.6848,11.7933,11.8762,11.9435,12.0073,12.0711,12.1384,12.2178,12.3073,12.3867,12.4609,12.5628,12.7092,12.866,13.0216,13.2041,13.3886,13.5613,13.7527,13.9664,14.1664,14.3267,14.4442,14.5406,14.62,14.6873,14.7546,14.8375,14.9426,15.0546,15.1721,15.3168,15.4912,15.6858,15.8512,15.9566,16.0239,16.0686

Position pixel : 64.0196,63.9627,63.8923,63.8386,63.7869,63.73,63.6818,63.6437,63.5989,63.5542,63.516,63.4678,63.411,63.3627,63.3246,63.2799,63.2351,63.2005,63.1678,63.1297,63.0694,62.9989,62.9452,62.89,62.8141,62.7246,62.6487,62.5935,62.5398,62.4659,62.39,62.3227,62.2589,62.1951,62.1313,62.0675,62.0071,61.9589,61.9243,61.8951,61.8795,61.8725,61.857,61.8313,61.8157,61.8122,61.8122,61.8122,61.8122,61.8122,61.8122,61.8122,61.8122,61.8157,61.8313,61.8604,61.8951,61.9398,61.9846,62.0227,62.0709,62.1278,62.176,62.2107,62.2398,62.2554,62.2624,62.2779,62.3071,62.3383,62.3709,62.4056,62.4538,62.5107,62.5589,62.5935,62.6227,62.6383,62.6418

Brightness max : 400.55
Brightness min : 242.00
Feature direction : Ambiguous
Feature speed : Slow
Feature type : Curve
Start frame : 1
End frame : 71
Start time (s) : 0.000
End time (s) : 599.390
Time step (s) : 8.563

Feature number : 8

Time (s) : 252.0391,252.3655,253.0723,253.8685,254.6547,255.7304,257.09,258.7292,260.499,261.9452,262.8478,263.4537,264.0001,264.5465,265.0929,265.6393,266.1857,266.7321,267.2785,267.8248,268.401,269.0808,269.8472,270.527,271.1032,271.6496,272.2257,272.9353,273.8649,274.9279,275.9909,276.9205,277.6599,278.3992,279.3288,280.3918,281.4548,282.3844,283.094,283.6999,284.3797,285.1461,285.8259,286.4319,287.1117,287.8781,288.5579,289.1341,289.7102,290.39,291.1266,291.673,292.0292,292.4124,292.7658

Position (um) : 6.3931,6.3955,6.3951,6.3907,6.3843,6.3767,6.3662,6.3519,6.3374,6.3254,6.317,6.3114,6.3074,6.3022,6.2962,6.291,6.2869,6.2814,6.2733,6.2638,6.2549,6.2461,6.2365,6.2281,6.2209,6.2141,6.2073,6.2001,6.1916,6.1821,6.1736,6.1668,6.1616,6.1576,6.1524,6.1464,6.1416,6.1392,6.1372,6.1344,6.1324,6.1303,6.1276,6.1256,6.1235,6.1208,6.1191,6.1184,6.1167,6.114,6.112,6.1099,6.1072,6.1055,6.1051

Intensity : 356.3876,357.1292,358.9009,361.0584,363.3187,366.438,370.6849,376.9333,383.8976,389.8038,393.6756,396.3061,398.6232,401.0704,403.6416,405.1512,405.7365,406.3223,406.9068,407.518,408.2191,409.1082,410.1734,411.172,412.0577,412.9312,413.8835,415.0865,416.7131,416.5703,416.0319,415.6401,415.3688,415.1948,414.9924,414.7738,414.6713,414.7168,414.2532,413.6573,413.0661,412.4282,411.8257,411.3224,410.7818,410.168,409.6692,409.2787,408.8604,408.3532,407.8484,406.0164,404.7833,403.4952,402.3365

Time pixel : 29.4345,29.4726,29.5552,29.6481,29.7399,29.8656,30.0244,30.2158,30.4225,30.5914,30.6968,30.7675,30.8314,30.8952,30.959,31.0228,31.0866,31.1504,31.2142,31.278,31.3453,31.4247,31.5142,31.5936,31.6609,31.7247,31.792,31.8749,31.9834,32.1076,32.2317,32.3403,32.4266,32.513,32.6215,32.7457,32.8698,32.9784,33.0612,33.132,33.2114,33.3009,33.3803,33.4511,33.5305,33.62,33.6993,33.7666,33.8339,33.9133,33.9993,34.0632,34.1047,34.1495,34.1908

Position pixel : 59.917,59.9392,59.9357,59.8944,59.8341,59.7633,59.6649,59.5306,59.3944,59.2823,59.2029,59.1512,59.1131,59.0649,59.008,58.9598,58.9217,58.87,58.7941,58.7046,58.6217,58.5388,58.4493,58.3699,58.3026,58.2388,58.175,58.1077,58.0283,57.9388,57.8594,57.7956,57.7474,57.7093,57.6611,57.6042,57.5595,57.5369,57.5179,57.4922,57.4731,57.454,57.4284,57.4093,57.3902,57.3645,57.349,57.342,57.3264,57.3007,57.2817,57.2626,57.2369,57.2213,57.2179

Brightness max : 400.55
Brightness min : 242.00
Feature direction : Ambiguous
Feature speed : Slow
Feature type : Curve
Start frame : 1
End frame : 71
Start time (s) : 0.000
End time (s) : 599.390
Time step (s) : 8.563

Feature number : 9

Time (s) : 154.3687,154.8412,155.8176,157.3206,158.8705,160.1562,161.249,162.1786,162.9179,163.6275,164.3939,165.0737,165.6499,166.1963,166.7129,167.1259,167.4523,167.8652,168.3521,168.7948,169.2844,170.0805,171.1733,172.533,174.0657,175.3956,176.3847,177.0943,177.6705,178.2169,178.8228,179.7254,181.1418,182.7484,183.9449,184.5806,184.9367,185.3497,185.8663,186.4127,186.9889,187.6985,188.5983,189.4981,190.2077,190.8136,191.4934,192.2598,192.9396,193.5158,194.0919,194.7718,195.5381,196.1882,196.6309,196.9573,197.3405,197.7237,198.0203,198.2999,198.5667,198.8165

Position (um) : 6.5613,6.5621,6.5658,6.5736,6.5834,6.5933,6.6014,6.6069,6.611,6.6158,6.6206,6.6243,6.6277,6.6311,6.6346,6.6379,6.6414,6.6451,6.6502,6.657,6.6659,6.6774,6.6911,6.7071,6.7271,6.7496,6.7696,6.7849,6.7956,6.8033,6.8127,6.8273,6.8508,6.8802,6.9057,6.9203,6.9273,6.9327,6.9389,6.945,6.9538,6.9665,6.9803,6.9947,7.0059,7.012,7.0155,7.0175,7.0195,7.0223,7.0239,7.0243,7.0243,7.0239,7.0223,7.0195,7.0175,7.0155,7.0123,7.009,7.0059,7.0042

Intensity : 354.7474,354.2095,353.0637,351.282,349.4499,347.9329,346.6692,345.6232,345.0621,345.0927,344.9953,344.9554,344.9269,344.9155,344.9093,344.9009,344.8805,344.8862,344.8927,344.8747,344.862,344.9627,345.2547,344.737,344.2793,343.883,343.7998,343.8773,344.0153,344.1849,344.4373,344.9398,343.3033,341.6405,340.7182,340.3621,340.2071,340.0555,339.8619,339.6482,339.4314,339.1924,339.0296,339.1164,339.1453,339.161,339.1823,339.2098,339.2263,339.2241,339.2284,339.2504,339.2804,339.3123,339.36,339.4066,338.9732,338.5433,338.2453,337.9766,337.7226,337.4596

Time pixel : 18.028,18.0832,18.1972,18.3727,18.5537,18.7039,18.8315,18.9401,19.0264,19.1093,19.1988,19.2782,19.3455,19.4093,19.4696,19.5179,19.556,19.6042,19.6611,19.7128,19.7699,19.8629,19.9905,20.1493,20.3283,20.4836,20.5992,20.682,20.7493,20.8131,20.8839,20.9893,21.1547,21.3423,21.4821,21.5563,21.5979,21.6461,21.7065,21.7703,21.8376,21.9204,22.0255,22.1306,22.2135,22.2842,22.3636,22.4531,22.5325,22.5998,22.6671,22.7465,22.836,22.9119,22.9636,23.0017,23.0465,23.0912,23.1259,23.1585,23.1897,23.2189

Position pixel : 61.4932,61.5001,61.5348,61.6087,61.7002,61.7932,61.8691,61.9208,61.9589,62.0036,62.0484,62.083,62.1157,62.1468,62.1795,62.2107,62.2433,62.2779,62.3262,62.39,62.4729,62.5814,62.709,62.8592,63.0471,63.2573,63.4453,63.5885,63.6884,63.7612,63.849,63.9856,64.2062,64.4818,64.7212,64.8577,64.9233,64.9736,65.0319,65.0891,65.172,65.2906,65.4202,65.5545,65.6596,65.7168,65.7494,65.7685,65.7875,65.8132,65.8288,65.8323,65.8323,65.8288,65.8132,65.7875,65.7685,65.7494,65.7202,65.6891,65.6599,65.6443

Brightness max : 400.55
Brightness min : 242.00
Feature direction : Ambiguous
Feature speed : Slow
Feature type : Curve
Start frame : 1
End frame : 71
Start time (s) : 0.000
End time (s) : 599.390
Time step (s) : 8.563

Feature number : 10

Time (s) : 205.7591,206.2757,207.0123,207.7219,208.4911,209.5541,210.8371,212.0633,213.1858,214.2488,215.1486,215.7248,216.0512,216.3307,216.6274,217.0403,217.5569,218.1331,218.8129,219.5793,220.2889,220.9687,221.6314,222.2247,222.8874,223.5375,224.1434,224.853,225.7826,226.8158,227.7454,228.4848,229.1943,229.9309,230.4476

Position (um) : 6.9218,6.9198,6.9154,6.9098,6.9025,6.8915,6.88,6.8697,6.8609,6.8521,6.8425,6.8344,6.8289,6.8248,6.82,6.8153,6.8112,6.8057,6.7976,6.788,6.7792,6.7704,6.7608,6.7523,6.7452,6.7383,6.7312,6.722,6.7076,6.6866,6.6627,6.6414,6.6206,6.6005,6.5873

Intensity : 331.9453,331.8494,331.7709,331.7835,331.9258,332.3381,333.0453,333.9506,334.9534,336.1468,337.5364,338.6476,339.3815,339.7018,340.0717,340.5618,341.1473,341.8879,342.9143,344.2112,345.5262,346.915,348.4405,349.8939,350.8286,350.8148,350.8521,350.9216,349.8833,348.7498,347.7733,347.0518,346.4233,345.225,344.3543

Time pixel : 24.0297,24.09,24.176,24.2589,24.3487,24.4729,24.6227,24.7659,24.897,25.0211,25.1262,25.1935,25.2316,25.2643,25.2989,25.3471,25.4075,25.4748,25.5542,25.6437,25.7265,25.8059,25.8833,25.9526,26.03,26.1059,26.1767,26.2595,26.3681,26.4888,26.5973,26.6837,26.7666,26.8526,26.9129

Position pixel : 64.8716,64.8526,64.8113,64.7596,64.6903,64.5872,64.4801,64.3837,64.3008,64.218,64.1284,64.0525,64.0008,63.9627,63.918,63.8732,63.8351,63.7834,63.7075,63.618,63.5351,63.4522,63.3627,63.2833,63.216,63.1522,63.0849,62.9986,62.864,62.6674,62.4437,62.2433,62.0484,61.8608,61.7366

Brightness max : 400.55
Brightness min : 242.00
Feature direction : Ambiguous
Feature speed : Slow
Feature type : Curve
Start frame : 1
End frame : 71
Start time (s) : 0.000
End time (s) : 599.390
Time step (s) : 8.563

Feature number : 11

Time (s) : 97.54409,97.92728,98.44389,98.99028,99.56645,100.2463,101.0424,101.8557,102.6816,103.4948,104.291,104.9708,105.5767,106.2566,107.0229,107.7028,108.3087,108.9885,109.7549,110.4347,111.0109,111.5573,112.1036,112.65,113.1964,113.7428,114.319,114.9988,115.795,116.6677,117.7903,119.2067,120.6827,122.0721,123.4146,124.6409,125.7336,126.6632,127.343,127.7858,128.0824,128.3619,128.6586,129.0417,129.4249,129.7513,130.1643,130.6809,131.2273,131.7737,132.3201,132.8665,133.4129,133.989,134.6688,135.4352,136.115,136.6912,137.2376,137.784,138.3304,138.8768,139.4232,139.9695,140.5159,141.0623,141.5789,141.9919,142.3481,142.8945,143.6311,144.3704,145.2432,146.3928,147.5892,148.7118,149.7748,150.7044,151.414,151.9901,152.5365,153.0829,153.5995,154.0125,154.3091,154.5887,154.8853,155.328,155.9781,156.7742,157.6172,158.5468,159.4466,160.186,160.8956,161.662,162.3418,162.9179,163.4643,164.0107,164.5273,164.9403,165.2965,165.8429,166.5795,167.2891,168.0582,169.151,170.5674,171.9838,173.1361,174.2317,175.7374,177.6407,179.4403,180.7261,181.6286,182.4545,183.2976,184.2569,185.2902,186.2197,186.9293,187.5353,188.2151,189.0112,189.8245,190.6206,191.3302,192.0398,192.8062,193.486,194.0622,194.5788,194.9918,195.3182,195.7311,196.2775,196.9573,197.7237,198.4035,198.9797,199.5261,200.1022,200.8118,201.7414,202.8044,203.8972,205.0197,206.246,207.5587,208.7552,209.7145,210.4836,211.3862,212.6692,214.0856,215.3416,216.4344,217.3937,218.2665,219.1961,220.0959,220.8055,221.3817,221.9281,222.4745,223.0209,223.5672,224.1136,224.6898,225.3994,226.329,227.4217,228.6182,229.8273,230.9967,232.3393,233.7855,235.1749,236.4876,237.5506,238.29,238.8662,239.4126,239.9589,240.4756,240.8885,241.1852,241.4647,241.7613,242.1743,242.6909,243.2968,244.1101,245.0964,245.9097,246.5752,247.3884,248.4046,249.3512,250.2069,251.0202,251.8163,252.4961,253.0723,253.6485,254.3283,255.1244,255.9377,256.7338,257.4137,257.9898,258.5362,259.0826,259.629,260.1754,260.7813,261.6243,262.7739,263.9703,265.0929,266.1559,267.1153,267.9583,268.7246,269.2413

Position (um) : 7.5145,7.5145,7.5145,7.5145,7.5145,7.5141,7.5125,7.5094,7.5057,7.5005,7.4941,7.4877,7.4825,7.4784,7.4733,7.4669,7.4601,7.4532,7.4468,7.4417,7.438,7.4345,7.4312,7.4277,7.4243,7.4209,7.4172,7.4124,7.4076,7.4032,7.3964,7.3868,7.3767,7.3668,7.3583,7.3511,7.3443,7.3379,7.3327,7.329,7.3255,7.3222,7.3191,7.3171,7.3147,7.3103,7.3055,7.3018,7.2983,7.295,7.2915,7.2882,7.2851,7.2834,7.283,7.2827,7.281,7.2783,7.2766,7.2762,7.2762,7.2762,7.2762,7.2762,7.2762,7.2762,7.2766,7.2783,7.281,7.283,7.2854,7.2898,7.2946,7.2987,7.3038,7.3103,7.3171,7.3239,7.3303,7.3355,7.3399,7.3463,7.3539,7.3592,7.3631,7.3671,7.3739,7.3839,7.3968,7.4148,7.4352,7.4525,7.4669,7.4805,7.4941,7.5077,7.5213,7.5346,7.5462,7.5546,7.5601,7.5638,7.567,7.5686,7.569,7.569,7.569,7.5694,7.571,7.5738,7.5754,7.5758,7.5758,7.5758,7.5758,7.5758,7.5758,7.5758,7.5758,7.5758,7.5758,7.5758,7.5758,7.5758,7.5758,7.5758,7.5754,7.5738,7.5707,7.5673,7.5638,7.5601,7.5554,7.5506,7.5465,7.5414,7.5349,7.5278,7.5193,7.5101,7.5033,7.4992,7.4958,7.4921,7.4865,7.4784,7.4689,7.4604,7.4532,7.4464,7.4396,7.4332,7.428,7.424,7.4188,7.4124,7.4056,7.3988,7.3923,7.3868,7.3815,7.3752,7.3702,7.3664,7.3631,7.3596,7.3559,7.3511,7.3463,7.3426,7.3392,7.3355,7.3303,7.3239,7.3174,7.3127,7.3106,7.3103,7.3103,7.3103,7.3103,7.3106,7.3127,7.3171,7.3218,7.3255,7.329,7.3327,7.3379,7.3443,7.3507,7.3559,7.3603,7.3675,7.3783,7.3896,7.3988,7.408,7.4192,7.4308,7.4413,7.4512,7.4597,7.4669,7.4733,7.4784,7.4825,7.4877,7.4941,7.5013,7.5097,7.5189,7.5257,7.5305,7.537,7.5441,7.5478,7.5486,7.5486,7.5486,7.5486,7.5482,7.5465,7.5434,7.5401,7.537,7.5353

Intensity : 457.1387,457.7718,458.6253,459.528,460.4799,461.3994,461.8054,461.4547,460.8187,458.542,455.5605,452.5925,450.3189,448.7081,446.6665,444.3859,442.82,441.3867,440.2188,439.4086,438.9524,438.6625,438.5503,438.3811,438.2449,438.051,437.8262,437.4217,437.1627,437.0879,436.6216,435.6671,432.6595,428.2989,424.6535,421.685,418.9846,416.5647,414.7117,413.4324,412.3348,411.2962,410.6678,410.5108,410.2613,409.4698,408.6596,408.2004,407.8153,407.4651,407.0717,406.7134,406.4043,406.4786,406.9621,407.5184,407.6752,407.4695,407.1696,406.7445,406.4131,406.0817,405.7503,405.4189,405.0875,404.7562,404.5349,404.6959,405.1567,405.324,405.4628,406.0858,406.7086,406.7436,406.8838,407.372,407.9721,408.6696,409.4697,410.086,410.5576,411.4728,412.6472,413.4276,413.4151,413.1547,413.4391,413.8092,413.9799,414.6862,415.7285,415.7146,415.1614,417.6029,420.6918,423.6127,426.9511,431.1944,435.708,438.859,440.7342,441.923,442.9241,443.036,442.3261,441.4766,440.5557,439.4248,438.5366,437.958,437.0129,435.5489,433.2624,430.3722,427.6395,427.7047,428.3375,428.9165,429.5074,430.18,430.9043,431.556,432.0534,432.4782,432.9548,435.0614,437.4183,439.0796,439.6964,440.1581,440.662,440.7389,439.873,438.78,437.7329,435.8087,433.3678,430.8138,427.7663,423.138,419.7411,417.8151,416.1839,414.4276,411.6607,407.4492,402.3811,399.6146,397.2691,395.9009,395.1543,394.2887,393.5407,392.9276,391.9986,390.9868,389.8756,386.7388,383.9228,381.6223,379.4779,377.0841,375.2902,373.9691,372.8602,371.9102,370.9605,369.5766,368.1405,367.03,365.9795,364.8608,363.2816,361.2742,359.2379,357.7084,357.0517,356.7936,356.6205,356.4543,356.2972,356.2865,356.8329,358.1316,359.5384,360.3335,360.632,361.125,362.2078,363.6771,365.0905,365.8998,366.2931,367.3758,369.1806,370.6941,371.86,373.2487,374.8596,376.2887,379.6017,382.6963,385.3538,387.632,390.2761,392.6482,394.5655,396.9739,399.9678,403.2807,407.1323,411.2006,414.2707,416.5122,419.4888,422.8129,424.6631,425.2532,425.6203,426.1208,426.6418,426.9574,427.9553,428.6983,429.0885,429.4127,429.8375

Time pixel : 11.3917,11.4365,11.4968,11.5606,11.6279,11.7073,11.8003,11.8953,11.9917,12.0867,12.1797,12.2591,12.3298,12.4092,12.4987,12.5781,12.6489,12.7283,12.8178,12.8972,12.9644,13.0283,13.0921,13.1559,13.2197,13.2835,13.3508,13.4302,13.5232,13.6251,13.7562,13.9216,14.094,14.2562,14.413,14.5562,14.6839,14.7924,14.8718,14.9235,14.9582,14.9908,15.0254,15.0702,15.1149,15.1531,15.2013,15.2616,15.3254,15.3892,15.4531,15.5169,15.5807,15.648,15.7274,15.8169,15.8962,15.9635,16.0273,16.0912,16.155,16.2188,16.2826,16.3464,16.4102,16.474,16.5344,16.5826,16.6242,16.688,16.774,16.8604,16.9623,17.0965,17.2363,17.3674,17.4915,17.6001,17.6829,17.7502,17.814,17.8778,17.9382,17.9864,18.0211,18.0537,18.0883,18.14,18.216,18.3089,18.4074,18.516,18.621,18.7074,18.7903,18.8798,18.9591,19.0264,19.0902,19.1541,19.2144,19.2626,19.3042,19.368,19.454,19.5369,19.6267,19.7544,19.9198,20.0852,20.2198,20.3477,20.5236,20.7458,20.956,21.1062,21.2116,21.308,21.4065,21.5185,21.6392,21.7477,21.8306,21.9014,21.9808,22.0738,22.1687,22.2617,22.3446,22.4274,22.5169,22.5963,22.6636,22.724,22.7722,22.8103,22.8585,22.9223,23.0017,23.0912,23.1706,23.2379,23.3017,23.369,23.4519,23.5605,23.6846,23.8122,23.9433,24.0865,24.2398,24.3796,24.4916,24.5814,24.6868,24.8367,25.0021,25.1488,25.2764,25.3884,25.4903,25.5989,25.704,25.7869,25.8541,25.918,25.9818,26.0456,26.1094,26.1732,26.2405,26.3234,26.4319,26.5595,26.6993,26.8405,26.977,27.1338,27.3027,27.465,27.6183,27.7424,27.8288,27.8961,27.9599,28.0237,28.084,28.1323,28.1669,28.1995,28.2342,28.2824,28.3428,28.4135,28.5085,28.6237,28.7187,28.7964,28.8914,29.01,29.1206,29.2205,29.3155,29.4085,29.4879,29.5552,29.6224,29.7018,29.7948,29.8898,29.9828,30.0622,30.1294,30.1933,30.2571,30.3209,30.3847,30.4554,30.5539,30.6882,30.8279,30.959,31.0831,31.1952,31.2936,31.3831,31.4434

Position pixel : 70.4266,70.4266,70.4266,70.4266,70.4266,70.4231,70.4076,70.3784,70.3437,70.2955,70.2352,70.1749,70.1266,70.0885,70.0403,69.9799,69.9161,69.8523,69.792,69.7438,69.7091,69.6765,69.6453,69.6127,69.5815,69.5489,69.5142,69.4695,69.4247,69.3831,69.3193,69.2298,69.1348,69.0418,68.9625,68.8952,68.8314,68.771,68.7228,68.6882,68.6555,68.6243,68.5952,68.5761,68.5536,68.5123,68.4676,68.4329,68.4003,68.3691,68.3365,68.3053,68.2761,68.2605,68.2571,68.2536,68.238,68.2123,68.1967,68.1933,68.1933,68.1933,68.1933,68.1933,68.1933,68.1933,68.1967,68.2123,68.238,68.2571,68.2796,68.3209,68.3656,68.4037,68.452,68.5123,68.5761,68.6399,68.7003,68.7485,68.7901,68.8504,68.9209,68.9711,69.0072,69.0453,69.1091,69.2021,69.3231,69.492,69.6831,69.8454,69.9799,70.1076,70.2352,70.3628,70.4904,70.6146,70.7231,70.8025,70.8542,70.8889,70.918,70.9336,70.9371,70.9371,70.9371,70.9406,70.9562,70.9819,70.9974,71.0009,71.0009,71.0009,71.0009,71.0009,71.0009,71.0009,71.0009,71.0009,71.0009,71.0009,71.0009,71.0009,71.0009,71.0009,70.9974,70.9819,70.9527,70.9215,70.8889,70.8542,70.8095,70.7647,70.7266,70.6784,70.618,70.5508,70.4714,70.3853,70.3215,70.2834,70.2508,70.2161,70.1644,70.0885,69.999,69.9196,69.8523,69.7885,69.7247,69.6644,69.6161,69.578,69.5298,69.4695,69.4057,69.3418,69.2815,69.2298,69.1796,69.1212,69.0745,69.0384,69.0072,68.9746,68.9399,68.8952,68.8504,68.8158,68.7831,68.7485,68.7003,68.6399,68.5796,68.5348,68.5158,68.5123,68.5123,68.5123,68.5123,68.5158,68.5348,68.5761,68.6209,68.6555,68.6882,68.7228,68.771,68.8314,68.8917,68.9399,68.9815,69.0488,69.1504,69.2555,69.3418,69.4282,69.5333,69.6418,69.7403,69.8333,69.9127,69.9799,70.0403,70.0885,70.1266,70.1749,70.2352,70.3025,70.3819,70.4679,70.5317,70.5768,70.6371,70.7041,70.7387,70.7457,70.7457,70.7457,70.7457,70.7422,70.7266,70.6974,70.6663,70.6371,70.6215

Brightness max : 400.55
Brightness min : 242.00
Feature direction : Ambiguous
Feature speed : Slow
Feature type : Curve
Start frame : 1
End frame : 71
Start time (s) : 0.000
End time (s) : 599.390
Time step (s) : 8.563

Feature number : 12

Time (s) : 528.6161,528.8957,529.296,529.855,530.5817,531.6276,532.7943,533.9168,535.0096,536.0726,537.0022,537.682,538.1248,538.4512,538.8641,539.3807,539.8974,540.3103,540.6367,541.0199,541.3733,541.5365,541.5961,541.7295,541.9495,542.1127,542.3057,542.6591,543.0423,543.3389,543.6184,543.8853,544.1648,544.4317,544.7112,544.9781,545.2278,545.3613

Position (um) : 6.4391,6.4415,6.448,6.4583,6.4725,6.4919,6.5137,6.5365,6.5609,6.5837,6.6011,6.6134,6.6226,6.6318,6.6438,6.6594,6.6798,6.7043,6.7284,6.7468,6.758,6.7659,6.7744,6.7843,6.7948,6.8072,6.8225,6.8405,6.8581,6.8717,6.8806,6.8861,6.8902,6.8957,6.9034,6.9113,6.9167,6.9201

Intensity : 358.8289,358.8713,358.781,358.6259,358.4598,357.4534,355.7894,353.9622,352.3357,351.0807,350.3094,349.8696,349.6475,349.4679,349.2905,349.1464,347.781,346.4101,345.4687,344.9619,344.4492,344.2838,344.3448,344.3036,344.1325,344.1304,344.1739,344.6296,345.4244,346.1172,346.5023,346.6597,346.7014,346.9076,347.3325,347.8218,348.116,348.344

Time pixel : 61.7346,61.7673,61.814,61.8793,61.9642,62.0863,62.2226,62.3537,62.4813,62.6055,62.714,62.7934,62.8451,62.8832,62.9315,62.9918,63.0521,63.1004,63.1385,63.1832,63.2245,63.2436,63.2505,63.2661,63.2918,63.3108,63.3334,63.3747,63.4194,63.4541,63.4867,63.5179,63.5505,63.5817,63.6143,63.6455,63.6747,63.6902

Position pixel : 60.3481,60.3706,60.4309,60.5274,60.6605,60.843,61.0465,61.2605,61.4897,61.7033,61.8656,61.9811,62.0675,62.1538,62.2658,62.4125,62.604,62.8332,63.0589,63.2313,63.3367,63.411,63.4903,63.5833,63.6818,63.7973,63.9405,64.1094,64.2748,64.4024,64.4853,64.537,64.5751,64.6268,64.6993,64.7732,64.8234,64.8561

Brightness max : 400.55
Brightness min : 242.00
Feature direction : Ambiguous
Feature speed : Slow
Feature type : Curve
Start frame : 1
End frame : 71
Start time (s) : 0.000
End time (s) : 599.390
Time step (s) : 8.563

Feature number : 13

Time (s) : 487.4727,488.7146,490.7298,492.913,495.0388,497.1445,498.8793,500.0464,500.7952,501.439,502.2626,503.2917,504.2806,505.2823,506.3287,507.2701,508.0189,508.7376,509.5137,510.2323,510.9811,511.9226,512.969,513.9104,514.629,515.2125,515.7659,516.3192,516.8424,517.2908,517.7565,518.3975,519.086,519.8047,520.5808,521.2693,521.8528,522.4062,522.9595,523.5129,524.0662,524.6196,525.1729,525.7263,526.2796,526.833,527.3863,527.9397,528.4629,528.8811,529.2117,529.5998,529.9878,530.3486,530.9019,531.6781,532.4715,533.1427,533.6084,534.0568,534.5498,534.968,535.2685,535.5515,535.8218,536.1049,536.4053,536.8235,537.3467,537.8699,538.2882,538.5886,538.8717,539.1419,539.425,539.7254,540.1437,540.6669,541.2202,541.8037,542.4621,543.1031,543.5688,544.0172,544.5404,545.0937,545.6471,546.2004,546.7538,547.3071,547.8605,548.444,549.1325,549.9086,550.5971,551.1806,551.734,552.2873,552.8105,553.2288,553.5292,553.7821

Position (um) : 7.1629,7.1658,7.174,7.1864,7.1983,7.2088,7.217,7.2226,7.2267,7.2319,7.2384,7.2457,7.2546,7.2664,7.2794,7.2915,7.3022,7.3122,7.3208,7.3281,7.3353,7.3443,7.3556,7.367,7.3759,7.3828,7.3881,7.3918,7.3953,7.3987,7.4018,7.4039,7.4063,7.4108,7.4153,7.4173,7.4177,7.4177,7.4181,7.4198,7.4225,7.4242,7.4246,7.4246,7.4246,7.4246,7.4246,7.4246,7.4242,7.4225,7.4198,7.4177,7.4156,7.4125,7.4087,7.4035,7.397,7.3905,7.3853,7.3815,7.378,7.3746,7.3711,7.3677,7.3642,7.3601,7.3532,7.3439,7.3353,7.3281,7.3215,7.3163,7.3122,7.307,7.3008,7.2953,7.2891,7.279,7.2664,7.2543,7.2436,7.234,7.2271,7.2226,7.2174,7.2108,7.2039,7.1974,7.1922,7.1881,7.1833,7.1784,7.1743,7.1695,7.1646,7.1605,7.1557,7.1512,7.1488,7.1467,7.1439,7.1423

Intensity : 373.4897,374.5144,374.2228,373.747,373.2328,372.4479,371.1886,370.4278,369.9694,369.5835,369.1444,368.6793,368.318,367.5396,366.346,365.2845,364.4232,363.6185,362.8416,362.1568,361.4649,360.6176,359.6568,358.7203,358.4333,358.2676,358.2308,358.3129,358.4079,358.4817,358.5923,358.89,359.2112,359.4691,359.7951,360.1897,360.5879,360.9095,360.8,360.6436,360.4503,360.2987,360.194,360.1025,360.011,359.9194,359.8279,359.7364,359.6614,359.6431,359.6708,359.6654,359.6582,359.6855,359.6887,359.5076,359.3447,359.2239,359.1518,359.0458,358.9109,358.8024,358.7484,358.6964,358.6519,358.6629,358.8435,359.1032,359.3135,359.4866,359.68,359.8581,359.9924,360.1984,360.4625,360.6901,360.9349,361.4155,362.1043,362.7697,363.064,363.3552,363.5789,363.7258,363.9072,364.1527,364.4297,364.7073,364.943,365.1418,365.384,365.1337,364.5282,363.8155,363.1667,362.589,362.0414,361.4558,360.8292,360.1482,359.5623,359.1104

Time pixel : 56.9297,57.0747,57.3101,57.565,57.8133,58.0592,58.2618,58.3981,58.4856,58.5607,58.6569,58.7771,58.8926,59.0096,59.1318,59.2417,59.3292,59.4131,59.5038,59.5877,59.6751,59.7851,59.9073,60.0172,60.1012,60.1693,60.2339,60.2985,60.3597,60.412,60.4664,60.5413,60.6217,60.7056,60.7962,60.8766,60.9448,61.0094,61.074,61.1387,61.2033,61.2679,61.3325,61.3972,61.4618,61.5264,61.591,61.6556,61.7168,61.7656,61.8042,61.8495,61.8948,61.937,62.0016,62.0922,62.1849,62.2633,62.3177,62.37,62.4276,62.4765,62.5115,62.5446,62.5762,62.6092,62.6443,62.6932,62.7543,62.8154,62.8642,62.8993,62.9323,62.9639,62.997,63.0321,63.0809,63.142,63.2066,63.2748,63.3516,63.4265,63.4809,63.5333,63.5944,63.659,63.7236,63.7882,63.8529,63.9175,63.9821,64.0503,64.1307,64.2213,64.3017,64.3698,64.4345,64.4991,64.5602,64.609,64.6441,64.6737

Position pixel : 67.1316,67.1579,67.2348,67.3515,67.4634,67.5611,67.638,67.6904,67.729,67.7778,67.8389,67.9071,67.991,68.1009,68.2231,68.3366,68.4363,68.5305,68.6109,68.679,68.7472,68.8311,68.9375,69.044,69.1279,69.1925,69.2413,69.2764,69.3095,69.3411,69.3706,69.3899,69.4127,69.4545,69.4963,69.5156,69.5191,69.5191,69.5227,69.5384,69.5645,69.5802,69.5838,69.5838,69.5838,69.5838,69.5838,69.5838,69.5802,69.5645,69.5384,69.5191,69.4998,69.4703,69.4352,69.3864,69.3253,69.2642,69.2153,69.1802,69.1472,69.1156,69.0826,69.051,69.0179,68.9793,68.9147,68.8276,68.7472,68.679,68.6179,68.5691,68.5305,68.4816,68.4241,68.3717,68.3138,68.2196,68.1009,67.9875,67.8878,67.7971,67.7325,67.6904,67.6415,67.5804,67.5158,67.4547,67.4059,67.3673,67.3219,67.2766,67.238,67.1927,67.1474,67.1088,67.0634,67.0216,66.9988,66.9795,66.9535,66.9377

Brightness max : 400.55
Brightness min : 242.00
Feature direction : Ambiguous
Feature speed : Slow
Feature type : Curve
Start frame : 1
End frame : 71
Start time (s) : 0.000
End time (s) : 599.390
Time step (s) : 8.563

Feature number : 14

Time (s) : 326.4816,326.835,327.2479,327.7078,328.3407,328.9908,329.5967,330.2765,331.0131,331.5595,331.9157,332.2989,332.6821,333.0085,333.3917,333.7749,334.0715,334.3212,334.4844,334.6774,335.0308,335.414,335.7107,335.9604,336.1236,336.2868,336.5366,336.8034,337.0532,337.2164,337.3796,337.5996,337.733,337.7926,337.926,338.146,338.3092,338.4724,338.7221,338.989,339.2685,339.5354,339.8149,340.1115,340.5245,341.0411,341.5875,342.1637,342.8435,343.5801,344.1265,344.4827,344.8956,345.3825,345.7954,346.1218,346.505,346.8882,347.2146,347.6276,348.1144,348.5274,348.8538,349.237,349.6202,349.9466,350.3893,351.0691,351.9987,353.0319,353.9913,354.8641,355.7937,356.6935,357.3733,357.8458,358.3056,358.9386,359.5886,360.1946,360.8744,361.6407,362.2908,362.7335,363.0599,363.4729,363.9597,364.3429,364.5061

Position (um) : 4.5187,4.5191,4.5219,4.5307,4.5464,4.5647,4.5845,4.6076,4.6313,4.6494,4.6593,4.6658,4.6741,4.6842,4.6958,4.707,4.7158,4.7237,4.7343,4.7489,4.7652,4.7798,4.7904,4.7979,4.8047,4.8115,4.8183,4.8255,4.834,4.8435,4.852,4.8592,4.866,4.8728,4.8796,4.8864,4.8929,4.8984,4.9041,4.912,4.9201,4.9273,4.9341,4.9409,4.9481,4.9569,4.9689,4.9841,5.0029,5.0242,5.0461,5.0668,5.087,5.1059,5.1247,5.1427,5.158,5.1711,5.1857,5.2051,5.2261,5.2449,5.2605,5.2745,5.2881,5.3017,5.3161,5.3338,5.3573,5.3851,5.4134,5.4392,5.4627,5.4828,5.4988,5.5128,5.5264,5.54,5.5533,5.5652,5.5761,5.5877,5.5993,5.6094,5.618,5.6254,5.6337,5.6414,5.6466

Intensity : 305.9631,306.0564,306.2248,306.5729,307.1937,307.9709,308.8499,309.2598,309.7465,310.2335,310.5953,310.9867,311.4263,311.8703,312.3884,312.4708,312.4468,312.3094,312.0863,311.7785,311.5261,311.3617,311.2794,311.2537,311.0988,310.8293,310.6143,310.3938,310.0986,309.6969,309.3552,309.1208,308.8525,308.5372,308.2724,308.0681,307.8473,307.676,307.5561,307.3856,307.257,307.1474,307.0527,306.9604,306.915,306.846,306.6345,306.2572,305.6229,305.2394,305.4723,305.7594,306.2002,306.8227,307.6745,309.3205,310.8853,312.3345,313.8679,315.949,318.3331,320.5809,322.4287,324.2049,325.9375,327.577,329.4355,331.894,332.1061,332.6915,333.7151,334.958,335.6784,336.5774,337.5383,338.4961,339.5536,340.8616,342.5095,344.0209,345.4872,347.1715,348.92,350.4657,351.7992,353.0541,354.5206,355.8882,356.7504

Time pixel : 38.1283,38.1696,38.2178,38.2715,38.3454,38.4213,38.4921,38.5715,38.6575,38.7213,38.7629,38.8077,38.8524,38.8905,38.9353,38.98,39.0147,39.0438,39.0629,39.0854,39.1267,39.1715,39.2061,39.2353,39.2543,39.2734,39.3026,39.3337,39.3629,39.382,39.401,39.4267,39.4423,39.4492,39.4648,39.4905,39.5096,39.5286,39.5578,39.589,39.6216,39.6528,39.6854,39.7201,39.7683,39.8286,39.8924,39.9597,40.0391,40.1251,40.1889,40.2305,40.2788,40.3356,40.3839,40.422,40.4667,40.5115,40.5496,40.5978,40.6547,40.7029,40.741,40.7858,40.8305,40.8686,40.9204,40.9997,41.1083,41.229,41.341,41.4429,41.5515,41.6566,41.736,41.7912,41.8449,41.9188,41.9947,42.0655,42.1449,42.2344,42.3103,42.362,42.4001,42.4483,42.5052,42.5499,42.569

Position pixel : 42.35,42.3535,42.3795,42.4624,42.6088,42.7811,42.9659,43.1831,43.4053,43.5742,43.6675,43.7282,43.8056,43.9006,44.0091,44.1142,44.1971,44.2713,44.3698,44.5075,44.6593,44.7971,44.8955,44.9663,45.0301,45.0939,45.1577,45.225,45.3044,45.3939,45.4733,45.5406,45.6044,45.6682,45.732,45.7958,45.8561,45.9078,45.9615,46.0355,46.1114,46.1787,46.2425,46.3063,46.3736,46.4564,46.5685,46.7117,46.8875,47.0876,47.2926,47.486,47.6755,47.8533,48.0292,48.1981,48.3413,48.4637,48.6003,48.7828,48.9794,49.1552,49.3019,49.433,49.5606,49.6882,49.8228,49.9886,50.2092,50.4695,50.7349,50.9766,51.1972,51.3851,51.5353,51.6664,51.794,51.9216,52.0457,52.1578,52.2597,52.3683,52.4768,52.5718,52.6527,52.722,52.7994,52.8718,52.92

Brightness max : 400.55
Brightness min : 242.00
Feature direction : Ambiguous
Feature speed : Slow
Feature type : Curve
Start frame : 1
End frame : 71
Start time (s) : 0.000
End time (s) : 599.390
Time step (s) : 8.563

Feature number : 15

Time (s) : 263.6169,263.8667,264.1335,264.3833,264.5465,264.7692,265.2859,265.9927,266.5391,266.8953,267.3082,267.8248,268.3415,268.7246,268.9176,269.1106,269.464,269.8174,270.0104,270.1736,270.3936,270.527,270.5866,270.72,270.94,271.0734,271.1032,271.133,271.2664,271.4864,271.6198,271.6793,271.8425,272.196,272.5494,272.7424,272.9353,273.3185,273.8054,274.2183,274.5447,274.9577,275.4743,276.0207,276.5671,277.1135,277.6599,278.1765,278.5894,278.9158,279.3288,279.8454,280.362,280.775,281.0716,281.3512,281.618,281.8976,282.1942,282.5774,282.9606,283.287,283.6999,284.2165,284.7332,285.1461,285.4725,285.8855,286.3723,286.7853,287.1117,287.5247,288.0413,288.5579,288.9709,289.2973,289.7102,290.1971,290.61,290.9067,291.1862,291.5126,292.059,292.8254,293.6684,294.6575,295.8837,297.3597,298.9393,300.4451,301.8642,303.3402,304.7566,305.8792,306.7817,307.7411,308.7743,309.7039,310.4135,310.9897,311.5063,311.8895

Position (um) : 5.6666,5.6602,5.6503,5.6377,5.6206,5.5985,5.5717,5.5428,5.5176,5.4979,5.4808,5.4659,5.4536,5.4427,5.4307,5.4175,5.4042,5.3927,5.3838,5.3763,5.3674,5.3558,5.3426,5.329,5.3154,5.3021,5.2902,5.2793,5.2673,5.2544,5.2425,5.2316,5.2193,5.2048,5.1901,5.1775,5.1652,5.1519,5.1387,5.1264,5.1138,5.0991,5.0842,5.0706,5.0587,5.0474,5.0342,5.0202,5.0097,5.0018,4.9933,4.9838,4.9753,4.9685,4.9633,4.9596,4.9562,4.9528,4.9494,4.9457,4.9405,4.9341,4.9269,4.9181,4.9068,4.8953,4.8847,4.8741,4.8615,4.8448,4.8251,4.8047,4.7847,4.7663,4.7506,4.737,4.725,4.7145,4.7046,4.6961,4.689,4.6818,4.6733,4.6634,4.6525,4.6385,4.6205,4.6008,4.5828,4.5688,4.5576,4.546,4.5351,4.528,4.5235,4.5184,4.5119,4.5055,4.5004,4.4967,4.4935,4.4919

Intensity : 349.8581,349.8096,349.5693,349.1993,348.2847,347.1409,346.3608,344.7631,342.9644,341.4808,340.1702,339.0022,338.0018,337.0842,335.8465,334.4386,332.9942,331.6988,330.7064,329.8505,328.8308,327.5193,326.0375,324.6994,323.6014,322.5615,321.6548,320.8289,319.8858,318.8434,317.9004,317.0641,316.273,315.357,314.4211,313.6577,312.9008,312.0052,311.052,310.2449,309.6461,309.047,308.4278,307.8535,307.3415,306.8561,306.2957,305.7122,305.1989,304.7598,304.2905,303.7664,303.3062,302.9435,302.6743,302.4793,302.2974,302.1245,301.9453,301.7552,301.5141,301.2124,300.876,300.4616,299.9874,299.9034,299.8585,299.8558,299.9023,299.9818,300.0948,300.3053,300.8456,301.5226,302.1757,302.7836,303.488,304.2892,305.0558,305.6881,306.0743,306.2661,306.5696,307.0039,307.5196,308.1967,309.1337,310.3436,311.1659,309.9884,308.1549,306.3664,304.7717,303.6567,302.8676,302.0369,301.138,300.3395,299.7471,299.302,298.9222,298.6698

Time pixel : 30.7866,30.8158,30.8469,30.8761,30.8952,30.9212,30.9815,31.0641,31.1279,31.1695,31.2177,31.278,31.3384,31.3831,31.4057,31.4282,31.4695,31.5107,31.5333,31.5523,31.578,31.5936,31.6006,31.6161,31.6418,31.6574,31.6609,31.6644,31.68,31.7056,31.7212,31.7282,31.7472,31.7885,31.8298,31.8523,31.8749,31.9196,31.9765,32.0247,32.0628,32.111,32.1714,32.2352,32.299,32.3628,32.4266,32.487,32.5352,32.5733,32.6215,32.6819,32.7422,32.7904,32.8251,32.8577,32.8889,32.9215,32.9562,33.0009,33.0457,33.0838,33.132,33.1923,33.2527,33.3009,33.339,33.3873,33.4441,33.4923,33.5305,33.5787,33.639,33.6993,33.7476,33.7857,33.8339,33.8908,33.939,33.9737,34.0063,34.0444,34.1082,34.1977,34.2962,34.4117,34.5549,34.7273,34.9117,35.0876,35.2533,35.4257,35.5911,35.7222,35.8276,35.9397,36.0603,36.1689,36.2518,36.3191,36.3794,36.4241

Position pixel : 53.108,53.0477,52.9547,52.8372,52.6769,52.4699,52.2181,51.9476,51.7114,51.5266,51.3664,51.2266,51.1111,51.0092,50.8972,50.773,50.6489,50.5403,50.4574,50.3867,50.3038,50.1952,50.0711,49.9435,49.8159,49.6917,49.5797,49.4777,49.3657,49.245,49.133,49.0311,48.9156,48.7793,48.6416,48.5241,48.4086,48.2844,48.1603,48.0448,47.9272,47.7895,47.6498,47.5222,47.4101,47.3047,47.1806,47.0498,46.9513,46.8771,46.7977,46.7082,46.6288,46.565,46.5168,46.4821,46.4495,46.4183,46.3857,46.351,46.3028,46.2425,46.1752,46.0923,45.9872,45.8787,45.7802,45.6803,45.5628,45.406,45.2215,45.0301,44.8421,44.6698,44.5231,44.3955,44.2834,44.185,44.092,44.0126,43.9453,43.878,43.7986,43.7056,43.6037,43.4726,43.3037,43.1192,42.9504,42.8193,42.7138,42.6053,42.5037,42.4364,42.3948,42.3466,42.2862,42.2259,42.1777,42.143,42.1139,42.0983

Brightness max : 400.55
Brightness min : 242.00
Feature direction : Ambiguous
Feature speed : Slow
Feature type : Curve
Start frame : 1
End frame : 71
Start time (s) : 0.000
End time (s) : 599.390
Time step (s) : 8.563

