KYMOANALYSIS DATA

General Information :

Tiff path : G:\My Drive\microtubule dynamics and cut7\21-15 screens and tests\cut11-7\20-06-17&18 (cut11-7, cut7-3GFP, Klp5D, mts)\
Spindle type : Monopolar
Start frame : 1
End frame : 148
Start time (s) : 0.000
End time (s) : 590.650
Time step (s) : 4.018
Num poles : 1
Num tracks : 18
Num tracks poleward : 0
Num tracks antipoleward : 0
Num tracks ambiguous : 18
Comments : {

}
Poles Information :


Pole number : 1

Time (s) : 7.517777,11.45658,15.39537,19.33417,23.27297,27.21177,31.15057,35.08937,39.02817,42.96697,46.90577,50.84456,54.78336,58.72216,62.66096,66.59976,70.53856,74.47736,78.41616,82.35496,86.29375,90.23255,94.17135,98.11015,102.049,105.9877,109.9265,113.8653,117.8041,121.7429,125.6817,129.6205,133.5593,137.4981,141.4369,145.3757,149.3145,153.2533,157.1921,161.1309,165.0697,169.0085,172.9473,176.8861,180.8249,184.7637,188.7025,192.6413,196.5801,200.5189,204.4577,208.3965,212.3353,216.2741,220.2129,224.1517,228.0905,232.0293,235.9681,239.9069,243.8457,247.7845,251.7233,255.6621,259.6009,263.5397,267.4785,271.4173,275.3561,279.2949,283.2337,287.1725,291.1113,295.0501,298.9889,302.9277,306.8665,310.8053,314.7441,318.6829,322.6217,326.5605,330.4993,334.4381,338.3769,342.3157,346.2545,350.1933,354.1321,358.0709,362.0097,365.9485,369.8873,373.8261,377.7649,381.7037,385.6425,389.5813,393.5201,397.4589,401.3977,405.3365,409.2753,413.2141,417.1529,421.0917,425.0305,428.9693,432.9081,436.8469,440.7857,444.7245,448.6633,452.6021,456.5409,460.4797,464.4185,468.3573,472.296,476.2348,480.1736,484.1124,488.0512,491.99,495.9288,499.8676,503.8064,507.7452,511.684,515.6228,519.5616,523.5004,527.4392,531.378,535.3168,539.2556,543.1944,547.1332,551.072,555.0108,558.9496,562.8884,566.8272,570.766,574.7048,578.6436,582.5824,586.5212,590.46,594.3988

Position (um) : 4.1193,4.0941,4.0689,4.0436,4.0184,3.9931,3.9679,3.9427,3.9174,3.8922,3.867,3.8417,3.8165,3.7912,3.766,3.7408,3.7155,3.6903,3.6651,3.6398,3.6146,3.5893,3.5641,3.5389,3.5136,3.4884,3.4632,3.4379,3.4127,3.3874,3.3622,3.337,3.3117,3.2865,3.2613,3.236,3.2108,3.1855,3.1603,3.1351,3.1098,3.0846,3.0594,3.0341,3.0089,2.9836,2.9584,2.9332,2.9079,2.8827,2.8575,2.8322,2.807,2.7817,2.7565,2.7313,2.706,2.6808,2.6556,2.6303,2.6051,2.5798,2.5546,2.5294,2.5041,2.4789,2.4537,2.4284,2.4032,2.3779,2.3527,2.3275,2.3022,2.277,2.2518,2.2265,2.2013,2.1761,2.1508,2.1256,2.1003,2.0751,2.0499,2.0246,1.9994,1.9742,1.9489,1.9237,1.8984,1.8732,1.848,1.8227,1.7975,1.7723,1.747,1.7218,1.6965,1.6713,1.6461,1.6208,1.5956,1.5704,1.5451,1.5199,1.4946,1.4694,1.4442,1.4189,1.3937,1.3685,1.3432,1.318,1.2927,1.2675,1.2423,1.217,1.1918,1.1666,1.1413,1.1161,1.0908,1.0656,1.0404,1.0151,0.98989,0.96466,0.93942,0.91418,0.88894,0.86371,0.83847,0.81323,0.78799,0.76276,0.73752,0.71228,0.68704,0.66181,0.63657,0.61133,0.58609,0.56086,0.53562,0.51038,0.48514,0.45991,0.43467,0.40943,0.38419,0.35896

Intensity : 1058.1603,1025.045,994.48862,922.28251,856.19996,803.77874,781.24297,738.7466,704.49312,662.15013,681.20234,679.37946,662.29788,687.72442,780.37219,921.27381,1016.8054,1070.4593,1084.1208,1051.9668,1013.966,1025.115,1060.2358,1052.9998,1002.669,974.45449,1007.5978,1047.8962,1090.9872,1083.5643,1066.6738,1033.9823,987.23508,966.56759,961.22066,975.68123,958.94644,923.44099,885.87413,872.20143,836.13975,844.7387,869.87189,914.81347,933.49964,904.97706,893.0024,863.13995,852.30723,834.00913,813.24344,818.82176,850.93778,871.10152,858.40748,826.79871,794.38639,816.74073,874.02204,897.74514,895.8425,914.61996,958.46746,960.31162,894.35491,816.46731,786.89036,801.43942,827.10307,851.27718,871.13379,889.79721,925.72414,950.26873,960.9808,961.88515,957.64351,984.09759,1011.9287,1041.9645,1070.1951,1069.9738,1056.4678,1059.2703,1055.4508,1047.4455,1023.2835,1019.6094,1044.8161,1075.0891,1124.7865,1135.7327,1133.468,1109.3563,1093.1261,1033.969,963.52649,961.33186,1006.3536,1077.9551,1104.2642,1108.0158,1125.1237,1103.0169,1093.2499,1035.1704,1008.9247,973.59347,960.27124,963.82304,972.8452,981.98477,990.27422,1010.0581,1034.0257,1033.8465,1017.5942,994.20396,978.42851,966.28884,950.25215,956.41894,966.54507,968.16677,971.17573,981.87182,990.33611,959.99949,917.69819,862.32178,761.00638,645.07969,548.02607,481.07719,436.14973,417.35394,386.87764,358.15113,311.3909,300.3739,293.0934,291.54803,295.52785,293.17224,289.411,279.85926,282.77092,285.38797,282.89667,276.24108

Time pixel : 1.871012,2.851294,3.831575,4.811857,5.792139,6.772421,7.752703,8.732984,9.713266,10.69355,11.67383,12.65411,13.63439,14.61468,15.59496,16.57524,17.55552,18.5358,19.51608,20.49637,21.47665,22.45693,23.43721,24.41749,25.39777,26.37806,27.35834,28.33862,29.3189,30.29918,31.27947,32.25975,33.24003,34.22031,35.20059,36.18087,37.16116,38.14144,39.12172,40.102,41.08228,42.06257,43.04285,44.02313,45.00341,45.98369,46.96397,47.94426,48.92454,49.90482,50.8851,51.86538,52.84567,53.82595,54.80623,55.78651,56.76679,57.74707,58.72736,59.70764,60.68792,61.6682,62.64848,63.62876,64.60905,65.58933,66.56961,67.54989,68.53017,69.51046,70.49074,71.47102,72.4513,73.43158,74.41186,75.39215,76.37243,77.35271,78.33299,79.31327,80.29356,81.27384,82.25412,83.2344,84.21468,85.19496,86.17525,87.15553,88.13581,89.11609,90.09637,91.07666,92.05694,93.03722,94.0175,94.99778,95.97806,96.95835,97.93863,98.91891,99.89919,100.8795,101.8598,102.84,103.8203,104.8006,105.7809,106.7612,107.7414,108.7217,109.702,110.6823,111.6626,112.6429,113.6231,114.6034,115.5837,116.564,117.5443,118.5245,119.5048,120.4851,121.4654,122.4457,123.426,124.4062,125.3865,126.3668,127.3471,128.3274,129.3076,130.2879,131.2682,132.2485,133.2288,134.2091,135.1893,136.1696,137.1499,138.1302,139.1105,140.0907,141.071,142.0513,143.0316,144.0119,144.9922,145.9724,146.9527,147.933

Position pixel : 38.6067,38.3701,38.1336,37.8971,37.6605,37.424,37.1875,36.951,36.7144,36.4779,36.2414,36.0049,35.7683,35.5318,35.2953,35.0588,34.8222,34.5857,34.3492,34.1126,33.8761,33.6396,33.4031,33.1665,32.93,32.6935,32.457,32.2204,31.9839,31.7474,31.5109,31.2743,31.0378,30.8013,30.5647,30.3282,30.0917,29.8552,29.6186,29.3821,29.1456,28.9091,28.6725,28.436,28.1995,27.963,27.7264,27.4899,27.2534,27.0168,26.7803,26.5438,26.3073,26.0707,25.8342,25.5977,25.3612,25.1246,24.8881,24.6516,24.4151,24.1785,23.942,23.7055,23.4689,23.2324,22.9959,22.7594,22.5228,22.2863,22.0498,21.8133,21.5767,21.3402,21.1037,20.8672,20.6306,20.3941,20.1576,19.921,19.6845,19.448,19.2115,18.9749,18.7384,18.5019,18.2654,18.0288,17.7923,17.5558,17.3193,17.0827,16.8462,16.6097,16.3731,16.1366,15.9001,15.6636,15.427,15.1905,14.954,14.7175,14.4809,14.2444,14.0079,13.7714,13.5348,13.2983,13.0618,12.8252,12.5887,12.3522,12.1157,11.8791,11.6426,11.4061,11.1696,10.933,10.6965,10.46,10.2234,9.98692,9.7504,9.51387,9.27734,9.04082,8.80429,8.56776,8.33124,8.09471,7.85818,7.62166,7.38513,7.1486,6.91208,6.67555,6.43902,6.2025,5.96597,5.72944,5.49292,5.25639,5.01986,4.78334,4.54681,4.31028,4.07376,3.83723,3.6007,3.36418

Pole type : Line
Start frame : 1
End frame : 148
Start time (s) : 0.000
End time (s) : 590.650
Time step (s) : 4.018

Feature Information :


Feature number : 1

Time (s) : 83.08715,83.46475,83.97384,84.51226,85.05068,85.55977,85.96671,86.28835,86.69529,87.17504,87.58198,87.90362,88.31056,88.84898,89.48955,90.11327,90.5664,91.00268,91.48242,91.88936,92.211,92.61794,93.09769,93.50463,93.82627,94.20387,94.58148,94.90312,95.28072,95.65832,95.97997,96.35757,96.73517,97.05681,97.46375,97.97284,98.51126,99.04968,99.5881,100.0972,100.5041,100.8258,101.2327,101.7418,102.2802,102.8186,103.3571,103.9248,104.5947,105.3793,106.21,107.126,108.0421,108.8728,109.6573,110.3272,110.895,111.4334,111.9718,112.5103,113.0487,113.5871,114.1255,114.6933,115.3925,116.3086,117.3267,118.2721,119.1322,120.0482,120.9642,121.8243,122.7403,123.627,124.3262,124.894,125.4324,125.9708,126.5093,127.0477,127.5861,128.1245,128.6923,129.3915,130.2782,131.1649,131.8641,132.4612,133.1312,133.8864,134.5269,134.9632,135.2848,135.6624,136.04,136.3617,136.7686,137.2484,137.6553,137.977,138.3839,138.893,139.4607,140.16,141.0467,141.9334,142.6913,143.522,144.5233,145.4855,146.4602,147.4784,148.3944,149.0937,149.6614,150.1999,150.7383,151.2767,151.8151,152.3536,152.9213,153.5912,154.3758,155.2065,156.1812,157.3895,158.844,160.4006,161.8843,163.2828,164.7373,166.1331,167.2392,168.158,169.2348,170.5285,171.8683,173.1912,174.3996,175.5351,176.7141,177.8762,178.8384,179.6816,180.5124,181.4577,182.5052,183.5528,184.4688,185.168,185.7358,186.2742,186.8126,187.3804,188.0796,188.9957,190.0138,190.9592,191.7899,192.5745,193.2444,193.8121,194.3505,194.889,195.4274,195.9658,196.5042,197.0427,197.6104,198.3097,199.1964,200.1124,200.9724,201.8885,202.8045,203.6352,204.4198,205.0897,205.6574,206.1959,206.7343,207.2727,207.8111,208.3495,208.888,209.4264,209.9648,210.5032,211.071,211.7702,212.6863,213.7338,214.8106,215.9168,217.1251,218.4188,219.6564,220.9234,222.3485,223.803,225.1721,226.4658,227.5426,228.4027,229.2166,230.0473,231.022,232.2303,233.6848,235.3,237.0174,238.7473,240.4381,242.2995,244.2337,245.9805,247.4936,248.8628,250.1857,251.394,252.5002,253.5477,254.5224,255.4846,256.5153,257.4482,258.3207,259.2536,260.2843,261.2465,262.2212,263.2687,264.3162,265.2616,266.151,267.1985,268.3019,269.162,269.8906,270.6458,271.345,272.0443,272.7995,273.4694,274.0665,274.7364,275.5209,276.3223,277.1362,277.9376,278.7515,279.5529,280.3667,281.1975,282.1428,283.161,284.077,284.8056,285.5342,286.4209,287.3076,288.0361,288.7647,289.6808,290.7283,291.7758,292.7211,293.5812,294.5266,295.5447,296.4608,297.1893,297.9179,298.8046,299.6913,300.3905,300.9876,301.6575,302.4127,303.0827,303.6504,304.2182,304.8881,305.6433,306.3425,307.0418,307.797,308.4669,309.0346,309.5731,310.1115,310.6499,311.1883,311.7268,312.2652,312.8329,313.5028,314.258,314.9573,315.6859,316.5726,317.4886,318.3193,319.1332,319.9346,320.7485,321.5499,322.3344,323.0043,323.5721,324.1105,324.6489,325.1873,325.7551,326.425,327.2095,328.0403,328.9856,330.0331,331.0806,332.026,332.8567,333.6706,334.5013,335.4174,336.3041,337.0033,337.6004,338.2996,339.2157,340.2338,341.2085,342.2001,343.3916,344.7314,346.1565,347.4501,348.5297,349.7967,351.4386,353.1266,354.6398,356.0089,357.3612,358.7304,360.1848,361.6099,362.8476,363.9538,365.0013,365.9467,366.7774,367.5913,368.3927,369.2065,370.0079,370.8218,371.6525,372.5686,373.4846,374.3446,375.2607,376.1767,377.0074,377.792,378.4619,379.059,379.7289,380.4841,381.154,381.7511,382.421,383.1762,383.8461,384.4139,384.9523,385.4907,386.0291,386.5675,387.106,387.6444,388.1828,388.7212,389.2597,389.7981,390.3365,390.9043,391.6035,392.4902,393.4356,394.4271,395.6479,397.0899,398.6296,399.9988,401.2365,402.3986,403.3608,404.1747,404.8446,405.4417,406.1116,406.8961,407.6975,408.4821,409.1813,409.8806,410.6651,411.4665,412.251,412.9209,413.4887,414.0271,414.5655,415.1333,415.8325,416.7486,417.7961,418.8436,419.789,420.649,421.565,422.4517,423.151,423.7774,424.6081,425.7409,426.8906,427.836,428.5645,429.2638,430.019,430.6889,431.2567,431.7951,432.3628,433.0327,433.8173,434.648,435.5934,436.6409,437.6884,438.6044,439.3623,440.2224,441.3552,442.5342,443.611,444.5564,445.4165,446.3618,447.38,448.3254,449.1561,449.97,450.8007,451.7167,452.6328,453.4928,454.4088,455.3249,456.1556,456.9401,457.61,458.1778,458.7456,459.4448,460.3315,461.2182,461.9174,462.4852,463.0236,463.562,464.1005,464.6389,465.1773,465.7451,466.4443,467.331,468.247,469.1071,470.0231,470.9391,471.7992,472.7152,473.6312,474.462,475.2759,476.0772,476.8618,477.5317,478.0995,478.6672,479.3371,480.0923,480.7916,481.5202,482.4362,483.513,484.7507,486.1465,487.4401,488.4903,489.5965,490.8314,491.879,492.6075,493.1753,493.7137,494.2521,494.7906,495.329,495.8674,496.4058,496.9443,497.4827,498.0211,498.5889,499.2588,500.0433,500.874,501.8194,502.8669,503.9438,505.0206,506.1268,507.3645,508.7602,510.0539,511.0747,512.0201,512.9068,513.606,514.1445,514.5221

Position (um) : 3.7619,3.7619,3.7619,3.7619,3.7619,3.7627,3.7662,3.7719,3.7754,3.777,3.7804,3.7862,3.7897,3.7905,3.7913,3.7947,3.8005,3.804,3.8056,3.809,3.8148,3.8183,3.8199,3.8233,3.8291,3.8334,3.8376,3.8434,3.8477,3.8519,3.8577,3.862,3.8662,3.872,3.8755,3.8763,3.877,3.8805,3.8863,3.8906,3.8948,3.9006,3.9041,3.9056,3.9091,3.9149,3.9192,3.9234,3.9292,3.9335,3.9385,3.9478,3.957,3.9613,3.9628,3.9663,3.9721,3.9756,3.9764,3.9764,3.9764,3.9771,3.9806,3.9872,3.9941,4.0015,4.0084,4.0158,4.0227,4.0301,4.037,4.0443,4.0513,4.0579,4.0621,4.0664,4.0722,4.0757,4.0772,4.0807,4.0872,4.0942,4.1015,4.1093,4.1193,4.1286,4.1336,4.1387,4.1487,4.1614,4.1723,4.18,4.1865,4.1908,4.1951,4.2008,4.2043,4.2059,4.2094,4.2151,4.2194,4.2237,4.2294,4.2337,4.238,4.2445,4.2515,4.2588,4.2658,4.2731,4.2801,4.2866,4.2901,4.2917,4.2952,4.3009,4.3044,4.3052,4.3052,4.3052,4.306,4.3095,4.3152,4.3187,4.3203,4.3238,4.3295,4.3338,4.3381,4.3438,4.3481,4.3524,4.3581,4.3616,4.3632,4.3667,4.3724,4.3759,4.3775,4.381,4.3867,4.3902,4.391,4.391,4.391,4.391,4.3918,4.3953,4.401,4.4045,4.4053,4.4053,4.4053,4.4053,4.4061,4.4096,4.4153,4.4188,4.4196,4.4204,4.4239,4.4296,4.4331,4.4339,4.4339,4.4347,4.4382,4.4439,4.4474,4.4482,4.449,4.4525,4.4582,4.4617,4.4625,4.4625,4.4633,4.4668,4.4725,4.476,4.4768,4.4768,4.4768,4.4768,4.4776,4.4811,4.4868,4.4903,4.4911,4.4911,4.4919,4.4953,4.5011,4.5046,4.5062,4.5096,4.5154,4.5197,4.5239,4.5297,4.534,4.5382,4.544,4.5475,4.549,4.5525,4.5583,4.5618,4.5626,4.5626,4.5626,4.5626,4.5633,4.5668,4.5726,4.5761,4.5769,4.5769,4.5769,4.5769,4.5769,4.5769,4.5769,4.5769,4.5769,4.5769,4.5769,4.5769,4.5776,4.5811,4.5869,4.5904,4.5912,4.5919,4.5954,4.6012,4.6055,4.6097,4.6155,4.619,4.6198,4.6205,4.624,4.6298,4.6333,4.6348,4.6383,4.6441,4.6476,4.6484,4.6484,4.6491,4.6526,4.6584,4.6619,4.6634,4.6669,4.6727,4.6762,4.677,4.677,4.677,4.6777,4.6812,4.687,4.6905,4.6912,4.692,4.6955,4.7013,4.7048,4.7055,4.7063,4.7098,4.7156,4.7191,4.7198,4.7198,4.7198,4.7198,4.7198,4.7198,4.7206,4.7241,4.7299,4.7334,4.7341,4.7341,4.7341,4.7349,4.7384,4.7442,4.7477,4.7484,4.7484,4.7484,4.7484,4.7484,4.7484,4.7492,4.7527,4.7585,4.762,4.7627,4.7627,4.7627,4.7627,4.7627,4.7627,4.7627,4.7627,4.7627,4.7635,4.767,4.7728,4.7763,4.777,4.777,4.777,4.777,4.777,4.7778,4.7813,4.7871,4.7906,4.7921,4.7956,4.8014,4.8049,4.8056,4.8064,4.8099,4.8157,4.8199,4.8242,4.83,4.8335,4.835,4.8385,4.8443,4.8477,4.8485,4.8485,4.8485,4.8485,4.8485,4.8485,4.8485,4.8485,4.8485,4.8485,4.8485,4.8485,4.8485,4.8485,4.8485,4.8485,4.8485,4.8485,4.8485,4.8485,4.8485,4.8485,4.8485,4.8485,4.8485,4.8485,4.8485,4.8485,4.8485,4.8485,4.8485,4.8485,4.8485,4.8485,4.8485,4.8485,4.8485,4.8485,4.8485,4.8485,4.8485,4.8493,4.8528,4.8586,4.862,4.8636,4.8671,4.8729,4.8763,4.8779,4.8814,4.8879,4.8949,4.9022,4.9092,4.9157,4.92,4.9243,4.93,4.9335,4.9343,4.9351,4.9386,4.9451,4.9521,4.9594,4.9664,4.9729,4.9772,4.9815,4.9872,4.9907,4.9915,4.9923,4.9958,5.0015,5.0058,5.0101,5.0166,5.0236,5.0309,5.0379,5.0444,5.0487,5.053,5.0595,5.0665,5.0738,5.0808,5.0873,5.0908,5.0924,5.0959,5.1016,5.1051,5.1059,5.1067,5.1102,5.1159,5.1194,5.1202,5.121,5.1245,5.1302,5.1337,5.1345,5.1353,5.1388,5.1445,5.148,5.1496,5.1531,5.1588,5.1623,5.1631,5.1631,5.1631,5.1639,5.1674,5.1731,5.1766,5.1774,5.1774,5.1774,5.1774,5.1774,5.1774,5.1774,5.1774,5.1774,5.1774,5.1782,5.1817,5.1874,5.1909,5.1917,5.1917,5.1917,5.1917,5.1925,5.196,5.2017,5.2052,5.2068,5.2102,5.216,5.2195,5.2203,5.2203,5.2203,5.2203,5.2211,5.2245,5.2303,5.2338,5.2346,5.2346,5.2346,5.2346,5.2346,5.2346,5.2346,5.2346,5.2346,5.2346,5.2346,5.2346,5.2346,5.2346,5.2346,5.2346,5.2346,5.2346,5.2346,5.2346,5.2346,5.2346,5.2346,5.2346,5.2346,5.2346,5.2346,5.2354,5.2388,5.2446,5.2489,5.2531,5.2589,5.2624,5.2632,5.2632,5.2632,5.2632,5.2632

Intensity : 1059.6375,1057.5367,1054.7044,1052.096,1050.6599,1048.9842,1046.4947,1043.3532,1040.9372,1039.1269,1036.7709,1033.7915,1031.5091,1039.7494,1051.8304,1062.6086,1069.2998,1076.5081,1085.2652,1091.9411,1096.1883,1100.8699,1104.8631,1107.4566,1108.3944,1110.3548,1112.2776,1111.8263,1111.1753,1110.434,1107.6532,1106.7223,1104.3098,1099.8731,1098.0365,1099.2936,1100.6731,1099.4134,1095.9799,1093.9078,1090.7551,1082.4035,1075.5465,1069.6887,1061.8205,1051.9574,1043.5682,1035.0341,1026.2888,1027.7989,1029.5277,1029.6023,1028.6551,1030.9131,1034.3682,1035.7098,1034.8733,1035.7677,1038.7497,1042.2588,1041.2671,1039.7764,1036.6609,1031.9018,1027.1287,1022.5296,1019.1226,1017.0292,1016.2827,1016.8598,1014.5056,1008.8065,1004.0425,998.50517,993.52114,991.06987,989.70712,989.40256,989.74924,990.07938,990.65358,991.92258,992.65942,987.92446,983.86202,981.66801,980.32007,980.23606,983.26766,988.72588,983.31538,980.24387,978.1538,977.04442,976.23596,975.39738,973.59799,968.68223,964.48716,961.26291,957.66092,953.55416,949.5583,944.99137,940.32793,937.69527,936.67467,936.34337,936.24271,939.05528,941.56418,945.31954,950.22188,961.59358,973.78412,984.66396,996.38916,1008.9952,1021.8374,1034.6795,1048.0849,1063.7426,1082.7416,1103.9234,1129.2358,1158.5275,1192.7571,1230.0358,1254.3365,1276.8386,1300.304,1286.585,1278.5325,1270.5652,1264.34,1268.1092,1275.6328,1277.7092,1275.4486,1272.6069,1269.4127,1266.9848,1265.8789,1265.1116,1264.3558,1251.8702,1232.2003,1213.499,1198.9565,1190.7972,1185.6201,1180.3611,1175.1021,1169.5565,1163.3121,1158.204,1159.543,1159.5952,1157.6872,1155.9903,1157.618,1162.2051,1164.6648,1164.2515,1162.9837,1162.6262,1165.5397,1170.549,1170.9051,1167.1134,1162.1211,1160.8496,1164.1078,1169.6253,1171.2748,1171.6825,1173.4239,1180.3653,1192.3572,1200.4314,1203.6077,1205.3386,1207.0696,1208.8006,1212.0991,1216.6146,1216.6597,1215.366,1212.8073,1209.2313,1204.955,1201.1658,1198.8598,1195.4915,1190.2519,1183.8315,1180.0003,1175.1692,1189.2049,1207.1672,1222.7628,1229.9592,1239.1427,1245.2996,1248.4909,1253.0897,1261.2064,1266.4452,1267.0402,1265.2297,1263.3047,1254.643,1247.4789,1234.8891,1220.9169,1199.3163,1171.0331,1144.0241,1139.8903,1140.9032,1141.8305,1144.2522,1148.7207,1153.132,1157.857,1160.7029,1160.4628,1160.2061,1161.7156,1168.6226,1168.4964,1159.163,1145.7299,1134.4283,1134.0381,1136.1693,1136.5101,1138.4382,1142.1654,1142.4818,1139.2217,1135.9845,1136.5388,1142.3935,1147.0032,1148.5644,1152.9089,1160.6343,1164.8818,1157.7224,1148.1046,1139.8434,1135.7093,1135.0695,1130.6885,1122.719,1119.2999,1122.0759,1119.2395,1105.2655,1089.8896,1077.2553,1066.1169,1063.4879,1074.6094,1081.6674,1083.3409,1087.1391,1101.4806,1116.4655,1128.1544,1135.1041,1143.1868,1156.4825,1172.5264,1183.8635,1190.8392,1193.9293,1192.4812,1191.1968,1190.1081,1189.0195,1188.6649,1189.8765,1191.3429,1189.9442,1184.9428,1179.7296,1175.3112,1172.5694,1173.8213,1177.3156,1178.4452,1176.8145,1174.4003,1171.8545,1169.6944,1172.8958,1175.86,1179.7576,1187.2484,1197.3908,1203.5386,1206.7364,1209.0224,1211.3439,1213.5276,1215.0203,1216.2949,1217.3751,1218.3996,1219.424,1221.5834,1225.3738,1229.682,1230.0221,1226.0594,1220.2164,1218.8432,1221.9984,1224.8459,1228.6572,1235.5034,1240.388,1240.9938,1238.489,1240.5348,1247.9285,1250.4603,1252.6513,1255.1267,1258.6281,1257.3741,1251.4939,1244.8381,1240.566,1238.44,1236.0373,1231.5367,1212.1226,1191.493,1175.895,1162.9528,1150.1699,1140.1109,1130.0868,1120.2649,1118.1742,1116.3644,1114.6506,1111.5228,1105.874,1100.3397,1094.8903,1089.356,1083.8637,1078.2296,1072.4789,1066.1377,1059.7965,1054.5834,1049.2579,1043.9325,1039.1028,1035.468,1037.9435,1040.1501,1042.6256,1045.4164,1047.892,1049.5264,1042.0467,1033.6145,1026.1348,1019.7955,1013.7838,1007.7721,1004.08,1002.2522,1000.4244,998.59654,996.7687,996.14159,999.97932,1007.14,1001.6879,992.44127,983.82638,975.41794,962.08058,955.04467,955.72213,960.86108,963.93356,966.80965,969.15695,970.36438,973.66903,977.52166,983.44615,987.23559,989.57326,994.51318,1003.2861,1016.8122,1031.4307,1046.6869,1048.0404,1049.0539,1047.0249,1046.6451,1050.2869,1051.6907,1050.7853,1049.7559,1052.9494,1059.2167,1062.3095,1052.6674,1045.1958,1032.9311,1020.7084,1015.0951,1014.1267,1012.7431,1010.4668,1008.3181,1003.2312,1000.4691,1000.0475,1000.1256,997.58264,993.71357,992.68274,994.44271,994.00707,990.14319,985.55099,987.16852,992.15866,994.52846,993.63358,998.76879,1005.4013,1012.3828,1021.2563,1024.1281,1020.5148,1017.9507,1016.3013,1014.1281,1011.5901,1010.0138,1009.811,1009.1386,1001.8821,993.15504,984.42794,976.69845,970.75678,967.32122,963.32347,957.89256,952.78487,948.5566,944.6933,939.93533,933.90191,927.86849,923.11052,918.48976,913.83634,909.87253,908.3741,909.05412,907.8003,903.84537,896.86179,886.48997,875.77498,866.4593,859.0821,849.94624,839.21232,825.72368,814.17348,805.85406,794.83656,781.34061,767.38502,755.46857,745.36912,737.24085,730.14674,722.04596,711.5214,700.45738,687.43046,674.73962,660.15347,643.70403,633.01033,624.43095,615.39444,604.63974,594.97843,588.25862,583.02209,578.05614,573.06218,567.66271,562.26324,556.86377,551.46431,546.06484,540.66537,535.26591,529.42214,522.41968,514.21896,505.53545,495.65368,488.16218,483.09586,478.38403,473.70302,471.12035,468.49459,466.11734,463.46777,460.6318,457.91156,455.76637,454.11455,453.11633

Time pixel : 20.67859,20.77257,20.89927,21.03327,21.16727,21.29397,21.39525,21.4753,21.57658,21.69598,21.79726,21.87731,21.97859,22.11259,22.27201,22.42724,22.54002,22.6486,22.76799,22.86927,22.94932,23.0506,23.17,23.27128,23.35133,23.44531,23.53928,23.61933,23.71331,23.80729,23.88734,23.98131,24.07529,24.15534,24.25662,24.38332,24.51732,24.65132,24.78532,24.91202,25.0133,25.09335,25.19463,25.32133,25.45533,25.58933,25.72334,25.86464,26.03137,26.22662,26.43337,26.66135,26.88933,27.09608,27.29133,27.45806,27.59936,27.73336,27.86737,28.00137,28.13537,28.26937,28.40337,28.54468,28.7187,28.94668,29.20008,29.43536,29.64941,29.87739,30.10537,30.31942,30.5474,30.76808,30.94211,31.08341,31.21741,31.35141,31.48541,31.61942,31.75342,31.88742,32.02872,32.20275,32.42343,32.6441,32.81813,32.96674,33.13346,33.32142,33.48084,33.58942,33.66947,33.76345,33.85742,33.93747,34.03875,34.15815,34.25943,34.33948,34.44076,34.56746,34.70876,34.88279,35.10346,35.32414,35.51277,35.71952,35.96873,36.2082,36.45078,36.70418,36.93216,37.10619,37.24749,37.38149,37.5155,37.6495,37.7835,37.9175,38.05881,38.22553,38.42079,38.62754,38.87012,39.17085,39.53283,39.92023,40.28951,40.63756,40.99954,41.34692,41.62223,41.85088,42.11889,42.44084,42.77429,43.10355,43.40428,43.68688,43.98031,44.26954,44.50901,44.71887,44.92562,45.1609,45.4216,45.68231,45.91029,46.08431,46.22562,46.35962,46.49362,46.63492,46.80895,47.03693,47.29033,47.52561,47.73236,47.92761,48.09434,48.23564,48.36964,48.50365,48.63765,48.77165,48.90565,49.03965,49.18096,49.35498,49.57566,49.80364,50.01769,50.24567,50.47365,50.6804,50.87565,51.04238,51.18368,51.31768,51.45169,51.58569,51.71969,51.85369,51.98769,52.1217,52.2557,52.3897,52.531,52.70503,52.93301,53.19371,53.46171,53.73702,54.03775,54.3597,54.66773,54.98306,55.33774,55.69972,56.04047,56.36243,56.63043,56.84448,57.04704,57.25379,57.49637,57.7971,58.15908,58.56108,58.98851,59.41905,59.83985,60.30311,60.78449,61.21922,61.5958,61.93655,62.26581,62.56654,62.84184,63.10254,63.34513,63.5846,63.84111,64.07328,64.29044,64.52261,64.77912,65.01859,65.26118,65.52188,65.78258,66.01786,66.23921,66.49992,66.77454,66.9886,67.16992,67.35788,67.53191,67.70593,67.89389,68.06061,68.20922,68.37594,68.5712,68.77065,68.9732,69.17265,69.37521,69.57466,69.77721,69.98396,70.21924,70.47264,70.70062,70.88195,71.06328,71.28396,71.50463,71.68596,71.86729,72.09527,72.35597,72.61667,72.85195,73.066,73.30129,73.55469,73.78266,73.96399,74.14532,74.366,74.58668,74.7607,74.90931,75.07603,75.26399,75.43071,75.57201,75.71332,75.88004,76.068,76.24202,76.41605,76.604,76.77073,76.91203,77.04603,77.18004,77.31404,77.44804,77.58204,77.71604,77.85735,78.02407,78.21203,78.38605,78.56738,78.78806,79.01604,79.22279,79.42534,79.62479,79.82735,80.0268,80.22205,80.38878,80.53008,80.66408,80.79809,80.93209,81.07339,81.24012,81.43537,81.64212,81.8774,82.1381,82.39881,82.63409,82.84084,83.04339,83.25014,83.47812,83.6988,83.87283,84.02143,84.19546,84.42344,84.67684,84.91942,85.16619,85.46273,85.79618,86.15086,86.47281,86.74149,87.05682,87.46545,87.88558,88.26216,88.60291,88.93947,89.28023,89.64221,89.99688,90.30491,90.58022,90.84092,91.0762,91.28295,91.48551,91.68496,91.88751,92.08696,92.28952,92.49627,92.72425,92.95223,93.16628,93.39426,93.62224,93.82899,94.02424,94.19097,94.33957,94.5063,94.69425,94.86098,95.00958,95.17631,95.36426,95.53098,95.67229,95.80629,95.94029,96.07429,96.2083,96.3423,96.4763,96.6103,96.7443,96.8783,97.01231,97.14631,97.28761,97.46164,97.68232,97.9176,98.16437,98.46821,98.82708,99.21029,99.55104,99.85907,100.1483,100.3878,100.5903,100.7571,100.9057,101.0724,101.2676,101.4671,101.6623,101.8364,102.0104,102.2057,102.4051,102.6004,102.7671,102.9084,103.0424,103.1764,103.3177,103.4917,103.7197,103.9804,104.2411,104.4764,104.6904,104.9184,105.1391,105.3131,105.469,105.6758,105.9577,106.2438,106.4791,106.6604,106.8345,107.0224,107.1891,107.3304,107.4644,107.6058,107.7725,107.9677,108.1745,108.4098,108.6705,108.9312,109.1591,109.3478,109.5618,109.8438,110.1372,110.4052,110.6405,110.8545,111.0898,111.3432,111.5785,111.7852,111.9878,112.1945,112.4225,112.6505,112.8645,113.0925,113.3205,113.5273,113.7225,113.8892,114.0305,114.1718,114.3459,114.5665,114.7872,114.9612,115.1026,115.2366,115.3706,115.5046,115.6386,115.7726,115.9139,116.0879,116.3086,116.5365,116.7506,116.9786,117.2066,117.4206,117.6486,117.8766,118.0833,118.2859,118.4853,118.6806,118.8473,118.9886,119.1299,119.2966,119.4846,119.6586,119.8399,120.0679,120.3359,120.644,120.9913,121.3133,121.5747,121.85,122.1573,122.418,122.5994,122.7407,122.8747,123.0087,123.1427,123.2767,123.4107,123.5447,123.6787,123.8127,123.9467,124.088,124.2547,124.45,124.6567,124.892,125.1527,125.4207,125.6887,125.964,126.272,126.6194,126.9414,127.1954,127.4307,127.6514,127.8254,127.9594,128.0534

Position pixel : 35.2566,35.2566,35.2566,35.2566,35.2566,35.2639,35.2966,35.3506,35.3833,35.3979,35.4306,35.4846,35.5173,35.5246,35.5319,35.5646,35.6186,35.6513,35.6659,35.6986,35.7526,35.7853,35.7999,35.8326,35.8866,35.9266,35.9666,36.0206,36.0606,36.1006,36.1546,36.1946,36.2346,36.2886,36.3213,36.3286,36.3359,36.3686,36.4226,36.4626,36.5027,36.5566,36.5893,36.6039,36.6367,36.6906,36.7306,36.7707,36.8246,36.8646,36.912,36.9986,37.0853,37.1253,37.1399,37.1727,37.2266,37.2593,37.2666,37.2666,37.2666,37.2739,37.3067,37.3679,37.4334,37.5019,37.5674,37.6359,37.7014,37.7699,37.8354,37.9039,37.9694,38.0306,38.0706,38.1107,38.1646,38.1973,38.212,38.2447,38.3059,38.3714,38.4399,38.5127,38.6067,38.6933,38.7407,38.788,38.882,39.0014,39.1026,39.1754,39.2366,39.2767,39.3167,39.3706,39.4034,39.418,39.4507,39.5046,39.5447,39.5847,39.6386,39.6787,39.7187,39.7799,39.8454,39.9139,39.9794,40.048,40.1134,40.1747,40.2074,40.222,40.2547,40.3087,40.3414,40.3487,40.3487,40.3487,40.356,40.3887,40.4427,40.4754,40.49,40.5227,40.5767,40.6167,40.6567,40.7107,40.7507,40.7907,40.8447,40.8774,40.892,40.9247,40.9787,41.0114,41.026,41.0587,41.1127,41.1454,41.1527,41.1527,41.1527,41.1527,41.16,41.1927,41.2467,41.2794,41.2867,41.2867,41.2867,41.2867,41.294,41.3267,41.3807,41.4134,41.4207,41.428,41.4607,41.5147,41.5474,41.5547,41.5547,41.562,41.5947,41.6487,41.6814,41.6887,41.696,41.7287,41.7827,41.8154,41.8227,41.8227,41.83,41.8627,41.9167,41.9494,41.9567,41.9567,41.9567,41.9567,41.964,41.9967,42.0507,42.0834,42.0907,42.0907,42.098,42.1307,42.1847,42.2174,42.232,42.2647,42.3187,42.3587,42.3987,42.4527,42.4927,42.5327,42.5867,42.6194,42.634,42.6667,42.7207,42.7534,42.7607,42.7607,42.7607,42.7607,42.768,42.8007,42.8547,42.8874,42.8947,42.8947,42.8947,42.8947,42.8947,42.8947,42.8947,42.8947,42.8947,42.8947,42.8947,42.8947,42.902,42.9347,42.9887,43.0214,43.0287,43.036,43.0687,43.1227,43.1627,43.2027,43.2567,43.2894,43.2967,43.304,43.3367,43.3907,43.4234,43.438,43.4707,43.5247,43.5574,43.5647,43.5647,43.572,43.6047,43.6587,43.6914,43.706,43.7387,43.7927,43.8254,43.8327,43.8327,43.8327,43.84,43.8728,43.9267,43.9594,43.9667,43.974,44.0068,44.0607,44.0934,44.1007,44.108,44.1408,44.1947,44.2274,44.2347,44.2347,44.2347,44.2347,44.2347,44.2347,44.242,44.2748,44.3287,44.3614,44.3687,44.3687,44.3687,44.376,44.4088,44.4627,44.4954,44.5027,44.5027,44.5027,44.5027,44.5027,44.5027,44.51,44.5428,44.5967,44.6294,44.6367,44.6367,44.6367,44.6367,44.6367,44.6367,44.6367,44.6367,44.6367,44.644,44.6768,44.7307,44.7634,44.7707,44.7707,44.7707,44.7707,44.7707,44.778,44.8108,44.8647,44.8974,44.912,44.9448,44.9987,45.0314,45.0387,45.046,45.0788,45.1327,45.1727,45.2128,45.2667,45.2994,45.314,45.3468,45.4007,45.4334,45.4407,45.4407,45.4407,45.4407,45.4407,45.4407,45.4407,45.4407,45.4407,45.4407,45.4407,45.4407,45.4407,45.4407,45.4407,45.4407,45.4407,45.4407,45.4407,45.4407,45.4407,45.4407,45.4407,45.4407,45.4407,45.4407,45.4407,45.4407,45.4407,45.4407,45.4407,45.4407,45.4407,45.4407,45.4407,45.4407,45.4407,45.4407,45.4407,45.4407,45.4407,45.448,45.4808,45.5347,45.5674,45.5821,45.6148,45.6687,45.7014,45.7161,45.7488,45.81,45.8755,45.944,46.0095,46.0707,46.1108,46.1508,46.2047,46.2375,46.2448,46.2521,46.2848,46.346,46.4115,46.48,46.5455,46.6067,46.6468,46.6868,46.7407,46.7735,46.7808,46.7881,46.8208,46.8747,46.9148,46.9548,47.016,47.0815,47.15,47.2155,47.2767,47.3168,47.3568,47.4181,47.4835,47.5521,47.6175,47.6788,47.7115,47.7261,47.7588,47.8128,47.8455,47.8528,47.8601,47.8928,47.9468,47.9795,47.9868,47.9941,48.0268,48.0808,48.1135,48.1208,48.1281,48.1608,48.2148,48.2475,48.2621,48.2948,48.3488,48.3815,48.3888,48.3888,48.3888,48.3961,48.4288,48.4828,48.5155,48.5228,48.5228,48.5228,48.5228,48.5228,48.5228,48.5228,48.5228,48.5228,48.5228,48.5301,48.5628,48.6168,48.6495,48.6568,48.6568,48.6568,48.6568,48.6641,48.6968,48.7508,48.7835,48.7981,48.8308,48.8848,48.9175,48.9248,48.9248,48.9248,48.9248,48.9321,48.9648,49.0188,49.0515,49.0588,49.0588,49.0588,49.0588,49.0588,49.0588,49.0588,49.0588,49.0588,49.0588,49.0588,49.0588,49.0588,49.0588,49.0588,49.0588,49.0588,49.0588,49.0588,49.0588,49.0588,49.0588,49.0588,49.0588,49.0588,49.0588,49.0588,49.0661,49.0988,49.1528,49.1928,49.2328,49.2868,49.3195,49.3268,49.3268,49.3268,49.3268,49.3268

Brightness max : 435.04
Brightness min :  0.00
Feature direction : Ambiguous
Feature speed : Slow
Feature type : Curve
Start frame : 1
End frame : 148
Start time (s) : 0.000
End time (s) : 590.650
Time step (s) : 4.018

Feature number : 2

Time (s) : 448.5449,448.8665,449.5924,450.4791,451.3978,452.5768,453.9264,455.0494,456.0241,456.8815,457.4492,457.8002,458.2365,458.877,459.6323,460.3022,460.8699,461.4083,461.9174,462.3244,462.6167,462.8921,463.1551,463.4305,463.6935,463.9396,464.1005,464.2906,464.6389,465.0165,465.3381,465.7157,466.0933,466.3856,466.6611,466.9534,467.331,467.7086,468.0302,468.4078,468.7854,469.1071,469.514,470.0231,470.5615,471.1,471.609,471.9866,472.1475,472.2061,472.3376,472.5544,472.7152,472.876,473.0928,473.2536,473.4145,473.6606,473.9236,474.199,474.462,474.7081,474.8689,475.0297,475.2759,475.5388,475.7849,475.9164,475.9458,475.9458,475.9458

Position (um) : 4.799,4.7812,4.7527,4.7249,4.6997,4.6684,4.6326,4.6035,4.5811,4.5633,4.5483,4.5324,4.5104,4.4803,4.4497,4.4246,4.4053,4.3867,4.3667,4.3497,4.3381,4.3303,4.323,4.3152,4.3044,4.2909,4.2758,4.2573,4.2337,4.2109,4.1951,4.1823,4.1657,4.1487,4.1336,4.1193,4.105,4.0907,4.0764,4.0614,4.0428,4.0185,3.9906,3.9613,3.93,3.8999,3.8778,3.862,3.8477,3.8341,3.8233,3.8148,3.8048,3.7947,3.7862,3.7762,3.7662,3.7576,3.7468,3.7333,3.719,3.7047,3.6904,3.6761,3.6618,3.6475,3.6324,3.6123,3.5802,3.5389,3.5061

Intensity : 468.2398,452.8133,428.2446,403.2549,380.8263,367.3658,357.7986,352.3218,349.5301,349.0813,348.8675,348.5869,347.9216,346.5363,345.1862,344.8352,345.1031,345.7843,346.6908,346.8673,346.8304,346.8631,346.9668,347.155,347.5118,348.0603,348.7221,349.4924,350.9093,352.989,355.0345,357.4591,360.5784,360.2966,359.9007,359.6265,359.362,359.3493,359.6727,360.2018,359.3633,357.3752,355.6191,354.5062,349.4191,343.3969,339.3927,336.9192,335.1695,333.357,331.657,330.3338,328.8779,327.4897,326.3932,325.1472,323.9689,323.1286,322.1322,320.5961,318.4204,316.5124,315.057,313.7303,312.3451,311.1265,310.1124,309.6293,309.3237,308.9653,308.7337

Time pixel : 111.6331,111.7132,111.8938,112.1145,112.3431,112.6366,112.9725,113.2519,113.4945,113.7079,113.8492,113.9366,114.0451,114.2046,114.3925,114.5592,114.7005,114.8345,114.9612,115.0625,115.1353,115.2038,115.2693,115.3378,115.4033,115.4645,115.5046,115.5519,115.6386,115.7325,115.8126,115.9066,116.0005,116.0733,116.1418,116.2146,116.3086,116.4025,116.4826,116.5766,116.6705,116.7506,116.8519,116.9786,117.1126,117.2466,117.3733,117.4673,117.5073,117.5219,117.5546,117.6086,117.6486,117.6886,117.7426,117.7826,117.8226,117.8839,117.9493,118.0179,118.0833,118.1446,118.1846,118.2246,118.2859,118.3513,118.4126,118.4453,118.4526,118.4526,118.4526

Position pixel : 44.9768,44.8101,44.5428,44.2821,44.0461,43.7527,43.4168,43.1446,42.9347,42.768,42.6267,42.4781,42.2714,41.9894,41.7033,41.468,41.2867,41.1127,40.9247,40.7653,40.6567,40.584,40.5154,40.4427,40.3414,40.2147,40.0734,39.8993,39.6787,39.4653,39.3167,39.1966,39.0414,38.882,38.7407,38.6067,38.4727,38.3387,38.2046,38.0633,37.8893,37.6613,37.4006,37.1253,36.8319,36.55,36.3432,36.1946,36.0606,35.9339,35.8326,35.7526,35.6586,35.5646,35.4846,35.3906,35.2966,35.2166,35.1153,34.9886,34.8546,34.7206,34.5866,34.4526,34.3186,34.1846,34.0433,33.8547,33.5539,33.1672,32.8599

Brightness max : 435.04
Brightness min :  0.00
Feature direction : Ambiguous
Feature speed : Slow
Feature type : Curve
Start frame : 1
End frame : 148
Start time (s) : 0.000
End time (s) : 590.650
Time step (s) : 4.018

Feature number : 3

Time (s) : 12.1033,12.9341,14.3858,16.0011,17.7212,19.7113,21.5141,22.9446,24.5892,26.5794,28.3989,29.7806,30.7721,31.586,32.2559,32.8237,33.3621,33.9005,34.4389,34.9773,35.5158,36.0249,36.4318,36.7534,37.1604,37.6695,38.2079,38.7463,39.2847,39.8232,40.3616,40.9,41.4678,42.1377,42.8929,43.5628,44.1305,44.669,45.2367,45.936,46.8227,47.7387,48.5987,49.5441,50.5916,51.6685,52.7453,53.8222,54.899,56.0052,57.2135,58.5658,60.0078,61.4454,62.7292,64.0522,65.3165,66.3374,67.2827,68.1694,68.8687,69.4364,69.9748,70.5133,71.081,71.7509,72.5061,73.1467,73.6123,74.0654,74.7185,75.5199,76.4653,77.4834,78.3994,79.1574,79.9881,80.9601,81.7615,82.3586,82.897,83.4354,83.9738,84.5123,85.0507,85.5891,86.1275,86.6366,87.0142,87.175

Position (um) : 8.7032,8.6896,8.6711,8.6568,8.6475,8.6375,8.6282,8.6232,8.6189,8.6132,8.6097,8.6097,8.6132,8.6189,8.6224,8.6232,8.6232,8.6232,8.6232,8.6232,8.6232,8.6224,8.6189,8.6132,8.6089,8.6046,8.5989,8.5954,8.5938,8.5903,8.5846,8.5803,8.576,8.5703,8.5668,8.566,8.566,8.5652,8.5617,8.556,8.5525,8.5517,8.5517,8.5517,8.5517,8.5509,8.5474,8.5417,8.5382,8.5374,8.5374,8.5374,8.5374,8.5374,8.5374,8.5374,8.5374,8.5374,8.5374,8.5374,8.5374,8.5374,8.5374,8.5374,8.5382,8.5417,8.5474,8.5517,8.556,8.5617,8.566,8.5711,8.5811,8.5938,8.6046,8.6132,8.6232,8.6324,8.6367,8.6375,8.6375,8.6375,8.6383,8.6418,8.6475,8.651,8.6518,8.6526,8.6561,8.6618

Intensity : 376.9636,379.1002,383.6187,389.3331,388.694,387.5612,400.531,413.7485,424.4262,424.0862,423.8177,424.8247,425.4172,425.7433,424.9537,419.8427,415.0316,410.2204,405.4093,400.5982,395.7871,391.317,390.9429,392.1714,393.4471,394.9785,396.8277,398.4481,399.8374,401.5486,402.8752,402.4035,401.858,401.3109,400.2139,398.8795,397.6475,397.6702,398.2746,399.2746,399.979,400.2662,398.9896,395.6264,391.8998,388.2128,387.0423,388.6203,389.8479,390.5506,392.5958,395.3061,398.1961,400.1884,401.7902,403.4409,401.2007,398.6835,396.3525,394.1661,392.1528,390.4609,388.8565,387.252,385.4752,383.1121,381.0469,381.4037,381.5429,381.5133,381.8857,382.3623,382.9102,386.3276,389.6153,392.4737,395.6591,399.9309,403.8095,406.8812,409.7083,412.5354,415.291,416.22,411.2346,406.8299,403.2411,399.855,396.6333,394.2379

Time pixel : 3.01226,3.21901,3.58031,3.98232,4.41042,4.90573,5.35438,5.71041,6.11972,6.61503,7.06788,7.41174,7.65851,7.86107,8.02779,8.1691,8.3031,8.4371,8.5711,8.7051,8.83911,8.96581,9.06709,9.14714,9.24841,9.37511,9.50912,9.64312,9.77712,9.91112,10.0451,10.1791,10.3204,10.4872,10.6751,10.8418,10.9831,11.1171,11.2584,11.4325,11.6531,11.8811,12.0952,12.3305,12.5912,12.8592,13.1272,13.3952,13.6632,13.9385,14.2392,14.5758,14.9346,15.2924,15.6119,15.9412,16.2559,16.5099,16.7452,16.9659,17.1399,17.2812,17.4152,17.5492,17.6905,17.8573,18.0452,18.2046,18.3205,18.4333,18.5958,18.7953,19.0305,19.2839,19.5119,19.7006,19.9073,20.1492,20.3487,20.4973,20.6313,20.7653,20.8993,21.0333,21.1673,21.3013,21.4353,21.562,21.656,21.696

Position pixel : 81.5666,81.4399,81.2666,81.1326,81.0452,80.9512,80.8646,80.8172,80.7772,80.7233,80.6905,80.6905,80.7233,80.7772,80.8099,80.8172,80.8172,80.8172,80.8172,80.8172,80.8172,80.8099,80.7772,80.7233,80.6832,80.6432,80.5893,80.5565,80.5419,80.5092,80.4552,80.4152,80.3752,80.3212,80.2885,80.2812,80.2812,80.2739,80.2412,80.1872,80.1545,80.1472,80.1472,80.1472,80.1472,80.1399,80.1072,80.0532,80.0205,80.0132,80.0132,80.0132,80.0132,80.0132,80.0132,80.0132,80.0132,80.0132,80.0132,80.0132,80.0132,80.0132,80.0132,80.0132,80.0205,80.0532,80.1072,80.1472,80.1872,80.2412,80.2812,80.3285,80.4225,80.5419,80.6432,80.7233,80.8172,80.9039,80.9439,80.9512,80.9512,80.9512,80.9585,80.9913,81.0452,81.0779,81.0852,81.0925,81.1253,81.1792

Brightness max : 435.04
Brightness min :  0.00
Feature direction : Ambiguous
Feature speed : Slow
Feature type : Curve
Start frame : 1
End frame : 148
Start time (s) : 0.000
End time (s) : 590.650
Time step (s) : 4.018

Feature number : 4

Time (s) : 233.8456,234.2232,234.8203,235.7825,237.1321,238.4426,239.5781,240.6549,241.7024,242.6185,243.3177,243.8855,244.3945,244.8015,245.1231,245.5007,245.8783,246.1706,246.4461,246.7384,247.1453,247.6251,248.032,248.3537,248.7606,249.2697,249.8081,250.3465,250.8556,251.2626,251.5842,251.9618,252.3394,252.6904,253.2288,253.9547,254.6246,255.1923,255.7308,256.2692,256.8076,257.346,257.9138,258.5837,259.3389,260.0382,260.7374,261.4926,262.1625,262.7303,263.2687,263.8364,264.565,265.6125,266.8768,268.1145,269.3228,270.5143,271.6373,272.8288,274.0078,275.0847,276.0007,276.6999,277.2677,277.8061,278.3445,278.883,279.4214,279.9598,280.5276,281.2268,282.1135,283.0002,283.7288,284.4573,285.3734,286.4209,287.5271,288.7354,289.9997,291.0765,291.9659,292.882,293.7686,294.4679,295.0356,295.5741,296.0832,296.4901,296.8117,297.1893,297.5669,297.8886,298.2662,298.6731,299.1262,299.75,300.3905,300.9583,301.4967,302.0351,302.5736,303.112,303.6504,304.1888,304.6979,305.1049,305.3972,305.6726,305.9649,306.3719,306.8809,307.4194,307.9578,308.5256,309.2248,310.1115,310.9982,311.6974,312.2358,312.6428,312.9644,313.3714,313.8511,314.258,314.5504,314.8258,315.1181,315.5544,316.195,316.9502,317.6494,318.378,319.2353,319.9612

Position (um) : 9.8806,9.8764,9.864,9.8392,9.8042,9.7736,9.7527,9.7342,9.7141,9.6971,9.6855,9.6778,9.6704,9.6627,9.6519,9.6384,9.6248,9.614,9.6055,9.5947,9.5819,9.5711,9.5634,9.5561,9.5483,9.5375,9.524,9.5105,9.4996,9.4911,9.4811,9.4711,9.4633,9.456,9.4482,9.4374,9.4239,9.4104,9.3996,9.3918,9.3853,9.3818,9.3802,9.3767,9.371,9.3675,9.3667,9.3667,9.3667,9.3667,9.3667,9.3667,9.3667,9.3667,9.3667,9.3667,9.3667,9.3667,9.3667,9.3667,9.3675,9.371,9.3767,9.3802,9.381,9.381,9.381,9.381,9.381,9.381,9.381,9.3802,9.3767,9.371,9.3667,9.3624,9.3559,9.3489,9.3416,9.3338,9.3238,9.3138,9.306,9.2987,9.2917,9.2852,9.2809,9.2766,9.2701,9.2631,9.2566,9.2523,9.248,9.2423,9.238,9.233,9.2229,9.2102,9.1994,9.1908,9.1808,9.1708,9.1623,9.1514,9.1379,9.1236,9.1093,9.095,9.0807,9.0664,9.0521,9.0371,9.0185,8.9942,8.9664,8.9378,8.9084,8.8771,8.8462,8.8207,8.799,8.7805,8.7619,8.7426,8.7283,8.7198,8.7125,8.7055,8.6982,8.6896,8.6753,8.6561,8.6375,8.6181,8.5954,8.5761

Intensity : 299.383,301.1862,304.1779,309.4706,317.5692,322.9386,327.672,332.309,337.8511,342.9308,346.7095,349.7639,352.5294,354.8051,356.6025,356.6067,356.6108,356.6237,356.5896,355.9963,355.0808,354.2572,353.6656,353.1898,352.6808,351.7738,350.0978,348.5237,347.1606,345.7187,344.1461,342.5582,341.2501,340.1006,338.8824,338.6286,338.5201,338.6365,339.0462,339.6948,340.3065,340.6727,340.5255,340.3331,340.1375,340.0481,340.0153,340.4962,341.5324,342.4105,343.2433,344.1215,345.2484,345.6886,344.1153,342.5752,341.7012,346.7423,351.4938,356.5349,359.4154,361.0311,362.3476,363.3518,364.2481,366.2106,368.1731,370.1357,372.0982,374.0607,376.1301,378.7513,376.7149,374.7062,373.043,371.4088,369.6128,368.4135,367.177,365.8421,361.3947,355.3568,350.1676,344.6283,342.9987,344.7841,346.0813,347.1945,348.338,349.3104,350.1088,350.905,350.532,349.7151,348.6908,347.6529,346.8106,345.7549,344.6971,343.8117,343.2894,342.4958,341.3831,340.3627,339.4674,338.6894,338.0712,337.7255,337.5585,336.6002,335.1543,333.3589,331.354,329.568,328.2096,325.2844,322.3024,317.6225,313.1997,309.8154,307.5699,306.0971,305.0796,303.9483,304.0481,304.2931,304.447,304.5904,304.7442,305.0185,305.3881,305.7787,305.4034,303.5125,301.456,299.8572

Time pixel : 58.1991,58.2931,58.4417,58.6812,59.017,59.3432,59.6258,59.8938,60.1545,60.3825,60.5565,60.6978,60.8245,60.9258,61.0058,61.0998,61.1938,61.2665,61.3351,61.4078,61.5091,61.6285,61.7298,61.8099,61.9111,62.0378,62.1718,62.3058,62.4325,62.5338,62.6139,62.7078,62.8018,62.8892,63.0232,63.2038,63.3705,63.5119,63.6459,63.7799,63.9139,64.0479,64.1892,64.3559,64.5438,64.7179,64.8919,65.0798,65.2466,65.3879,65.5219,65.6632,65.8445,66.1052,66.4199,66.7279,67.0286,67.3252,67.6047,67.9012,68.1946,68.4626,68.6906,68.8646,69.0059,69.1399,69.2739,69.4079,69.5419,69.6759,69.8172,69.9913,70.2119,70.4326,70.6139,70.7953,71.0233,71.284,71.5593,71.86,72.1746,72.4426,72.664,72.892,73.1127,73.2867,73.428,73.562,73.6887,73.79,73.87,73.964,74.058,74.138,74.232,74.3333,74.446,74.6013,74.7607,74.902,75.036,75.17,75.304,75.438,75.572,75.706,75.8327,75.934,76.0067,76.0753,76.148,76.2493,76.376,76.51,76.644,76.7853,76.9594,77.18,77.4007,77.5747,77.7087,77.81,77.8901,77.9913,78.1107,78.212,78.2848,78.3533,78.4261,78.5347,78.6941,78.882,79.0561,79.2374,79.4508,79.6314

Position pixel : 92.6021,92.5621,92.4462,92.214,91.8854,91.5993,91.4034,91.2293,91.0414,90.882,90.7734,90.7006,90.6321,90.5593,90.4581,90.3314,90.2047,90.1034,90.0233,89.9221,89.8027,89.7014,89.6286,89.5601,89.4873,89.386,89.2593,89.1326,89.0314,88.9513,88.8573,88.7634,88.6906,88.6221,88.5493,88.448,88.3213,88.1946,88.0934,88.0206,87.9594,87.9266,87.912,87.8793,87.8253,87.7926,87.7853,87.7853,87.7853,87.7853,87.7853,87.7853,87.7853,87.7853,87.7853,87.7853,87.7853,87.7853,87.7853,87.7853,87.7926,87.8253,87.8793,87.912,87.9193,87.9193,87.9193,87.9193,87.9193,87.9193,87.9193,87.912,87.8793,87.8253,87.7853,87.7453,87.684,87.6186,87.55,87.4773,87.3833,87.2893,87.2166,87.148,87.0826,87.0213,86.9813,86.9413,86.88,86.8146,86.7533,86.7133,86.6733,86.6193,86.5793,86.532,86.438,86.3186,86.2173,86.1373,86.0433,85.9493,85.8693,85.768,85.6413,85.5073,85.3733,85.2393,85.1053,84.9713,84.8373,84.696,84.522,84.294,84.0333,83.7653,83.49,83.1965,82.9073,82.6678,82.4653,82.2912,82.1172,81.9366,81.8026,81.7225,81.654,81.5885,81.52,81.4399,81.3059,81.1253,80.9512,80.7699,80.5565,80.3759

Brightness max : 435.04
Brightness min :  0.00
Feature direction : Ambiguous
Feature speed : Slow
Feature type : Curve
Start frame : 1
End frame : 148
Start time (s) : 0.000
End time (s) : 590.650
Time step (s) : 4.018

Feature number : 5

Time (s) : 465.9059,466.2835,466.7926,467.3017,467.7086,468.0302,468.4372,468.9463,469.4847,470.0231,470.5615,471.1,471.6384,472.2061,472.8467,473.4704,473.9236,474.3598,474.8689,475.4073,475.9458,476.4842,477.0519,477.7219,478.5064,479.3078,480.0923,480.7622,481.33,481.8684,482.4362,483.1061,483.8613,484.5312,485.099,485.6374,486.1758,486.7142,487.2526,487.7911,488.3295,488.8679,489.4063,489.9448,490.5125,491.1824,491.9376,492.6075,493.1753,493.7137,494.2521,494.7906,495.329,495.8381,496.245,496.5667,496.9736,497.4827,498.0211,498.5302,498.9371,499.2588,499.6657,500.1748,500.7132,501.2516,501.7901,502.3285,502.8669,503.4053,503.9438,504.4822,505.0206,505.5884,506.2583,507.0135,507.6834,508.2511,508.7896,509.328,509.8371,510.244,510.595,511.1334,511.8593,512.5585,513.2578,514.0423,514.8437,515.6282,516.2981,516.8659,517.4043,517.9428,518.4812,518.9903,519.3972,519.7188,520.1258,520.6349,521.1733,521.7117,522.2501,522.7886,523.2976,523.7046,524.0262,524.4332,524.9423,525.4807,526.0191,526.5575,527.0666,527.4735,527.7952,528.2021,528.7112,529.2496,529.8174,530.4873,531.2425,531.9418,532.641,533.3962,534.0661,534.6339,535.1723,535.7107,536.2198,536.6267,536.9484,537.3553,537.8644,538.4028,538.9119,539.2895

Position (um) : 8.1228,8.122,8.1185,8.112,8.105,8.0977,8.0899,8.0799,8.0698,8.0613,8.0505,8.037,8.0235,8.0127,8.0041,7.9941,7.9841,7.9763,7.9698,7.9655,7.9612,7.9555,7.952,7.9512,7.9504,7.9469,7.9412,7.9377,7.9369,7.9369,7.9369,7.9369,7.9369,7.9369,7.9369,7.9369,7.9369,7.9369,7.9369,7.9369,7.9369,7.9369,7.9369,7.9369,7.9369,7.9377,7.9412,7.9469,7.9504,7.9512,7.9512,7.9512,7.9512,7.952,7.9555,7.9612,7.9647,7.9655,7.9655,7.9663,7.9698,7.9755,7.979,7.9798,7.9798,7.9798,7.9798,7.9798,7.9798,7.9798,7.9798,7.9798,7.9798,7.9798,7.9798,7.979,7.9755,7.9698,7.9663,7.9655,7.9647,7.9612,7.9555,7.9512,7.9469,7.9412,7.9369,7.9326,7.9261,7.9191,7.9126,7.9083,7.904,7.8983,7.8948,7.8932,7.8897,7.884,7.8805,7.8797,7.8789,7.8754,7.8697,7.8662,7.8646,7.8611,7.8554,7.8519,7.8503,7.8468,7.8411,7.8376,7.836,7.8325,7.8268,7.8233,7.8225,7.8217,7.8182,7.8117,7.8047,7.7974,7.7904,7.7839,7.7796,7.7753,7.7696,7.7661,7.7645,7.761,7.7553,7.7518,7.7502,7.7467,7.741,7.7375

Intensity : 326.7782,328.7714,331.3275,334.1742,336.3414,337.9998,340.1433,342.9621,346.0713,349.2499,352.1586,355.4425,359.0659,362.8919,367.1137,370.6606,373.2375,374.8801,375.9331,377.0602,378.2625,379.6248,380.9995,382.4462,383.0296,382.5548,382.3802,382.143,381.7274,381.253,379.6086,376.2099,372.3784,368.9797,366.0992,363.3675,360.6359,360.0676,359.5217,358.9757,358.4297,357.8838,357.3378,356.7919,356.7139,357.0441,357.2771,357.4109,357.668,358.0521,358.3954,357.6661,356.9368,356.2342,355.6365,355.1433,354.5898,353.9442,353.2688,352.5099,351.8449,351.343,350.7074,349.8984,349.0374,348.1763,347.3153,346.2153,343.6407,341.0661,338.4916,335.917,333.3425,330.6276,327.4244,329.4117,331.1957,332.6505,334.0879,335.5911,337.0133,338.0975,337.7291,336.98,336.0211,335.1112,334.2462,333.3095,333.8403,335.1989,336.4963,337.6464,338.8093,340.1122,340.1988,337.7074,335.61,333.8277,331.8037,329.4573,326.9871,324.4558,321.9235,320.934,320.3378,319.8681,319.5229,319.1267,318.6452,318.1891,317.8314,317.4195,316.9015,316.559,316.3873,316.0596,315.5384,314.9876,314.5055,314.4418,316.7453,318.935,321.1344,323.1852,324.9889,326.3206,327.343,328.4243,329.4663,330.3498,331.1327,332.0898,333.2466,334.559,334.5007,334.3942

Time pixel : 115.9539,116.0479,116.1746,116.3013,116.4025,116.4826,116.5839,116.7106,116.8446,116.9786,117.1126,117.2466,117.3806,117.5219,117.6813,117.8365,117.9493,118.0579,118.1846,118.3186,118.4526,118.5866,118.7279,118.8946,119.0899,119.2893,119.4846,119.6513,119.7926,119.9266,120.0679,120.2346,120.4226,120.5893,120.7306,120.8646,120.9986,121.1326,121.2666,121.4006,121.5346,121.6686,121.8026,121.9366,122.0779,122.2447,122.4326,122.5994,122.7407,122.8747,123.0087,123.1427,123.2767,123.4034,123.5046,123.5847,123.686,123.8127,123.9467,124.0734,124.1747,124.2547,124.356,124.4827,124.6167,124.7507,124.8847,125.0187,125.1527,125.2867,125.4207,125.5547,125.6887,125.83,125.9967,126.1847,126.3514,126.4927,126.6267,126.7607,126.8874,126.9887,127.076,127.21,127.3907,127.5647,127.7387,127.934,128.1335,128.3287,128.4954,128.6367,128.7707,128.9047,129.0387,129.1654,129.2667,129.3468,129.448,129.5747,129.7088,129.8428,129.9768,130.1108,130.2375,130.3387,130.4188,130.5201,130.6468,130.7808,130.9148,131.0488,131.1755,131.2767,131.3568,131.4581,131.5848,131.7188,131.8601,132.0268,132.2148,132.3888,132.5628,132.7508,132.9175,133.0588,133.1928,133.3268,133.4535,133.5548,133.6348,133.7361,133.8628,133.9968,134.1235,134.2175

Position pixel : 76.1272,76.1199,76.0871,76.0259,75.9604,75.8919,75.8191,75.7252,75.6312,75.5511,75.4499,75.3232,75.1965,75.0952,75.0151,74.9211,74.8272,74.7544,74.6932,74.6531,74.6131,74.5592,74.5264,74.5191,74.5118,74.4791,74.4252,74.3924,74.3851,74.3851,74.3851,74.3851,74.3851,74.3851,74.3851,74.3851,74.3851,74.3851,74.3851,74.3851,74.3851,74.3851,74.3851,74.3851,74.3851,74.3924,74.4252,74.4791,74.5118,74.5191,74.5191,74.5191,74.5191,74.5264,74.5592,74.6131,74.6458,74.6531,74.6531,74.6604,74.6932,74.7471,74.7798,74.7871,74.7871,74.7871,74.7871,74.7871,74.7871,74.7871,74.7871,74.7871,74.7871,74.7871,74.7871,74.7798,74.7471,74.6932,74.6604,74.6531,74.6458,74.6131,74.5592,74.5191,74.4791,74.4252,74.3851,74.3451,74.2839,74.2184,74.1572,74.1171,74.0771,74.0232,73.9904,73.9758,73.9431,73.8892,73.8564,73.8491,73.8418,73.8091,73.7552,73.7224,73.7078,73.6751,73.6212,73.5884,73.5738,73.5411,73.4872,73.4544,73.4398,73.4071,73.3532,73.3204,73.3131,73.3058,73.2731,73.2118,73.1464,73.0778,73.0124,72.9511,72.9111,72.8711,72.8171,72.7844,72.7698,72.7371,72.6831,72.6504,72.6358,72.6031,72.5491,72.5164

Brightness max : 435.04
Brightness min :  0.00
Feature direction : Ambiguous
Feature speed : Slow
Feature type : Curve
Start frame : 1
End frame : 148
Start time (s) : 0.000
End time (s) : 590.650
Time step (s) : 4.018

Feature number : 6

Time (s) : 516.635,517.5679,519.1049,520.5175,521.5216,522.2208,522.7886,523.3563,524.0262,524.7814,525.4513,526.0191,526.5575,527.0959,527.6344,528.1728,528.7112,529.2496,529.7881,530.3265,530.8649,531.4033,531.9418,532.4802,533.0186,533.5277,533.9346,534.2856,534.8534,535.74,536.7289,537.5428,538.1567,538.8391,539.6405,540.5565,541.5019,542.4641,543.4654,544.2375,544.6737

Position (um) : 5.3061,5.3061,5.3061,5.3061,5.3061,5.3061,5.3061,5.3053,5.3018,5.296,5.2925,5.2918,5.2918,5.2918,5.2918,5.2918,5.2918,5.2918,5.2918,5.2918,5.2918,5.2918,5.2918,5.2918,5.2918,5.2925,5.296,5.3018,5.3053,5.3061,5.3068,5.3103,5.3161,5.3196,5.3204,5.3204,5.3211,5.3246,5.3304,5.3339,5.3347

Intensity : 451.1949,448.9361,443.2912,436.385,431.4763,428.0577,425.1824,422.2614,418.7412,414.6918,411.1194,408.1529,405.8032,404.2206,402.638,401.0554,399.4728,397.8902,396.3075,394.7249,393.4526,392.2142,390.9758,389.7374,388.499,387.4177,386.9156,386.8796,386.0486,384.1058,381.9306,380.5379,379.9332,377.6054,373.4866,368.6587,363.7521,358.896,351.7286,346.0219,342.7011

Time pixel : 128.5793,128.8114,129.194,129.5455,129.7954,129.9695,130.1108,130.2521,130.4188,130.6067,130.7735,130.9148,131.0488,131.1828,131.3168,131.4508,131.5848,131.7188,131.8528,131.9868,132.1208,132.2548,132.3888,132.5228,132.6568,132.7835,132.8848,132.9721,133.1134,133.3341,133.5802,133.7828,133.9356,134.1054,134.3048,134.5328,134.7681,135.0076,135.2568,135.4489,135.5575

Position pixel : 49.7288,49.7288,49.7288,49.7288,49.7288,49.7288,49.7288,49.7215,49.6888,49.6348,49.6021,49.5948,49.5948,49.5948,49.5948,49.5948,49.5948,49.5948,49.5948,49.5948,49.5948,49.5948,49.5948,49.5948,49.5948,49.6021,49.6348,49.6888,49.7215,49.7288,49.7361,49.7688,49.8228,49.8555,49.8628,49.8628,49.8701,49.9028,49.9568,49.9895,49.9968

Brightness max : 435.04
Brightness min :  0.00
Feature direction : Ambiguous
Feature speed : Slow
Feature type : Curve
Start frame : 1
End frame : 148
Start time (s) : 0.000
End time (s) : 590.650
Time step (s) : 4.018

Feature number : 7

Time (s) : 5.58358,6.15134,7.16951,8.4338,9.58345,10.3973,10.8798,11.2867,11.6643,11.9566,12.2321,12.4951,12.7705,13.0335,13.3089,13.5719,13.8474,14.1397,14.5173,14.8949,15.1872,15.4626,15.7256,16.0011,16.264,16.5101,16.671,16.8318,17.0486,17.2094,17.3702,17.6163,17.8793,18.1548,18.4177,18.6932,18.9561,19.2316,19.4946,19.77,20.033,20.2791

Position (um) : 5.9367,5.9453,5.9646,5.9873,6.0059,6.0202,6.0302,6.0353,6.0395,6.0461,6.0531,6.0604,6.0673,6.0747,6.0816,6.089,6.0967,6.1075,6.121,6.1346,6.1454,6.1539,6.1647,6.1775,6.1883,6.1968,6.2068,6.2169,6.2254,6.2354,6.2455,6.2532,6.2605,6.2675,6.2748,6.2818,6.2891,6.2961,6.3034,6.3104,6.317,6.3204

Intensity : 556.4445,555.4889,555.1358,553.1873,551.6219,551.5388,551.9034,552.5728,553.3472,554.0869,554.5083,554.7706,555.092,555.4799,555.927,554.9934,554.0414,552.7596,551.3833,550.2451,549.4853,549.0968,548.5335,547.9368,543.7847,538.0632,533.556,529.1315,524.1529,519.9021,515.7341,510.7078,505.593,500.4384,495.5211,490.564,485.8442,481.1159,476.8476,472.4819,468.373,464.5095

Time pixel : 1.3896,1.5309,1.7843,2.099,2.3851,2.5877,2.7077,2.809,2.903,2.9757,3.0443,3.1098,3.1783,3.2438,3.3123,3.3778,3.4463,3.5191,3.613,3.707,3.7798,3.8483,3.9138,3.9823,4.0478,4.109,4.149,4.1891,4.243,4.283,4.3231,4.3843,4.4498,4.5183,4.5838,4.6523,4.7178,4.7863,4.8518,4.9203,4.9858,5.047

Position pixel : 55.6395,55.7195,55.9002,56.1136,56.2876,56.4216,56.5156,56.5629,56.6029,56.6642,56.7296,56.7982,56.8636,56.9322,56.9976,57.0662,57.1389,57.2402,57.3669,57.4936,57.5949,57.6749,57.7762,57.8956,57.9969,58.0769,58.1709,58.2649,58.3449,58.4389,58.5329,58.6056,58.6742,58.7397,58.8082,58.8737,58.9422,59.0077,59.0762,59.1417,59.2029,59.2356

Brightness max : 435.04
Brightness min :  0.00
Feature direction : Ambiguous
Feature speed : Slow
Feature type : Curve
Start frame : 1
End frame : 148
Start time (s) : 0.000
End time (s) : 590.650
Time step (s) : 4.018

Feature number : 8

Time (s) : 54.071,54.7116,55.6835,56.6164,57.4596,58.261,59.0456,59.7155,60.2832,60.8217,61.3894,62.0593,62.8439,63.6452,64.4298,65.0997,65.6675,66.2059,66.7443,67.2827,67.8211,68.3596,68.898,69.4364,69.9748,70.5133,71.0517,71.5901,72.1579,72.8571,73.7731,74.8206,75.8975,76.945,77.861,78.5603,79.128,79.6665,80.2049,80.7433,81.3111,81.981,82.7362,83.4061,83.9738,84.4829,84.8605

Position (um) : 6.6644,6.6644,6.6644,6.6644,6.6644,6.6644,6.6644,6.6644,6.6644,6.6644,6.6644,6.6652,6.6686,6.6744,6.6779,6.6787,6.6787,6.6795,6.6829,6.6887,6.6922,6.693,6.6937,6.6972,6.703,6.7065,6.7073,6.7073,6.7073,6.708,6.7115,6.7173,6.7208,6.7223,6.7258,6.7316,6.7359,6.7401,6.7459,6.7494,6.7509,6.7544,6.761,6.768,6.7745,6.778,6.7788

Intensity : 365.1521,365.4109,365.8035,371.7826,385.1,397.7568,410.1475,420.7277,429.5516,432.0426,434.6694,437.7137,441.1746,444.7679,449.4092,456.8927,463.2464,469.2746,475.3394,481.4847,487.6515,492.8553,489.5821,486.4398,483.4667,480.4467,477.2989,474.105,470.7372,470.941,473.3969,476.8967,480.4628,476.7518,468.8746,463.1421,458.6406,454.5256,450.6963,445.9156,440.3509,434.1404,427.847,422.8297,418.9977,414.318,407.9182

Time pixel : 13.4571,13.6165,13.8584,14.0906,14.3005,14.4999,14.6952,14.8619,15.0032,15.1372,15.2785,15.4452,15.6405,15.8399,16.0352,16.2019,16.3432,16.4772,16.6112,16.7452,16.8792,17.0132,17.1472,17.2812,17.4152,17.5492,17.6832,17.8172,17.9585,18.1326,18.3605,18.6212,18.8892,19.1499,19.3779,19.552,19.6933,19.8273,19.9613,20.0953,20.2366,20.4033,20.5912,20.758,20.8993,21.026,21.1199

Position pixel : 62.459,62.459,62.459,62.459,62.459,62.459,62.459,62.459,62.459,62.459,62.459,62.4663,62.499,62.553,62.5857,62.593,62.593,62.6003,62.633,62.687,62.7197,62.727,62.7343,62.767,62.821,62.8537,62.861,62.861,62.861,62.8683,62.901,62.955,62.9877,63.0023,63.035,63.089,63.129,63.169,63.223,63.2557,63.2703,63.303,63.3643,63.4297,63.491,63.5237,63.531

Brightness max : 435.04
Brightness min :  0.00
Feature direction : Ambiguous
Feature speed : Slow
Feature type : Curve
Start frame : 1
End frame : 148
Start time (s) : 0.000
End time (s) : 590.650
Time step (s) : 4.018

Feature number : 9

Time (s) : 63.1655,63.5431,64.0522,64.5906,65.1584,65.8283,66.6128,67.4142,68.1988,68.8687,69.4071,69.814,70.1357,70.5426,71.0223,71.4,71.5901,71.7509,71.997,72.26,72.5061

Position (um) : 6.5786,6.5778,6.5735,6.5635,6.5508,6.5392,6.5271,6.5106,6.4936,6.4793,6.4685,6.4599,6.4483,6.4321,6.4156,6.4035,6.3927,6.3827,6.3749,6.3684,6.3649

Intensity : 440.1047,441.2488,442.3376,444.5344,447.827,451.9174,456.5841,460.061,462.4415,456.5015,450.9017,446.7329,442.5167,437.0639,431.4485,427.424,424.6986,422.311,420.0078,417.8979,415.3368

Time pixel : 15.7205,15.8145,15.9412,16.0752,16.2165,16.3832,16.5785,16.7779,16.9732,17.1399,17.2739,17.3752,17.4552,17.5565,17.6759,17.7699,17.8172,17.8573,17.9185,17.984,18.0452

Position pixel : 61.655,61.6477,61.6076,61.5137,61.3943,61.2857,61.1729,61.0177,60.8583,60.7243,60.623,60.5429,60.4343,60.2822,60.127,60.0142,59.9129,59.819,59.7462,59.685,59.6522

Brightness max : 435.04
Brightness min :  0.00
Feature direction : Ambiguous
Feature speed : Slow
Feature type : Curve
Start frame : 1
End frame : 148
Start time (s) : 0.000
End time (s) : 590.650
Time step (s) : 4.018

Feature number : 10

Time (s) : 5.4196,5.4196,5.44334,5.57346,5.85523,6.16074,6.42098,6.72649,7.03201,7.29224,7.62149,8.03339,8.46902,8.90465,9.34028,9.77591,10.1878,10.5171,10.7773,11.1065,11.4947,11.8239,12.0604,12.2833,12.5198,12.8491,13.261,13.6966,14.1322,14.5678,15.0035,15.4391,15.8747,16.3104,16.746,17.1816,17.6173,18.0529,18.4885,18.9242,19.3598,19.7717,20.1009,20.3612,20.6904,21.1023,21.5379,21.9736,22.4092,22.8211,23.1266

Position (um) : 10.1338,10.125,10.1112,10.095,10.0806,10.0684,10.0569,10.0453,10.0337,10.0222,10.0112,10.0025,9.99556,9.98745,9.97934,9.97306,9.96714,9.96149,9.95557,9.94992,9.944,9.93835,9.93243,9.92615,9.91804,9.90993,9.90302,9.89427,9.88333,9.87177,9.86083,9.85271,9.84926,9.84863,9.84863,9.84863,9.84863,9.84863,9.84863,9.84863,9.84863,9.848,9.84517,9.84052,9.83769,9.83706,9.83706,9.83706,9.83706,9.83706,9.83706

Intensity : 454.7969,455.481,456.3998,456.8086,456.0832,455.0457,454.2704,453.2147,452.1754,450.8821,449.0074,446.7837,445.1959,443.7286,442.3438,440.9526,439.6949,438.7829,438.18,437.3513,436.3792,435.6421,435.2941,435.5446,435.1315,434.1951,433.3306,432.375,431.348,430.3715,429.5249,428.9162,428.6003,427.2057,424.8205,422.4353,420.05,417.6648,415.2796,412.8944,410.5092,408.2244,406.3184,405.401,404.4147,403.3108,402.1671,401.0233,399.8796,398.7982,397.9961

Time pixel : 1.3488,1.3488,1.3547,1.3871,1.4572,1.5333,1.598,1.6741,1.7501,1.8149,1.8968,1.9993,2.1078,2.2162,2.3246,2.433,2.5355,2.6175,2.6822,2.7642,2.8608,2.9427,3.0016,3.0571,3.1159,3.1979,3.3004,3.4088,3.5172,3.6256,3.734,3.8425,3.9509,4.0593,4.1677,4.2761,4.3846,4.493,4.6014,4.7098,4.8182,4.9207,5.0027,5.0675,5.1494,5.2519,5.3603,5.4687,5.5772,5.6797,5.7557

Position pixel : 94.9742,94.8923,94.7633,94.6112,94.4763,94.362,94.2536,94.1452,94.0368,93.9283,93.8258,93.7439,93.6791,93.6031,93.527,93.4682,93.4127,93.3598,93.3043,93.2513,93.1959,93.1429,93.0875,93.0286,92.9526,92.8765,92.8118,92.7298,92.6273,92.5189,92.4164,92.3403,92.308,92.3021,92.3021,92.3021,92.3021,92.3021,92.3021,92.3021,92.3021,92.2961,92.2697,92.226,92.1995,92.1936,92.1936,92.1936,92.1936,92.1936,92.1936

Brightness max : 435.04
Brightness min :  0.00
Feature direction : Ambiguous
Feature speed : Slow
Feature type : Curve
Start frame : 1
End frame : 148
Start time (s) : 0.000
End time (s) : 590.650
Time step (s) : 4.018

Feature number : 11

Time (s) : 35.1675,35.6038,36.3758,37.3772,38.3394,39.2847,40.1714,40.8707,41.4091,41.816,42.1377,42.5446,43.0537,43.5628,43.9697,44.2914,44.6983,45.178,45.6143,46.0675,46.6912,47.3611,48.0603,48.8155,49.4854,50.0532,50.5916,51.13,51.6685,52.1775,52.5845,52.9355,53.5032,54.3899,55.4374,56.4849,57.401,58.1002,58.668,59.177,59.5546

Position (um) : 9.8385,9.8385,9.8385,9.8385,9.8385,9.8385,9.8385,9.8385,9.8377,9.8343,9.8285,9.825,9.8242,9.8235,9.82,9.8134,9.8064,9.7991,9.7914,9.7806,9.7678,9.7562,9.745,9.7319,9.7207,9.7091,9.6955,9.682,9.672,9.667,9.6627,9.6561,9.6492,9.6418,9.6349,9.6283,9.6248,9.6233,9.6198,9.614,9.6105

Intensity : 438.2767,439.4711,441.0732,441.4166,441.7466,442.0708,442.3748,446.2585,449.3114,451.725,453.7538,456.1969,459.1229,462.0526,464.5286,466.1301,466.8204,467.6664,468.4327,469.2059,470.3352,471.6132,472.994,473.4072,473.7908,474.2297,471.7654,469.6066,468.4167,468.2945,466.3735,464.113,461.276,457.7689,454.3201,450.4006,444.1591,439.4308,435.4919,431.8359,429.1504

Time pixel : 8.75243,8.86101,9.05316,9.30237,9.54184,9.77712,9.9978,10.1718,10.3058,10.4071,10.4872,10.5884,10.7151,10.8418,10.9431,11.0232,11.1244,11.2438,11.3524,11.4652,11.6204,11.7871,11.9612,12.1491,12.3159,12.4572,12.5912,12.7252,12.8592,12.9859,13.0871,13.1745,13.3158,13.5365,13.7972,14.0579,14.2859,14.4599,14.6012,14.7279,14.8219

Position pixel : 92.2074,92.2074,92.2074,92.2074,92.2074,92.2074,92.2074,92.2074,92.2001,92.1674,92.1134,92.0807,92.0734,92.0661,92.0334,91.9721,91.9067,91.8381,91.7654,91.6641,91.5447,91.4361,91.3306,91.2081,91.1026,90.9941,90.8674,90.7407,90.6467,90.5994,90.5593,90.4981,90.4326,90.3641,90.2986,90.2374,90.2047,90.1901,90.1573,90.1034,90.0707

Brightness max : 435.04
Brightness min :  0.00
Feature direction : Ambiguous
Feature speed : Slow
Feature type : Curve
Start frame : 1
End frame : 148
Start time (s) : 0.000
End time (s) : 590.650
Time step (s) : 4.018

Feature number : 12

Time (s) : 5.93185,6.06333,6.30945,6.60175,7.03803,7.6786,8.4338,9.13305,9.83229,10.5875,11.2574,11.8545,12.5244,13.2503,13.7887,14.1103,14.3858,14.6488,14.9242,15.2165,15.6235,16.1032,16.5395,16.9633,17.4555,17.85,18.1548,18.4177,18.6932,18.9561,19.2316,19.5239,19.9308,20.4106,20.8175,21.1392,21.5461,22.0259,22.4328,22.7251,23.0006,23.2929,23.6998,24.1796,24.5865,24.8788,25.1543,25.4466,25.8535,26.3626,26.9303,27.6002,28.3555,29.0254,29.5931,30.1315,30.67,31.2084,31.7468,32.3146,33.0138,33.9005,34.7872,35.4864,36.0542,36.5926,37.1017,37.4793

Position (um) : 11.0353,11.0288,11.021,11.0102,10.9967,10.9824,10.9673,10.9495,10.9294,10.9117,10.8966,10.8815,10.8637,10.8437,10.8266,10.8151,10.8065,10.7957,10.7822,10.7679,10.7536,10.7393,10.7242,10.7064,10.6872,10.6729,10.6643,10.657,10.65,10.6427,10.6357,10.6284,10.6206,10.6098,10.5971,10.5863,10.5778,10.5669,10.5534,10.5391,10.5248,10.5105,10.497,10.4862,10.4784,10.4711,10.4641,10.4576,10.4533,10.4483,10.439,10.429,10.4213,10.4147,10.4104,10.4062,10.4004,10.3969,10.3961,10.3961,10.3969,10.4004,10.4062,10.4097,10.4104,10.4104,10.4104,10.4104

Intensity : 407.932,408.5783,409.4291,410.6493,412.3445,413.9727,413.9642,413.0648,412.2504,411.2257,410.2904,409.4141,408.6219,408.5118,408.6526,408.8461,409.0693,409.3641,409.7763,410.4851,411.6348,413.0113,412.7209,412.9388,413.471,414.0775,414.4539,414.8272,415.1946,415.6577,416.1149,416.6382,417.1592,417.6076,418.3942,419.2381,419.7214,420.5499,421.5503,422.6982,423.9433,425.245,426.4332,427.4272,428.6655,429.9012,431.1795,432.5074,433.3563,434.3448,435.8145,437.6938,440.9869,446.4233,450.8535,455.0182,459.2243,463.2273,467.0468,469.9896,470.5922,471.1972,471.6109,471.9604,472.3717,470.0257,467.1458,465.0097

Time pixel : 1.4763,1.509,1.5703,1.643,1.7516,1.911,2.099,2.273,2.447,2.635,2.8017,2.9503,3.1171,3.2977,3.4317,3.5118,3.5803,3.6458,3.7143,3.7871,3.8883,4.0077,4.1163,4.2218,4.3443,4.4425,4.5183,4.5838,4.6523,4.7178,4.7863,4.8591,4.9604,5.0798,5.181,5.2611,5.3624,5.4818,5.583,5.6558,5.7243,5.7971,5.8984,6.0178,6.119,6.1918,6.2603,6.3331,6.4344,6.5611,6.7024,6.8691,7.0571,7.2238,7.3651,7.4991,7.6331,7.7671,7.9011,8.0424,8.2164,8.4371,8.6578,8.8318,8.9731,9.1071,9.2338,9.3278

Position pixel : 103.4235,103.3623,103.2895,103.1882,103.0615,102.9275,102.7862,102.6195,102.4315,102.2648,102.1235,101.9822,101.8155,101.6275,101.4681,101.3595,101.2795,101.1782,101.0515,100.9175,100.7835,100.6495,100.5082,100.3415,100.1608,100.0268,99.94677,99.87821,99.81276,99.74421,99.67876,99.61021,99.53746,99.43618,99.31678,99.2155,99.13545,99.03418,98.90747,98.77347,98.63947,98.50547,98.37877,98.27749,98.20474,98.13619,98.07074,98.00949,97.96946,97.92214,97.83546,97.74148,97.66874,97.60748,97.56746,97.52743,97.47348,97.44076,97.43345,97.43345,97.44076,97.47348,97.52743,97.56016,97.56746,97.56746,97.56746,97.56746

Brightness max : 435.04
Brightness min :  0.00
Feature direction : Ambiguous
Feature speed : Slow
Feature type : Curve
Start frame : 1
End frame : 148
Start time (s) : 0.000
End time (s) : 590.650
Time step (s) : 4.018

Feature number : 13

Time (s) : 48.4673,48.5987,48.8449,49.1372,49.5734,50.214,50.9986,51.8293,52.7746,53.7928,54.7088,55.4081,55.9465,56.3534,56.6751,57.0527,57.4303,57.7519,58.1589,58.6386,59.0162,59.177

Position (um) : 10.0287,10.0352,10.0422,10.0495,10.0573,10.0681,10.0816,10.0959,10.1102,10.1245,10.1388,10.1523,10.1631,10.1709,10.179,10.1902,10.2068,10.2246,10.2424,10.2589,10.2702,10.2775

Intensity : 459.2458,458.9297,458.7796,458.7312,458.9135,459.4472,460.4975,462.0946,463.1976,464.0013,465.0785,464.5976,464.2944,463.0943,459.5509,455.3114,450.8078,446.8004,442.0129,435.277,430.2584,427.8121

Time pixel : 12.0625,12.0952,12.1564,12.2292,12.3378,12.4972,12.6924,12.8992,13.1345,13.3879,13.6158,13.7899,13.9239,14.0252,14.1052,14.1992,14.2932,14.3732,14.4745,14.5939,14.6879,14.7279

Position pixel : 93.9894,94.0507,94.1161,94.1847,94.2574,94.3587,94.4854,94.6194,94.7534,94.8874,95.0214,95.1481,95.2494,95.3221,95.398,95.5035,95.6587,95.8254,95.9922,96.1474,96.2529,96.3214

Brightness max : 435.04
Brightness min :  0.00
Feature direction : Ambiguous
Feature speed : Slow
Feature type : Curve
Start frame : 1
End frame : 148
Start time (s) : 0.000
End time (s) : 590.650
Time step (s) : 4.018

Feature number : 14

Time (s) : 109.8475,110.0083,110.4152,111.0558,111.811,112.4809,113.0193,113.4263,113.7186,113.994,114.2863,114.6933,115.173,115.58,115.8723,116.1477,116.44,116.8176,117.1952,117.5169,117.9238,118.4329,118.9713,119.5098,120.0482,120.5866,121.125,121.6634,122.2019,122.7403,123.2787,123.8171,124.3556,124.894,125.4324,125.9708,126.5093,127.0477,127.5861,128.1245,128.6336,129.0405,129.3622,129.7691,130.2782,130.7873,131.1942,131.5159,131.9228,132.4026,132.8095,133.1312,133.5381,134.0472,134.6149,135.3435,136.3617,137.4652,138.2665,138.7322,139.0538,139.4901,140.1013,140.725,141.1488,141.4536,141.7459,142.1235,142.5011,142.8228,143.2004,143.578,143.8996,144.2772,144.6548,144.9471,145.2226,145.5149,145.8925,146.2701,146.5917,146.9987,147.4784,147.8854,148.1777,148.4531,148.7161,148.9915,149.2838,149.6614,150.039,150.3607,150.7383,151.1159,151.4082,151.6836,151.976,152.3536,152.7312,153.0235,153.2696,153.4011

Position (um) : 8.7762,8.7697,8.7611,8.7461,8.7233,8.6997,8.6812,8.6661,8.6518,8.6375,8.6232,8.6089,8.5946,8.5811,8.5703,8.5617,8.5517,8.5417,8.5339,8.5266,8.5188,8.508,8.4945,8.4802,8.4659,8.4524,8.4416,8.4331,8.423,8.413,8.4052,8.3987,8.3952,8.3937,8.3902,8.3844,8.3809,8.3801,8.3801,8.3801,8.3809,8.3844,8.3902,8.3937,8.3944,8.3952,8.3987,8.4045,8.4079,8.4095,8.413,8.4188,8.423,8.4273,8.4338,8.4424,8.4567,8.4752,8.4895,8.4988,8.5096,8.5231,8.5374,8.5517,8.566,8.5803,8.5946,8.6089,8.6224,8.6332,8.6418,8.6526,8.6669,8.6847,8.7039,8.7182,8.7276,8.7384,8.7519,8.7662,8.7805,8.7948,8.8091,8.8234,8.8377,8.852,8.8663,8.8806,8.8949,8.9092,8.9235,8.9378,8.9521,8.9656,8.9764,8.9841,8.9922,9.0035,9.0193,9.0328,9.0413,9.0479

Intensity : 313.1171,314.8673,318.4949,324.4579,331.085,337.5495,339.9198,341.751,343.3813,344.1123,343.3364,342.8458,342.588,342.3312,342.107,342.0637,341.9809,341.0395,339.7927,338.1325,336.3768,334.1289,331.5988,329.1591,326.9348,324.947,322.7019,320.9874,319.0691,317.1821,315.763,314.6317,313.9287,313.131,311.9912,310.7203,309.6824,308.8638,308.1005,307.3372,306.7338,306.9144,307.2179,307.4279,307.5127,307.6011,307.8439,308.2267,308.499,308.6714,308.2607,307.6128,306.5782,305.1902,303.4646,301.1522,298.0373,296.522,296.0229,295.8606,295.9362,296.1011,296.2601,295.9608,295.9396,296.1509,296.5392,297.1698,297.9965,298.837,299.7865,300.1416,300.3012,300.5492,300.852,300.6242,300.5488,300.5264,300.5476,300.3683,300.2245,300.2146,300.3528,300.5131,300.6269,300.7788,300.4197,299.5992,298.8342,298.1381,297.5176,296.9546,296.4796,296.0992,295.7686,295.5514,295.3165,294.9598,294.3037,293.4069,292.837,292.4767

Time pixel : 27.3387,27.3787,27.48,27.6394,27.8273,27.9941,28.1281,28.2293,28.3021,28.3706,28.4434,28.5447,28.6641,28.7654,28.8381,28.9067,28.9794,29.0734,29.1674,29.2474,29.3487,29.4754,29.6094,29.7434,29.8774,30.0114,30.1454,30.2794,30.4134,30.5474,30.6814,30.8154,30.9494,31.0834,31.2174,31.3514,31.4854,31.6194,31.7534,31.8874,32.0141,32.1154,32.1954,32.2967,32.4234,32.5501,32.6514,32.7315,32.8327,32.9521,33.0534,33.1335,33.2347,33.3614,33.5027,33.6841,33.9375,34.2121,34.4116,34.5274,34.6075,34.7161,34.8682,35.0234,35.1289,35.2047,35.2775,35.3715,35.4654,35.5455,35.6395,35.7334,35.8135,35.9075,36.0015,36.0742,36.1428,36.2155,36.3095,36.4035,36.4835,36.5848,36.7042,36.8055,36.8782,36.9468,37.0122,37.0808,37.1535,37.2475,37.3415,37.4215,37.5155,37.6095,37.6822,37.7508,37.8235,37.9175,38.0115,38.0842,38.1455,38.1782

Position pixel : 82.2512,82.19,82.1099,81.9686,81.7552,81.5346,81.3605,81.2192,81.0852,80.9512,80.8172,80.6832,80.5492,80.4225,80.3212,80.2412,80.1472,80.0532,79.9805,79.9119,79.8392,79.7379,79.6112,79.4772,79.3432,79.2165,79.1152,79.0352,78.9412,78.8472,78.7745,78.7132,78.6805,78.6659,78.6332,78.5792,78.5465,78.5392,78.5392,78.5392,78.5465,78.5792,78.6332,78.6659,78.6732,78.6805,78.7132,78.7672,78.7999,78.8145,78.8472,78.9012,78.9412,78.9812,79.0425,79.1225,79.2565,79.4299,79.5639,79.6512,79.7525,79.8792,80.0132,80.1472,80.2812,80.4152,80.5492,80.6832,80.8099,80.9112,80.9913,81.0925,81.2265,81.3933,81.5739,81.7079,81.7953,81.8965,82.0232,82.1572,82.2912,82.4253,82.5593,82.6933,82.8273,82.9613,83.0953,83.2293,83.3633,83.4973,83.6313,83.7653,83.8993,84.026,84.1272,84.2,84.2759,84.3813,84.5293,84.656,84.736,84.7973

Brightness max : 435.04
Brightness min :  0.00
Feature direction : Ambiguous
Feature speed : Slow
Feature type : Curve
Start frame : 1
End frame : 148
Start time (s) : 0.000
End time (s) : 590.650
Time step (s) : 4.018

Feature number : 15

Time (s) : 186.3329,186.6252,187.2196,187.8601,188.4279,188.9663,189.5047,190.0432,190.5816,191.1493,191.8193,192.5745,193.2444,193.8121,194.3505,194.889,195.3981,195.7757

Position (um) : 9.233,9.2237,9.2145,9.2102,9.2094,9.2094,9.2094,9.2094,9.2094,9.2094,9.2094,9.2094,9.2094,9.2094,9.2094,9.2094,9.2094,9.2094

Intensity : 310.1217,310.357,311.1937,312.309,313.4102,314.1083,313.4888,312.8694,312.25,311.5968,310.8261,309.9572,309.7525,309.9472,310.1318,310.3163,310.4908,310.6203

Time pixel : 46.3742,46.447,46.5949,46.7543,46.8956,47.0296,47.1636,47.2976,47.4316,47.5729,47.7397,47.9276,48.0943,48.2356,48.3696,48.5036,48.6303,48.7243

Position pixel : 86.532,86.4453,86.3586,86.3186,86.3113,86.3113,86.3113,86.3113,86.3113,86.3113,86.3113,86.3113,86.3113,86.3113,86.3113,86.3113,86.3113,86.3113

Brightness max : 435.04
Brightness min :  0.00
Feature direction : Ambiguous
Feature speed : Slow
Feature type : Curve
Start frame : 1
End frame : 148
Start time (s) : 0.000
End time (s) : 590.650
Time step (s) : 4.018

Feature number : 16

Time (s) : 185.4169,185.9846,186.9734,188.1063,189.0685,189.8823,190.5522,191.1493,191.8193,192.5745,193.2444,193.8121,194.3799,195.0205,195.6735,196.2288,196.7504,197.1448,197.4496,197.7126,197.9587

Position (um) : 10.0101,10.0109,10.0144,10.0209,10.0279,10.0344,10.0379,10.0387,10.0387,10.0387,10.0387,10.0395,10.043,10.0495,10.0565,10.0638,10.0708,10.0781,10.0859,10.0959,10.1051

Intensity : 330.2158,330.7956,331.8454,333.0957,334.3496,335.89,337.1225,338.1774,339.3444,340.6601,341.1353,341.0959,341.0608,340.9731,340.801,340.5703,340.2826,339.7692,339.2445,338.7293,338.2497

Time pixel : 46.1462,46.2875,46.5336,46.8156,47.055,47.2576,47.4243,47.5729,47.7397,47.9276,48.0943,48.2356,48.3769,48.5364,48.6989,48.8371,48.9669,49.0651,49.1409,49.2064,49.2676

Position pixel : 93.8154,93.8227,93.8554,93.9167,93.9821,94.0434,94.0761,94.0834,94.0834,94.0834,94.0834,94.0907,94.1234,94.1847,94.2501,94.3187,94.3841,94.4527,94.5254,94.6194,94.7061

Brightness max : 435.04
Brightness min :  0.00
Feature direction : Ambiguous
Feature speed : Slow
Feature type : Curve
Start frame : 1
End frame : 148
Start time (s) : 0.000
End time (s) : 590.650
Time step (s) : 4.018

Feature number : 17

Time (s) : 408.2946,408.6429,409.0205,409.3128,409.5883,409.8806,410.2875,410.7672,411.1742,411.4958,411.8734,412.251,412.5433,412.8188,413.1111,413.4887,413.8663,414.1879,414.5655,414.9431,415.2648,415.6424,416.02,416.3416,416.7192,417.0968,417.3891,417.6646,417.9569,418.3345,418.7121,419.0337,419.4407,419.9204,420.3274,420.6197,420.8951,421.1581,421.4336,421.7259,422.1328,422.6419,423.1803,423.6894,424.0963,424.418,424.7956,425.1732,425.4948,425.8724,426.25,426.5423,426.8178,427.0808,427.3562,427.6192,427.8653,428.0261,428.1869,428.4331,428.696,428.9715,429.2344,429.5099,429.7729,430.019,430.1798,430.3406,430.5574,430.6889,430.7476,430.8791,431.0958,431.2273,431.2567,431.2567,431.2567

Position (um) : 3.7762,3.7754,3.7711,3.7611,3.7476,3.7333,3.719,3.7047,3.6896,3.6726,3.656,3.644,3.6324,3.6197,3.6097,3.6046,3.5996,3.5903,3.5803,3.5717,3.5617,3.5517,3.5431,3.5323,3.5188,3.5053,3.4945,3.4867,3.4794,3.4716,3.4616,3.4516,3.4431,3.4322,3.4195,3.4087,3.4009,3.3936,3.3859,3.3751,3.3615,3.3465,3.3287,3.3086,3.2908,3.2757,3.2615,3.2472,3.2336,3.2228,3.2143,3.2035,3.19,3.1757,3.1621,3.1513,3.1428,3.1328,3.1227,3.1142,3.1034,3.0899,3.0756,3.0613,3.047,3.0327,3.0184,3.0041,2.9898,2.9755,2.962,2.9512,2.9426,2.9318,2.9183,2.9048,2.8948

Intensity : 292.7663,293.6404,294.6202,295.4416,296.2539,297.0095,297.0942,297.2473,297.3838,297.4839,297.6498,297.8618,298.0335,297.7487,297.3912,297.4008,297.41,296.8715,296.3677,296.0169,295.6679,295.416,295.2984,295.1614,295.0483,294.86,294.7686,294.8092,294.7328,294.1269,293.566,293.1541,292.788,292.4818,292.3579,292.1111,291.8402,291.6677,291.5717,291.5349,291.206,290.4312,289.5944,288.773,287.656,286.8138,286.0397,285.3663,284.8419,284.4265,283.6267,282.9354,282.3766,281.971,281.6707,281.4782,281.3615,281.3925,281.4762,281.5535,281.7569,282.2508,283.107,284.0373,285.0355,285.7898,286.3019,286.8462,287.2826,287.8968,288.6484,289.0879,289.237,289.75,290.6656,291.6352,292.3543

Time pixel : 101.6157,101.7024,101.7963,101.8691,101.9377,102.0104,102.1117,102.2311,102.3324,102.4124,102.5064,102.6004,102.6731,102.7417,102.8144,102.9084,103.0024,103.0824,103.1764,103.2704,103.3504,103.4444,103.5384,103.6184,103.7124,103.8064,103.8791,103.9477,104.0204,104.1144,104.2084,104.2884,104.3897,104.5091,104.6104,104.6831,104.7517,104.8171,104.8857,104.9584,105.0597,105.1864,105.3204,105.4471,105.5484,105.6284,105.7224,105.8164,105.8965,105.9904,106.0844,106.1572,106.2257,106.2912,106.3597,106.4252,106.4864,106.5264,106.5665,106.6277,106.6932,106.7617,106.8272,106.8957,106.9612,107.0224,107.0624,107.1025,107.1564,107.1891,107.2037,107.2365,107.2904,107.3231,107.3304,107.3304,107.3304

Position pixel : 35.3906,35.3833,35.3433,35.2493,35.1226,34.9886,34.8546,34.7206,34.5793,34.4199,34.2646,34.1519,34.0433,33.9239,33.8299,33.7826,33.7353,33.6486,33.5546,33.4746,33.3806,33.2866,33.2066,33.1053,32.9786,32.8519,32.7506,32.6779,32.6093,32.5365,32.4426,32.3486,32.2685,32.1673,32.0479,31.9466,31.8738,31.8053,31.7325,31.6313,31.5046,31.3633,31.1965,31.0086,30.8419,30.7005,30.5665,30.4325,30.3058,30.2046,30.1245,30.0232,29.8965,29.7625,29.6358,29.5346,29.4545,29.3605,29.2666,29.1865,29.0852,28.9585,28.8245,28.6905,28.5565,28.4225,28.2885,28.1545,28.0205,27.8865,27.7598,27.6585,27.5785,27.4772,27.3505,27.2238,27.1298

Brightness max : 435.04
Brightness min :  0.00
Feature direction : Ambiguous
Feature speed : Slow
Feature type : Curve
Start frame : 1
End frame : 148
Start time (s) : 0.000
End time (s) : 590.650
Time step (s) : 4.018

Feature number : 18

Time (s) : 258.613,258.9906,259.4997,260.0382,260.5766,261.0857,261.4926,261.8142,262.2212,262.7009,263.1079,263.4002,263.6756,263.9386,264.2141,264.5064,264.884,265.2616,265.5832,265.9608,266.3384,266.66,267.067,267.5761,268.1145,268.6529,269.1913,269.7298,270.2388,270.6458,270.9381,271.2135,271.4765,271.752,272.0443,272.4219,272.8288,273.2526,273.7448,274.1686,274.6049,275.114,275.6524,276.1615,276.5684,276.8901,277.297,277.8061,278.3445,278.8536,279.2312,279.392

Position (um) : 3.8477,3.8469,3.8434,3.8369,3.8299,3.8226,3.8156,3.8083,3.8013,3.794,3.787,3.7797,3.7727,3.7654,3.7576,3.7476,3.7376,3.729,3.7182,3.7047,3.6904,3.6761,3.6618,3.6467,3.6289,3.6081,3.5868,3.566,3.5482,3.5331,3.5188,3.5053,3.4945,3.4859,3.4744,3.4574,3.4365,3.4145,3.3894,3.3623,3.3372,3.3144,3.29,3.2665,3.2464,3.2228,3.1876,3.1428,3.0949,3.0536,3.025,3.0099

Intensity : 330.4035,330.1776,330.0716,330.0559,330.0339,330.101,330.8814,331.7126,332.6163,333.6025,334.4501,335.148,335.7913,336.4169,337.0571,337.7875,338.5767,338.5744,337.4219,336.2739,335.3743,334.8072,334.4229,334.3221,334.6961,334.3711,334.5929,334.1268,333.8018,333.6338,333.5298,333.278,333.1419,333.092,333.088,333.1998,333.4999,333.9661,335.906,338.0818,339.9932,341.5221,345.675,350.4034,354.2859,358.9855,368.3445,385.7312,403.8374,425.706,440.5543,448.3859

Time pixel : 64.3632,64.4572,64.5839,64.7179,64.8519,64.9786,65.0798,65.1599,65.2612,65.3806,65.4819,65.5546,65.6232,65.6886,65.7572,65.8299,65.9239,66.0179,66.0979,66.1919,66.2859,66.3659,66.4672,66.5939,66.7279,66.8619,66.9959,67.1299,67.2566,67.3579,67.4306,67.4992,67.5646,67.6332,67.7059,67.7999,67.9012,68.0067,68.1292,68.2346,68.3432,68.4699,68.6039,68.7306,68.8319,68.9119,69.0132,69.1399,69.2739,69.4006,69.4946,69.5346

Position pixel : 36.0606,36.0533,36.0206,35.9593,35.8939,35.8253,35.7599,35.6913,35.6259,35.5573,35.4919,35.4233,35.3579,35.2893,35.2166,35.1226,35.0286,34.9486,34.8473,34.7206,34.5866,34.4526,34.3186,34.1773,34.0106,33.8153,33.6159,33.4206,33.2539,33.1126,32.9786,32.8519,32.7506,32.6705,32.562,32.4025,32.2073,32.0005,31.7653,31.5119,31.2766,31.0625,30.8345,30.6139,30.4252,30.2039,29.8746,29.4545,29.0058,28.6184,28.3504,28.2091

Brightness max : 435.04
Brightness min :  0.00
Feature direction : Ambiguous
Feature speed : Slow
Feature type : Curve
Start frame : 1
End frame : 148
Start time (s) : 0.000
End time (s) : 590.650
Time step (s) : 4.018

