KYMOANALYSIS DATA

General Information :

Tiff path : G:\My Drive\microtubule dynamics and cut7\21-15 screens and tests\cut11-7\20-06-17&18 (cut11-7, cut7-3GFP, Klp5D, mts)\
Spindle type : Monopolar
Start frame : 1
End frame : 46
Start time (s) : 0.000
End time (s) : 194.570
Time step (s) : 4.324
Num poles : 1
Num tracks : 7
Num tracks poleward : 0
Num tracks antipoleward : 0
Num tracks ambiguous : 7
Comments : {

}
Poles Information :


Pole number : 1

Time (s) : 4.323778,8.745823,13.16787,17.58991,22.01196,26.43401,30.85605,35.2781,39.70014,44.12219,48.54423,52.96628,57.38832,61.81037,66.23241,70.65446,75.07651,79.49855,83.9206,88.34264,92.76469,97.18673,101.6088,106.0308,110.4529,114.8749,119.297,123.719,128.1411,132.5631,136.9851,141.4072,145.8292,150.2513,154.6733,159.0954,163.5174,167.9395,172.3615,176.7836,181.2056,185.6276,190.0497,194.4717,198.8938

Position (um) : 2.2661,2.2641,2.2622,2.2603,2.2584,2.2565,2.2545,2.2526,2.2507,2.2488,2.2468,2.2449,2.243,2.2411,2.2392,2.2372,2.2353,2.2334,2.2315,2.2296,2.2276,2.2257,2.2238,2.2219,2.2199,2.218,2.2161,2.2142,2.2123,2.2103,2.2084,2.2065,2.2046,2.2027,2.2007,2.1988,2.1969,2.195,2.193,2.1911,2.1892,2.1873,2.1854,2.1834,2.1815

Intensity : 649.3952,643.216,650.8862,671.5208,681.3249,684.8302,699.0937,706.1661,701.0075,682.5613,672.4142,685.2267,702.5216,720.5007,731.056,740.2464,732.0637,708.8497,686.725,671.1876,649.6865,629.8897,613.72,598.8861,586.1839,582.7313,592.3141,594.7321,583.1987,554.5569,532.7717,525.9343,525.4484,518.8543,495.8797,479.8832,458.0418,451.0014,456.8643,480.3746,507.8516,511.8603,506.0951,486.3178,474.9609

Time pixel : 1,2.02273,3.04545,4.06818,5.09091,6.11364,7.13636,8.15909,9.18182,10.2045,11.2273,12.25,13.2727,14.2955,15.3182,16.3409,17.3636,18.3864,19.4091,20.4318,21.4545,22.4773,23.5,24.5227,25.5455,26.5682,27.5909,28.6136,29.6364,30.6591,31.6818,32.7045,33.7273,34.75,35.7727,36.7955,37.8182,38.8409,39.8636,40.8864,41.9091,42.9318,43.9545,44.9773,46

Position pixel : 21.2377,21.2196,21.2016,21.1836,21.1656,21.1476,21.1296,21.1116,21.0936,21.0756,21.0576,21.0396,21.0216,21.0036,20.9855,20.9675,20.9495,20.9315,20.9135,20.8955,20.8775,20.8595,20.8415,20.8235,20.8055,20.7875,20.7695,20.7514,20.7334,20.7154,20.6974,20.6794,20.6614,20.6434,20.6254,20.6074,20.5894,20.5714,20.5534,20.5354,20.5173,20.4993,20.4813,20.4633,20.4453

Pole type : Line
Start frame : 1
End frame : 46
Start time (s) : 0.000
End time (s) : 194.570
Time step (s) : 4.324

Feature Information :


Feature number : 1

Time (s) : 105.6212,105.7065,105.9223,106.293,106.8329,107.418,107.874,108.2759,108.7461,109.2318,109.6878,110.1891,110.7445,111.2999,111.7856,112.172,112.5272,112.8579,113.0982,113.3295,113.5994,113.8694,114.0851,114.2712,114.5567,114.9416,115.2968,115.5979,115.8989,116.2541,116.6701,117.095,117.511,117.8662,118.1673,118.4372,118.653,118.8391,119.1246,119.525,119.9344,120.2962,120.6218,121.0533,121.6087,122.2494,122.9354,123.5916,124.2479,124.9338,125.5589,126.0758,126.5162,126.9478,127.3727,127.7887,128.1284,128.3597,128.5147,128.6607,128.8002,128.9462,129.1012,129.317,129.5714,129.8027,130.043,130.3737,130.7133,131.0144,131.2843,131.5001,131.6551,131.8011,131.9406,132.0866,132.2416,132.4574,132.7118,132.9276,133.0825,133.2286,133.3836,133.5994,133.8537,134.0695,134.2401,134.4558,134.7102,134.926,135.081,135.227,135.382,135.5978,135.8677,136.1532,136.4387,136.7242,137.0253,137.3805,137.7809,138.1517,138.5224,138.9229,139.2936,139.6644,140.0648,140.4356,140.8064,141.2068,141.562,141.8786,142.2494,142.7195,143.1897,143.576,143.9468,144.3472,144.7024,145.0035,145.289,145.5744,145.8599,146.1299,146.3457,146.5006,146.6467,146.8017,147.0175,147.2874,147.5884,147.9437,148.3441,148.7149,149.1012,149.6024,150.2276,150.9135,151.5542,152.1252,152.6109,152.9661,153.1819,153.2827,153.368,153.4985,153.6535,153.8693,154.1236,154.3394,154.4944,154.6249,154.7102,154.7954,154.9104,154.9801,154.9957,154.9957,155.0112,155.0809,155.1959,155.2656,155.2812,155.2967,155.3664,155.4969,155.6519,155.8677,156.1221,156.3223,156.4231,156.5084,156.6389,156.7939,156.9941,157.1788,157.2796,157.3649,157.4798,157.5651,157.6504,157.7653

Position (um) : 1.8056,1.8007,1.794,1.7866,1.7778,1.768,1.7592,1.7518,1.7447,1.7377,1.7302,1.7215,1.7116,1.7028,1.6954,1.6884,1.6813,1.6746,1.6689,1.663,1.6552,1.6486,1.644,1.6386,1.632,1.6249,1.6179,1.6109,1.6038,1.5964,1.5876,1.5777,1.5693,1.5636,1.5594,1.5541,1.5478,1.5421,1.5362,1.5276,1.5175,1.5073,1.4981,1.4886,1.4762,1.4604,1.4414,1.4206,1.3995,1.3787,1.3601,1.3456,1.334,1.322,1.31,1.2991,1.2889,1.2801,1.2727,1.2656,1.2586,1.2512,1.242,1.2304,1.2188,1.2089,1.198,1.1849,1.1727,1.1621,1.1533,1.1463,1.1409,1.1367,1.1314,1.1247,1.1177,1.1106,1.1036,1.0966,1.0895,1.0825,1.0754,1.068,1.0588,1.0472,1.0352,1.0248,1.0162,1.0107,1.0067,1.0032,0.99964,0.9962,0.99259,0.98915,0.98593,0.98421,0.98344,0.98172,0.9785,0.97506,0.97184,0.97012,0.96974,0.96974,0.96974,0.96974,0.97012,0.97223,0.97717,0.98383,0.99126,1,1.0095,1.0166,1.0212,1.0265,1.0328,1.0381,1.0423,1.0476,1.0543,1.0613,1.068,1.0733,1.0775,1.0832,1.0916,1.1019,1.1127,1.1247,1.1363,1.1459,1.1554,1.1678,1.1832,1.2001,1.2163,1.2325,1.2491,1.2628,1.2723,1.2805,1.291,1.3041,1.3171,1.3315,1.3481,1.3643,1.3805,1.397,1.4111,1.4224,1.4326,1.4414,1.4488,1.4562,1.4654,1.477,1.4886,1.4977,1.5052,1.5126,1.5218,1.5337,1.5478,1.5636,1.5802,1.5939,1.6042,1.6151,1.6282,1.6411,1.6552,1.6697,1.6805,1.6884,1.6958,1.7045,1.714,1.7207

Intensity : 360.939,359.3078,357.6577,356.5547,355.8912,355.1348,354.2109,353.2417,352.3194,351.5018,350.4627,349.1434,347.6846,347.1157,347.0016,346.5385,345.8675,345.1061,344.2859,343.3575,342.0053,340.9661,340.3422,339.3901,338.3646,337.5394,336.5924,335.4459,334.281,333.3474,332.3894,331.3662,330.7751,330.6672,330.7509,330.4397,329.6862,328.9713,328.6053,328.0594,327.1924,326.1257,325.2148,325.07,326.2603,327.0742,327.1329,326.2247,324.7583,323.1221,321.476,320.4913,319.7678,318.8751,317.9076,317.1291,316.1221,314.9992,314.3141,313.6375,312.911,312.118,311.0099,309.6346,308.349,307.3607,306.4361,305.6245,305.1928,305.4047,305.6626,305.8415,305.9224,306.0983,306.0806,305.9029,305.7038,305.789,306.0421,306.0859,305.8199,305.4974,305.2034,305.1205,305.1069,304.487,303.2996,302.352,301.6865,301.3167,301.0279,300.786,300.5198,300.3651,300.2513,300.1594,300.0746,300.2199,300.5417,300.7642,300.7519,300.6168,300.1809,299.6254,299.3498,299.148,298.93,298.7282,298.5937,298.7366,299.3709,300.286,301.2506,302.2436,302.45,302.3033,301.7395,301.0446,300.4578,299.8474,299.1094,298.3662,297.5991,296.7955,296.1412,295.8011,295.3804,294.9708,294.3463,293.7392,292.9086,291.7325,290.1498,288.495,286.6179,283.9682,281.0121,278.0029,276.0376,275.7462,275.2617,274.7204,274.308,274.1411,274.4622,274.7047,274.7458,274.4673,273.8952,273.284,272.83,272.3553,272.0319,271.635,270.9985,270.621,270.5891,270.6635,270.6432,270.2424,269.4754,269.0369,269.0279,269.0214,268.6463,267.8938,267.0415,267.5388,268.0914,268.5116,268.8174,269.1999,269.6517,270.075,270.4959,270.8602,271.0941,271.2472,271.3758,271.5139,272.8658,274.1143

Time pixel : 24.428,24.4477,24.4976,24.5834,24.7082,24.8436,24.949,25.042,25.1507,25.263,25.3685,25.4844,25.6129,25.7414,25.8537,25.943,26.0252,26.1017,26.1573,26.2108,26.2732,26.3356,26.3855,26.4286,26.4946,26.5836,26.6658,26.7354,26.805,26.8872,26.9834,27.0816,27.1779,27.26,27.3296,27.3921,27.442,27.485,27.551,27.6437,27.7383,27.822,27.8973,27.9971,28.1256,28.2738,28.4324,28.5842,28.736,28.8946,29.0392,29.1587,29.2606,29.3604,29.4587,29.5549,29.6334,29.6869,29.7228,29.7566,29.7888,29.8226,29.8584,29.9083,29.9672,30.0207,30.0762,30.1527,30.2313,30.3009,30.3633,30.4132,30.4491,30.4829,30.5151,30.5489,30.5847,30.6346,30.6935,30.7434,30.7792,30.813,30.8489,30.8988,30.9576,31.0075,31.0469,31.0968,31.1557,31.2056,31.2414,31.2752,31.3111,31.361,31.4234,31.4894,31.5554,31.6215,31.6911,31.7733,31.8659,31.9516,32.0374,32.13,32.2157,32.3015,32.3941,32.4798,32.5656,32.6582,32.7404,32.8136,32.8993,33.0081,33.1168,33.2061,33.2919,33.3845,33.4667,33.5363,33.6023,33.6683,33.7344,33.7968,33.8467,33.8826,33.9163,33.9522,34.0021,34.0645,34.1341,34.2163,34.3089,34.3947,34.484,34.5999,34.7445,34.9032,35.0513,35.1834,35.2957,35.3779,35.4278,35.4511,35.4708,35.501,35.5369,35.5868,35.6456,35.6955,35.7313,35.7615,35.7812,35.801,35.8276,35.8437,35.8473,35.8473,35.8509,35.867,35.8936,35.9097,35.9133,35.9169,35.933,35.9632,35.9991,36.049,36.1078,36.1541,36.1774,36.1971,36.2273,36.2632,36.3095,36.3522,36.3755,36.3952,36.4218,36.4415,36.4613,36.4878

Position pixel : 16.9225,16.8762,16.8138,16.7441,16.662,16.5694,16.4872,16.4176,16.3516,16.2855,16.2159,16.1338,16.0411,15.959,15.8894,15.8233,15.7573,15.6949,15.6414,15.5858,15.5129,15.4505,15.4074,15.3575,15.2951,15.2291,15.1631,15.097,15.031,14.9614,14.8792,14.7866,14.7081,14.6546,14.6151,14.5652,14.5064,14.4529,14.3973,14.3172,14.2225,14.1263,14.0406,13.9512,13.8353,13.6871,13.5088,13.3143,13.1162,12.9217,12.7469,12.6113,12.5022,12.3899,12.2775,12.1757,12.0794,11.9973,11.9277,11.8616,11.7956,11.726,11.6402,11.5315,11.4228,11.3298,11.2279,11.1052,10.9907,10.8909,10.8088,10.7428,10.6929,10.6534,10.6035,10.5411,10.4751,10.409,10.343,10.277,10.2109,10.1449,10.0789,10.0093,9.9235,9.81477,9.70243,9.60416,9.52407,9.4721,9.43472,9.40247,9.36869,9.33645,9.30267,9.27042,9.24024,9.22411,9.21692,9.20079,9.17061,9.13836,9.10818,9.09206,9.08846,9.08846,9.08846,9.08846,9.09206,9.11178,9.15808,9.22051,9.29014,9.37229,9.46131,9.52734,9.57038,9.62028,9.67911,9.72902,9.76846,9.81837,9.8808,9.94682,10.0093,10.0592,10.0986,10.1521,10.2307,10.3269,10.4287,10.5411,10.6498,10.7392,10.8285,10.9444,11.089,11.2477,11.3994,11.5512,11.7063,11.8347,11.9241,12.0009,12.0992,12.222,12.3436,12.4792,12.6343,12.786,12.9378,13.0929,13.2249,13.3304,13.4266,13.5088,13.5784,13.648,13.7338,13.8425,13.9512,14.037,14.1066,14.1762,14.262,14.3743,14.5064,14.6546,14.8096,14.9381,15.0346,15.1365,15.2593,15.3809,15.5129,15.6482,15.7501,15.8233,15.893,15.9751,16.0641,16.1266

Brightness max : 362.02
Brightness min : 239.00
Feature direction : Ambiguous
Feature speed : Slow
Feature type : Curve
Start frame : 1
End frame : 46
Start time (s) : 0.000
End time (s) : 194.570
Time step (s) : 4.324

Feature number : 2

Time (s) : 108.5614,108.7772,109.1013,109.4475,109.7886,110.3055,111.0455,111.8709,112.6577,113.3992,114.186,114.9958,115.6972,116.2386,116.7554,117.2952,117.7654,118.0664,118.2526,118.4683,118.7383,119.0238,119.3248,119.6956,120.1813,120.7211,121.238,121.7793,122.4652,123.2208,123.9313,124.5475,125.0035,125.4209,125.9919,126.732,127.5032,128.2292,128.9307,129.5869,130.2276,130.8438,131.3696,131.8864,132.4418,133.0128,133.5838,134.1548,134.7102,135.2115,135.6675,136.1688,136.7242,137.2796,137.7809,138.2214,138.6529,139.0934,139.6102,140.2198,140.8205,141.2765,141.6628,142.0788,142.5038,142.9353,143.3913,143.9623,144.6483,145.3742,146.1765,147.0716,147.9889,148.8854,149.8724,150.898,151.8241,152.6109,153.2827,153.939,154.6093,155.1648,155.5355,155.7669,155.9219,156.0679,156.2385,156.5084,156.8236,157.0638,157.2952,157.5495,157.7809,158.0211,158.3518,158.6915,158.977,159.1772

Position (um) : 9.48778,9.48989,9.49483,9.50187,9.51102,9.52301,9.53672,9.55081,9.56528,9.58148,9.60012,9.61877,9.63496,9.64906,9.66143,9.67191,9.68046,9.68639,9.69209,9.69876,9.7058,9.71323,9.72238,9.73475,9.75056,9.76959,9.79034,9.81186,9.8351,9.8608,9.8861,9.90686,9.92171,9.93412,9.95108,9.97562,10.0024,10.0263,10.0497,10.0743,10.0996,10.1218,10.139,10.1554,10.1721,10.1877,10.2007,10.2134,10.2271,10.2409,10.2532,10.2645,10.2772,10.2927,10.3096,10.3254,10.3403,10.3568,10.3776,10.4008,10.4215,10.4381,10.4526,10.4671,10.4829,10.5002,10.5181,10.5375,10.5583,10.5794,10.6005,10.6213,10.6403,10.6569,10.6731,10.69,10.7055,10.7182,10.7295,10.7414,10.753,10.7618,10.7675,10.7713,10.775,10.7784,10.7824,10.7879,10.7961,10.8045,10.8115,10.8168,10.821,10.8264,10.833,10.8397,10.8446,10.8467

Intensity : 291.4688,291.7389,292.1537,292.5484,292.9051,293.4288,294.1541,294.9209,295.7445,296.7003,297.5131,298.4006,299.0958,299.5386,299.9184,300.3694,300.9227,301.3521,301.6637,302.0716,302.6317,303.3072,304.1106,305.1807,306.6602,308.4734,310.2223,311.655,312.2059,312.6586,313.2197,313.8482,314.3903,314.5593,313.4668,312.0947,310.7975,309.7752,308.787,308.1521,307.889,307.7622,307.7462,307.9182,308.2264,308.6651,309.2027,309.6939,309.6939,309.7064,309.5413,309.4031,309.3353,309.3659,309.5059,309.728,309.6211,309.3884,309.294,309.5106,310.0162,310.6479,311.3553,311.9591,312.614,312.6116,312.0256,311.2488,310.2958,308.6655,306.7897,304.8259,302.3796,300.1183,297.6747,295.0294,294.0756,294.2672,294.5028,294.8074,295.1799,295.5255,295.7771,295.8753,295.9068,295.8843,295.7905,295.6354,295.4011,295.1599,294.9235,294.6916,294.4801,294.2235,293.861,293.4641,293.1281,292.9254

Time pixel : 25.108,25.1579,25.2329,25.3129,25.3918,25.5114,25.6825,25.8734,26.0554,26.2269,26.4088,26.5961,26.7584,26.8836,27.0031,27.128,27.2367,27.3063,27.3494,27.3993,27.4617,27.5277,27.5973,27.6831,27.7954,27.9203,28.0398,28.165,28.3237,28.4984,28.6627,28.8052,28.9107,29.0073,29.1393,29.3105,29.4888,29.6567,29.819,29.9708,30.1189,30.2615,30.3831,30.5026,30.631,30.7631,30.8952,31.0272,31.1557,31.2716,31.3771,31.493,31.6215,31.7499,31.8659,31.9677,32.0675,32.1694,32.2889,32.4299,32.5689,32.6743,32.7637,32.8599,32.9582,33.058,33.1634,33.2955,33.4541,33.622,33.8076,34.0146,34.2268,34.4341,34.6624,34.8996,35.1138,35.2957,35.4511,35.6029,35.7579,35.8864,35.9721,36.0256,36.0615,36.0953,36.1347,36.1971,36.27,36.3256,36.3791,36.4379,36.4914,36.547,36.6235,36.702,36.7681,36.8144

Position pixel : 88.92018,88.9399,88.98621,89.05224,89.13799,89.25032,89.37878,89.51084,89.64649,89.79827,89.97303,90.1478,90.29958,90.43163,90.54757,90.64584,90.72593,90.7815,90.835,90.89743,90.96346,91.03308,91.11883,91.23477,91.38295,91.56131,91.7558,91.95748,92.17529,92.41608,92.65327,92.84776,92.98701,93.10328,93.26225,93.49225,93.74351,93.96698,94.18631,94.41665,94.65384,94.86239,95.02343,95.17674,95.33385,95.47996,95.60156,95.72109,95.84955,95.97801,96.09394,96.19941,96.31894,96.46352,96.62216,96.77034,96.9096,97.06497,97.25946,97.47693,97.67142,97.8268,97.96245,98.0981,98.24628,98.40852,98.57643,98.75839,98.95287,99.15096,99.34904,99.54353,99.72189,99.87727,100.029,100.1877,100.3323,100.4518,100.5573,100.6696,100.7783,100.8605,100.914,100.9498,100.9836,101.0159,101.0532,101.1052,101.1817,101.2603,101.3263,101.3762,101.4156,101.4655,101.528,101.5904,101.6367,101.6564

Brightness max : 362.02
Brightness min : 239.00
Feature direction : Ambiguous
Feature speed : Slow
Feature type : Curve
Start frame : 1
End frame : 46
Start time (s) : 0.000
End time (s) : 194.570
Time step (s) : 4.324

Feature number : 3

Time (s) : 121.1541,121.5405,122.2961,123.3061,124.3473,125.2734,126.0602,126.7009,127.2177,127.6582,128.0898,128.5147,128.9462,129.3867,129.8724,130.3426,130.7133,131.0144,131.2999,131.5854,131.8709,132.1875,132.5968,133.0581,133.4689,134.0012,134.7413,135.5511,136.2371,136.6931,137.0097,137.2952,137.5807,137.8817,138.2369,138.6529,139.109,139.6955,140.4512,141.2921,142.1486,143.005,143.8615,144.7024,145.4892,146.2151,146.9166,147.5573,148.1283,148.614,148.9848,149.2858,149.5713,149.8568,150.1423,150.4278,150.7289,151.0996,151.5853,152.1408,152.7117,153.2983,153.9545,154.7102,155.4503,156.0368,156.5084,157.0097,157.5495,158.0508,158.4913,158.9384,159.4486,160.0492,160.6047,161.0607,161.4922,161.9327,162.434,162.9894,163.5604,164.1314,164.7024,165.2734,165.8288,166.3145,166.7008,167.0871,167.5573,168.043,168.499,169.0003,169.5713,170.212,170.8979,171.5542,172.2104,172.8963,173.537,174.1391,174.7954,175.551,176.2911,176.8932,177.4812,178.3377,179.4782,180.6899,181.9171,183.174,184.3702,185.4424,186.3686,187.1554,187.7961,188.3129,188.7689,189.2857,189.9264,190.6821,191.4533,192.1793,192.9119,193.692,194.524,195.3197,196.0909,196.7612,197.2173,197.5183,197.7185

Position (um) : 9.4385,9.4406,9.4455,9.4522,9.4592,9.4663,9.4729,9.4782,9.4821,9.4853,9.4874,9.4895,9.4927,9.4962,9.4998,9.5032,9.5064,9.5085,9.5106,9.5139,9.5177,9.523,9.5297,9.5367,9.5441,9.5533,9.5649,9.5765,9.5853,9.5906,9.5927,9.5935,9.5952,9.598,9.6001,9.6022,9.6051,9.6068,9.6072,9.6072,9.6072,9.6072,9.6072,9.6072,9.6072,9.6072,9.6072,9.6072,9.6072,9.6072,9.6072,9.6072,9.6072,9.6072,9.6072,9.6068,9.6047,9.6001,9.5952,9.5914,9.5878,9.5839,9.579,9.574,9.5702,9.567,9.5653,9.5645,9.5628,9.56,9.5582,9.5579,9.5579,9.5579,9.5579,9.5579,9.5579,9.5579,9.5579,9.5579,9.5579,9.5579,9.5579,9.5579,9.5575,9.5557,9.5529,9.5512,9.5508,9.5504,9.5487,9.5455,9.5417,9.5363,9.5301,9.5247,9.5205,9.5156,9.5106,9.5068,9.5032,9.4994,9.4941,9.4878,9.4821,9.4761,9.4684,9.4617,9.4575,9.4539,9.4505,9.4468,9.4434,9.4402,9.4385,9.4381,9.4381,9.4381,9.4381,9.4381,9.4381,9.4381,9.4381,9.4381,9.4381,9.4381,9.4381,9.4381,9.4381,9.4381,9.4381

Intensity : 299.2475,299.9229,301.2284,302.9723,304.7666,306.3482,306.7292,306.8468,306.9149,306.9474,306.9997,307.0343,306.9999,306.9317,307.512,308.9661,310.1236,311.061,311.9539,312.8644,313.7873,314.8324,316.191,317.7281,319.1294,320.956,320.5761,320.0156,319.5478,319.2388,318.9904,318.7397,318.5152,318.3084,318.0345,318.3831,319.0734,319.912,320.9599,322.1192,323.3,324.0246,323.9859,323.9479,323.9124,323.8796,323.8479,325.3423,326.9012,328.2273,329.2395,330.0614,330.8409,331.6203,332.3998,333.2078,334.1947,335.3573,336.464,337.4756,338.5068,339.5564,340.7154,342.038,343.3268,343.721,343.7739,343.8394,343.8961,343.927,343.9611,344.0148,344.0829,344.1377,344.0092,343.9037,343.8039,343.7021,343.5861,343.4577,343.3256,343.1935,343.5192,344.0424,344.553,345.0211,345.4375,345.8608,346.3509,346.8625,347.4091,348.4717,349.8394,351.4226,353.1445,354.76,356.3232,357.9825,360.2697,362.4934,364.9362,367.7881,370.4336,372.0585,373.3692,374.7475,376.6254,378.7708,381.8605,387.2107,392.3563,396.9934,398.2931,396.9299,395.8715,395.0484,394.3293,393.5144,392.5042,391.2852,390.0203,388.8297,387.6282,386.3488,384.9843,382.4814,379.9843,377.8137,376.3371,375.3624,374.7141

Time pixel : 28.0204,28.1098,28.2845,28.5181,28.7589,28.9731,29.1551,29.3033,29.4228,29.5247,29.6245,29.7228,29.8226,29.9245,30.0368,30.1455,30.2313,30.3009,30.3669,30.433,30.499,30.5722,30.6669,30.7736,30.8686,30.9917,31.1629,31.3502,31.5088,31.6143,31.6875,31.7535,31.8196,31.8892,31.9713,32.0675,32.173,32.3087,32.4834,32.6779,32.876,33.0741,33.2722,33.4667,33.6486,33.8165,33.9788,34.1269,34.259,34.3713,34.4571,34.5267,34.5927,34.6588,34.7248,34.7908,34.8605,34.9462,35.0585,35.187,35.3191,35.4547,35.6065,35.7812,35.9524,36.0881,36.1971,36.3131,36.4379,36.5539,36.6557,36.7591,36.8771,37.0161,37.1445,37.25,37.3498,37.4517,37.5676,37.6961,37.8281,37.9602,38.0922,38.2243,38.3528,38.4651,38.5544,38.6438,38.7525,38.8649,38.9703,39.0863,39.2183,39.3665,39.5251,39.6769,39.8287,39.9873,40.1355,40.2748,40.4265,40.6013,40.7725,40.9117,41.0477,41.2458,41.5096,41.7898,42.0737,42.3644,42.641,42.889,43.1032,43.2851,43.4333,43.5529,43.6583,43.7779,43.926,44.1008,44.2792,44.4471,44.6165,44.7969,44.9894,45.1734,45.3517,45.5068,45.6123,45.6819,45.7282

Position pixel : 88.458,88.4777,88.524,88.5864,88.6525,88.7185,88.7809,88.8308,88.8667,88.8969,88.9166,88.9363,88.9665,88.9987,89.0325,89.0648,89.0949,89.1147,89.1344,89.1646,89.2004,89.2503,89.3128,89.3788,89.4484,89.5342,89.6429,89.7516,89.8338,89.8837,89.9034,89.9106,89.9267,89.9533,89.973,89.9928,90.0193,90.0355,90.0391,90.0391,90.0391,90.0391,90.0391,90.0391,90.0391,90.0391,90.0391,90.0391,90.0391,90.0391,90.0391,90.0391,90.0391,90.0391,90.0391,90.0355,90.0157,89.973,89.9267,89.8909,89.8571,89.8213,89.7749,89.7286,89.6928,89.6626,89.6465,89.6393,89.6232,89.5966,89.5805,89.5769,89.5769,89.5769,89.5769,89.5769,89.5769,89.5769,89.5769,89.5769,89.5769,89.5769,89.5769,89.5769,89.5733,89.5571,89.5306,89.5144,89.5108,89.5072,89.4911,89.4609,89.4251,89.3752,89.3163,89.2664,89.227,89.1807,89.1344,89.0985,89.0648,89.0289,88.979,88.9202,88.8667,88.8111,88.7382,88.6758,88.6363,88.6026,88.5703,88.5365,88.5043,88.4741,88.458,88.4544,88.4544,88.4544,88.4544,88.4544,88.4544,88.4544,88.4544,88.4544,88.4544,88.4544,88.4544,88.4544,88.4544,88.4544,88.4544

Brightness max : 362.02
Brightness min : 239.00
Feature direction : Ambiguous
Feature speed : Slow
Feature type : Curve
Start frame : 1
End frame : 46
Start time (s) : 0.000
End time (s) : 194.570
Time step (s) : 4.324

Feature number : 4

Time (s) : 135.3123,135.4287,135.8461,136.7568,138.0975,139.5325,140.7738,141.6303,142.133,142.5349,143.0206,143.5605,144.0462,144.4325,144.8032,145.2192,145.6442,146.0602,146.4154,146.7164,147.0175,147.4038,147.9592,148.614,149.185,149.641,150.057,150.3967,150.628,150.7986,151.0143,151.2998,151.655,152.071,152.5115,153.0128,153.5993,154.3097,155.0951,155.7358,156.2229,156.7086,157.1788,157.5651,157.9359,158.3518,158.7768,159.1928,159.5635,159.9343,160.3503,160.7752,161.2068,161.6628,162.2338,162.8886,163.4596,163.9156,164.3316,164.7024,165.0731,165.4891,165.9141,166.33,166.6853,167.0019,167.3726,167.8894,168.5843,169.3852,170.1267,170.8993,171.9019,173.1833,174.7101,176.3067,177.8194,179.278,180.7752,182.2865,183.6131,184.6557,185.5588,186.5005,187.5417,188.5828,189.5246,190.381,191.1367,191.7077,192.1251,192.5967,193.2982,194.1621,194.9786,195.574,196.0211,196.3764,196.693,197.0637,197.5339,197.9885,198.274

Position (um) : 12.7514,12.7554,12.7638,12.7819,12.8103,12.8434,12.8721,12.8915,12.9015,12.9068,12.9139,12.9234,12.9317,12.9374,12.9417,12.947,12.9536,12.9607,12.9674,12.9727,12.9769,12.9822,12.9889,12.9959,13.0026,13.0079,13.0117,13.0153,13.0188,13.022,13.0241,13.0266,13.0315,13.0382,13.0452,13.0523,13.0593,13.066,13.0713,13.0751,13.0784,13.0801,13.0805,13.0805,13.0805,13.0805,13.0805,13.0808,13.0826,13.0854,13.0871,13.0875,13.0875,13.0875,13.0875,13.0879,13.0896,13.0924,13.0942,13.0945,13.0949,13.0967,13.0995,13.1012,13.1016,13.1016,13.1016,13.102,13.1037,13.1065,13.1086,13.1107,13.114,13.1178,13.1235,13.1319,13.1418,13.1513,13.1625,13.1774,13.1924,13.2048,13.2143,13.2235,13.2337,13.2442,13.2545,13.2632,13.2703,13.2752,13.2777,13.2806,13.2873,13.2968,13.3055,13.3129,13.3196,13.3249,13.3291,13.3345,13.3411,13.3478,13.3527

Intensity : 275.6598,276.1977,277.9353,281.9226,287.9111,287.92,287.3196,287.0876,287.0221,287.0025,287.2199,287.3971,287.6397,287.9224,288.2778,288.6881,289.1095,289.5554,289.961,290.3437,290.7594,290.6927,290.7241,290.9186,291.2285,291.571,291.9216,292.2681,292.4881,292.5601,292.6936,292.8882,292.8424,292.8008,292.8221,292.9197,293.1128,293.4238,293.8229,294.1458,294.1539,294.1061,294.0117,293.9224,293.8366,293.7404,293.6421,293.5603,293.5391,293.5597,294.5231,295.5832,296.644,297.765,299.1685,300.8021,302.3239,303.6563,304.9327,307.3059,309.6828,312.4706,315.441,318.2723,320.5896,322.6205,324.9987,328.3605,333.0458,339.7763,346.0984,352.7688,361.684,371.5393,374.4551,376.5493,378.3462,379.8466,382.1476,384.0326,384.9711,386.3055,387.5645,391.1211,396.2359,399.8848,403.6246,406.8287,407.3426,407.808,408.1072,408.4888,409.3773,410.8162,412.2363,413.5287,414.8233,415.9677,416.9755,418.3178,418.6954,417.959,417.4071

Time pixel : 31.2949,31.3218,31.4184,31.629,31.9391,32.271,32.5581,32.7561,32.8724,32.9654,33.0777,33.2026,33.3149,33.4042,33.49,33.5862,33.6845,33.7807,33.8628,33.9325,34.0021,34.0914,34.2199,34.3713,34.5034,34.6089,34.7051,34.7836,34.8371,34.8766,34.9265,34.9925,35.0747,35.1709,35.2727,35.3887,35.5243,35.6886,35.8703,36.0184,36.1311,36.2434,36.3522,36.4415,36.5273,36.6235,36.7218,36.818,36.9037,36.9895,37.0857,37.184,37.2838,37.3892,37.5213,37.6727,37.8048,37.9103,38.0065,38.0922,38.178,38.2742,38.3725,38.4687,38.5508,38.6241,38.7098,38.8293,38.99,39.1753,39.3468,39.5255,39.7573,40.0537,40.4068,40.7761,41.1259,41.4633,41.8095,42.1591,42.4659,42.707,42.9159,43.1337,43.3745,43.6153,43.8331,44.0312,44.2059,44.338,44.4345,44.5436,44.7059,44.9057,45.0945,45.2322,45.3356,45.4178,45.491,45.5767,45.6855,45.7906,45.8567

Position pixel : 119.5074,119.5448,119.6236,119.7931,120.0589,120.369,120.6384,120.8204,120.9134,120.9636,121.0296,121.1186,121.1972,121.2507,121.2901,121.34,121.4025,121.4685,121.5309,121.5808,121.6203,121.6702,121.7326,121.7986,121.8611,121.911,121.9468,121.9806,122.0128,122.043,122.0628,122.0861,122.1324,122.1948,122.2608,122.3269,122.3929,122.4553,122.5052,122.5411,122.5713,122.5874,122.591,122.591,122.591,122.591,122.591,122.5946,122.6107,122.6373,122.6534,122.657,122.657,122.657,122.657,122.6606,122.6767,122.7033,122.7194,122.723,122.7266,122.7428,122.7693,122.7855,122.7891,122.7891,122.7891,122.7927,122.8088,122.8354,122.8551,122.8748,122.905,122.9408,122.9943,123.0729,123.1655,123.2549,123.3603,123.4992,123.6402,123.7562,123.8455,123.9313,124.0275,124.1258,124.222,124.3041,124.3701,124.4164,124.4398,124.4667,124.5291,124.6181,124.7003,124.7699,124.8323,124.8822,124.9217,124.9716,125.034,125.0965,125.1428

Brightness max : 362.02
Brightness min : 239.00
Feature direction : Ambiguous
Feature speed : Slow
Feature type : Curve
Start frame : 1
End frame : 46
Start time (s) : 0.000
End time (s) : 194.570
Time step (s) : 4.324

Feature number : 5

Time (s) : 5.83117,6.28721,7.1578,8.2531,9.37951,10.4362,11.3624,12.1491,12.8054,13.3919,13.9474,14.4331,14.8038,15.1049,15.3904,15.707,16.1475,16.7481,17.3733,17.9442,18.4455,18.9016,19.3873,19.8574,20.2437,20.6301,21.1469,21.8573,22.7279,23.5688,24.3414,25.1979,26.1227,26.9094,27.5516,28.2686,29.094,29.9193,30.6053,31.0613,31.3779,31.6945,32.1194,32.6504,33.1606,33.6618,34.132,34.4872,34.703

Position (um) : 3.1056,3.1115,3.1246,3.1418,3.1608,3.1794,3.1953,3.208,3.2193,3.2313,3.2429,3.2524,3.2619,3.2731,3.2834,3.2918,3.3025,3.3162,3.332,3.3489,3.3643,3.3771,3.388,3.3986,3.4087,3.4176,3.4261,3.4384,3.4542,3.4683,3.4799,3.4919,3.5035,3.5127,3.5205,3.5293,3.5391,3.5479,3.5549,3.5603,3.5645,3.5706,3.5807,3.5938,3.6064,3.6187,3.6303,3.6391,3.6444

Intensity : 356.5047,355.17,352.6654,349.5903,345.0682,340.1108,335.7606,331.5897,327.9106,325.3163,323.2725,321.6606,320.4818,319.5531,318.7709,318.0234,317.1164,315.9115,314.908,314.3312,313.9686,313.7374,313.5528,313.4641,313.4908,313.3756,312.9639,312.2132,310.8412,309.7441,308.9109,308.1583,307.4904,306.9124,306.4959,305.7423,304.9472,304.2606,303.7649,303.4485,303.2288,303.0092,302.7143,302.3459,301.992,301.6442,301.1751,300.4357,299.9263

Time pixel : 1.3486,1.4541,1.6555,1.9088,2.1693,2.4137,2.6279,2.8098,2.9616,3.0973,3.2257,3.3381,3.4238,3.4934,3.5595,3.6327,3.7346,3.8735,4.0181,4.1501,4.2661,4.3715,4.4839,4.5926,4.682,4.7713,4.8908,5.0551,5.2565,5.451,5.6297,5.8278,6.0416,6.2236,6.3721,6.5379,6.7288,6.9197,7.0784,7.1838,7.2571,7.3303,7.4286,7.5514,7.6693,7.7853,7.894,7.9762,8.0261

Position pixel : 29.1058,29.1614,29.2842,29.4449,29.6232,29.798,29.9462,30.0657,30.1712,30.2835,30.3923,30.4816,30.571,30.6761,30.7723,30.8512,30.951,31.0795,31.2276,31.3863,31.5309,31.6504,31.7523,31.8521,31.9468,32.0304,32.1093,32.2253,32.3731,32.5052,32.6142,32.7266,32.8353,32.921,32.9943,33.0764,33.169,33.2512,33.3172,33.3671,33.4066,33.4637,33.5583,33.6811,33.7991,33.9151,34.0238,34.106,34.1559

Brightness max : 362.02
Brightness min : 239.00
Feature direction : Ambiguous
Feature speed : Slow
Feature type : Curve
Start frame : 1
End frame : 46
Start time (s) : 0.000
End time (s) : 194.570
Time step (s) : 4.324

Feature number : 6

Time (s) : 22.343,22.5588,22.914,23.4308,24.1568,25.1282,26.2079,27.1794,27.9209,28.5385,29.1792,29.8652,30.4903,31.0071,31.4476,31.8792,32.3196,32.8209,33.4075,34.1645,35.2057,36.3848,37.3407,37.8975,38.2297,38.5463,38.9712,39.5022,40.0279,40.63,41.3701,42.0946,42.5959,42.8673,43.0986,43.3685,43.6696,44.0403,44.5105,44.9807,45.3514,45.6525,45.938,46.2235,46.5245,46.8953,47.3654,47.8511,48.3072,48.8084,49.3639,49.9193,50.4205,50.8766,51.3779,51.9177,52.4345,52.9603,53.5765,54.2017,54.7882,55.3592,55.9302,56.4856,56.9868,57.4118,57.7581,57.9828,58.1288

Position (um) : 2.6535,2.6539,2.656,2.6614,2.6701,2.6825,2.6975,2.7127,2.7253,2.7364,2.7472,2.7592,2.7708,2.7804,2.7895,2.7998,2.8106,2.823,2.8375,2.8558,2.8798,2.906,2.9283,2.9434,2.9548,2.9664,2.9822,3.0031,3.0279,3.057,3.086,3.1114,3.1286,3.1379,3.146,3.1574,3.1699,3.1848,3.2023,3.2175,3.2273,3.2345,3.24,3.2457,3.2524,3.2594,3.2665,3.2731,3.2785,3.2831,3.2901,3.2992,3.3063,3.3109,3.3158,3.3207,3.3253,3.3324,3.3423,3.3531,3.3651,3.3771,3.3884,3.4003,3.4119,3.4211,3.4281,3.4331,3.4352

Intensity : 388.1165,387.8514,386.5359,383.2563,378.6452,374.8936,369.9761,363.6619,358.6604,354.4087,350.2145,345.699,341.1544,337.9207,335.5848,333.2882,331.0471,328.6736,326.1351,323.2636,321.3534,320.2398,319.5677,319.1906,318.8933,318.6187,318.2225,317.5091,317.422,318.0946,319.8589,321.7627,323.2464,324.1755,325.0385,325.8032,326.2268,326.7303,327.2577,326.9389,326.7504,326.6174,326.5275,326.433,326.3153,326.203,326.1137,325.6605,325.0377,324.4062,323.69,322.9707,322.3777,321.683,320.8448,319.9394,318.2601,316.3579,313.9801,311.4733,308.9492,306.4366,303.9557,301.7134,299.936,298.3983,297.1687,296.3469,295.9229

Time pixel : 5.16747,5.21738,5.29953,5.41906,5.58696,5.81163,6.06135,6.28602,6.45752,6.60037,6.74855,6.90719,7.05178,7.17131,7.27318,7.37299,7.47486,7.5908,7.72645,7.90155,8.14234,8.41505,8.63612,8.76491,8.84173,8.91496,9.01323,9.13603,9.25763,9.39688,9.56804,9.73561,9.85155,9.91431,9.96781,10.0302,10.0999,10.1856,10.2944,10.4031,10.4888,10.5585,10.6245,10.6905,10.7602,10.8459,10.9546,11.067,11.1724,11.2884,11.4168,11.5453,11.6612,11.7667,11.8826,12.0075,12.127,12.2486,12.3911,12.5357,12.6714,12.8034,12.9355,13.0639,13.1799,13.2782,13.3582,13.4102,13.444

Position pixel : 24.8692,24.8728,24.8925,24.9424,25.0246,25.1405,25.2815,25.424,25.542,25.6454,25.7473,25.8596,25.9684,26.0577,26.1435,26.2397,26.3415,26.4575,26.5931,26.7646,26.9893,27.2354,27.444,27.5853,27.6923,27.8014,27.9495,28.1456,28.378,28.6505,28.922,29.1607,29.3214,29.409,29.4843,29.591,29.709,29.8482,30.0122,30.1547,30.2461,30.3137,30.3657,30.4192,30.4816,30.5476,30.6137,30.6761,30.726,30.769,30.8351,30.9205,30.9865,31.0296,31.0759,31.1222,31.1652,31.2312,31.3238,31.4257,31.5381,31.6504,31.7559,31.8682,31.9769,32.0627,32.1287,32.175,32.1947

Brightness max : 362.02
Brightness min : 239.00
Feature direction : Ambiguous
Feature speed : Slow
Feature type : Curve
Start frame : 1
End frame : 46
Start time (s) : 0.000
End time (s) : 194.570
Time step (s) : 4.324

Feature number : 7

Time (s) : 120.2665,120.5134,121.0236,121.8401,122.7893,123.6754,124.3317,124.8033,125.2193,125.5901,125.9608,126.3613,126.7165,127.0175,127.3186,127.6893,128.175,128.7149,129.2162,129.6566,130.0882,130.5287,131.0299,131.5854,132.1564,132.7273,133.2828,133.7685,134.1392,134.4403,134.7413,135.1121,135.5823,136.0524,136.4232,136.7242,137.0097,137.2952,137.5807,137.8662,138.1517,138.4372,138.7382,139.0934,139.4939,139.8335,140.0648,140.2354,140.4512,140.7367,141.0763,141.407,141.6473,141.8786,142.1486,142.434,142.7195,143.005,143.2905,143.576,143.8771,144.2323,144.6327,144.9879,145.289,145.5744,145.8599,146.1454,146.4309,146.7164,147.0019,147.303,147.6737,148.1439,148.614,149.0159,149.4564,149.9873,150.482,150.9291,151.354,151.77,152.1408,152.5115,152.8964,153.1974,153.4533,153.7995,154.2089,154.6405,155.0809,155.5978,156.2229,156.9088,157.534,158.0508,158.5068,159.0081,159.5791,160.2042,160.8204,161.3617,161.9483,162.6187,163.2594,163.8459,164.4169,164.9879,165.5433,166.029,166.4153,166.7861,167.1865,167.5417,167.8428,168.1283,168.4138,168.6993,168.9847,169.2702,169.5402,169.7559,169.9265,170.1267,170.3114,170.3966

Position (um) : 2.7103,2.7132,2.7223,2.7392,2.7609,2.7824,2.7982,2.8082,2.816,2.8251,2.8367,2.8483,2.8575,2.8653,2.8744,2.8864,2.9001,2.9138,2.9258,2.9354,2.9449,2.9565,2.9685,2.9797,2.9921,3.0058,3.0195,3.0315,3.0403,3.046,3.0502,3.0555,3.0618,3.0671,3.0709,3.0745,3.078,3.0816,3.0854,3.0903,3.0953,3.0999,3.1069,3.1164,3.1248,3.1305,3.1343,3.1379,3.1414,3.1446,3.1467,3.1488,3.1516,3.1538,3.1559,3.1587,3.1604,3.1608,3.1608,3.1608,3.1612,3.1629,3.1657,3.1675,3.1678,3.1678,3.1678,3.1678,3.1678,3.1678,3.1678,3.1678,3.1678,3.1678,3.1678,3.1678,3.1678,3.1678,3.1678,3.1678,3.1678,3.1678,3.1675,3.1654,3.1604,3.1538,3.1467,3.1393,3.1305,3.1199,3.1073,3.0921,3.0766,3.0622,3.0485,3.0365,3.0273,3.0199,3.0125,3.0033,2.9917,2.9793,2.9664,2.9512,2.9357,2.9213,2.9072,2.8931,2.8794,2.867,2.8561,2.8455,2.835,2.8247,2.816,2.8085,2.8015,2.7944,2.7874,2.7807,2.7754,2.7716,2.7684,2.7663,2.7642,2.7613

Intensity : 353.4173,352.2999,349.1136,342.9041,335.0614,329.0054,326.6348,325.1876,324.067,323.0854,322.0937,321.1681,320.4871,319.9504,319.3767,318.9273,318.8077,318.7862,318.8548,318.9799,318.4451,317.8136,317.1184,316.3703,315.4229,314.0834,312.7983,311.7016,310.8601,310.1678,309.5421,308.7818,307.8571,306.9853,306.3232,305.7819,305.2766,304.776,304.2794,303.7691,303.2519,302.8818,302.994,303.1231,303.3913,303.6921,303.9131,304.0635,304.2921,304.6386,305.1008,305.5587,305.876,306.1991,306.5885,307.0017,307.4026,307.5808,307.7626,307.9444,308.1305,308.3285,308.5293,308.7146,308.8897,309.0628,309.2359,309.409,309.5821,309.7552,309.9282,310.0896,310.2877,310.539,310.7903,311.005,311.2404,311.5242,311.7885,312.0275,312.2162,311.7053,311.2636,310.8814,310.575,310.4232,310.3329,310.1305,309.8763,309.6342,309.417,309.0791,308.4746,308.0748,307.9479,308.0317,308.1865,308.3674,308.6386,309.2414,310.3219,311.6768,313.3199,315.3965,317.6388,319.8799,321.8748,322.5583,323.1727,323.8733,324.5931,325.345,326.0685,326.8628,327.569,328.1459,328.6911,329.1634,329.3686,329.5152,329.5204,329.489,329.4978,329.2749,329.0901,329.2591

Time pixel : 27.8152,27.8723,27.9903,28.1791,28.3986,28.6036,28.7553,28.8644,28.9606,29.0464,29.1321,29.2247,29.3069,29.3765,29.4461,29.5319,29.6442,29.7691,29.885,29.9869,30.0867,30.1886,30.3045,30.433,30.565,30.6971,30.8255,30.9379,31.0236,31.0932,31.1629,31.2486,31.3574,31.4661,31.5518,31.6215,31.6875,31.7535,31.8196,31.8856,31.9516,32.0176,32.0873,32.1694,32.262,32.3406,32.3941,32.4335,32.4834,32.5495,32.628,32.7045,32.7601,32.8136,32.876,32.942,33.0081,33.0741,33.1401,33.2061,33.2758,33.3579,33.4505,33.5327,33.6023,33.6683,33.7344,33.8004,33.8664,33.9325,33.9985,34.0681,34.1539,34.2626,34.3713,34.4643,34.5662,34.689,34.8034,34.9068,35.005,35.1012,35.187,35.2727,35.3618,35.4314,35.4906,35.5706,35.6653,35.7651,35.867,35.9865,36.1311,36.2898,36.4343,36.5539,36.6593,36.7753,36.9073,37.0519,37.1944,37.3196,37.4553,37.6103,37.7585,37.8942,38.0262,38.1583,38.2867,38.3991,38.4884,38.5742,38.6668,38.7489,38.8185,38.8846,38.9506,39.0166,39.0827,39.1487,39.2111,39.261,39.3005,39.3468,39.3895,39.4092

Position pixel : 25.401,25.4279,25.5137,25.6723,25.8758,26.0771,26.2253,26.3182,26.3915,26.4772,26.5859,26.6947,26.7804,26.8536,26.9394,27.0517,27.1802,27.3087,27.421,27.5103,27.5997,27.7084,27.8208,27.9262,28.0422,28.1706,28.2991,28.4114,28.4936,28.5471,28.5865,28.6364,28.6952,28.7451,28.781,28.8148,28.847,28.8808,28.9166,28.963,29.0093,29.0523,29.1183,29.2073,29.2859,29.3394,29.3752,29.409,29.4413,29.4715,29.4912,29.5109,29.5375,29.5572,29.5769,29.6035,29.6196,29.6232,29.6232,29.6232,29.6268,29.643,29.6695,29.6857,29.6893,29.6893,29.6893,29.6893,29.6893,29.6893,29.6893,29.6893,29.6893,29.6893,29.6893,29.6893,29.6893,29.6893,29.6893,29.6893,29.6893,29.6893,29.6857,29.6659,29.6196,29.5572,29.4912,29.4216,29.3394,29.2396,29.1216,28.9791,28.8345,28.6988,28.5704,28.458,28.3723,28.3027,28.233,28.1473,28.0386,27.9226,27.801,27.6585,27.5139,27.3783,27.2462,27.1142,26.9857,26.8698,26.7679,26.6681,26.5698,26.4736,26.3915,26.3218,26.2558,26.1898,26.1237,26.0613,26.0114,25.9756,25.9454,25.9257,25.9059,25.8793

Brightness max : 362.02
Brightness min : 239.00
Feature direction : Ambiguous
Feature speed : Slow
Feature type : Curve
Start frame : 1
End frame : 46
Start time (s) : 0.000
End time (s) : 194.570
Time step (s) : 4.324

