KYMOANALYSIS DATA

General Information :

Tiff path : G:\My Drive\microtubule dynamics and cut7\21-15 screens and tests\cut11-7\20-06-17&18 (cut11-7, cut7-3GFP, Klp5D, mts)\
Spindle type : Monopolar
Start frame : 1
End frame : 138
Start time (s) : 0.000
End time (s) : 550.990
Time step (s) : 4.022
Num poles : 1
Num tracks : 2
Num tracks poleward : 0
Num tracks antipoleward : 0
Num tracks ambiguous : 2
Comments : {

}
Poles Information :


Pole number : 1

Time (s) : 4.021825,8.071375,12.12093,16.17048,20.22003,24.26958,28.31913,32.36868,36.41823,40.46778,44.51733,48.56688,52.61643,56.66598,60.71553,64.76508,68.81463,72.86418,76.91373,80.96328,85.01283,89.06238,93.11194,97.16149,101.211,105.2606,109.3101,113.3597,117.4092,121.4588,125.5083,129.5579,133.6074,137.657,141.7065,145.7561,149.8056,153.8552,157.9047,161.9543,166.0038,170.0534,174.1029,178.1525,182.202,186.2516,190.3011,194.3507,198.4002,202.4498,206.4993,210.5489,214.5984,218.648,222.6976,226.7471,230.7967,234.8462,238.8958,242.9453,246.9949,251.0444,255.094,259.1435,263.1931,267.2426,271.2922,275.3417,279.3913,283.4408,287.4904,291.5399,295.5895,299.639,303.6886,307.7381,311.7877,315.8372,319.8868,323.9363,327.9859,332.0354,336.085,340.1345,344.1841,348.2336,352.2832,356.3327,360.3823,364.4318,368.4814,372.5309,376.5805,380.63,384.6796,388.7291,392.7787,396.8282,400.8778,404.9273,408.9769,413.0264,417.076,421.1255,425.1751,429.2246,433.2742,437.3237,441.3733,445.4228,449.4724,453.5219,457.5715,461.621,465.6706,469.7201,473.7697,477.8192,481.8688,485.9183,489.9679,494.0174,498.067,502.1165,506.1661,510.2156,514.2652,518.3147,522.3643,526.4138,530.4634,534.5129,538.5625,542.612,546.6616,550.7111,554.7607

Position (um) : 3.0867,3.0862,3.0857,3.0852,3.0848,3.0843,3.0838,3.0833,3.0828,3.0823,3.0818,3.0813,3.0808,3.0803,3.0799,3.0794,3.0789,3.0784,3.0779,3.0774,3.0769,3.0764,3.0759,3.0754,3.075,3.0745,3.074,3.0735,3.073,3.0725,3.072,3.0715,3.071,3.0705,3.0701,3.0696,3.0691,3.0686,3.0681,3.0676,3.0671,3.0666,3.0661,3.0656,3.0652,3.0647,3.0642,3.0637,3.0632,3.0627,3.0622,3.0617,3.0612,3.0607,3.0603,3.0598,3.0593,3.0588,3.0583,3.0578,3.0573,3.0568,3.0563,3.0558,3.0554,3.0549,3.0544,3.0539,3.0534,3.0529,3.0524,3.0519,3.0514,3.051,3.0505,3.05,3.0495,3.049,3.0485,3.048,3.0475,3.047,3.0465,3.0461,3.0456,3.0451,3.0446,3.0441,3.0436,3.0431,3.0426,3.0421,3.0416,3.0412,3.0407,3.0402,3.0397,3.0392,3.0387,3.0382,3.0377,3.0372,3.0367,3.0363,3.0358,3.0353,3.0348,3.0343,3.0338,3.0333,3.0328,3.0323,3.0318,3.0314,3.0309,3.0304,3.0299,3.0294,3.0289,3.0284,3.0279,3.0274,3.0269,3.0265,3.026,3.0255,3.025,3.0245,3.024,3.0235,3.023,3.0225,3.022,3.0216,3.0211,3.0206,3.0201

Intensity : 1449.8414,1436.4299,1443.2,1429.3711,1429.0895,1436.8326,1410.662,1399.9676,1364.6701,1362.2317,1378.5214,1362.9126,1336.6816,1301.3902,1291.3225,1247.0687,1242.074,1227.3795,1273.4128,1255.786,1255.6777,1233.3134,1239.9572,1229.8462,1208.2882,1173.7801,1138.2774,1122.9274,1098.6699,1085.2443,1050.5621,1043.1272,1034.6443,1020.8628,1018.0688,1019.2179,1067.7381,1090.5872,1088.6694,1074.5916,1049.1884,1076.4832,1071.4568,1076.6769,1046.5641,1009.0994,960.58501,915.22614,893.50478,880.58478,867.86243,874.7247,895.79015,931.75654,939.54873,937.24929,928.4283,932.7649,948.04555,969.40753,986.11764,989.30336,959.64425,922.9199,885.63644,869.98407,847.91318,815.09535,783.58181,763.69427,760.83115,763.84977,764.62507,768.24547,781.5385,805.84996,832.80564,835.09776,832.88243,837.77885,848.13313,840.67437,802.11911,768.46622,756.29197,775.68523,798.54899,800.8971,783.62864,776.46232,785.61047,788.86338,775.87834,777.94542,801.86747,831.40243,840.6068,845.38855,860.74418,885.78346,888.06933,880.37906,878.30428,898.94792,904.41759,890.16676,864.2202,874.77414,895.82384,906.39936,920.27223,926.02154,939.00324,929.43724,912.24156,911.62273,908.35713,900.33204,892.17799,886.06927,909.76358,907.64375,916.9246,912.14253,928.43724,916.12507,901.5005,867.40988,859.8921,831.71827,836.14289,813.07531,821.17503,829.40167,838.16596,828.19048,797.07266

Time pixel : 1,2.006894,3.013788,4.020681,5.027575,6.034469,7.041363,8.048257,9.05515,10.06204,11.06894,12.07583,13.08273,14.08962,15.09651,16.10341,17.1103,18.11719,19.12409,20.13098,21.13788,22.14477,23.15166,24.15856,25.16545,26.17235,27.17924,28.18613,29.19303,30.19992,31.20681,32.21371,33.2206,34.2275,35.23439,36.24128,37.24818,38.25507,39.26196,40.26886,41.27575,42.28265,43.28954,44.29643,45.30333,46.31022,47.31711,48.32401,49.3309,50.3378,51.34469,52.35158,53.35848,54.36537,55.37227,56.37916,57.38605,58.39295,59.39984,60.40673,61.41363,62.42052,63.42742,64.43431,65.4412,66.4481,67.45499,68.46188,69.46878,70.47567,71.48257,72.48946,73.49635,74.50325,75.51014,76.51704,77.52393,78.53082,79.53772,80.54461,81.5515,82.5584,83.56529,84.57219,85.57908,86.58597,87.59287,88.59976,89.60665,90.61355,91.62044,92.62734,93.63423,94.64112,95.64802,96.65491,97.6618,98.6687,99.67559,100.6825,101.6894,102.6963,103.7032,104.7101,105.717,106.7238,107.7307,108.7376,109.7445,110.7514,111.7583,112.7652,113.7721,114.779,115.7859,116.7928,117.7997,118.8066,119.8135,120.8204,121.8273,122.8341,123.841,124.8479,125.8548,126.8617,127.8686,128.8755,129.8824,130.8893,131.8962,132.9031,133.91,134.9169,135.9238,136.9307,137.9376

Position pixel : 28.9289,28.9243,28.9197,28.9151,28.9105,28.9059,28.9013,28.8968,28.8922,28.8876,28.883,28.8784,28.8738,28.8692,28.8646,28.86,28.8554,28.8508,28.8463,28.8417,28.8371,28.8325,28.8279,28.8233,28.8187,28.8141,28.8095,28.8049,28.8003,28.7957,28.7912,28.7866,28.782,28.7774,28.7728,28.7682,28.7636,28.759,28.7544,28.7498,28.7452,28.7406,28.7361,28.7315,28.7269,28.7223,28.7177,28.7131,28.7085,28.7039,28.6993,28.6947,28.6901,28.6856,28.681,28.6764,28.6718,28.6672,28.6626,28.658,28.6534,28.6488,28.6442,28.6396,28.635,28.6305,28.6259,28.6213,28.6167,28.6121,28.6075,28.6029,28.5983,28.5937,28.5891,28.5845,28.58,28.5754,28.5708,28.5662,28.5616,28.557,28.5524,28.5478,28.5432,28.5386,28.534,28.5294,28.5249,28.5203,28.5157,28.5111,28.5065,28.5019,28.4973,28.4927,28.4881,28.4835,28.4789,28.4743,28.4698,28.4652,28.4606,28.456,28.4514,28.4468,28.4422,28.4376,28.433,28.4284,28.4238,28.4193,28.4147,28.4101,28.4055,28.4009,28.3963,28.3917,28.3871,28.3825,28.3779,28.3733,28.3687,28.3642,28.3596,28.355,28.3504,28.3458,28.3412,28.3366,28.332,28.3274,28.3228,28.3182,28.3136,28.3091,28.3045

Pole type : Line
Start frame : 1
End frame : 138
Start time (s) : 0.000
End time (s) : 550.990
Time step (s) : 4.022

Feature Information :


Feature number : 1

Time (s) : 9.295658,9.323026,9.473049,9.797928,10.15017,10.42285,10.67981,10.95249,11.30474,11.65698,11.95703,12.33664,12.81155,13.28645,13.66606,13.96611,14.34572,14.82063,15.29553,15.67514,15.97519,16.3548,16.82971,17.33198,17.83425,18.33651,18.83878,19.34105,19.84332,20.34559,20.84786,21.35013,21.8524,22.35467,22.85694,23.35921,23.86148,24.36375,24.86602,25.36829,25.87056,26.37283,26.8751,27.35,27.72962,28.0023,28.25926,28.50457,28.76153,29.0342,29.41382,29.88872,30.36362,30.74324,31.04328,31.39553,31.74778,32.04782,32.42744,32.90234,33.40461,33.90688,34.38178,34.7614,35.06144,35.44106,35.91596,36.41823,36.89313,37.27275,37.57279,37.92504,38.27728,38.57733,38.95695,39.43185,39.93412,40.43639,40.96603,41.61832,42.4181,43.14996,43.72268,44.33189,44.95682,45.60911,46.3136,46.93853,47.46816,47.97043,48.44534,48.82495,49.125,49.50461,49.97951,50.48178,50.98405,51.48632,51.98859,52.49086,52.99313,53.4954,53.99767,54.49994,54.97484,55.38183,55.80453,56.41373,57.16131,58.0432,59.02037,59.99754,60.87943,61.65437,62.4136,63.16118,63.89305,64.51797,65.04761,65.54988,66.05215,66.55442,67.05669,67.58633,68.21125,68.91574,69.5133,69.92028,70.22033,70.59994,71.04748,71.42709,71.72714,72.10675,72.58166,73.05656,73.43617,73.70885,73.99318,74.38851,74.97035,75.56791,76.09754,76.59981,77.10208,77.60435,78.10662,78.63626,79.26119,79.96568,80.59061,81.12024,81.62251,82.12478,82.62705,83.12932,83.60422,83.98384,84.28389,84.6635,85.11103,85.49065,85.76333,86.02029,86.2656,86.52256,86.76787,87.02483,87.27014,87.5271,87.77241,88.02937,88.27468,88.53164,88.80431,89.18393,89.63146,90.01108,90.31112,90.69074,91.16564,91.66791,92.19755,92.82247,93.52697,94.15189,94.65416,95.03378,95.33382,95.71344,96.18834,96.69061,97.19288,97.69515,98.19742,98.69969,99.20196,99.70423,100.2339,100.8588,101.5633,102.1882,102.7178,103.2201,103.7224,104.2247,104.7543,105.3792,106.0837,106.7086,107.2656,107.8906,108.5951,109.1926,109.5996,109.8996,110.2793,110.7542,111.2564,111.7587,112.261,112.7632,113.2655,113.7678,114.2701,114.7723,115.2746,115.7495,116.1291,116.4018,116.6587,116.9041,117.161,117.4611,117.9633,118.6678,119.4154,120.1473,120.7722,121.3018,121.8041,122.3064,122.8086,123.2835,123.6632,123.9632,124.3154,124.6677,124.9677,125.3474,125.7949,126.1745,126.5019,127.0042,127.6813,128.2789,128.6859,128.9859,129.3381,129.6904,129.9904,130.3701,130.845,131.3472,131.8495,132.3518,132.854,133.3563,133.8586,134.3608,134.8905,135.5154,136.2199,136.8448,137.3745,137.8767,138.379,138.8813,139.3835,139.8858,140.3881,140.8904,141.3926,141.8949,142.3972,142.8994,143.4017,143.904,144.4336,145.0585,145.763,146.388,146.8902,147.2698,147.5699,147.9495,148.397,148.7766,149.0493,149.3063,149.579,149.9312,150.2835,150.5835,150.9905,151.588,152.2925,152.9175,153.4471,153.922,154.3016,154.6017,154.9813,155.4562,155.9584,156.4607,156.963,157.4653,157.9675,158.4698,158.9721,159.4743,159.9766,160.4789,160.9811,161.4834,161.9857,162.488,162.9902,163.4925,164.0221,164.6471,165.3516,165.9765,166.5335,167.1584,167.8629,168.5152,169.1675,169.872,170.4969,171.0265,171.5288,172.0311,172.5334,173.0356,173.5379,174.0402,174.5424,175.0447,175.547,176.0492,176.5515,177.0811,177.7061,178.4106,179.0355,179.5651,180.0674,180.5697,181.0719,181.5742,182.0765,182.5787,183.081,183.5833,184.0856,184.5878,185.0901,185.6197,186.2447,186.9765,187.7515,188.606,189.4605,190.2355,190.9673,191.5922,192.1219,192.6241,193.1264,193.6287,194.131,194.6332,195.1355,195.6378,196.1674,196.7923,197.4968,198.0944,198.474

Position (um) : 1.8827,1.8741,1.8655,1.8608,1.8568,1.8507,1.8442,1.8381,1.8341,1.8302,1.8241,1.8176,1.8115,1.8075,1.8035,1.7974,1.7909,1.7848,1.7808,1.7768,1.7715,1.7682,1.7675,1.7675,1.7675,1.7675,1.7675,1.7675,1.7675,1.7675,1.7675,1.7675,1.7675,1.7675,1.7675,1.7675,1.7675,1.7682,1.7715,1.7776,1.7848,1.7942,1.8035,1.8115,1.8208,1.8302,1.8374,1.8442,1.8507,1.8575,1.864,1.8701,1.8741,1.8788,1.8882,1.9008,1.9141,1.9267,1.9368,1.9447,1.9541,1.9627,1.9674,1.9714,1.9767,1.98,1.9807,1.9807,1.98,1.9767,1.9714,1.9674,1.9634,1.9573,1.9508,1.944,1.9375,1.9307,1.9227,1.9094,1.8914,1.8748,1.8608,1.8482,1.8381,1.8309,1.8248,1.8208,1.8168,1.8115,1.8075,1.8035,1.7981,1.7942,1.7902,1.7848,1.7808,1.7768,1.7715,1.7675,1.7635,1.7582,1.7549,1.7542,1.7535,1.7502,1.7448,1.7409,1.7369,1.7308,1.7243,1.7182,1.7149,1.7142,1.7142,1.7142,1.7142,1.7142,1.7142,1.7149,1.7182,1.7243,1.7315,1.7423,1.7582,1.7761,1.7894,1.7974,1.805,1.8154,1.8309,1.846,1.8568,1.8648,1.8741,1.8835,1.8907,1.8975,1.9047,1.9148,1.9267,1.9368,1.944,1.9508,1.9573,1.9634,1.9674,1.9714,1.9775,1.984,1.9908,1.9973,2.0034,2.0066,2.0074,2.0074,2.0066,2.0027,1.9933,1.9814,1.9714,1.9641,1.9573,1.9508,1.944,1.9375,1.9307,1.9242,1.9173,1.9108,1.904,1.8975,1.8907,1.8842,1.8774,1.8709,1.864,1.8575,1.8507,1.8435,1.8334,1.8208,1.8068,1.7902,1.7715,1.7556,1.7448,1.7376,1.7308,1.7243,1.7175,1.7109,1.7041,1.6976,1.6915,1.6876,1.6828,1.6742,1.6649,1.6569,1.6476,1.639,1.6343,1.6303,1.6249,1.6217,1.6209,1.6209,1.6209,1.6209,1.6217,1.6249,1.6303,1.6343,1.6382,1.6436,1.6476,1.6516,1.6569,1.6609,1.6649,1.671,1.6775,1.6843,1.6908,1.6976,1.7041,1.7109,1.7175,1.7243,1.7308,1.7376,1.7448,1.7549,1.7675,1.7816,1.7981,1.8168,1.8334,1.8475,1.8601,1.8701,1.8774,1.8842,1.8914,1.9008,1.9101,1.9173,1.9234,1.9274,1.9321,1.9407,1.9501,1.958,1.9674,1.9767,1.9847,1.994,2.0034,2.0106,2.0167,2.02,2.0207,2.0207,2.0207,2.0207,2.0207,2.0207,2.0207,2.0207,2.0207,2.0207,2.0207,2.0207,2.0207,2.02,2.0167,2.0113,2.0081,2.0066,2.0034,1.998,1.994,1.9901,1.984,1.9775,1.9706,1.9634,1.9533,1.9407,1.9281,1.9181,1.9101,1.9,1.8882,1.8781,1.8701,1.8608,1.8514,1.8442,1.8374,1.8302,1.8208,1.8115,1.8035,1.7934,1.7816,1.7715,1.7643,1.7574,1.7509,1.7448,1.7409,1.7369,1.7315,1.7283,1.7275,1.7275,1.7275,1.7275,1.7275,1.7275,1.7275,1.7275,1.7275,1.7275,1.7275,1.7275,1.7275,1.7275,1.7275,1.7275,1.7275,1.7275,1.7275,1.7275,1.7275,1.7275,1.7275,1.7275,1.7275,1.7275,1.7275,1.7275,1.7275,1.7275,1.7275,1.7275,1.7275,1.7275,1.7283,1.7315,1.7369,1.7409,1.7448,1.7509,1.7574,1.7643,1.7708,1.7768,1.7801,1.7816,1.7848,1.7902,1.7942,1.7981,1.8035,1.8075,1.8115,1.8168,1.8208,1.8248,1.8309,1.8374,1.8435,1.8475,1.8514,1.8568,1.8608,1.8648,1.8701,1.8741,1.8781,1.8842,1.8907,1.8975,1.904,1.9108,1.9173,1.9234,1.9267

Intensity : 337.734,334.9277,332.0372,330.2769,328.7027,326.4473,324.0253,321.6923,319.9715,318.2181,315.7403,313.8469,313.1454,313.5445,313.7606,313.5354,313.4247,313.5777,314.0249,314.2832,314.2006,313.9982,313.8884,313.8721,313.8559,313.8396,313.8233,313.807,313.7907,314.3011,315.4033,316.5055,317.6078,318.71,319.8122,320.9144,322.0167,322.2275,321.6699,321.5485,321.5903,321.9404,322.2687,322.4261,323.5547,325.0377,326.0887,327.142,328.0583,328.9605,329.5118,329.6926,329.383,329.3852,330.3896,331.7611,333.1353,335.329,336.9777,337.2633,337.7732,337.9759,337.067,336.3747,336.4551,335.4953,333.313,332.5073,333.602,333.7254,333.0376,332.882,332.7263,331.8344,331.0428,330.4249,329.9689,329.3174,328.2645,327.2671,325.798,324.1344,322.4298,320.9984,320.7255,321.0857,321.8138,322.7396,323.4049,323.7718,323.7684,322.8818,321.7953,320.9232,320.0161,318.8665,317.9673,317.0774,315.9622,315.3725,315.1975,314.8153,314.7975,315.1952,315.5683,315.4846,315.1083,314.9105,313.3505,311.2304,308.8343,306.4225,305.3863,305.2687,305.2811,305.2933,305.3052,305.0946,304.4102,303.8912,303.8108,304.1957,304.7303,305.7614,307.3746,309.177,310.3114,310.8547,311.4714,312.3131,313.4106,314.5083,315.1833,315.3199,315.41,315.5093,315.5192,315.67,315.8123,315.9637,315.8591,315.5602,315.1208,315.1591,316.0256,316.9477,317.6937,318.5208,319.7936,321.3198,322.9029,324.2295,325.4885,326.2721,326.6238,326.8503,326.9365,326.4027,324.8744,323.1606,321.9898,321.1498,320.1808,319.2034,318.1038,317.0327,315.8395,314.6749,313.5624,312.6577,311.655,310.6723,309.5917,308.5959,307.8342,307.3429,306.966,306.5721,306.0239,305.6041,304.9946,304.1581,303.577,303.0677,302.3591,301.9024,301.7833,301.8114,301.7529,301.8928,302.2139,302.8511,303.8081,304.657,305.5255,306.6244,307.6139,308.0833,308.5013,308.5221,307.5415,306.6016,306.1394,305.7567,305.1728,304.8714,304.7232,304.2273,303.6683,303.1724,302.8279,302.7632,302.9015,302.9309,303.1082,303.5456,303.7308,303.8266,304.0628,304.115,304.1578,304.5227,305.1258,305.7987,306.4634,307.1994,307.9258,308.7544,309.5793,310.467,311.2703,311.8017,312.3715,313.2651,314.1621,314.9113,315.9409,317.2637,318.3256,319.1158,319.7698,320.0922,320.0423,319.9921,320.1862,320.8155,321.341,321.5896,322.3849,322.9488,323.5727,325.4571,327.5895,328.8635,330.0402,331.2601,332.4502,334.5969,336.6515,338.1009,339.2887,339.5969,339.0993,338.3732,337.6471,336.921,336.5194,337.0112,337.503,337.9948,338.5134,339.1253,339.8151,340.5005,341.3978,342.0593,342.0471,341.4462,341.3809,341.7882,341.6835,341.0549,341.0644,341.0459,340.3818,339.5515,338.5829,337.44,335.4303,332.4305,329.0593,326.7529,325.7521,324.3095,322.5105,321.1032,320.1309,318.8815,317.4281,316.3431,315.3685,314.4095,313.1709,312.1722,312.0073,311.9372,311.9625,312.0034,311.6521,311.3857,311.1811,311.0232,310.9721,310.9702,310.9862,311.0798,311.2183,311.3432,311.4681,311.593,311.7179,311.8428,311.9676,312.0925,312.2443,312.4941,312.7438,312.9936,313.2434,313.4932,313.7565,314.0673,314.9584,316.0092,316.9457,317.9964,319.1809,320.2776,321.7396,323.9501,325.9109,327.5727,329.1486,330.7245,332.3005,333.7119,334.4374,335.1629,335.8885,336.614,337.3555,338.1481,338.9746,339.8095,340.8288,342.0659,343.2503,344.3466,345.4347,346.5502,347.4185,347.511,347.7359,348.1526,348.5391,348.9814,349.6047,350.1686,350.8522,351.7824,352.6223,353.6525,354.8506,356.2666,356.6881,356.1325,355.6727,355.444,355.2614,355.1391,355.323,356.2995,357.2667,358.3751,359.4985,360.6279,361.7555,363.0082,361.5543,358.6019,356.5719

Time pixel : 2.3113,2.31811,2.35541,2.43619,2.52377,2.59157,2.65546,2.72326,2.81085,2.89843,2.97304,3.06742,3.18551,3.30359,3.39798,3.47258,3.56697,3.68505,3.80313,3.89752,3.97212,4.06651,4.18459,4.30948,4.43437,4.55925,4.68414,4.80902,4.93391,5.0588,5.18368,5.30857,5.43345,5.55834,5.68323,5.80811,5.933,6.05789,6.18277,6.30766,6.43254,6.55743,6.68232,6.8004,6.89479,6.96258,7.02648,7.08747,7.15136,7.21916,7.31355,7.43163,7.54971,7.6441,7.71871,7.80629,7.89387,7.96848,8.06287,8.18095,8.30583,8.43072,8.5488,8.64319,8.71779,8.81218,8.93026,9.05515,9.17323,9.26762,9.34222,9.42981,9.51739,9.592,9.68639,9.80447,9.92935,10.0542,10.1859,10.3481,10.547,10.729,10.8714,11.0228,11.1782,11.3404,11.5156,11.671,11.8026,11.9275,12.0456,12.14,12.2146,12.309,12.4271,12.552,12.6768,12.8017,12.9266,13.0515,13.1764,13.3013,13.4262,13.551,13.6691,13.7703,13.8754,14.0269,14.2128,14.4321,14.675,14.918,15.1373,15.33,15.5187,15.7046,15.8866,16.042,16.1737,16.2985,16.4234,16.5483,16.6732,16.8049,16.9603,17.1354,17.284,17.3852,17.4598,17.5542,17.6655,17.7599,17.8345,17.9289,18.0469,18.165,18.2594,18.3272,18.3979,18.4962,18.6409,18.7895,18.9211,19.046,19.1709,19.2958,19.4207,19.5524,19.7078,19.8829,20.0383,20.17,20.2949,20.4198,20.5447,20.6696,20.7876,20.882,20.9566,21.051,21.1623,21.2567,21.3245,21.3884,21.4494,21.5133,21.5743,21.6381,21.6991,21.763,21.824,21.8879,21.9489,22.0128,22.0806,22.175,22.2863,22.3807,22.4553,22.5496,22.6677,22.7926,22.9243,23.0797,23.2549,23.4102,23.5351,23.6295,23.7041,23.7985,23.9166,24.0415,24.1664,24.2912,24.4161,24.541,24.6659,24.7908,24.9225,25.0779,25.253,25.4084,25.5401,25.665,25.7899,25.9148,26.0465,26.2018,26.377,26.5324,26.6709,26.8263,27.0014,27.15,27.2512,27.3258,27.4202,27.5383,27.6632,27.7881,27.9129,28.0378,28.1627,28.2876,28.4125,28.5374,28.6623,28.7803,28.8747,28.9425,29.0064,29.0674,29.1313,29.2059,29.3308,29.506,29.6918,29.8738,30.0292,30.1609,30.2858,30.4107,30.5356,30.6536,30.748,30.8226,30.9102,30.9978,31.0724,31.1668,31.2781,31.3725,31.4539,31.5787,31.7471,31.8957,31.9969,32.0715,32.1591,32.2467,32.3213,32.4156,32.5337,32.6586,32.7835,32.9084,33.0333,33.1582,33.283,33.4079,33.5396,33.695,33.8702,34.0256,34.1572,34.2821,34.407,34.5319,34.6568,34.7817,34.9066,35.0314,35.1563,35.2812,35.4061,35.531,35.6559,35.7808,35.9125,36.0678,36.243,36.3984,36.5233,36.6177,36.6923,36.7867,36.8979,36.9923,37.0601,37.124,37.1918,37.2794,37.367,37.4416,37.5428,37.6914,37.8665,38.0219,38.1536,38.2717,38.3661,38.4407,38.5351,38.6531,38.778,38.9029,39.0278,39.1527,39.2776,39.4025,39.5273,39.6522,39.7771,39.902,40.0269,40.1518,40.2767,40.4015,40.5264,40.6513,40.783,40.9384,41.1136,41.2689,41.4074,41.5628,41.738,41.9002,42.0624,42.2375,42.3929,42.5246,42.6495,42.7744,42.8993,43.0242,43.149,43.2739,43.3988,43.5237,43.6486,43.7735,43.8984,44.0301,44.1854,44.3606,44.516,44.6477,44.7726,44.8974,45.0223,45.1472,45.2721,45.397,45.5219,45.6468,45.7716,45.8965,46.0214,46.1531,46.3085,46.4905,46.6832,46.8956,47.1081,47.3008,47.4828,47.6381,47.7698,47.8947,48.0196,48.1445,48.2694,48.3943,48.5191,48.644,48.7757,48.9311,49.1063,49.2548,49.3492

Position pixel : 17.645,17.5643,17.4835,17.4394,17.4021,17.345,17.284,17.2269,17.1896,17.1523,17.0952,17.0342,16.9771,16.9398,16.9025,16.8454,16.7845,16.7274,16.6901,16.6528,16.6025,16.572,16.5652,16.5652,16.5652,16.5652,16.5652,16.5652,16.5652,16.5652,16.5652,16.5652,16.5652,16.5652,16.5652,16.5652,16.5652,16.572,16.6025,16.6596,16.7274,16.8149,16.9025,16.9771,17.0647,17.1523,17.2201,17.284,17.345,17.4089,17.4699,17.527,17.5643,17.6084,17.696,17.814,17.9389,18.057,18.1514,18.226,18.3136,18.3944,18.4385,18.4758,18.5261,18.5565,18.5634,18.5634,18.5565,18.5261,18.4758,18.4385,18.4012,18.3441,18.2831,18.2192,18.1582,18.0943,18.0197,17.8948,17.7265,17.5711,17.4394,17.3213,17.2269,17.1591,17.102,17.0647,17.0274,16.9771,16.9398,16.9025,16.8523,16.8149,16.7776,16.7274,16.6901,16.6528,16.6025,16.5652,16.5279,16.4776,16.4471,16.4403,16.4335,16.403,16.3527,16.3154,16.2781,16.221,16.16,16.1029,16.0724,16.0656,16.0656,16.0656,16.0656,16.0656,16.0656,16.0724,16.1029,16.16,16.2278,16.329,16.4776,16.646,16.7708,16.8454,16.9161,17.0144,17.1591,17.3009,17.4021,17.4767,17.5643,17.6519,17.7196,17.7835,17.8513,17.9457,18.057,18.1514,18.2192,18.2831,18.3441,18.4012,18.4385,18.4758,18.5329,18.5939,18.6577,18.7187,18.7758,18.8063,18.8131,18.8131,18.8063,18.769,18.6814,18.5702,18.4758,18.408,18.3441,18.2831,18.2192,18.1582,18.0943,18.0333,17.9694,17.9084,17.8445,17.7835,17.7196,17.6587,17.5948,17.5338,17.4699,17.4089,17.345,17.2772,17.1828,17.0647,16.933,16.7776,16.6025,16.4539,16.3527,16.2849,16.221,16.16,16.0961,16.0351,15.9712,15.9103,15.8532,15.8159,15.7718,15.691,15.6034,15.5288,15.4412,15.3604,15.3163,15.279,15.2287,15.1982,15.1914,15.1914,15.1914,15.1914,15.1982,15.2287,15.279,15.3163,15.3536,15.4039,15.4412,15.4785,15.5288,15.5661,15.6034,15.6605,15.7215,15.7854,15.8464,15.9103,15.9712,16.0351,16.0961,16.16,16.221,16.2849,16.3527,16.4471,16.5652,16.6969,16.8523,17.0274,17.1828,17.3145,17.4326,17.527,17.5948,17.6587,17.7265,17.814,17.9016,17.9694,18.0265,18.0638,18.1079,18.1887,18.2763,18.3509,18.4385,18.5261,18.6007,18.6882,18.7758,18.8436,18.9007,18.9312,18.938,18.938,18.938,18.938,18.938,18.938,18.938,18.938,18.938,18.938,18.938,18.938,18.938,18.9312,18.9007,18.8504,18.8199,18.8063,18.7758,18.7255,18.6882,18.6509,18.5939,18.5329,18.469,18.4012,18.3068,18.1887,18.0706,17.9762,17.9016,17.8072,17.696,17.6016,17.527,17.4394,17.3518,17.284,17.2201,17.1523,17.0647,16.9771,16.9025,16.8081,16.6969,16.6025,16.5347,16.4708,16.4098,16.3527,16.3154,16.2781,16.2278,16.1973,16.1905,16.1905,16.1905,16.1905,16.1905,16.1905,16.1905,16.1905,16.1905,16.1905,16.1905,16.1905,16.1905,16.1905,16.1905,16.1905,16.1905,16.1905,16.1905,16.1905,16.1905,16.1905,16.1905,16.1905,16.1905,16.1905,16.1905,16.1905,16.1905,16.1905,16.1905,16.1905,16.1905,16.1905,16.1973,16.2278,16.2781,16.3154,16.3527,16.4098,16.4708,16.5347,16.5957,16.6528,16.6833,16.6969,16.7274,16.7776,16.8149,16.8523,16.9025,16.9398,16.9771,17.0274,17.0647,17.102,17.1591,17.2201,17.2772,17.3145,17.3518,17.4021,17.4394,17.4767,17.527,17.5643,17.6016,17.6587,17.7196,17.7835,17.8445,17.9084,17.9694,18.0265,18.057

Brightness max : 648.85
Brightness min : 241.00
Feature direction : Ambiguous
Feature speed : Slow
Feature type : Curve
Start frame : 1
End frame : 138
Start time (s) : 0.000
End time (s) : 550.990
Time step (s) : 4.022

Feature number : 2

Time (s) : 215.9059,216.2856,216.8831,217.5876,218.2125,218.7148,219.0944,219.3671,219.6241,219.8694,220.1263,220.399,220.7786,221.2809,221.9058,222.6103,223.2079,223.6149,223.9149,224.2945,224.7694,225.2717,225.774,226.2489,226.6285,226.9285,227.3081,227.7557,228.1353,228.4353,228.8149,229.2898,229.7647,230.1444,230.4444,230.824,231.2989,231.8286,232.4535,233.158,233.7829,234.3125,234.8148,235.3171,235.8193,236.2943,236.6739,236.9739,237.3535,237.8011,238.1807,238.4807,238.833,239.1852,239.4579,239.7149,239.9602,240.2171,240.4624,240.7194,240.9647,241.2217,241.467,241.7239,241.9966,242.3489,242.6737,242.8511,243.0012,243.2307,243.4761,243.733,244.0057,244.3853,244.8602,245.3351,245.7147,246.0148,246.3944,246.8419,247.2489,247.6716,248.2534,248.851,249.3533,249.7329,250.0329,250.4125,250.8874,251.4171,252.042,252.7465,253.4262,254.2285,255.2852,256.4124,257.567,258.7464,259.7509,260.5532,261.2851,261.91,262.467,263.0646,263.6464,264.0691,264.4761,264.9236,265.3032,265.6033,265.9555,266.3078,266.6078,266.9874,267.4897,268.142,268.9692,269.7963,270.4486,270.9782,271.5079,272.1328,272.892,273.7623,274.6964,275.4439,276.0009,276.5032,277.0055,277.5077,278.01,278.5123,279.0146,279.5168,280.0191,280.5214,281.051,281.6759,282.3804,283.0053,283.535,284.0373,284.5395,285.0418,285.5441,286.0463,286.5486,287.0509,287.5805,288.2054,288.9099,289.5075,289.9145,290.2145,290.5941,291.069,291.5713,292.0736,292.5758,293.0507,293.4577,293.8804,294.4623,295.0325,295.4394,295.7395,296.1191,296.594,297.0963,297.5985,298.1008,298.6031,299.1053,299.5802,299.9599,300.2599,300.6395,301.1144,301.5893,301.9689,302.2416,302.4986,302.7713,303.1235,303.4484,303.6258,303.7758,303.978,304.128,304.2781,304.4803,304.6303,304.7803,304.9826,305.1052,305.16,305.2826,305.4848,305.6075,305.6349,305.6622,305.7849,306.0145,306.2598,306.5167,306.7621,307.019,307.2643,307.4939,307.6439,307.794,308.0235,308.2689,308.5258,308.7985,309.1507,309.503,309.803,310.1827,310.6576,311.1598,311.6621,312.1644,312.6666,313.1689,313.6712,314.1734,314.6757,315.2054,315.8303,316.5348,317.1597,317.662,318.0142,318.1916,318.369,318.6939,319.0188,319.1961,319.3735,319.6984,320.0507,320.3233,320.5803,320.853,321.2052,321.5575,321.8575,322.2371,322.712,323.2143,323.7439,324.3689,325.1007,325.8483,326.6075,327.3551,328.087,328.6845,329.0915,329.3916,329.7712,330.2461,330.7483,331.2506,331.7803,332.4325,333.2597,334.0868,334.7391,335.2688,335.771,336.2733,336.7482,337.1278,337.4279,337.8075,338.255,338.6346,338.9347,339.3143,339.7618,340.1415,340.4415,340.7937,341.146,341.446,341.8257,342.3006,342.8028,343.2777,343.6573,343.9574,344.337,344.7845,345.1641,345.4368,345.6938,345.9391,346.1961,346.4414,346.6983,346.9436,347.228,347.6233,348.2051,348.7753,349.1823,349.4824,349.862,350.3369,350.8665,351.4914,352.1959,352.8756,353.6779,354.7073,355.6571,356.3367,356.8664,357.3686,357.8709,358.3732,358.8755,359.3777,359.88,360.3823,360.8845,361.3868,361.8617,362.2413,362.5414,362.921,363.3959,363.8982,364.4004,364.9027,365.405,365.8799,366.2321,366.3821,366.4095,366.4369,366.5595,366.7891,367.0344,367.2914,367.5367,367.7937,368.039,368.2959,368.5686,368.9482,369.4231,369.9254,370.4277,370.9299,371.4048,371.7844,372.1119,372.6962,373.8508,375.6278,377.689,379.7412,381.8298,383.7295,385.1136,385.9433,386.4729,386.8525,387.1526,387.5322,388.0071,388.5094,389.0116,389.5139,390.0162,390.5185,391.0207,391.523,392.0253,392.5275,393.0298,393.5594,394.1844,394.8889,395.5412,396.1934,396.9253,397.6729,398.4048,399.0023,399.4093,399.682,399.9116,400.0616,400.239,400.5639,400.9161,401.2161,401.5958,402.0707,402.6003,403.2526,404.0797,404.9069,405.5592,406.0888,406.5637,406.9433,407.2434,407.5956,407.9479,408.2479,408.6275,409.0751,409.4547,409.7547,410.1343,410.6092,411.1115,411.6138,412.0887,412.4683,412.7684,413.1206,413.4728,413.7729,414.1251,414.4774,414.7774,415.157,415.6046,415.9842,416.2569,416.5138,416.7865,417.1661,417.641,418.1433,418.6182,418.9978,419.2979,419.6775,420.125,420.5046,420.8047,421.1569,421.5092,421.8092,422.1888,422.6637,423.1934,423.8183,424.5501,425.2704,425.8796,426.3023,426.6819,427.0341,427.3342,427.7138,428.1613,428.5409,428.841,429.2206,429.6955,430.1978,430.7,431.2023,431.7046,432.2069,432.7091,433.2114,433.7137,434.2159,434.7182,435.2205,435.7227,436.1976,436.5773,436.8773,437.2569,437.7318,438.2341,438.7364,439.2386,439.7409,440.2432,440.7454,441.2203,441.6,441.9,442.2522,442.6045,442.9045,443.2568,443.609,443.9091,444.2887,444.7636,445.2659,445.7408,446.1204,446.3931,446.65,446.9227,447.2749,447.6272,447.9272,448.2795,448.6317,448.9044,449.1614,449.4067,449.6363,449.7863,449.9637,450.2886,450.6408,450.9409,451.3205,451.7954,452.2703,452.6499,452.9499,453.3296,453.8045,454.2794,454.659,454.959,455.3386,455.7862,456.1658,456.4658,456.8454,457.3203,457.8226,458.3249,458.8272,459.3294,459.8317,460.334,460.8362,461.3385,461.8408,462.343,462.8453,463.3476,463.8499,464.3248,464.7044,464.977,465.234,465.4793,465.7089,465.8589,466.009,466.2112,466.3612,466.5112,466.7134,466.8635,467.0135,467.2431,467.4884,467.7454,467.9907,468.2203,468.3703,468.5203,468.7499,468.9952,469.2522,469.4975,469.7544,469.9997,470.2567,470.5294,470.909,471.4113,472.0362,472.7681,473.543,474.4249,475.3747,476.2292,476.8815,477.4111,477.9134,478.3883,478.7679,479.0406,479.2976,479.5702,479.9499,480.4248,480.927,481.4293,481.9316,482.4338,482.9635,483.5884,484.2929,484.9178,485.4475,485.9497,486.452,486.9269,487.3065,487.5792,487.8361,488.1088,488.4884,488.9633,489.4382,489.8179,490.1179,490.4975,490.9724,491.5021,492.127,492.8041,493.3064,493.6338,493.986,494.3383,494.6383,495.0179,495.4929,495.9951,496.4974,496.9997,497.5019,498.0042,498.5338,499.1861,500.0406,500.9905,501.845,502.4973,503.0269,503.5018,503.8814,504.1541,504.4111,504.6564,504.9133,505.186,505.5656,506.0131,506.3928,506.6928,507.0724,507.52,507.8996,508.1996,508.5792,509.0541,509.5564,510.0587,510.5609,511.0632,511.5655,512.0678,512.57,513.0723,513.5472,513.9268,514.2269,514.6065,515.054,515.4336,515.7063,515.9633,516.2359,516.6156,517.0631,517.4427,517.7427,518.1224,518.5973,519.1269,519.7792,520.6063,521.4335,522.1132,522.7654,523.4973,524.2449,525.0041,525.7243,526.3609,526.9063,527.4881,527.9904,528.4404,529.0223,529.5925,529.9721,530.1221,530.1768,530.2995,530.5291,530.7744,531.0314,531.2767,531.5063,531.6563,531.8337,532.1859,532.6608,533.2178,533.9928,535.0221,535.9993,536.8016,537.5335,538.1858,538.8381,539.5426,540.1675,540.6971,541.1994,541.7017,542.2039,542.7336,543.3585,544.063,544.6879,545.2176,545.7198,546.2221,546.7244,547.2266,547.7563,548.3812,549.0857,549.7106,550.2403,550.7425,551.2174,551.5697

Position (um) : 2.0826,2.0733,2.0607,2.0481,2.038,2.03,2.0207,2.0113,2.0041,1.9973,1.9908,1.984,1.9767,1.9667,1.9541,1.9415,1.9314,1.9242,1.9173,1.9108,1.9047,1.9008,1.8968,1.8907,1.8842,1.8781,1.8748,1.8734,1.8701,1.8648,1.8615,1.8608,1.8601,1.8568,1.8514,1.8482,1.8467,1.8435,1.8374,1.8309,1.8248,1.8215,1.8208,1.8208,1.8208,1.8215,1.8248,1.8309,1.8374,1.8442,1.8514,1.8608,1.8701,1.8774,1.8842,1.8907,1.8975,1.904,1.9108,1.9181,1.9281,1.94,1.9501,1.958,1.9681,1.9807,1.994,2.0074,2.0207,2.0333,2.0434,2.0513,2.0607,2.07,2.0772,2.0841,2.0906,2.0967,2.1006,2.1053,2.114,2.124,2.1345,2.146,2.1532,2.1579,2.1633,2.1673,2.1712,2.1766,2.1799,2.1806,2.1813,2.1846,2.1899,2.1932,2.1939,2.1939,2.1939,2.1932,2.1899,2.1838,2.1766,2.1665,2.1547,2.1446,2.1374,2.1305,2.124,2.1179,2.114,2.11,2.1046,2.1006,2.0959,2.0873,2.078,2.0707,2.0639,2.0574,2.0506,2.0434,2.0333,2.0214,2.0113,2.0041,1.998,1.994,1.9901,1.984,1.9775,1.9706,1.9641,1.9573,1.9508,1.944,1.9368,1.9274,1.9181,1.9108,1.904,1.8975,1.8914,1.8874,1.8835,1.8774,1.8709,1.864,1.8575,1.8507,1.8442,1.8374,1.8309,1.8248,1.8208,1.8168,1.8107,1.8042,1.7981,1.7942,1.7902,1.7848,1.7816,1.7801,1.7768,1.7715,1.7682,1.7675,1.7675,1.7675,1.7675,1.7675,1.7675,1.7682,1.7715,1.7768,1.7801,1.7808,1.7816,1.7848,1.7909,1.7981,1.8075,1.8168,1.8248,1.8341,1.8435,1.8514,1.8608,1.8701,1.8781,1.8882,1.9008,1.9141,1.9274,1.9407,1.9541,1.9674,1.9807,1.994,2.0074,2.0207,2.0347,2.0528,2.078,2.1053,2.1258,2.1406,2.1539,2.1665,2.1766,2.1838,2.1907,2.1972,2.2033,2.2072,2.2112,2.2173,2.2238,2.2306,2.2371,2.2432,2.2472,2.2512,2.2566,2.2598,2.2605,2.2605,2.2598,2.2566,2.2505,2.244,2.2371,2.2299,2.2198,2.208,2.1979,2.1899,2.1806,2.172,2.1673,2.1633,2.1572,2.1507,2.1446,2.1406,2.1366,2.1305,2.124,2.1172,2.1107,2.1039,2.0967,2.0866,2.0747,2.0646,2.0574,2.0513,2.0473,2.0434,2.038,2.0347,2.034,2.034,2.0333,2.03,2.0247,2.0214,2.0207,2.0207,2.0207,2.0214,2.0247,2.0308,2.0373,2.0434,2.0466,2.0481,2.0513,2.0567,2.0599,2.0614,2.0646,2.07,2.074,2.078,2.0833,2.0873,2.0913,2.0967,2.1006,2.1046,2.11,2.1132,2.1147,2.1179,2.124,2.1305,2.1374,2.1439,2.1507,2.1572,2.164,2.1705,2.1773,2.1838,2.1907,2.1972,2.2033,2.2065,2.2072,2.208,2.2112,2.2166,2.2198,2.2206,2.2206,2.2206,2.2206,2.2206,2.2206,2.2198,2.2166,2.2105,2.204,2.1979,2.1939,2.1892,2.1806,2.1712,2.164,2.1572,2.15,2.1399,2.1273,2.1147,2.1046,2.0967,2.0866,2.074,2.0607,2.0473,2.034,2.0207,2.0081,1.998,1.9908,1.984,1.9775,1.9706,1.9634,1.9541,1.9447,1.9375,1.9307,1.9242,1.9181,1.9141,1.9101,1.904,1.8961,1.8813,1.8568,1.828,1.801,1.7747,1.7524,1.7362,1.729,1.7283,1.7315,1.7369,1.7401,1.7409,1.7409,1.7409,1.7409,1.7409,1.7409,1.7409,1.7409,1.7409,1.7409,1.7409,1.7409,1.7401,1.7369,1.7315,1.7283,1.7268,1.7235,1.7182,1.7142,1.7102,1.7041,1.6969,1.6876,1.6789,1.6742,1.6702,1.6649,1.6616,1.6609,1.6609,1.6609,1.6609,1.6609,1.6609,1.6609,1.6616,1.6649,1.6702,1.6742,1.6789,1.6883,1.7002,1.7102,1.7175,1.725,1.7355,1.7509,1.7668,1.7801,1.7902,1.7981,1.8089,1.8248,1.8435,1.8601,1.8741,1.8882,1.9055,1.9274,1.9494,1.9659,1.9767,1.9847,1.9962,2.0153,2.0394,2.0585,2.07,2.078,2.088,2.1006,2.114,2.1266,2.1359,2.1406,2.1446,2.15,2.1539,2.1579,2.164,2.1705,2.1766,2.1806,2.1846,2.1899,2.1939,2.1979,2.2033,2.2065,2.208,2.2112,2.2166,2.2198,2.2206,2.2206,2.2206,2.2206,2.2206,2.2206,2.2206,2.2206,2.2206,2.2198,2.2166,2.2112,2.208,2.2065,2.2033,2.1979,2.1946,2.1932,2.1899,2.1846,2.1806,2.1766,2.1712,2.168,2.1665,2.1633,2.1579,2.1539,2.15,2.1439,2.1366,2.1273,2.1179,2.11,2.0999,2.0873,2.074,2.0614,2.0513,2.0441,2.0365,2.0261,2.0106,1.9948,1.9807,1.9681,1.958,1.9508,1.944,1.9368,1.9274,1.9188,1.9141,1.9101,1.904,1.8968,1.8874,1.8781,1.8709,1.8648,1.8608,1.8568,1.8507,1.8442,1.8381,1.8349,1.8334,1.8302,1.8248,1.8215,1.8208,1.8201,1.8168,1.8115,1.8082,1.8075,1.8075,1.8075,1.8075,1.8075,1.8075,1.8075,1.8075,1.8075,1.8082,1.8115,1.8183,1.8288,1.8442,1.8601,1.8734,1.8835,1.8914,1.9008,1.9101,1.9181,1.9281,1.9407,1.9548,1.9714,1.9901,2.0066,2.0207,2.0333,2.0434,2.0513,2.0614,2.074,2.0873,2.0999,2.11,2.1172,2.124,2.1305,2.1374,2.1439,2.1507,2.1572,2.164,2.1705,2.1766,2.1799,2.1806,2.1806,2.1799,2.1766,2.1705,2.164,2.1572,2.15,2.1399,2.1273,2.114,2.1006,2.0873,2.0733,2.0567,2.038,2.0214,2.0074,1.994,1.9807,1.9674,1.9548,1.9447,1.9375,1.9307,1.9234,1.9141,1.9047,1.8975,1.8907,1.8835,1.8734,1.8615,1.8514,1.8435,1.8341,1.8255,1.8208,1.8168,1.8115,1.8082,1.8075,1.8075,1.8075,1.8075,1.8075,1.8075,1.8068,1.8035,1.7981,1.7949,1.7942,1.7942,1.7942,1.7949,1.7981,1.8042,1.8107,1.8176,1.8241,1.8309,1.8374,1.8442,1.8507,1.8575,1.864,1.8709,1.8774,1.8835,1.8867,1.8874,1.8874,1.8874,1.8874,1.8874,1.8874,1.8874,1.8874,1.8867,1.8827,1.8741,1.8648,1.8575,1.8507,1.8442,1.8374,1.8309,1.8248,1.8215,1.8201,1.8168,1.8115,1.8082,1.8075,1.8075,1.8075,1.8075,1.8075,1.8082,1.8122,1.8208,1.8302,1.8381,1.8482,1.8608,1.8748,1.8914,1.9108,1.9314,1.9541,1.976,1.9933,2.0074,2.02,2.0308,2.0427,2.0614,2.0826,2.0999,2.114,2.1266,2.1359,2.1399,2.1413,2.1446,2.15,2.1532,2.1547,2.1579,2.1633,2.1665,2.1673,2.1673,2.1673,2.1673,2.1673,2.1673,2.1673,2.1673,2.1673,2.1673,2.1673,2.1673,2.1665,2.1633,2.1579,2.1547,2.1532,2.15,2.1439,2.1374,2.1313,2.128,2.1273,2.1273

Intensity : 336.2253,337.6,339.878,341.9197,343.3829,344.6471,345.7165,346.5301,347.2967,348.0287,348.7954,349.609,350.7416,351.9054,351.2538,350.6741,350.3007,350.119,349.7015,348.9242,348.1967,347.8027,348.6425,349.397,350.0131,350.5332,351.4078,352.5419,353.5,354.274,355.3343,356.5648,356.6198,356.7294,356.9136,357.0999,357.2819,357.5819,358.1201,358.8314,357.5148,355.8189,354.069,352.2927,350.5164,348.8507,347.6125,346.8168,345.509,341.8418,338.8559,336.7424,334.2282,331.6392,329.7493,328.0058,326.4139,324.7328,323.2033,321.6419,320.3274,319.1321,318.6002,318.3246,318.3624,318.6676,319.457,320.8256,322.4045,323.8888,325.0913,326.1074,327.4382,328.9103,330.2265,331.6273,331.7115,332.0038,331.6901,331.3683,332.0287,333.0414,333.8755,335.6167,336.5826,339.3869,342.0899,344.6979,347.6765,351.2824,354.641,357.5605,360.1098,359.8035,359.6535,358.7182,357.1523,356.2364,355.4564,354.6467,353.2554,350.5863,347.6452,343.9946,340.03,336.8713,334.4568,332.4167,330.9089,329.8993,329.3951,328.8973,328.2248,327.7429,327.1869,326.1681,325.1088,324.7225,324.7643,324.7172,324.6674,324.7405,324.7503,323.5658,320.6818,318.6398,317.0689,315.9475,314.8634,313.502,312.6428,311.7692,310.9717,310.1612,309.4253,308.678,307.9183,306.6354,304.1557,302.0976,300.3293,298.7091,297.2006,295.9966,294.8299,294.8048,294.7631,294.7029,294.73,294.8743,295.1839,295.3293,295.4772,295.5125,295.9512,296.6224,297.1192,297.5336,298.0234,298.7006,299.236,299.3451,299.7264,300.2873,300.4948,300.3983,300.6104,301.1748,301.8372,302.4997,301.9175,301.2931,300.6686,300.1327,299.9047,299.9339,299.706,299.17,298.634,298.3836,298.4914,298.7151,299.0914,299.3336,299.4161,299.7608,300.1338,300.3472,300.7064,301.0591,301.2507,301.6322,302.154,302.632,303.2173,303.8996,304.4719,304.9091,305.4637,306.1691,306.8664,307.1671,307.3004,307.9064,309.0735,310.4621,311.2379,312.7097,315.3387,318.1228,320.2919,321.5066,322.6087,323.6396,324.558,324.7123,324.9057,326.2868,328.4767,330.9107,333.3651,336.7173,339.9953,343.32,347.669,350.578,351.2502,351.3751,350.9896,348.8272,344.6638,340.1836,336.752,335.7223,333.0481,329.6719,327.5431,326.0842,323.3985,320.9301,320.4787,320.3648,319.0738,317.5055,316.1058,315.7867,315.4218,314.3961,313.4967,312.6967,312.044,311.4144,310.8961,310.0623,308.8961,307.0725,305.7548,304.6315,303.8919,303.134,302.0943,301.4635,301.3915,301.4693,301.419,300.9565,300.4018,300.3034,300.2904,300.078,299.9055,299.8265,300.0655,300.9451,302.1925,303.4406,304.1597,305.23,306.6166,308.3259,309.7253,310.8578,312.2676,314.005,315.5386,317.0787,318.838,320.4432,320.1978,320.0203,319.583,319.384,319.6783,319.2848,318.3114,317.8866,318.3212,318.8616,320.0883,321.6574,323.3529,324.8441,326.4616,327.761,328.6631,328.5845,328.58,329.1045,329.9063,329.314,327.6074,325.6871,324.1965,323.0023,321.1669,317.9909,317.8659,318.9576,319.7388,320.3476,320.9249,321.271,320.7584,319.3995,317.9859,316.772,316.242,315.5522,313.8276,311.9633,311.5281,311.2611,311.4176,311.5715,312.3981,314.0509,315.9766,318.1265,319.9374,321.123,320.9519,319.9114,318.8726,318.3294,318.3781,318.7652,319.5276,320.2112,320.9586,321.533,322.0622,322.2995,323.0806,324.646,326.3271,326.0713,325.3668,324.9396,324.3853,323.2657,321.8433,318.9528,313.4173,305.3917,300.6323,297.5056,294.8183,292.7835,292.1108,291.9994,292.6493,293.8215,294.4458,294.4253,294.2216,294.0179,293.8143,293.6106,294.1372,294.8471,295.557,296.2669,296.9769,297.6868,298.4354,299.2032,300.1267,300.4574,301.2371,302.5883,303.5671,304.1318,304.8634,305.0863,304.5819,303.8282,302.4394,301.2402,301.1475,301.2443,300.9175,301.1859,302.1843,302.5579,302.72,302.9257,303.1314,303.2936,303.4253,302.5304,302.0284,302.1318,301.7606,301.4728,302.1074,302.7875,302.9123,302.9513,303.3202,303.9281,304.5272,304.8569,304.6313,303.8849,303.2395,303.5428,304.2264,305.3153,306.401,306.8247,307.039,307.9481,309.0394,309.8372,310.3002,310.5074,310.3531,310.7941,312.0772,313.5869,314.1935,313.9588,313.5829,313.9588,314.409,314.6676,315.1177,315.4724,314.9563,314.322,314.3234,313.6798,313.1459,313.1217,312.8981,312.2185,311.0149,310.1422,310.1889,311.1325,312.132,313.5127,314.3631,314.7536,315.6352,317.1004,318.0204,318.2701,318.3243,317.9541,317.4239,316.8937,316.3636,315.8334,315.3032,314.773,314.065,313.0053,311.5653,310.6572,310.1945,309.354,308.0706,307.2684,306.8656,306.0779,304.9054,304.0699,303.2531,302.1683,301.5405,301.2896,300.6738,299.639,298.9012,298.8148,298.5938,298.296,298.4716,298.8033,299.4351,300.1577,300.7007,301.0203,301.0519,300.9475,300.6628,300.358,300.0487,300.4191,300.8312,301.4433,302.1606,302.7901,303.4122,304.045,304.6886,305.2245,305.7139,306.3001,306.7379,306.7823,306.827,306.8121,306.7352,306.6438,306.5203,306.5773,306.6891,306.6189,306.3471,305.9934,305.8734,305.9106,305.7698,305.4148,305.2484,305.3193,305.3946,305.2314,304.7205,304.3666,304.3916,304.524,304.6564,304.7888,304.9212,305.0536,305.201,305.356,305.5109,305.7472,306.2526,306.882,307.5538,308.4556,309.3123,309.993,310.4682,310.7841,311.1658,311.5214,311.0256,310.5032,309.9125,308.9595,307.956,306.9173,305.9137,304.9608,304.6153,304.4304,303.7934,303.2267,302.786,302.483,302.133,301.7204,301.1146,300.4439,300.4053,301.0059,302.1345,303.3799,304.6478,306.0869,308.2923,310.6001,311.9873,312.5121,312.7847,312.7925,312.3446,311.1346,309.7196,308.2407,306.9569,304.9743,303.3888,302.6977,301.9442,301.1283,300.4454,299.631,298.4813,297.6581,297.354,296.8413,296.1102,295.023,293.7708,292.7086,292.0671,291.5233,291.1259,290.6685,290.2312,289.9018,289.4688,289.1155,288.4409,287.6449,287.3933,287.6369,287.4513,287.0685,287.2587,287.5638,287.623,287.5344,287.7042,287.969,288.2338,288.4986,288.7634,289.0282,289.2388,288.7867,287.859,287.0817,286.5887,286.2643,285.69,285.029,284.7596,284.9339,285.1802,285.5996,286.0895,286.6314,287.0293,287.435,287.9302,288.6041,289.4379,290.3488,291.2304,292.0691,292.4627,292.4535,292.3286,292.2037,292.0789,292.5611,293.4826,294.404,295.3255,296.1303,296.3516,295.6205,294.6005,294.0427,293.4689,292.7485,291.8697,291.0273,290.271,290.0996,290.2997,290.1283,289.5628,289.4312,289.77,289.4397,288.3141,286.8869,285.4596,284.3969,283.8677,283.2931,282.6861,281.706,281.1197,281.1191,281.6026,282.7723,284.248,286.0437,287.8289,289.2984,290.5491,292.0745,293.7208,294.9055,296.0223,298.1911,301.2538,304.0171,306.2118,308.1938,309.7617,310.5135,310.5748,311.0852,312.1124,312.3338,310.7171,309.9605,309.9161,309.4252,308.2264,309.3084,310.5898,311.6759,312.7058,313.7358,314.7657,315.8518,316.6274,317.2076,317.7222,318.1583,318.3426,317.7241,316.4265,316.1241,316.7606,317.0012,316.4539,315.5687,314.9503,315.2771,315.8954,316.3278

Time pixel : 53.68358,53.77797,53.92655,54.10171,54.2571,54.38198,54.47637,54.54417,54.60806,54.66906,54.73295,54.80075,54.89514,55.02002,55.17541,55.35057,55.49915,55.60035,55.67495,55.76934,55.88742,56.01231,56.13719,56.25527,56.34966,56.42427,56.51866,56.62993,56.72432,56.79892,56.89331,57.01139,57.12948,57.22386,57.29847,57.39286,57.51094,57.64263,57.79801,57.97318,58.12856,58.26026,58.38514,58.51003,58.63491,58.75299,58.84738,58.92199,59.01638,59.12765,59.22204,59.29665,59.38423,59.47181,59.53961,59.6035,59.6645,59.72839,59.78939,59.85328,59.91427,59.97816,60.03916,60.10305,60.17085,60.25843,60.33921,60.38332,60.42062,60.47771,60.5387,60.60259,60.67039,60.76478,60.88286,61.00094,61.09533,61.16994,61.26433,61.3756,61.4768,61.5819,61.72657,61.87515,62.00003,62.09442,62.16903,62.26341,62.38149,62.51319,62.66857,62.84374,63.01273,63.21222,63.47497,63.75524,64.04232,64.33556,64.58534,64.78483,64.9668,65.12218,65.26068,65.40926,65.55393,65.65903,65.76022,65.8715,65.96589,66.04049,66.12808,66.21566,66.29026,66.38465,66.50954,66.67173,66.87739,67.08306,67.24525,67.37694,67.50863,67.66401,67.85279,68.06917,68.30142,68.4873,68.6258,68.75068,68.87557,69.00046,69.12534,69.25023,69.37511,69.5,69.62489,69.74977,69.88146,70.03685,70.21201,70.3674,70.49909,70.62397,70.74886,70.87375,70.99863,71.12352,71.2484,71.37329,71.50498,71.66037,71.83553,71.98411,72.0853,72.15991,72.2543,72.37238,72.49727,72.62215,72.74704,72.86512,72.96631,73.07141,73.21608,73.35786,73.45905,73.53366,73.62804,73.74613,73.87101,73.9959,74.12078,74.24567,74.37056,74.48864,74.58303,74.65763,74.75202,74.8701,74.98818,75.08257,75.15037,75.21426,75.28206,75.36964,75.45042,75.49453,75.53183,75.58211,75.61942,75.65672,75.707,75.7443,75.7816,75.83189,75.86238,75.87599,75.90649,75.95677,75.98727,75.99407,76.00088,76.03138,76.08846,76.14946,76.21335,76.27434,76.33824,76.39923,76.45632,76.49362,76.53092,76.58801,76.649,76.71289,76.78069,76.86828,76.95586,77.03047,77.12485,77.24294,77.36782,77.49271,77.61759,77.74248,77.86737,77.99225,78.11714,78.24202,78.37371,78.5291,78.70427,78.85965,78.98454,79.07212,79.11623,79.16033,79.24111,79.32189,79.366,79.41011,79.49088,79.57847,79.64627,79.71016,79.77796,79.86554,79.95313,80.02773,80.12212,80.2402,80.36509,80.49678,80.65216,80.83413,81.02001,81.20879,81.39467,81.57664,81.72522,81.82642,81.90102,81.99541,82.11349,82.23838,82.36326,82.49495,82.65714,82.86281,83.06847,83.23066,83.36235,83.48724,83.61212,83.73021,83.82459,83.8992,83.99359,84.10486,84.19925,84.27386,84.36825,84.47952,84.57391,84.64851,84.7361,84.82368,84.89829,84.99268,85.11076,85.23564,85.35372,85.44811,85.52272,85.61711,85.72838,85.82277,85.89057,85.95446,86.01546,86.07935,86.14034,86.20423,86.26523,86.33592,86.43422,86.57889,86.72067,86.82186,86.89646,86.99085,87.10893,87.24062,87.39601,87.57118,87.74017,87.93966,88.19561,88.43177,88.60076,88.73245,88.85734,88.98222,89.10711,89.232,89.35688,89.48177,89.60665,89.73154,89.85643,89.97451,90.0689,90.1435,90.23789,90.35597,90.48086,90.60574,90.73063,90.85552,90.9736,91.06118,91.09848,91.10529,91.11209,91.14259,91.19968,91.26067,91.32456,91.38556,91.44945,91.51044,91.57433,91.64213,91.73652,91.8546,91.97949,92.10438,92.22926,92.34734,92.44173,92.52314,92.66844,92.95552,93.39734,93.90987,94.42012,94.93945,95.41178,95.75594,95.96223,96.09392,96.18831,96.26292,96.35731,96.47539,96.60027,96.72516,96.85005,96.97493,97.09982,97.2247,97.34959,97.47448,97.59936,97.72425,97.85594,98.01132,98.18649,98.34868,98.51087,98.69284,98.87872,99.06069,99.20927,99.31046,99.37826,99.43535,99.47265,99.51676,99.59754,99.68512,99.75973,99.85412,99.9722,100.1039,100.2661,100.4717,100.6774,100.8396,100.9713,101.0894,101.1838,101.2584,101.3459,101.4335,101.5081,101.6025,101.7138,101.8082,101.8828,101.9772,102.0953,102.2201,102.345,102.4631,102.5575,102.6321,102.7197,102.8073,102.8819,102.9695,103.057,103.1317,103.226,103.3373,103.4317,103.4995,103.5634,103.6312,103.7256,103.8437,103.9686,104.0866,104.181,104.2556,104.35,104.4613,104.5557,104.6303,104.7179,104.8055,104.8801,104.9744,105.0925,105.2242,105.3796,105.5616,105.7406,105.8921,105.9972,106.0916,106.1792,106.2538,106.3482,106.4595,106.5539,106.6285,106.7228,106.8409,106.9658,107.0907,107.2156,107.3405,107.4654,107.5902,107.7151,107.84,107.9649,108.0898,108.2147,108.3396,108.4576,108.552,108.6266,108.721,108.8391,108.964,109.0889,109.2138,109.3387,109.4635,109.5884,109.7065,109.8009,109.8755,109.9631,110.0507,110.1253,110.2129,110.3004,110.375,110.4694,110.5875,110.7124,110.8305,110.9249,110.9927,111.0566,111.1244,111.2119,111.2995,111.3741,111.4617,111.5493,111.6171,111.681,111.742,111.7991,111.8364,111.8805,111.9613,112.0488,112.1234,112.2178,112.3359,112.454,112.5484,112.623,112.7174,112.8355,112.9535,113.0479,113.1225,113.2169,113.3282,113.4226,113.4972,113.5916,113.7097,113.8345,113.9594,114.0843,114.2092,114.3341,114.459,114.5839,114.7088,114.8336,114.9585,115.0834,115.2083,115.3332,115.4513,115.5457,115.6135,115.6773,115.7383,115.7954,115.8327,115.87,115.9203,115.9576,115.9949,116.0452,116.0825,116.1198,116.1769,116.2379,116.3018,116.3628,116.4199,116.4572,116.4945,116.5515,116.6125,116.6764,116.7374,116.8013,116.8623,116.9262,116.994,117.0884,117.2133,117.3687,117.5506,117.7433,117.9626,118.1988,118.4112,118.5734,118.7051,118.83,118.9481,119.0425,119.1103,119.1742,119.242,119.3363,119.4544,119.5793,119.7042,119.8291,119.954,120.0857,120.241,120.4162,120.5716,120.7033,120.8282,120.9531,121.0711,121.1655,121.2333,121.2972,121.365,121.4594,121.5775,121.6956,121.79,121.8646,121.9589,122.077,122.2087,122.3641,122.5325,122.6574,122.7388,122.8263,122.9139,122.9885,123.0829,123.201,123.3259,123.4508,123.5757,123.7005,123.8254,123.9571,124.1193,124.3318,124.5679,124.7804,124.9426,125.0743,125.1924,125.2868,125.3546,125.4185,125.4794,125.5433,125.6111,125.7055,125.8168,125.9112,125.9858,126.0802,126.1915,126.2859,126.3605,126.4548,126.5729,126.6978,126.8227,126.9476,127.0725,127.1974,127.3222,127.4471,127.572,127.6901,127.7845,127.8591,127.9535,128.0648,128.1591,128.2269,128.2908,128.3586,128.453,128.5643,128.6587,128.7333,128.8277,128.9458,129.0775,129.2396,129.4453,129.651,129.82,129.9822,130.1641,130.35,130.5388,130.7179,130.8761,131.0117,131.1564,131.2813,131.3932,131.5379,131.6796,131.774,131.8113,131.8249,131.8554,131.9125,131.9735,132.0374,132.0984,132.1555,132.1928,132.2369,132.3245,132.4426,132.5811,132.7738,133.0297,133.2727,133.4722,133.6541,133.8163,133.9785,134.1537,134.3091,134.4407,134.5656,134.6905,134.8154,134.9471,135.1025,135.2776,135.433,135.5647,135.6896,135.8145,135.9394,136.0643,136.196,136.3513,136.5265,136.6819,136.8136,136.9385,137.0565,137.1441

Position pixel : 19.5183,19.4308,19.3127,19.1946,19.1002,19.0256,18.938,18.8504,18.7826,18.7187,18.6577,18.5939,18.5261,18.4317,18.3136,18.1955,18.1011,18.0333,17.9694,17.9084,17.8513,17.814,17.7767,17.7196,17.6587,17.6016,17.5711,17.5575,17.527,17.4767,17.4462,17.4394,17.4326,17.4021,17.3518,17.3213,17.3077,17.2772,17.2201,17.1591,17.102,17.0715,17.0647,17.0647,17.0647,17.0715,17.102,17.1591,17.2201,17.284,17.3518,17.4394,17.527,17.5948,17.6587,17.7196,17.7835,17.8445,17.9084,17.9762,18.0706,18.1819,18.2763,18.3509,18.4453,18.5634,18.6882,18.8131,18.938,19.0561,19.1505,19.2251,19.3127,19.4003,19.4681,19.5319,19.5929,19.65,19.6873,19.7314,19.8122,19.9066,20.0049,20.1123,20.1801,20.2242,20.2745,20.3118,20.3491,20.3993,20.4298,20.4366,20.4435,20.4739,20.5242,20.5547,20.5615,20.5615,20.5615,20.5547,20.5242,20.4671,20.3993,20.305,20.1937,20.0993,20.0315,19.9676,19.9066,19.8495,19.8122,19.7749,19.7246,19.6873,19.6432,19.5624,19.4749,19.4071,19.3432,19.2822,19.2183,19.1505,19.0561,18.9448,18.8504,18.7826,18.7255,18.6882,18.6509,18.5939,18.5329,18.469,18.408,18.3441,18.2831,18.2192,18.1514,18.0638,17.9762,17.9084,17.8445,17.7835,17.7265,17.6892,17.6519,17.5948,17.5338,17.4699,17.4089,17.345,17.284,17.2201,17.1591,17.102,17.0647,17.0274,16.9703,16.9093,16.8523,16.8149,16.7776,16.7274,16.6969,16.6833,16.6528,16.6025,16.572,16.5652,16.5652,16.5652,16.5652,16.5652,16.5652,16.572,16.6025,16.6528,16.6833,16.6901,16.6969,16.7274,16.7845,16.8523,16.9398,17.0274,17.102,17.1896,17.2772,17.3518,17.4394,17.527,17.6016,17.696,17.814,17.9389,18.0638,18.1887,18.3136,18.4385,18.5634,18.6882,18.8131,18.938,19.0697,19.2387,19.4749,19.7308,19.9235,20.062,20.1869,20.305,20.3993,20.4671,20.531,20.592,20.6491,20.6864,20.7237,20.7808,20.8418,20.9057,20.9667,21.0238,21.0611,21.0984,21.1487,21.1792,21.186,21.186,21.1792,21.1487,21.0916,21.0306,20.9667,20.8989,20.8045,20.6932,20.5988,20.5242,20.4366,20.3559,20.3118,20.2745,20.2174,20.1564,20.0993,20.062,20.0247,19.9676,19.9066,19.8427,19.7817,19.7178,19.65,19.5556,19.4444,19.35,19.2822,19.2251,19.1878,19.1505,19.1002,19.0697,19.0629,19.0629,19.0561,19.0256,18.9753,18.9448,18.938,18.938,18.938,18.9448,18.9753,19.0324,19.0934,19.1505,19.181,19.1946,19.2251,19.2754,19.3059,19.3195,19.35,19.4003,19.4376,19.4749,19.5251,19.5624,19.5997,19.65,19.6873,19.7246,19.7749,19.8054,19.819,19.8495,19.9066,19.9676,20.0315,20.0925,20.1564,20.2174,20.2813,20.3423,20.4061,20.4671,20.531,20.592,20.6491,20.6796,20.6864,20.6932,20.7237,20.774,20.8045,20.8113,20.8113,20.8113,20.8113,20.8113,20.8113,20.8045,20.774,20.7169,20.6559,20.5988,20.5615,20.5174,20.4366,20.3491,20.2813,20.2174,20.1496,20.0552,19.9371,19.819,19.7246,19.65,19.5556,19.4376,19.3127,19.1878,19.0629,18.938,18.8199,18.7255,18.6577,18.5939,18.5329,18.469,18.4012,18.3136,18.226,18.1582,18.0943,18.0333,17.9762,17.9389,17.9016,17.8445,17.7699,17.6314,17.4021,17.1325,16.8788,16.633,16.4234,16.2719,16.2041,16.1973,16.2278,16.2781,16.3086,16.3154,16.3154,16.3154,16.3154,16.3154,16.3154,16.3154,16.3154,16.3154,16.3154,16.3154,16.3154,16.3086,16.2781,16.2278,16.1973,16.1837,16.1532,16.1029,16.0656,16.0283,15.9712,15.9034,15.8159,15.7351,15.691,15.6537,15.6034,15.5729,15.5661,15.5661,15.5661,15.5661,15.5661,15.5661,15.5661,15.5729,15.6034,15.6537,15.691,15.7351,15.8227,15.9339,16.0283,16.0961,16.1668,16.2651,16.4098,16.5584,16.6833,16.7776,16.8523,16.9534,17.102,17.2772,17.4326,17.5643,17.696,17.8581,18.0638,18.2695,18.4249,18.5261,18.6007,18.7087,18.8877,19.1132,19.2923,19.4003,19.4749,19.5692,19.6873,19.8122,19.9303,20.0179,20.062,20.0993,20.1496,20.1869,20.2242,20.2813,20.3423,20.3993,20.4366,20.4739,20.5242,20.5615,20.5988,20.6491,20.6796,20.6932,20.7237,20.774,20.8045,20.8113,20.8113,20.8113,20.8113,20.8113,20.8113,20.8113,20.8113,20.8113,20.8045,20.774,20.7237,20.6932,20.6796,20.6491,20.5988,20.5683,20.5547,20.5242,20.4739,20.4366,20.3993,20.3491,20.3186,20.305,20.2745,20.2242,20.1869,20.1496,20.0925,20.0247,19.9371,19.8495,19.7749,19.6805,19.5624,19.4376,19.3195,19.2251,19.1573,19.0866,18.9883,18.8436,18.695,18.5634,18.4453,18.3509,18.2831,18.2192,18.1514,18.0638,17.983,17.9389,17.9016,17.8445,17.7767,17.6892,17.6016,17.5338,17.4767,17.4394,17.4021,17.345,17.284,17.2269,17.1964,17.1828,17.1523,17.102,17.0715,17.0647,17.0579,17.0274,16.9771,16.9466,16.9398,16.9398,16.9398,16.9398,16.9398,16.9398,16.9398,16.9398,16.9398,16.9466,16.9771,17.041,17.1393,17.284,17.4326,17.5575,17.6519,17.7265,17.814,17.9016,17.9762,18.0706,18.1887,18.3204,18.4758,18.6509,18.8063,18.938,19.0561,19.1505,19.2251,19.3195,19.4376,19.5624,19.6805,19.7749,19.8427,19.9066,19.9676,20.0315,20.0925,20.1564,20.2174,20.2813,20.3423,20.3993,20.4298,20.4366,20.4366,20.4298,20.3993,20.3423,20.2813,20.2174,20.1496,20.0552,19.9371,19.8122,19.6873,19.5624,19.4308,19.2754,19.1002,18.9448,18.8131,18.6882,18.5634,18.4385,18.3204,18.226,18.1582,18.0943,18.0265,17.9389,17.8513,17.7835,17.7196,17.6519,17.5575,17.4462,17.3518,17.2772,17.1896,17.1088,17.0647,17.0274,16.9771,16.9466,16.9398,16.9398,16.9398,16.9398,16.9398,16.9398,16.933,16.9025,16.8523,16.8218,16.8149,16.8149,16.8149,16.8218,16.8523,16.9093,16.9703,17.0342,17.0952,17.1591,17.2201,17.284,17.345,17.4089,17.4699,17.5338,17.5948,17.6519,17.6823,17.6892,17.6892,17.6892,17.6892,17.6892,17.6892,17.6892,17.6892,17.6823,17.645,17.5643,17.4767,17.4089,17.345,17.284,17.2201,17.1591,17.102,17.0715,17.0579,17.0274,16.9771,16.9466,16.9398,16.9398,16.9398,16.9398,16.9398,16.9466,16.9839,17.0647,17.1523,17.2269,17.3213,17.4394,17.5711,17.7265,17.9084,18.1011,18.3136,18.5192,18.6814,18.8131,18.9312,19.0324,19.1443,19.3195,19.5183,19.6805,19.8122,19.9303,20.0179,20.0552,20.0688,20.0993,20.1496,20.1801,20.1937,20.2242,20.2745,20.305,20.3118,20.3118,20.3118,20.3118,20.3118,20.3118,20.3118,20.3118,20.3118,20.3118,20.3118,20.3118,20.305,20.2745,20.2242,20.1937,20.1801,20.1496,20.0925,20.0315,19.9744,19.9439,19.9371,19.9371

Brightness max : 648.85
Brightness min : 241.00
Feature direction : Ambiguous
Feature speed : Slow
Feature type : Curve
Start frame : 1
End frame : 138
Start time (s) : 0.000
End time (s) : 550.990
Time step (s) : 4.022

