KYMOANALYSIS DATA

General Information :

Tiff path : G:\My Drive\microtubule dynamics and cut7\21-15 screens and tests\cut11-7\20-06-17&18 (cut11-7, cut7-3GFP, Klp5D, mts)\
Spindle type : Monopolar
Start frame : 1
End frame : 121
Start time (s) : 0.000
End time (s) : 509.120
Time step (s) : 4.243
Num poles : 1
Num tracks : 1
Num tracks poleward : 0
Num tracks antipoleward : 0
Num tracks ambiguous : 1
Comments : {

}
Poles Information :


Pole number : 1

Time (s) : 4.242667,8.520986,12.79931,17.07762,21.35594,25.63426,29.91258,34.1909,38.46922,42.74754,47.02586,51.30418,55.5825,59.86082,64.13914,68.41746,72.69578,76.9741,81.25241,85.53073,89.80905,94.08737,98.36569,102.644,106.9223,111.2006,115.479,119.7573,124.0356,128.3139,132.5922,136.8706,141.1489,145.4272,149.7055,153.9838,158.2622,162.5405,166.8188,171.0971,175.3754,179.6538,183.9321,188.2104,192.4887,196.767,201.0454,205.3237,209.602,213.8803,218.1586,222.437,226.7153,230.9936,235.2719,239.5502,243.8285,248.1069,252.3852,256.6635,260.9418,265.2201,269.4985,273.7768,278.0551,282.3334,286.6117,290.8901,295.1684,299.4467,303.725,308.0033,312.2817,316.56,320.8383,325.1166,329.3949,333.6733,337.9516,342.2299,346.5082,350.7865,355.0649,359.3432,363.6215,367.8998,372.1781,376.4564,380.7348,385.0131,389.2914,393.5697,397.848,402.1264,406.4047,410.683,414.9613,419.2396,423.518,427.7963,432.0746,436.3529,440.6312,444.9096,449.1879,453.4662,457.7445,462.0228,466.3012,470.5795,474.8578,479.1361,483.4144,487.6928,491.9711,496.2494,500.5277,504.806,509.0843,513.3627

Position (um) : 1.3263,1.326,1.3257,1.3254,1.3251,1.3248,1.3245,1.3242,1.3239,1.3236,1.3233,1.323,1.3227,1.3224,1.3221,1.3218,1.3216,1.3213,1.321,1.3207,1.3204,1.3201,1.3198,1.3195,1.3192,1.3189,1.3186,1.3183,1.318,1.3177,1.3174,1.3171,1.3168,1.3166,1.3163,1.316,1.3157,1.3154,1.3151,1.3148,1.3145,1.3142,1.3139,1.3136,1.3133,1.313,1.3127,1.3124,1.3121,1.3118,1.3115,1.3113,1.311,1.3107,1.3104,1.3101,1.3098,1.3095,1.3092,1.3089,1.3086,1.3083,1.308,1.3077,1.3074,1.3071,1.3068,1.3065,1.3063,1.306,1.3057,1.3054,1.3051,1.3048,1.3045,1.3042,1.3039,1.3036,1.3033,1.303,1.3027,1.3024,1.3021,1.3018,1.3015,1.3012,1.301,1.3007,1.3004,1.3001,1.2998,1.2995,1.2992,1.2989,1.2986,1.2983,1.298,1.2977,1.2974,1.2971,1.2968,1.2965,1.2962,1.296,1.2957,1.2954,1.2951,1.2948,1.2945,1.2942,1.2939,1.2936,1.2933,1.293,1.2927,1.2924,1.2921,1.2918,1.2915,1.2912

Intensity : 788.5182,812.0697,845.7241,826.1761,821.1126,805.5766,812.885,820.911,822.2868,815.9701,786.7657,771.1894,765.1696,783.9485,791.3049,808.1663,796.7438,786.8808,765.6274,770.6928,768.3973,782.9419,777.1485,783.0095,765.7217,755.1621,756.7926,757.143,775.2563,760.5136,742.1512,692.2773,664.8902,647.5273,661.1188,683.4328,692.983,687.907,676.8227,700.1751,727.1492,742.1543,736.1418,723.7018,726.1799,744.0707,772.1584,799.2144,804.1878,796.6984,780.4378,769.1391,771.6257,777.5103,785.248,777.6478,765.1204,761.1627,770.3004,780.9759,794.1803,817.6444,831.3727,813.2531,786.133,783.6212,802.9756,813.2024,813.3313,822.3705,838.65,864.9309,871.8721,852.1441,814.7767,798.986,805.3143,846.0668,868.6735,885.3215,867.6547,844.3119,803.516,771.2194,765.7295,785.3448,815.0417,824.9437,853.2276,861.1247,862.2346,846.7555,839.6007,856.6792,847.2956,836.0205,828.0717,838.9965,840.5991,835.5843,835.6639,858.2562,857.5908,871.2808,873.2045,861.2174,816.5975,782.3184,787.5013,805.5536,810.6435,826.7087,836.0329,860.5182,890.6254,912.9239,911.0599,868.7955,839.2513,822.7999

Time pixel : 1,2.008403,3.016807,4.02521,5.033613,6.042017,7.05042,8.058824,9.067227,10.07563,11.08403,12.09244,13.10084,14.10924,15.11765,16.12605,17.13445,18.14286,19.15126,20.15966,21.16807,22.17647,23.18487,24.19328,25.20168,26.21008,27.21849,28.22689,29.23529,30.2437,31.2521,32.2605,33.26891,34.27731,35.28571,36.29412,37.30252,38.31092,39.31933,40.32773,41.33613,42.34454,43.35294,44.36134,45.36975,46.37815,47.38655,48.39496,49.40336,50.41176,51.42017,52.42857,53.43697,54.44538,55.45378,56.46218,57.47059,58.47899,59.48739,60.4958,61.5042,62.51261,63.52101,64.52941,65.53782,66.54622,67.55462,68.56303,69.57143,70.57983,71.58824,72.59664,73.60504,74.61345,75.62185,76.63025,77.63866,78.64706,79.65546,80.66387,81.67227,82.68067,83.68908,84.69748,85.70588,86.71429,87.72269,88.73109,89.7395,90.7479,91.7563,92.76471,93.77311,94.78151,95.78992,96.79832,97.80672,98.81513,99.82353,100.8319,101.8403,102.8487,103.8571,104.8655,105.8739,106.8824,107.8908,108.8992,109.9076,110.916,111.9244,112.9328,113.9412,114.9496,115.958,116.9664,117.9748,118.9832,119.9916,121

Position pixel : 12.4298,12.4271,12.4243,12.4215,12.4188,12.416,12.4133,12.4105,12.4077,12.405,12.4022,12.3995,12.3967,12.394,12.3912,12.3884,12.3857,12.3829,12.3802,12.3774,12.3747,12.3719,12.3691,12.3664,12.3636,12.3609,12.3581,12.3554,12.3526,12.3498,12.3471,12.3443,12.3416,12.3388,12.336,12.3333,12.3305,12.3278,12.325,12.3223,12.3195,12.3167,12.314,12.3112,12.3085,12.3057,12.303,12.3002,12.2974,12.2947,12.2919,12.2892,12.2864,12.2836,12.2809,12.2781,12.2754,12.2726,12.2699,12.2671,12.2643,12.2616,12.2588,12.2561,12.2533,12.2506,12.2478,12.245,12.2423,12.2395,12.2368,12.234,12.2313,12.2285,12.2257,12.223,12.2202,12.2175,12.2147,12.2119,12.2092,12.2064,12.2037,12.2009,12.1982,12.1954,12.1926,12.1899,12.1871,12.1844,12.1816,12.1789,12.1761,12.1733,12.1706,12.1678,12.1651,12.1623,12.1596,12.1568,12.154,12.1513,12.1485,12.1458,12.143,12.1402,12.1375,12.1347,12.132,12.1292,12.1265,12.1237,12.1209,12.1182,12.1154,12.1127,12.1099,12.1072,12.1044,12.1016

Pole type : Line
Start frame : 1
End frame : 121
Start time (s) : 0.000
End time (s) : 509.120
Time step (s) : 4.243

Feature Information :


Feature number : 1

Time (s) : 5.402922,9.671491,13.94006,18.20863,22.4772,26.74577,31.01434,35.28291,39.55148,43.82005,48.08861,52.35718,56.62575,60.89432,65.16289,69.43146,73.70003,77.9686,82.23717,86.50574,90.77431,95.04288,99.31145,103.58,107.8486,112.1172,116.3857,120.6543,124.9229,129.1914,133.46,137.7286,141.9971,146.2657,150.5343,154.8028,159.0714,163.34,167.6086,171.8771,176.1457,180.4143,184.6828,188.9514,193.22,197.4885,201.7571,206.0257,210.2942,214.5628,218.8314,223.1,227.3685,231.6371,235.9057,240.1742,244.4428,248.7114,252.9799,257.2485,261.5171,265.7856,270.0542,274.3228,278.5914,282.8599,287.1285,291.3971,295.6656,299.9342,304.2028,308.4713,312.7399,317.0085,321.277,325.5456,329.8142,334.0828,338.3513,342.6199,346.8885,351.157,355.4256,359.6942,363.9627,368.2313,372.4999,376.7684,381.037,385.3056,389.5742,393.8427,398.1113,402.3799,406.6484,410.917,415.1856,419.4541,423.7227,427.9913,432.2599,436.5284,440.797,445.0656,449.3341,453.6027,457.8713,462.1398,466.4084,470.677,474.9455,479.2141,483.4827,487.7513,492.0198,496.2884,500.557,504.8255,509.0941,513.3627

Position (um) : 1.3029,1.3027,1.3025,1.3023,1.3021,1.3019,1.3017,1.3015,1.3013,1.3012,1.301,1.3008,1.3006,1.3004,1.3002,1.3,1.2998,1.2996,1.2994,1.2992,1.299,1.2988,1.2986,1.2984,1.2982,1.298,1.2978,1.2976,1.2974,1.2972,1.297,1.2968,1.2966,1.2964,1.2962,1.2961,1.2959,1.2957,1.2955,1.2953,1.2951,1.2949,1.2947,1.2945,1.2943,1.2941,1.2939,1.2937,1.2935,1.2933,1.2931,1.2929,1.2927,1.2925,1.2923,1.2921,1.2919,1.2917,1.2915,1.2913,1.2911,1.291,1.2908,1.2906,1.2904,1.2902,1.29,1.2898,1.2896,1.2894,1.2892,1.289,1.2888,1.2886,1.2884,1.2882,1.288,1.2878,1.2876,1.2874,1.2872,1.287,1.2868,1.2866,1.2864,1.2862,1.286,1.2859,1.2857,1.2855,1.2853,1.2851,1.2849,1.2847,1.2845,1.2843,1.2841,1.2839,1.2837,1.2835,1.2833,1.2831,1.2829,1.2827,1.2825,1.2823,1.2821,1.2819,1.2817,1.2815,1.2813,1.2811,1.2809,1.2808,1.2806,1.2804,1.2802,1.28,1.2798,1.2796

Intensity : 804.3736,831.2546,850.2655,833.7976,825.5221,816.7441,823.3568,828.5996,827.1504,814.6442,789.971,777.6583,780.5287,797.2269,807.851,816.8217,805.0848,789.7311,775.3476,777.9537,782.3785,791.2804,790.5428,789.2129,770.8399,763.0016,761.319,769.2498,777.5164,765.3921,735.7384,691.335,663.5859,653.3852,671.3992,691.9195,700.8927,690.3676,687.9667,712.7542,738.1692,748.5992,739.6964,729.7607,735.5956,754.988,786.0018,809.3831,811.7399,802.3386,783.5027,776.069,778.1626,786.6116,792.7304,782.6724,772.1368,769.1729,780.9395,788.4396,805.4278,829.4293,841.3805,816.4341,791.0273,790.8241,812.4709,819.2863,821.2707,832.6603,850.2273,878.3802,881.2227,859.946,820.3319,808.4399,815.2876,861.3237,879.2648,898.2689,874.6846,853.2542,808.8659,778.4965,774.9503,796.1851,826.3464,833.6487,865.8666,871.656,873.6815,855.6211,848.1092,866.0856,853.7367,842.5214,835.0338,847.8173,849.0764,843.0887,842.5372,866.5768,865.0714,880.7028,881.7179,868.9882,822.0498,788.5031,794.6712,813.1931,817.3401,834.6649,844.2578,869.7925,899.9702,922.4454,919.9698,876.4067,846.0058,828.7211

Time pixel : 1.273473,2.279578,3.285684,4.291789,5.297894,6.303999,7.310105,8.31621,9.322315,10.32842,11.33453,12.34063,13.34674,14.35284,15.35895,16.36505,17.37116,18.37726,19.38337,20.38947,21.39558,22.40168,23.40779,24.41389,25.42,26.4261,27.43221,28.43832,29.44442,30.45053,31.45663,32.46274,33.46884,34.47495,35.48105,36.48716,37.49326,38.49937,39.50547,40.51158,41.51768,42.52379,43.52989,44.536,45.5421,46.54821,47.55432,48.56042,49.56653,50.57263,51.57874,52.58484,53.59095,54.59705,55.60316,56.60926,57.61537,58.62147,59.62758,60.63368,61.63979,62.64589,63.652,64.6581,65.66421,66.67032,67.67642,68.68253,69.68863,70.69474,71.70084,72.70695,73.71305,74.71916,75.72526,76.73137,77.73747,78.74358,79.74968,80.75579,81.76189,82.768,83.77411,84.78021,85.78632,86.79242,87.79853,88.80463,89.81074,90.81684,91.82295,92.82905,93.83516,94.84126,95.84737,96.85347,97.85958,98.86568,99.87179,100.8779,101.884,102.8901,103.8962,104.9023,105.9084,106.9145,107.9206,108.9267,109.9328,110.9389,111.9451,112.9512,113.9573,114.9634,115.9695,116.9756,117.9817,118.9878,119.9939,121

Position pixel : 12.211,12.2092,12.2074,12.2055,12.2037,12.2018,12.2,12.1982,12.1963,12.1945,12.1926,12.1908,12.189,12.1871,12.1853,12.1835,12.1816,12.1798,12.1779,12.1761,12.1743,12.1724,12.1706,12.1687,12.1669,12.1651,12.1632,12.1614,12.1596,12.1577,12.1559,12.154,12.1522,12.1504,12.1485,12.1467,12.1448,12.143,12.1412,12.1393,12.1375,12.1357,12.1338,12.132,12.1301,12.1283,12.1265,12.1246,12.1228,12.1209,12.1191,12.1173,12.1154,12.1136,12.1118,12.1099,12.1081,12.1062,12.1044,12.1026,12.1007,12.0989,12.097,12.0952,12.0934,12.0915,12.0897,12.0879,12.086,12.0842,12.0823,12.0805,12.0787,12.0768,12.075,12.0731,12.0713,12.0695,12.0676,12.0658,12.064,12.0621,12.0603,12.0584,12.0566,12.0548,12.0529,12.0511,12.0492,12.0474,12.0456,12.0437,12.0419,12.0401,12.0382,12.0364,12.0345,12.0327,12.0309,12.029,12.0272,12.0253,12.0235,12.0217,12.0198,12.018,12.0162,12.0143,12.0125,12.0106,12.0088,12.007,12.0051,12.0033,12.0014,11.9996,11.9978,11.9959,11.9941,11.9923

Brightness max : 481.47
Brightness min : 265.00
Feature direction : Ambiguous
Feature speed : Slow
Feature type : Line
Start frame : 1
End frame : 121
Start time (s) : 0.000
End time (s) : 509.120
Time step (s) : 4.243

