KYMOANALYSIS DATA

General Information :

Tiff path : G:\My Drive\microtubule dynamics and cut7\21-15 screens and tests\cut11-7\20-06-17&18 (cut11-7, cut7-3GFP, Klp5D, mts)\
Spindle type : Monopolar
Start frame : 1
End frame : 117
Start time (s) : 0.000
End time (s) : 482.010
Time step (s) : 4.155
Num poles : 1
Num tracks : 11
Num tracks poleward : 0
Num tracks antipoleward : 0
Num tracks ambiguous : 11
Comments : {

}
Poles Information :


Pole number : 1

Time (s) : 4.155259,8.34665,12.53804,16.72943,20.92082,25.11222,29.30361,33.495,37.68639,41.87778,46.06917,50.26056,54.45195,58.64335,62.83474,67.02613,71.21752,75.40891,79.6003,83.79169,87.98308,92.17448,96.36587,100.5573,104.7486,108.94,113.1314,117.3228,121.5142,125.7056,129.897,134.0884,138.2798,142.4712,146.6626,150.854,155.0453,159.2367,163.4281,167.6195,171.8109,176.0023,180.1937,184.3851,188.5765,192.7679,196.9593,201.1506,205.342,209.5334,213.7248,217.9162,222.1076,226.299,230.4904,234.6818,238.8732,243.0646,247.256,251.4473,255.6387,259.8301,264.0215,268.2129,272.4043,276.5957,280.7871,284.9785,289.1699,293.3613,297.5526,301.744,305.9354,310.1268,314.3182,318.5096,322.701,326.8924,331.0838,335.2752,339.4666,343.658,347.8493,352.0407,356.2321,360.4235,364.6149,368.8063,372.9977,377.1891,381.3805,385.5719,389.7633,393.9546,398.146,402.3374,406.5288,410.7202,414.9116,419.103,423.2944,427.4858,431.6772,435.8686,440.06,444.2513,448.4427,452.6341,456.8255,461.0169,465.2083,469.3997,473.5911,477.7825,481.9739,486.1653

Position (um) : 1.2579,1.2571,1.2564,1.2556,1.2548,1.254,1.2532,1.2524,1.2517,1.2509,1.2501,1.2493,1.2485,1.2477,1.2469,1.2462,1.2454,1.2446,1.2438,1.243,1.2422,1.2414,1.2407,1.2399,1.2391,1.2383,1.2375,1.2367,1.236,1.2352,1.2344,1.2336,1.2328,1.232,1.2312,1.2305,1.2297,1.2289,1.2281,1.2273,1.2265,1.2258,1.225,1.2242,1.2234,1.2226,1.2218,1.221,1.2203,1.2195,1.2187,1.2179,1.2171,1.2163,1.2155,1.2148,1.214,1.2132,1.2124,1.2116,1.2108,1.2101,1.2093,1.2085,1.2077,1.2069,1.2061,1.2053,1.2046,1.2038,1.203,1.2022,1.2014,1.2006,1.1998,1.1991,1.1983,1.1975,1.1967,1.1959,1.1951,1.1944,1.1936,1.1928,1.192,1.1912,1.1904,1.1896,1.1889,1.1881,1.1873,1.1865,1.1857,1.1849,1.1842,1.1834,1.1826,1.1818,1.181,1.1802,1.1794,1.1787,1.1779,1.1771,1.1763,1.1755,1.1747,1.1739,1.1732,1.1724,1.1716,1.1708,1.17,1.1692,1.1685,1.1677

Intensity : 833.8988,814.8394,792.319,769.6004,800.33,806.2026,795.6289,752.3914,750.7972,749.132,763.5286,761.6495,772.915,774.1545,781.6942,766.3333,768.8988,785.4755,802.1772,793.2245,766.1272,766.7368,766.7298,763.2191,751.5242,764.4383,790.4083,820.9476,821.8153,804.0934,774.3866,765.8975,765.108,784.8541,797.2147,816.1617,812.6179,799.1573,794.0525,808.7141,825.7296,823.3346,811.5552,818.2956,829.2313,836.9143,828.4812,824.7725,823.2352,813.448,794.5653,783.0068,776.0937,772.8209,767.0103,766.9795,771.2985,769.0129,771.1467,767.5637,763.0278,756.0306,746.2477,747.4086,745.4514,748.3326,748.1893,747.5566,751.4836,749.8326,742.5513,725.7683,718.0206,716.6617,723.2705,719.6176,711.5112,701.7496,694.5923,699.1594,697.4649,686.3843,674.8696,672.7341,666.1118,655.0547,631.4365,622.1714,637.9409,659.5246,675.7614,650.8081,635.9496,625.4475,638.1997,645.234,658.7366,675.9241,682.2328,668.3584,643.2417,631.873,638.5616,631.324,627.3322,618.3405,627.7325,625.1715,647.667,636.0054,664.9165,674.1524,700.8133,694.9953,693.7487,708.9608

Time pixel : 1,2.008696,3.017391,4.026087,5.034783,6.043478,7.052174,8.06087,9.069565,10.07826,11.08696,12.09565,13.10435,14.11304,15.12174,16.13043,17.13913,18.14783,19.15652,20.16522,21.17391,22.18261,23.1913,24.2,25.2087,26.21739,27.22609,28.23478,29.24348,30.25217,31.26087,32.26957,33.27826,34.28696,35.29565,36.30435,37.31304,38.32174,39.33043,40.33913,41.34783,42.35652,43.36522,44.37391,45.38261,46.3913,47.4,48.4087,49.41739,50.42609,51.43478,52.44348,53.45217,54.46087,55.46957,56.47826,57.48696,58.49565,59.50435,60.51304,61.52174,62.53043,63.53913,64.54783,65.55652,66.56522,67.57391,68.58261,69.5913,70.6,71.6087,72.61739,73.62609,74.63478,75.64348,76.65217,77.66087,78.66957,79.67826,80.68696,81.69565,82.70435,83.71304,84.72174,85.73043,86.73913,87.74783,88.75652,89.76522,90.77391,91.78261,92.7913,93.8,94.8087,95.81739,96.82609,97.83478,98.84348,99.85217,100.8609,101.8696,102.8783,103.887,104.8957,105.9043,106.913,107.9217,108.9304,109.9391,110.9478,111.9565,112.9652,113.9739,114.9826,115.9913,117

Position pixel : 11.7894,11.7821,11.7747,11.7674,11.76,11.7526,11.7453,11.7379,11.7306,11.7232,11.7159,11.7085,11.7012,11.6938,11.6864,11.6791,11.6717,11.6644,11.657,11.6497,11.6423,11.6349,11.6276,11.6202,11.6129,11.6055,11.5982,11.5908,11.5835,11.5761,11.5687,11.5614,11.554,11.5467,11.5393,11.532,11.5246,11.5173,11.5099,11.5025,11.4952,11.4878,11.4805,11.4731,11.4658,11.4584,11.451,11.4437,11.4363,11.429,11.4216,11.4143,11.4069,11.3996,11.3922,11.3848,11.3775,11.3701,11.3628,11.3554,11.3481,11.3407,11.3334,11.326,11.3186,11.3113,11.3039,11.2966,11.2892,11.2819,11.2745,11.2671,11.2598,11.2524,11.2451,11.2377,11.2304,11.223,11.2157,11.2083,11.2009,11.1936,11.1862,11.1789,11.1715,11.1642,11.1568,11.1495,11.1421,11.1347,11.1274,11.12,11.1127,11.1053,11.098,11.0906,11.0832,11.0759,11.0685,11.0612,11.0538,11.0465,11.0391,11.0318,11.0244,11.017,11.0097,11.0023,10.995,10.9876,10.9803,10.9729,10.9656,10.9582,10.9508,10.9435

Pole type : Line
Start frame : 1
End frame : 117
Start time (s) : 0.000
End time (s) : 482.010
Time step (s) : 4.155

Feature Information :


Feature number : 1

Time (s) : 301.1179,301.426,301.8415,302.2809,302.7202,303.1836,303.7782,304.633,305.6647,306.6508,307.5535,308.4323,309.3111,310.1659,310.8895,311.3529,311.6393,311.9714,312.3868,312.8023,313.1344,313.4208,313.8841,314.5838,315.3313,316.0332,316.7807,317.5043,318.1228,318.8007,319.5939,320.2958,321.0216,321.9221,322.777,323.5028,324.2503,324.9979,325.6758,326.34,327.0179,327.7654,328.489,329.0836,329.6542,330.2945,330.9485,331.6126,332.2666,332.9069,333.4536,333.9169,334.3802,334.9269,335.5432,336.1138,336.7084,337.432,338.1556,338.7741,339.452,340.2692,341.0784,342.005,343.168,344.4622,345.7565,346.9434,347.9534,348.8322,349.5797,350.1503,350.6137,351.0531,351.4925,351.9318,352.3712,352.8106,353.25,353.6894,354.1527,354.6994,355.3397,355.9936,356.6339,357.2045,357.7751,358.4154,359.0694,359.7096,360.2802,360.8748,361.5984,362.3459,363.0478,363.8193,364.6981,365.7081,366.895,368.1653,369.3522,370.3623,371.241,371.9886,372.5592,373.0225,373.438,373.7701,374.0325,374.3646,374.7801,375.2195,375.6589,376.1222,376.6689,377.3091,377.9871,378.7585,379.6134,380.4682,381.2397,381.9176,382.5579,383.1045,383.5439,383.876,384.1146,384.3393,384.5779,384.91,385.3254,385.7648,386.2281,386.7988,387.5224,388.2699,388.9478,389.5881,390.1108,390.4429

Position (um) : 4.7663,4.7635,4.759,4.7562,4.7556,4.7556,4.755,4.7522,4.7477,4.7449,4.7443,4.7437,4.7409,4.7364,4.733,4.7297,4.7251,4.7217,4.7184,4.7132,4.7077,4.7019,4.6958,4.6873,4.6766,4.6659,4.6574,4.6513,4.6455,4.6394,4.6315,4.6236,4.6174,4.6117,4.6062,4.6004,4.5943,4.5857,4.5751,4.5638,4.5525,4.5418,4.5333,4.5272,4.5214,4.5153,4.5074,4.4995,4.4933,4.4882,4.4848,4.4814,4.4763,4.4708,4.465,4.4589,4.451,4.443,4.4369,4.4318,4.4284,4.4244,4.4171,4.4092,4.4031,4.3979,4.3952,4.3945,4.3939,4.3912,4.3866,4.3839,4.3826,4.3799,4.3753,4.372,4.3686,4.3641,4.3613,4.3607,4.3607,4.3601,4.3573,4.3528,4.35,4.3488,4.346,4.3415,4.3387,4.3381,4.3381,4.3381,4.3375,4.3348,4.3302,4.3268,4.3235,4.3189,4.3156,4.3122,4.307,4.3015,4.2964,4.293,4.2896,4.2851,4.2817,4.2783,4.2732,4.2677,4.2619,4.2564,4.2512,4.2479,4.2439,4.2366,4.2287,4.2225,4.2174,4.2146,4.2134,4.2106,4.2061,4.2033,4.2033,4.2061,4.2113,4.2168,4.2219,4.2241,4.2213,4.2134,4.2027,4.1915,4.1808,4.1723,4.1661,4.161,4.1582,4.1576

Intensity : 306.0715,305.8869,305.6479,305.4375,305.2524,305.0618,305,305,305,305,305.0775,306.1349,307.1923,308.221,309.0917,309.6492,309.9938,310.1574,310.3573,310.5573,310.7171,310.855,311.078,311.2824,311.5465,311.7858,311.8857,312.0025,312.0972,312.203,312.3197,312.6338,313.3211,314.3294,315.4395,316.5498,317.5523,317.4256,317.2361,317.0738,316.9016,316.6618,316.5683,316.8253,317.084,317.3806,317.7584,318.1615,318.5198,318.7312,318.8565,318.9985,319.1159,319.28,319.5004,319.7742,320.114,320.2158,320.1921,320.1226,319.9556,319.7123,319.6861,319.9833,320.3206,320.6804,320.0597,319.0528,318.2065,317.5571,317.8833,318.3647,318.7244,319.1634,319.7308,320.1044,320.4496,320.8115,321.1016,320.9098,320.7014,320.4634,320.2155,319.9976,319.7683,319.548,319.557,319.6394,319.6694,319.6695,319.6656,319.6615,319.564,318.8185,318.1003,317.3261,316.4486,315.5542,317.5538,319.7334,321.8194,323.3482,324.5158,325.5328,326.3543,327.0966,327.7626,328.333,328.9604,330.0308,331.0548,332.1793,333.3391,334.6041,336.1238,337.9511,339.9564,339.9066,339.2328,338.5294,337.8824,337.3117,336.7744,336.3296,335.9707,335.6895,335.4719,335.2587,335.03,334.7321,334.3923,334.0777,333.7836,332.4433,329.9543,327.3334,324.9256,322.6263,320.6876,319.4772

Time pixel : 72.4667,72.5409,72.6408,72.7466,72.8523,72.9638,73.1069,73.3126,73.5609,73.7982,74.0155,74.227,74.4385,74.6442,74.8183,74.9298,74.9988,75.0787,75.1787,75.2787,75.3586,75.4275,75.539,75.7074,75.8873,76.0562,76.2361,76.4102,76.5591,76.7222,76.9131,77.082,77.2567,77.4734,77.6792,77.8538,78.0337,78.2136,78.3768,78.5366,78.6998,78.8797,79.0538,79.1969,79.3342,79.4883,79.6457,79.8055,79.9629,80.117,80.2486,80.3601,80.4716,80.6031,80.7515,80.8888,81.0319,81.206,81.3802,81.529,81.6922,81.8888,82.0835,82.3066,82.5864,82.8979,83.2094,83.495,83.7381,83.9496,84.1295,84.2668,84.3783,84.484,84.5898,84.6955,84.8013,84.907,85.0128,85.1185,85.23,85.3616,85.5157,85.673,85.8271,85.9644,86.1018,86.2559,86.4132,86.5673,86.7046,86.8477,87.0219,87.2018,87.3707,87.5564,87.7678,88.0109,88.2966,88.6023,88.8879,89.131,89.3425,89.5224,89.6597,89.7712,89.8712,89.9511,90.0143,90.0942,90.1942,90.2999,90.4057,90.5172,90.6487,90.8028,90.966,91.1516,91.3573,91.5631,91.7487,91.9119,92.066,92.1975,92.3033,92.3832,92.4406,92.4947,92.5521,92.632,92.732,92.8377,92.9492,93.0866,93.2607,93.4406,93.6038,93.7578,93.8836,93.9636

Position pixel : 44.6697,44.6439,44.6013,44.5755,44.5697,44.5697,44.564,44.5382,44.4956,44.4698,44.464,44.4582,44.4324,44.3898,44.3582,44.3267,44.2841,44.2525,44.2209,44.1726,44.1209,44.0668,44.0094,43.9295,43.8295,43.7296,43.6496,43.5922,43.5381,43.4807,43.4066,43.3324,43.275,43.2209,43.1693,43.1152,43.0578,42.9778,42.8778,42.7721,42.6664,42.5664,42.4865,42.4291,42.375,42.3175,42.2434,42.1692,42.1118,42.0635,42.0319,42.0003,41.952,41.9003,41.8462,41.7888,41.7147,41.6405,41.5831,41.5348,41.5032,41.4658,41.3974,41.3233,41.2659,41.2175,41.1917,41.186,41.1802,41.1544,41.1118,41.086,41.0745,41.0486,41.0061,40.9745,40.9429,40.9003,40.8745,40.8687,40.8687,40.863,40.8371,40.7946,40.7688,40.7572,40.7314,40.6888,40.663,40.6572,40.6572,40.6572,40.6515,40.6257,40.5831,40.5515,40.5199,40.4773,40.4458,40.4142,40.3658,40.3142,40.2659,40.2343,40.2027,40.1601,40.1285,40.0969,40.0486,39.997,39.9429,39.8912,39.8429,39.8113,39.774,39.7056,39.6314,39.574,39.5257,39.4998,39.4883,39.4625,39.4199,39.3941,39.3941,39.4199,39.4683,39.5199,39.5682,39.5883,39.5625,39.4883,39.3883,39.2826,39.1826,39.1027,39.0453,38.9969,38.9711,38.9654

Brightness max : 460.29
Brightness min : 267.00
Feature direction : Ambiguous
Feature speed : Slow
Feature type : Curve
Start frame : 1
End frame : 117
Start time (s) : 0.000
End time (s) : 482.010
Time step (s) : 4.155

Feature number : 2

Time (s) : 369.068,369.092,369.2232,369.5553,370.078,370.6943,371.2171,371.5971,371.9668,372.4998,373.1298,373.7701,374.3168,374.7801,375.2195,375.6349,375.991,376.3368,376.7385,377.0843,377.4404,377.8319,378.164,378.4264,378.7585,379.1979,379.7446,380.3609,380.9076,381.3949,381.9416,382.5339,382.9972,383.367,383.7687,384.1146,384.4706,384.8621,385.1702,385.3254,385.4567,385.6575,385.8961,386.2042,386.5124,386.7988,387.2142,387.6993,388.0451,388.2699

Position (um) : 3.5185,3.5276,3.5438,3.5648,3.5843,3.6008,3.612,3.6194,3.6279,3.6386,3.6499,3.6612,3.6724,3.6831,3.691,3.695,3.6984,3.7035,3.7097,3.7182,3.7282,3.7368,3.7435,3.752,3.7633,3.7774,3.7938,3.81,3.8237,3.8332,3.8423,3.853,3.8643,3.8755,3.8868,3.8987,3.9128,3.9286,3.9426,3.9539,3.9624,3.9698,3.9811,3.9963,4.0103,4.0228,4.0369,4.0521,4.0627,4.0667

Intensity : 317.6996,317.8315,318.0391,318.8061,319.4561,319.5149,319.6719,319.8339,320.0313,320.082,320.2611,320.5436,320.5411,320.503,320.574,320.6818,320.809,321.0063,321.2998,321.7123,322.2683,322.7584,322.868,322.4644,322.025,321.5711,321.1914,320.9694,320.9459,320.9931,321.1426,321.3206,321.3774,321.6182,321.8794,322.3031,322.9247,323.7149,324.5158,325.2237,325.734,326.1277,326.7973,327.7453,328.4515,328.448,328.0269,327.2972,326.3549,325.6181

Time pixel : 88.8195,88.8253,88.8569,88.9368,89.0626,89.2109,89.3367,89.4281,89.5171,89.6454,89.797,89.9511,90.0827,90.1942,90.2999,90.3999,90.4856,90.5688,90.6655,90.7487,90.8344,90.9286,91.0085,91.0717,91.1516,91.2574,91.3889,91.5372,91.6688,91.7861,91.9176,92.0602,92.1717,92.2607,92.3574,92.4406,92.5263,92.6205,92.6947,92.732,92.7636,92.8119,92.8693,92.9435,93.0176,93.0866,93.1866,93.3033,93.3865,93.4406

Position pixel : 32.9754,33.061,33.2127,33.4093,33.5925,33.7466,33.8524,33.9213,34.0012,34.1012,34.2069,34.3127,34.4184,34.5184,34.5926,34.6299,34.6615,34.7098,34.7672,34.8471,34.9414,35.0213,35.0845,35.1644,35.2701,35.4017,35.5558,35.7074,35.8356,35.9246,36.0103,36.1103,36.216,36.3218,36.4275,36.539,36.6706,36.8189,36.9505,37.0562,37.1361,37.2051,37.3108,37.4534,37.5849,37.7022,37.8338,37.9763,38.0763,38.1137

Brightness max : 460.29
Brightness min : 267.00
Feature direction : Ambiguous
Feature speed : Slow
Feature type : Curve
Start frame : 1
End frame : 117
Start time (s) : 0.000
End time (s) : 482.010
Time step (s) : 4.155

Feature number : 3

Time (s) : 371.7283,371.8835,372.3229,373.0225,373.7701,374.4719,375.2434,376.0743,376.8218,377.3925,377.8558,378.2952,378.7346,379.15,379.4821,379.7446,380.0767,380.4682,380.7764,380.9315,381.0867,381.3949,381.8103,382.2258,382.5579,382.7964,383.0212,383.2597,383.5679,383.9,384.2697,384.8266,385.564,386.3811,387.0351,387.5463,388.093,388.7093,389.232,389.612,389.9818,390.5147,391.1687,391.9402,392.819,393.8051,394.8607,395.8468,396.7495,397.6044,398.3519,398.9226,399.3859,399.8253,400.2647,400.6801,401.0122,401.2747,401.6068,401.9983,402.3064

Position (um) : 3.5105,3.5026,3.4919,3.4806,3.4694,3.4581,3.4468,3.4355,3.4242,3.4136,3.405,3.3989,3.3931,3.387,3.3785,3.3678,3.3565,3.3446,3.3306,3.3154,3.3035,3.2928,3.2769,3.259,3.2443,3.2324,3.2217,3.2132,3.2065,3.198,3.1867,3.1726,3.1562,3.1394,3.123,3.1089,3.097,3.0864,3.0778,3.0717,3.0659,3.0598,3.0513,3.0412,3.0327,3.026,3.0174,3.0068,2.9961,2.9876,2.9814,2.9757,2.9702,2.965,2.9622,2.961,2.9583,2.9537,2.951,2.9503,2.9503

Intensity : 319.0356,318.6345,318.0861,317.5384,317.0616,315.988,314.5931,313.1631,311.8775,310.8736,310.223,309.706,309.2754,308.8862,308.5797,308.3473,308.0908,307.8302,307.6667,307.6257,307.6211,307.6181,307.706,307.9223,307.8192,307.7073,307.5808,307.3886,307.059,306.6251,305.9862,305.1815,304.3298,303.6288,303.9134,304.166,304.3827,304.5395,304.619,304.6519,304.6651,304.6699,304.9312,305.4693,306.2773,307.329,308.4759,307.8292,307.2338,306.566,305.8885,305.4478,305.6728,305.8941,306.0283,306.1031,306.2394,306.4513,306.5968,306.6565,306.6823

Time pixel : 89.4597,89.4971,89.6028,89.7712,89.9511,90.12,90.3057,90.5056,90.6855,90.8229,90.9344,91.0401,91.1459,91.2458,91.3258,91.3889,91.4688,91.5631,91.6372,91.6746,91.7119,91.7861,91.8861,91.986,92.066,92.1234,92.1775,92.2349,92.309,92.3889,92.4779,92.612,92.7894,92.9861,93.1434,93.2665,93.398,93.5464,93.6722,93.7636,93.8526,93.9809,94.1382,94.3239,94.5354,94.7727,95.0268,95.2641,95.4813,95.687,95.8669,96.0043,96.1158,96.2215,96.3273,96.4272,96.5072,96.5703,96.6502,96.7445,96.8186

Position pixel : 32.9007,32.8265,32.7265,32.6208,32.515,32.4093,32.3036,32.1978,32.0921,31.9921,31.9122,31.8548,31.8007,31.7433,31.6633,31.5634,31.4576,31.3461,31.2145,31.072,30.9605,30.86,30.7116,30.5433,30.4059,30.2944,30.1945,30.1145,30.0514,29.9714,29.8657,29.7341,29.5801,29.4227,29.2686,29.137,29.0255,28.9255,28.8456,28.7882,28.7341,28.6767,28.5968,28.5026,28.4227,28.3595,28.2796,28.1796,28.0796,27.9997,27.9423,27.8882,27.8365,27.7882,27.7624,27.7508,27.725,27.6825,27.6566,27.6509,27.6509

Brightness max : 460.29
Brightness min : 267.00
Feature direction : Ambiguous
Feature speed : Slow
Feature type : Curve
Start frame : 1
End frame : 117
Start time (s) : 0.000
End time (s) : 482.010
Time step (s) : 4.155

Feature number : 4

Time (s) : 395.1232,395.3241,395.5626,395.9187,396.4414,397.0577,397.6283,398.2229,398.9704,399.8013,400.5489,401.1195,401.5828,402.0222,402.4616,402.901,403.3404,403.7798,404.2192,404.6586,405.0979,405.5373,405.9767,406.4161,406.8555,407.2949,407.7343,408.1976,408.7443,409.3845,410.0385,410.6788,411.2255,411.7127,412.2594,412.8997,413.5536,414.1939,414.7406,415.2278,415.7745,416.3908,416.9375,417.4008,417.8642,418.4109,419.0272,419.5978,420.1924,420.9638,421.9978,423.4472,425.3098,427.2204,428.8844,430.2961,431.4374,432.4474,433.3718,434.0497,434.537,434.9764,435.3919,435.7

Position (um) : 4.0329,4.0301,4.025,4.0188,4.0103,4.0003,3.9923,3.9884,3.9844,3.9771,3.9698,3.9664,3.9658,3.9658,3.9652,3.9624,3.9579,3.9551,3.9545,3.9545,3.9539,3.9511,3.9466,3.9432,3.9399,3.9353,3.9326,3.9319,3.9319,3.9319,3.9319,3.9319,3.9319,3.9319,3.9319,3.9326,3.9353,3.9399,3.9432,3.9466,3.9518,3.9573,3.9624,3.9652,3.9658,3.9658,3.9658,3.9658,3.9658,3.9658,3.9652,3.9618,3.9539,3.9432,3.9326,3.9247,3.9213,3.9207,3.9207,3.9207,3.9207,3.9207,3.9207,3.9207

Intensity : 309.9774,309.4563,308.8911,308.0968,307.0589,306.042,305.2273,304.2847,303.3914,305.5382,307.5246,308.8759,309.814,310.66,311.552,312.6045,313.5276,314.1625,314.6372,315.0667,315.5395,316.1596,316.8173,317.2374,317.6174,317.935,318.195,318.489,318.8444,319.2605,319.6856,320.1018,320.4572,319.378,317.5029,315.3136,313.0755,310.8382,308.881,307.0958,305.9277,305.8244,305.7277,305.6761,305.6645,305.6645,305.6645,305.6645,305.1105,304.2744,303.175,301.7593,303.5318,306.025,305.7001,304.033,302.7686,302.1631,302.6648,303.0328,303.2972,303.5357,303.7612,303.9284

Time pixel : 95.08993,95.13826,95.19567,95.28135,95.40715,95.55547,95.6928,95.83589,96.01579,96.21575,96.39565,96.53298,96.64448,96.75023,96.85597,96.96171,97.06746,97.1732,97.27894,97.38469,97.49043,97.59617,97.70191,97.80766,97.9134,98.01914,98.12489,98.23639,98.36796,98.52204,98.67942,98.8335,98.96507,99.08233,99.2139,99.36798,99.52537,99.67945,99.81101,99.92828,100.0598,100.2082,100.3397,100.4512,100.5627,100.6943,100.8426,100.9799,101.123,101.3087,101.5575,101.9063,102.3546,102.8144,103.2148,103.5546,103.8292,104.0723,104.2948,104.4579,104.5752,104.6809,104.7809,104.8551

Position pixel : 37.7964,37.7706,37.7223,37.6649,37.5849,37.4907,37.4166,37.3792,37.3419,37.2735,37.2051,37.1735,37.1677,37.1677,37.162,37.1361,37.0936,37.0677,37.062,37.062,37.0562,37.0304,36.9878,36.9562,36.9247,36.8821,36.8563,36.8505,36.8505,36.8505,36.8505,36.8505,36.8505,36.8505,36.8505,36.8563,36.8821,36.9247,36.9562,36.9878,37.0362,37.0878,37.1361,37.162,37.1677,37.1677,37.1677,37.1677,37.1677,37.1677,37.162,37.1304,37.0562,36.9562,36.8563,36.7821,36.7505,36.7448,36.7448,36.7448,36.7448,36.7448,36.7448,36.7448

Brightness max : 460.29
Brightness min : 267.00
Feature direction : Ambiguous
Feature speed : Slow
Feature type : Curve
Start frame : 1
End frame : 117
Start time (s) : 0.000
End time (s) : 482.010
Time step (s) : 4.155

Feature number : 5

Time (s) : 64.33496,64.8577,65.62696,66.28095,66.74428,67.07637,67.33886,67.647,67.95515,68.19369,68.46637,68.96739,69.86789,70.87569,71.75669,72.76671,73.95142,74.91356,75.53207,75.9954,76.43479,76.87418,77.31357,77.75296,78.19235,78.63174,79.07112,79.51051,79.9499,80.38929,80.82868,81.26807,81.70746,82.14685,82.58624,83.02563,83.46502,83.90441,84.3438,84.78318,85.22257,85.66196,86.10135,86.54074,86.98013,87.41952,87.85891,88.2983,88.73769,89.15314,89.48523,89.74771,90.0798,90.49524,90.93463,91.37402,91.81341,92.2528,92.69219,93.10764,93.43973,93.70221,94.0343,94.42581,94.7579,95.02038,95.35247,95.76792,96.20731,96.64669,97.08608,97.54941,98.0961,98.7124,99.25909,99.72242,100.2097,100.8637,101.7048,102.5973,103.5457,104.4005,105.1024,105.7426,106.2654,106.6214,106.8599,107.0847,107.2993,107.5241,107.7627,108.0708,108.379,108.6414,108.9496,109.2577,109.5202,109.8523,110.2438,110.5759,110.8384,111.1705,111.5859,112.0253,112.4886,113.0353,113.6756,114.3296,114.9698,115.5165,115.9798,116.3953,116.7274,116.9898,117.3219,117.7374,118.1768,118.5922,118.9243,119.1628,119.3876,119.6262,119.9343,120.2425,120.481,120.7058,120.9204,121.1452,121.3837,121.6919,122,122.2625,122.5946,123.01,123.4494,123.8888,124.3282,124.7437,125.0758,125.3382,125.6464,125.9545,126.217,126.5252,126.8333,127.0958,127.4279,127.8433,128.2827,128.7221,129.1615,129.6009,130.0403,130.4797,130.9191,131.3584,131.7978,132.2372,132.6527,132.9848,133.2472,133.5793,133.9708,134.3029,134.5654,134.8975,135.3129,135.7284,136.0605,136.323,136.6551,137.0705,137.486,137.818,138.1045,138.5439,139.1362,139.7068,140.2775,140.8938,141.4405,141.9038,142.3432,142.7826,143.222,143.6613,144.1007,144.5401,144.9795,145.4189,145.8822,146.4289,147.0452,147.6158,148.2104,148.958,149.8128,150.6676,151.4152,151.9858,152.4491,152.8885,153.3279,153.7673,154.2067,154.6461,155.0855,155.5488,156.0955,156.7357,157.4137,158.1851,159.04,159.8948,160.6423,161.213,161.6763,162.1157,162.579,163.1497,163.8732,164.5968,165.1675,165.6308,166.0463,166.3783,166.6648,167.0802,167.5653,167.9351,168.2671,168.5753,168.8378,169.1699,169.5853,170.0247,170.488,171.0347,171.675,172.3289,172.9692,173.5159,173.9792,174.4186,174.858,175.2974,175.7607,176.3313,177.0549,177.8025,178.4804,179.1206,179.6434,179.9994,180.238,180.4627,180.7013,181.0334,181.4249,181.757,182.0194,182.3515,182.767,183.2064,183.6218,183.93

Position (um) : 2.0377,2.0438,2.0563,2.0691,2.0782,2.0843,2.0895,2.0929,2.0962,2.1014,2.1075,2.1167,2.1301,2.1459,2.1599,2.1718,2.1825,2.1904,2.1938,2.1944,2.1944,2.1944,2.195,2.1978,2.2023,2.2057,2.2091,2.2142,2.2197,2.2249,2.2276,2.2283,2.2289,2.2316,2.2362,2.2389,2.2395,2.2395,2.2395,2.2401,2.2429,2.2474,2.2502,2.2508,2.2508,2.2508,2.2508,2.2508,2.2508,2.2502,2.2474,2.2423,2.2362,2.2276,2.2176,2.2091,2.2023,2.1938,2.1837,2.1752,2.1691,2.1633,2.1578,2.152,2.1465,2.1414,2.1386,2.1374,2.1346,2.1301,2.1273,2.1267,2.1267,2.1267,2.1267,2.1267,2.1273,2.1301,2.1352,2.1407,2.1465,2.152,2.1572,2.1599,2.1612,2.1645,2.1725,2.1825,2.191,2.1972,2.2029,2.2091,2.217,2.2249,2.2316,2.2395,2.2468,2.2508,2.2548,2.2621,2.27,2.2761,2.2819,2.288,2.2966,2.3072,2.3185,2.3298,2.3405,2.3484,2.3517,2.353,2.3557,2.3603,2.363,2.3636,2.3636,2.363,2.3603,2.3551,2.3496,2.3444,2.3411,2.3377,2.3326,2.327,2.3213,2.3158,2.3106,2.3072,2.3039,2.2993,2.2959,2.2926,2.2874,2.2819,2.2768,2.2734,2.27,2.2655,2.2621,2.2587,2.2542,2.2508,2.2474,2.2423,2.2368,2.2316,2.2289,2.2283,2.2283,2.2283,2.2283,2.2283,2.2283,2.2283,2.2283,2.2283,2.2289,2.2316,2.2362,2.2389,2.2401,2.2429,2.2481,2.2536,2.2587,2.2621,2.2655,2.2706,2.2768,2.2847,2.2926,2.2987,2.3051,2.3134,2.3237,2.3326,2.3417,2.3517,2.3603,2.3664,2.3716,2.3743,2.3749,2.3749,2.3749,2.3749,2.3749,2.3743,2.3709,2.3636,2.3563,2.3524,2.349,2.3438,2.3383,2.3326,2.327,2.3219,2.3191,2.3185,2.3191,2.3219,2.327,2.3326,2.3377,2.3411,2.3451,2.3524,2.3597,2.3636,2.3676,2.3749,2.3822,2.3862,2.3896,2.3947,2.4002,2.4066,2.4149,2.4252,2.4341,2.4426,2.4505,2.4573,2.4652,2.4731,2.4798,2.4878,2.4957,2.5024,2.5103,2.5182,2.5244,2.5301,2.5363,2.5448,2.5555,2.5673,2.5814,2.5966,2.6079,2.6152,2.625,2.6412,2.6628,2.6863,2.714,2.7433,2.7686,2.7878,2.7997,2.8064,2.8122,2.8177,2.8235,2.8296,2.8381,2.8488,2.8595,2.868,2.8741,2.8793,2.882,2.8827

Intensity : 365.9657,366.0151,364.6856,362.468,360.4702,359.0289,357.7559,357.2153,356.6606,355.2844,353.6059,351.2508,348.0023,344.5927,339.8488,335.5113,331.2863,328.4073,328.6097,329.2595,330.0316,330.8037,331.404,331.3961,330.8617,330.6384,330.4015,329.6745,328.878,328.2134,328.2468,328.8849,329.5267,329.5966,329.2075,329.3154,329.5661,329.8833,330.2005,330.3564,330.0741,329.4405,329.1649,329.3327,329.6299,329.6809,329.298,328.9151,328.5323,328.2923,328.5397,329.299,330.2458,331.5519,332.997,333.9956,334.8466,336.0762,337.613,338.8974,339.8029,340.7044,341.5081,342.3256,343.1468,343.9585,344.2541,344.2857,344.7235,345.5326,345.9958,346.0247,345.9111,345.7831,345.6695,345.5733,345.0982,344.0349,342.3003,340.4299,338.4368,337.1548,336.3346,336.0491,336.0471,335.5453,334.1013,332.2626,330.753,329.7463,328.8434,327.9654,326.8054,325.6282,324.7443,323.6784,322.8083,322.573,322.4092,321.6461,320.7012,320.1249,319.7052,319.258,318.6677,317.9737,317.2952,316.5757,315.8717,315.4761,315.818,316.28,315.9984,315.4656,315.184,315.2033,315.309,315.4897,315.9311,316.6652,317.4423,318.293,318.9379,319.5782,320.5007,321.2973,322.1314,322.92,323.6451,324.0257,324.4111,325.0317,325.4124,325.7482,326.3897,327.1036,327.7658,328.1168,328.4611,329.0485,329.3811,329.6996,330.2399,330.5289,330.8039,331.3965,331.8848,332.1844,332.1058,331.7287,331.2198,330.6981,330.1764,329.6548,329.1331,328.6114,328.0897,327.5681,327.0367,326.4815,325.7738,325.061,324.3371,323.6189,322.9007,322.1124,321.2922,320.611,320.0836,319.6359,319.1466,318.6352,318.1649,317.7878,317.4523,316.9518,316.2849,315.6524,315.0174,314.2115,313.4396,312.987,312.5821,312.2673,312.0328,311.8213,311.6098,311.3984,311.1869,310.9984,311.3697,312,312.7304,313.316,313.915,314.6677,315.3804,315.7078,315.9511,316.1196,316.201,316.2321,316.2444,316.2009,315.4123,314.6205,313.8319,313.0198,312.0615,310.829,309.5489,308.3836,307.405,306.4551,305.6934,305.1559,304.743,304.4939,304.936,305.4916,306.2221,307.0105,307.6682,308.242,308.7765,308.994,308.9297,308.959,309.0857,309.1457,309.2069,309.2954,309.3503,309.4775,309.7187,310.0064,310.3343,310.7459,311.279,311.5798,311.5905,311.5283,311.5986,311.8358,311.5131,310.9434,310.4096,309.4099,308.4512,307.9128,307.8874,307.6978,307.5596,307.5414,307.4808,307.4264,307.3779,307.4001,307.3849,307.2468,307.061,307.0357,307.193,306.429,305.5853,305.0224

Time pixel : 15.4828,15.6086,15.7937,15.9511,16.0626,16.1425,16.2057,16.2799,16.354,16.4114,16.477,16.5976,16.8143,17.0569,17.2689,17.512,17.7971,18.0286,18.1775,18.289,18.3947,18.5005,18.6062,18.7119,18.8177,18.9234,19.0292,19.1349,19.2407,19.3464,19.4521,19.5579,19.6636,19.7694,19.8751,19.9809,20.0866,20.1923,20.2981,20.4038,20.5096,20.6153,20.7211,20.8268,20.9325,21.0383,21.144,21.2498,21.3555,21.4555,21.5354,21.5986,21.6785,21.7785,21.8842,21.99,22.0957,22.2015,22.3072,22.4072,22.4871,22.5503,22.6302,22.7244,22.8043,22.8675,22.9474,23.0474,23.1531,23.2589,23.3646,23.4761,23.6077,23.756,23.8876,23.9991,24.1164,24.2737,24.4762,24.691,24.9192,25.1249,25.2938,25.4479,25.5737,25.6594,25.7168,25.7709,25.8225,25.8766,25.934,26.0082,26.0824,26.1455,26.2197,26.2938,26.357,26.4369,26.5312,26.6111,26.6742,26.7542,26.8541,26.9599,27.0714,27.203,27.357,27.5144,27.6685,27.8001,27.9116,28.0116,28.0915,28.1546,28.2346,28.3345,28.4403,28.5403,28.6202,28.6776,28.7317,28.7891,28.8633,28.9374,28.9948,29.0489,29.1006,29.1547,29.2121,29.2862,29.3604,29.4236,29.5035,29.6035,29.7092,29.8149,29.9207,30.0207,30.1006,30.1638,30.2379,30.3121,30.3752,30.4494,30.5236,30.5867,30.6667,30.7666,30.8724,30.9781,31.0839,31.1896,31.2954,31.4011,31.5068,31.6126,31.7183,31.8241,31.924,32.004,32.0671,32.1471,32.2413,32.3212,32.3844,32.4643,32.5643,32.6642,32.7442,32.8073,32.8873,32.9872,33.0872,33.1671,33.2361,33.3418,33.4844,33.6217,33.759,33.9073,34.0389,34.1504,34.2562,34.3619,34.4676,34.5734,34.6791,34.7849,34.8906,34.9964,35.1079,35.2394,35.3877,35.5251,35.6682,35.8481,36.0538,36.2595,36.4394,36.5767,36.6882,36.794,36.8997,37.0055,37.1112,37.217,37.3227,37.4342,37.5658,37.7198,37.883,38.0687,38.2744,38.4801,38.66,38.7973,38.9088,39.0146,39.1261,39.2634,39.4376,39.6117,39.749,39.8605,39.9605,40.0404,40.1094,40.2093,40.3261,40.4151,40.495,40.5691,40.6323,40.7122,40.8122,40.918,41.0295,41.161,41.3151,41.4725,41.6266,41.7581,41.8696,41.9754,42.0811,42.1869,42.2984,42.4357,42.6098,42.7897,42.9529,43.107,43.2328,43.3185,43.3759,43.43,43.4874,43.5673,43.6615,43.7414,43.8046,43.8845,43.9845,44.0902,44.1902,44.2644

Position pixel : 19.0972,19.1546,19.2714,19.3914,19.4771,19.5345,19.5828,19.6144,19.646,19.6943,19.7517,19.8374,19.9632,20.1115,20.2431,20.3546,20.4546,20.5287,20.5603,20.5661,20.5661,20.5661,20.5719,20.5977,20.6402,20.6718,20.7034,20.7518,20.8034,20.8517,20.8776,20.8833,20.8891,20.9149,20.9575,20.9833,20.9891,20.9891,20.9891,20.9948,21.0206,21.0632,21.089,21.0948,21.0948,21.0948,21.0948,21.0948,21.0948,21.089,21.0632,21.0149,20.9575,20.8776,20.7833,20.7034,20.6402,20.5603,20.4661,20.3862,20.3288,20.2747,20.223,20.1689,20.1173,20.069,20.0431,20.0316,20.0058,19.9632,19.9374,19.9316,19.9316,19.9316,19.9316,19.9316,19.9374,19.9632,20.0116,20.0632,20.1173,20.1689,20.2173,20.2431,20.2546,20.2862,20.3604,20.4546,20.5345,20.5919,20.646,20.7034,20.7776,20.8517,20.9149,20.9891,21.0575,21.0948,21.1322,21.2005,21.2747,21.3321,21.3862,21.4436,21.5235,21.6235,21.7293,21.835,21.935,22.0091,22.0407,22.0523,22.0781,22.1206,22.1465,22.1522,22.1522,22.1465,22.1206,22.0723,22.0207,21.9723,21.9407,21.9092,21.8608,21.8092,21.7551,21.7034,21.6551,21.6235,21.5919,21.5494,21.5178,21.4862,21.4379,21.3862,21.3379,21.3063,21.2747,21.2321,21.2005,21.169,21.1264,21.0948,21.0632,21.0149,20.9632,20.9149,20.8891,20.8833,20.8833,20.8833,20.8833,20.8833,20.8833,20.8833,20.8833,20.8833,20.8891,20.9149,20.9575,20.9833,20.9948,21.0206,21.069,21.1206,21.169,21.2005,21.2321,21.2805,21.3379,21.412,21.4862,21.5436,21.6035,21.6809,21.7776,21.8608,21.9465,22.0407,22.1206,22.1781,22.2264,22.2522,22.258,22.258,22.258,22.258,22.258,22.2522,22.2206,22.1522,22.0838,22.0465,22.0149,21.9666,21.9149,21.8608,21.8092,21.7608,21.735,21.7293,21.735,21.7608,21.8092,21.8608,21.9092,21.9407,21.9781,22.0465,22.1149,22.1522,22.1896,22.258,22.3264,22.3637,22.3953,22.4436,22.4953,22.5551,22.6326,22.7293,22.8125,22.8924,22.9666,23.0298,23.1039,23.1781,23.2412,23.3154,23.3896,23.4527,23.5269,23.6011,23.6585,23.7126,23.77,23.8499,23.9499,24.0614,24.1929,24.3355,24.4412,24.5102,24.6016,24.7532,24.9556,25.1762,25.436,25.7101,25.9475,26.1274,26.2389,26.302,26.3561,26.4078,26.4619,26.5193,26.5992,26.6992,26.7992,26.8791,26.9365,26.9848,27.0106,27.0164

Brightness max : 460.29
Brightness min : 267.00
Feature direction : Ambiguous
Feature speed : Slow
Feature type : Curve
Start frame : 1
End frame : 117
Start time (s) : 0.000
End time (s) : 482.010
Time step (s) : 4.155

Feature number : 6

Time (s) : 151.2539,151.3875,151.7027,152.106,152.4545,152.7381,153.0718,153.4339,153.8381,154.3618,154.82,155.1532,155.5359,155.9816,156.3715,156.6952,157.0676,157.4431,157.7756,158.1804,158.6709,159.1876,159.7063,160.2268,160.7489,161.2485,161.6659,161.9909,162.3029,162.6055,162.8948,163.1148,163.3351,163.601,163.8212,164.0652,164.4378,164.81,165.0526,165.2706,165.5336,165.7501,165.9657,166.2261,166.4398,166.6526,166.9339,167.2279,167.507,167.6915,167.8155,168.0218,168.38,168.7371,168.964,169.19,169.5679,170.0521,170.5593,171.0417,171.4398,171.7674,172.1638,172.6427,173.1449,173.6224,174.0159,174.3391,174.7074,175.0751,175.3966,175.7872,176.2607,176.7337,177.123,177.4183,177.6995,177.9941,178.3819,178.8288,179.216,179.5094,179.7887,180.0576,180.3364,180.6049,180.8832,181.1167,181.3176,181.4488,181.5801,181.7809,181.9955,182.2203,182.4349,182.6597,182.8982,183.2303,183.6458,184.0852,184.5245,184.9639,185.4033,185.8427,186.2821,186.6975,187.0296,187.2921,187.6003,187.9084,188.147,188.3717,188.5863,188.8111,189.0257,189.2505,189.4651,189.6899,189.9285,190.2366,190.5448,190.7833,191.0081,191.2227,191.4475,191.6621,191.8629,191.9942,192.1254,192.3023,192.4335,192.5887,192.8969,193.3123,193.7757,194.2984,194.8074,195.1532,195.402,195.6166,195.8414,196.056,196.2808,196.4954,196.6962,196.8035,196.8753,197.0899,197.4677,197.8135,198.1696,198.585,199.0244,199.4638,199.9032,200.3186,200.6507,200.9132,201.2453,201.6368,201.9689,202.2074,202.4322,202.6468,202.8716,203.0862,203.311,203.5256,203.7264,203.8577,203.9889,204.1898,204.4044,204.6291,204.8437,205.0685,205.2831,205.5079,205.7225,205.9473,206.1619,206.3867,206.6013,206.8261,207.0646,207.3728,207.6809,207.9195,208.1443,208.3828,208.691,208.9991,209.2616,209.5697,209.8779,210.1404,210.4725,210.8879,211.3273,211.7667,212.2061,212.6694,213.2161,213.8324,214.3791,214.8424,215.2818,215.7212,216.1606,216.576,216.9081,217.1706,217.4787,217.7869,218.0494,218.3575,218.6657,218.9281,219.2602,219.6757,220.1151,220.5545,220.9699,221.2781

Position (um) : 1.9475,1.943,1.9404,1.9393,1.9368,1.9326,1.9296,1.9261,1.9193,1.912,1.9065,1.9014,1.8967,1.8918,1.8871,1.8829,1.8805,1.8782,1.8747,1.873,1.873,1.8714,1.8681,1.8665,1.8678,1.8724,1.881,1.8903,1.8977,1.9048,1.9123,1.9216,1.9309,1.939,1.9488,1.9609,1.9735,1.9861,1.9981,2.008,2.016,2.0252,2.0344,2.0424,2.0522,2.0641,2.076,2.0858,2.0937,2.1034,2.1146,2.1243,2.1322,2.1418,2.1529,2.1619,2.167,2.1714,2.177,2.1814,2.1857,2.1913,2.195,2.1966,2.1976,2.1979,2.1961,2.1924,2.19,2.1875,2.1833,2.178,2.171,2.164,2.1587,2.1538,2.1486,2.1409,2.1317,2.124,2.1187,2.1138,2.1085,2.1008,2.0915,2.0838,2.0785,2.073,2.0669,2.059,2.0511,2.045,2.0392,2.0337,2.0279,2.0224,2.0172,2.0145,2.0139,2.0139,2.0139,2.0139,2.0139,2.0145,2.0172,2.0224,2.0279,2.0331,2.0364,2.0398,2.045,2.0505,2.0563,2.0618,2.0675,2.073,2.0788,2.0849,2.0929,2.1008,2.1075,2.116,2.1261,2.1346,2.1407,2.1465,2.1526,2.1606,2.1685,2.1752,2.1837,2.1944,2.2063,2.221,2.2395,2.2581,2.2728,2.2847,2.2953,2.3039,2.3106,2.3191,2.3292,2.3377,2.3444,2.353,2.3643,2.3789,2.3975,2.4155,2.4267,2.4307,2.4313,2.4313,2.4313,2.4307,2.428,2.4228,2.4173,2.4115,2.406,2.4002,2.3947,2.389,2.3828,2.3743,2.3643,2.3557,2.349,2.3405,2.3298,2.3191,2.3106,2.3039,2.2953,2.2853,2.2768,2.27,2.2615,2.2514,2.2429,2.2368,2.231,2.2249,2.217,2.2091,2.2029,2.1972,2.1916,2.1859,2.1797,2.1712,2.1612,2.1526,2.1459,2.138,2.1301,2.1233,2.1154,2.1075,2.1008,2.0929,2.0849,2.0788,2.0737,2.0709,2.0703,2.0703,2.0703,2.0697,2.0669,2.0624,2.059,2.0556,2.0511,2.0477,2.0444,2.0398,2.0371,2.0364,2.0364,2.0364,2.0364,2.0364

Intensity : 330.4295,331.1177,331.9314,332.7363,333.626,334.6261,335.5919,336.7027,338.121,338.8297,339.2897,339.8578,340.3093,340.7368,341.1906,341.66,341.6917,341.718,342.0484,342.3548,342.5565,343.085,343.9822,344.4905,344.4144,343.6276,342.0027,340.2257,338.7022,337.2289,335.6919,333.8547,332.4919,331.3121,329.8785,328.1459,326.3537,324.5835,322.901,321.5335,320.4411,319.183,318.2695,317.6257,317.3011,316.7516,316.3637,316.1908,316.1334,315.6366,314.82,314.3491,314.4124,314.6998,314.6817,314.7482,315.3444,316.1954,316.6112,316.427,316.2236,315.9354,315.7544,315.7066,315.6968,315.7222,315.8775,316.1458,316.1234,315.8876,315.8271,315.7659,315.7517,315.7535,315.728,315.7813,315.8812,316.1515,316.5915,317.0526,317.0787,317.2128,317.4107,317.9285,318.6143,319.1142,319.2839,319.5506,319.9519,320.6997,321.4428,321.8277,322.1372,322.3894,322.6878,323.2519,323.8008,323.8976,323.4867,322.9314,322.3761,321.8207,321.2654,320.6032,319.5756,318.18,317.0205,317.0237,317.2499,317.4714,317.418,317.3057,317.1483,317.0248,316.8562,316.7215,316.5418,316.3403,315.9912,315.7393,315.5848,315.1512,314.5457,314.0563,313.9114,313.7608,313.5537,313.1304,312.6929,312.3695,311.8568,311.187,310.5101,309.6302,308.365,307.5338,306.8023,306.1036,305.5414,305.2267,305.0285,304.6821,304.223,303.8417,303.5591,303.1509,302.6092,301.9943,301.2517,300.4606,300.0191,300.0245,300.2432,300.467,299.4547,298.5402,297.9717,297.7433,297.397,296.9554,296.644,296.5721,296.5213,296.5242,296.5456,296.7974,297.1718,297.4585,297.8091,298.717,299.9312,301.0903,301.9679,302.6126,303.4585,304.4562,305.2672,305.8508,306.6302,307.5537,308.2982,308.7535,309.1685,309.5996,310.1936,310.6937,310.9868,311.2629,311.5064,311.7571,311.9436,312.3778,313.0352,313.4693,313.7192,314.156,314.5898,314.8622,315.266,315.6855,315.9013,316.1742,316.2753,315.9998,315.6938,315.2238,314.5356,313.7749,313.2363,313.645,314.2212,314.9338,315.549,316.1595,316.8564,317.4571,318.0531,318.7343,319.2735,319.6468,319.973,319.5288,318.8546,318.3546

Time pixel : 36.4006,36.4327,36.5086,36.6057,36.6895,36.7578,36.8381,36.9252,37.0225,37.1485,37.2588,37.339,37.4311,37.5384,37.6322,37.7101,37.7997,37.8901,37.9701,38.0675,38.1856,38.3099,38.4347,38.56,38.6857,38.8059,38.9063,38.9845,39.0596,39.1325,39.2021,39.255,39.308,39.372,39.425,39.4837,39.5734,39.663,39.7214,39.7738,39.8371,39.8892,39.9411,40.0038,40.0552,40.1064,40.1741,40.2449,40.3121,40.3565,40.3863,40.4359,40.5221,40.6081,40.6627,40.7171,40.808,40.9246,41.0466,41.1627,41.2585,41.3373,41.4327,41.548,41.6689,41.7838,41.8785,41.9563,42.0449,42.1334,42.2108,42.3048,42.4187,42.5325,42.6262,42.6973,42.765,42.8359,42.9292,43.0367,43.1299,43.2005,43.2678,43.3325,43.3996,43.4642,43.5312,43.5874,43.6357,43.6673,43.6989,43.7472,43.7988,43.8529,43.9046,43.9587,44.0161,44.096,44.196,44.3017,44.4075,44.5132,44.619,44.7247,44.8304,44.9304,45.0103,45.0735,45.1477,45.2218,45.2792,45.3333,45.385,45.4391,45.4907,45.5448,45.5965,45.6506,45.708,45.7821,45.8563,45.9137,45.9678,46.0194,46.0735,46.1252,46.1735,46.2051,46.2367,46.2793,46.3108,46.3482,46.4224,46.5223,46.6338,46.7596,46.8821,46.9654,47.0252,47.0769,47.131,47.1826,47.2367,47.2884,47.3367,47.3625,47.3798,47.4314,47.5224,47.6056,47.6913,47.7912,47.897,48.0027,48.1085,48.2085,48.2884,48.3515,48.4315,48.5257,48.6056,48.663,48.7171,48.7688,48.8229,48.8745,48.9286,48.9802,49.0286,49.0602,49.0917,49.1401,49.1917,49.2458,49.2975,49.3516,49.4032,49.4573,49.509,49.5631,49.6147,49.6688,49.7204,49.7745,49.8319,49.9061,49.9803,50.0377,50.0918,50.1492,50.2233,50.2975,50.3607,50.4348,50.509,50.5721,50.6521,50.7521,50.8578,50.9635,51.0693,51.1808,51.3124,51.4607,51.5922,51.7037,51.8095,51.9152,52.021,52.1209,52.2009,52.264,52.3382,52.4124,52.4755,52.5497,52.6238,52.687,52.7669,52.8669,52.9727,53.0784,53.1784,53.2525

Position pixel : 18.2522,18.21,18.1852,18.1753,18.1519,18.1123,18.0844,18.0513,17.9878,17.9192,17.8679,17.8205,17.7761,17.7297,17.6863,17.6467,17.6243,17.6024,17.5698,17.5544,17.5536,17.5388,17.5075,17.4933,17.5051,17.5487,17.6293,17.7158,17.7857,17.8523,17.9224,18.0092,18.0961,18.172,18.2646,18.3773,18.4957,18.614,18.7264,18.8188,18.8942,18.9806,19.0668,19.1419,19.2336,19.3452,19.4567,19.5479,19.6223,19.7132,19.8183,19.909,19.9827,20.073,20.1775,20.2618,20.3091,20.3505,20.4028,20.4439,20.4849,20.5368,20.5718,20.5867,20.5956,20.5987,20.5817,20.5478,20.5248,20.5017,20.4618,20.4128,20.3469,20.281,20.2317,20.1857,20.1364,20.0645,19.9782,19.9062,19.8567,19.8104,19.7608,19.6886,19.6021,19.5299,19.4801,19.4287,19.3713,19.2972,19.223,19.1656,19.1115,19.0599,19.0058,18.9541,18.9058,18.88,18.8742,18.8742,18.8742,18.8742,18.8742,18.88,18.9058,18.9541,19.0058,19.0541,19.0857,19.1173,19.1656,19.2173,19.2714,19.323,19.3771,19.4287,19.4828,19.5402,19.6144,19.6886,19.7517,19.8317,19.9259,20.0058,20.0632,20.1173,20.1747,20.2489,20.323,20.3862,20.4661,20.5661,20.6776,20.8149,20.9891,21.1632,21.3005,21.412,21.512,21.5919,21.6551,21.735,21.8292,21.9092,21.9723,22.0523,22.158,22.2953,22.4695,22.6378,22.7436,22.7809,22.7867,22.7867,22.7867,22.7809,22.7551,22.7068,22.6551,22.601,22.5494,22.4953,22.4436,22.3895,22.3321,22.2522,22.158,22.0781,22.0149,21.935,21.835,21.735,21.6551,21.5919,21.512,21.4178,21.3379,21.2747,21.1948,21.1006,21.0206,20.9632,20.9091,20.8517,20.7776,20.7034,20.646,20.5919,20.5403,20.4862,20.4288,20.3488,20.2546,20.1747,20.1115,20.0374,19.9632,19.9,19.8259,19.7517,19.6886,19.6144,19.5402,19.4828,19.4345,19.4087,19.4029,19.4029,19.4029,19.3972,19.3713,19.3288,19.2972,19.2656,19.223,19.1914,19.1598,19.1173,19.0915,19.0857,19.0857,19.0857,19.0857,19.0857

Brightness max : 460.29
Brightness min : 267.00
Feature direction : Ambiguous
Feature speed : Slow
Feature type : Curve
Start frame : 1
End frame : 117
Start time (s) : 0.000
End time (s) : 482.010
Time step (s) : 4.155

Feature number : 7

Time (s) : 134.0187,134.15,134.4581,134.8496,135.1817,135.4202,135.645,135.8596,136.0844,136.299,136.4999,136.6072,136.6551,136.7624,136.9393,137.0705,137.2017,137.3787,137.5099,137.6411,137.818,137.9493,138.0805,138.2574,138.3647,138.3887,138.3887,138.3887,138.3887,138.4126,138.5199,138.7208,138.9354,139.1602,139.3987,139.7308,140.1462,140.5856,141.025,141.4644,141.9038,142.3432,142.7826,143.222,143.6613,144.1007,144.5401,144.9795,145.4189,145.8343,146.1664,146.405,146.6298,146.8683,147.2004,147.6158,148.0313,148.3394

Position (um) : 2.2136,2.2084,2.2029,2.1972,2.1916,2.1859,2.1804,2.1746,2.1691,2.1633,2.1572,2.1487,2.1386,2.1295,2.12,2.1075,2.0968,2.0895,2.0816,2.0737,2.0669,2.059,2.0511,2.0444,2.0358,2.0252,2.0139,2.0026,1.9913,1.98,1.9687,1.9581,1.9496,1.9434,1.9383,1.9355,1.9349,1.9349,1.9349,1.9349,1.9349,1.9349,1.9349,1.9349,1.9343,1.9315,1.927,1.9242,1.9236,1.9242,1.927,1.9321,1.9377,1.9428,1.9456,1.9462,1.9462,1.9462

Intensity : 325.4976,325.4795,325.1065,324.5401,324.0501,323.7395,323.4265,323.1221,322.7643,322.4153,322.086,322.0239,322.1344,322.2502,322.4027,322.8751,323.3052,323.4751,323.7444,323.9998,324.0826,324.3084,324.5202,324.556,324.8238,325.51,326.8295,328.1489,329.4683,330.7231,331.7362,332.3762,332.6885,332.6675,332.4696,331.6974,330.4272,329.0177,327.6081,326.922,327.2251,327.5281,327.8312,328.1342,328.4925,329.0461,329.769,330.3353,330.7066,330.5667,330.2359,329.7098,329.16,328.6451,328.3345,328.2034,328.1274,328.071

Time pixel : 32.2528,32.2844,32.3585,32.4528,32.5327,32.5901,32.6442,32.6958,32.7499,32.8016,32.8499,32.8757,32.8873,32.9131,32.9557,32.9872,33.0188,33.0614,33.093,33.1246,33.1671,33.1987,33.2303,33.2729,33.2987,33.3045,33.3045,33.3045,33.3045,33.3102,33.3361,33.3844,33.436,33.4901,33.5475,33.6275,33.7274,33.8332,33.9389,34.0447,34.1504,34.2562,34.3619,34.4676,34.5734,34.6791,34.7849,34.8906,34.9964,35.0963,35.1763,35.2337,35.2878,35.3452,35.4251,35.5251,35.625,35.6992

Position pixel : 20.746,20.6977,20.646,20.5919,20.5403,20.4862,20.4345,20.3804,20.3288,20.2747,20.2173,20.1374,20.0431,19.9575,19.8685,19.7517,19.6517,19.5828,19.5087,19.4345,19.3713,19.2972,19.223,19.1598,19.0799,18.9799,18.8742,18.7685,18.6627,18.557,18.4512,18.3512,18.2713,18.2139,18.1656,18.1398,18.134,18.134,18.134,18.134,18.134,18.134,18.134,18.134,18.1282,18.1024,18.0598,18.034,18.0283,18.034,18.0598,18.1082,18.1598,18.2082,18.234,18.2397,18.2397,18.2397

Brightness max : 460.29
Brightness min : 267.00
Feature direction : Ambiguous
Feature speed : Slow
Feature type : Curve
Start frame : 1
End frame : 117
Start time (s) : 0.000
End time (s) : 482.010
Time step (s) : 4.155

Feature number : 8

Time (s) : 254.4114,254.5426,254.8508,255.2662,255.7056,256.145,256.5844,256.9998,257.3319,257.5944,257.9265,258.3419,258.7813,259.2207,259.6601,260.0995,260.5389,260.9783,261.4177,261.857,262.2964,262.7358,263.1752,263.6146,264.0301,264.3621,264.6246,264.9328,265.2409,265.5034,265.8116,266.1197,266.3822,266.6903,266.9985,267.261,267.5931,268.0085,268.4479,268.8633,269.1954,269.4579,269.79,270.2054,270.6448,271.0842,271.4997,271.8318,272.0942,272.4024,272.7105,272.9491,273.1499

Position (um) : 6.7673,6.7725,6.778,6.7831,6.7859,6.7865,6.7865,6.7871,6.7899,6.7944,6.7972,6.7978,6.7978,6.7978,6.7978,6.7978,6.7978,6.7978,6.7978,6.7978,6.7978,6.7978,6.7978,6.7978,6.7984,6.8011,6.8057,6.8091,6.8124,6.817,6.8203,6.8237,6.8283,6.8316,6.835,6.8395,6.8423,6.8429,6.8429,6.8423,6.8395,6.835,6.8316,6.8283,6.8231,6.8176,6.8118,6.8063,6.8011,6.7978,6.7944,6.7899,6.7871

Intensity : 317.1766,317.1297,317.2499,317.5029,317.8656,318.2936,318.7385,319.1458,319.4277,319.6116,319.9626,320.465,321.0072,321.5494,322.0916,322.6339,323.1761,323.7183,324.2605,324.9045,326.0369,327.1693,328.3017,329.4341,330.5137,331.4119,332.1621,333.0174,333.8773,334.6431,335.5129,336.1376,336.5292,336.6884,336.7679,336.6651,336.7556,337.1066,337.5374,338.0136,338.665,339.4869,340.2802,340.9387,340.8218,340.7291,340.6744,340.6756,340.716,340.6567,340.602,340.6479,340.6428

Time pixel : 61.2264,61.2579,61.3321,61.4321,61.5378,61.6436,61.7493,61.8493,61.9292,61.9924,62.0723,62.1723,62.278,62.3838,62.4895,62.5953,62.701,62.8067,62.9125,63.0182,63.124,63.2297,63.3355,63.4412,63.5412,63.6211,63.6843,63.7584,63.8326,63.8958,63.9699,64.0441,64.1072,64.1814,64.2556,64.3187,64.3987,64.4986,64.6044,64.7044,64.7843,64.8474,64.9274,65.0273,65.1331,65.2388,65.3388,65.4187,65.4819,65.5561,65.6302,65.6876,65.736

Position pixel : 63.4236,63.4719,63.5235,63.5719,63.5977,63.6035,63.6035,63.6092,63.635,63.6776,63.7034,63.7092,63.7092,63.7092,63.7092,63.7092,63.7092,63.7092,63.7092,63.7092,63.7092,63.7092,63.7092,63.7092,63.715,63.7408,63.7834,63.8149,63.8465,63.8891,63.9207,63.9523,63.9949,64.0264,64.058,64.1006,64.1264,64.1322,64.1322,64.1264,64.1006,64.058,64.0264,63.9949,63.9465,63.8949,63.8408,63.7891,63.7408,63.7092,63.6776,63.635,63.6092

Brightness max : 460.29
Brightness min : 267.00
Feature direction : Ambiguous
Feature speed : Slow
Feature type : Curve
Start frame : 1
End frame : 117
Start time (s) : 0.000
End time (s) : 482.010
Time step (s) : 4.155

Feature number : 9

Time (s) : 105.5657,105.7666,105.9812,106.206,106.4206,106.6453,106.8599,107.0847,107.2993,107.5241,107.7387,107.9396,108.0708,108.2021,108.4029,108.6175,108.8184,108.9257,108.9735,109.0808,109.2577,109.389,109.5202,109.7211,109.9596,110.2678,110.5759,110.8144,111.0392,111.2778,111.6099,112.0253,112.4647,112.9041,113.3435,113.7829,114.2223,114.6377,114.9698,115.2323,115.5644,115.9559,116.288,116.5505,116.8586,117.1667,117.4292,117.7374,118.0455,118.308,118.6162,118.9482,119.318,119.8031,120.2185,120.481,120.7058,120.9204,121.1452,121.3837,121.7158,122.1313,122.5707,123.01,123.4494,123.8888,124.3282,124.7676,125.207,125.6464,126.0858,126.5252,126.9885,127.5352,128.1515,128.6982,129.1376,129.4696,129.7082,129.933,130.1476,130.3724,130.6109,130.943,131.3345,131.6666,131.9291,132.2851,132.7839,133.2929,133.6627,133.9948,134.3029,134.5654,134.8736,135.1817,135.4202,135.645,135.8596,136.0844,136.323,136.6311,136.9393,137.2017,137.5338,137.9493,138.3647,138.6729

Position (um) : 7.2485,7.2457,7.2406,7.235,7.2293,7.2231,7.2146,7.204,7.1927,7.1814,7.1701,7.1588,7.1475,7.1363,7.125,7.1137,7.1024,7.0911,7.0798,7.0686,7.0573,7.046,7.0335,7.0167,6.9939,6.966,6.936,6.9164,6.9072,6.8987,6.8886,6.8801,6.8734,6.8649,6.8542,6.8435,6.8344,6.8249,6.8118,6.7984,6.7865,6.7752,6.7639,6.7526,6.7414,6.7301,6.7194,6.7109,6.7041,6.6962,6.6883,6.6816,6.673,6.6624,6.6517,6.6432,6.6371,6.6313,6.6252,6.616,6.6014,6.5794,6.5529,6.5276,6.5038,6.4785,6.4514,6.4267,6.4062,6.3882,6.369,6.3498,6.3312,6.308,6.2788,6.2495,6.227,6.2117,6.1998,6.1891,6.18,6.1705,6.1568,6.1394,6.1174,6.0943,6.0769,6.0644,6.0531,6.0424,6.0345,6.0305,6.0272,6.0226,6.0193,6.0159,6.0107,6.0052,5.9995,5.9939,5.9888,5.9854,5.982,5.9769,5.9714,5.9656,5.9601,5.9549

Intensity : 313.6849,314.0592,314.5231,314.9964,315.4477,315.9047,316.3952,316.9262,317.4288,317.9083,318.3446,318.7374,318.9579,318.674,318.3357,317.9682,317.5884,317.2575,316.9628,316.6131,316.1902,315.7925,315.5486,315.3333,315.1152,314.905,314.7769,315.2012,315.4386,315.7091,316.1065,316.5504,316.7904,317.0233,317.4014,317.8218,318.199,318.5367,318.862,319.1999,319.4527,319.6483,319.847,320.0435,320.2124,320.3813,320.4288,320.1206,319.8459,319.5713,319.2747,318.9885,318.6507,318.2172,317.8173,317.5311,317.0727,316.6344,316.1983,315.7342,314.9907,314.2245,313.7116,313.5637,313.7284,313.9933,314.3727,314.7443,314.9392,315.0614,315.2124,315.4395,315.7444,316.2199,316.6569,316.9329,316.8938,316.8078,316.762,316.7292,316.6499,316.5824,316.5272,316.499,316.5357,316.6433,316.6797,316.6176,316.6619,316.6098,316.5373,316.5095,316.4954,316.4872,316.4928,316.5078,316.5301,316.563,316.6068,316.6621,316.7291,316.8085,316.8972,316.8895,316.3664,315.6645,314.9824,314.4468

Time pixel : 25.4053,25.4537,25.5053,25.5594,25.6111,25.6652,25.7168,25.7709,25.8225,25.8766,25.9283,25.9766,26.0082,26.0398,26.0881,26.1398,26.1881,26.2139,26.2255,26.2513,26.2938,26.3254,26.357,26.4054,26.4628,26.5369,26.6111,26.6685,26.7226,26.78,26.8599,26.9599,27.0656,27.1714,27.2771,27.3829,27.4886,27.5886,27.6685,27.7317,27.8116,27.9058,27.9857,28.0489,28.1231,28.1972,28.2604,28.3345,28.4087,28.4719,28.546,28.626,28.7149,28.8317,28.9317,28.9948,29.0489,29.1006,29.1547,29.2121,29.292,29.392,29.4977,29.6035,29.7092,29.8149,29.9207,30.0264,30.1322,30.2379,30.3437,30.4494,30.5609,30.6925,30.8408,30.9724,31.0781,31.158,31.2154,31.2695,31.3212,31.3753,31.4327,31.5126,31.6068,31.6867,31.7499,31.8356,31.9556,32.0781,32.1671,32.247,32.3212,32.3844,32.4585,32.5327,32.5901,32.6442,32.6958,32.7499,32.8073,32.8815,32.9557,33.0188,33.0987,33.1987,33.2987,33.3729

Position pixel : 67.9332,67.9073,67.859,67.8074,67.7533,67.6959,67.6159,67.516,67.4102,67.3045,67.1987,67.093,66.9872,66.8815,66.7758,66.67,66.5643,66.4585,66.3528,66.247,66.1413,66.0356,65.9183,65.7609,65.547,65.2863,65.0045,64.8213,64.7351,64.6551,64.5609,64.481,64.4178,64.3379,64.2379,64.1379,64.0523,63.9633,63.8408,63.715,63.6035,63.4977,63.392,63.2862,63.1805,63.0747,62.9748,62.8948,62.8317,62.7575,62.6834,62.6202,62.5403,62.4403,62.3403,62.2604,62.203,62.1489,62.0915,62.0058,61.8685,61.6627,61.4144,61.1771,60.9541,60.7168,60.4628,60.2312,60.0398,59.8709,59.691,59.5111,59.3364,59.1192,58.845,58.5709,58.3594,58.2163,58.1048,58.0049,57.9192,57.8302,57.7019,57.5388,57.333,57.1163,56.9532,56.8359,56.7302,56.6302,56.556,56.5187,56.4871,56.4445,56.4129,56.3814,56.333,56.2814,56.2273,56.1756,56.1273,56.0957,56.0641,56.0158,55.9642,55.9101,55.8584,55.8101

Brightness max : 460.29
Brightness min : 267.00
Feature direction : Ambiguous
Feature speed : Slow
Feature type : Curve
Start frame : 1
End frame : 117
Start time (s) : 0.000
End time (s) : 482.010
Time step (s) : 4.155

Feature number : 10

Time (s) : 144.5401,144.5401,144.5641,144.6714,144.8483,144.9556,145.0035,145.1108,145.2877,145.4189,145.5501,145.751,145.9895,146.3216,146.7371,147.1765,147.5919,147.924,148.1625,148.3873,148.6019,148.8267,149.0653,149.3973,149.7889,150.1209,150.3595,150.5843,150.7989,150.9997,151.131,151.2861,151.5703,151.8546,152.0097,152.141,152.3418,152.5564,152.7573,152.8646

Position (um) : 6.7035,6.6956,6.6849,6.6737,6.6624,6.6511,6.6398,6.6285,6.6172,6.6066,6.5981,6.5913,6.5828,6.5721,6.5608,6.5502,6.5416,6.5355,6.5297,6.5242,6.5185,6.5129,6.5072,6.5011,6.4925,6.4825,6.4739,6.4678,6.462,6.4559,6.448,6.4401,6.4334,6.4248,6.4148,6.4062,6.3995,6.391,6.3809,6.373

Intensity : 308.6385,309.0938,309.7272,310.4774,311.3204,312.1213,312.8714,313.71,314.6698,315.3079,315.9342,316.683,317.6004,318.8453,320.3418,321.8951,323.3172,324.4357,325.3047,326.1324,326.9506,327.7895,328.5449,329.14,328.7501,327.5207,326.6343,325.909,325.2481,324.6325,324.13,323.606,322.9082,322.2156,321.7549,321.3923,320.9001,320.199,319.5045,319.0529

Time pixel : 34.7849,34.7849,34.7906,34.8165,34.859,34.8848,34.8964,34.9222,34.9648,34.9964,35.0279,35.0763,35.1337,35.2136,35.3136,35.4193,35.5193,35.5992,35.6566,35.7107,35.7624,35.8165,35.8739,35.9538,36.048,36.1279,36.1853,36.2394,36.2911,36.3394,36.371,36.4084,36.4768,36.5452,36.5825,36.6141,36.6624,36.7141,36.7624,36.7882

Position pixel : 62.8259,62.7518,62.6518,62.546,62.4403,62.3345,62.2288,62.1231,62.0173,61.9173,61.8374,61.7742,61.6943,61.5943,61.4886,61.3886,61.3087,61.2513,61.1972,61.1456,61.0915,61.0398,60.9857,60.9283,60.8484,60.7542,60.6742,60.6168,60.5627,60.5053,60.4312,60.357,60.2938,60.2139,60.1197,60.0398,59.9766,59.8967,59.8025,59.7283

Brightness max : 460.29
Brightness min : 267.00
Feature direction : Ambiguous
Feature speed : Slow
Feature type : Curve
Start frame : 1
End frame : 117
Start time (s) : 0.000
End time (s) : 482.010
Time step (s) : 4.155

Feature number : 11

Time (s) : 337.8714,337.8714,337.8714,337.8714,337.8953,338.0026,338.2035,338.442,338.7981,339.3208,339.9371,340.4598,340.8159,341.0544,341.2792,341.5177,341.8259,342.1101,342.2653,342.4205,342.7047,342.9889,343.1201,343.1441,343.1441,343.1441,343.1441,343.1441,343.1441,343.1441,343.168,343.2753,343.4522,343.5595,343.6074,343.7147,343.8916,343.9989,344.0468,344.1541,344.331,344.4383

Position (um) : 6.9405,6.9319,6.9185,6.9027,6.8886,6.8768,6.8655,6.8542,6.8411,6.8215,6.796,6.7737,6.756,6.742,6.7301,6.7194,6.7109,6.7041,6.695,6.6803,6.6584,6.6319,6.6072,6.5874,6.5715,6.5529,6.527,6.5011,6.4831,6.4706,6.4593,6.448,6.4367,6.4248,6.4108,6.395,6.3809,6.369,6.3577,6.3465,6.3358,6.3279

Intensity : 312.1089,312.5248,313.0835,313.7423,314.3024,314.6717,314.8693,314.9631,314.8745,314.4443,313.6453,312.9737,312.4858,312.0847,311.7186,311.3312,310.7895,310.2935,310.1189,310.0507,309.8898,309.874,310.0852,310.3079,310.5192,310.7671,311.1114,311.3546,311.3546,311.3546,311.3085,311.1019,310.7613,310.5548,310.4626,310.1055,309.4731,309.0248,308.7033,308.2773,307.7455,307.3986

Time pixel : 81.3118,81.3118,81.3118,81.3118,81.3175,81.3433,81.3917,81.4491,81.5348,81.6606,81.8089,81.9347,82.0204,82.0778,82.1319,82.1893,82.2634,82.3318,82.3692,82.4065,82.4749,82.5433,82.5749,82.5807,82.5807,82.5807,82.5807,82.5807,82.5807,82.5807,82.5864,82.6123,82.6548,82.6807,82.6922,82.718,82.7606,82.7864,82.7979,82.8237,82.8663,82.8921

Position pixel : 65.0465,64.9666,64.8408,64.6925,64.5609,64.4494,64.3437,64.2379,64.1149,63.9317,63.6925,63.4834,63.3178,63.1863,63.0747,62.9748,62.8948,62.8317,62.746,62.6087,62.4029,62.1546,61.9231,61.7374,61.5886,61.4139,61.1714,60.9288,60.7599,60.6427,60.5369,60.4312,60.3254,60.2139,60.0824,59.934,59.8025,59.691,59.5852,59.4795,59.3795,59.3053

Brightness max : 460.29
Brightness min : 267.00
Feature direction : Ambiguous
Feature speed : Slow
Feature type : Curve
Start frame : 1
End frame : 117
Start time (s) : 0.000
End time (s) : 482.010
Time step (s) : 4.155

