KYMOANALYSIS DATA

General Information :

Tiff path : G:\My Drive\microtubule dynamics and cut7\21-15 screens and tests\cut11-7\21-07-12&22 (cut11-7, cut7-3GFP, Klp5D, mts)\
Spindle type : Monopolar
Start frame : 1
End frame : 71
Start time (s) : 0.000
End time (s) : 599.390
Time step (s) : 8.563
Num poles : 1
Num tracks : 10
Num tracks poleward : 0
Num tracks antipoleward : 0
Num tracks ambiguous : 10
Comments : {

}
Poles Information :


Pole number : 1

Time (s) : 10.12166,10.50485,11.02147,11.59763,12.27745,13.0736,13.88685,14.683,15.36282,15.93898,16.51514,17.19496,17.96134,18.64116,19.24709,19.92691,20.69329,21.37311,21.94927,22.52544,23.20525,23.97163,24.65145,25.22761,25.774,26.35017,27.02999,27.85591,28.86213,30.20467,31.7843,33.39369,34.83989,35.96244,36.89478,37.98756,39.27056,40.52654,41.78252,43.12506,44.45493,45.66404,46.67026,47.62961,48.55919,49.40221,50.22813,51.04138,51.8673,52.71032,53.66967,54.70291,55.66226,56.53505,57.52418,58.75039,60.22636,61.77621,63.11875,64.21429,65.55959,67.55217,70.03161,72.57058,74.91935,77.16445,79.45367,81.75556,83.98799,86.28988,88.54933,90.63123,92.62658,94.75259,96.89128,98.90373,101.0722,103.3316,105.5172,107.48,109.0155,110.2743,111.8098,113.713,115.602,117.3178,119.0733,120.8459,122.6483,124.4776,126.1168,127.5955,129.2049,130.9009,132.4833,134.182,136.1746,138.3304,140.4862,142.5681,144.7266,147.2656,150.0246,152.7295,155.6246,158.6477,161.1128,163.0541,165.4453,168.5153,171.7467,174.852,178.0537,181.139,184.0369,187.1223,190.1751,192.5834,194.6411,197.2694,200.5891,203.954,207.089,210.3204,213.5392,216.6571,219.8759,222.9585,225.3371,227.2315,229.4469,232.1463,234.7591,236.841,238.5127,240.3449,242.5277,244.6835,246.6788,248.731,250.8867,253.0128,254.9017,256.4543,257.7968,258.8896,259.822,260.9445,262.3907,263.9703,265.4761,266.8953,268.3712,269.8472,271.2664,272.7424,274.2481,275.8007,277.5264,279.2693,280.968,282.7406,284.6295,286.5058,288.2315,289.6209,290.8328,292.252,294.1111,296.2074,298.2893,300.418,302.7938,305.1994,307.4616,309.7932,312.1861,314.488,316.587,318.6391,320.6913,322.82,325.166,327.4679,329.6733,332.2548,335.1345,338.0125,340.8509,343.9363,347.0784,349.9168,352.6785,355.4673,358.0829,360.5182,362.7038,364.6991,366.6917,368.5211,369.9403,371.1521,372.5713,374.4305,376.5565,378.6825,380.6012,382.3468,384.2059,386.0651,387.8107,389.6996,391.6624,393.435,394.9408,396.1968,397.3193,398.4121,399.5039,400.5952,401.6865,402.7778,403.869,404.9901,406.2148,407.526,408.7804,410.0647,411.5689,413.3101,415.1678,416.8793,418.2798,419.5072,421.0114,422.8392,424.7138,426.4678,428.0188,429.5527,431.1605,432.7385,434.0794,435.1436,436.2645,437.5161,438.637,439.6713,440.849,442.014,443.0014,443.8725,444.8599,446.0547,447.3657,448.5902,449.711,450.802,451.9228,453.1472,454.4582,455.6826,456.8033,457.8943,458.9852,460.0761,461.167,462.2579,463.3488,464.4694,465.6937,467.0343,468.4217,469.9255,471.5329,473.17,474.8071,476.4443,478.0814,479.6589,481.0291,482.2262,483.5963,485.1738,486.7512,488.0618,488.9622,489.7291,490.6266,491.5539,492.4245,493.3815,494.4422,495.5326,496.6529,497.9362,499.6028,501.6967,503.8473,505.5138,506.8297,508.4962,510.617,512.6369,514.4098,516.2962,518.2268,519.923,521.5029,523.1964,524.833,526.4129,528.1064,529.7133,531.1299,532.47,533.7235,534.9472,536.0943,536.9646,537.7611,538.8812,540.4584,542.2854,544.0556,545.7222,547.3888,549.1293,550.823,552.2101,553.3304,554.2876,555.1582,556.1452,557.3395,558.6205,559.7112,560.6416,561.792,563.3399,565.0341,566.5849,568.1187,569.6966,571.2305,572.8113,574.7285,577.0162,579.5538,582.1212,584.6617,587.3925,590.2837,593.0146,595.5256,597.9302,600.1446,602.3024,604.603,606.5255,607.4509,607.666,607.6805,607.6801,607.6799,607.6797,607.6796,607.6795

Position (um) : 1.2004,1.2001,1.1984,1.1957,1.194,1.1936,1.1936,1.1936,1.1936,1.1936,1.1936,1.1936,1.1936,1.1936,1.1936,1.1936,1.1936,1.1936,1.1936,1.1936,1.1936,1.1936,1.1936,1.1936,1.1936,1.1936,1.1936,1.1933,1.1916,1.1889,1.1868,1.1848,1.1821,1.18,1.178,1.1752,1.1732,1.1712,1.1681,1.1647,1.1616,1.1596,1.1576,1.1548,1.1528,1.1508,1.148,1.1464,1.146,1.146,1.1456,1.1439,1.1412,1.1395,1.1388,1.1371,1.1344,1.1324,1.1303,1.1272,1.1239,1.1204,1.1171,1.1136,1.1103,1.1072,1.1055,1.1051,1.1051,1.1051,1.1051,1.1051,1.1051,1.1051,1.1051,1.1051,1.1051,1.1051,1.1051,1.1051,1.1051,1.1051,1.1051,1.1051,1.1051,1.1051,1.1051,1.1051,1.1051,1.1051,1.1051,1.1051,1.1051,1.1051,1.1051,1.1051,1.1051,1.1051,1.1051,1.1051,1.1051,1.1051,1.1051,1.1051,1.1051,1.1051,1.1051,1.1051,1.1051,1.1051,1.1051,1.1048,1.1031,1.1004,1.0987,1.0983,1.0983,1.0983,1.0983,1.0983,1.0983,1.0983,1.0983,1.0983,1.0983,1.0983,1.0983,1.0983,1.0983,1.0983,1.0983,1.0983,1.0983,1.0983,1.0983,1.0983,1.0983,1.0983,1.0983,1.0983,1.0983,1.0983,1.0983,1.0983,1.0983,1.0983,1.0983,1.0983,1.0983,1.0983,1.0983,1.0983,1.0983,1.0979,1.0963,1.0935,1.0919,1.0911,1.0895,1.0864,1.083,1.0799,1.0779,1.0759,1.0731,1.0715,1.0711,1.0711,1.0707,1.0691,1.0663,1.0646,1.0639,1.0622,1.0595,1.0578,1.0571,1.0554,1.0527,1.051,1.0507,1.0507,1.0507,1.0507,1.0507,1.0507,1.0507,1.0507,1.0507,1.0507,1.051,1.0531,1.0575,1.0619,1.0639,1.0643,1.0643,1.0643,1.0643,1.0643,1.0643,1.0643,1.0643,1.0643,1.0643,1.0643,1.0646,1.0663,1.0691,1.0707,1.0711,1.0711,1.0711,1.0711,1.0711,1.0711,1.0711,1.0711,1.0713,1.0716,1.072,1.0723,1.0727,1.073,1.0733,1.0733,1.072,1.0696,1.0679,1.0662,1.0638,1.0625,1.0625,1.0625,1.0612,1.0588,1.0571,1.0554,1.0527,1.0497,1.047,1.0457,1.0453,1.044,1.0416,1.0403,1.0403,1.0407,1.0411,1.0415,1.0418,1.0422,1.0426,1.043,1.043,1.0417,1.0394,1.0381,1.0382,1.0382,1.0369,1.0346,1.0334,1.033,1.0318,1.0295,1.0282,1.0279,1.0267,1.0244,1.0231,1.0228,1.0216,1.019,1.0161,1.0134,1.0119,1.0103,1.008,1.0064,1.0049,1.0026,1.0011,0.99953,0.99728,0.99611,0.99587,0.99471,0.99248,0.99133,0.9911,0.98996,0.98774,0.98623,0.98473,0.98215,0.97936,0.97679,0.97529,0.97381,0.97161,0.97013,0.96828,0.96443,0.96058,0.95874,0.95726,0.95508,0.95398,0.95418,0.95474,0.95531,0.95624,0.95847,0.96177,0.964,0.96493,0.96549,0.96605,0.9666,0.96716,0.96771,0.96862,0.97083,0.97411,0.97668,0.97924,0.9825,0.98468,0.98556,0.98607,0.98657,0.98706,0.98754,0.98801,0.98848,0.98893,0.98938,0.98981,0.99024,0.99065,0.99106,0.99145,0.99183,0.9922,0.99255,0.9929,0.99285,0.99151,0.98869,0.98565,0.98244,0.979,0.97447,0.97029,0.96847,0.96829,0.96884,0.97067,0.97392,0.97775,0.98301,0.98954,0.99605,1.0013,1.005,1.0081,1.0098

Intensity : 830.1761,830.2517,830.4553,830.7694,831.0145,831.1648,831.2838,831.4003,831.4997,831.584,831.6683,831.6017,829.8845,828.3612,827.0034,825.4801,823.7628,822.2395,820.9485,819.6575,818.1342,816.4169,814.8936,813.6026,812.5443,812.3676,812.1591,811.9492,811.8308,811.7199,811.4396,811.1355,807.1582,799.8243,793.8214,786.8965,778.5962,770.3202,762.1631,755.2333,754.0085,752.9234,752.126,751.5443,750.9635,750.5234,750.287,749.9189,748.8003,747.229,745.521,743.9637,742.8007,741.5724,739.9296,738.079,737.4358,742.5122,746.8976,750.6954,755.1522,761.3303,767.7615,773.827,779.5414,785.1593,792.6093,799.8843,806.8673,814.6094,823.5239,831.738,839.6106,845.816,845.9585,846.0926,846.2371,847.5181,851.93,855.8923,858.992,861.533,864.6368,868.4949,872.3239,875.802,879.3606,886.5954,897.0301,907.6212,917.1111,925.6721,932.9497,938.2415,943.1788,948.4792,954.6964,961.2122,967.5962,973.7615,980.1538,983.1501,983.9784,984.7905,982.5521,977.1791,972.7978,967.3395,949.846,927.3871,905.8414,896.49,887.4495,876.5776,862.3432,846.5259,847.7918,858.2164,867.1232,875.5076,859.4946,843.2635,832.311,825.2307,818.1783,803.4456,786.5708,772.7764,777.4682,781.2052,785.5751,789.0261,789.0428,789.0561,789.0668,789.7177,792.1007,794.4543,796.6326,797.5386,792.9142,788.3535,784.3015,780.9709,780.6648,781.393,782.0144,782.7625,783.7263,784.779,785.8395,789.32,792.9398,796.5388,799.9258,803.3915,807.281,812.9191,819.1573,825.4206,831.55,838.6144,852.3886,866.0951,878.7158,888.9022,897.8004,899.9449,899.8668,899.8746,899.555,901.5037,910.9432,919.8363,927.2939,917.0617,897.3255,877.6855,858.9478,854.4797,852.6047,850.9204,849.0642,834.6394,819.5617,801.9133,795.2429,807.0857,818.7651,818.1477,802.0206,788.599,785.3066,787.4436,787.8828,788.7707,791.611,794.204,796.7935,800.5656,808.5127,815.2988,823.2459,833.6567,845.5618,849.1171,851.7219,854.8101,857.3646,856.4691,851.3911,845.9352,840.266,835.1461,826.1157,816.9198,808.7008,800.6998,792.7079,784.7271,776.7528,767.6438,755.9043,743.8409,730.6576,716.5325,703.0068,689.1708,673.0609,654.3163,633.9494,615.5678,600.8169,587.8901,583.351,578.4115,573.5327,569.0125,564.9429,564.0817,563.4387,562.927,562.5663,562.1446,561.5447,560.1062,558.5354,557.1335,555.527,553.9348,552.589,551.4041,550.0524,546.5929,541.7485,537.119,532.812,528.7206,524.6153,520.1299,518.4249,519.9628,521.4327,522.8971,524.3662,525.8676,527.3944,528.92,531.1292,533.5284,536.1166,538.9183,541.8574,545.1111,550.2422,558.4053,566.5374,574.6916,582.9232,590.4285,593.5604,596.3921,599.5535,603.186,606.9104,609.9436,609.9304,610.0052,610.2013,610.2742,610.2428,610.3202,610.5318,610.6604,610.809,612.3398,614.344,616.8326,619.2695,620.3209,618.1396,615.1035,611.2621,608.1723,607.5295,609.248,610.9589,612.4209,613.8592,614.2723,613.5771,612.8992,612.174,611.5051,611.6713,617.0014,622.2949,627.5561,632.4757,636.1688,639.5339,644.3289,648.7271,651.9975,654.8767,657.7626,660.678,664.6697,669.4317,673.5765,676.9815,679.8789,682.5094,685.5126,689.8792,694.9905,699.3196,702.9903,707.5503,713.7181,720.4704,723.4024,726.0653,728.8056,731.4636,734.2048,733.6689,729.1643,724.6447,720.6369,718.507,716.0548,713.1754,709.2385,705.2889,700.9713,697.6736,696.2437,694.4091,692.4287,690.8971,689.4362,687.778,686.1334,684.8193,683.8754,683.0832,682.6613

Time pixel : 1.18206,1.22681,1.28715,1.35443,1.43383,1.52681,1.62178,1.71476,1.79415,1.86144,1.92873,2.00812,2.09762,2.17702,2.24778,2.32717,2.41667,2.49607,2.56335,2.63064,2.71003,2.79954,2.87893,2.94622,3.01003,3.07731,3.15671,3.25316,3.37068,3.52746,3.71194,3.8999,4.06879,4.19989,4.30877,4.43639,4.58623,4.73291,4.87959,5.03638,5.19169,5.33289,5.4504,5.56244,5.671,5.76946,5.86591,5.96089,6.05734,6.1558,6.26783,6.3885,6.50054,6.60247,6.71798,6.86119,7.03356,7.21456,7.37135,7.49929,7.6564,7.88911,8.17867,8.47518,8.74949,9.01168,9.27903,9.54786,9.80857,10.0774,10.3413,10.5844,10.8174,11.0657,11.3155,11.5505,11.8038,12.0676,12.3229,12.5521,12.7314,12.8784,13.0577,13.28,13.5006,13.701,13.906,14.113,14.3235,14.5372,14.7286,14.9013,15.0893,15.2873,15.4721,15.6705,15.9032,16.155,16.4067,16.6499,16.902,17.1985,17.5207,17.8366,18.1747,18.5277,18.8156,19.0423,19.3216,19.6801,20.0575,20.4202,20.7941,21.1544,21.4928,21.8532,22.2097,22.4909,22.7312,23.0382,23.4259,23.8188,24.185,24.5624,24.9383,25.3024,25.6783,26.0383,26.3161,26.5373,26.796,27.1113,27.4164,27.6596,27.8548,28.0688,28.3237,28.5755,28.8085,29.0481,29.2999,29.5482,29.7688,29.9501,30.1069,30.2345,30.3434,30.4745,30.6434,30.8279,31.0037,31.1695,31.3418,31.5142,31.68,31.8523,32.0282,32.2095,32.411,32.6146,32.813,33.02,33.2406,33.4597,33.6612,33.8235,33.965,34.1308,34.3479,34.5927,34.8358,35.0844,35.3619,35.6428,35.907,36.1793,36.4588,36.7276,36.9727,37.2124,37.4521,37.7007,37.9746,38.2435,38.501,38.8025,39.1388,39.4749,39.8064,40.1667,40.5337,40.8652,41.1877,41.5134,41.8189,42.1033,42.3585,42.5915,42.8242,43.0379,43.2036,43.3451,43.5109,43.728,43.9763,44.2246,44.4487,44.6525,44.8696,45.0868,45.2906,45.5112,45.7405,45.9475,46.1233,46.27,46.4011,46.5287,46.6562,46.7837,46.9111,47.0386,47.166,47.2969,47.44,47.5931,47.7396,47.8896,48.0652,48.2686,48.4855,48.6854,48.849,48.9923,49.168,49.3814,49.6004,49.8052,49.9863,50.1655,50.3532,50.5375,50.6941,50.8184,50.9493,51.0955,51.2264,51.3472,51.4847,51.6208,51.7361,51.8378,51.9531,52.0927,52.2458,52.3888,52.5197,52.6471,52.778,52.921,53.0741,53.2171,53.348,53.4754,53.6028,53.7302,53.8576,53.985,54.1124,54.2432,54.3862,54.5428,54.7048,54.8804,55.0682,55.2593,55.4505,55.6417,55.8329,56.0172,56.1772,56.317,56.477,56.6612,56.8454,56.9985,57.1036,57.1932,57.298,57.4063,57.508,57.6198,57.7436,57.871,58.0018,58.1517,58.3463,58.5908,58.842,59.0366,59.1903,59.3849,59.6326,59.8685,60.0755,60.2959,60.5213,60.7194,60.9039,61.1017,61.2928,61.4773,61.6751,61.8628,62.0282,62.1847,62.3311,62.474,62.608,62.7096,62.8026,62.9335,63.1177,63.331,63.5378,63.7324,63.927,64.1303,64.3281,64.4901,64.6209,64.7327,64.8344,64.9496,65.0891,65.2387,65.3661,65.4748,65.6091,65.7899,65.9877,66.1688,66.348,66.5322,66.7114,66.896,67.1199,67.3871,67.6834,67.9833,68.28,68.5989,68.9365,69.2554,69.5487,69.8295,70.0881,70.3401,70.6088,70.8333,70.9414,70.9665,70.9682,70.9682,70.9681,70.9681,70.9681,70.9681

Position pixel : 11.2507,11.2472,11.2316,11.2059,11.1904,11.1869,11.1869,11.1869,11.1869,11.1869,11.1869,11.1869,11.1869,11.1869,11.1869,11.1869,11.1869,11.1869,11.1869,11.1869,11.1869,11.1869,11.1869,11.1869,11.1869,11.1869,11.1869,11.1834,11.1678,11.1421,11.1231,11.104,11.0783,11.0593,11.0402,11.0145,10.9954,10.9764,10.9472,10.916,10.8869,10.8678,10.8488,10.8231,10.804,10.785,10.7593,10.7437,10.7402,10.7402,10.7367,10.7211,10.6954,10.6799,10.6729,10.6573,10.6316,10.6126,10.5935,10.5644,10.5332,10.5005,10.4694,10.4367,10.4056,10.3764,10.3608,10.3573,10.3573,10.3573,10.3573,10.3573,10.3573,10.3573,10.3573,10.3573,10.3573,10.3573,10.3573,10.3573,10.3573,10.3573,10.3573,10.3573,10.3573,10.3573,10.3573,10.3573,10.3573,10.3573,10.3573,10.3573,10.3573,10.3573,10.3573,10.3573,10.3573,10.3573,10.3573,10.3573,10.3573,10.3573,10.3573,10.3573,10.3573,10.3573,10.3573,10.3573,10.3573,10.3573,10.3573,10.3539,10.3383,10.3126,10.297,10.2935,10.2935,10.2935,10.2935,10.2935,10.2935,10.2935,10.2935,10.2935,10.2935,10.2935,10.2935,10.2935,10.2935,10.2935,10.2935,10.2935,10.2935,10.2935,10.2935,10.2935,10.2935,10.2935,10.2935,10.2935,10.2935,10.2935,10.2935,10.2935,10.2935,10.2935,10.2935,10.2935,10.2935,10.2935,10.2935,10.2935,10.2935,10.2901,10.2745,10.2488,10.2332,10.2262,10.2107,10.1815,10.1503,10.1212,10.1021,10.083,10.0573,10.0418,10.0383,10.0383,10.0348,10.0192,9.99354,9.97795,9.971,9.95542,9.92972,9.91414,9.90719,9.89161,9.86591,9.85033,9.84686,9.84686,9.84686,9.84686,9.84686,9.84686,9.84686,9.84686,9.84686,9.84686,9.85033,9.86939,9.91067,9.95194,9.971,9.97448,9.97448,9.97448,9.97448,9.97448,9.97448,9.97448,9.97448,9.97448,9.97448,9.97448,9.97795,9.99354,10.0192,10.0348,10.0383,10.0383,10.0383,10.0383,10.0383,10.0383,10.0383,10.0383,10.0402,10.0434,10.0466,10.0498,10.053,10.0562,10.0594,10.0592,10.0468,10.0244,10.0086,9.9928,9.97039,9.95809,9.95791,9.95774,9.94548,9.92312,9.9074,9.8917,9.8659,9.83811,9.81234,9.80016,9.79663,9.78449,9.76225,9.75014,9.75015,9.75365,9.75718,9.76072,9.76428,9.76786,9.77146,9.77509,9.77526,9.76334,9.74135,9.72948,9.72975,9.73004,9.71825,9.69638,9.68465,9.68157,9.6699,9.64815,9.63653,9.63358,9.62203,9.6004,9.58892,9.5861,9.57468,9.54972,9.52279,9.49789,9.48314,9.46843,9.44712,9.43248,9.41788,9.39669,9.38216,9.36767,9.34659,9.33565,9.33338,9.32251,9.30158,9.29079,9.28866,9.27794,9.25715,9.24302,9.22892,9.20475,9.17861,9.1545,9.14052,9.12657,9.10602,9.09212,9.07477,9.0387,9.00265,8.98535,8.97154,8.95112,8.94081,8.94261,8.9479,8.95319,8.96196,8.98283,9.0138,9.03466,9.0434,9.04864,9.05387,9.05908,9.06426,9.06941,9.07801,9.09867,9.12941,9.15347,9.17748,9.20808,9.22851,9.23677,9.2415,9.24616,9.25075,9.25527,9.25971,9.26407,9.26834,9.27252,9.27661,9.2806,9.28448,9.28827,9.29194,9.29551,9.29895,9.30228,9.30549,9.30509,9.29246,9.26611,9.23763,9.20753,9.17529,9.1328,9.09365,9.07656,9.0749,9.08005,9.09715,9.12767,9.16352,9.21279,9.27402,9.33508,9.38387,9.41892,9.44833,9.46399

Pole type : Curve
Start frame : 1
End frame : 71
Start time (s) : 0.000
End time (s) : 599.390
Time step (s) : 8.563

Feature Information :


Feature number : 1

Time (s) : 9.605045,10.15144,11.05124,12.08448,13.01406,13.72365,14.27004,14.683,15.0094,15.42236,15.93898,16.48537,17.03176,17.54838,17.99111,18.45094,19.08389,19.73394,20.28033,20.69329,21.04947,21.59586,22.33246,23.04205,23.75164,24.54779,25.42059,26.54314,27.95956,29.43553,30.85472,32.33069,33.83643,35.35927,36.98134,38.63761,40.36334,41.91319,43.09529,44.10151,45.14742,46.12387,47.11299,48.20577,49.46175,50.90795,52.35415,53.61013,54.73268,55.79569,56.72527,57.43486,58.01102,58.55741,59.1038,59.65019,60.22636,60.93595,61.8953,63.09174,64.4045,65.63071,66.75327,67.87582,69.07226,70.25159,71.25782,72.21717,73.14675,74.01954,75.00866,76.2051,77.51787,78.74408,79.92617,81.31558,82.952,84.45774,85.82013,87.41243,89.09572,90.57169,91.69424,92.65635,93.9421,95.74172,97.7343,99.69988,101.7222,103.7446,105.7102,107.7623,109.8883,111.9404,113.906,115.8986,117.6982,119.0435,120.2427,121.6718,123.1649,124.7302,126.4432,128.169,129.7216,131.2868,132.9999,134.7554,136.4414,138.2267,140.1327,142.1253,144.0143,145.7003,147.2926,148.6225,149.6116,150.351,151.0606,151.8567,152.6997,153.6293,154.5887,155.6246,156.9672,158.5468,160.2158,162.0181,164.0703,166.3595,168.765,171.084,173.3291,175.6779,178.2169,180.7261,182.9414,184.9367,186.9591,188.9219,190.5909,192.0398,193.5456,195.1252,196.6309,198.0799,199.6893,201.415,203.1606,205.1829,207.3658,209.3313,211.1635,212.9929,214.6916,216.4074,218.3531,220.2591,222.0615,223.817,225.5328,227.4217,229.3846,231.2167,232.9893,234.715,236.2974,237.9366,239.6325,241.1852,242.7207,244.3598,246.1324,247.9618,249.601,251.0202,252.3925,253.7819,255.2876,256.9268,258.6696,260.3954,261.948,263.5133,265.2263,266.9818,268.6976,270.5866,272.5792,274.5745,276.7601,279.1358,281.3953,283.3735,285.2525,287.3615,289.4875,291.3935,293.0453,294.5412,296.3264,298.3631,300.2521,301.8345,303.3997,305.1426,306.972,308.6111,310.0303,311.4026,312.7325,313.9714,315.111,316.3201,317.5463,318.8321,320.3081,321.9175,323.5864,325.359,327.2777,329.2576,331.0997,332.6253,334.3538,336.5068,338.5733,340.1088,341.2341,342.5496,344.3195,346.1489,347.7312,349.237,350.7129,352.1024,353.4449,354.6711,355.7937,356.9162,358.1424,359.4552,360.6814,361.8337,363.0599,364.3429,365.4059,366.1751,366.9144,367.844,368.907,369.9998,371.0926,372.2151,373.4413,374.7541,375.9803,377.1029,378.2254,379.4516,380.7644,382.0204,383.3061,384.7523,386.2283,387.6177,388.99,390.3794,391.8852,393.4946,395.104,396.6395,398.1921,399.9476,401.7941,403.5794,405.2654,406.9911,408.6005,410.0495,411.5255,413.0014,414.4206,415.8668,417.2093,418.4085,419.7511,421.1675,422.4235,423.5163,424.5352,425.7046,427.2969,429.1434,431.0621,432.9681,434.8273,436.4962,438.0786,439.7745,441.3542,442.6399,443.7327,444.6921,445.5648,446.5242,447.5872,448.68,449.7728,450.8655,451.9286,452.8879,453.7905,454.8832,456.1662,457.4222,458.7378,460.3769,462.3993,464.6587,466.8415,468.5105,469.8288,471.4977,473.621,475.6135,477.2257,478.7314,480.1776,481.4038,482.393,483.2658,484.2549,485.4811,486.9273,488.4033,489.8224,491.2984,492.7744,494.1638,495.4766,496.5693,497.5017,498.5945,499.8775,501.1334,502.4192,503.8952,505.4748,506.921,508.0733,509.1093,510.4077,512.2272,514.7193,517.5549,520.6133,524.0079,527.6866,531.5085,535.0366,538.2014,541.4329,544.5921,547.3836,549.8956,552.3011,554.4569,556.2593,557.765,559.0508,560.3068,561.6493,563.0685,564.7374,566.7598,569.0788,571.588,573.934,575.7661,577.3044,579.1366,581.4826,583.9322,586.0141,587.849,590.0644,592.8233,595.7626,598.5216,600.7071,602.3788,604.0478,605.8027,607.1524,607.7818

Position (um) : 2.9703,2.9683,2.9631,2.955,2.9455,2.9374,2.9319,2.9282,2.925,2.923,2.921,2.9179,2.9145,2.9111,2.9074,2.9022,2.8962,2.8914,2.889,2.8869,2.8835,2.8781,2.8706,2.8641,2.8593,2.8525,2.843,2.8325,2.8213,2.8113,2.8039,2.7973,2.792,2.7868,2.7821,2.7784,2.7753,2.7736,2.7732,2.7732,2.7732,2.7732,2.7732,2.7736,2.7756,2.78,2.7848,2.7889,2.7937,2.7984,2.8021,2.8052,2.8069,2.8073,2.8076,2.8093,2.8124,2.8157,2.8192,2.8229,2.8277,2.8325,2.8365,2.8413,2.8461,2.8498,2.8533,2.8566,2.8601,2.8634,2.8669,2.8702,2.8733,2.875,2.8757,2.8774,2.8801,2.8818,2.8822,2.8822,2.8822,2.8822,2.8822,2.8822,2.8822,2.8822,2.8822,2.8822,2.8822,2.8822,2.8822,2.8822,2.8822,2.8822,2.8822,2.8818,2.8801,2.8774,2.8754,2.8733,2.8702,2.8669,2.8634,2.8601,2.8566,2.8533,2.8502,2.8481,2.8461,2.843,2.8397,2.8365,2.8345,2.8325,2.8297,2.8281,2.8273,2.8257,2.8229,2.8209,2.8189,2.8157,2.8124,2.8089,2.8052,2.8005,2.7957,2.792,2.7885,2.7848,2.78,2.7753,2.7716,2.7681,2.7644,2.7596,2.7552,2.7528,2.7508,2.748,2.746,2.744,2.7412,2.7396,2.7392,2.7392,2.7392,2.7396,2.7412,2.7443,2.748,2.7532,2.7596,2.7664,2.7732,2.78,2.7865,2.792,2.7977,2.806,2.8161,2.8277,2.8389,2.8478,2.8546,2.8597,2.8638,2.8685,2.873,2.8754,2.8774,2.8801,2.8818,2.8825,2.8842,2.8869,2.8886,2.889,2.889,2.889,2.889,2.889,2.889,2.889,2.889,2.889,2.889,2.889,2.889,2.889,2.889,2.889,2.889,2.889,2.889,2.889,2.889,2.889,2.889,2.889,2.889,2.889,2.889,2.889,2.889,2.8886,2.8869,2.8842,2.8822,2.8801,2.8774,2.8754,2.8733,2.8702,2.8665,2.8614,2.8549,2.8485,2.8433,2.8393,2.8338,2.826,2.8181,2.8124,2.8065,2.7988,2.7909,2.7856,2.7813,2.776,2.7685,2.762,2.7576,2.7524,2.746,2.7396,2.7344,2.7303,2.7252,2.7188,2.7123,2.7072,2.7031,2.6983,2.6936,2.6899,2.6864,2.6831,2.6796,2.6762,2.6728,2.6694,2.666,2.6623,2.6571,2.651,2.6459,2.6422,2.6387,2.6354,2.6319,2.6286,2.6255,2.6238,2.6231,2.6214,2.6187,2.617,2.6166,2.6166,2.6166,2.6166,2.6166,2.6166,2.6166,2.6166,2.617,2.6187,2.6214,2.6231,2.6238,2.6255,2.6282,2.6302,2.6323,2.6354,2.6387,2.6422,2.6455,2.6486,2.6507,2.6527,2.6558,2.6591,2.6626,2.6663,2.6711,2.6759,2.6796,2.6831,2.6864,2.6895,2.6915,2.6936,2.6967,2.7004,2.7055,2.712,2.7184,2.7235,2.7272,2.7303,2.7327,2.7368,2.7443,2.7524,2.76,2.7688,2.7804,2.7933,2.8045,2.812,2.8185,2.8281,2.8389,2.8478,2.8549,2.8614,2.8665,2.8702,2.8733,2.875,2.8757,2.8774,2.8801,2.8822,2.8842,2.8869,2.889,2.891,2.8937,2.8954,2.8962,2.8978,2.9006,2.9022,2.903,2.9046,2.9074,2.909,2.9094,2.9094,2.9094,2.9094,2.9094,2.9098,2.9114,2.9142,2.9158,2.9162,2.9162,2.9162,2.9162,2.9162,2.9162,2.9166,2.9186,2.923,2.9278,2.9315,2.935,2.9387,2.9438,2.9503,2.9567,2.9615,2.9635,2.9639,2.9639,2.9639,2.9639,2.9639,2.9639,2.9639,2.9639,2.9639,2.9639,2.9635,2.9615,2.9571,2.9527,2.9503,2.9478,2.9434,2.939,2.937

Intensity : 381.7812,381.0175,379.814,378.5149,377.442,376.6735,376.0763,375.6186,375.2677,374.766,374.1256,373.4881,372.8659,372.0875,371.4428,370.8791,370.1279,369.3478,368.6288,368.121,367.8369,367.0909,365.7784,364.712,363.815,362.9624,362.2948,362.1888,362.3572,362.6319,362.926,363.2834,363.6581,368.2537,374.9462,381.8451,389.099,395.4388,399.5164,401.263,403.0785,404.7734,406.4903,408.4096,410.5102,412.7548,414.8345,416.474,417.7827,418.9331,419.9327,420.6347,421.2778,422.012,422.7435,423.3174,423.8933,424.8994,426.4736,428.636,431.1408,433.6574,436.1329,438.7643,439.8333,438.7903,437.8468,436.8972,435.926,434.9678,433.8368,432.4341,431.325,431.1902,431.1128,431.0338,430.9964,430.7286,429.5188,420.4267,410.8151,402.3873,395.9775,390.4838,383.1421,378.4803,374.3109,370.198,365.9663,363.1208,361.7543,360.3277,358.8498,356.7661,353.3337,349.8885,346.815,344.4353,343.4525,345.3982,347.3908,349.4453,351.6594,353.8571,352.7292,350.9846,349.1366,347.3028,345.5707,349.2953,356.0222,363.0928,369.8122,375.1892,373.2763,371.7186,370.5566,369.7945,369.1989,368.4782,367.7439,367.0909,367.0129,367.4914,367.9397,368.4113,368.7611,368.8984,368.2132,367.0769,365.9931,365.0103,365.7792,366.515,367.177,368.9937,372.8488,376.559,380.4065,383.4976,384.7462,385.7888,386.794,387.9373,389.1349,391.2022,393.766,396.5444,399.4365,402.8162,404.4999,405.6865,406.7042,407.5684,407.4895,405.0085,402.2538,399.7246,397.2623,395.2557,393.585,392.0397,390.9379,390.4134,389.5111,388.9427,388.5963,388.3316,388.2177,385.7932,383.2173,380.4827,377.3755,374.2291,372.8398,371.7517,370.9125,370.3457,369.8182,369.283,370.1742,371.0566,371.8504,372.6508,373.5267,375.7795,378.1689,380.7994,383.5742,384.3179,379.5263,374.3176,369.364,366.1464,364.6435,362.9568,361.2563,359.8631,359.3719,358.9271,358.3963,357.7907,358.2957,360.8549,363.3865,366.2374,369.3488,371.1518,369.1854,367.1547,364.9147,362.91,361.084,359.1233,358.2367,358.0737,357.9362,357.9008,358.0007,358.2155,358.3839,358.6825,359.1193,359.5848,360.2917,361.4814,362.4899,363.1463,363.5805,364.0353,363.9136,363.9191,364.2398,364.5492,364.8362,363.7779,362.5073,361.4978,360.5623,359.661,358.8456,358.1776,359.3057,360.6527,362.143,363.7669,365.1427,366.1587,367.1576,368.4373,368.2123,367.0943,365.7341,364.0362,362.0489,359.8763,357.9477,357.1008,358.0281,359.1206,360.3195,361.4862,362.7335,364.3664,366.4578,368.5392,370.5557,372.7426,375.2324,377.9184,379.1194,379.8117,380.5117,381.3031,382.1356,381.1085,379.129,377.0669,375.1103,373.3713,371.8892,370.8851,369.9249,368.9866,368.1385,367.4067,366.827,367.6594,368.4487,369.1793,369.8624,370.6614,371.809,373.6609,376.0655,378.5463,380.4701,381.9772,382.5317,383.0317,383.5018,383.8575,384.2194,384.52,385.2297,387.1443,389.2827,391.5353,393.9264,396.4938,399.122,401.5624,403.9123,406.8446,410.6751,414.8923,419.6867,426.1878,433.2285,439.638,446.8085,452.8645,457.9359,461.7742,459.6494,458.3845,457.9009,457.8382,456.6648,454.4004,452.6593,450.9291,448.7375,446.2164,443.4859,439.8928,435.2301,430.4166,425.6543,421.2087,417.0593,413.6241,413.6884,414.0526,414.4787,414.8599,415.2271,415.6444,415.687,414.0542,412.7571,411.5878,410.1223,408.0687,405.5092,403.0861,400.6041,398.9021,397.9284,397.357,399.5535,401.5238,402.6115,403.1052,403.5415,401.8458,399.675,397.8865,396.4006,392.9214,389.4655,386.0983,382.5595,378.8606,374.421,372.9161,372.1604,371.2385,370.0333,366.7998,364.085,360.8515,356.711,356.0885,357.0342,357.8677,358.874,358.2154,356.7116,355.3763,356.5859,358.6302,360.7063,362.98,364.8092,365.6793

Time pixel : 1.12173,1.18554,1.29062,1.41129,1.51985,1.60272,1.66653,1.71476,1.75288,1.80111,1.86144,1.92525,1.98906,2.04939,2.1011,2.1548,2.22872,2.30464,2.36845,2.41667,2.45827,2.52208,2.60811,2.69098,2.77385,2.86682,2.96875,3.09985,3.26527,3.43764,3.60338,3.77575,3.9516,4.12945,4.31888,4.51231,4.71385,4.89485,5.0329,5.15041,5.27256,5.38659,5.50211,5.62973,5.77641,5.94531,6.1142,6.26088,6.39198,6.51612,6.62468,6.70755,6.77484,6.83865,6.90246,6.96627,7.03356,7.11643,7.22847,7.36819,7.52151,7.66471,7.79581,7.9269,8.06663,8.20436,8.32187,8.43391,8.54247,8.6444,8.75992,8.89964,9.05296,9.19616,9.33421,9.49647,9.68758,9.86343,10.0225,10.2085,10.4051,10.5775,10.7085,10.8209,10.9711,11.1812,11.4139,11.6435,11.8797,12.1159,12.3454,12.5851,12.8334,13.073,13.3026,13.5353,13.7454,13.9025,14.0426,14.2095,14.3839,14.5667,14.7667,14.9683,15.1496,15.3324,15.5324,15.7375,15.9344,16.1429,16.3655,16.5982,16.8188,17.0157,17.2016,17.3569,17.4724,17.5588,17.6417,17.7346,17.8331,17.9417,18.0537,18.1747,18.3315,18.516,18.7109,18.9214,19.161,19.4284,19.7093,19.9801,20.2423,20.5166,20.8131,21.1062,21.3649,21.5979,21.8341,22.0633,22.2582,22.4274,22.6033,22.7878,22.9636,23.1328,23.3208,23.5223,23.7262,23.9624,24.2173,24.4468,24.6608,24.8745,25.0728,25.2732,25.5005,25.723,25.9335,26.1386,26.3389,26.5595,26.7888,27.0027,27.2097,27.4113,27.5961,27.7875,27.9856,28.1669,28.3462,28.5377,28.7447,28.9583,29.1498,29.3155,29.4758,29.638,29.8139,30.0053,30.2088,30.4104,30.5917,30.7745,30.9746,31.1796,31.38,31.6006,31.8333,32.0663,32.3215,32.599,32.8629,33.0939,33.3133,33.5596,33.8079,34.0305,34.2234,34.3981,34.6066,34.8445,35.0651,35.2499,35.4327,35.6362,35.8498,36.0413,36.207,36.3673,36.5226,36.6673,36.8004,36.9416,37.0848,37.2349,37.4073,37.5953,37.7902,37.9972,38.2213,38.4525,38.6676,38.8458,39.0476,39.2991,39.5404,39.7197,39.8512,40.0048,40.2115,40.4251,40.6099,40.7858,40.9582,41.1204,41.2772,41.4204,41.5515,41.6826,41.8258,41.9791,42.1223,42.2569,42.4001,42.5499,42.6741,42.7639,42.8502,42.9588,43.083,43.2106,43.3382,43.4693,43.6125,43.7658,43.909,44.0401,44.1712,44.3144,44.4677,44.6144,44.7646,44.9335,45.1058,45.2681,45.4284,45.5906,45.7665,45.9544,46.1424,46.3217,46.503,46.708,46.9237,47.1322,47.3291,47.5306,47.7186,47.8878,48.0602,48.2325,48.3983,48.5672,48.724,48.864,49.0208,49.1862,49.3329,49.4605,49.5795,49.7161,49.902,50.1177,50.3418,50.5644,50.7815,50.9764,51.1612,51.3592,51.5437,51.6939,51.8215,51.9335,52.0355,52.1475,52.2716,52.3993,52.5269,52.6545,52.7787,52.8907,52.9961,53.1237,53.2736,53.4202,53.5739,53.7653,54.0015,54.2654,54.5203,54.7152,54.8691,55.064,55.312,55.5447,55.733,55.9088,56.0777,56.2209,56.3365,56.4384,56.5539,56.6971,56.866,57.0384,57.2041,57.3765,57.5489,57.7111,57.8644,57.992,58.1009,58.2286,58.3784,58.5251,58.6752,58.8476,59.0321,59.201,59.3355,59.4565,59.6082,59.8207,60.1117,60.4429,60.8,61.1965,61.6261,62.0724,62.4845,62.8541,63.2315,63.6004,63.9264,64.2198,64.5007,64.7525,64.963,65.1388,65.289,65.4357,65.5924,65.7582,65.9531,66.1893,66.4601,66.7531,67.0271,67.2411,67.4207,67.6347,67.9087,68.1948,68.4379,68.6522,68.9109,69.2331,69.5764,69.8986,70.1538,70.3491,70.544,70.7489,70.9065,70.98

Position pixel : 27.8379,27.8188,27.7706,27.6947,27.6052,27.5293,27.4776,27.4429,27.4138,27.3947,27.3757,27.3465,27.3153,27.2827,27.248,27.1998,27.1429,27.0982,27.0757,27.0566,27.024,26.9737,26.9033,26.843,26.7979,26.7341,26.6446,26.5461,26.441,26.3481,26.2788,26.217,26.1667,26.1185,26.0738,26.0391,26.0099,25.9944,25.9909,25.9909,25.9909,25.9909,25.9909,25.9944,26.0134,26.0547,26.0994,26.1376,26.1823,26.2271,26.2617,26.2909,26.3065,26.3099,26.3134,26.329,26.3582,26.3893,26.422,26.4566,26.5014,26.5461,26.5842,26.629,26.6737,26.7084,26.741,26.7722,26.8048,26.836,26.8686,26.8998,26.929,26.9446,26.9515,26.9671,26.9928,27.0084,27.0119,27.0119,27.0119,27.0119,27.0119,27.0119,27.0119,27.0119,27.0119,27.0119,27.0119,27.0119,27.0119,27.0119,27.0119,27.0119,27.0119,27.0084,26.9928,26.9671,26.948,26.929,26.8998,26.8686,26.836,26.8048,26.7722,26.741,26.7119,26.6928,26.6737,26.6446,26.6134,26.5842,26.5652,26.5461,26.5204,26.5048,26.4979,26.4823,26.4566,26.4376,26.4185,26.3893,26.3582,26.3255,26.2909,26.2461,26.2014,26.1667,26.1341,26.0994,26.0547,26.0099,25.9753,25.9427,25.908,25.8633,25.822,25.7995,25.7804,25.7547,25.7356,25.7166,25.6909,25.6753,25.6718,25.6718,25.6718,25.6753,25.6909,25.7201,25.7547,25.8029,25.8633,25.9271,25.9909,26.0547,26.115,26.1667,26.2204,26.2978,26.3928,26.5014,26.6065,26.6893,26.7531,26.8014,26.8395,26.8842,26.9255,26.948,26.9671,26.9928,27.0084,27.0153,27.0309,27.0566,27.0722,27.0757,27.0757,27.0757,27.0757,27.0757,27.0757,27.0757,27.0757,27.0757,27.0757,27.0757,27.0757,27.0757,27.0757,27.0757,27.0757,27.0757,27.0757,27.0757,27.0757,27.0757,27.0757,27.0757,27.0757,27.0757,27.0757,27.0757,27.0757,27.0722,27.0566,27.0309,27.0119,26.9928,26.9671,26.948,26.929,26.8998,26.8652,26.8169,26.7566,26.6963,26.648,26.6099,26.5582,26.4858,26.4119,26.3582,26.303,26.2305,26.1566,26.1064,26.0668,26.0166,25.9461,25.8858,25.8442,25.796,25.7356,25.6753,25.6271,25.589,25.5407,25.4804,25.4201,25.3718,25.3337,25.289,25.2442,25.2096,25.1769,25.1458,25.1131,25.082,25.0493,25.0181,24.9855,24.9509,24.9026,24.8458,24.7975,24.7629,24.7303,24.6991,24.6664,24.6353,24.6061,24.5905,24.5836,24.568,24.5423,24.5267,24.5232,24.5232,24.5232,24.5232,24.5232,24.5232,24.5232,24.5232,24.5267,24.5423,24.568,24.5836,24.5905,24.6061,24.6318,24.6509,24.6699,24.6991,24.7303,24.7629,24.7941,24.8232,24.8423,24.8614,24.8905,24.9217,24.9543,24.989,25.0337,25.0785,25.1131,25.1458,25.1769,25.2061,25.2252,25.2442,25.2734,25.308,25.3563,25.4166,25.4769,25.5252,25.5598,25.589,25.6115,25.6496,25.7201,25.796,25.8667,25.9496,26.0582,26.1788,26.2839,26.3547,26.4153,26.5048,26.6065,26.6893,26.7566,26.8169,26.8652,26.8998,26.929,26.9446,26.9515,26.9671,26.9928,27.0119,27.0309,27.0566,27.0757,27.0947,27.1204,27.136,27.1429,27.1585,27.1842,27.1998,27.2068,27.2223,27.248,27.2636,27.2671,27.2671,27.2671,27.2671,27.2671,27.2706,27.2862,27.3118,27.3274,27.3309,27.3309,27.3309,27.3309,27.3309,27.3309,27.3344,27.3534,27.3947,27.4395,27.4741,27.5068,27.5414,27.5896,27.65,27.7103,27.755,27.7741,27.7776,27.7776,27.7776,27.7776,27.7776,27.7776,27.7776,27.7776,27.7776,27.7776,27.7741,27.755,27.7138,27.6725,27.65,27.6274,27.5861,27.5449,27.5258

Brightness max : 526.18
Brightness min : 249.00
Feature direction : Ambiguous
Feature speed : Slow
Feature type : Curve
Start frame : 1
End frame : 71
Start time (s) : 0.000
End time (s) : 599.390
Time step (s) : 8.563

Feature number : 2

Time (s) : 32.68686,33.31981,34.16283,35.28538,36.70181,38.11823,39.24078,40.14335,41.1027,42.19548,43.42169,44.73446,45.99044,47.24642,48.52942,49.59243,50.33179,50.90795,51.48411,52.1937,53.15306,54.34949,55.66226,56.8587,57.81805,58.58719,59.48975,60.80252,62.3226,63.69491,64.92388,66.45939,68.39244,70.4148,72.32082,74.07633,75.62894,77.13468,78.58088,79.86663,81.12261,82.46515,83.82479,85.16733,86.42331,87.70907,89.12549,90.40849,91.31105,92.08019,93.00977,94.07277,95.16555,96.22856,97.21769,98.25368,99.56645,101.0424,102.5653,104.1576,105.7102,107.3791,109.1787,110.8477,112.4301,114.126,115.7056,116.9914,118.1437,119.3699,120.6827,121.9387,123.2244,124.7004,126.28,127.7858,129.2347,130.9037,132.926,135.1855,137.5171,139.883,142.4049,144.8573,147.2656,149.8046,152.3435,154.6625,156.6849,158.3538,159.773,161.1156,162.3418,163.4643,164.5869,165.8131,167.1854,168.6785,170.2708,171.7936,173.2696,174.6121,175.8113,177.1538,178.5703,179.8263,180.9488,182.0416,183.1344,184.2271,185.3199,186.4425,187.6687,189.0112,190.4006,191.8766,193.3526,194.7718,196.2775,197.8571,199.3629,200.7821,202.2878,203.8972,205.5066,206.9826,208.2683,209.5243,210.8371,212.0633,213.1561,214.1154,214.9584,215.7546,216.4344,217.0106,217.5569,218.1033,218.6795,219.3593,220.1257,220.8651,221.7379,222.8874,224.0243,224.8205

Position (um) : 3.706,3.706,3.706,3.706,3.7056,3.704,3.7012,3.6996,3.6988,3.6972,3.6944,3.6924,3.6904,3.6872,3.6839,3.6808,3.6791,3.6784,3.6767,3.6736,3.6699,3.6651,3.6604,3.6567,3.6536,3.6515,3.6491,3.6444,3.6383,3.6331,3.6291,3.6239,3.6175,3.6111,3.6063,3.6042,3.6035,3.6018,3.5991,3.5974,3.5971,3.5971,3.5971,3.5971,3.5971,3.5971,3.5971,3.5971,3.5971,3.5971,3.5971,3.5971,3.5971,3.5971,3.5971,3.5971,3.5971,3.5971,3.5971,3.5974,3.5991,3.6022,3.6055,3.609,3.6127,3.6175,3.6223,3.6263,3.6311,3.6359,3.6399,3.6451,3.6515,3.6583,3.6648,3.6699,3.6744,3.6812,3.6904,3.6988,3.7064,3.7148,3.7244,3.7329,3.7404,3.7489,3.7584,3.7669,3.7737,3.7789,3.7826,3.7857,3.7873,3.7877,3.7877,3.7873,3.7853,3.7805,3.7741,3.7673,3.7605,3.7537,3.7469,3.74,3.7332,3.7264,3.7196,3.7128,3.706,3.6992,3.6924,3.6856,3.6788,3.672,3.6651,3.6583,3.6512,3.6427,3.6331,3.6247,3.6175,3.6107,3.6039,3.5971,3.5906,3.5859,3.5834,3.5814,3.5787,3.577,3.5766,3.5766,3.5766,3.5766,3.5766,3.5766,3.5766,3.5766,3.5766,3.5766,3.5766,3.577,3.5787,3.5818,3.5851,3.5882

Intensity : 344.1512,343.821,343.3814,347.5723,353.3946,359.3039,364.0996,367.9357,371.9488,376.5944,382.0883,388.0829,393.7969,399.5476,405.3857,410.2042,413.5126,416.0593,418.3324,419.5637,421.2493,423.4262,425.8706,428.1219,429.9809,431.4605,433.2246,433.8505,433.4612,433.1746,432.9282,431.4873,429.3171,429.4321,429.9591,430.8562,431.8209,432.5159,430.5448,428.8843,427.4287,425.9273,424.4067,422.9053,421.2217,419.3333,417.253,415.3687,414.0431,412.9134,411.5482,409.9869,406.0392,401.9256,398.0979,394.0889,389.0087,383.297,377.404,376.6606,376.8054,377.1214,377.4327,377.7471,375.4833,371.9457,368.6381,365.9279,363.1788,360.0856,357.8325,356.2693,354.647,352.7957,350.8302,348.9753,346.0636,341.6718,336.4842,330.8614,327.2052,330.8175,334.8318,338.851,338.342,336.106,334.014,332.9008,333.662,334.3461,334.9894,335.6344,336.3094,336.3743,336.1779,335.9889,335.8927,335.9798,336.1894,336.2711,336.0542,335.9244,335.8835,335.7926,335.5908,335.0861,336.495,338.0168,339.6852,341.5001,343.4617,345.6154,348.0856,350.1946,351.656,353.295,355.1129,357.2049,359.6789,362.6098,365.3166,367.8476,370.4967,373.2893,376.0443,375.2179,374.4197,373.6105,372.7437,371.9062,371.1507,370.4488,369.177,367.9759,366.9503,366.0811,365.2568,364.4325,363.5633,362.5377,361.3815,360.2806,359.0367,357.2567,354.8093,353.1253

Time pixel : 3.81735,3.89127,3.98972,4.12082,4.28624,4.45165,4.58275,4.68816,4.8002,4.92782,5.07102,5.22433,5.37101,5.51769,5.66753,5.79167,5.87802,5.94531,6.01259,6.09546,6.2075,6.34723,6.50054,6.64027,6.7523,6.84213,6.94753,7.10085,7.27837,7.43864,7.58216,7.76149,7.98724,8.22342,8.44602,8.65103,8.83236,9.0082,9.1771,9.32726,9.47394,9.63073,9.78951,9.9463,10.093,10.2431,10.4086,10.5584,10.6638,10.7536,10.8622,10.9863,11.1139,11.2381,11.3536,11.4746,11.6279,11.8003,11.9781,12.1641,12.3454,12.5403,12.7505,12.9454,13.1302,13.3283,13.5127,13.6629,13.7975,13.9407,14.094,14.2407,14.3908,14.5632,14.7477,14.9235,15.0927,15.2876,15.5238,15.7877,16.06,16.3363,16.6308,16.9172,17.1985,17.495,17.7915,18.0623,18.2985,18.4934,18.6592,18.8159,18.9591,19.0902,19.2213,19.3645,19.5248,19.6992,19.8851,20.063,20.2354,20.3921,20.5322,20.689,20.8544,21.0011,21.1322,21.2598,21.3874,21.515,21.6427,21.7738,21.917,22.0738,22.236,22.4084,22.5808,22.7465,22.9223,23.1068,23.2827,23.4484,23.6243,23.8122,24.0002,24.1725,24.3227,24.4694,24.6227,24.7659,24.8935,25.0056,25.104,25.197,25.2764,25.3437,25.4075,25.4713,25.5386,25.618,25.7075,25.7938,25.8957,26.03,26.1628,26.2557

Position pixel : 34.7329,34.7329,34.7329,34.7329,34.7294,34.7138,34.6882,34.6726,34.6656,34.65,34.6243,34.6053,34.5862,34.5571,34.5259,34.4967,34.4811,34.4742,34.4586,34.4294,34.3948,34.35,34.3053,34.2707,34.2415,34.2224,34.1999,34.1551,34.0983,34.0501,34.0119,33.9637,33.9034,33.843,33.7983,33.7792,33.7723,33.7567,33.731,33.7154,33.7119,33.7119,33.7119,33.7119,33.7119,33.7119,33.7119,33.7119,33.7119,33.7119,33.7119,33.7119,33.7119,33.7119,33.7119,33.7119,33.7119,33.7119,33.7119,33.7154,33.731,33.7602,33.7913,33.824,33.8586,33.9034,33.9481,33.9862,34.031,34.0757,34.1139,34.1621,34.2224,34.2862,34.3466,34.3948,34.4364,34.5002,34.5862,34.6656,34.7364,34.8158,34.9053,34.9847,35.0554,35.1348,35.2243,35.3037,35.3675,35.4158,35.4504,35.4796,35.4952,35.4986,35.4986,35.4952,35.4761,35.4313,35.371,35.3072,35.2434,35.1796,35.1158,35.052,34.9881,34.9243,34.8605,34.7967,34.7329,34.6691,34.6053,34.5415,34.4777,34.4139,34.35,34.2862,34.2189,34.1396,34.0501,33.9707,33.9034,33.8396,33.7758,33.7119,33.6516,33.6069,33.5843,33.5653,33.5396,33.524,33.5205,33.5205,33.5205,33.5205,33.5205,33.5205,33.5205,33.5205,33.5205,33.5205,33.5205,33.524,33.5396,33.5687,33.5999,33.6291

Brightness max : 526.18
Brightness min : 249.00
Feature direction : Ambiguous
Feature speed : Slow
Feature type : Curve
Start frame : 1
End frame : 71
Start time (s) : 0.000
End time (s) : 599.390
Time step (s) : 8.563

Feature number : 3

Time (s) : 366.3978,366.974,368.0668,369.6166,371.3423,373.0582,374.9769,377.0731,379.0657,380.7346,382.1538,383.5261,384.8858,386.2283,387.4247,388.4139,389.2569,390.053,390.7329,391.3388,392.0186,392.785,393.4946,394.2637,395.3267,396.6097,397.8955,399.3147,401.0404,402.9166,404.8353,406.7414,408.6601,410.5661,412.3955,413.9012,415.1004,416.3095,417.506,418.5988,419.5879,420.6239,421.9664,423.5163,425.022,426.4412,427.9172,429.3038,430.2929,430.9755,431.7717,432.6417,433.3215,433.7642,434.0907,434.5036,435.0202,435.5964,436.306,437.2356,438.2986,439.3914,440.4544,441.3839,442.1531,443.0259,444.2052,445.5053,446.7144,447.7206,448.6502,449.4166,449.9062,450.3489,450.8655,451.4417,452.1811,453.2739,454.7498,456.4926,458.3816,460.2578,461.9538,463.2395,464.3053,465.4846,466.6811,467.8036,468.8964,469.9892,471.0522,471.9818,472.6914,473.2675,473.8437,474.5533,475.4829,476.5757,477.7721,478.9514,479.9577,480.917,481.8168,482.5562,483.2658,484.0619,484.8752,485.6713,486.3809,487.0607,487.7234,488.3465,489.1724,490.2056,491.2984,492.3912,493.4542,494.3838,495.1231,495.8625,496.7921,497.8551,498.9479,500.0407,501.1632,502.4192,503.8356,505.1186,505.9914,506.6271,507.3367,508.2663,509.2995,510.2589,511.1912,512.477,514.3063,516.4621,518.7514,521.0532,523.3154,525.7805,528.4827,531.4076,534.686,538.3177,542.1127,545.8779,549.4358,552.8503,556.5416,560.4672,564.099,567.2466,570.3943,573.9665,577.6551,580.9505,583.9179,586.8897,590.2844,594.0793,598.0816,601.9013,604.9244,606.936,607.789,607.9527,607.9527

Position (um) : 3.4817,3.4834,3.4861,3.4878,3.4881,3.4881,3.4881,3.4881,3.4881,3.4881,3.4881,3.4881,3.4881,3.4881,3.4881,3.4881,3.4881,3.4881,3.4881,3.4881,3.4881,3.4881,3.4881,3.4878,3.4861,3.4834,3.4813,3.4793,3.4762,3.4728,3.4697,3.4681,3.4677,3.4677,3.4677,3.4677,3.4677,3.4677,3.4677,3.4677,3.4681,3.4705,3.4773,3.4881,3.4997,3.5102,3.5198,3.5266,3.5306,3.5341,3.5374,3.5406,3.5426,3.5446,3.5474,3.5494,3.5514,3.5546,3.5582,3.5634,3.5698,3.5763,3.5814,3.5851,3.5886,3.5923,3.5974,3.6035,3.6086,3.6123,3.6158,3.6192,3.6223,3.6239,3.6243,3.6239,3.6215,3.6151,3.6059,3.5974,3.5903,3.5834,3.577,3.5719,3.5682,3.5651,3.563,3.561,3.5582,3.5566,3.5562,3.5562,3.5562,3.5562,3.557,3.5607,3.5682,3.5763,3.5831,3.5879,3.5903,3.5923,3.5954,3.5987,3.6022,3.6055,3.609,3.6123,3.6155,3.6175,3.6195,3.623,3.6284,3.6363,3.6447,3.6536,3.6631,3.6716,3.6788,3.6852,3.6907,3.6965,3.7043,3.7124,3.7196,3.7268,3.7349,3.7424,3.7465,3.7489,3.7516,3.7533,3.7537,3.754,3.7557,3.7588,3.7621,3.7652,3.7669,3.7673,3.7669,3.7645,3.7577,3.7465,3.7332,3.7192,3.704,3.6876,3.6723,3.658,3.6427,3.6267,3.6138,3.6063,3.6018,3.5967,3.5906,3.5859,3.5838,3.5834,3.5834,3.5838,3.5859,3.5906,3.5967,3.6015,3.6035,3.6039,3.6039

Intensity : 315.2109,315.5785,316.2679,316.2092,316.0146,315.8142,315.5901,315.8469,318.8001,321.2737,323.3771,325.411,327.4262,327.8613,327.5818,327.3508,327.1539,326.9679,326.8091,326.6676,326.5088,326.3298,326.1641,325.6062,324.2766,322.6439,321.0231,319.2346,317.0283,315.5693,317.016,318.5192,320.0775,321.6359,327.1758,332.8029,337.2845,341.8031,346.2743,350.3582,354.0651,358.2364,363.7822,370.3913,376.9979,383.3444,390.0074,391.7229,392.5152,393.0529,393.8167,394.7646,395.5779,396.0805,396.3911,396.893,397.5741,398.3287,399.3218,400.3105,401.2308,402.3329,403.5382,404.6718,405.6799,406.8845,408.6324,411.0773,414.7559,417.7964,420.6248,423.0011,424.6,425.9631,427.4356,429.0167,430.8886,433.4013,433.7264,432.4557,431.5124,430.8739,430.5387,430.648,430.9149,431.2684,431.6458,432.057,432.5666,433.042,433.0029,429.5963,426.9958,424.8843,422.7222,419.9074,416.1858,412.052,407.8136,403.8408,401.122,399.2662,397.6018,396.3127,395.1445,393.8726,392.6449,391.5027,390.5507,389.6024,388.7151,387.7962,386.1528,383.2662,380.5028,378.0454,375.9808,374.4531,373.4448,372.5647,371.656,371.6699,371.8528,372.0714,372.2249,372.3481,372.4588,371.657,371.5715,371.5468,371.4962,371.5203,371.6297,371.7255,371.7112,371.5926,371.6947,372.5131,373.5218,374.6619,375.2046,375.1088,375.5161,376.8503,380.2084,381.9851,383.6967,386.2422,388.4693,389.1884,389.7198,382.5793,374.1936,368.3249,363.1736,356.8555,345.4347,335.576,330.8961,329.4229,327.7702,320.937,312.8767,310.4054,310.6054,310.7239,310.7679,310.7758,310.7758

Time pixel : 42.7899,42.8572,42.9848,43.1658,43.3674,43.5677,43.7918,44.0366,44.2693,44.4642,44.63,44.7903,44.949,45.1058,45.2456,45.3611,45.4595,45.5525,45.6319,45.7027,45.782,45.8716,45.9544,46.0442,46.1684,46.3182,46.4684,46.6341,46.8357,47.0548,47.2789,47.5015,47.7255,47.9481,48.1618,48.3376,48.4777,48.6189,48.7586,48.8862,49.0017,49.1227,49.2795,49.4605,49.6364,49.8021,49.9745,50.1364,50.2519,50.3316,50.4246,50.5262,50.6056,50.6573,50.6954,50.7437,50.804,50.8713,50.9542,51.0627,51.1869,51.3145,51.4386,51.5472,51.637,51.739,51.8767,52.0285,52.1697,52.2872,52.3958,52.4853,52.5425,52.5942,52.6545,52.7218,52.8081,52.9358,53.1081,53.3117,53.5323,53.7514,53.9495,54.0996,54.2241,54.3618,54.5015,54.6326,54.7603,54.8879,55.012,55.1206,55.2035,55.2707,55.338,55.4209,55.5295,55.6571,55.7968,55.9345,56.052,56.1641,56.2692,56.3555,56.4384,56.5314,56.6263,56.7193,56.8022,56.8816,56.959,57.0317,57.1282,57.2489,57.3765,57.5041,57.6282,57.7368,57.8232,57.9095,58.0181,58.1422,58.2698,58.3974,58.5285,58.6752,58.8406,58.9905,59.0924,59.1666,59.2495,59.3581,59.4787,59.5908,59.6997,59.8498,60.0635,60.3152,60.5826,60.8514,61.1156,61.4035,61.7191,62.0607,62.4435,62.8677,63.3108,63.7506,64.1661,64.5648,64.9959,65.4544,65.8785,66.2461,66.6137,67.0309,67.4617,67.8465,68.1931,68.5401,68.9366,69.3798,69.8472,70.2933,70.6463,70.8813,70.9809,71,71

Position pixel : 32.6306,32.6462,32.6719,32.6875,32.691,32.691,32.691,32.691,32.691,32.691,32.691,32.691,32.691,32.691,32.691,32.691,32.691,32.691,32.691,32.691,32.691,32.691,32.691,32.6875,32.6719,32.6462,32.6272,32.6081,32.5789,32.5478,32.5186,32.503,32.4995,32.4995,32.4995,32.4995,32.4995,32.4995,32.4995,32.4995,32.503,32.5256,32.5894,32.691,32.7995,32.898,32.9875,33.0513,33.0894,33.1221,33.1532,33.1824,33.2015,33.2205,33.2462,33.2653,33.2843,33.3135,33.3481,33.3964,33.4567,33.517,33.5653,33.5999,33.6325,33.6672,33.7154,33.7723,33.8205,33.8551,33.8878,33.919,33.9481,33.9637,33.9672,33.9637,33.9412,33.8808,33.7948,33.7154,33.6481,33.5843,33.524,33.4758,33.4411,33.4119,33.3929,33.3738,33.3481,33.3326,33.3291,33.3291,33.3291,33.3291,33.336,33.3707,33.4411,33.517,33.5808,33.6256,33.6481,33.6672,33.6964,33.7275,33.7602,33.7913,33.824,33.8551,33.8843,33.9034,33.9224,33.9551,34.0053,34.0792,34.1586,34.2415,34.331,34.4104,34.4777,34.538,34.5897,34.6434,34.7173,34.7932,34.8605,34.9278,35.0037,35.0742,35.1123,35.1348,35.1605,35.1761,35.1796,35.1831,35.1986,35.2278,35.259,35.2881,35.3037,35.3072,35.3037,35.2812,35.2174,35.1123,34.9881,34.8571,34.7138,34.5605,34.4173,34.2828,34.1396,33.9897,33.8691,33.7983,33.7567,33.7085,33.6516,33.6069,33.5878,33.5843,33.5843,33.5878,33.6069,33.6516,33.7085,33.7532,33.7723,33.7758,33.7758

Brightness max : 526.18
Brightness min : 249.00
Feature direction : Ambiguous
Feature speed : Slow
Feature type : Curve
Start frame : 1
End frame : 71
Start time (s) : 0.000
End time (s) : 599.390
Time step (s) : 8.563

Feature number : 4

Time (s) : 355.4402,355.8532,356.6223,357.982,359.8681,361.7146,363.3097,364.8325,366.4248,367.9477,369.4534,370.9294,372.3486,373.8245,375.241,376.3933,377.4293,378.5788,379.6121,380.3514,380.9276,381.5038,382.1836,382.9797,383.8228,384.7821,385.8451,386.9379,388.0604,389.3164,390.7924,392.4018,394.0112,395.5467,397.0695,398.6618,400.1251,401.364,402.3405,403.1962,404.0094,404.8056,405.4854,406.0913,406.8009,407.7305,408.7637,409.7529,410.8186,412.2946,414.0942,415.8668,417.506,419.0117,420.4011,421.7139,422.7769,423.546,424.2854,425.1852,426.085,426.8244,427.534,428.3301,429.1434,429.9693,430.8123,431.7717,432.8644,434.0609,435.2402,436.2464,437.2653,438.432,439.6113,440.5878,441.4137,442.1233,442.8329,443.5993,444.2493,444.6921,444.9887,445.2682,445.5648,445.948,446.3312,446.6279,446.9074,447.204,447.617,448.1336,448.68,449.2264,449.7728,450.2894,450.7023,450.999,451.2785,451.5751,451.9583,452.3415,452.6679,453.0809,453.5975,454.1439,454.6903,455.2367,455.7533,456.1662,456.4926,456.9056,457.4222,457.9686,458.4852,458.8982,459.2246,459.6376,460.1244,460.5076

Position (um) : 4.4825,4.4842,4.4873,4.491,4.4962,4.5022,4.5074,4.5114,4.5166,4.5227,4.5278,4.5315,4.535,4.5383,4.5414,4.5431,4.5438,4.5455,4.5482,4.5499,4.5503,4.5503,4.5503,4.5503,4.5503,4.5503,4.5503,4.5503,4.5503,4.5503,4.5503,4.5503,4.5503,4.5503,4.5503,4.5503,4.5503,4.5503,4.5503,4.5503,4.5503,4.5503,4.5499,4.5482,4.5451,4.5414,4.5363,4.5295,4.5206,4.509,4.4962,4.4842,4.4733,4.4614,4.4485,4.4373,4.4301,4.4253,4.4185,4.4093,4.4012,4.3957,4.3913,4.3845,4.3753,4.3668,4.3593,4.3504,4.3388,4.326,4.314,4.3035,4.2936,4.2847,4.2759,4.2663,4.2582,4.2527,4.2487,4.2439,4.2391,4.2354,4.2319,4.2286,4.2255,4.2235,4.2214,4.2183,4.215,4.2115,4.2078,4.2027,4.1962,4.1894,4.183,4.1778,4.1741,4.1706,4.1673,4.1642,4.1622,4.1598,4.1554,4.151,4.1486,4.1465,4.1434,4.1401,4.1366,4.1333,4.1302,4.1281,4.1261,4.1234,4.1213,4.1193,4.1165,4.1149,4.1145,4.1145

Intensity : 304.0341,304.2802,304.7262,305.5339,307.2706,313.5561,319.0086,324.258,329.7344,334.9562,335.255,334.6339,334.0388,333.4282,332.8444,332.394,332.512,332.9204,333.2449,333.4829,333.6968,333.9225,334.1888,334.5007,334.831,335.2068,334.1791,331.5896,328.9295,325.9533,322.4557,318.642,314.9844,313.2433,311.5165,309.711,308.0518,306.647,305.5398,306.2871,307.2308,308.1546,308.9537,309.6985,310.5894,311.7268,312.982,314.1763,315.4286,318.5798,323.0262,327.7647,331.5345,334.6731,337.9513,341.6139,344.8212,347.2386,349.6301,352.682,355.8778,358.5834,361.2285,363.6342,364.0892,363.9603,363.987,364.2187,364.763,365.7445,367.0805,368.5287,369.0565,368.6978,368.5789,368.6807,368.0782,367.7229,367.4747,367.3043,367.2581,367.2902,367.3717,367.4687,367.2388,366.8748,366.5194,366.3193,366.1582,365.9961,365.7313,365.4513,365.2428,365.0947,364.9642,364.8151,364.6888,364.6655,364.6568,364.6288,364.4602,364.2256,364.0112,363.7507,363.4049,362.9624,362.4749,361.9792,361.5038,361.1213,360.8173,360.4068,359.882,359.3224,358.7824,358.3466,357.9994,357.5523,357.0225,356.6057

Time pixel : 41.5102,41.5585,41.6483,41.8071,42.0273,42.243,42.4293,42.6071,42.7931,42.9709,43.1468,43.3191,43.4849,43.6572,43.8227,43.9572,44.0782,44.2125,44.3331,44.4195,44.4868,44.5541,44.6335,44.7264,44.8249,44.9369,45.0611,45.1887,45.3198,45.4665,45.6388,45.8268,46.0148,46.1941,46.3719,46.5579,46.7288,46.8735,46.9875,47.0874,47.1824,47.2754,47.3548,47.4255,47.5084,47.617,47.7376,47.8532,47.9776,48.15,48.3602,48.5672,48.7586,48.9345,49.0967,49.25,49.3742,49.464,49.5503,49.6554,49.7605,49.8469,49.9297,50.0227,50.1177,50.2141,50.3126,50.4246,50.5522,50.692,50.8297,50.9472,51.0662,51.2025,51.3402,51.4542,51.5507,51.6335,51.7164,51.8059,51.8818,51.9335,51.9682,52.0008,52.0355,52.0802,52.125,52.1596,52.1923,52.2269,52.2751,52.3355,52.3993,52.4631,52.5269,52.5872,52.6355,52.6701,52.7027,52.7374,52.7821,52.8269,52.865,52.9132,52.9736,53.0374,53.1012,53.165,53.2253,53.2736,53.3117,53.3599,53.4202,53.484,53.5444,53.5926,53.6307,53.679,53.7358,53.7806

Position pixel : 42.0108,42.0264,42.0555,42.0902,42.1384,42.1952,42.2435,42.2816,42.3298,42.3867,42.4349,42.4695,42.5022,42.5334,42.5625,42.5781,42.5851,42.6006,42.6263,42.6419,42.6454,42.6454,42.6454,42.6454,42.6454,42.6454,42.6454,42.6454,42.6454,42.6454,42.6454,42.6454,42.6454,42.6454,42.6454,42.6454,42.6454,42.6454,42.6454,42.6454,42.6454,42.6454,42.6419,42.6263,42.5972,42.5625,42.5143,42.4505,42.3676,42.2591,42.1384,42.0264,41.9244,41.8124,41.6917,41.5866,41.5193,41.4743,41.4105,41.3244,41.2485,41.1968,41.1552,41.0914,41.0054,40.926,40.8552,40.7724,40.6638,40.5431,40.4311,40.3326,40.2397,40.1568,40.0739,39.9844,39.9085,39.8568,39.8187,39.7739,39.7292,39.6945,39.6619,39.6307,39.6016,39.5825,39.5634,39.5343,39.5031,39.4705,39.4358,39.3876,39.3273,39.2634,39.2031,39.1549,39.1202,39.0876,39.0564,39.0273,39.0082,38.9857,38.9444,38.9031,38.8806,38.8615,38.8324,38.8012,38.7685,38.7374,38.7082,38.6892,38.6701,38.6444,38.6253,38.6063,38.5806,38.565,38.5615,38.5615

Brightness max : 526.18
Brightness min : 249.00
Feature direction : Ambiguous
Feature speed : Slow
Feature type : Curve
Start frame : 1
End frame : 71
Start time (s) : 0.000
End time (s) : 599.390
Time step (s) : 8.563

Feature number : 5

Time (s) : 493.1811,494.2643,496.3128,499.1541,502.1071,504.5662,506.1717,507.1594,508.0941,509.1472,510.2002,511.0953,511.7661,512.3167,512.7699,513.154,513.5183,513.9024,514.3953,515.1238,516.0879,517.1807,518.3823,519.6909,520.97,522.2425,523.7771,525.4992,527.1624,528.7793,530.5496,532.2915,533.7683,535.0096,536.2509,537.6881,539.2521,540.729,542.1879,543.9202,545.9771,548.2715,550.7618,553.2605,555.6059,557.9382,560.1616,562.1626,564.1703,566.1577,567.7662,568.6967,569.0183,569.0679

Position (um) : 4.2915,4.2915,4.2915,4.2915,4.2918,4.2929,4.2947,4.2961,4.2977,4.3006,4.3038,4.3063,4.3086,4.3108,4.3131,4.3153,4.3174,4.3188,4.3204,4.3236,4.3279,4.3324,4.3369,4.3415,4.346,4.3505,4.3553,4.361,4.3676,4.3746,4.3823,4.3898,4.3954,4.3991,4.4018,4.4053,4.4096,4.4141,4.4186,4.4232,4.4277,4.432,4.4354,4.4381,4.4416,4.4456,4.4493,4.4531,4.4581,4.4624,4.4651,4.4672,4.4683,4.4686

Intensity : 329.5828,330.4832,332.1859,333.1084,333.8595,334.4348,333.8732,333.1567,332.4531,331.5793,330.6754,329.9122,329.3004,328.7707,328.2946,327.8691,327.4642,327.3368,327.7324,328.2912,329.0888,330.0951,331.3175,332.7666,334.2825,335.8915,335.4607,334.8405,334.2678,333.7382,332.756,333.2759,334.0461,334.7436,335.4863,336.3326,337.2274,336.1254,334.7791,333.2644,331.5546,330.2175,333.0215,335.9217,338.7317,338.8264,337.0813,335.5987,334.2508,331.2778,327.5366,325.3991,324.6834,324.5776

Time pixel : 57.5964,57.7229,57.9621,58.2939,58.6388,58.926,59.1135,59.2288,59.338,59.461,59.5839,59.6885,59.7668,59.8311,59.884,59.9289,59.9714,60.0163,60.0739,60.1589,60.2715,60.3992,60.5395,60.6923,60.8417,60.9903,61.1695,61.3706,61.5649,61.7537,61.9604,62.1639,62.3363,62.4813,62.6263,62.7941,62.9768,63.1493,63.3196,63.5219,63.7622,64.0301,64.3209,64.6127,64.8867,65.159,65.4187,65.6524,65.8869,66.119,66.3068,66.4155,66.453,66.4588

Position pixel : 40.2206,40.2206,40.2206,40.2206,40.2229,40.2333,40.2504,40.2631,40.2782,40.3057,40.3355,40.3586,40.3804,40.4012,40.4229,40.4437,40.4631,40.4758,40.4909,40.5207,40.5609,40.6035,40.646,40.6885,40.7311,40.7736,40.8185,40.8714,40.9334,40.999,41.0714,41.1415,41.1944,41.2289,41.2543,41.2864,41.3266,41.3692,41.4117,41.4543,41.4968,41.537,41.5692,41.5946,41.6267,41.6647,41.6991,41.7349,41.7819,41.8221,41.8475,41.867,41.8774,41.8797

Brightness max : 526.18
Brightness min : 249.00
Feature direction : Ambiguous
Feature speed : Slow
Feature type : Curve
Start frame : 1
End frame : 71
Start time (s) : 0.000
End time (s) : 599.390
Time step (s) : 8.563

Feature number : 6

Time (s) : 128.1419,128.5251,129.0715,129.7811,130.7107,131.8035,133.0594,134.5056,135.9816,137.371,138.6838,139.8063,140.8423,141.9919,143.0251,143.7943,144.5336,145.4334,146.3333,147.0428,147.6488,148.3286,149.095,149.7748,150.3807,151.0606,151.8269,152.5365,153.3057,154.3687,155.6219,156.7147,157.6172,158.6064,159.8028,161.1156,162.3715,163.6573,165.1333,166.7129,168.2186,169.608,170.9804,172.3698,173.8457,175.2919,176.5479,177.6407,178.5703,179.3096,180.049,180.9488,181.8188,182.4248,182.9442,183.7105,184.5806,185.2902,185.8663,186.3829,186.8257,187.2855,187.9185,188.5685,189.1447,189.7208,190.4006,191.2266,192.1732,193.1894,194.0026,194.5788,194.962

Position (um) : 4.5843,4.5843,4.5843,4.5843,4.5843,4.5847,4.5863,4.5891,4.5911,4.5935,4.5979,4.6027,4.6064,4.6099,4.6132,4.6167,4.62,4.6231,4.6248,4.6252,4.6255,4.6272,4.6299,4.6316,4.632,4.632,4.6323,4.634,4.6367,4.6384,4.6391,4.6408,4.6436,4.6452,4.6456,4.6456,4.6456,4.6456,4.6452,4.6436,4.6408,4.6388,4.6367,4.634,4.6323,4.632,4.632,4.632,4.632,4.632,4.632,4.632,4.6323,4.6344,4.6388,4.6432,4.6456,4.6476,4.6504,4.6524,4.6544,4.6575,4.6609,4.664,4.6656,4.6664,4.668,4.6712,4.6749,4.6796,4.684,4.6861,4.6864

Intensity : 288.8285,289.1493,290.8061,292.9578,295.7765,299.1019,302.966,307.4026,311.8476,315.1131,315.7971,316.3631,316.8987,317.5047,318.0457,318.4295,318.7989,319.266,319.6119,319.8826,320.1134,320.3533,320.6138,320.8596,321.0957,321.3666,321.6674,321.9319,322.2119,322.2205,320.6036,319.1842,317.999,316.7128,315.1723,313.4859,311.8724,312.3115,313.6134,315.0118,316.3432,317.5629,318.7615,320.6935,322.9344,325.13,327.0368,328.6959,330.1072,331.2297,332.0382,332.1865,332.3307,332.4366,332.5387,332.6894,332.856,332.9957,333.1187,333.2288,333.3273,333.4398,333.5913,333.4088,332.5004,331.5827,330.5042,329.1975,327.6935,326.0739,324.7719,323.8419,323.2199

Time pixel : 14.9651,15.0099,15.0737,15.1565,15.2651,15.3927,15.5394,15.7083,15.8807,16.0429,16.1962,16.3273,16.4483,16.5826,16.7032,16.7931,16.8794,16.9845,17.0896,17.1725,17.2432,17.3226,17.4121,17.4915,17.5623,17.6417,17.7312,17.814,17.9039,18.028,18.1744,18.302,18.4074,18.5229,18.6626,18.8159,18.9626,19.1128,19.2852,19.4696,19.6455,19.8077,19.968,20.1303,20.3026,20.4715,20.6182,20.7458,20.8544,20.9407,21.0271,21.1322,21.2338,21.3046,21.3652,21.4547,21.5563,21.6392,21.7065,21.7668,21.8185,21.8722,21.9461,22.022,22.0893,22.1566,22.236,22.3325,22.443,22.5617,22.6567,22.724,22.7687

Position pixel : 42.9644,42.9644,42.9644,42.9644,42.9644,42.9679,42.9835,43.0092,43.0283,43.0508,43.0921,43.1368,43.1715,43.2041,43.2353,43.2679,43.2991,43.3283,43.3438,43.3473,43.3508,43.3664,43.3921,43.4076,43.4111,43.4111,43.4146,43.4302,43.4559,43.4715,43.4784,43.494,43.5197,43.5353,43.5387,43.5387,43.5387,43.5387,43.5353,43.5197,43.494,43.4749,43.4559,43.4302,43.4146,43.4111,43.4111,43.4111,43.4111,43.4111,43.4111,43.4111,43.4146,43.4337,43.4749,43.5162,43.5387,43.5578,43.5835,43.6026,43.6216,43.6508,43.6819,43.7111,43.7267,43.7337,43.7492,43.7784,43.813,43.8578,43.8991,43.9181,43.9216

Brightness max : 526.18
Brightness min : 249.00
Feature direction : Ambiguous
Feature speed : Slow
Feature type : Curve
Start frame : 1
End frame : 71
Start time (s) : 0.000
End time (s) : 599.390
Time step (s) : 8.563

Feature number : 7

Time (s) : 15.7232,16.1073,16.8557,18.0176,19.4926,21.0386,22.6045,24.1883,25.6255,26.8469,27.9596,29.092,30.4024,31.9664,33.4907,34.5835,35.2051,35.609,36.013,36.6345,37.7075,39.123,40.4712,41.6151,42.6568,43.4544,43.987,44.4799,45.0996,45.8282,46.6456,47.5605,48.5956,49.8549,51.2524,52.6205,53.911,55.1901,56.4608,57.7002,58.7732,59.6303,60.3787,61.0874,61.727,62.3088,62.9484,63.6571,64.4054,65.2427,66.2267,67.3195,68.4814,69.6517,70.7956,72.0747,73.4524,74.7117,75.7864,76.9189,78.2275,79.536,80.6486,81.6146,82.6184,83.6715,84.6555,85.473,86.1125,86.5856,86.9895,87.4428,87.9735,88.5355,89.1751,89.8838,90.6322,91.4298,92.216,92.867,93.4176,93.8509,94.1263

Position (um) : 4.7477,4.748,4.7493,4.7527,4.7584,4.7661,4.7749,4.784,4.7929,4.8006,4.8065,4.8118,4.8188,4.8281,4.8366,4.8425,4.846,4.8476,4.8492,4.8524,4.8569,4.8625,4.8687,4.8732,4.8759,4.878,4.8791,4.8793,4.8791,4.8775,4.8732,4.8666,4.8585,4.8484,4.8374,4.8262,4.8158,4.8054,4.7945,4.7845,4.7765,4.7707,4.7659,4.7616,4.7581,4.7554,4.752,4.748,4.7445,4.7418,4.7384,4.7341,4.7296,4.725,4.7205,4.7159,4.7116,4.7082,4.7055,4.7021,4.6978,4.6935,4.6901,4.6876,4.6855,4.6842,4.6828,4.681,4.6799,4.6796,4.6794,4.6783,4.6764,4.6753,4.6748,4.6737,4.6719,4.6705,4.6692,4.6671,4.6649,4.6628,4.6617

Intensity : 348.5719,348.2757,347.6921,347.1057,346.516,345.963,345.4914,345.1088,344.8544,343.6247,341.9212,340.2351,338.3387,336.2074,334.3656,332.9177,331.7728,331.0523,330.3317,329.1961,327.2717,324.7457,322.3119,320.2715,318.4667,317.5451,317.0196,316.5616,316.0037,315.3827,314.7389,314.0307,313.1932,312.1025,310.7938,311.36,312.1874,313.1263,313.9278,314.6854,315.4257,316.0672,317.1385,318.4862,319.7081,320.8221,322.0617,323.4508,324.9151,326.5433,328.4749,330.6498,332.984,333.5533,334.0817,334.6575,335.2608,335.7985,336.2513,336.7445,335.0184,332.9012,330.9363,329.2588,327.5408,325.776,324.1264,322.7318,321.9699,321.5034,321.1049,320.6362,320.0813,319.5232,318.9101,318.227,317.5082,316.762,316.038,315.4495,314.9656,314.5966,314.3654

Time pixel : 1.83624,1.8811,1.9685,2.10419,2.27645,2.457,2.63987,2.82484,2.99269,3.13533,3.26527,3.39753,3.55056,3.73321,3.91123,4.03885,4.11144,4.15861,4.20579,4.27838,4.40368,4.56899,4.72645,4.86004,4.98169,5.07484,5.13704,5.1946,5.26698,5.35206,5.44753,5.55437,5.67525,5.82232,5.98553,6.1453,6.29602,6.4454,6.5938,6.73855,6.86385,6.96395,7.05135,7.13411,7.20881,7.27676,7.35145,7.43421,7.52161,7.6194,7.73431,7.86194,7.99763,8.1343,8.26789,8.41728,8.57817,8.72523,8.85075,8.98301,9.13582,9.28864,9.41858,9.53139,9.64863,9.77161,9.88653,9.98199,10.0567,10.1119,10.1591,10.212,10.274,10.3397,10.4144,10.4971,10.5845,10.6777,10.7695,10.8455,10.9098,10.9604,10.9926

Position pixel : 44.4959,44.4982,44.5109,44.5431,44.596,44.6684,44.7511,44.8362,44.919,44.9914,45.0466,45.0961,45.1617,45.2489,45.3294,45.3846,45.4168,45.4318,45.4468,45.4766,45.5192,45.5721,45.6295,45.672,45.6974,45.7169,45.7272,45.7296,45.7272,45.7122,45.672,45.61,45.534,45.4399,45.3363,45.2318,45.134,45.0362,44.934,44.8409,44.7662,44.7109,44.6661,44.6258,44.5937,44.5683,44.5361,44.4982,44.4661,44.4407,44.4085,44.3683,44.3257,44.2832,44.2407,44.1981,44.1579,44.1257,44.1003,44.0682,44.028,43.9877,43.9556,43.9325,43.913,43.9003,43.8876,43.8705,43.8601,43.8578,43.8555,43.8451,43.828,43.8176,43.8129,43.8025,43.7854,43.7727,43.76,43.7406,43.7198,43.7003,43.69

Brightness max : 526.18
Brightness min : 249.00
Feature direction : Ambiguous
Feature speed : Slow
Feature type : Curve
Start frame : 1
End frame : 71
Start time (s) : 0.000
End time (s) : 599.390
Time step (s) : 8.563

Feature number : 8

Time (s) : 227.9681,228.1611,228.7373,229.711,230.7569,231.6765,232.7522,233.8891,234.8485,235.5581,236.1342,236.7104,237.42,238.3198,239.2196,239.9589,240.6983,241.6577,242.9136,244.5528,246.4859,248.3152,249.7344,250.9165,252.1427,253.4555,254.6817,255.7745,256.7041,257.3839,257.7968

Position (um) : 4.5755,4.572,4.5663,4.5567,4.5455,4.5346,4.523,4.5118,4.503,4.4962,4.4914,4.489,4.487,4.4842,4.4825,4.4818,4.4801,4.4774,4.4757,4.4754,4.475,4.4733,4.4706,4.4686,4.4665,4.4638,4.4618,4.4597,4.457,4.4553,4.4549

Intensity : 330.8053,331.7699,334.3422,338.7126,343.5232,347.083,350.4579,354.1073,357.2557,359.6839,361.6213,363.3312,365.3547,367.9675,370.4751,371.5672,370.1751,368.2635,365.8793,362.856,359.3006,355.9308,353.0211,350.5761,348.0196,345.2405,342.6357,340.2868,338.2266,336.3824,335.2201

Time pixel : 26.6233,26.6459,26.7132,26.8269,26.949,27.0564,27.1821,27.3148,27.4269,27.5097,27.577,27.6443,27.7272,27.8323,27.9374,28.0237,28.11,28.2221,28.3688,28.5602,28.7859,28.9996,29.1653,29.3034,29.4466,29.5999,29.7431,29.8707,29.9793,30.0587,30.1069

Position pixel : 42.8816,42.8489,42.7952,42.7057,42.6006,42.4987,42.3902,42.2851,42.2022,42.1384,42.0936,42.0711,42.052,42.0264,42.0108,42.0038,41.9882,41.9625,41.947,41.9435,41.94,41.9244,41.8987,41.8797,41.8606,41.8349,41.8159,41.7968,41.7711,41.7555,41.7521

Brightness max : 526.18
Brightness min : 249.00
Feature direction : Ambiguous
Feature speed : Slow
Feature type : Curve
Start frame : 1
End frame : 71
Start time (s) : 0.000
End time (s) : 599.390
Time step (s) : 8.563

Feature number : 9

Time (s) : 10.66805,11.08101,11.73106,12.55698,13.53343,14.74254,16.10218,17.57815,18.99458,20.11713,20.98992,21.81584,22.62909,23.42524,24.10506,24.68122,25.22761,25.80378,26.4836,27.30952,28.28597,29.46531,30.66174,31.7843,32.8473,33.77688,34.48647,35.06264,35.60903,36.15542,36.70181,37.2482,37.82436,38.50418,39.30033,40.11358,40.90973,41.61932,42.29914,42.93209,43.39192,43.80488,44.18807,44.51447,44.92743,45.44405,45.96067,46.37363,46.70003,47.11299,47.62961,48.20577,48.88559,49.65197,50.30202,50.74475,51.07115,51.45434,51.83753,52.13416,52.41369,52.68055,52.96008,53.25671,53.6399,54.02309,54.34949,54.76245,55.27907,55.79569,56.20865,56.50528,56.78481,57.08144,57.49441,57.98125,58.39421,58.72061,59.13358,59.65019,60.19658,60.77275,61.48234,62.38214,63.28195,64.02132,64.73091,65.49728,66.1771,66.75327,67.29966,67.84605,68.39244,68.93883,69.48522,70.03161,70.578,71.2137,72.21993,73.72291,75.24299,76.39532,77.29788,78.25723,79.32024,80.38325,81.31283,82.02242,82.59858,83.14497,83.69136,84.20798,84.62094,84.91757,85.1971,85.46396,85.74349,86.04012,86.45308,87.02925,87.87227,89.02183,90.24804,91.5338,93.00977,94.58939,96.09513,97.48454,98.85686,100.1867,101.3661,102.2389,102.9782,103.7446,104.4244,105.0006,105.547,106.1231,106.8029,107.5693,108.2491,108.8253,109.3717,109.9181,110.4347,110.8477,111.1741,111.587,112.0739,112.4868,112.8132,113.2262,113.7428,114.319,114.9988,115.795,116.6082,117.4043,118.1139,118.8235,119.6197,120.4329,121.2589,122.1019,123.0315,123.9313,124.6409,125.217,125.7634,126.3098,126.8562,127.4026,127.949,128.4954,129.0417,129.6179,130.2977,131.0939,131.9369,132.8367,133.6329,134.2559,134.9484,135.7319,136.528,137.2078,137.784,138.3304,138.8768,139.4232,139.9695,140.5159,141.0623,141.6385,142.3183,143.0847,143.7943,144.5039,145.2702,145.9501,146.5262,147.0726,147.619,148.1952,148.9048,149.8046,150.7044,151.4437,152.1831,153.1127,154.1757,155.2685,156.3613,157.4243,158.3836,159.2862,160.379,161.6322,162.7547,163.7907,164.9701,166.1665,167.2593,168.2186,169.0914,170.021,170.9506,171.7936,172.6195,173.4328,174.2289,174.9087,175.4849,176.0611,176.7409,177.537,178.3801,179.3394,180.4322,181.6882,183.1344,184.6103,185.9997,187.3721,188.7317,190.0445,191.1372,192.01,192.836,193.6492,194.4454,195.155,195.8645,196.6309,197.3107,197.8869,198.4333,198.9499,199.3629,199.6893,200.0725,200.4557,200.7821,201.195,201.7414,202.451,203.3508,204.2804,205.1532,206.1423,207.3387,208.6217,209.7145,210.5873,211.3835,212.093,212.8324,213.7322,214.632,215.3714,216.1108,217.0403,218.1033,219.1961,220.2889,221.4115,222.6377,223.9504,225.1469,226.136,226.979,227.8049,228.6182,229.4441,230.2574,231.0535,231.7631,232.4727,233.2688,234.1119,235.0712,236.1342,237.227,238.3495,239.6353,241.2745,243.2671,245.3633,247.2522,248.8048,250.1772,251.3736,252.3329,253.0723,253.8117,254.7413,255.8043,256.897,258.0196,259.2756,260.7218,262.1977,263.5872,264.9595,266.3489,267.8248,269.2413,270.334,271.1032,271.8128,272.5792,273.3185,274.1913,275.3706,276.7303,278.2658,280.0384,282.0608,284.1868,286.2389,288.2045,290.2268,292.1897,293.7991,294.9514,295.8539,296.8133,297.8763,298.9691,300.0619,301.1249,302.0842,302.9272,303.7234,304.4032,304.9794,305.5258,306.0722,306.6483,307.3281,308.1243,308.9673,309.9267,310.9599,311.8895,312.6586,313.5314,314.681,315.9072,317.1632,318.4759,319.7021,320.8247,321.9175,323.0102,324.103,325.166,326.0956,326.835,327.5743,328.4742,329.4037,330.2765,331.2656,332.4919,333.9381,335.414,336.8332,338.3389,339.9483,341.528,342.8407,343.7433,344.4827,345.249,345.9289,346.505,347.0514,347.5978,348.2037,349.0765,350.4191,352.2214,354.5702,357.4626,360.4289,362.9237,364.9957,367.194,369.5571,371.8292,373.7054,375.0778,375.9505,376.5565,377.1624,377.9757,379.0216,380.1315,381.4001,382.923,384.8119,386.8784,388.7375,390.1567,391.309,392.372,393.3016,394.0112,394.5874,395.1337,395.6801,396.2265,396.7729,397.3491,398.0587,398.9883,400.0513,401.144,402.2368,403.3296,404.3926,405.352,406.2248,407.1841,408.2173,409.1469,409.8863,410.6256,411.5255,412.455,413.3576,414.4801,415.9561,417.6692,419.3949,420.9475,422.4533,423.8697,424.9625,425.7018,426.278,426.8244,427.4005,428.1101,429.0397,430.1027,431.1657,432.0953,432.8347,433.5443,434.3106,434.9905,435.5666,436.0832,436.4962,436.8226,437.2653,437.9154,438.6818,439.3616,439.9675,440.6473,441.4137,442.0935,442.6697,443.2161,443.7327,444.1457,444.4721,444.8553,445.2384,445.5351,445.8146,446.1112,446.5242,447.0408,447.5872,448.1336,448.68,449.2264,449.7728,450.3192,450.8655,451.4119,451.9881,452.6679,453.4641,454.3071,455.2069,456.003,456.6261,457.2888,457.9388,458.515,459.0912,459.771,460.5374,461.2172,461.7933,462.3397,462.8861,463.4325,463.9789,464.5253,465.0717,465.5883,465.9715,466.1645,466.3872,466.9038,467.6404,468.3203,468.8964,469.4726,470.1524,470.9188,471.6284,472.3677,473.2675,474.1673,474.8769,475.4531,476.059,476.9021,478.1409,479.827,482.0991,484.712,487.2212,489.2138,490.4697,491.0757

Position (um) : 1.8016,1.8047,1.8081,1.8119,1.8169,1.8231,1.8285,1.834,1.8401,1.8449,1.8469,1.8476,1.8493,1.852,1.8537,1.8541,1.8541,1.8541,1.8541,1.8541,1.8541,1.8541,1.8544,1.8561,1.8588,1.8605,1.8609,1.8609,1.8609,1.8605,1.8585,1.8537,1.8473,1.8405,1.8336,1.8268,1.8204,1.8153,1.8112,1.8064,1.802,1.7996,1.7976,1.7945,1.7911,1.7876,1.784,1.7792,1.7744,1.7703,1.7652,1.7584,1.7499,1.7404,1.7319,1.7251,1.7199,1.7159,1.7107,1.7043,1.6975,1.6907,1.6839,1.6767,1.6682,1.6583,1.6482,1.6382,1.6298,1.6226,1.6161,1.611,1.6073,1.6038,1.6005,1.597,1.5937,1.5906,1.5889,1.5882,1.5865,1.5838,1.5817,1.5797,1.577,1.5753,1.5749,1.5749,1.5749,1.5749,1.5749,1.5749,1.5753,1.577,1.5801,1.5838,1.5889,1.5953,1.6025,1.6114,1.6222,1.6318,1.6382,1.6454,1.6546,1.6631,1.6702,1.677,1.6842,1.6923,1.7002,1.7059,1.7111,1.7159,1.7196,1.723,1.7267,1.7323,1.7407,1.7523,1.7656,1.7792,1.7928,1.8064,1.82,1.8336,1.8473,1.8605,1.8721,1.8813,1.8898,1.8977,1.903,1.9069,1.9102,1.9133,1.9146,1.9129,1.9082,1.9017,1.8953,1.8901,1.8861,1.8813,1.8765,1.8728,1.8694,1.866,1.8625,1.8592,1.8557,1.8524,1.8489,1.8456,1.8421,1.8388,1.8353,1.832,1.8285,1.8248,1.82,1.8153,1.8112,1.8064,1.802,1.8,1.7996,1.7996,1.7996,1.8,1.8016,1.8047,1.8081,1.8116,1.8153,1.8204,1.8268,1.8336,1.8401,1.8452,1.8493,1.8544,1.8605,1.8657,1.8694,1.8725,1.8741,1.8745,1.8745,1.8745,1.8745,1.8745,1.8745,1.8745,1.8745,1.8741,1.8725,1.8697,1.8677,1.8657,1.8629,1.8613,1.8609,1.8605,1.8588,1.8561,1.8544,1.8541,1.8537,1.852,1.8493,1.8476,1.8469,1.8452,1.8425,1.8408,1.8401,1.8384,1.8357,1.834,1.8333,1.8316,1.8289,1.8268,1.8248,1.8221,1.8204,1.82,1.8197,1.818,1.8153,1.8136,1.8128,1.8108,1.8064,1.8016,1.7972,1.79,1.7788,1.7656,1.7519,1.7383,1.7247,1.7107,1.6958,1.6819,1.6726,1.6662,1.6579,1.6478,1.6362,1.625,1.6161,1.609,1.6022,1.5953,1.5889,1.5838,1.5801,1.577,1.5749,1.5729,1.5701,1.5681,1.5657,1.5613,1.5569,1.5545,1.5525,1.5497,1.5481,1.5477,1.5477,1.5481,1.5501,1.5545,1.5596,1.5654,1.5729,1.5793,1.5838,1.5893,1.5974,1.6069,1.6154,1.623,1.6318,1.643,1.6538,1.661,1.6655,1.6702,1.675,1.6787,1.6822,1.6855,1.689,1.6923,1.6958,1.6995,1.7047,1.7115,1.7199,1.7295,1.7383,1.7472,1.7571,1.7672,1.7768,1.7836,1.7876,1.7908,1.7924,1.7928,1.7928,1.7924,1.7904,1.7856,1.7792,1.7724,1.7656,1.7588,1.7519,1.7451,1.7383,1.7315,1.7251,1.7203,1.7183,1.7179,1.7179,1.7179,1.7179,1.7179,1.7179,1.7179,1.7179,1.7183,1.7199,1.723,1.7267,1.7315,1.7363,1.74,1.7435,1.7468,1.7503,1.754,1.7588,1.7635,1.7672,1.7703,1.772,1.7724,1.7724,1.7724,1.7727,1.7744,1.7771,1.7788,1.7792,1.7792,1.7792,1.7792,1.7792,1.7792,1.7788,1.7771,1.774,1.7707,1.7672,1.7639,1.7608,1.7591,1.7588,1.7588,1.7588,1.7588,1.7588,1.7588,1.7588,1.7588,1.7588,1.7588,1.7588,1.7588,1.7584,1.7567,1.754,1.7519,1.7499,1.7472,1.7455,1.7451,1.7451,1.7451,1.7451,1.7455,1.7472,1.7507,1.7556,1.7622,1.7693,1.7775,1.7856,1.7924,1.7976,1.8013,1.8044,1.806,1.8064,1.8064,1.806,1.8044,1.8013,1.7976,1.7928,1.7876,1.7823,1.7761,1.7703,1.7632,1.7543,1.7472,1.7411,1.7332,1.7254,1.7203,1.7179,1.7159,1.7128,1.7094,1.7063,1.7043,1.7019,1.6975,1.6927,1.6886,1.6835,1.6774,1.6723,1.6686,1.6651,1.6618,1.6583,1.655,1.6518,1.6498,1.6478,1.645,1.6434,1.6426,1.641,1.6379,1.6345,1.6314,1.6294,1.6274,1.6246,1.623,1.6226,1.6222,1.6205,1.6174,1.6141,1.6106,1.6069,1.6022,1.5974,1.5933,1.5882,1.5817,1.5753,1.5705,1.5681,1.5661,1.563,1.5593,1.5545,1.5501,1.5481,1.5473,1.5457,1.5425,1.5392,1.5361,1.5344,1.5337,1.532,1.5293,1.5273,1.5252,1.5221,1.5188,1.5157,1.5136,1.5116,1.5089,1.5068,1.5048,1.5017,1.4984,1.4953,1.4932,1.4912,1.4884,1.4864,1.4844,1.4816,1.4796,1.4776,1.4748,1.4732,1.4728,1.4728,1.4724,1.4708,1.468,1.4664,1.466,1.466,1.466,1.466,1.466,1.466,1.466,1.4656,1.4636,1.4592,1.4548,1.4531,1.4544,1.4571,1.4588,1.4592,1.4592,1.4592,1.4592,1.4595,1.4612,1.4639,1.4656,1.4664,1.4688,1.4752,1.4851,1.4977,1.5144,1.5337,1.5517,1.565,1.5721,1.5745

Intensity : 459.2808,456.4796,453.4254,449.8282,445.8324,441.4081,437.5246,433.5158,429.2443,425.9605,424.5305,423.9492,422.7982,420.9937,419.8956,419.6159,419.5686,419.4512,418.9954,418.4416,417.7869,416.9962,415.9801,414.2839,412.0443,410.5257,410.0735,410.1975,410.3151,410.6294,411.8091,414.3789,417.7358,421.1868,424.5133,427.7059,430.5946,432.7904,434.7927,437.0515,438.4172,438.7218,438.8732,439.7648,440.5194,441.0474,441.6525,443.0928,444.7397,445.7204,446.9259,448.7601,451.0391,453.4571,455.5676,457.4496,458.8568,459.5534,460.9487,463.416,466.3854,469.3721,472.3003,475.3597,478.8355,483.07,487.5633,491.619,494.4983,496.6347,498.6875,500.4228,501.4287,502.2504,502.5698,502.7669,503.1057,503.6127,503.0083,501.5245,501.1101,502.0805,502.6307,503.1164,504.1317,504.6901,504.4898,504.0203,503.6038,503.2508,502.916,502.5813,501.9694,501.618,500.4451,498.7731,495.9139,492.1315,488.5042,484.7577,479.1125,473.4622,470.2285,468.3299,465.0978,462.2725,459.8608,456.8381,452.9415,448.0937,443.3484,440.2604,438.0912,435.9926,434.5034,433.0862,431.5998,429.036,424.9079,419.2283,413.2436,407.8621,402.5183,397.139,393.3868,390.448,385.1321,379.7555,375.1083,371.5632,368.1926,364.7944,362.0526,358.8929,356.1978,353.8072,352.4107,352.4497,353.8317,355.7981,357.7834,359.2404,360.1868,361.3967,362.5977,363.4625,364.3631,365.4491,366.8122,368.1316,369.5466,370.8718,372.2403,373.5281,374.8615,376.1009,377.4106,378.6618,380.0096,381.4564,383.3629,386.8889,391.5359,397.0482,402.5897,406.4635,408.6801,410.2728,411.7832,413.0337,413.3731,412.6783,411.8137,410.721,408.8733,406.7774,404.0829,401.2567,398.6149,396.6491,395.1329,392.8831,390.1641,387.9676,386.5295,384.9756,383.5335,382.8213,382.3108,381.8004,381.2899,380.7794,380.2689,379.7306,379.0955,378.5811,378.822,379.6491,380.0385,379.7847,379.6211,378.9401,377.5661,376.102,374.9038,373.6619,371.8404,369.8422,367.838,365.8611,364.1189,365.8544,367.1826,368.9184,371.0794,372.7006,374.0744,376.0506,378.4483,380.2719,381.7836,383.7498,386.1217,388.0159,389.8186,392.0013,393.6666,394.0692,394.1515,394.8369,396.0231,396.779,397.2057,398.4953,401.3626,404.4809,407.386,412.1463,418.4857,424.847,430.8724,436.6179,442.3373,448.1241,456.2089,463.5166,467.5944,470.1039,474.1747,479.7636,486.5336,493.2448,498.0272,501.2717,505.0032,509.691,514.186,517.5808,519.9094,521.8955,522.8341,523.7608,525.3905,526.2291,527.08,529.2175,530.8882,530.8014,530.5075,533.5102,537.7849,541.2305,543.9169,545.7842,546.2363,544.7674,542.9052,541.1326,538.114,535.4957,534.349,533.0323,530.4239,526.7833,523.6723,521.1707,517.845,512.1187,506.4984,503.2015,501.6446,499.8241,497.9951,496.9915,496.1296,495.3589,492.5675,489.4504,486.1151,482.5577,477.7945,472.0739,465.5083,458.2432,451.2868,447.0366,442.5399,437.8231,433.1331,428.3724,422.5343,417.7116,414.3998,412.4689,410.7932,408.9446,407.9589,408.8669,412.2576,415.7388,418.9847,422.1561,425.3761,428.5732,433.7049,439.9048,445.6872,449.9541,452.0562,453.003,453.7639,454.498,455.1577,455.0062,454.8315,454.6341,454.4064,453.9068,453.7415,452.8791,451.4679,449.2143,445.3472,441.2747,437.7398,434.5274,431.1356,427.479,422.9908,419.5354,418.9094,418.5283,418.9821,420.2798,421.6162,422.7488,423.5588,423.4529,422.648,422.8213,424.1422,424.3035,424.163,424.0116,423.8755,423.7628,423.8743,424.753,426.4732,428.4338,431.0156,433.471,435.7602,437.1559,437.7648,438.1477,438.5201,437.0985,435.5442,433.99,432.0985,430.1443,428.3096,426.2303,423.6527,420.6126,419.9718,420.1733,421.003,421.3519,421.7319,422.3119,421.7439,420.6557,419.2873,418.0735,417.0447,415.8398,413.8392,410.6162,406.0079,399.6144,394.8464,391.0792,387.6129,383.7437,378.1816,373.9247,369.9167,367.6649,366.9735,366.5968,366.5654,367.492,369.4439,371.4006,373.5977,375.7012,377.7905,380.1459,381.7478,383.6197,389.2469,394.6963,399.1653,404.4814,409.5983,413.0882,414.6326,415.1156,416.2295,417.4341,418.6985,419.6042,420.7377,423.2157,425.5939,427.1396,429.3488,432.1102,434.5454,435.9477,437.211,438.3766,439.4421,440.2012,440.8699,441.0659,441.2158,440.8319,439.1699,437.0191,434.7198,432.0949,428.729,425.0497,420.6439,416.247,412.3889,409.1659,406.6628,404.7394,403.4104,402.4941,401.1205,400.5847,399.8559,399.4239,399.1086,398.8811,399.0161,399.3908,399.9037,400.1072,399.7188,399.433,399.6646,399.8898,400.0534,399.9144,399.25,398.3415,397.5825,397.124,396.9121,396.8411,396.3771,395.6789,395.4689,395.7703,395.7477,395.7319,396.5311,397.4266,398.2311,398.5959,398.877,399.3479,399.5814,399.8027,400.3423,400.9279,401.4296,401.6523,402.0082,402.5957,402.791,402.8574,403.6548,404.5822,405.4788,406.5936,407.3114,407.5533,407.6481,407.8756,408.5775,409.6657,410.3499,410.5619,410.6396,411.0547,411.5014,411.948,412.3947,412.8414,413.3924,414.4108,416.0957,417.8049,418.8038,418.9581,418.5633,418.4577,418.8001,419.3558,419.9824,420.241,420.3634,420.069,419.3582,418.9607,418.8554,418.1209,415.874,412.2613,408.1021,405.3712,401.9983,398.7424,396.5849,395.6643,395.5965

Time pixel : 1.24587,1.2941,1.37002,1.46647,1.58051,1.72171,1.8805,2.05287,2.21829,2.34939,2.45132,2.54777,2.64275,2.73573,2.81512,2.88241,2.94622,3.0135,3.0929,3.18935,3.30339,3.44112,3.58084,3.71194,3.83609,3.94465,4.02752,4.0948,4.15861,4.22242,4.28624,4.35005,4.41733,4.49673,4.5897,4.68468,4.77766,4.86053,4.93992,5.01384,5.06754,5.11577,5.16052,5.19864,5.24687,5.3072,5.36753,5.41576,5.45388,5.50211,5.56244,5.62973,5.70912,5.79863,5.87454,5.92625,5.96436,6.00912,6.05387,6.08851,6.12115,6.15232,6.18496,6.21961,6.26436,6.30911,6.34723,6.39546,6.45579,6.51612,6.56435,6.59899,6.63164,6.66628,6.71451,6.77136,6.81959,6.85771,6.90594,6.96627,7.03008,7.09737,7.18024,7.28532,7.39041,7.47675,7.55962,7.64913,7.72852,7.79581,7.85962,7.92343,7.98724,8.05105,8.11486,8.17867,8.24248,8.31672,8.43423,8.60976,8.78728,8.92186,9.02726,9.1393,9.26345,9.38759,9.49615,9.57902,9.64631,9.71012,9.77393,9.83426,9.88249,9.91713,9.94978,9.98094,10.0136,10.0482,10.0965,10.1637,10.2622,10.3965,10.5397,10.6898,10.8622,11.0467,11.2225,11.3848,11.545,11.7003,11.8381,11.94,12.0264,12.1159,12.1952,12.2625,12.3263,12.3936,12.473,12.5625,12.6419,12.7092,12.773,12.8368,12.8972,12.9454,12.9835,13.0317,13.0886,13.1368,13.1749,13.2232,13.2835,13.3508,13.4302,13.5232,13.6181,13.7111,13.794,13.8769,13.9698,14.0648,14.1613,14.2597,14.3683,14.4734,14.5562,14.6235,14.6873,14.7511,14.8149,14.8788,14.9426,15.0064,15.0702,15.1375,15.2169,15.3099,15.4083,15.5134,15.6064,15.6791,15.76,15.8515,15.9445,16.0239,16.0912,16.155,16.2188,16.2826,16.3464,16.4102,16.474,16.5413,16.6207,16.7102,16.7931,16.8759,16.9654,17.0448,17.1121,17.1759,17.2397,17.307,17.3899,17.495,17.6001,17.6864,17.7728,17.8813,18.0055,18.1331,18.2607,18.3849,18.4969,18.6023,18.7299,18.8763,19.0074,19.1284,19.2661,19.4058,19.5334,19.6455,19.7474,19.856,19.9645,20.063,20.1594,20.2544,20.3474,20.4268,20.4941,20.5614,20.6408,20.7337,20.8322,20.9442,21.0718,21.2185,21.3874,21.5598,21.7221,21.8823,22.0411,22.1944,22.322,22.424,22.5204,22.6154,22.7084,22.7912,22.8741,22.9636,23.043,23.1103,23.1741,23.2344,23.2827,23.3208,23.3655,23.4103,23.4484,23.4966,23.5605,23.6433,23.7484,23.857,23.9589,24.0744,24.2141,24.364,24.4916,24.5935,24.6865,24.7694,24.8557,24.9608,25.0659,25.1522,25.2386,25.3471,25.4713,25.5989,25.7265,25.8576,26.0008,26.1541,26.2939,26.4094,26.5078,26.6043,26.6993,26.7957,26.8907,26.9837,27.0665,27.1494,27.2424,27.3408,27.4529,27.577,27.7046,27.8357,27.9859,28.1773,28.41,28.6549,28.8755,29.0568,29.217,29.3568,29.4688,29.5552,29.6415,29.7501,29.8742,30.0018,30.1329,30.2796,30.4485,30.6209,30.7831,30.9434,31.1057,31.278,31.4434,31.5711,31.6609,31.7438,31.8333,31.9196,32.0215,32.1593,32.3181,32.4974,32.7044,32.9406,33.1889,33.4285,33.6581,33.8943,34.1235,34.3114,34.446,34.5514,34.6635,34.7876,34.9152,35.0428,35.167,35.279,35.3775,35.4705,35.5499,35.6171,35.6809,35.7448,35.812,35.8914,35.9844,36.0829,36.1949,36.3156,36.4241,36.514,36.6159,36.7501,36.8933,37.04,37.1933,37.3365,37.4676,37.5953,37.7229,37.8505,37.9746,38.0832,38.1696,38.2559,38.361,38.4695,38.5715,38.687,38.8302,38.9991,39.1715,39.3372,39.513,39.701,39.8855,40.0388,40.1442,40.2305,40.32,40.3994,40.4667,40.5305,40.5943,40.6651,40.767,40.9238,41.1343,41.4086,41.7464,42.0928,42.3842,42.6262,42.8829,43.1589,43.4242,43.6433,43.8036,43.9055,43.9763,44.0471,44.142,44.2642,44.3938,44.542,44.7198,44.9404,45.1817,45.3989,45.5646,45.6992,45.8233,45.9319,46.0148,46.082,46.1459,46.2097,46.2735,46.3373,46.4046,46.4874,46.596,46.7201,46.8478,46.9754,47.103,47.2272,47.3392,47.4411,47.5532,47.6738,47.7824,47.8687,47.9551,48.0602,48.1687,48.2741,48.4052,48.5776,48.7777,48.9792,49.1605,49.3364,49.5018,49.6294,49.7158,49.783,49.8469,49.9141,49.997,50.1056,50.2297,50.3539,50.4624,50.5488,50.6316,50.7211,50.8005,50.8678,50.9282,50.9764,51.0145,51.0662,51.1421,51.2316,51.311,51.3818,51.4612,51.5507,51.6301,51.6974,51.7612,51.8215,51.8697,51.9078,51.9526,51.9973,52.032,52.0646,52.0993,52.1475,52.2078,52.2716,52.3355,52.3993,52.4631,52.5269,52.5907,52.6545,52.7183,52.7856,52.865,52.958,53.0564,53.1615,53.2545,53.3273,53.4047,53.4806,53.5479,53.6151,53.6945,53.784,53.8634,53.9307,53.9945,54.0583,54.1222,54.186,54.2498,54.3136,54.3739,54.4187,54.4412,54.4672,54.5276,54.6136,54.693,54.7603,54.8275,54.9069,54.9964,55.0793,55.1657,55.2707,55.3758,55.4587,55.526,55.5967,55.6952,55.8399,56.0368,56.3021,56.6073,56.9003,57.133,57.2797,57.3505

Position pixel : 16.8851,16.9142,16.9454,16.9815,17.0283,17.0866,17.1368,17.1885,17.2454,17.2901,17.3092,17.3161,17.3317,17.3574,17.373,17.3765,17.3765,17.3765,17.3765,17.3765,17.3765,17.3765,17.38,17.3955,17.4212,17.4368,17.4403,17.4403,17.4403,17.4368,17.4178,17.373,17.3127,17.2489,17.1851,17.1212,17.0609,17.0127,16.9746,16.9298,16.8885,16.866,16.8469,16.8178,16.7866,16.754,16.7193,16.6746,16.6298,16.5917,16.5435,16.4797,16.4003,16.3108,16.2314,16.1676,16.1193,16.0812,16.033,15.9727,15.9088,15.845,15.7812,15.7139,15.6345,15.5416,15.4466,15.3536,15.2742,15.2069,15.1466,15.0984,15.0637,15.0311,14.9999,14.9673,14.9361,14.9069,14.8914,14.8844,14.8688,14.8431,14.8241,14.805,14.7793,14.7637,14.7603,14.7603,14.7603,14.7603,14.7603,14.7603,14.7637,14.7793,14.8085,14.8431,14.8914,14.9517,15.019,15.1018,15.2035,15.293,15.3536,15.4209,15.5069,15.5863,15.6536,15.7174,15.7847,15.8606,15.9345,15.9882,16.0365,16.0812,16.1159,16.1485,16.1831,16.2348,16.3142,16.4228,16.5469,16.6746,16.8022,16.9298,17.0574,17.1851,17.3127,17.4368,17.5454,17.6317,17.7111,17.785,17.8353,17.8714,17.9025,17.9317,17.9438,17.9282,17.8835,17.8232,17.7628,17.7146,17.6765,17.6317,17.587,17.5523,17.5197,17.4885,17.4559,17.4247,17.3921,17.3609,17.3283,17.2971,17.2644,17.2333,17.2006,17.1695,17.1368,17.1022,17.0574,17.0127,16.9746,16.9298,16.8885,16.8695,16.866,16.866,16.866,16.8695,16.8851,16.9142,16.9454,16.978,17.0127,17.0609,17.1212,17.1851,17.2454,17.2936,17.3317,17.38,17.4368,17.485,17.5197,17.5489,17.5644,17.5679,17.5679,17.5679,17.5679,17.5679,17.5679,17.5679,17.5679,17.5644,17.5489,17.5232,17.5041,17.485,17.4594,17.4438,17.4403,17.4368,17.4212,17.3955,17.38,17.3765,17.373,17.3574,17.3317,17.3161,17.3092,17.2936,17.2679,17.2523,17.2454,17.2298,17.2041,17.1885,17.1816,17.166,17.1403,17.1212,17.1022,17.0765,17.0609,17.0574,17.054,17.0384,17.0127,16.9971,16.9901,16.9711,16.9298,16.8851,16.8435,16.7762,16.6711,16.5469,16.4193,16.2917,16.1641,16.033,15.8933,15.7625,15.6761,15.6155,15.5381,15.4431,15.3345,15.2295,15.1466,15.0793,15.0155,14.9517,14.8914,14.8431,14.8085,14.7793,14.7603,14.7412,14.7155,14.6964,14.6739,14.6326,14.5914,14.5688,14.5498,14.5241,14.5085,14.505,14.505,14.5085,14.5276,14.5688,14.6171,14.6708,14.7412,14.8015,14.8431,14.8948,14.9707,15.0602,15.1396,15.2104,15.2933,15.3984,15.5,15.5673,15.6088,15.6536,15.6984,15.733,15.7656,15.7968,15.8294,15.8606,15.8933,15.9279,15.9761,16.0399,16.1193,16.2088,16.2917,16.3746,16.4676,16.5625,16.652,16.7158,16.754,16.7831,16.7987,16.8022,16.8022,16.7987,16.7797,16.7349,16.6746,16.6108,16.5469,16.4831,16.4193,16.3555,16.2917,16.2279,16.1676,16.1228,16.1038,16.1003,16.1003,16.1003,16.1003,16.1003,16.1003,16.1003,16.1003,16.1038,16.1193,16.1485,16.1831,16.2279,16.2726,16.3073,16.3399,16.3711,16.4037,16.4384,16.4831,16.5279,16.5625,16.5917,16.6073,16.6108,16.6108,16.6108,16.6142,16.6298,16.6555,16.6711,16.6746,16.6746,16.6746,16.6746,16.6746,16.6746,16.6711,16.6555,16.6263,16.5952,16.5625,16.5314,16.5022,16.4866,16.4831,16.4831,16.4831,16.4831,16.4831,16.4831,16.4831,16.4831,16.4831,16.4831,16.4831,16.4831,16.4797,16.4641,16.4384,16.4193,16.4003,16.3746,16.359,16.3555,16.3555,16.3555,16.3555,16.359,16.3746,16.4072,16.454,16.5158,16.5816,16.659,16.7349,16.7987,16.8469,16.8816,16.9107,16.9263,16.9298,16.9298,16.9263,16.9107,16.8816,16.8469,16.8022,16.754,16.7037,16.6454,16.5917,16.5244,16.4419,16.3746,16.3174,16.2435,16.171,16.1228,16.1003,16.0812,16.052,16.0209,15.9917,15.9727,15.9501,15.9088,15.8641,15.826,15.7777,15.7209,15.6727,15.638,15.6054,15.5742,15.5416,15.5104,15.4812,15.4622,15.4431,15.4174,15.4018,15.3949,15.3793,15.3501,15.319,15.2898,15.2707,15.2517,15.226,15.2104,15.2069,15.2035,15.1879,15.1587,15.1275,15.0949,15.0602,15.0155,14.9707,14.9326,14.8844,14.8241,14.7637,14.719,14.6964,14.6774,14.6482,14.6136,14.5688,14.5276,14.5085,14.5015,14.486,14.4568,14.4256,14.3965,14.3809,14.3739,14.3583,14.3326,14.3136,14.2945,14.2654,14.2342,14.205,14.186,14.1669,14.1412,14.1222,14.1031,14.0739,14.0428,14.0136,13.9945,13.9755,13.9498,13.9307,13.9117,13.886,13.8669,13.8479,13.8222,13.8066,13.8031,13.8031,13.7996,13.784,13.7583,13.7428,13.7393,13.7393,13.7393,13.7393,13.7393,13.7393,13.7393,13.7358,13.7168,13.6755,13.6342,13.6186,13.6307,13.6564,13.672,13.6755,13.6755,13.6755,13.6755,13.679,13.6945,13.7202,13.7358,13.7428,13.7653,13.8256,13.9186,14.0361,14.1929,14.3739,14.5428,14.667,14.7342,14.7568

Brightness max : 526.18
Brightness min : 249.00
Feature direction : Ambiguous
Feature speed : Slow
Feature type : Curve
Start frame : 1
End frame : 71
Start time (s) : 0.000
End time (s) : 599.390
Time step (s) : 8.563

Feature number : 10

Time (s) : 179.8858,180.049,180.462,181.112,181.9082,182.7214,183.5176,184.1974,184.7735,185.3199,185.8663,186.3829,186.7959,187.1223,187.5353,188.0221,188.4053,188.5983,188.7615,189.0112,189.2781,189.5278,189.6911,189.8543,190.104,190.4006,190.8136,191.3302,191.8468,192.2598,192.5564,192.8062,192.9694,193.1326,193.3526

Position (um) : 4.8114,4.8162,4.823,4.8318,4.8438,4.8583,4.873,4.8855,4.8975,4.9087,4.9176,4.9247,4.9319,4.9404,4.9503,4.9604,4.9704,4.9788,4.986,4.9928,4.9996,5.0064,5.0132,5.0201,5.0276,5.0385,5.0545,5.0725,5.0894,5.1041,5.1146,5.1222,5.1286,5.1334,5.1354

Intensity : 320.0961,319.7028,319.1979,318.5691,317.6739,316.5125,315.3051,314.2549,313.2185,312.242,311.6238,311.1389,310.6298,309.9915,309.2511,308.51,307.7423,306.9229,306.2342,305.5368,304.8384,304.1562,303.5221,302.933,302.2659,301.34,300.0017,298.4898,297.075,295.8764,295.0272,294.3999,293.7998,293.3398,293.0912

Time pixel : 21.008,21.0271,21.0753,21.1512,21.2442,21.3392,21.4322,21.5116,21.5789,21.6427,21.7065,21.7668,21.815,21.8532,21.9014,21.9582,22.003,22.0255,22.0446,22.0738,22.1049,22.1341,22.1531,22.1722,22.2014,22.236,22.2842,22.3446,22.4049,22.4531,22.4878,22.5169,22.536,22.5551,22.5808

Position pixel : 45.0927,45.1375,45.2013,45.2842,45.3962,45.5324,45.6702,45.7877,45.8997,46.0048,46.0877,46.155,46.2223,46.3016,46.3946,46.4896,46.5826,46.662,46.7293,46.7931,46.8569,46.9207,46.9845,47.0483,47.1191,47.221,47.3708,47.5397,47.6985,47.8363,47.9347,48.0055,48.0658,48.1106,48.1296

Brightness max : 526.18
Brightness min : 249.00
Feature direction : Ambiguous
Feature speed : Slow
Feature type : Curve
Start frame : 1
End frame : 71
Start time (s) : 0.000
End time (s) : 599.390
Time step (s) : 8.563

