KYMOANALYSIS DATA

General Information :

Tiff path : G:\My Drive\microtubule dynamics and cut7\21-15 screens and tests\cut11-7\20-06-17&18 (cut11-7, cut7-3GFP, Klp5D, mts)\
Spindle type : Monopolar
Start frame : 1
End frame : 104
Start time (s) : 0.000
End time (s) : 419.730
Time step (s) : 4.075
Num poles : 1
Num tracks : 6
Num tracks poleward : 0
Num tracks antipoleward : 0
Num tracks ambiguous : 6
Comments : {

}
Poles Information :


Pole number : 1

Time (s) : 4.075049,8.190049,12.30505,16.42005,20.53505,24.65005,28.76505,32.88005,36.99505,41.11005,45.22505,49.34005,53.45505,57.57005,61.68505,65.80005,69.91505,74.03005,78.14505,82.26005,86.37505,90.49005,94.60505,98.72005,102.835,106.95,111.065,115.18,119.295,123.41,127.525,131.64,135.755,139.87,143.985,148.1,152.215,156.33,160.445,164.56,168.675,172.79,176.905,181.02,185.135,189.25,193.365,197.48,201.595,205.71,209.825,213.94,218.055,222.17,226.285,230.4,234.515,238.63,242.745,246.86,250.975,255.09,259.205,263.32,267.435,271.55,275.665,279.78,283.895,288.01,292.125,296.24,300.355,304.47,308.585,312.7,316.815,320.93,325.045,329.16,333.275,337.39,341.505,345.62,349.735,353.85,357.965,362.08,366.195,370.31,374.425,378.54,382.655,386.77,390.885,395,399.115,403.23,407.345,411.46,415.575,419.69,423.805

Position (um) : 1.5548,1.5548,1.5548,1.5548,1.5548,1.5548,1.5548,1.5548,1.5548,1.5548,1.5548,1.5548,1.5548,1.5548,1.5548,1.5548,1.5548,1.5548,1.5548,1.5548,1.5548,1.5548,1.5548,1.5548,1.5548,1.5548,1.5548,1.5548,1.5548,1.5548,1.5548,1.5548,1.5548,1.5548,1.5548,1.5548,1.5548,1.5548,1.5548,1.5548,1.5548,1.5548,1.5548,1.5548,1.5548,1.5548,1.5548,1.5548,1.5548,1.5548,1.5548,1.5548,1.5548,1.5548,1.5548,1.5548,1.5548,1.5548,1.5548,1.5548,1.5548,1.5548,1.5548,1.5548,1.5548,1.5548,1.5548,1.5548,1.5548,1.5548,1.5548,1.5548,1.5548,1.5548,1.5548,1.5548,1.5548,1.5548,1.5548,1.5548,1.5548,1.5548,1.5548,1.5548,1.5548,1.5548,1.5548,1.5548,1.5548,1.5548,1.5548,1.5548,1.5548,1.5548,1.5548,1.5548,1.5548,1.5548,1.5548,1.5548,1.5548,1.5548,1.5548

Intensity : 1026.2789,1013.5326,981.52101,986.22127,980.00213,990.87549,996.99389,1041.5613,1024.5716,1004.4617,973.03922,1007.3157,1015.418,1008.2806,977.73832,951.87715,953.43407,964.16636,976.76637,963.53937,951.29212,925.05244,915.19678,912.22856,919.04183,922.88467,914.5287,903.16765,908.54584,929.66282,955.42726,964.80441,992.69094,1026.7214,1078.4698,1105.5339,1120.9352,1124.435,1127.3599,1125.2767,1105.4345,1091.9631,1093.5673,1090.5367,1086.9233,1073.2108,1075.2762,1067.0543,1052.5245,1030.364,1022.2746,1048.2844,1100.9486,1137.935,1133.8298,1111.2033,1113.0241,1123.4817,1114.13,1076.4346,1054.2184,1034.4696,1025.41,1028.6278,1057.6152,1090.7901,1110.3037,1108.8688,1111.5235,1096.8357,1095.5403,1074.5938,1083.1598,1108.8317,1124.5652,1133.5322,1154.8395,1181.4885,1193.7895,1201.9877,1216.9641,1249.1571,1242.7871,1232.6845,1192.3183,1167.6902,1183.4594,1216.2441,1229.7902,1189.7595,1165.5633,1178.3106,1195.2192,1182.7899,1171.9498,1192.9654,1177.0951,1139.8663,1094.905,1084.2725,1089.1853,1070.9004,1070.7183

Time pixel : 1,2.009804,3.019608,4.029412,5.039216,6.04902,7.058824,8.068627,9.078431,10.08824,11.09804,12.10784,13.11765,14.12745,15.13725,16.14706,17.15686,18.16667,19.17647,20.18627,21.19608,22.20588,23.21569,24.22549,25.23529,26.2451,27.2549,28.26471,29.27451,30.28431,31.29412,32.30392,33.31373,34.32353,35.33333,36.34314,37.35294,38.36275,39.37255,40.38235,41.39216,42.40196,43.41176,44.42157,45.43137,46.44118,47.45098,48.46078,49.47059,50.48039,51.4902,52.5,53.5098,54.51961,55.52941,56.53922,57.54902,58.55882,59.56863,60.57843,61.58824,62.59804,63.60784,64.61765,65.62745,66.63725,67.64706,68.65686,69.66667,70.67647,71.68627,72.69608,73.70588,74.71569,75.72549,76.73529,77.7451,78.7549,79.76471,80.77451,81.78431,82.79412,83.80392,84.81373,85.82353,86.83333,87.84314,88.85294,89.86275,90.87255,91.88235,92.89216,93.90196,94.91176,95.92157,96.93137,97.94118,98.95098,99.96078,100.9706,101.9804,102.9902,104

Position pixel : 14.5716,14.5716,14.5716,14.5716,14.5716,14.5716,14.5716,14.5716,14.5716,14.5716,14.5716,14.5716,14.5716,14.5716,14.5716,14.5716,14.5716,14.5716,14.5716,14.5716,14.5716,14.5716,14.5716,14.5716,14.5716,14.5716,14.5716,14.5716,14.5716,14.5716,14.5716,14.5716,14.5716,14.5716,14.5716,14.5716,14.5716,14.5716,14.5716,14.5716,14.5716,14.5716,14.5716,14.5716,14.5716,14.5716,14.5716,14.5716,14.5716,14.5716,14.5716,14.5716,14.5716,14.5716,14.5716,14.5716,14.5716,14.5716,14.5716,14.5716,14.5716,14.5716,14.5716,14.5716,14.5716,14.5716,14.5716,14.5716,14.5716,14.5716,14.5716,14.5716,14.5716,14.5716,14.5716,14.5716,14.5716,14.5716,14.5716,14.5716,14.5716,14.5716,14.5716,14.5716,14.5716,14.5716,14.5716,14.5716,14.5716,14.5716,14.5716,14.5716,14.5716,14.5716,14.5716,14.5716,14.5716,14.5716,14.5716,14.5716,14.5716,14.5716,14.5716

Pole type : Line
Start frame : 1
End frame : 104
Start time (s) : 0.000
End time (s) : 419.730
Time step (s) : 4.075

Feature Information :


Feature number : 1

Time (s) : 4.7841,5.07329,5.52849,6.086,6.65549,7.23385,7.80334,8.3817,8.95119,9.5087,9.98475,10.3882,10.75,11.0392,11.2677,11.5361,11.8044,12.033,12.3221,12.6839,13.0665,13.4491,13.8318,14.2144,14.597,14.9796,15.3622,15.7448,16.1275,16.5101,16.8927,17.2753,17.6579,18.0405,18.4232,18.8058,19.1884,19.571,19.9536,20.3362,20.7189,21.1015,21.4841,21.8459,22.135,22.3636,22.6736,23.1288,23.6655,24.1416,24.545,24.9276,25.3102,25.6929,26.0755,26.4581,26.8616,27.3585,27.9677,28.5044,28.8472,29.1573,29.519,29.9016,30.2843,30.6877,31.1638,31.7213,32.2908,32.8483,33.3035,33.6135,33.8421,34.1521,34.6073,35.1648,35.7343,36.3127,36.8822,37.4397,37.9366,38.4543,39.1053,39.8497,40.6149,41.401,42.2388,43.0438,43.6341,44.0584,44.4411,44.8237,45.2063,45.6098,46.1067,46.7368,47.3877,48.0197,48.8058,49.7977,50.8104,51.6691,52.3409,52.8378,53.2412,53.6238,54.0065,54.4099,54.886,55.4226,55.8987,56.323,56.8199,57.4709,58.1944,58.8662,59.4565,60.014,60.5109,61.0078,61.5654,62.1348,62.6924,63.2101,63.8213,64.6054,65.3707,66.0961,66.922,67.7807,68.6393,69.4443,70.0347,70.4381,70.7064,70.8416,70.9767,71.2242,71.5134,71.8562,72.372,72.867,73.1164,73.2516,73.4265,73.655,74.0376,74.5535,75.0295,75.4121,75.7013,75.9299,76.1982,76.4457,76.56

Position (um) : 2.5902,2.5972,2.6067,2.6167,2.6262,2.6343,2.6422,2.6508,2.6563,2.6598,2.6638,2.6663,2.6674,2.6698,2.6738,2.6768,2.6798,2.6839,2.6863,2.6869,2.6869,2.6869,2.6869,2.6869,2.6869,2.6869,2.6869,2.6869,2.6869,2.6869,2.6869,2.6869,2.6869,2.6869,2.6869,2.6869,2.6869,2.6874,2.6898,2.6939,2.6963,2.6969,2.6969,2.6974,2.6999,2.7039,2.7069,2.7099,2.7145,2.7194,2.7239,2.7264,2.7275,2.7299,2.734,2.7364,2.7375,2.7399,2.7445,2.7494,2.754,2.7564,2.7575,2.76,2.764,2.767,2.7705,2.777,2.784,2.7895,2.7946,2.7995,2.8041,2.8065,2.8071,2.8071,2.8071,2.8071,2.8071,2.8071,2.8071,2.8071,2.8071,2.8071,2.8076,2.8101,2.8141,2.8165,2.8171,2.8171,2.8171,2.8171,2.8171,2.8176,2.8201,2.8247,2.8296,2.8347,2.8401,2.8471,2.8542,2.8596,2.8647,2.8696,2.8742,2.8772,2.8802,2.8848,2.8902,2.8978,2.9073,2.9167,2.9248,2.9333,2.9449,2.9568,2.9674,2.9774,2.988,3.0004,3.015,3.0299,3.0445,3.0581,3.0746,3.0982,3.1252,3.1531,3.1834,3.2162,3.2519,3.2833,3.3074,3.3275,3.3445,3.3581,3.3711,3.3857,3.4017,3.4212,3.4417,3.4572,3.4677,3.4753,3.4807,3.487,3.4973,3.5129,3.5268,3.5354,3.5409,3.546,3.5514,3.5584,3.5649

Intensity : 401.2525,400.3058,398.9134,397.3363,395.8496,394.4402,393.1555,392.0585,391.0697,390.068,389.264,388.5591,387.8906,387.3373,386.9111,386.4107,385.9177,385.5162,385.1007,384.8232,384.5245,384.2258,383.9271,383.6284,383.3297,383.031,382.7323,382.4336,382.1349,382.2669,382.7534,383.2399,383.7263,384.2128,384.6993,385.1858,385.6723,386.1629,386.6705,387.197,387.6598,388.1043,388.5411,388.9702,389.3849,389.8037,390.3106,391.0349,391.9947,392.9538,393.8064,394.384,394.8712,395.4414,396.1054,396.6656,397.1623,397.8361,398.7456,399.5844,399.5327,399.3551,399.0491,398.8042,398.6592,398.4369,398.1822,398.0744,398.0422,398.0591,398.2588,398.4717,398.6798,398.6971,398.5172,398.2539,397.985,397.7119,397.1152,395.9682,394.946,393.8808,392.5415,391.0101,389.4712,387.6495,385.6923,383.7038,382.1687,381.0438,380.0294,379.015,377.4592,375.8424,373.941,371.6136,369.2317,366.9533,364.088,364.3335,365.0824,365.7552,366.3961,366.9926,367.7372,368.4505,369.1954,369.8729,370.6768,371.7309,372.8968,374.0981,375.4602,377.7225,380.79,383.8312,386.6023,389.3019,391.8795,393.2451,393.3184,393.3952,393.8867,394.7119,396.1649,398.2871,396.6089,392.114,387.5675,382.6879,377.9175,374.6055,372.2715,369.3163,366.8849,365.0338,363.2605,361.2038,358.9544,356.1867,353.0748,350.6962,349.1453,348.0671,347.1525,345.9382,344.0171,341.4374,339.1701,337.5966,336.6087,335.7564,334.8665,333.847,333.0202

Time pixel : 1.174,1.24496,1.35667,1.49348,1.63323,1.77516,1.91491,2.05683,2.19658,2.3334,2.45022,2.54923,2.638,2.70897,2.76505,2.8309,2.89675,2.95284,3.0238,3.11258,3.20647,3.30036,3.39426,3.48815,3.58204,3.67593,3.76983,3.86372,3.95761,4.0515,4.1454,4.23929,4.33318,4.42707,4.52097,4.61486,4.70875,4.80264,4.89654,4.99043,5.08432,5.17821,5.27211,5.36088,5.43185,5.48794,5.56402,5.67572,5.80742,5.92424,6.02325,6.11714,6.21103,6.30492,6.39881,6.49271,6.59172,6.71365,6.86316,6.99486,7.07899,7.15507,7.24385,7.33774,7.43163,7.53064,7.64746,7.78427,7.92402,8.06083,8.17254,8.24862,8.30471,8.38079,8.49249,8.6293,8.76905,8.91098,9.05073,9.18754,9.30948,9.43653,9.59627,9.77894,9.96673,10.1596,10.3652,10.5628,10.7076,10.8118,10.9057,10.9995,11.0934,11.1924,11.3144,11.469,11.6287,11.7838,11.9767,12.2201,12.4687,12.6794,12.8442,12.9662,13.0652,13.1591,13.253,13.352,13.4688,13.6005,13.7173,13.8214,13.9434,14.1031,14.2807,14.4455,14.5904,14.7272,14.8491,14.9711,15.1079,15.2476,15.3844,15.5115,15.6615,15.8539,16.0417,16.2197,16.4224,16.6331,16.8438,17.0413,17.1862,17.2852,17.3511,17.3842,17.4174,17.4781,17.5491,17.6332,17.7598,17.8813,17.9425,17.9756,18.0185,18.0746,18.1685,18.2951,18.4119,18.5058,18.5768,18.6329,18.6987,18.7595,18.7875

Position pixel : 24.2756,24.3415,24.4303,24.5242,24.6129,24.689,24.7629,24.8436,24.8946,24.9278,24.9656,24.9885,24.9987,25.0217,25.0595,25.0875,25.1156,25.1534,25.1763,25.1814,25.1814,25.1814,25.1814,25.1814,25.1814,25.1814,25.1814,25.1814,25.1814,25.1814,25.1814,25.1814,25.1814,25.1814,25.1814,25.1814,25.1814,25.1865,25.2094,25.2473,25.2702,25.2753,25.2753,25.2804,25.3033,25.3411,25.3692,25.3972,25.4402,25.486,25.5289,25.5519,25.5621,25.585,25.6228,25.6457,25.656,25.6789,25.7218,25.7677,25.8106,25.8335,25.8438,25.8667,25.9045,25.9325,25.9657,26.0264,26.0923,26.1433,26.1913,26.2371,26.2801,26.303,26.3081,26.3081,26.3081,26.3081,26.3081,26.3081,26.3081,26.3081,26.3081,26.3081,26.3132,26.3362,26.374,26.3969,26.402,26.402,26.402,26.402,26.402,26.4071,26.4301,26.473,26.5188,26.5669,26.6178,26.6837,26.7495,26.8005,26.8485,26.8944,26.9373,26.9654,26.9934,27.0363,27.0873,27.1583,27.247,27.3358,27.4119,27.4909,27.5997,27.7114,27.8104,27.9043,28.0033,28.1201,28.2569,28.3967,28.5335,28.6605,28.8156,29.0361,29.2897,29.5514,29.8353,30.1428,30.4772,30.7716,30.9976,31.1854,31.3451,31.4722,31.5941,31.7309,31.8809,32.0636,32.256,32.4009,32.4999,32.5709,32.6218,32.6801,32.7769,32.9235,33.053,33.1342,33.1852,33.2332,33.2842,33.35,33.4108

Brightness max : 507.90
Brightness min : 238.00
Feature direction : Ambiguous
Feature speed : Slow
Feature type : Curve
Start frame : 1
End frame : 104
Start time (s) : 0.000
End time (s) : 419.730
Time step (s) : 4.075

Feature number : 2

Time (s) : 86.33181,86.4645,86.8402,87.45892,88.18985,88.94125,89.65172,90.19916,90.51534,90.74849,91.04421,91.45896,91.81419,92.0591,92.34305,92.69828,93.07399,93.44969,93.82539,94.20109,94.5768,94.9525,95.3282,95.70391,96.07961,96.45531,96.83101,97.20672,97.58242,97.95812,98.3543,98.82175,99.34872,99.79569,100.1001,100.345,100.7412,101.3394,101.9582,102.4461,102.8423,103.1975,103.5019,103.8181,104.2329,104.5676

Position (um) : 3.1999,3.2068,3.2167,3.2289,3.2432,3.2579,3.2722,3.2839,3.2919,3.2983,3.3081,3.3214,3.3342,3.3475,3.3637,3.3799,3.3927,3.4036,3.4158,3.4296,3.4424,3.4552,3.4689,3.4812,3.4916,3.5014,3.5112,3.5211,3.5304,3.5378,3.5437,3.5511,3.5599,3.5673,3.5727,3.5777,3.5836,3.5934,3.6067,3.6189,3.6287,3.6362,3.6415,3.6466,3.6514,3.6559

Intensity : 340.5802,340.3767,339.8484,339.0501,338.0222,336.8692,335.6632,334.995,334.6157,334.346,333.9828,333.5148,333.1701,332.8647,332.5851,332.4705,332.5668,332.7969,332.7532,331.531,330.3907,329.2946,328.2119,327.2211,326.3224,325.4729,324.6573,323.8758,322.8688,321.8764,320.7487,319.4097,317.9026,316.641,315.779,315.0608,314.0017,312.3855,310.7196,309.7972,308.998,308.255,307.7092,307.1985,306.6519,306.2122

Time pixel : 21.1855,21.218,21.3102,21.4621,21.6414,21.8258,22.0002,22.1345,22.2121,22.2693,22.3419,22.4436,22.5308,22.5909,22.6606,22.7478,22.84,22.9322,23.0244,23.1166,23.2088,23.3009,23.3931,23.4853,23.5775,23.6697,23.7619,23.8541,23.9463,24.0385,24.1357,24.2504,24.3798,24.4894,24.5642,24.6243,24.7215,24.8683,25.0201,25.1398,25.2371,25.3242,25.3989,25.4765,25.5783,25.6605

Position pixel : 29.9898,30.0545,30.1467,30.2614,30.3957,30.533,30.6673,30.777,30.8517,30.9118,31.004,31.1283,31.248,31.3728,31.5246,31.6764,31.7962,31.8984,32.0131,32.1424,32.2622,32.3819,32.5112,32.6259,32.7232,32.8154,32.9076,32.9997,33.0869,33.1566,33.2117,33.2814,33.3635,33.4332,33.4832,33.5304,33.5855,33.6777,33.802,33.9167,34.0089,34.0786,34.1286,34.1758,34.2208,34.263

Brightness max : 507.90
Brightness min : 238.00
Feature direction : Ambiguous
Feature speed : Slow
Feature type : Curve
Start frame : 1
End frame : 104
Start time (s) : 0.000
End time (s) : 419.730
Time step (s) : 4.075

Feature number : 3

Time (s) : 121.0994,121.3469,121.6361,121.9373,122.2871,122.5882,122.8982,123.26,123.6426,124.0252,124.387,124.6762,124.9048,125.1939,125.5557,125.9592,126.4352,126.951,127.3336,127.5831,127.8722,128.2132,128.5023,128.7101,128.9058,129.0927,129.2676,129.3819,129.4961,129.6502,129.7645,129.8996,130.1471,130.4154,130.6231,130.8189,131.0058,131.2015,131.3884,131.5841,131.7918,132.081,132.4428,132.8046,133.0937,133.3015,133.4972,133.6841,133.8798,134.0875,134.3767,134.7385,135.1211,135.5037,135.8655,136.1547,136.3624,136.5373,136.6307

Position (um) : 3.0475,3.0481,3.0511,3.0581,3.067,3.0746,3.0806,3.0881,3.0976,3.1076,3.1176,3.1271,3.1347,3.1407,3.1482,3.1577,3.1677,3.1778,3.1872,3.1948,3.2008,3.2084,3.2173,3.2249,3.2303,3.2354,3.2409,3.2479,3.2549,3.2609,3.2685,3.2785,3.2909,3.3055,3.3205,3.3345,3.3445,3.3511,3.3586,3.3676,3.3751,3.3811,3.3881,3.3952,3.4006,3.4057,3.4106,3.4157,3.4206,3.4258,3.4312,3.4388,3.4482,3.4577,3.4653,3.4707,3.4759,3.4807,3.4853

Intensity : 315.0234,316.0187,317.3455,319.0273,321.0757,322.6998,324.269,326.1929,328.1828,329.7789,331.2984,332.5404,333.5237,334.7003,336.1739,337.8365,339.495,340.3169,341.0652,341.6443,342.268,342.8583,343.4791,344.0157,344.538,345.0758,345.6361,346.1454,346.688,347.3302,347.966,348.813,350.2096,351.9091,352.3633,352.6447,352.9381,353.2806,353.5866,353.888,354.223,354.7376,355.3767,356.0041,356.4999,356.8321,357.1396,357.3277,357.2779,357.2117,357.2445,356.0673,354.2887,352.5767,351.1315,350.0605,349.216,348.4769,347.9433

Time pixel : 29.7173,29.778,29.849,29.9229,30.0087,30.0826,30.1587,30.2475,30.3414,30.4353,30.5241,30.595,30.6511,30.7221,30.8108,30.9099,31.0267,31.1533,31.2471,31.3084,31.3793,31.463,31.5339,31.5849,31.633,31.6788,31.7217,31.7498,31.7778,31.8156,31.8437,31.8768,31.9376,32.0034,32.0544,32.1024,32.1483,32.1963,32.2422,32.2902,32.3412,32.4121,32.5009,32.5897,32.6607,32.7116,32.7597,32.8055,32.8536,32.9045,32.9755,33.0643,33.1582,33.2521,33.3408,33.4118,33.4628,33.5057,33.5286

Position pixel : 28.5615,28.5666,28.5947,28.6605,28.7442,28.8152,28.8713,28.9422,29.031,29.1249,29.2188,29.3076,29.3785,29.4346,29.5056,29.5943,29.6882,29.7821,29.8709,29.9419,29.998,30.0689,30.1526,30.2236,30.2745,30.3226,30.3735,30.4394,30.5052,30.5613,30.6323,30.7262,30.843,30.9798,31.1196,31.2513,31.3451,31.4063,31.4773,31.561,31.6319,31.688,31.7539,31.8197,31.8707,31.9187,31.9646,32.0126,32.0585,32.1065,32.1575,32.2285,32.3172,32.406,32.477,32.5279,32.576,32.6218,32.6648

Brightness max : 507.90
Brightness min : 238.00
Feature direction : Ambiguous
Feature speed : Slow
Feature type : Curve
Start frame : 1
End frame : 104
Start time (s) : 0.000
End time (s) : 419.730
Time step (s) : 4.075

Feature number : 4

Time (s) : 125.1731,125.1731,125.1939,125.3082,125.5765,125.9175,126.1858,126.3001,126.3209,126.3418,126.4352,126.5893,126.6827,126.7035,126.7244,126.8178,126.9927,127.2004,127.4896,127.8305,128.1197,128.3274,128.5232,128.7309,129.0409,129.4753,129.9185,130.2405,130.5297,130.798,131.0058,131.2015,131.4092,131.6776,131.9459,132.1953,132.5571,132.9795,133.3015,133.6115,133.9733,134.335,134.6034,134.7385,134.8528,135.0277,135.2145,135.3894,135.4829,135.5037,135.5037,135.5246,135.618,135.7929,135.9798,136.1547,136.2481,136.269

Position (um) : 4.3063,4.2993,4.2892,4.2762,4.2586,4.2372,4.2162,4.2007,4.1896,4.1796,4.1696,4.1595,4.1495,4.1395,4.1295,4.1195,4.11,4.1019,4.0935,4.0818,4.0705,4.0624,4.0558,4.0453,4.0288,4.0093,3.9898,3.9722,3.9567,3.9421,3.9297,3.9197,3.9121,3.9061,3.8985,3.8891,3.879,3.869,3.8585,3.8454,3.8289,3.8124,3.7994,3.7883,3.7759,3.7613,3.7464,3.7318,3.7193,3.7087,3.6987,3.6881,3.6757,3.6622,3.6522,3.6456,3.6386,3.6321

Intensity : 301.4003,301.4376,301.5542,301.9628,302.7361,303.5651,304.1335,304.2998,304.2509,304.1945,304.2396,304.435,304.8457,305.1488,305.451,305.8521,306.3446,306.8379,307.4386,308.1735,308.8194,309.2727,309.667,310.3518,311.4603,312.8909,314.3727,315.6335,316.3343,316.4481,316.5478,316.5923,316.5305,316.3074,316.1698,316.1701,316.0327,315.8317,315.8533,316.0521,316.5167,317.0761,317.4343,317.8574,318.4407,319.0606,319.7134,320.5084,321.6983,322.8235,323.9273,325.057,326.2867,327.5293,328.3924,328.8973,329.5814,330.3025

Time pixel : 30.717,30.717,30.7221,30.7501,30.816,30.8996,30.9655,30.9935,30.9986,31.0037,31.0267,31.0645,31.0874,31.0925,31.0976,31.1206,31.1635,31.2145,31.2854,31.3691,31.4401,31.491,31.5391,31.59,31.6661,31.7727,31.8815,31.9605,32.0314,32.0973,32.1483,32.1963,32.2473,32.3131,32.379,32.4402,32.529,32.6326,32.7116,32.7877,32.8765,32.9653,33.0311,33.0643,33.0923,33.1352,33.1811,33.224,33.2469,33.2521,33.2521,33.2572,33.2801,33.323,33.3689,33.4118,33.4347,33.4398

Position pixel : 40.3588,40.293,40.1991,40.0771,39.9123,39.7118,39.5143,39.3694,39.2653,39.1714,39.0775,38.9836,38.8897,38.7958,38.7019,38.608,38.5192,38.4432,38.3641,38.2554,38.1488,38.0727,38.0115,37.9125,37.7579,37.5752,37.3925,37.2277,37.0828,36.946,36.8292,36.7353,36.6643,36.6082,36.5373,36.4485,36.3546,36.2607,36.1617,36.0398,35.8851,35.7305,35.6086,35.5045,35.3876,35.2508,35.1111,34.9743,34.8574,34.7584,34.6645,34.5655,34.4487,34.3221,34.2282,34.167,34.1012,34.0405

Brightness max : 507.90
Brightness min : 238.00
Feature direction : Ambiguous
Feature speed : Slow
Feature type : Curve
Start frame : 1
End frame : 104
Start time (s) : 0.000
End time (s) : 419.730
Time step (s) : 4.075

Feature number : 5

Time (s) : 150.54,150.7149,150.9018,151.0976,151.3053,151.5945,151.9562,152.3388,152.7215,153.0832,153.3724,153.601,153.8901,154.2519,154.6137,154.9029,155.1106,155.3063,155.4932,155.6889,155.8758,156.0716,156.2584,156.4542,156.6411,156.8368,157.0445,157.3128,157.5812,157.7889,157.9846,158.1715,158.3673,158.5541,158.7499,158.9367,159.1325,159.3402,159.6294,159.9703,160.2595,160.4881,160.7772,161.1182,161.4073,161.6359,161.9459,162.4011,162.9378,163.4139,163.8173,164.1999,164.5826,164.9443,165.2335,165.4621,165.7513,166.113,166.5165,166.9925,167.5292,168.0261,168.5647,169.3508,170.4152,171.4677,172.1723,172.6175,172.9793,173.2684,173.4762,173.6719,173.8588,174.0545,174.2622,174.5514,174.934,175.3892,175.8325,176.1545,176.4645,176.8263,177.188,177.4772,177.7058,177.9741,178.2216

Position (um) : 3.9798,3.9822,3.9868,3.9922,3.9993,4.0063,4.0117,4.0168,4.0217,4.0269,4.0318,4.0369,4.0423,4.0493,4.0564,4.0618,4.0669,4.0718,4.077,4.0818,4.087,4.0919,4.097,4.1024,4.11,4.1189,4.1265,4.1325,4.1401,4.1495,4.159,4.1666,4.172,4.1771,4.182,4.1872,4.1921,4.1972,4.2021,4.2072,4.2121,4.2167,4.2191,4.2202,4.2227,4.2267,4.2297,4.2327,4.2372,4.2421,4.2473,4.2527,4.2597,4.2668,4.2722,4.2773,4.2822,4.2873,4.2922,4.2974,4.3023,4.3074,4.3134,4.3245,4.3429,4.3634,4.3783,4.3864,4.39,4.393,4.3975,4.4024,4.4076,4.4125,4.4176,4.4236,4.4336,4.4471,4.459,4.4671,4.4731,4.4807,4.4902,4.4996,4.5072,4.5126,4.5172

Intensity : 310.1467,310.7679,310.9625,310.9182,310.9203,310.8578,310.6935,310.5173,310.3505,310.228,310.1742,310.1926,310.1869,310.21,310.0912,309.7163,309.7125,309.7287,309.7468,309.8071,309.8692,309.9736,310.0798,310.2128,310.2999,310.4022,310.5959,310.9701,311.3566,311.6407,311.9439,312.0478,312.2068,312.3802,312.6038,312.7435,311.6372,310.4949,309.037,307.3892,306.0137,304.9362,303.6857,302.2663,301.0512,300.0846,298.8272,297.0259,294.9594,294.1788,293.6886,293.2603,292.893,292.5885,292.1692,291.7902,291.3634,290.8729,290.3669,289.8114,289.2666,288.8102,288.3703,287.8621,287.5017,287.5274,287.4485,287.1399,286.9453,286.7967,286.6754,286.5649,286.4647,286.3719,286.2832,286.1797,286.0645,286.307,287.2123,287.9264,288.6385,289.5213,290.1242,290.5514,290.8961,291.3861,291.8532

Time pixel : 36.9419,36.9848,37.0307,37.0787,37.1297,37.2006,37.2894,37.3833,37.4772,37.566,37.637,37.693,37.764,37.8528,37.9416,38.0125,38.0635,38.1115,38.1574,38.2054,38.2513,38.2993,38.3452,38.3932,38.4391,38.4871,38.5381,38.6039,38.6698,38.7207,38.7688,38.8146,38.8627,38.9085,38.9566,39.0024,39.0505,39.1014,39.1724,39.2561,39.327,39.3831,39.4541,39.5377,39.6087,39.6648,39.7409,39.8526,39.9843,40.1011,40.2001,40.294,40.3879,40.4767,40.5476,40.6037,40.6747,40.7634,40.8625,40.9793,41.111,41.2329,41.3651,41.558,41.8192,42.0775,42.2504,42.3596,42.4484,42.5194,42.5703,42.6184,42.6642,42.7123,42.7632,42.8342,42.9281,43.0398,43.1486,43.2276,43.3037,43.3924,43.4812,43.5522,43.6083,43.6741,43.7348

Position pixel : 37.2986,37.3216,37.3645,37.4155,37.4813,37.5472,37.5981,37.6462,37.692,37.7401,37.7859,37.834,37.8849,37.9508,38.0166,38.0676,38.1156,38.1615,38.2095,38.2554,38.3034,38.3493,38.3973,38.4483,38.5192,38.6029,38.6739,38.73,38.8009,38.8897,38.9785,39.0494,39.1004,39.1484,39.1943,39.2423,39.2882,39.3362,39.3821,39.4301,39.476,39.5189,39.5418,39.5521,39.575,39.6128,39.6408,39.6689,39.7118,39.7577,39.8057,39.8567,39.9225,39.9884,40.0393,40.0874,40.1332,40.1813,40.2271,40.2752,40.321,40.369,40.4251,40.5293,40.7017,40.8941,41.0339,41.11,41.1431,41.1712,41.2141,41.2599,41.308,41.3538,41.4019,41.458,41.5518,41.6784,41.7901,41.8662,41.9223,41.9933,42.082,42.1708,42.2418,42.2928,42.3357

Brightness max : 507.90
Brightness min : 238.00
Feature direction : Ambiguous
Feature speed : Slow
Feature type : Curve
Start frame : 1
End frame : 104
Start time (s) : 0.000
End time (s) : 419.730
Time step (s) : 4.075

Feature number : 6

Time (s) : 62.8275,62.9418,63.1893,63.4576,63.6653,63.8611,64.0688,64.3371,64.6054,64.834,65.1023,65.3707,65.5992,65.8884,66.2502,66.6328,66.9946,67.2838,67.4915,67.6872,67.8949,68.1633,68.4316,68.6602,68.9285,69.1968,69.4254,69.6937,69.9621,70.1698,70.3655,70.5524,70.7481,70.9559,71.245,71.6068,71.9686,72.2578,72.4655,72.6612,72.8689,73.1373,73.4056,73.6133,73.8091,74.0168,74.2851,74.5326,74.6469

Position (um) : 5.7961,5.8026,5.8096,5.815,5.8201,5.825,5.8296,5.8326,5.8356,5.8396,5.8426,5.8456,5.8497,5.8526,5.8556,5.8597,5.8627,5.8657,5.8702,5.8751,5.8797,5.8827,5.8857,5.8897,5.8927,5.8957,5.8997,5.9027,5.9057,5.9103,5.9152,5.9203,5.9252,5.9298,5.9322,5.9328,5.9333,5.9358,5.9404,5.9453,5.9498,5.9528,5.9558,5.9604,5.9653,5.9699,5.9729,5.9759,5.9799

Intensity : 309.6903,310.0343,310.737,311.5061,312.1427,312.7663,313.4372,314.2557,315.0927,315.8696,316.7453,317.2495,317.5523,317.8617,318.2283,318.6651,319.0536,319.3996,319.665,319.7578,319.8766,320.0719,320.2783,320.4566,320.6863,320.927,321.0215,321.0658,321.1175,321.1719,321.2341,321.3043,321.3841,321.4737,321.5774,321.6893,321.8031,321.9229,322.0544,322.1953,322.3443,322.4978,322.4219,321.6921,321.0153,320.2855,319.2881,318.3171,317.6136

Time pixel : 15.4176,15.4456,15.5064,15.5722,15.6232,15.6712,15.7222,15.7881,15.8539,15.91,15.9758,16.0417,16.0978,16.1687,16.2575,16.3514,16.4402,16.5112,16.5621,16.6102,16.6611,16.727,16.7928,16.8489,16.9148,16.9806,17.0367,17.1026,17.1684,17.2194,17.2674,17.3133,17.3613,17.4123,17.4832,17.572,17.6608,17.7318,17.7827,17.8308,17.8817,17.9476,18.0134,18.0644,18.1124,18.1634,18.2293,18.29,18.318

Position pixel : 54.3212,54.382,54.4478,54.4988,54.5468,54.5927,54.6356,54.6636,54.6917,54.7295,54.7575,54.7856,54.8234,54.8514,54.8795,54.9173,54.9453,54.9734,55.0163,55.0621,55.105,55.1331,55.1611,55.1989,55.227,55.255,55.2928,55.3209,55.3489,55.3918,55.4377,55.4857,55.5316,55.5745,55.5974,55.6026,55.6077,55.6306,55.6735,55.7194,55.7623,55.7903,55.8184,55.8613,55.9072,55.9501,55.9781,56.0062,56.044

Brightness max : 507.90
Brightness min : 238.00
Feature direction : Ambiguous
Feature speed : Slow
Feature type : Curve
Start frame : 1
End frame : 104
Start time (s) : 0.000
End time (s) : 419.730
Time step (s) : 4.075

