KYMOANALYSIS DATA

General Information :

Tiff path : G:\My Drive\microtubule dynamics and cut7\21-15 screens and tests\cut11-7\20-06-17&18 (cut11-7, cut7-3GFP, Klp5D, mts)\
Spindle type : Monopolar
Start frame : 1
End frame : 117
Start time (s) : 0.000
End time (s) : 482.780
Time step (s) : 4.162
Num poles : 1
Num tracks : 10
Num tracks poleward : 0
Num tracks antipoleward : 0
Num tracks ambiguous : 10
Comments : {

}
Poles Information :


Pole number : 1

Time (s) : 2.080948,6.278723,10.4765,14.67427,18.87205,23.06982,27.2676,31.46537,35.66315,39.86092,44.0587,48.25647,52.45425,56.65202,60.8498,65.04757,69.24535,73.44312,77.6409,81.83867,86.03645,90.23422,94.432,98.62977,102.8275,107.0253,111.2231,115.4209,119.6186,123.8164,128.0142,132.212,136.4097,140.6075,144.8053,149.0031,153.2008,157.3986,161.5964,165.7942,169.9919,174.1897,178.3875,182.5853,186.783,190.9808,195.1786,199.3764,203.5741,207.7719,211.9697,216.1675,220.3652,224.563,228.7608,232.9586,237.1563,241.3541,245.5519,249.7497,253.9474,258.1452,262.343,266.5408,270.7385,274.9363,279.1341,283.3319,287.5296,291.7274,295.9252,300.123,304.3207,308.5185,312.7163,316.9141,321.1118,325.3096,329.5074,333.7052,337.9029,342.1007,346.2985,350.4963,354.694,358.8918,363.0896,367.2874,371.4851,375.6829,379.8807,384.0785,388.2762,392.474,396.6718,400.8696,405.0673,409.2651,413.4629,417.6607,421.8584,426.0562,430.254,434.4518,438.6495,442.8473,447.0451,451.2429,455.4406,459.6384,463.8362,468.034,472.2317,476.4295,480.6273,484.8251,489.0228

Position (um) : 1.1696,1.1685,1.1674,1.1663,1.1652,1.1642,1.1631,1.162,1.1609,1.1599,1.1588,1.1577,1.1566,1.1555,1.1545,1.1534,1.1523,1.1512,1.1501,1.1491,1.148,1.1469,1.1458,1.1447,1.1437,1.1426,1.1415,1.1404,1.1394,1.1383,1.1372,1.1361,1.135,1.134,1.1329,1.1318,1.1307,1.1296,1.1286,1.1275,1.1264,1.1253,1.1242,1.1232,1.1221,1.121,1.1199,1.1188,1.1178,1.1167,1.1156,1.1145,1.1135,1.1124,1.1113,1.1102,1.1091,1.1081,1.107,1.1059,1.1048,1.1037,1.1027,1.1016,1.1005,1.0994,1.0983,1.0973,1.0962,1.0951,1.094,1.0929,1.0919,1.0908,1.0897,1.0886,1.0876,1.0865,1.0854,1.0843,1.0832,1.0822,1.0811,1.08,1.0789,1.0778,1.0768,1.0757,1.0746,1.0735,1.0724,1.0714,1.0703,1.0692,1.0681,1.067,1.066,1.0649,1.0638,1.0627,1.0617,1.0606,1.0595,1.0584,1.0573,1.0563,1.0552,1.0541,1.053,1.0519,1.0509,1.0498,1.0487,1.0476,1.0465,1.0455,1.0444

Intensity : NaN,624.9088,618.6772,601.256,589.6089,587.8307,594.1856,585.4979,579.822,574.9276,572.2785,574.7394,578.0173,582.4421,579.806,570.6582,561.3562,552.37,535.9904,526.9562,509.6929,503.4409,492.253,498.749,521.9987,557.2532,577.5364,586.7423,584.1137,597.3937,614.5522,613.7753,610.5971,608.5485,616.7547,612.5862,611.169,611.2389,607.8315,600.3645,598.8156,601.0677,586.9071,577.2139,562.5841,567.5109,568.6065,555.3028,542.5763,535.1661,536.6618,541.5776,530.9454,530.7358,515.1637,519.7908,514.5934,515.3747,509.2589,507.3483,498.2041,485.8347,493.5655,492.6704,507.251,498.8896,506.707,498.775,515.394,510.0951,512.4798,485.947,473.244,466.0933,473.1562,471.7644,464.3155,458.1818,464.6219,467.5815,471.0151,467.4587,468.8073,459.0338,455.557,444.8046,443.4987,441.5042,441.7075,448.8341,450.3809,447.1727,432.0508,421.8854,412.8748,408.4411,402.987,403.3628,404.1608,404.6452,403.1102,396.291,389.3945,388.2664,392.9656,398.1073,400.5267,401.637,400.6414,397.5708,398.3193,397.7731,398.178,394.9965,395.0614,395.5723,NaN

Time pixel : 0.5,1.508621,2.517241,3.525862,4.534483,5.543103,6.551724,7.560345,8.568966,9.577586,10.58621,11.59483,12.60345,13.61207,14.62069,15.62931,16.63793,17.64655,18.65517,19.66379,20.67241,21.68103,22.68966,23.69828,24.7069,25.71552,26.72414,27.73276,28.74138,29.75,30.75862,31.76724,32.77586,33.78448,34.7931,35.80172,36.81034,37.81897,38.82759,39.83621,40.84483,41.85345,42.86207,43.87069,44.87931,45.88793,46.89655,47.90517,48.91379,49.92241,50.93103,51.93966,52.94828,53.9569,54.96552,55.97414,56.98276,57.99138,59,60.00862,61.01724,62.02586,63.03448,64.0431,65.05172,66.06034,67.06897,68.07759,69.08621,70.09483,71.10345,72.11207,73.12069,74.12931,75.13793,76.14655,77.15517,78.16379,79.17241,80.18103,81.18966,82.19828,83.2069,84.21552,85.22414,86.23276,87.24138,88.25,89.25862,90.26724,91.27586,92.28448,93.2931,94.30172,95.31034,96.31897,97.32759,98.33621,99.34483,100.3534,101.3621,102.3707,103.3793,104.3879,105.3966,106.4052,107.4138,108.4224,109.431,110.4397,111.4483,112.4569,113.4655,114.4741,115.4828,116.4914,117.5

Position pixel : 10.9613,10.9511,10.941,10.9309,10.9208,10.9107,10.9006,10.8905,10.8803,10.8702,10.8601,10.85,10.8399,10.8298,10.8197,10.8096,10.7994,10.7893,10.7792,10.7691,10.759,10.7489,10.7388,10.7286,10.7185,10.7084,10.6983,10.6882,10.6781,10.668,10.6578,10.6477,10.6376,10.6275,10.6174,10.6073,10.5972,10.587,10.5769,10.5668,10.5567,10.5466,10.5365,10.5264,10.5163,10.5061,10.496,10.4859,10.4758,10.4657,10.4556,10.4455,10.4353,10.4252,10.4151,10.405,10.3949,10.3848,10.3747,10.3645,10.3544,10.3443,10.3342,10.3241,10.314,10.3039,10.2937,10.2836,10.2735,10.2634,10.2533,10.2432,10.2331,10.223,10.2128,10.2027,10.1926,10.1825,10.1724,10.1623,10.1522,10.142,10.1319,10.1218,10.1117,10.1016,10.0915,10.0814,10.0712,10.0611,10.051,10.0409,10.0308,10.0207,10.0106,10.0004,9.99033,9.98022,9.97011,9.95999,9.94988,9.93977,9.92965,9.91954,9.90942,9.89931,9.8892,9.87908,9.86897,9.85885,9.84874,9.83863,9.82851,9.8184,9.80829,9.79817,9.78806

Pole type : Line
Start frame : 1
End frame : 117
Start time (s) : 0.000
End time (s) : 482.780
Time step (s) : 4.162

Feature Information :


Feature number : 1

Time (s) : 407.7088,408.2564,409.1344,409.9666,410.5621,411.0262,411.4902,412.0378,412.6791,413.3581,414.1068,414.8076,415.2717,415.5585,415.8912,416.2833,416.6159,416.8788,417.2114,417.6275,418.0676,418.5077,418.9478,419.3879,419.804,420.1366,420.3756,420.6007,420.8396,421.1722,421.5884,422.0285,422.4685,422.9086,423.3487,423.7888,424.2529,424.7765,425.2863,425.6567,426.0133,426.4054,426.762,427.1563,427.7496,428.3669,428.8448,429.2711,429.6175,429.9981,430.5216,431.1389,431.6865,432.1745,432.7221,433.3394,433.9109,434.4585,434.9683,435.3626,435.8267,436.42,436.9676,437.4077,437.7403,438.0032,438.3358,438.7279,439.0606,439.3235,439.6561,440.0482,440.3808,440.6437,440.9764,441.4164,441.964,442.5813,443.1049,443.4615,443.7244,444.057,444.4731,444.9132,445.3533,445.7934,446.2335,446.6736,447.1136,447.5537,447.9938,448.4579,449.0055,449.6227,450.1703,450.6344,451.0745,451.5146,451.9546,452.3947,452.8348,453.2509,453.5836,453.8465,454.1791,454.5952,455.0353,455.4754,455.9155,456.3556,456.7957,457.2357,457.6998,458.2474,458.8647,459.4122,459.9003,460.4239,460.9337,461.304,461.6367,461.9453,462.1842,462.4094,462.6483,462.9809,463.397,463.8131,464.1458,464.4326,464.8727,465.466,466.0136,466.4537,466.8103,467.1567,467.559,467.9054,468.238,468.5467,468.7856,469.0107,469.2497,469.5823,469.9984,470.4385,470.8546,471.1872,471.4501,471.7827,472.1749,472.5075,472.7464,472.9716,473.2105,473.5431,473.9592,474.3993,474.8394,475.2555,475.5641

Position (um) : 1.4623,1.4657,1.4736,1.4843,1.4949,1.5035,1.5108,1.5215,1.5346,1.5468,1.5599,1.5705,1.5773,1.5831,1.5892,1.5977,1.6084,1.619,1.6282,1.6377,1.6508,1.6636,1.6727,1.6788,1.6846,1.6901,1.6959,1.702,1.7099,1.7178,1.7246,1.7325,1.7404,1.7471,1.7551,1.763,1.7697,1.7782,1.7883,1.7968,1.8029,1.8087,1.8148,1.8234,1.834,1.8447,1.8532,1.8594,1.8651,1.8713,1.8792,1.8871,1.8938,1.9023,1.9124,1.9209,1.9277,1.9362,1.9462,1.9548,1.9615,1.97,1.9801,1.9886,1.9947,2.0005,2.006,2.0118,2.0173,2.0231,2.0286,2.0344,2.0399,2.0457,2.0518,2.0603,2.071,2.0816,2.0902,2.0969,2.1048,2.1121,2.1155,2.1167,2.1195,2.1246,2.1301,2.1353,2.1387,2.1427,2.15,2.1579,2.1646,2.1725,2.1798,2.1838,2.1872,2.1917,2.1951,2.1985,2.203,2.2064,2.2097,2.2143,2.2176,2.221,2.2262,2.2317,2.2375,2.243,2.2487,2.2543,2.26,2.2661,2.2747,2.2853,2.296,2.3045,2.3107,2.3158,2.3192,2.3226,2.3277,2.3332,2.339,2.3445,2.3503,2.3564,2.3643,2.3722,2.379,2.3875,2.3976,2.4061,2.4122,2.418,2.4235,2.4287,2.432,2.4354,2.4405,2.4467,2.4552,2.4659,2.4772,2.4878,2.4963,2.5025,2.5076,2.5104,2.5116,2.5144,2.5195,2.525,2.5308,2.5369,2.5448,2.5528,2.5589,2.564,2.5668

Intensity : 349.0456,348.469,347.1061,345.6063,344.3586,343.5568,342.8374,341.9524,340.8461,339.7343,338.5247,337.4513,336.7526,336.2605,335.7111,334.9915,334.1338,333.3605,332.6024,331.7709,330.814,329.9184,329.1998,328.6154,328.0858,327.6519,327.306,327.0233,326.6859,326.2869,325.8687,325.3876,324.8909,324.4182,323.8912,323.3486,322.8186,322.5895,322.8069,323.0247,323.351,323.7894,324.195,324.3821,324.8895,325.5824,325.6586,324.9427,324.4008,323.8699,323.2441,322.6428,322.2164,321.9687,321.8375,321.5074,320.8057,320.1988,319.7288,319.4578,319.2456,319.0965,319.1201,318.2934,317.6091,317.0856,316.3897,315.5557,314.8597,314.3362,313.5752,312.4574,311.4989,310.7056,309.7454,309.1246,309.053,309.1737,309.4165,309.6537,309.8893,310.2382,310.6711,311.1175,311.5823,311.6037,311.6569,311.659,311.5199,311.3887,311.2511,311.1364,311.0491,311.3765,312.8825,314.1672,315.3918,316.6284,317.8675,319.1133,320.3746,321.5677,322.5321,322.7409,322.7737,322.8332,322.9704,323.1693,323.4319,323.5638,323.4958,323.5034,323.5832,324.2812,325.2896,326.2811,327.2813,328.4535,329.6556,330.5876,331.4306,332.2421,332.2737,332.2573,332.2497,332.1774,331.7747,331.0987,330.419,329.8188,329.2764,328.676,328.1382,328.1937,328.4197,328.664,329.0074,329.3069,329.6539,329.9784,330.171,330.3317,330.383,329.8139,329.3669,328.5025,326.7729,325.4956,324.4856,323.5456,322.6136,321.7035,320.8322,319.9863,319.1181,318.074,316.8043,315.5519,314.1968,312.6971,311.6183

Time pixel : 97.96227,98.09384,98.30479,98.50475,98.64784,98.75934,98.87085,99.00241,99.15649,99.31964,99.49954,99.66792,99.77943,99.84836,99.92828,100.0225,100.1024,100.1656,100.2455,100.3455,100.4512,100.557,100.6627,100.7685,100.8684,100.9484,101.0058,101.0599,101.1173,101.1972,101.2972,101.4029,101.5087,101.6144,101.7201,101.8259,101.9374,102.0632,102.1857,102.2747,102.3604,102.4546,102.5403,102.635,102.7776,102.9259,103.0407,103.1431,103.2264,103.3178,103.4436,103.5919,103.7235,103.8408,103.9723,104.1206,104.258,104.3895,104.512,104.6068,104.7183,104.8608,104.9924,105.0982,105.1781,105.2412,105.3212,105.4154,105.4953,105.5585,105.6384,105.7326,105.8125,105.8757,105.9556,106.0614,106.1929,106.3413,106.4671,106.5527,106.6159,106.6958,106.7958,106.9015,107.0073,107.113,107.2188,107.3245,107.4303,107.536,107.6418,107.7533,107.8848,108.0331,108.1647,108.2762,108.382,108.4877,108.5934,108.6992,108.8049,108.9049,108.9848,109.048,109.1279,109.2279,109.3336,109.4394,109.5451,109.6509,109.7566,109.8624,109.9739,110.1054,110.2537,110.3853,110.5026,110.6284,110.7509,110.8399,110.9198,110.9939,111.0513,111.1054,111.1629,111.2428,111.3428,111.4427,111.5227,111.5916,111.6973,111.8399,111.9714,112.0772,112.1629,112.2461,112.3428,112.426,112.5059,112.5801,112.6375,112.6916,112.749,112.8289,112.9289,113.0346,113.1346,113.2145,113.2777,113.3576,113.4518,113.5318,113.5892,113.6433,113.7007,113.7806,113.8806,113.9863,114.0921,114.1921,114.2662

Position pixel : 13.7049,13.7365,13.8107,13.9107,14.0106,14.0906,14.1595,14.2595,14.382,14.4968,14.6193,14.7193,14.7824,14.8365,14.8939,14.9739,15.0738,15.1738,15.2595,15.3485,15.471,15.591,15.6767,15.7341,15.7882,15.8399,15.894,15.9514,16.0255,16.0997,16.1629,16.237,16.3112,16.3743,16.4485,16.5227,16.5858,16.6657,16.76,16.8399,16.8973,16.9514,17.0088,17.0887,17.1887,17.2887,17.3686,17.426,17.4801,17.5375,17.6117,17.6858,17.749,17.8289,17.9231,18.0031,18.0662,18.1461,18.2404,18.3203,18.3835,18.4634,18.5576,18.6375,18.6949,18.749,18.8007,18.8548,18.9064,18.9605,19.0121,19.0662,19.1179,19.172,19.2294,19.3093,19.4093,19.5093,19.5892,19.6524,19.7265,19.7949,19.8265,19.838,19.8639,19.9122,19.9638,20.0122,20.0438,20.0811,20.1495,20.2237,20.2868,20.361,20.4294,20.4667,20.4983,20.5409,20.5725,20.6041,20.6466,20.6782,20.7098,20.7524,20.784,20.8155,20.8639,20.9155,20.9696,21.0213,21.0754,21.127,21.1811,21.2385,21.3184,21.4184,21.5184,21.5983,21.6557,21.7041,21.7356,21.7672,21.8156,21.8672,21.9213,21.973,22.027,22.0845,22.1586,22.2328,22.2959,22.3759,22.4701,22.55,22.6074,22.6615,22.7132,22.7615,22.7931,22.8247,22.873,22.9304,23.0103,23.1103,23.216,23.316,23.3959,23.4534,23.5017,23.5275,23.539,23.5649,23.6132,23.6648,23.7189,23.7763,23.8505,23.9247,23.9821,24.0304,24.0562

Brightness max : 353.63
Brightness min : 202.00
Feature direction : Ambiguous
Feature speed : Slow
Feature type : Curve
Start frame : 1
End frame : 117
Start time (s) : 0.000
End time (s) : 482.780
Time step (s) : 4.162

Feature number : 2

Time (s) : 150.0761,150.2075,150.5162,150.9323,151.3724,151.8125,152.2526,152.6927,153.2527,154.2301,155.5561,156.5336,157.0696,157.4022,157.6411,157.8663,158.1052,158.4138,158.7225,158.9854,159.318,159.7101,160.0428,160.3057,160.6383,161.0544,161.4945,161.9106,162.2432,162.5061,162.8387,163.2549,163.6949,164.135,164.5751,165.0152,165.4793,166.0268,166.6441,167.1917,167.6318,167.9644,168.2273,168.5599,168.976,169.4161,169.8562,170.3203,170.8918,171.6406,172.4968,173.3769,174.2571,175.1373,175.9695,176.6108,177.0051,177.3378,177.6464,177.8853,178.1105,178.3494,178.682,179.0981,179.5382,179.9543,180.287,180.5499,180.8585,181.1911,181.5375,181.9398,182.3102,182.7503,183.2361,183.5825,183.8556,184.202,184.7118,185.2594,185.8309,186.4722,187.1272,187.7685,188.2921,188.6247

Position (um) : 1.6456,1.6508,1.6569,1.6654,1.6761,1.6874,1.6986,1.7099,1.7243,1.7493,1.7833,1.8084,1.8228,1.8334,1.8419,1.8481,1.8538,1.86,1.8679,1.8764,1.8853,1.8956,1.9039,1.9103,1.9164,1.9249,1.9356,1.9469,1.9575,1.9661,1.9728,1.9813,1.9914,1.9999,2.0066,2.0152,2.0265,2.0405,2.0563,2.0697,2.0789,2.085,2.0908,2.0969,2.1054,2.1161,2.1268,2.1353,2.1427,2.1539,2.1691,2.1838,2.1985,2.2143,2.2283,2.2396,2.2475,2.2515,2.2549,2.26,2.2661,2.2741,2.282,2.2887,2.2972,2.3079,2.3186,2.3271,2.3338,2.3424,2.353,2.3643,2.3756,2.3869,2.3976,2.4061,2.4128,2.4207,2.4287,2.4354,2.4439,2.4552,2.4686,2.4817,2.4906,2.4963

Intensity : 342.9927,341.7438,340.2805,338.2988,335.8934,333.4339,331.0638,329.107,328.0631,326.3986,323.631,321.9809,321.3832,321.1062,320.9273,320.8606,320.8446,321.0192,321.1675,321.2436,321.3935,321.5746,321.7418,321.8781,322.1054,322.2603,322.2583,322.2371,322.1727,321.6185,320.9154,320.1178,319.3494,318.7346,318.2503,317.8276,317.4824,316.9018,316.4376,316.1693,316.0239,315.9475,315.89,315.8479,315.8145,315.8049,315.8377,315.8376,315.1469,313.6674,312.0494,310.6708,309.5246,308.2561,306.6616,305.4199,304.5389,303.9189,303.3718,302.8677,302.3651,301.8065,301.1646,300.7271,300.7691,300.7996,300.8261,300.8794,301.0305,301.2085,301.2768,301.2964,301.322,301.4647,301.4655,300.8702,300.4285,299.9174,299.2975,298.7164,298.1484,297.5182,296.2817,294.9839,293.9813,293.3371

Time pixel : 36.0595,36.0911,36.1653,36.2653,36.371,36.4768,36.5825,36.6882,36.8228,37.0576,37.3763,37.6111,37.7399,37.8198,37.8772,37.9313,37.9887,38.0629,38.1371,38.2002,38.2801,38.3744,38.4543,38.5175,38.5974,38.6974,38.8031,38.9031,38.983,39.0462,39.1261,39.2261,39.3318,39.4376,39.5433,39.649,39.7605,39.8921,40.0404,40.172,40.2777,40.3577,40.4208,40.5007,40.6007,40.7065,40.8122,40.9237,41.061,41.2409,41.4467,41.6582,41.8696,42.0811,42.2811,42.4352,42.5299,42.6098,42.684,42.7414,42.7955,42.8529,42.9328,43.0328,43.1386,43.2385,43.3185,43.3816,43.4558,43.5357,43.6189,43.7156,43.8046,43.9103,44.0271,44.1103,44.1759,44.2592,44.3817,44.5132,44.6505,44.8046,44.962,45.1161,45.2419,45.3218

Position pixel : 15.4227,15.471,15.5284,15.6083,15.7083,15.814,15.9198,16.0255,16.1601,16.3949,16.7135,16.9484,17.083,17.1829,17.2629,17.3203,17.3744,17.4318,17.5059,17.5858,17.6691,17.7657,17.8432,17.9031,17.9605,18.0404,18.1404,18.2461,18.3461,18.426,18.4892,18.5691,18.6633,18.7433,18.8064,18.8863,18.9921,19.1237,19.272,19.3978,19.4835,19.5409,19.595,19.6524,19.7323,19.8323,19.9323,20.0122,20.0811,20.1868,20.3294,20.4667,20.6041,20.7524,20.8839,20.9897,21.0638,21.1012,21.1328,21.1811,21.2385,21.3127,21.3868,21.45,21.5299,21.6299,21.7299,21.8098,21.873,21.9529,22.0529,22.1586,22.2644,22.3701,22.4701,22.55,22.6132,22.6873,22.7615,22.8247,22.9046,23.0103,23.1361,23.2586,23.3418,23.3959

Brightness max : 353.63
Brightness min : 202.00
Feature direction : Ambiguous
Feature speed : Slow
Feature type : Curve
Start frame : 1
End frame : 117
Start time (s) : 0.000
End time (s) : 482.780
Time step (s) : 4.162

Feature number : 3

Time (s) : 56.00406,56.20523,56.44415,56.77677,57.1689,57.50152,57.76442,58.07306,58.3817,58.64461,58.97723,59.39334,59.80945,60.14207,60.40497,60.71361,61.02225,61.26117,61.48632,61.72524,62.03388,62.34252,62.58145,62.8066,63.04552,63.37814,63.79425,64.21036,64.54298,64.7819,65.00705,65.24597,65.57859,65.9947,66.4348,66.87489,67.291,67.62362,67.88652,68.19516,68.5038,68.7667,69.09932,69.51543,69.95552,70.37164,70.70426,70.94318,71.16833,71.40725,71.73987,72.17996,72.72752,73.36878,74.02382,74.68906,75.34409,75.98535,76.53291,76.973,77.30562,77.56853,77.90115,78.31726,78.75735,79.19744,79.63753,80.07762,80.51771,80.9578,81.39789,81.83799,82.27808,82.71817,83.13428,83.4669,83.70582,83.93097,84.14591,84.37106,84.60998,84.91862,85.22726,85.49017,85.82279,86.2389,86.67899,87.0951,87.42772,87.66664,87.86781,87.99926,88.13071,88.33188,88.54682,88.77197,88.98692,89.21206,89.42701,89.65216,89.8671,90.09225,90.30719,90.50836,90.63981,90.77126,90.94845,91.0799,91.21135,91.38854,91.51999,91.65144,91.85261,92.06755,92.2927,92.50764,92.73279,92.94774,93.17289,93.38783,93.61298,93.8519,94.16054,94.46918,94.73208,95.0647,95.48081,95.9209,96.33701,96.66963,96.93254,97.24118,97.54982,97.78874,98.01389,98.22883,98.45398,98.66892,98.89407,99.10901,99.33416,99.5491,99.75027,99.88172,100.0132,100.1904,100.3218,100.4533,100.6305,100.7379,100.7619,100.7619,100.7859,100.8934,101.0705,101.178,101.202,101.202,101.226,101.3334,101.5106,101.6181,101.6421,101.6661,101.7735,101.9507,102.0582,102.1062,102.2136,102.3908,102.5223,102.6537,102.8309,102.9624,103.0938,103.271,103.4025,103.5339,103.7111,103.8186,103.8665,103.974,104.1512,104.2826,104.4141,104.6153,104.8302,105.0314,105.1628,105.2943,105.4954,105.7104,105.9355,106.1505,106.3516,106.4831,106.6385,106.9232,107.2318,107.4947,107.8034,108.088

Position (um) : 1.8459,1.8487,1.8532,1.856,1.8572,1.86,1.8645,1.8679,1.8713,1.8758,1.8792,1.8825,1.8877,1.8932,1.8984,1.9017,1.9051,1.9103,1.9158,1.9209,1.9243,1.9277,1.9328,1.9383,1.9435,1.9469,1.9502,1.9554,1.9609,1.9667,1.9722,1.978,1.9835,1.9892,1.9954,2.0033,2.0112,2.0173,2.0231,2.0292,2.0371,2.045,2.0518,2.0603,2.071,2.0823,2.0929,2.1015,2.1082,2.1167,2.1274,2.1387,2.1506,2.1652,2.1844,2.207,2.2323,2.2588,2.2807,2.296,2.3073,2.3158,2.3226,2.3305,2.3378,2.3411,2.3418,2.3418,2.3418,2.3418,2.3418,2.3418,2.3418,2.3418,2.3411,2.3384,2.3332,2.3277,2.3219,2.3164,2.3113,2.3079,2.3045,2.3,2.2972,2.2966,2.2966,2.2972,2.3,2.3052,2.3113,2.3192,2.3271,2.3338,2.3424,2.353,2.3643,2.375,2.3835,2.3896,2.3954,2.4009,2.4067,2.4128,2.4207,2.4287,2.4354,2.4433,2.4518,2.4613,2.4738,2.4844,2.4912,2.497,2.5031,2.5116,2.5217,2.5302,2.5363,2.5421,2.5476,2.5528,2.5561,2.5595,2.564,2.5668,2.5674,2.5674,2.5668,2.564,2.5595,2.5561,2.5528,2.5476,2.5421,2.5363,2.5308,2.525,2.5189,2.5104,2.5003,2.4918,2.4851,2.4765,2.4659,2.4546,2.4433,2.432,2.4207,2.4095,2.3982,2.3863,2.3729,2.3598,2.3503,2.3411,2.3305,2.3192,2.3079,2.2966,2.2853,2.2741,2.2628,2.2515,2.2402,2.2289,2.2176,2.207,2.1985,2.1917,2.1832,2.1725,2.1612,2.1506,2.142,2.1353,2.1268,2.1161,2.1048,2.0929,2.0789,2.0631,2.049,2.0377,2.0292,2.0231,2.0173,2.0112,2.0033,1.9954,1.9892,1.9835,1.978,1.9722,1.9661,1.9575,1.9475,1.9389,1.9322,1.9237,1.9136,1.9057

Intensity : 344.4411,344.1646,343.6001,343.463,343.6695,343.5249,342.9672,342.6726,342.3138,341.589,341.0982,340.6179,339.7399,338.7139,337.7041,337.0568,336.3861,335.2872,334.0808,332.9532,332.4589,331.9459,331.0694,330.1134,329.218,328.5459,327.8455,326.9176,326.0084,325.1274,324.3049,323.4602,322.6403,321.7906,320.9247,320.9902,321.6058,322.1426,322.4719,323.0304,323.6269,324.0293,324.7632,325.6452,326.4101,326.9956,327.2945,327.2261,327.2558,327.2188,327.332,327.6777,328.0769,328.3591,328.0663,327.2543,324.6265,321.0233,317.9542,315.7768,314.1624,312.9339,311.8729,310.6089,309.4025,308.7503,308.6374,308.5983,308.5591,308.52,308.4809,308.4417,308.4026,308.3634,308.362,308.4331,308.6246,308.8173,309.0049,309.1528,309.255,309.2189,309.1641,309.1627,309.0316,308.7616,308.4545,308.1511,308.0024,308.8817,309.5886,309.9772,310.3658,311.0612,311.7793,312.4642,313.0445,313.66,314.2736,314.9797,315.6444,316.3453,316.9876,317.555,317.7895,318.0145,318.4394,318.6448,318.8187,318.5716,317.6416,316.525,315.6463,314.8887,314.1106,313.1125,311.9882,311.0598,310.3978,309.7962,309.2403,308.7383,308.4158,308.112,307.5975,307.2602,307.1905,306.8712,306.2622,306.0344,306.0605,305.7817,305.4981,305.4547,305.454,305.4837,305.4719,305.4903,305.509,305.7016,305.9694,306.1445,306.2191,306.5351,306.8562,307.0186,306.8877,306.7062,306.3313,306.1642,306.2831,306.5002,306.6484,306.4335,305.8322,305.5313,305.6316,305.8485,305.9553,305.6687,305.0349,304.7102,304.778,304.8421,304.4896,303.9659,303.7885,303.8906,303.6152,302.9189,302.5102,302.1633,301.5902,301.2294,300.7975,300.0654,299.8625,299.8472,299.6479,299.8622,300.5271,301.0187,301.3409,301.7666,301.9983,302.2801,302.6222,303.0243,303.846,304.6442,304.9645,305.1675,305.2763,305.4234,305.6322,306.3505,307.1633,307.3061,307.0896,307.2041,307.9978,308.666

Time pixel : 13.4564,13.5047,13.5621,13.642,13.7363,13.8162,13.8794,13.9535,14.0277,14.0908,14.1708,14.2707,14.3707,14.4506,14.5138,14.588,14.6621,14.7195,14.7736,14.831,14.9052,14.9794,15.0368,15.0909,15.1483,15.2282,15.3282,15.4281,15.5081,15.5655,15.6196,15.677,15.7569,15.8569,15.9626,16.0684,16.1683,16.2483,16.3114,16.3856,16.4598,16.5229,16.6028,16.7028,16.8086,16.9085,16.9885,17.0459,17.1,17.1574,17.2373,17.343,17.4746,17.6287,17.7861,17.9459,18.1033,18.2574,18.389,18.4947,18.5746,18.6378,18.7177,18.8177,18.9234,19.0292,19.1349,19.2407,19.3464,19.4521,19.5579,19.6636,19.7694,19.8751,19.9751,20.055,20.1124,20.1665,20.2182,20.2723,20.3297,20.4038,20.478,20.5412,20.6211,20.7211,20.8268,20.9268,21.0067,21.0641,21.1124,21.144,21.1756,21.2239,21.2756,21.3297,21.3813,21.4354,21.4871,21.5412,21.5928,21.6469,21.6986,21.7469,21.7785,21.8101,21.8526,21.8842,21.9158,21.9584,21.99,22.0216,22.0699,22.1215,22.1756,22.2273,22.2814,22.333,22.3871,22.4388,22.4929,22.5503,22.6244,22.6986,22.7618,22.8417,22.9417,23.0474,23.1474,23.2273,23.2905,23.3646,23.4388,23.4962,23.5503,23.6019,23.656,23.7077,23.7618,23.8134,23.8675,23.9192,23.9675,23.9991,24.0307,24.0732,24.1048,24.1364,24.179,24.2048,24.2106,24.2106,24.2163,24.2422,24.2847,24.3106,24.3163,24.3163,24.3221,24.3479,24.3905,24.4163,24.4221,24.4278,24.4536,24.4962,24.522,24.5336,24.5594,24.602,24.6335,24.6651,24.7077,24.7393,24.7709,24.8134,24.845,24.8766,24.9192,24.945,24.9565,24.9824,25.0249,25.0565,25.0881,25.1364,25.1881,25.2364,25.268,25.2996,25.3479,25.3996,25.4537,25.5053,25.5536,25.5852,25.6226,25.691,25.7651,25.8283,25.9025,25.9709

Position pixel : 17.3002,17.326,17.3686,17.3944,17.4059,17.4318,17.4743,17.5059,17.5375,17.5801,17.6117,17.6433,17.6916,17.7432,17.7916,17.8232,17.8547,17.9031,17.9547,18.0031,18.0346,18.0662,18.1146,18.1662,18.2145,18.2461,18.2777,18.326,18.3777,18.4318,18.4834,18.5375,18.5892,18.6433,18.7007,18.7748,18.849,18.9064,18.9605,19.0179,19.0921,19.1662,19.2294,19.3093,19.4093,19.515,19.615,19.6949,19.7581,19.838,19.938,20.0438,20.1553,20.2926,20.4725,20.684,20.9213,21.1696,21.3753,21.5184,21.6241,21.7041,21.7672,21.8414,21.9098,21.9414,21.9471,21.9471,21.9471,21.9471,21.9471,21.9471,21.9471,21.9471,21.9414,21.9155,21.8672,21.8156,21.7615,21.7098,21.6615,21.6299,21.5983,21.5557,21.5299,21.5242,21.5242,21.5299,21.5557,21.6041,21.6615,21.7356,21.8098,21.873,21.9529,22.0529,22.1586,22.2586,22.3385,22.3959,22.45,22.5017,22.5558,22.6132,22.6873,22.7615,22.8247,22.8988,22.9787,23.0677,23.1845,23.2844,23.3476,23.4017,23.4591,23.539,23.6333,23.7132,23.7706,23.8247,23.8763,23.9247,23.9562,23.9878,24.0304,24.0562,24.062,24.062,24.0562,24.0304,23.9878,23.9562,23.9247,23.8763,23.8247,23.7706,23.7189,23.6648,23.6074,23.5275,23.4333,23.3534,23.2902,23.2103,23.1103,23.0046,22.8988,22.7931,22.6873,22.5816,22.4758,22.3643,22.2385,22.116,22.027,21.9414,21.8414,21.7356,21.6299,21.5242,21.4184,21.3127,21.2069,21.1012,20.9954,20.8897,20.784,20.684,20.6041,20.5409,20.461,20.361,20.2552,20.1553,20.0753,20.0122,19.9323,19.8323,19.7265,19.615,19.4835,19.3351,19.2036,19.0978,19.0179,18.9605,18.9064,18.849,18.7748,18.7007,18.6433,18.5892,18.5375,18.4834,18.426,18.3461,18.2519,18.172,18.1088,18.0289,17.9347,17.8605

Brightness max : 353.63
Brightness min : 202.00
Feature direction : Ambiguous
Feature speed : Slow
Feature type : Curve
Start frame : 1
End frame : 117
Start time (s) : 0.000
End time (s) : 482.780
Time step (s) : 4.162

Feature number : 4

Time (s) : 99.15697,99.46561,99.88172,100.3218,100.7619,101.202,101.6421,102.0822,102.5223,102.9624,103.4025,103.8186,104.1512,104.4141,104.7467,105.1628,105.6029,106.043,106.4831,106.9232,107.3633,107.8034,108.2435,108.6835,109.1236,109.5637,110.0038,110.4439,110.884,111.3241,111.7642,112.2043,112.6204,112.929

Position (um) : 2.59,2.5906,2.5933,2.5979,2.6006,2.6013,2.6019,2.6046,2.6092,2.6119,2.6125,2.6132,2.6159,2.6205,2.6232,2.6238,2.6238,2.6238,2.6238,2.6238,2.6238,2.6238,2.6238,2.6238,2.6244,2.6272,2.6317,2.6345,2.6351,2.6351,2.6351,2.6351,2.6351,2.6351

Intensity : 299.347,298.8294,297.955,297.2546,296.7631,296.4659,296.1773,295.7707,295.3092,294.9914,294.7939,294.6139,294.5131,294.5481,294.6795,294.9222,295.1962,295.4701,295.7441,296.018,296.292,296.5659,296.807,296.658,296.4987,296.3071,296.0946,295.9156,295.7694,295.6315,295.4937,295.3558,295.0405,294.7148

Time pixel : 23.8249,23.8991,23.9991,24.1048,24.2106,24.3163,24.4221,24.5278,24.6335,24.7393,24.845,24.945,25.0249,25.0881,25.168,25.268,25.3737,25.4795,25.5852,25.691,25.7967,25.9025,26.0082,26.1139,26.2197,26.3254,26.4312,26.5369,26.6427,26.7484,26.8541,26.9599,27.0599,27.134

Position pixel : 24.2735,24.2792,24.3051,24.3476,24.3735,24.3792,24.385,24.4108,24.4534,24.4792,24.485,24.4907,24.5165,24.5591,24.5849,24.5907,24.5907,24.5907,24.5907,24.5907,24.5907,24.5907,24.5907,24.5907,24.5965,24.6223,24.6649,24.6907,24.6964,24.6964,24.6964,24.6964,24.6964,24.6964

Brightness max : 353.63
Brightness min : 202.00
Feature direction : Ambiguous
Feature speed : Slow
Feature type : Curve
Start frame : 1
End frame : 117
Start time (s) : 0.000
End time (s) : 482.780
Time step (s) : 4.162

Feature number : 5

Time (s) : 7.2019,7.66597,8.49819,9.53159,10.4953,11.268,11.8395,12.3036,12.7437,13.1838,13.6239,14.0639,14.4801,14.8127,15.0756,15.4082,15.8243,16.2644,16.7045,17.1446,17.5847,18.0248,18.4649,18.905,19.345,19.7851,20.2252,20.6653,21.1054,21.5455,21.9856,22.4257,22.8658,23.3059,23.746,24.186,24.6261,25.0662,25.5063,25.9464,26.3865,26.8266,27.2907,27.8382,28.4555,29.0031,29.4671,29.9072,30.3473,30.7874,31.2275,31.6676,32.1077,32.5478,32.9879,33.428,33.868,34.2842,34.6168,34.8797,35.2123,35.6284,36.0445,36.3771,36.64,36.9727,37.3888,37.8049,38.1375,38.4004,38.733,39.1252,39.4578,39.7207,40.0533,40.4694,40.9095,41.3496,41.7897,42.2298,42.6459,42.9785,43.2414,43.574,43.9901,44.4302,44.8463,45.155,45.2864

Position (um) : 2.1838,2.1838,2.1838,2.1844,2.1872,2.1917,2.1945,2.1951,2.1951,2.1951,2.1951,2.1951,2.1957,2.1985,2.203,2.2058,2.2064,2.2064,2.2064,2.2064,2.2064,2.2064,2.2064,2.2064,2.2064,2.2064,2.2064,2.2064,2.2064,2.2064,2.2064,2.2064,2.2064,2.2064,2.2064,2.2064,2.2064,2.2064,2.2064,2.207,2.2097,2.2143,2.2176,2.221,2.2256,2.2289,2.2323,2.2368,2.2396,2.2402,2.2402,2.2408,2.2436,2.2481,2.2509,2.2515,2.2515,2.2521,2.2549,2.2594,2.2622,2.2628,2.2634,2.2661,2.2707,2.2734,2.2741,2.2747,2.2774,2.282,2.2847,2.286,2.2887,2.2933,2.296,2.2966,2.2966,2.2966,2.2966,2.2966,2.2972,2.3,2.3045,2.3073,2.3079,2.3079,2.3085,2.3113,2.3158

Intensity : 336.9122,336.1762,335.2756,336.1018,336.8302,337.3992,337.8588,338.2649,338.1441,337.6606,337.1771,336.6936,336.2279,335.8217,335.4618,335.0465,334.569,334.0743,333.7212,334.3216,334.9221,335.5225,336.1229,336.7234,337.3238,337.9242,338.5247,339.1251,338.9205,338.3237,337.727,337.1302,336.5334,335.9367,335.3399,334.7431,334.1464,333.9525,335.2251,336.5074,337.834,339.2161,340.6672,342.3892,344.3847,346.1624,345.7964,344.8031,343.747,342.608,341.4444,340.2969,339.0305,337.697,336.4305,335.4963,335.1684,334.8339,334.4741,334.0897,333.7208,333.3744,333.0269,332.6478,332.2387,331.8503,331.491,330.5418,329.5929,328.7479,327.8174,326.8103,325.8947,325.0902,324.1929,323.1763,322.1239,321.0716,320.4705,320.5814,320.6718,320.6959,320.6715,320.714,320.8281,320.9613,321.0789,321.1396,321.1287

Time pixel : 1.73044,1.84194,2.0419,2.2902,2.52175,2.70741,2.84474,2.95624,3.06199,3.16773,3.27347,3.37922,3.4792,3.55912,3.62229,3.70221,3.80219,3.90793,4.01367,4.11942,4.22516,4.3309,4.43665,4.54239,4.64813,4.75387,4.85962,4.96536,5.0711,5.17685,5.28259,5.38833,5.49407,5.59982,5.70556,5.8113,5.91705,6.02279,6.12853,6.23428,6.34002,6.44576,6.55727,6.68883,6.83715,6.96871,7.08022,7.18596,7.2917,7.39745,7.50319,7.60893,7.71468,7.82042,7.92616,8.03191,8.13765,8.23763,8.31755,8.38072,8.46064,8.56062,8.6606,8.74052,8.80369,8.88361,8.98359,9.08357,9.16349,9.22666,9.30658,9.4008,9.48072,9.54389,9.62381,9.72379,9.82954,9.93528,10.041,10.1468,10.2467,10.3267,10.3898,10.4698,10.5697,10.6755,10.7755,10.8496,10.8812

Position pixel : 20.4667,20.4667,20.4667,20.4725,20.4983,20.5409,20.5667,20.5725,20.5725,20.5725,20.5725,20.5725,20.5782,20.6041,20.6466,20.6725,20.6782,20.6782,20.6782,20.6782,20.6782,20.6782,20.6782,20.6782,20.6782,20.6782,20.6782,20.6782,20.6782,20.6782,20.6782,20.6782,20.6782,20.6782,20.6782,20.6782,20.6782,20.6782,20.6782,20.684,20.7098,20.7524,20.784,20.8155,20.8581,20.8897,20.9213,20.9639,20.9897,20.9954,20.9954,21.0012,21.027,21.0696,21.0954,21.1012,21.1012,21.1069,21.1328,21.1753,21.2012,21.2069,21.2127,21.2385,21.2811,21.3069,21.3127,21.3184,21.3443,21.3868,21.4127,21.4242,21.45,21.4926,21.5184,21.5242,21.5242,21.5242,21.5242,21.5242,21.5299,21.5557,21.5983,21.6241,21.6299,21.6299,21.6357,21.6615,21.7041

Brightness max : 353.63
Brightness min : 202.00
Feature direction : Ambiguous
Feature speed : Slow
Feature type : Curve
Start frame : 1
End frame : 117
Start time (s) : 0.000
End time (s) : 482.780
Time step (s) : 4.162

Feature number : 6

Time (s) : 473.6985,474.1146,474.7319,475.387,476.0282,476.5758,477.0398,477.4799,477.896,478.2287,478.4916,478.8242,479.2163,479.5489,479.8118,480.1445,480.5846,481.1321,481.7734,482.4284,483.0697,483.6172,484.0813,484.5214,484.9375,485.2461,485.3776

Position (um) : 2.4095,2.4095,2.4088,2.4061,2.4015,2.3982,2.3948,2.3903,2.3869,2.3835,2.379,2.3762,2.375,2.3722,2.3677,2.3643,2.361,2.3564,2.3537,2.353,2.353,2.353,2.353,2.353,2.3537,2.3564,2.361

Intensity : 323.1549,321.9715,320.8474,320.508,320.2334,320.0307,319.8968,319.8327,319.7764,319.7726,319.8522,319.9784,320.1416,320.36,320.6492,320.9245,321.2568,321.7172,322.1484,322.4743,323.5163,325.1919,326.612,327.9587,329.1767,329.8618,329.8282

Time pixel : 113.8179,113.9179,114.0662,114.2236,114.3777,114.5093,114.6208,114.7265,114.8265,114.9064,114.9696,115.0495,115.1437,115.2237,115.2868,115.3667,115.4725,115.6041,115.7581,115.9155,116.0696,116.2012,116.3127,116.4184,116.5184,116.5926,116.6241

Position pixel : 22.5816,22.5816,22.5758,22.55,22.5074,22.4758,22.4443,22.4017,22.3701,22.3385,22.2959,22.2701,22.2586,22.2328,22.1902,22.1586,22.127,22.0845,22.0586,22.0529,22.0529,22.0529,22.0529,22.0529,22.0586,22.0845,22.127

Brightness max : 353.63
Brightness min : 202.00
Feature direction : Ambiguous
Feature speed : Slow
Feature type : Curve
Start frame : 1
End frame : 117
Start time (s) : 0.000
End time (s) : 482.780
Time step (s) : 4.162

Feature number : 7

Time (s) : 379.3636,379.519,379.9351,380.5284,381.124,381.803,382.5735,383.121,383.4079,383.657,384.0034,384.5132,385.0368,385.5009,385.941,386.3571,386.6897,386.9766,387.4167,388.01,388.5575,388.9976,389.3303,389.5932,389.9498,390.4733,391.0906,391.6382,392.0783,392.4109,392.6738,393.0304,393.554,394.1473,394.6113,395.0057,395.5155,396.0391,396.5032,396.9193,397.2519,397.5148,397.8474,398.2635,398.7036,399.1437,399.5838,400.0239,400.44,400.7726,401.0115,401.2367,401.4996,401.9397,402.509,402.9491,403.212,403.4372,403.6761,403.9847,404.2934,404.5323,404.7574,404.9963,405.329,405.7451,406.1612,406.4938,406.7807,407.2208,407.8141,408.3616,408.8257,409.2658,409.7059,410.146,410.5621,410.8947,411.1576,411.4663,411.7749,412.0378,412.3464,412.6551,412.918,413.2266,413.5353,413.7742,413.9993,414.2143,414.4394,414.6784,415.011,415.4271,415.8672,416.2833,416.6159,416.8788,417.2114,417.6275,418.0676,418.5077,418.9478,419.3879,419.804,420.1127

Position (um) : 1.4883,1.4974,1.513,1.5312,1.5474,1.5672,1.5897,1.6065,1.6163,1.623,1.6322,1.645,1.6587,1.6709,1.684,1.6947,1.702,1.7105,1.7212,1.7325,1.7438,1.7551,1.7657,1.7743,1.7816,1.7923,1.8047,1.8136,1.82,1.8255,1.8313,1.838,1.8493,1.8645,1.8786,1.8904,1.9017,1.913,1.9243,1.9356,1.9469,1.9588,1.9722,1.9853,1.9954,2.0073,2.0231,2.0399,2.0563,2.0697,2.0789,2.0856,2.0948,2.1088,2.1274,2.1454,2.1572,2.1646,2.1731,2.1838,2.1945,2.203,2.2091,2.2143,2.2183,2.2244,2.2341,2.2424,2.2481,2.2515,2.2549,2.2594,2.2622,2.2622,2.2588,2.2503,2.2368,2.2216,2.2097,2.1996,2.1866,2.1731,2.1612,2.15,2.1387,2.1274,2.1167,2.1082,2.1021,2.0963,2.0902,2.0816,2.071,2.0597,2.049,2.0405,2.0338,2.0258,2.0173,2.0078,1.9947,1.9813,1.9694,1.9581,1.9475,1.9396

Intensity : 339.3895,337.9322,335.5715,333.0064,330.968,328.8217,326.8236,325.7024,325.0876,324.7486,324.303,323.7199,323.0615,322.4643,321.7345,321.2346,320.9669,320.3995,318.9899,317.4329,315.9925,314.6429,313.4251,312.4966,311.784,310.8377,309.8641,309.4322,309.2236,309.0591,308.8431,308.7181,308.5668,308.4597,308.4481,308.6012,308.9645,308.7967,308.5604,308.1421,307.7122,307.2279,306.7707,306.4903,306.4687,306.4187,306.3286,306.403,306.181,305.9109,305.7268,305.7059,305.5315,305.2941,304.8193,303.8418,303.0368,302.667,302.1702,301.0315,299.8547,298.9215,298.2789,297.7633,297.4325,296.8933,295.9498,295.1907,294.8007,294.6938,294.6491,293.8474,293.2037,292.8439,292.8279,293.3616,294.5604,296.3512,297.7982,299.0233,300.7015,302.487,303.7706,304.9207,306.0883,307.068,307.8596,308.4627,308.7807,309.0527,309.3222,309.7988,310.2754,310.5742,310.676,310.6399,310.8583,311.2768,311.5195,311.803,312.4301,313.1913,313.9209,314.6869,315.4933,316.1432

Time pixel : 91.15161,91.18896,91.28894,91.4315,91.57459,91.73774,91.92287,92.05443,92.12336,92.18322,92.26645,92.38894,92.51475,92.62625,92.732,92.83198,92.9119,92.98083,93.08657,93.22913,93.36069,93.46644,93.54636,93.60952,93.69521,93.82101,93.96933,94.10089,94.20664,94.28656,94.34972,94.43541,94.56121,94.70377,94.81527,94.91002,95.03252,95.15832,95.26983,95.36981,95.44973,95.5129,95.59282,95.6928,95.79854,95.90428,96.01003,96.11577,96.21575,96.29567,96.35308,96.40718,96.47035,96.57609,96.71288,96.81862,96.88179,96.93589,96.9933,97.06746,97.14162,97.19902,97.25312,97.31053,97.39045,97.49043,97.59041,97.67033,97.73926,97.845,97.98756,98.11912,98.23063,98.33637,98.44211,98.54786,98.64784,98.72776,98.79093,98.86509,98.93925,99.00241,99.07657,99.15073,99.2139,99.28806,99.36222,99.41962,99.47372,99.52537,99.57946,99.63687,99.71679,99.81677,99.92252,100.0225,100.1024,100.1656,100.2455,100.3455,100.4512,100.557,100.6627,100.7685,100.8684,100.9426

Position pixel : 13.948,14.0337,14.1796,14.3504,14.5025,14.6882,14.8992,15.0566,15.148,15.2112,15.2968,15.4169,15.5451,15.66,15.7825,15.8824,15.9514,16.0313,16.1313,16.237,16.3428,16.4485,16.5485,16.6284,16.6973,16.7973,16.914,16.9973,17.0571,17.1088,17.1629,17.226,17.3318,17.4743,17.6059,17.7174,17.8232,17.9289,18.0346,18.1404,18.2461,18.3576,18.4834,18.6059,18.7007,18.8122,18.9605,19.1179,19.272,19.3978,19.4835,19.5466,19.6323,19.7639,19.938,20.1064,20.2179,20.2868,20.3667,20.4667,20.5667,20.6466,20.704,20.7524,20.7897,20.8471,20.938,21.0155,21.0696,21.1012,21.1328,21.1753,21.2012,21.2012,21.1696,21.0897,20.9639,20.8213,20.7098,20.615,20.4926,20.3667,20.2552,20.1495,20.0438,19.938,19.838,19.7581,19.7007,19.6466,19.5892,19.5093,19.4093,19.3036,19.2036,19.1237,19.0605,18.9863,18.9064,18.8174,18.6949,18.5691,18.4576,18.3519,18.2519,18.1777

Brightness max : 353.63
Brightness min : 202.00
Feature direction : Ambiguous
Feature speed : Slow
Feature type : Curve
Start frame : 1
End frame : 117
Start time (s) : 0.000
End time (s) : 482.780
Time step (s) : 4.162

Feature number : 8

Time (s) : 198.9894,199.0949,199.2925,199.5271,199.8301,200.1332,200.3913,200.718,201.103,201.4296,201.6878,201.9908,202.2939,202.5285,202.7496,202.9606,203.1817,203.4163,203.7194,204.0224,204.2806,204.6072,205.0158,205.4479,205.8801,206.3122,206.7444,207.1765,207.6086,208.0408,208.4729,208.9051,209.3136,209.6403,209.8749,210.0959,210.307,210.5281,210.7391,210.9602,211.1713,211.3688,211.4979,211.6505,211.93,212.2331,212.4912,212.7943,213.0974,213.332,213.5531,213.7641,213.9852,214.2198,214.5229,214.8259,215.0841,215.3871,215.6902,215.9484,216.2514,216.5545,216.8126,217.1392,217.5478,217.98,218.4121,218.8678,219.4055,220.0351,220.6783,221.308,221.8457,222.3014,222.7335,223.1421,223.4687,223.7033,223.9244,224.1355,224.3565,224.5911,224.9178,225.3263,225.7585,226.1906,226.6228,227.0314,227.358,227.5926,227.8137,228.0247,228.2458,228.4568,228.6779,228.889,229.1101,229.3211,229.5422,229.7533,229.9743,230.1854,230.4065,230.6411,230.9677,231.3527,231.6794,231.9375,232.2641,232.6727,233.0813,233.4315,233.7951,234.2957,234.8099,235.2655,235.6977,236.1063,236.4329,236.691,237.0177,237.4262,237.8584,238.2905,238.7227,239.1548,239.5869,240.0191,240.4512,240.8834,241.3155,241.7476,242.1798,242.6119,243.0441,243.4526,243.7793,244.0374,244.364,244.7726,245.2047,245.6369,246.069,246.5012,246.9333,247.3654,247.774,248.1242,248.4879,248.9885,249.5026,249.9347,250.2613,250.5195,250.8461,251.2547,251.6868,252.119,252.5276,252.8542,253.1123,253.4154,253.7185,253.9766,254.3032,254.7118,255.144,255.5761,256.0082,256.4168,256.7434,257.0016,257.3282,257.7368,258.1454,258.4955,258.8592,259.3598,259.8739,260.3296,260.7618,261.1939,261.626,262.0582,262.4668,262.7934,263.0515,263.3781,263.7867,264.2189,264.6275,264.9541,265.2122,265.5388,265.9474,266.356,266.6826,266.9172,267.1383,267.3494,267.5705,267.7815,268.0026,268.2137,268.4347,268.6693,268.996,269.4045,269.8367,270.2453,270.5719,270.83,271.1567,271.5652,271.9974,272.4295,272.8381,273.1412

Position (um) : 1.8724,1.8775,1.8835,1.8913,1.899,1.905,1.9107,1.9161,1.9218,1.9278,1.9356,1.9433,1.9494,1.955,1.9604,1.9661,1.9715,1.9772,1.9832,1.991,1.9981,2.0014,2.0021,2.0021,2.0021,2.0021,2.0021,2.0021,2.0021,2.0021,2.0021,2.0021,2.0027,2.006,2.0137,2.0236,2.032,2.038,2.0437,2.0491,2.0547,2.0608,2.0691,2.0796,2.0907,2.1018,2.1122,2.1206,2.1266,2.1323,2.1377,2.1434,2.1488,2.1538,2.1572,2.1605,2.1649,2.1682,2.1715,2.176,2.1793,2.1826,2.1871,2.1898,2.1904,2.1904,2.1904,2.1904,2.1904,2.1904,2.1904,2.1904,2.1904,2.1904,2.1904,2.1898,2.1871,2.182,2.1766,2.1709,2.1655,2.1599,2.1538,2.1455,2.135,2.1239,2.1134,2.1051,2.0985,2.0901,2.0796,2.0685,2.0581,2.0497,2.0431,2.0347,2.0242,2.0131,2.0021,1.991,1.9805,1.9721,1.9661,1.9604,1.955,1.9494,1.944,1.9383,1.9329,1.9278,1.9245,1.9212,1.9167,1.914,1.9134,1.9134,1.9134,1.9128,1.9101,1.9057,1.9029,1.9017,1.899,1.8946,1.8919,1.8913,1.8913,1.8913,1.8913,1.8913,1.8913,1.8913,1.8913,1.8913,1.8913,1.8907,1.888,1.8835,1.8808,1.8802,1.8802,1.8802,1.8802,1.8808,1.8835,1.888,1.8913,1.8946,1.8996,1.905,1.9101,1.9134,1.9167,1.9212,1.9245,1.9278,1.9329,1.9383,1.944,1.9494,1.9544,1.9577,1.961,1.9655,1.9682,1.9694,1.9721,1.9766,1.9793,1.9793,1.9766,1.9721,1.9694,1.9688,1.9682,1.9655,1.961,1.9577,1.9544,1.95,1.9473,1.9461,1.9433,1.9389,1.9356,1.9323,1.9278,1.9245,1.9212,1.9167,1.9134,1.9101,1.905,1.899,1.8913,1.8835,1.8775,1.8718,1.8664,1.8607,1.8553,1.8497,1.8442,1.8386,1.8332,1.8275,1.8221,1.817,1.8143,1.8131,1.8104,1.8059,1.8032,1.8026,1.8026,1.8026,1.8026,1.8026

Intensity : 313.2225,312.7007,312.136,311.3823,310.7101,310.3807,310.0047,309.7208,309.4923,309.3306,308.91,308.5206,308.2779,307.9809,307.6832,307.3394,307.0202,306.6771,306.3497,305.7166,304.8848,304.4196,304.2056,304.0471,303.8886,303.73,303.5715,303.413,303.2545,303.0959,303.5518,304.0956,304.5344,304.5303,303.8456,302.8707,302.2835,302.0628,301.8526,301.6694,301.4484,301.1782,300.6316,299.9313,299.3078,298.6948,298.0391,297.5655,297.2698,296.9314,296.6459,296.352,296.08,295.8392,295.7791,295.7145,295.5223,295.4483,295.3697,295.1624,295.0743,294.8333,294.333,293.9479,293.7006,293.493,293.2853,293.0663,292.8079,292.5053,292.2557,292.3357,292.4039,292.4618,292.5167,292.616,292.8676,293.2872,293.7268,294.1798,294.6086,295.0521,295.4355,295.8742,296.4391,297.3391,298.147,298.7062,299.1128,299.7242,300.5131,301.3344,302.0606,302.5825,302.9186,303.3947,304.1568,305.345,306.5101,307.677,308.7425,309.5412,310.017,310.4243,310.6676,310.8548,311.0813,311.4276,311.6388,311.6826,311.5287,312.0168,312.8687,313.4369,313.6237,313.6963,313.7652,313.9228,314.3773,315.0629,315.4731,315.7468,316.3348,317.1695,317.7575,318.0501,318.2577,318.4654,318.6731,318.8807,319.0884,318.585,317.9334,317.2819,316.6304,316.0964,315.9693,316.1786,316.0427,315.4973,314.835,314.2627,314.0581,313.7641,313.1326,312.1713,311.354,310.5309,309.3322,307.8748,306.3763,305.544,304.9438,304.105,303.6873,303.2892,302.6336,301.9261,301.1743,300.4414,299.744,299.3206,298.8972,298.4538,298.6475,299.2117,299.5748,299.6388,299.9652,300.6867,301.7216,302.9453,304.0067,304.8618,305.5074,305.9398,306.6753,307.18,307.675,308.3715,308.7614,308.8899,309.2708,309.943,310.0776,310.1261,310.4337,310.4218,310.2434,310.2046,309.9984,309.9093,310.1746,310.413,310.6822,310.8799,311.5807,312.268,312.9249,313.6178,314.2747,314.9676,315.6245,316.3175,316.9743,317.6616,318.2931,318.8594,319.1106,319.1713,319.3652,319.4491,319.1666,318.4492,317.6075,316.7659,315.9701,315.3799

Time pixel : 47.8122,47.8375,47.885,47.9414,48.0142,48.087,48.149,48.2275,48.32,48.3985,48.4605,48.5334,48.6062,48.6625,48.7157,48.7664,48.8195,48.8759,48.9487,49.0215,49.0835,49.162,49.2602,49.364,49.4679,49.5717,49.6755,49.7793,49.8832,49.987,50.0908,50.1947,50.2929,50.3713,50.4277,50.4808,50.5315,50.5846,50.6354,50.6885,50.7392,50.7867,50.8177,50.8543,50.9215,50.9943,51.0563,51.1292,51.202,51.2584,51.3115,51.3622,51.4153,51.4717,51.5445,51.6173,51.6793,51.7522,51.825,51.887,51.9598,52.0326,52.0947,52.1731,52.2713,52.3752,52.479,52.5885,52.7177,52.869,53.0235,53.1748,53.304,53.4135,53.5173,53.6155,53.694,53.7503,53.8035,53.8542,53.9073,53.9637,54.0421,54.1403,54.2441,54.348,54.4518,54.55,54.6285,54.6848,54.7379,54.7887,54.8418,54.8925,54.9456,54.9963,55.0494,55.1002,55.1533,55.204,55.2571,55.3078,55.3609,55.4173,55.4958,55.5883,55.6668,55.7288,55.8073,55.9055,56.0036,56.0878,56.1751,56.2954,56.419,56.5284,56.6323,56.7305,56.8089,56.871,56.9494,57.0476,57.1514,57.2553,57.3591,57.4629,57.5668,57.6706,57.7744,57.8783,57.9821,58.0859,58.1898,58.2936,58.3974,58.4956,58.5741,58.6361,58.7146,58.8128,58.9166,59.0204,59.1243,59.2281,59.3319,59.4358,59.5339,59.6181,59.7054,59.8257,59.9493,60.0531,60.1316,60.1936,60.2721,60.3702,60.4741,60.5779,60.6761,60.7546,60.8166,60.8894,60.9622,61.0242,61.1027,61.2009,61.3047,61.4086,61.5124,61.6106,61.689,61.7511,61.8296,61.9277,62.0259,62.11,62.1974,62.3177,62.4412,62.5507,62.6546,62.7584,62.8622,62.966,63.0642,63.1427,63.2047,63.2832,63.3814,63.4852,63.5834,63.6619,63.7239,63.8024,63.9005,63.9987,64.0772,64.1336,64.1867,64.2374,64.2905,64.3412,64.3943,64.4451,64.4982,64.5545,64.633,64.7312,64.835,64.9332,65.0117,65.0737,65.1522,65.2504,65.3542,65.458,65.5562,65.629

Position pixel : 17.5484,17.5959,17.6522,17.7251,17.7979,17.8542,17.9074,17.9581,18.0112,18.0676,18.1404,18.2132,18.2696,18.3227,18.3734,18.4265,18.4772,18.5304,18.5867,18.6595,18.7267,18.7577,18.7634,18.7634,18.7634,18.7634,18.7634,18.7634,18.7634,18.7634,18.7634,18.7634,18.769,18.8,18.8729,18.9654,19.0439,19.1002,19.1533,19.2041,19.2572,19.3136,19.392,19.4902,19.594,19.6979,19.796,19.8745,19.9309,19.984,20.0347,20.0878,20.1386,20.186,20.217,20.248,20.2898,20.3209,20.3519,20.3937,20.4247,20.4557,20.4975,20.5229,20.5285,20.5285,20.5285,20.5285,20.5285,20.5285,20.5285,20.5285,20.5285,20.5285,20.5285,20.5229,20.4975,20.45,20.3993,20.3462,20.2955,20.2424,20.186,20.1075,20.0094,19.9055,19.8074,19.7289,19.6669,19.5884,19.4902,19.3864,19.2882,19.2097,19.1477,19.0692,18.971,18.8672,18.7634,18.6595,18.5614,18.4829,18.4265,18.3734,18.3227,18.2696,18.2189,18.1657,18.115,18.0676,18.0366,18.0055,17.9637,17.9384,17.9327,17.9327,17.9327,17.9271,17.9017,17.8599,17.8345,17.8232,17.7979,17.7561,17.7307,17.7251,17.7251,17.7251,17.7251,17.7251,17.7251,17.7251,17.7251,17.7251,17.7251,17.7194,17.694,17.6522,17.6269,17.6212,17.6212,17.6212,17.6212,17.6269,17.6522,17.694,17.7251,17.7561,17.8035,17.8542,17.9017,17.9327,17.9637,18.0055,18.0366,18.0676,18.115,18.1657,18.2189,18.2696,18.317,18.348,18.3791,18.4209,18.4462,18.4575,18.4829,18.5247,18.5501,18.5501,18.5247,18.4829,18.4575,18.4519,18.4462,18.4209,18.3791,18.348,18.317,18.2752,18.2499,18.2386,18.2132,18.1714,18.1404,18.1094,18.0676,18.0366,18.0055,17.9637,17.9327,17.9017,17.8542,17.7979,17.7251,17.6522,17.5959,17.5427,17.492,17.4389,17.3882,17.3351,17.2844,17.2312,17.1805,17.1274,17.0767,17.0292,17.0039,16.9926,16.9672,16.9254,16.9001,16.8944,16.8944,16.8944,16.8944,16.8944

Brightness max : 353.63
Brightness min : 202.00
Feature direction : Ambiguous
Feature speed : Slow
Feature type : Curve
Start frame : 1
End frame : 117
Start time (s) : 0.000
End time (s) : 482.780
Time step (s) : 4.162

Feature number : 9

Time (s) : 55.58795,55.89659,56.3127,56.75279,57.19288,57.63297,58.07306,58.51315,58.95325,59.39334,59.83343,60.27352,60.73759,61.30913,62.03388,62.75864,63.33018,63.79425,64.2823,64.96131,65.86325,66.6715,67.15955,67.44643,67.75507,68.06371,68.30263,68.52778,68.74272,68.99185,69.31426,69.7166,70.063,70.4196,70.83571,71.25182,71.58444,71.84734,72.17996,72.59607,73.01218,73.3448,73.6077,73.94033,74.35644,74.79653,75.23662,75.67671,76.1168,76.55689,76.99698,77.43707,77.87717,78.31726,78.75735,79.19744,79.63753,80.07762,80.51771,80.9578,81.39789,81.83799,82.27808,82.71817,83.15826,83.59835,84.03844,84.47853,84.91862,85.35872,85.79881,86.2389,86.67899,87.11908,87.55917,87.99926,88.43935,88.87944,89.31954,89.75963,90.19972,90.63981,91.0799,91.51999,91.98406,92.53162,93.14891,93.69647,94.16054,94.60063,95.04072,95.48081,95.9209,96.33701,96.66963,96.93254,97.26516,97.68127,98.12136,98.56145,98.97756,99.31018,99.57308,99.92968,100.4533,101.0705,101.6181,102.0582,102.3908,102.6537,102.9863,103.4025,103.8665,104.4381,105.1628,105.8876,106.4591,106.9232,107.3393,107.6479

Position (um) : 0.68319,0.68319,0.68319,0.68319,0.68319,0.68319,0.68319,0.68319,0.68258,0.67982,0.67528,0.67252,0.67191,0.67129,0.66854,0.664,0.66124,0.66063,0.66063,0.66001,0.65726,0.6521,0.64659,0.64143,0.63806,0.63469,0.62953,0.62402,0.61825,0.61212,0.6036,0.59354,0.58502,0.57889,0.57373,0.57036,0.56699,0.56184,0.55633,0.55117,0.5478,0.54443,0.53989,0.53652,0.53315,0.52799,0.52248,0.51732,0.51456,0.51333,0.51058,0.50604,0.50267,0.4993,0.49475,0.492,0.49077,0.48801,0.48347,0.48072,0.4801,0.47949,0.47673,0.47219,0.46882,0.46545,0.46091,0.45815,0.45692,0.45417,0.44962,0.44687,0.44625,0.44625,0.44625,0.44625,0.44625,0.44625,0.44625,0.44625,0.44625,0.44687,0.44962,0.45417,0.45754,0.46091,0.46545,0.46882,0.47219,0.47673,0.4801,0.48347,0.48801,0.49138,0.49475,0.4993,0.50205,0.50328,0.50604,0.51058,0.51395,0.51732,0.52248,0.5286,0.53713,0.5478,0.55847,0.56699,0.57312,0.57828,0.58165,0.58563,0.59293,0.60084,0.60697,0.61212,0.61488,0.61549,0.61549,0.61549

Intensity : 319.3027,319.8384,320.5606,321.3244,322.0882,322.8521,323.6159,324.2126,324.3776,323.4928,321.7251,320.8276,321.0044,321.2907,320.6719,319.0841,318.1897,318.2701,318.6718,318.9358,318.3773,316.7423,315.1914,313.4183,313.0029,312.8618,312.1446,311.3181,310.4122,309.5038,308.1958,306.72,305.4942,304.8699,304.6175,304.7634,304.6983,304.0237,303.386,302.9773,302.9852,302.7991,302.1491,301.9212,301.8741,301.9044,301.6232,301.3104,301.3767,301.6862,301.743,301.4994,301.4415,301.3769,301.1086,300.9,300.3327,299.5021,298.3587,297.5154,297.0389,296.5613,295.7058,294.5287,293.5513,293.3226,293.027,293.0377,293.3209,293.3034,292.9202,292.8645,293.2234,293.7042,294.0492,294.155,294.2607,294.3665,294.4722,294.5779,294.6837,294.9162,295.59,296.6324,296.9314,297.1,297.4433,297.6119,297.8608,298.3744,298.6463,298.9182,299.1063,298.6912,298.4689,298.6372,298.2466,297.3206,296.5894,296.1423,295.5213,295.1144,295.1809,295.1257,296.0898,298.5872,301.1838,303.2161,304.6164,305.8218,306.2202,306.6235,308.0476,310.1842,311.9048,313.1938,313.727,313.629,313.368,313.1744

Time pixel : 13.3564,13.4306,13.5305,13.6363,13.742,13.8478,13.9535,14.0593,14.165,14.2707,14.3765,14.4822,14.5937,14.7311,14.9052,15.0793,15.2167,15.3282,15.4454,15.6086,15.8253,16.0195,16.1368,16.2057,16.2799,16.354,16.4114,16.4655,16.5172,16.577,16.6545,16.7512,16.8344,16.9201,17.0201,17.12,17.2,17.2631,17.343,17.443,17.543,17.6229,17.6861,17.766,17.866,17.9717,18.0775,18.1832,18.289,18.3947,18.5005,18.6062,18.7119,18.8177,18.9234,19.0292,19.1349,19.2407,19.3464,19.4521,19.5579,19.6636,19.7694,19.8751,19.9809,20.0866,20.1923,20.2981,20.4038,20.5096,20.6153,20.7211,20.8268,20.9325,21.0383,21.144,21.2498,21.3555,21.4613,21.567,21.6727,21.7785,21.8842,21.99,22.1015,22.233,22.3814,22.5129,22.6244,22.7302,22.8359,22.9417,23.0474,23.1474,23.2273,23.2905,23.3704,23.4704,23.5761,23.6819,23.7818,23.8618,23.9249,24.0106,24.1364,24.2847,24.4163,24.522,24.602,24.6651,24.7451,24.845,24.9565,25.0939,25.268,25.4421,25.5795,25.691,25.791,25.8651

Position pixel : 6.4029,6.4029,6.4029,6.4029,6.4029,6.4029,6.4029,6.4029,6.3972,6.3713,6.3288,6.3029,6.2972,6.2914,6.2656,6.223,6.1972,6.1914,6.1914,6.1857,6.1598,6.1115,6.0599,6.0115,5.9799,5.9484,5.9,5.8484,5.7943,5.7369,5.657,5.5627,5.4828,5.4254,5.3771,5.3455,5.3139,5.2656,5.2139,5.1656,5.134,5.1024,5.0598,5.0283,4.9967,4.9483,4.8967,4.8484,4.8225,4.811,4.7852,4.7426,4.711,4.6794,4.6369,4.611,4.5995,4.5737,4.5311,4.5053,4.4995,4.4938,4.468,4.4254,4.3938,4.3622,4.3196,4.2938,4.2823,4.2565,4.2139,4.1881,4.1823,4.1823,4.1823,4.1823,4.1823,4.1823,4.1823,4.1823,4.1823,4.1881,4.2139,4.2565,4.2881,4.3196,4.3622,4.3938,4.4254,4.468,4.4995,4.5311,4.5737,4.6053,4.6369,4.6794,4.7053,4.7168,4.7426,4.7852,4.8168,4.8484,4.8967,4.9541,5.034,5.134,5.234,5.3139,5.3713,5.4196,5.4512,5.4886,5.557,5.6311,5.6885,5.7369,5.7627,5.7685,5.7685,5.7685

Brightness max : 353.63
Brightness min : 202.00
Feature direction : Ambiguous
Feature speed : Slow
Feature type : Curve
Start frame : 1
End frame : 117
Start time (s) : 0.000
End time (s) : 482.780
Time step (s) : 4.162

Feature number : 10

Time (s) : 444.9132,444.9372,445.0926,445.5087,446.126,446.781,447.4223,447.9698,448.4339,448.85,449.1827,449.4456,449.8022,450.3257,450.967,451.67,452.5262,453.4281,454.1311,454.7027,455.2125,455.5589,455.808,456.0229,456.2481,456.463,456.6882,456.9031,457.1283,457.3432,457.5684,457.7833,458.0085,458.2234,458.4485,458.6635,458.8886,459.1276,459.4602,459.8763,460.2924,460.625,460.8879,461.2205,461.6127,461.9453,462.2082,462.5408,462.9569,463.373,463.7057,463.9446,464.1697,464.4087,464.7173,465.0259,465.2649,465.49,465.7049,465.9301,466.169,466.5016,466.8938,467.2264,467.4653,467.6905,467.9054,468.1066

Position (um) : 3.545,3.5371,3.5258,3.5118,3.4954,3.4786,3.4621,3.4481,3.4368,3.4283,3.4221,3.4164,3.4096,3.3984,3.3825,3.3645,3.3419,3.3161,3.2941,3.2788,3.2676,3.259,3.2529,3.2471,3.2416,3.2359,3.2303,3.2246,3.2184,3.2099,3.1992,3.188,3.1773,3.1688,3.162,3.1535,3.1428,3.1316,3.1197,3.1056,3.0898,3.0758,3.0639,3.0526,3.0413,3.03,3.0187,3.0074,2.9962,2.9849,2.9742,2.9657,2.9589,2.9504,2.9397,2.9291,2.9205,2.9144,2.9087,2.9019,2.8906,2.8754,2.8614,2.8501,2.8416,2.8348,2.8269,2.8196

Intensity : 279.529,279.9065,280.5617,280.9203,280.6091,280.4163,280.3715,280.446,280.5717,280.6919,280.7979,280.9358,280.7533,280.4637,280.2997,280.3495,280.7411,281.6246,282.3859,282.8632,283.2701,283.5812,283.813,284.0303,284.2506,284.4791,284.7106,284.9502,285.2093,285.535,285.8836,285.9871,285.8399,285.6917,285.5534,285.4527,285.3864,285.3512,285.3203,285.3451,285.5463,285.9676,286.3899,286.8537,287.3992,288.0042,288.3226,288.487,288.4899,288.3406,288.0409,287.8338,287.6265,287.4194,287.1486,286.8778,286.6707,286.4576,286.2535,286.0461,285.872,285.8266,286.0179,286.2699,286.533,286.7677,287.1069,287.4601

Time pixel : 106.9015,106.9073,106.9447,107.0446,107.193,107.3503,107.5044,107.636,107.7475,107.8475,107.9274,107.9906,108.0762,108.202,108.3561,108.525,108.7308,108.9475,109.1164,109.2537,109.3762,109.4594,109.5193,109.5709,109.625,109.6767,109.7308,109.7824,109.8365,109.8882,109.9423,109.9939,110.048,110.0997,110.1538,110.2054,110.2595,110.3169,110.3968,110.4968,110.5968,110.6767,110.7399,110.8198,110.914,110.9939,111.0571,111.137,111.237,111.337,111.4169,111.4743,111.5284,111.5858,111.66,111.7341,111.7915,111.8456,111.8973,111.9514,112.0088,112.0887,112.1829,112.2629,112.3203,112.3744,112.426,112.4743

Position pixel : 33.2243,33.1501,33.0444,32.9128,32.7587,32.6013,32.4473,32.3157,32.21,32.13,32.0726,32.0185,31.9554,31.8496,31.7013,31.5324,31.3209,31.0784,30.8726,30.7296,30.6238,30.5439,30.4865,30.4324,30.3807,30.3266,30.275,30.2209,30.1635,30.0836,29.9836,29.8778,29.7779,29.6979,29.6348,29.5549,29.4549,29.3491,29.2376,29.1061,28.9577,28.8262,28.7147,28.6089,28.5032,28.3974,28.2917,28.186,28.0802,27.9745,27.8745,27.7946,27.7314,27.6515,27.5515,27.4515,27.3716,27.3142,27.2601,27.1969,27.0912,26.9486,26.8171,26.7113,26.6314,26.5682,26.4941,26.4257

Brightness max : 353.63
Brightness min : 202.00
Feature direction : Ambiguous
Feature speed : Slow
Feature type : Curve
Start frame : 1
End frame : 117
Start time (s) : 0.000
End time (s) : 482.780
Time step (s) : 4.162

