KYMOANALYSIS DATA

General Information :

Tiff path : G:\My Drive\microtubule dynamics and cut7\21-15 screens and tests\cut11-7\20-06-17&18 (cut11-7, cut7-3GFP, Klp5D, mts)\
Spindle type : Monopolar
Start frame : 1
End frame : 138
Start time (s) : 0.000
End time (s) : 553.440
Time step (s) : 4.040
Num poles : 1
Num tracks : 17
Num tracks poleward : 0
Num tracks antipoleward : 0
Num tracks ambiguous : 17
Comments : {

}
Poles Information :


Pole number : 1

Time (s) : 4.796463,8.86031,12.92416,16.988,21.05185,25.1157,29.17955,33.24339,37.30724,41.37109,45.43494,49.49878,53.56263,57.62648,61.69033,65.75417,69.81802,73.88187,77.94572,82.00956,86.07341,90.13726,94.20111,98.26495,102.3288,106.3926,110.4565,114.5203,118.5842,122.648,126.7119,130.7757,134.8396,138.9034,142.9673,147.0311,151.095,155.1588,159.2227,163.2865,167.3504,171.4142,175.4781,179.5419,183.6057,187.6696,191.7334,195.7973,199.8611,203.925,207.9888,212.0527,216.1165,220.1804,224.2442,228.3081,232.3719,236.4358,240.4996,244.5635,248.6273,252.6912,256.755,260.8188,264.8827,268.9465,273.0104,277.0742,281.1381,285.2019,289.2658,293.3296,297.3935,301.4573,305.5212,309.585,313.6489,317.7127,321.7766,325.8404,329.9043,333.9681,338.0319,342.0958,346.1596,350.2235,354.2873,358.3512,362.415,366.4789,370.5427,374.6066,378.6704,382.7343,386.7981,390.862,394.9258,398.9897,403.0535,407.1174,411.1812,415.245,419.3089,423.3727,427.4366,431.5004,435.5643,439.6281,443.692,447.7558,451.8197,455.8835,459.9474,464.0112,468.0751,472.1389,476.2028,480.2666,484.3305,488.3943,492.4581,496.522,500.5858,504.6497,508.7135,512.7774,516.8412,520.9051,524.9689,529.0328,533.0966,537.1605,541.2243,545.2882,549.352,553.4159,557.4797

Position (um) : 1.3845,1.3838,1.3832,1.3825,1.3818,1.3811,1.3804,1.3797,1.379,1.3783,1.3777,1.377,1.3763,1.3756,1.3749,1.3742,1.3735,1.3729,1.3722,1.3715,1.3708,1.3701,1.3694,1.3687,1.3681,1.3674,1.3667,1.366,1.3653,1.3646,1.3639,1.3633,1.3626,1.3619,1.3612,1.3605,1.3598,1.3591,1.3585,1.3578,1.3571,1.3564,1.3557,1.355,1.3543,1.3537,1.353,1.3523,1.3516,1.3509,1.3502,1.3495,1.3489,1.3482,1.3475,1.3468,1.3461,1.3454,1.3447,1.3441,1.3434,1.3427,1.342,1.3413,1.3406,1.3399,1.3393,1.3386,1.3379,1.3372,1.3365,1.3358,1.3351,1.3345,1.3338,1.3331,1.3324,1.3317,1.331,1.3303,1.3297,1.329,1.3283,1.3276,1.3269,1.3262,1.3255,1.3249,1.3242,1.3235,1.3228,1.3221,1.3214,1.3207,1.3201,1.3194,1.3187,1.318,1.3173,1.3166,1.3159,1.3153,1.3146,1.3139,1.3132,1.3125,1.3118,1.3111,1.3104,1.3098,1.3091,1.3084,1.3077,1.307,1.3063,1.3056,1.305,1.3043,1.3036,1.3029,1.3022,1.3015,1.3008,1.3002,1.2995,1.2988,1.2981,1.2974,1.2967,1.296,1.2954,1.2947,1.294,1.2933,1.2926,1.2919,1.2912

Intensity : 1130.3823,1113.7755,1098.9225,1115.8389,1142.2859,1171.7162,1131.243,1101.4693,1067.7504,1066.2937,1068.4557,1095.4655,1122.2037,1124.0949,1078.226,1044.5348,1029.8789,1020.4722,1001.4814,974.49618,962.78838,951.26979,943.90305,932.70507,914.42879,902.85405,888.69697,887.65653,887.40877,890.03476,880.90107,891.53896,931.38236,958.20165,955.1723,939.82122,942.19937,963.29305,976.99403,991.95181,999.00648,1020.3559,1036.4603,1053.8012,1078.5414,1121.4178,1149.8342,1151.9559,1135.7596,1082.121,1033.4232,1013.8859,1041.3601,1069.0996,1072.5994,1079.0591,1091.6087,1092.045,1076.0119,1072.0348,1081.2592,1101.2759,1114.6559,1116.0483,1116.4283,1125.6356,1143.6563,1161.2729,1170.1338,1192.7052,1216.0411,1232.246,1218.6408,1192.4364,1153.1619,1109.9201,1088.4165,1120.3926,1179.8714,1216.6978,1191.9373,1166.0715,1165.0186,1187.8959,1222.339,1216.4207,1196.0459,1183.52,1175.273,1170.2008,1115.8524,1061.9094,1028.5401,1035.1281,1040.8621,992.51885,936.32758,879.5299,879.36402,873.43719,887.93654,863.53582,823.44274,793.21116,794.05013,825.74023,826.05741,808.00083,789.75151,775.94331,788.0238,769.85993,769.41524,757.71333,760.39042,776.5814,804.26711,829.22141,853.35632,854.10803,843.75166,809.71747,796.94407,800.93849,784.35689,765.20526,739.27446,725.74629,709.21342,695.67247,733.21861,738.65301,756.97808,786.59474,817.61593,870.90638,875.51459

Time pixel : 1.187329,2.193305,3.19928,4.205256,5.211231,6.217207,7.223182,8.229158,9.235133,10.24111,11.24708,12.25306,13.25904,14.26501,15.27099,16.27696,17.28294,18.28891,19.29489,20.30086,21.30684,22.31282,23.31879,24.32477,25.33074,26.33672,27.34269,28.34867,29.35464,30.36062,31.36659,32.37257,33.37855,34.38452,35.3905,36.39647,37.40245,38.40842,39.4144,40.42037,41.42635,42.43233,43.4383,44.44428,45.45025,46.45623,47.4622,48.46818,49.47415,50.48013,51.48611,52.49208,53.49806,54.50403,55.51001,56.51598,57.52196,58.52793,59.53391,60.53988,61.54586,62.55184,63.55781,64.56379,65.56976,66.57574,67.58171,68.58769,69.59366,70.59964,71.60562,72.61159,73.61757,74.62354,75.62952,76.63549,77.64147,78.64744,79.65342,80.6594,81.66537,82.67135,83.67732,84.6833,85.68927,86.69525,87.70122,88.7072,89.71317,90.71915,91.72513,92.7311,93.73708,94.74305,95.74903,96.755,97.76098,98.76695,99.77293,100.7789,101.7849,102.7909,103.7968,104.8028,105.8088,106.8148,107.8207,108.8267,109.8327,110.8387,111.8446,112.8506,113.8566,114.8626,115.8685,116.8745,117.8805,118.8865,119.8924,120.8984,121.9044,122.9104,123.9163,124.9223,125.9283,126.9343,127.9402,128.9462,129.9522,130.9582,131.9641,132.9701,133.9761,134.9821,135.988,136.994,138

Position pixel : 12.9758,12.9694,12.963,12.9566,12.9501,12.9437,12.9373,12.9308,12.9244,12.918,12.9116,12.9051,12.8987,12.8923,12.8859,12.8794,12.873,12.8666,12.8601,12.8537,12.8473,12.8409,12.8344,12.828,12.8216,12.8151,12.8087,12.8023,12.7959,12.7894,12.783,12.7766,12.7701,12.7637,12.7573,12.7509,12.7444,12.738,12.7316,12.7252,12.7187,12.7123,12.7059,12.6994,12.693,12.6866,12.6802,12.6737,12.6673,12.6609,12.6544,12.648,12.6416,12.6352,12.6287,12.6223,12.6159,12.6094,12.603,12.5966,12.5902,12.5837,12.5773,12.5709,12.5645,12.558,12.5516,12.5452,12.5387,12.5323,12.5259,12.5195,12.513,12.5066,12.5002,12.4937,12.4873,12.4809,12.4745,12.468,12.4616,12.4552,12.4488,12.4423,12.4359,12.4295,12.423,12.4166,12.4102,12.4038,12.3973,12.3909,12.3845,12.378,12.3716,12.3652,12.3588,12.3523,12.3459,12.3395,12.333,12.3266,12.3202,12.3138,12.3073,12.3009,12.2945,12.2881,12.2816,12.2752,12.2688,12.2623,12.2559,12.2495,12.2431,12.2366,12.2302,12.2238,12.2173,12.2109,12.2045,12.1981,12.1916,12.1852,12.1788,12.1723,12.1659,12.1595,12.1531,12.1466,12.1402,12.1338,12.1274,12.1209,12.1145,12.1081,12.1016

Pole type : Line
Start frame : 1
End frame : 138
Start time (s) : 0.000
End time (s) : 553.440
Time step (s) : 4.040

Feature Information :


Feature number : 1

Time (s) : 392.9376,393.3189,393.9191,394.6267,395.2544,395.7864,396.2909,396.8229,397.4781,398.309,399.1673,399.9457,400.7083,401.4592,402.1943,402.822,403.3265,403.7078,404.0092,404.3905,404.8675,405.372,405.8765,406.381,406.913,407.5407,408.2483,408.9035,409.5587,410.2938,411.0722,411.958,412.9395,413.976,415.1082,416.2929,417.2744,417.9571,418.4616,418.8429,419.1168,419.3749,419.6488,420.0301,420.5071,421.0116,421.5161,422.0206,422.4976,422.8789,423.1803,423.5341,423.8879,424.1893,424.5706,425.0476,425.5521,426.0566,426.5611,427.0656,427.5976,428.2253,428.933,429.5607,430.0927,430.5972,431.1017,431.6062,432.1107,432.6152,433.1472,433.7749,434.4825,435.1102,435.6422,436.1467,436.6512,437.1557,437.6602,438.1647,438.6692,439.1737,439.6782,440.2102,440.8379,441.573,442.3239,443.059,443.7142,444.3694,445.0771,445.7048,446.2368,446.7413,447.2458,447.7503,448.2548,448.7318,449.1131,449.387,449.6451,449.8915,450.1221,450.2728,450.4235,450.6266,450.7498,450.8048,450.928,451.1311,451.2543,451.3093,451.4325,451.6356,451.7588,451.8138,451.937,452.1401,452.2908,452.4415,452.6721,452.9185,453.1491,453.2998,453.4505,453.6536,453.7768,453.8318,453.955,454.1581,454.3088,454.4595,454.6626,454.7858,454.8408,454.9915,455.3453,455.8223,456.2993,456.6806,456.982,457.3633,457.8403,458.3448,458.8493,459.3263,459.6802,459.8309

Position (um) : 1.9575,1.9575,1.9575,1.9575,1.9575,1.9575,1.9575,1.9582,1.9615,1.9669,1.9708,1.9748,1.9802,1.9834,1.9842,1.9842,1.9849,1.9881,1.9935,1.9968,1.9975,1.9982,2.0015,2.0068,2.0108,2.0148,2.0209,2.0274,2.0335,2.0375,2.0422,2.0508,2.0594,2.0641,2.0681,2.0735,2.0767,2.0774,2.0782,2.0814,2.0875,2.094,2.1008,2.1073,2.1142,2.1214,2.1307,2.1394,2.1441,2.148,2.1534,2.1574,2.1621,2.1714,2.1833,2.1934,2.2006,2.2074,2.2139,2.22,2.2233,2.2247,2.228,2.2334,2.2373,2.2413,2.2467,2.2507,2.2546,2.26,2.264,2.268,2.2733,2.2766,2.278,2.2813,2.2867,2.2899,2.2906,2.2906,2.2906,2.2914,2.2946,2.3007,2.3072,2.314,2.3206,2.3266,2.3306,2.3346,2.34,2.3432,2.3439,2.3439,2.3439,2.3439,2.3439,2.3432,2.3392,2.3299,2.318,2.308,2.3,2.2899,2.2773,2.264,2.2507,2.2373,2.224,2.2107,2.1974,2.1848,2.1747,2.1667,2.1567,2.1448,2.1347,2.1268,2.1167,2.1041,2.0908,2.0767,2.0601,2.0414,2.0249,2.0108,1.9975,1.9849,1.9741,1.9622,1.9427,1.9183,1.8956,1.8783,1.865,1.8556,1.8516,1.8509,1.8502,1.8469,1.8416,1.8383,1.8376,1.8376,1.8376,1.8369,1.8336,1.8282

Intensity : 374.6692,376.4264,379.1924,382.4533,385.346,387.7976,390.153,392.2478,393.5003,394.2997,395.9012,397.0418,396.7282,397.6398,399.9807,402.3412,403.8211,403.392,401.3607,399.9331,400.065,400.2366,399.0273,396.7082,395.2325,393.9341,392.7138,393.0558,394.8403,397.6162,400.2664,401.9296,402.5213,404.5134,407.0431,409.5531,413.8299,417.4242,420.0039,420.8635,419.9682,418.8149,417.6269,417.1751,416.2985,415.2887,413.6892,412.7311,413.0766,413.2813,412.7151,412.8108,412.6684,410.7458,407.4114,404.8484,403.2853,401.8892,400.6229,399.5183,399.3735,399.9484,399.5297,398.3416,397.4806,396.604,395.4877,394.7006,393.8669,393.6003,394.2202,395.1799,396.0435,397.2563,398.6579,399.4822,399.0955,398.9771,399.5493,400.3305,401.1117,401.6567,401.3419,400.0275,398.6082,397.3582,396.3926,395.6858,395.6011,395.5938,392.0732,389.444,387.7772,386.3751,384.9731,383.571,382.169,381.6255,382.0879,383.6084,385.4858,386.9076,387.8718,389.2692,391.0039,392.6076,394.3297,396.18,397.6131,398.5584,399.7083,401.0243,401.5705,401.2802,401.6218,402.5405,402.7152,401.7872,401.3356,401.0078,401.68,402.3997,403.2579,404.2839,405.1494,405.7487,406.3635,407.0028,407.4395,407.8043,408.609,410.0063,414.4235,417.8393,420.537,422.2157,422.3805,421.6284,420.8748,420.8292,421.3248,421.1948,420.3615,419.3344,418.3073,417.4476,417.2007,417.656

Time pixel : 97.26881,97.3632,97.51178,97.68695,97.84233,97.97402,98.09891,98.2306,98.39279,98.59845,98.81092,99.00361,99.19238,99.37826,99.56024,99.71562,99.84051,99.93489,100.0095,100.1039,100.222,100.3469,100.4717,100.5966,100.7283,100.8837,101.0589,101.2211,101.3832,101.5652,101.7579,101.9772,102.2201,102.4767,102.757,103.0502,103.2932,103.4622,103.5871,103.6815,103.7493,103.8132,103.881,103.9754,104.0934,104.2183,104.3432,104.4681,104.5862,104.6806,104.7552,104.8428,104.9303,105.0049,105.0993,105.2174,105.3423,105.4672,105.5921,105.717,105.8486,106.004,106.1792,106.3346,106.4663,106.5912,106.716,106.8409,106.9658,107.0907,107.2224,107.3778,107.5529,107.7083,107.84,107.9649,108.0898,108.2147,108.3396,108.4644,108.5893,108.7142,108.8391,108.9708,109.1262,109.3082,109.494,109.676,109.8382,110.0004,110.1756,110.3309,110.4626,110.5875,110.7124,110.8373,110.9622,111.0803,111.1746,111.2424,111.3063,111.3673,111.4244,111.4617,111.499,111.5493,111.5798,111.5934,111.6239,111.6742,111.7047,111.7183,111.7488,111.7991,111.8296,111.8432,111.8737,111.924,111.9613,111.9986,112.0556,112.1166,112.1737,112.211,112.2483,112.2986,112.3291,112.3427,112.3732,112.4235,112.4608,112.4981,112.5484,112.5789,112.5925,112.6298,112.7174,112.8355,112.9535,113.0479,113.1225,113.2169,113.335,113.4599,113.5848,113.7029,113.7904,113.8277

Position pixel : 18.3459,18.3459,18.3459,18.3459,18.3459,18.3459,18.3459,18.3527,18.3832,18.4335,18.4708,18.5081,18.5584,18.5889,18.5957,18.5957,18.6025,18.633,18.6833,18.7138,18.7206,18.7274,18.7579,18.8082,18.8455,18.8828,18.9399,19.0009,19.058,19.0953,19.1394,19.2201,19.3009,19.345,19.3823,19.4326,19.4631,19.4699,19.4767,19.5072,19.5643,19.6253,19.6892,19.7502,19.8141,19.8819,19.9695,20.0502,20.0943,20.1317,20.1819,20.2192,20.2633,20.3509,20.4622,20.5566,20.6244,20.6883,20.7493,20.8064,20.8369,20.8505,20.881,20.9312,20.9686,21.0059,21.0561,21.0934,21.1307,21.181,21.2183,21.2556,21.3059,21.3364,21.35,21.3805,21.4308,21.4613,21.4681,21.4681,21.4681,21.4749,21.5054,21.5625,21.6235,21.6874,21.7484,21.8055,21.8428,21.8801,21.9303,21.9608,21.9676,21.9676,21.9676,21.9676,21.9676,21.9608,21.9235,21.8359,21.7247,21.6303,21.5557,21.4613,21.3432,21.2183,21.0934,20.9686,20.8437,20.7188,20.5939,20.4758,20.3814,20.3068,20.2124,20.1012,20.0068,19.9322,19.8378,19.7197,19.5948,19.4631,19.3077,19.1326,18.9772,18.8455,18.7206,18.6025,18.5013,18.3894,18.2074,17.9781,17.7656,17.6034,17.4785,17.391,17.3537,17.3469,17.3401,17.3096,17.2593,17.2288,17.222,17.222,17.222,17.2152,17.1847,17.1344

Brightness max : 443.48
Brightness min : 236.00
Feature direction : Ambiguous
Feature speed : Slow
Feature type : Curve
Start frame : 1
End frame : 138
Start time (s) : 0.000
End time (s) : 553.440
Time step (s) : 4.040

Feature number : 2

Time (s) : 459.0642,459.1861,459.4946,459.9803,460.5306,460.9387,461.2048,461.4911,461.7551,461.8993,462.0212,462.2078,462.4071,462.5937,462.6934,462.7379,462.8376,463.0019,463.1016,463.1461,463.2458,463.4323,463.6317,463.8183,463.9402,464.0844,464.3484,464.6124,464.7566,464.9007,465.1648,465.451,465.6726,465.8592

Position (um) : 2.2392,2.2337,2.2246,2.2095,2.1923,2.1783,2.167,2.1562,2.1454,2.1346,2.1238,2.1131,2.1023,2.0915,2.0807,2.0705,2.0624,2.0559,2.0478,2.0376,2.0262,2.0128,1.9977,1.9843,1.9729,1.9627,1.9546,1.9481,1.94,1.9298,1.919,1.9088,1.9012,1.898

Intensity : 391.9129,392.8231,394.5824,397.5047,400.8804,401.2901,401.8659,402.3335,402.8971,403.8435,403.6663,403.2514,402.8294,402.4714,402.3674,402.4086,402.2876,401.9923,401.8964,401.9768,401.9563,401.7649,401.679,401.6825,401.8023,401.9176,401.9184,401.8077,401.6665,401.7147,401.923,403.9251,405.5612,406.1664

Time pixel : 113.638,113.6681,113.7445,113.8647,114.0009,114.102,114.1679,114.2387,114.3041,114.3398,114.3699,114.4161,114.4655,114.5117,114.5363,114.5474,114.572,114.6127,114.6374,114.6484,114.6731,114.7193,114.7686,114.8148,114.845,114.8807,114.946,115.0114,115.0471,115.0828,115.1481,115.219,115.2738,115.32

Position pixel : 20.9861,20.9344,20.8493,20.7076,20.5467,20.4155,20.3089,20.2079,20.1068,20.0058,19.9048,19.8037,19.7027,19.6016,19.5006,19.405,19.3287,19.2683,19.1919,19.0964,18.9899,18.8641,18.7224,18.5967,18.4901,18.3946,18.3182,18.2579,18.1815,18.086,17.9849,17.8894,17.8185,17.7883

Brightness max : 443.48
Brightness min : 236.00
Feature direction : Ambiguous
Feature speed : Slow
Feature type : Curve
Start frame : 1
End frame : 138
Start time (s) : 0.000
End time (s) : 553.440
Time step (s) : 4.040

Feature number : 3

Time (s) : 419.1718,419.5256,420.0026,420.5071,421.0116,421.5161,422.0481,422.7033,423.5341,424.3924,425.1983,426.0566,426.8875,427.5426,428.0746,428.5791,429.0836,429.5881,430.0927,430.5972,431.1017,431.6062,432.1107,432.6152,433.1472,433.8024,434.6332,435.464,436.1467,436.8294,437.6602,438.5185,439.2969,440.032,440.6597,441.1642,441.5455,441.8469,442.2282,442.7052,443.2097,443.7142,444.2187,444.7232,445.2277,445.7323,446.2368,446.7687,447.3965,448.1316,448.91,449.7683,450.5991,451.2543,451.7863,452.2908,452.7953,453.2998,453.8043,454.3088,454.8133,455.3178,455.8498,456.505,457.3358,458.1667,458.8218,459.3538,459.8583,460.3628,460.8673,461.3719,461.8764,462.3809,462.8854,463.3899,463.8944,464.3989,464.9034,465.4079,465.9124,466.4169,466.9214,467.4259,467.9304,468.4349,468.9394,469.4439,469.9484,470.4529,470.9574,471.4619,471.9664,472.4709,472.9754,473.4799,473.9844,474.4889,474.9934,475.5254,476.1531,476.8608,477.4885,477.993,478.3743,478.6756,479.0295,479.3833,479.6847,480.066,480.543,481.0475,481.552,482.0565,482.561,483.0655,483.57,484.0745,484.579,485.056,485.4373,485.7387,486.0925,486.4463,486.7202,486.9783,487.2797,487.7842,488.4643,489.092,489.624,490.1285,490.633,491.1375,491.697,492.4479,493.3862,494.2603,495.0229,495.6506,496.1826,496.6596,497.0409,497.3148,497.5729,497.8468,498.2006,498.5544,498.8283,499.0864,499.3603,499.7141,500.0404,500.1911

Position (um) : 3.7698,3.7698,3.7698,3.7698,3.7698,3.7698,3.769,3.7651,3.7564,3.7471,3.7391,3.7298,3.7212,3.7165,3.7118,3.7031,3.6945,3.6898,3.6858,3.6797,3.6725,3.6632,3.6538,3.6459,3.6358,3.6232,3.6099,3.5965,3.5832,3.5692,3.5526,3.5339,3.518,3.5072,3.5,3.4932,3.4867,3.4799,3.4733,3.4665,3.46,3.4539,3.4507,3.45,3.4492,3.446,3.4406,3.4374,3.4366,3.4366,3.4366,3.4366,3.4366,3.4366,3.4366,3.4366,3.4366,3.4366,3.4366,3.4366,3.4374,3.4406,3.4467,3.4532,3.4593,3.4633,3.4673,3.4726,3.4759,3.4766,3.4766,3.4773,3.4806,3.4859,3.4892,3.4899,3.4899,3.4899,3.4899,3.4899,3.4899,3.4899,3.4899,3.4899,3.4899,3.4892,3.4859,3.4806,3.4766,3.4726,3.4665,3.4593,3.4492,3.4366,3.4233,3.4107,3.4006,3.3927,3.3826,3.37,3.3567,3.3441,3.334,3.326,3.3167,3.3081,3.3034,3.2994,3.294,3.2908,3.29,3.29,3.29,3.29,3.29,3.29,3.2908,3.294,3.2994,3.3034,3.3074,3.3127,3.3167,3.3207,3.3268,3.3333,3.3401,3.3473,3.3574,3.3693,3.3793,3.3866,3.3934,3.4006,3.4114,3.4273,3.4452,3.4586,3.4673,3.4766,3.4852,3.4899,3.4939,3.5,3.5065,3.5126,3.5166,3.5206,3.5266,3.5332,3.5392,3.5432,3.5472,3.5526

Intensity : 359.4345,359.5213,359.6384,361.414,363.7455,366.0771,368.5458,371.6359,375.6335,379.5272,382.6235,386.1936,389.8496,392.7964,395.3559,397.0501,398.2931,399.1908,400.0115,400.9683,401.9776,403.0979,404.1744,404.9945,406.1665,407.8414,409.9879,412.8022,415.9383,416.8189,416.8012,416.777,416.1785,414.3996,414.2177,415.1356,415.8946,416.5713,417.3524,418.2888,419.2646,420.2367,421.0911,419.8386,417.7407,415.7031,413.6638,411.3995,408.6512,405.4211,404.9493,406.2153,407.4408,408.4072,409.1918,409.936,409.3736,408.2236,407.0736,405.9236,404.7424,403.4479,401.9539,400.2274,402.0307,403.9024,405.3082,406.3036,407.3376,408.5204,408.2587,407.2356,406.0658,404.791,403.6566,402.6697,401.7226,400.7754,402.0071,404.3224,406.6377,408.953,411.2683,413.5836,415.8989,418.2156,418.2566,417.1624,416.093,415.0516,414.0726,413.1592,412.3628,411.7053,413.1027,415.5161,417.5911,419.5881,421.4844,423.3476,425.4216,426.9754,426.7479,426.819,427.0841,427.4676,427.5273,427.6143,427.6156,427.7981,428.1804,428.1655,427.895,427.6246,427.3542,427.0837,426.8453,426.723,426.7063,425.9988,425.1518,424.0534,422.878,421.7222,420.6844,419.6892,418.5943,417.0117,414.9459,413.369,412.5087,411.8749,411.3477,410.9141,410.5598,409.8482,409.1955,408.9308,408.9893,409.2951,409.7549,410.1546,410.0439,409.6406,409.3038,408.9005,408.1609,407.4213,406.6521,405.9004,405.1258,404.1698,403.2984,402.8881

Time pixel : 103.7629,103.8505,103.9686,104.0934,104.2183,104.3432,104.4749,104.6371,104.8428,105.0552,105.2547,105.4672,105.6728,105.835,105.9667,106.0916,106.2165,106.3414,106.4663,106.5912,106.716,106.8409,106.9658,107.0907,107.2224,107.3846,107.5902,107.7959,107.9649,108.1339,108.3396,108.552,108.7447,108.9267,109.0821,109.207,109.3013,109.376,109.4703,109.5884,109.7133,109.8382,109.9631,110.088,110.2129,110.3377,110.4626,110.5943,110.7497,110.9317,111.1244,111.3368,111.5425,111.7047,111.8364,111.9613,112.0861,112.211,112.3359,112.4608,112.5857,112.7106,112.8423,113.0045,113.2101,113.4158,113.578,113.7097,113.8345,113.9594,114.0843,114.2092,114.3341,114.459,114.5839,114.7088,114.8336,114.9585,115.0834,115.2083,115.3332,115.4581,115.583,115.7078,115.8327,115.9576,116.0825,116.2074,116.3323,116.4572,116.582,116.7069,116.8318,116.9567,117.0816,117.2065,117.3314,117.4562,117.5811,117.7128,117.8682,118.0434,118.1988,118.3236,118.418,118.4926,118.5802,118.6678,118.7424,118.8368,118.9549,119.0798,119.2046,119.3295,119.4544,119.5793,119.7042,119.8291,119.954,120.072,120.1664,120.241,120.3286,120.4162,120.484,120.5479,120.6225,120.7474,120.9158,121.0711,121.2028,121.3277,121.4526,121.5775,121.716,121.9019,122.1341,122.3505,122.5393,122.6947,122.8263,122.9444,123.0388,123.1066,123.1705,123.2383,123.3259,123.4135,123.4813,123.5452,123.613,123.7005,123.7813,123.8186

Position pixel : 35.3304,35.3304,35.3304,35.3304,35.3304,35.3304,35.3236,35.2863,35.2056,35.118,35.0434,34.9558,34.875,34.8309,34.7868,34.706,34.6252,34.5811,34.5438,34.4867,34.4189,34.3314,34.2438,34.1692,34.0748,33.9567,33.8318,33.7069,33.582,33.4504,33.295,33.1198,32.9712,32.87,32.8022,32.7383,32.6773,32.6135,32.5525,32.4886,32.4276,32.3705,32.34,32.3332,32.3264,32.2959,32.2456,32.2151,32.2083,32.2083,32.2083,32.2083,32.2083,32.2083,32.2083,32.2083,32.2083,32.2083,32.2083,32.2083,32.2151,32.2456,32.3027,32.3637,32.4208,32.4581,32.4954,32.5457,32.5761,32.583,32.583,32.5898,32.6203,32.6705,32.701,32.7078,32.7078,32.7078,32.7078,32.7078,32.7078,32.7078,32.7078,32.7078,32.7078,32.701,32.6705,32.6203,32.583,32.5457,32.4886,32.4208,32.3264,32.2083,32.0834,31.9653,31.8709,31.7963,31.7019,31.5839,31.459,31.3409,31.2465,31.1719,31.0843,31.0035,30.9594,30.9221,30.8719,30.8414,30.8345,30.8345,30.8345,30.8345,30.8345,30.8345,30.8414,30.8719,30.9221,30.9594,30.9967,31.047,31.0843,31.1216,31.1787,31.2397,31.3036,31.3714,31.4658,31.5771,31.6714,31.7392,31.8031,31.8709,31.9721,32.1207,32.2891,32.414,32.4954,32.583,32.6637,32.7078,32.7451,32.8022,32.8632,32.9203,32.9576,32.9949,33.052,33.113,33.1701,33.2074,33.2447,33.295

Brightness max : 443.48
Brightness min : 236.00
Feature direction : Ambiguous
Feature speed : Slow
Feature type : Curve
Start frame : 1
End frame : 138
Start time (s) : 0.000
End time (s) : 553.440
Time step (s) : 4.040

Feature number : 4

Time (s) : 274.8838,275.2652,275.8929,276.7787,277.9658,279.6026,281.618,283.5536,285.1221,286.405,287.4939,288.2998,289.0099,289.8683,290.8223,291.7081,292.514,293.3723,294.2306,295.009,295.7716,296.5225,297.2576,297.8853,298.4173,298.9218,299.4263,299.9583,300.586,301.3211,302.072,302.8346,303.613,304.4988,305.5353,306.7908,308.261,309.7903,311.3837,312.8422,314.0294,315.0659,316.0474,316.9332,317.7116,318.4468,319.0745,319.6065,320.1384,320.7936,321.6794,322.7842,323.9688,325.0053,325.9344,326.9276,327.9524,329.0413,329.9954,330.7055,331.3607,332.0683,332.696,333.228,333.7325,334.2645,334.8922,335.6274,336.3783,337.1409,337.8918,338.6544,339.4328,340.3186,341.3001,342.3091,343.2906,344.1489,344.8041,345.3361,345.8406,346.3451,346.8496,347.3541,347.8586,348.3631,348.8676,349.3721,349.8766,350.3811,350.8857,351.4176,352.0728,352.9037,353.762,354.5954,355.6318,356.9397,358.275,359.4072,360.293,360.9482,361.4802,361.9847,362.4892,362.9937,363.5257,364.1534,364.8885,365.6394,366.3746,366.9748,367.3561

Position (um) : 3.8497,3.8497,3.8497,3.8497,3.8497,3.8497,3.8504,3.8537,3.8591,3.8623,3.8638,3.867,3.8731,3.8796,3.8864,3.8929,3.899,3.9023,3.903,3.903,3.903,3.903,3.903,3.903,3.903,3.903,3.903,3.903,3.903,3.903,3.903,3.903,3.9037,3.907,3.9138,3.9243,3.9405,3.9596,3.9783,3.9916,4.0003,4.0103,4.0229,4.0355,4.0456,4.0536,4.0629,4.0715,4.0755,4.077,4.0802,4.0856,4.0888,4.0903,4.0935,4.0989,4.1022,4.1029,4.1029,4.1029,4.1029,4.1029,4.1029,4.1029,4.1029,4.1029,4.1029,4.1029,4.1029,4.1029,4.1022,4.0989,4.0928,4.0863,4.0795,4.073,4.0662,4.0597,4.0536,4.0503,4.0496,4.0496,4.0496,4.0496,4.0489,4.0456,4.0402,4.037,4.0363,4.0363,4.0363,4.0355,4.0316,4.0222,4.0096,3.9963,3.983,3.9704,3.9603,3.9531,3.947,3.9437,3.943,3.943,3.943,3.943,3.943,3.9437,3.947,3.9523,3.9556,3.9563,3.9563

Intensity : 338.4049,339.9076,342.3813,345.8722,350.5509,354.9507,358.0887,359.7811,359.6409,359.6149,357.4377,354.9497,352.9538,350.6005,348.0792,350.1906,352.2247,354.1605,355.9509,357.3588,357.6466,357.9299,358.2072,358.4441,358.6448,358.8351,359.5661,360.3562,361.2885,362.3804,363.4957,364.6283,366.2314,368.1861,370.591,373.7803,377.4746,380.6364,384.1427,389.1494,393.0989,396.2048,392.5511,388.9752,385.9078,383.1273,380.2455,379.3647,379.2408,379.4766,379.6795,379.8452,378.6481,377.0967,375.7626,374.5748,376.2604,379.1227,381.6136,383.4678,384.7004,383.3157,382.0873,381.0463,380.059,379.018,377.7897,376.7399,376.151,375.553,374.9947,374.5831,374.3739,373.6763,372.7892,371.7577,370.685,370.0441,369.5596,368.9574,368.4466,367.9529,367.4592,366.9656,366.3374,365.6381,364.8845,364.1675,363.5047,362.8588,362.2129,361.5115,361.2322,360.8396,360.4048,360.0079,360.0542,363.5075,366.964,369.8451,370.1491,370.1951,370.3181,370.4603,370.6024,370.7445,370.8944,369.343,367.4023,365.2911,363.2015,361.5274,360.4743

Time pixel : 68.0455,68.1399,68.2952,68.5145,68.8084,69.2136,69.7125,70.1916,70.5799,70.8974,71.167,71.3665,71.5423,71.7548,71.9909,72.2102,72.4097,72.6222,72.8346,73.0273,73.2161,73.402,73.5839,73.7393,73.871,73.9959,74.1208,74.2525,74.4079,74.5898,74.7757,74.9645,75.1572,75.3764,75.633,75.9438,76.3077,76.6863,77.0807,77.4418,77.7357,77.9923,78.2352,78.4545,78.6472,78.8292,78.9845,79.1162,79.2479,79.4101,79.6294,79.9028,80.1961,80.4527,80.6827,80.9285,81.1822,81.4518,81.6879,81.8637,82.0259,82.2011,82.3565,82.4881,82.613,82.7447,82.9001,83.0821,83.268,83.4567,83.6426,83.8314,84.0241,84.2434,84.4863,84.7361,84.9791,85.1915,85.3537,85.4854,85.6103,85.7352,85.8601,85.985,86.1098,86.2347,86.3596,86.4845,86.6094,86.7343,86.8592,86.9909,87.153,87.3587,87.5712,87.7775,88.034,88.3578,88.6883,88.9686,89.1879,89.3501,89.4818,89.6067,89.7315,89.8564,89.9881,90.1435,90.3255,90.5114,90.6933,90.8419,90.9363

Position pixel : 36.0798,36.0798,36.0798,36.0798,36.0798,36.0798,36.0866,36.1171,36.1673,36.1978,36.2115,36.242,36.299,36.36,36.4239,36.4849,36.542,36.5725,36.5793,36.5793,36.5793,36.5793,36.5793,36.5793,36.5793,36.5793,36.5793,36.5793,36.5793,36.5793,36.5793,36.5793,36.5861,36.6166,36.6805,36.7788,36.9303,37.1093,37.2845,37.4094,37.4908,37.5852,37.7033,37.8214,37.9158,37.9904,38.0779,38.1587,38.196,38.2096,38.2401,38.2904,38.3209,38.3345,38.365,38.4153,38.4458,38.4526,38.4526,38.4526,38.4526,38.4526,38.4526,38.4526,38.4526,38.4526,38.4526,38.4526,38.4526,38.4526,38.4458,38.4153,38.3582,38.2972,38.2333,38.1723,38.1084,38.0474,37.9904,37.9599,37.9531,37.9531,37.9531,37.9531,37.9462,37.9158,37.8655,37.835,37.8282,37.8282,37.8282,37.8214,37.7841,37.6965,37.5784,37.4535,37.3286,37.2105,37.1162,37.0484,36.9913,36.9608,36.954,36.954,36.954,36.954,36.954,36.9608,36.9913,37.0415,37.072,37.0789,37.0789

Brightness max : 443.48
Brightness min : 236.00
Feature direction : Ambiguous
Feature speed : Slow
Feature type : Curve
Start frame : 1
End frame : 138
Start time (s) : 0.000
End time (s) : 553.440
Time step (s) : 4.040

Feature number : 5

Time (s) : 328.8657,329.2195,329.6965,330.201,330.7055,331.2375,331.9202,332.9017,334.0589,335.0679,335.8738,336.6089,337.2366,337.7961,338.4238,339.1314,339.7591,340.2911,340.7681,341.1494,341.4783,341.9828,342.6904,343.4413,344.1764,344.8041,345.3361,345.8406,346.3451,346.8771,347.5323,348.3906,349.3721,350.3811,351.4176,352.5773,353.9127,355.2205,356.2845,357.2411,358.3575,359.5854,360.7975,361.7791,362.4617,362.9937,363.4982,364.0027,364.5072,365.0117,365.5162,366.0207,366.5253,367.0023,367.3561

Position (um) : 6.2882,6.2882,6.2882,6.289,6.2922,6.2983,6.3063,6.3196,6.3376,6.3541,6.3682,6.3808,6.3909,6.3988,6.4082,6.4175,6.4255,6.4348,6.4442,6.4514,6.4582,6.4647,6.4715,6.4788,6.4881,6.4967,6.5015,6.5054,6.5115,6.518,6.5249,6.5314,6.5382,6.5447,6.5515,6.5587,6.5681,6.5767,6.5814,6.5854,6.5908,6.594,6.5955,6.5987,6.6041,6.6073,6.6081,6.6081,6.6081,6.6081,6.6081,6.6081,6.6081,6.6081,6.6081

Intensity : 349.9636,350.3139,350.7862,351.2518,351.5988,351.6697,350.9526,349.9583,349.0166,348.5352,348.2392,348.0381,347.9669,347.9982,347.815,347.5466,346.6691,345.5032,344.4448,343.6603,342.9744,342.2432,341.4357,340.5304,338.3335,336.449,335.0058,333.6723,332.05,330.1661,328.3499,327.9355,327.8152,328.0323,328.5713,329.6428,330.8774,332.0916,333.0301,333.8218,334.6848,335.5659,334.6808,333.8889,333.2211,332.7224,332.3301,330.6531,328.7454,326.8377,324.9301,323.0224,321.1147,319.311,317.9731

Time pixel : 81.4083,81.4959,81.6139,81.7388,81.8637,81.9954,82.1644,82.4074,82.6938,82.9436,83.1431,83.325,83.4804,83.6189,83.7743,83.9495,84.1049,84.2366,84.3546,84.449,84.5304,84.6553,84.8305,85.0164,85.1983,85.3537,85.4854,85.6103,85.7352,85.8669,86.0291,86.2415,86.4845,86.7343,86.9909,87.2779,87.6085,87.9322,88.1956,88.4324,88.7088,89.0127,89.3128,89.5557,89.7247,89.8564,89.9813,90.1062,90.2311,90.356,90.4809,90.6057,90.7306,90.8487,90.9363

Position pixel : 58.9339,58.9339,58.9339,58.9407,58.9712,59.0283,59.1029,59.2278,59.3962,59.5515,59.6832,59.8013,59.8957,59.9703,60.0579,60.1455,60.2201,60.3077,60.3952,60.463,60.5269,60.5879,60.6518,60.7196,60.8072,60.888,60.9321,60.9694,61.0265,61.0875,61.1514,61.2124,61.2762,61.3372,61.4011,61.4689,61.5565,61.6373,61.6814,61.7187,61.769,61.7995,61.8131,61.8436,61.8939,61.9244,61.9312,61.9312,61.9312,61.9312,61.9312,61.9312,61.9312,61.9312,61.9312

Brightness max : 443.48
Brightness min : 236.00
Feature direction : Ambiguous
Feature speed : Slow
Feature type : Curve
Start frame : 1
End frame : 138
Start time (s) : 0.000
End time (s) : 553.440
Time step (s) : 4.040

Feature number : 6

Time (s) : 393.9741,394.5336,395.5833,396.9029,398.229,399.7268,401.281,402.6988,403.9817,405.2213,406.3535,407.3625,408.2208,408.876,409.408,409.94,410.5952,411.426,412.2844,413.0902,413.976,414.9301,415.7884,416.4436,416.9756,417.4801,417.9846,418.4891,418.9936,419.4981,420.0026,420.5346,421.1898,422.0206,422.8789,423.6848,424.5706,425.5521,426.5336,427.4469,428.376,429.4375,430.3915,431.0742,431.6062,432.1107,432.6152,433.1472,433.7749,434.4825,435.1102,435.6422,436.1467,436.6512,437.1557,437.6602,438.1647,438.6417,439.023,439.3244,439.7057,440.1552,440.564,440.9886,441.6005,442.3514,443.2372,444.2187,445.2003,446.0861,446.8645,447.5996,448.2273,448.7318,449.0856

Position (um) : 6.8479,6.8479,6.8479,6.8486,6.8519,6.8573,6.8612,6.8652,6.8706,6.8738,6.8746,6.8746,6.8746,6.8746,6.8746,6.8746,6.8746,6.8746,6.8746,6.8746,6.8738,6.8706,6.8652,6.862,6.8612,6.8612,6.8612,6.8612,6.8612,6.8612,6.8605,6.8573,6.8519,6.8486,6.8479,6.8479,6.8479,6.8479,6.8479,6.8479,6.8486,6.8526,6.8612,6.8706,6.8785,6.8879,6.8972,6.9052,6.9153,6.9271,6.9372,6.9444,6.9505,6.9545,6.9585,6.9639,6.9671,6.9686,6.9718,6.9772,6.9804,6.9819,6.9851,6.9912,6.9985,7.0078,7.0172,7.0251,7.0352,7.0471,7.0571,7.0644,7.0705,7.0737,7.0744

Intensity : 344.5089,345.4535,347.226,351.268,355.664,360.3614,356.8786,352.4754,348.2961,347.364,346.7575,346.2934,346.1442,346.6077,346.9841,347.3604,347.8239,348.4117,348.994,349.4786,350.0896,351.0058,352.0708,353.7463,355.5726,357.2341,358.8955,360.557,362.2185,363.88,365.6098,366.7339,367.8854,369.0131,369.931,370.729,372.0034,373.9471,375.8909,377.6995,379.1561,378.9034,378.2884,377.6395,377.1221,376.5319,375.3249,373.9379,372.2505,370.3092,368.489,366.6053,364.9511,364.2446,363.8293,363.2888,363.085,363.1247,362.9361,362.5107,362.3988,362.5404,362.1286,361.2297,360.1947,359.0927,358.1637,357.5215,356.3322,354.9202,353.4741,352.387,351.5419,349.92,348.4508

Time pixel : 97.52539,97.66388,97.92374,98.25038,98.57867,98.94942,99.33416,99.68512,100.0027,100.3096,100.5898,100.8396,101.0521,101.2143,101.3459,101.4776,101.6398,101.8455,102.058,102.2574,102.4767,102.7129,102.9254,103.0875,103.2192,103.3441,103.469,103.5939,103.7188,103.8437,103.9686,104.1002,104.2624,104.4681,104.6806,104.8801,105.0993,105.3423,105.5853,105.8113,106.0413,106.3041,106.5402,106.7092,106.8409,106.9658,107.0907,107.2224,107.3778,107.5529,107.7083,107.84,107.9649,108.0898,108.2147,108.3396,108.4644,108.5825,108.6769,108.7515,108.8459,108.9572,109.0584,109.1635,109.315,109.5008,109.7201,109.9631,110.206,110.4253,110.618,110.8,110.9554,111.0803,111.1678

Position pixel : 64.1791,64.1791,64.1791,64.1859,64.2164,64.2667,64.304,64.3413,64.3916,64.4221,64.4289,64.4289,64.4289,64.4289,64.4289,64.4289,64.4289,64.4289,64.4289,64.4289,64.4221,64.3916,64.3413,64.3108,64.304,64.304,64.304,64.304,64.304,64.304,64.2972,64.2667,64.2164,64.1859,64.1791,64.1791,64.1791,64.1791,64.1791,64.1791,64.1859,64.2232,64.304,64.3916,64.4662,64.5538,64.6414,64.716,64.8104,64.9216,65.016,65.0838,65.1409,65.1782,65.2155,65.2658,65.2963,65.3099,65.3404,65.3907,65.4212,65.4348,65.4653,65.5224,65.5902,65.6778,65.7653,65.8399,65.9343,66.0456,66.14,66.2078,66.2649,66.2954,66.3022

Brightness max : 443.48
Brightness min : 236.00
Feature direction : Ambiguous
Feature speed : Slow
Feature type : Curve
Start frame : 1
End frame : 138
Start time (s) : 0.000
End time (s) : 553.440
Time step (s) : 4.040

Feature number : 7

Time (s) : 453.5055,454.0375,455.1014,456.8614,459.2031,461.4925,463.3349,464.8484,466.0605,466.8664,467.4259,467.9304,468.4349,468.9669,469.5946,470.3022,470.9299,471.4619,471.9664,472.4709,472.9754,473.4799,474.0119,474.6671,475.4979,476.3563,477.1621,478.0754,479.2076,480.543,481.9058,483.2162,484.6065,486.065,487.4278,488.5875,489.624,490.6055,491.4639,492.1465,492.8017,493.5094,494.1646,494.8198,495.5274,496.1551,496.6871,497.1916,497.7236,498.3788,499.2096,500.0679,500.8738,501.7321,502.5629,503.2181,503.7501,504.2546,504.7591,505.2636,505.7681,506.2726,506.7771,507.2816,507.7861,508.2906,508.7952,509.2997,509.8042,510.3087,510.8132,511.3177,511.8497,512.4774,513.185,513.8402,514.5229,515.3537,516.1845,516.8397,517.3717,517.9312,518.7096,519.7985,521.1089,522.7731,524.8435,527.053,529.2334,531.4454,533.8696,536.1315,537.8507,539.216,540.5514,541.736,542.5419,543.1014,543.6059,544.1104,544.6149,545.1469,545.7471,546.3315,546.7561,547.1649,547.6419,548.1189,548.4727

Position (um) : 6.6614,6.6614,6.6621,6.6661,6.6747,6.6833,6.688,6.692,6.6974,6.7006,6.7013,6.7013,6.7021,6.7053,6.7107,6.7139,6.7147,6.7147,6.7147,6.7147,6.7147,6.7147,6.7147,6.7154,6.7186,6.724,6.728,6.732,6.7381,6.7446,6.7514,6.7586,6.7694,6.7853,6.8032,6.8166,6.8252,6.8346,6.8439,6.8519,6.8612,6.8699,6.8746,6.8785,6.8839,6.8872,6.8879,6.8879,6.8879,6.8879,6.8879,6.8879,6.8879,6.8879,6.8879,6.8879,6.8879,6.8879,6.8879,6.8879,6.8879,6.8879,6.8879,6.8879,6.8879,6.8879,6.8879,6.8879,6.8879,6.8879,6.8879,6.8879,6.8879,6.8879,6.8879,6.8879,6.8879,6.8879,6.8879,6.8879,6.8879,6.8879,6.8879,6.8879,6.8879,6.8879,6.8879,6.8879,6.8879,6.8872,6.8839,6.8785,6.8753,6.8746,6.8746,6.8746,6.8746,6.8746,6.8746,6.8746,6.8746,6.8746,6.8738,6.8706,6.8652,6.862,6.8612,6.8612,6.8612

Intensity : 354.7428,356.1914,359.1022,362.959,362.9617,363.7705,365.6417,366.4081,364.3909,363.0735,362.1991,361.4254,360.6379,359.6895,358.5013,357.2141,356.1128,355.191,354.3168,353.4426,352.9118,352.5633,352.1957,351.7193,351.0155,350.1731,350.2643,351.07,352.0859,353.3794,360.9174,369.1528,377.9845,380.6554,383.1676,385.8099,386.8004,386.4635,385.5369,384.6941,383.6623,380.5515,377.9408,375.4488,372.7285,370.4832,368.747,367.9455,367.6375,367.2582,366.7772,366.2804,365.8138,366.7391,367.7199,368.4933,369.1214,369.7169,370.3125,370.6361,370.7744,370.9127,371.051,371.1893,371.3277,371.466,371.6043,371.0743,370.0752,369.0761,368.077,367.0779,366.0244,364.7813,363.2864,361.5573,359.7556,357.5629,355.3702,353.6411,353.3974,354.1666,355.2367,356.7338,358.5353,364.8656,372.7822,380.7117,388.3048,385.981,383.8801,382.7064,379.995,374.7561,369.562,366.4663,366.2673,366.1291,366.0045,365.8799,365.7553,365.6239,364.5659,363.0587,361.9767,360.915,359.6557,358.3927,357.4559

Time pixel : 112.2619,112.3936,112.657,113.0927,113.6724,114.2391,114.6951,115.0698,115.3699,115.5693,115.7078,115.8327,115.9576,116.0893,116.2447,116.4199,116.5752,116.7069,116.8318,116.9567,117.0816,117.2065,117.3382,117.5004,117.706,117.9185,118.118,118.3441,118.6243,118.9549,119.2922,119.6166,119.9608,120.3218,120.6592,120.9462,121.2028,121.4458,121.6583,121.8273,121.9894,122.1646,122.3268,122.489,122.6642,122.8195,122.9512,123.0761,123.2078,123.37,123.5757,123.7881,123.9876,124.2001,124.4058,124.5679,124.6996,124.8245,124.9494,125.0743,125.1992,125.3241,125.449,125.5738,125.6987,125.8236,125.9485,126.0734,126.1983,126.3232,126.448,126.5729,126.7046,126.86,127.0352,127.1974,127.3663,127.572,127.7777,127.9399,128.0716,128.2101,128.4027,128.6723,128.9967,129.4086,129.9212,130.4681,131.0078,131.5554,132.1555,132.7154,133.141,133.479,133.8095,134.1028,134.3023,134.4407,134.5656,134.6905,134.8154,134.9471,135.0957,135.2403,135.3454,135.4466,135.5647,135.6828,135.7704

Position pixel : 62.4307,62.4307,62.4375,62.4748,62.5556,62.6364,62.6805,62.7178,62.7681,62.7986,62.8054,62.8054,62.8122,62.8427,62.893,62.9235,62.9303,62.9303,62.9303,62.9303,62.9303,62.9303,62.9303,62.9371,62.9676,63.0178,63.0552,63.0925,63.1495,63.2105,63.2744,63.3422,63.4434,63.592,63.7604,63.8852,63.9667,64.0542,64.1418,64.2164,64.304,64.3848,64.4289,64.4662,64.5165,64.547,64.5538,64.5538,64.5538,64.5538,64.5538,64.5538,64.5538,64.5538,64.5538,64.5538,64.5538,64.5538,64.5538,64.5538,64.5538,64.5538,64.5538,64.5538,64.5538,64.5538,64.5538,64.5538,64.5538,64.5538,64.5538,64.5538,64.5538,64.5538,64.5538,64.5538,64.5538,64.5538,64.5538,64.5538,64.5538,64.5538,64.5538,64.5538,64.5538,64.5538,64.5538,64.5538,64.5538,64.547,64.5165,64.4662,64.4357,64.4289,64.4289,64.4289,64.4289,64.4289,64.4289,64.4289,64.4289,64.4289,64.4221,64.3916,64.3413,64.3108,64.304,64.304,64.304

Brightness max : 443.48
Brightness min : 236.00
Feature direction : Ambiguous
Feature speed : Slow
Feature type : Curve
Start frame : 1
End frame : 138
Start time (s) : 0.000
End time (s) : 553.440
Time step (s) : 4.040

Feature number : 8

Time (s) : 417.1537,417.5351,418.1902,419.1993,420.4796,421.6642,422.4701,423.0571,423.7123,424.5706,425.5521,426.5336,427.392,428.0471,428.5791,429.0836,429.5881,430.0927,430.6246,431.2523,432.015,432.8891,433.8273,434.5782,435.1377,435.6422,436.1467,436.6512,437.1557,437.6602,438.1647,438.6692,439.2012,439.8289,440.5365,441.1642,441.6962,442.2007,442.7052,443.2097,443.7142,444.2187,444.7232,445.2277,445.7323,446.2368,446.7413,447.2458,447.7503,448.2548,448.7868,449.442,450.2728,451.1311,451.937,452.8228,453.8043,454.8133,455.7948,456.6806,457.4865,458.3448,459.1757,459.8583,460.5135,461.2486,461.9996,462.7347,463.3624,463.8944,464.3989,464.9584,465.7367,466.7707,467.7522,468.5856,469.4714,470.4254,471.2837,471.9389,472.4709,472.9754,473.5074,474.1626,475.0209,476.0024,476.984,477.9247,478.977,480.2966,481.6752,483.0655,484.4558,485.8894,487.4553,488.9413,490.2792,491.6146,492.8542,493.9339,495.0504,496.1276,497.0684,497.9975,499.0589,500.0404,500.8738,501.7596,502.7411,503.7776,504.9098,506.1494,507.4048,508.6719,509.9274,511.1395,512.121,512.8037,513.3357,513.8127,514.194,514.4954,514.8767,515.3537,515.8582,516.3902,517.0179,517.7255,518.3807,519.0909,520.0724,521.257,522.3618,523.2751,524.0534,524.8161,525.567,526.3021,526.9298,527.4618,527.9663,528.4708,528.9753,529.4798,529.9843,530.4888,531.0483,531.7992,532.7924,533.9404,535.2874,536.611,537.755,538.6565,539.4192,540.0469,540.5789,541.0834,541.5879,542.0924,542.5969,543.1014,543.6059,544.1104,544.6149,545.1194,545.5964,545.9502

Position (um) : 5.622,5.622,5.6227,5.626,5.6313,5.6346,5.636,5.6393,5.6447,5.6479,5.6486,5.6486,5.6486,5.6486,5.6486,5.6486,5.6486,5.6486,5.6494,5.6526,5.6587,5.6659,5.6753,5.6846,5.6926,5.7027,5.7145,5.7239,5.7286,5.7326,5.7379,5.7412,5.7419,5.7419,5.7419,5.7419,5.7419,5.7419,5.7419,5.7419,5.7419,5.7419,5.7419,5.7419,5.7419,5.7419,5.7419,5.7419,5.7419,5.7419,5.7419,5.7426,5.7459,5.7513,5.7545,5.7552,5.756,5.7592,5.7646,5.7678,5.7686,5.7686,5.7686,5.7686,5.7686,5.7686,5.7686,5.7686,5.7686,5.7686,5.7686,5.7686,5.7686,5.7686,5.7686,5.7686,5.7686,5.7686,5.7686,5.7686,5.7686,5.7686,5.7686,5.7686,5.7693,5.7725,5.7779,5.7819,5.7866,5.7959,5.8085,5.8211,5.8305,5.8352,5.8392,5.8445,5.8478,5.8485,5.8485,5.8485,5.8485,5.8485,5.8485,5.8485,5.8485,5.8485,5.8485,5.8485,5.8485,5.8485,5.8492,5.8525,5.8586,5.8658,5.8752,5.8845,5.8917,5.8978,5.9011,5.9025,5.9058,5.9112,5.9144,5.9151,5.9151,5.9159,5.9191,5.9245,5.9277,5.9285,5.9292,5.9324,5.9378,5.9411,5.9425,5.9458,5.9519,5.9584,5.9645,5.9677,5.9692,5.9731,5.9818,5.9904,5.9951,5.9991,6.0052,6.0124,6.0225,6.0358,6.0524,6.0711,6.0869,6.0977,6.1049,6.111,6.115,6.119,6.1244,6.1276,6.1291,6.1323,6.1377,6.1417,6.1456,6.151,6.1543,6.155

Intensity : 324.7653,325.4846,326.7408,328.7159,330.5544,330.6154,330.6426,330.7036,330.8042,330.6799,330.2357,329.7792,329.38,329.0753,328.5419,327.9175,327.2931,326.6686,326.0102,325.2333,324.2517,323.9467,324.0326,324.202,324.4024,324.6775,325.0554,324.9241,324.5329,324.1542,323.8475,323.5039,323.0609,322.5078,322.1518,322.4047,322.619,322.8222,323.0254,323.2286,323.4318,323.635,323.8158,323.9873,324.1587,324.3302,324.5016,324.6731,324.8445,325.016,325.6374,326.6643,328.1422,329.892,331.4755,331.5481,329.4295,327.4865,325.659,324.3497,324.6739,324.9806,325.2775,325.5214,325.7555,324.4414,323.0695,321.7266,320.5798,319.6079,318.6862,319.3257,321.2038,323.6984,326.0665,328.0771,327.2021,326.1826,325.2655,324.5653,323.9969,323.6519,323.3969,323.0828,322.6549,322.1199,321.5615,321.0678,320.5326,319.8584,319.4298,319.1867,319.0273,318.4433,317.668,316.8004,314.8915,313.001,311.2483,310.981,310.7046,310.4379,310.1794,309.8202,309.4098,309.0303,308.708,307.0723,305.1741,303.1695,301.0208,299.4265,297.9287,296.3873,295.7712,295.4712,295.2282,295.0592,295.2677,295.7014,296.0402,296.2944,296.6204,297.038,297.483,297.9465,298.4691,298.9527,299.4088,299.9294,300.6515,301.2939,300.4143,299.7427,299.1884,298.6905,299.2548,300.7196,302.0792,303.2142,304.244,305.4351,306.5515,306.9801,306.9868,307.0378,307.1847,307.4777,308.0799,308.4934,308.6034,308.8239,307.8653,305.8885,304.4863,303.4663,302.6912,302.0227,301.5316,301.093,300.6207,300.1822,299.7832,299.3582,298.9333,298.5343,298.1438,297.8403

Time pixel : 103.2633,103.3577,103.5199,103.7697,104.0866,104.3799,104.5794,104.7247,104.8869,105.0993,105.3423,105.5853,105.7977,105.9599,106.0916,106.2165,106.3414,106.4663,106.598,106.7533,106.9421,107.1585,107.3908,107.5766,107.7151,107.84,107.9649,108.0898,108.2147,108.3396,108.4644,108.5893,108.721,108.8764,109.0516,109.207,109.3387,109.4635,109.5884,109.7133,109.8382,109.9631,110.088,110.2129,110.3377,110.4626,110.5875,110.7124,110.8373,110.9622,111.0939,111.256,111.4617,111.6742,111.8737,112.0929,112.3359,112.5857,112.8287,113.0479,113.2474,113.4599,113.6656,113.8345,113.9967,114.1787,114.3646,114.5466,114.7019,114.8336,114.9585,115.097,115.2897,115.5457,115.7886,115.9949,116.2142,116.4504,116.6628,116.825,116.9567,117.0816,117.2133,117.3755,117.5879,117.8309,118.0739,118.3068,118.5672,118.8939,119.2351,119.5793,119.9235,120.2783,120.666,121.0338,121.365,121.6956,122.0024,122.2697,122.5461,122.8127,123.0456,123.2756,123.5384,123.7813,123.9876,124.2069,124.4499,124.7064,124.9867,125.2936,125.6043,125.918,126.2288,126.5288,126.7718,126.9408,127.0725,127.1906,127.2849,127.3595,127.4539,127.572,127.6969,127.8286,127.984,128.1591,128.3213,128.4971,128.7401,129.0333,129.3068,129.5329,129.7256,129.9144,130.1002,130.2822,130.4376,130.5693,130.6942,130.8191,130.9439,131.0688,131.1937,131.3186,131.4571,131.643,131.8888,132.173,132.5065,132.8341,133.1173,133.3405,133.5292,133.6846,133.8163,133.9412,134.0661,134.191,134.3159,134.4407,134.5656,134.6905,134.8154,134.9403,135.0584,135.146

Position pixel : 52.6896,52.6896,52.6964,52.7269,52.7772,52.8077,52.8213,52.8518,52.9021,52.9326,52.9394,52.9394,52.9394,52.9394,52.9394,52.9394,52.9394,52.9394,52.9462,52.9767,53.0338,53.1016,53.1892,53.2767,53.3513,53.4457,53.557,53.6446,53.6887,53.726,53.7763,53.8068,53.8136,53.8136,53.8136,53.8136,53.8136,53.8136,53.8136,53.8136,53.8136,53.8136,53.8136,53.8136,53.8136,53.8136,53.8136,53.8136,53.8136,53.8136,53.8136,53.8204,53.8509,53.9012,53.9317,53.9385,53.9453,53.9758,54.0261,54.0565,54.0634,54.0634,54.0634,54.0634,54.0634,54.0634,54.0634,54.0634,54.0634,54.0634,54.0634,54.0634,54.0634,54.0634,54.0634,54.0634,54.0634,54.0634,54.0634,54.0634,54.0634,54.0634,54.0634,54.0634,54.0702,54.1007,54.1509,54.1882,54.2323,54.3199,54.438,54.5561,54.6437,54.6878,54.7251,54.7754,54.8059,54.8127,54.8127,54.8127,54.8127,54.8127,54.8127,54.8127,54.8127,54.8127,54.8127,54.8127,54.8127,54.8127,54.8195,54.85,54.9071,54.9749,55.0624,55.15,55.2178,55.2749,55.3054,55.319,55.3495,55.3998,55.4303,55.4371,55.4371,55.4439,55.4744,55.5247,55.5552,55.562,55.5688,55.5993,55.6496,55.6801,55.6937,55.7242,55.7813,55.8423,55.8993,55.9298,55.9435,55.9808,56.0615,56.1423,56.1864,56.2237,56.2808,56.3486,56.443,56.5679,56.7233,56.8984,57.047,57.1482,57.216,57.2731,57.3104,57.3477,57.398,57.4285,57.4421,57.4726,57.5229,57.5602,57.5975,57.6477,57.6782,57.6851

Brightness max : 443.48
Brightness min : 236.00
Feature direction : Ambiguous
Feature speed : Slow
Feature type : Curve
Start frame : 1
End frame : 138
Start time (s) : 0.000
End time (s) : 553.440
Time step (s) : 4.040

Feature number : 9

Time (s) : 309.0669,309.3957,310.2815,311.6851,313.251,314.6571,315.9242,317.0564,318.0929,319.102,320.0835,320.9418,321.597,322.129,322.661,323.2887,323.9963,324.624,325.156,325.6605,326.165,326.697,327.3522,328.183,329.0138,329.669,330.201,330.733,331.3882,332.2465,333.228,334.2096,335.0679,335.6956,336.1044,336.4057,336.7871,337.2366,337.6179,337.9193,338.3006,338.7501,339.1314,339.4328,339.8141,340.2636,340.6449,340.9188,341.1769,341.4233,341.6814,341.9278,342.1584,342.3091,342.4873,342.8136,343.1674,343.4688,343.8226,344.1764,344.4503,344.7084,344.9548,345.1854,345.3086

Position (um) : 5.027,5.0378,5.0591,5.0937,5.1336,5.1675,5.1948,5.2175,5.2355,5.2536,5.2755,5.2967,5.3108,5.3202,5.3335,5.3522,5.3721,5.3915,5.408,5.4228,5.4401,5.4628,5.4895,5.5194,5.5514,5.5806,5.6039,5.6227,5.6462,5.684,5.73,5.7704,5.8038,5.8298,5.8478,5.8618,5.8752,5.8885,5.9018,5.9151,5.9277,5.9378,5.9458,5.9558,5.9677,5.9778,5.985,5.9918,5.9991,6.0091,6.021,6.0311,6.039,6.0491,6.061,6.0711,6.079,6.0898,6.1064,6.1283,6.1503,6.1676,6.1816,6.1942,6.2036

Intensity : 327.4731,328.1137,329.7845,332.6256,335.2168,337.4703,338.1072,338.3065,338.371,338.4479,339.0293,339.9212,340.6153,341.1193,342.0089,342.9585,344.1626,345.5756,346.9596,348.3483,350.0876,350.6143,350.9407,350.9136,351.3366,350.7785,350.7871,351.2393,351.7219,350.4313,350.8184,352.91,355.8384,357.8252,358.9689,359.9166,360.449,360.6011,360.787,361.0125,361.1779,361.2385,361.2736,361.0944,360.0124,358.4735,356.8593,355.6806,354.5736,353.4684,352.3198,351.2876,350.379,349.7173,348.9627,347.8121,346.6483,345.5936,344.4505,343.1938,342.1186,341.2154,340.4329,339.9982,340.004

Time pixel : 76.5072,76.5886,76.8079,77.1554,77.543,77.8911,78.2047,78.485,78.7416,78.9913,79.2343,79.4468,79.609,79.7407,79.8723,80.0277,80.2029,80.3583,80.49,80.6149,80.7397,80.8714,81.0336,81.2393,81.445,81.6071,81.7388,81.8705,82.0327,82.2452,82.4881,82.7311,82.9436,83.099,83.2002,83.2748,83.3692,83.4804,83.5748,83.6494,83.7438,83.8551,83.9495,84.0241,84.1185,84.2297,84.3241,84.3919,84.4558,84.5168,84.5807,84.6417,84.6988,84.7361,84.7802,84.861,84.9486,85.0232,85.1108,85.1983,85.2661,85.33,85.391,85.4481,85.4786

Position pixel : 47.1138,47.215,47.4145,47.7383,48.1123,48.4299,48.6864,48.8989,49.0679,49.2369,49.4426,49.6414,49.7731,49.8613,49.9862,50.1614,50.3473,50.5292,50.6846,50.8231,50.9853,51.1978,51.4476,51.7278,52.0279,52.3013,52.5206,52.6964,52.9163,53.2706,53.7017,54.0802,54.3939,54.6369,54.8059,54.9376,55.0624,55.1873,55.3122,55.4371,55.5552,55.6496,55.7242,55.8186,55.9298,56.0242,56.092,56.1559,56.2237,56.3181,56.4294,56.5238,56.5984,56.6928,56.804,56.8984,56.973,57.0742,57.2296,57.4353,57.6409,57.8031,57.9348,58.0529,58.1405

Brightness max : 443.48
Brightness min : 236.00
Feature direction : Ambiguous
Feature speed : Slow
Feature type : Curve
Start frame : 1
End frame : 138
Start time (s) : 0.000
End time (s) : 553.440
Time step (s) : 4.040

Feature number : 10

Time (s) : 489.6515,489.8572,490.5399,491.7927,493.208,494.411,495.5274,496.4539,497.0134,497.3423,497.7236,498.2006,498.7051,499.2371,499.8648,500.5999,501.3783,502.2366,503.0949,503.8733,504.6634,505.5925,506.8046,508.1125,509.2447,510.158,510.9364,511.644,512.1485,512.4774,512.8587,513.3632,513.9909,514.6985,515.3262,515.8582,516.3902,517.0179,517.753,518.5314,519.3897,520.2205,520.9032,521.5859,522.4442,523.4257,524.4073,525.2931,526.0989,526.9573,527.7881,528.4433,528.9753,529.4798,530.0118,530.667,531.5253,532.4793,533.3651,534.1985,535.235,536.5428,537.9331,539.3667,540.9327,542.3912,543.5784,544.6149,545.5964,546.4547,547.1099,547.6419,548.1189,548.5002,548.8016,549.1829,549.6874,550.3151,551.0227,551.6504,552.1824,552.6869,553.1639,553.5178

Position (um) : 7.5102,7.5048,7.5016,7.5009,7.5009,7.5009,7.5009,7.5016,7.5048,7.5102,7.5142,7.5189,7.5282,7.5401,7.5502,7.5581,7.5682,7.5801,7.5894,7.5941,7.5988,7.6075,7.6168,7.6248,7.6341,7.6435,7.6507,7.6575,7.664,7.6708,7.6773,7.6842,7.6914,7.7015,7.7133,7.7234,7.7306,7.7375,7.7447,7.754,7.7627,7.7666,7.7674,7.7674,7.7674,7.7674,7.7674,7.7674,7.7674,7.7674,7.7674,7.7674,7.7674,7.7674,7.7674,7.7674,7.7674,7.7674,7.7674,7.7674,7.7674,7.7674,7.7674,7.7681,7.7713,7.7774,7.7839,7.79,7.7933,7.794,7.794,7.794,7.7947,7.798,7.8034,7.8066,7.8073,7.8073,7.8081,7.8113,7.8167,7.8199,7.8207,7.8207

Intensity : 327.8748,327.9944,328.0479,328.0272,328.09,328.3878,328.6642,328.8935,329.1063,329.3481,329.5991,329.8676,330.0027,329.9716,329.8825,329.7571,329.5919,329.418,329.2934,329.3443,329.3657,329.3837,329.6708,330.1198,330.5709,331.6061,332.6762,333.754,334.5428,335.0328,335.6952,336.4398,337.0529,337.6183,337.9271,338.1882,338.6354,339.2759,340.6142,341.8816,343.2995,344.9553,346.5161,347.5176,348.4068,349.4237,350.4405,351.3389,352.0556,352.8189,353.5578,354.1404,354.6135,354.9934,355.3348,355.7553,356.3061,356.9184,357.2369,356.087,354.6569,352.8524,352.7661,354.7762,356.9226,358.8019,360.3899,361.8138,362.6561,362.6356,362.6654,362.6897,362.6688,362.509,362.2527,362.1441,361.0307,358.5938,355.8015,353.1399,350.6649,348.4107,346.4436,345.1011

Time pixel : 121.2096,121.2605,121.4295,121.7397,122.09,122.3878,122.6642,122.8935,123.032,123.1134,123.2078,123.3259,123.4508,123.5825,123.7378,123.9198,124.1125,124.325,124.5374,124.7301,124.9257,125.1557,125.4558,125.7795,126.0598,126.2859,126.4785,126.6537,126.7786,126.86,126.9544,127.0793,127.2347,127.4098,127.5652,127.6969,127.8286,127.984,128.1659,128.3586,128.5711,128.7768,128.9458,129.1148,129.3272,129.5702,129.8132,130.0324,130.2319,130.4444,130.6501,130.8122,130.9439,131.0688,131.2005,131.3627,131.5752,131.8113,132.0306,132.2369,132.4935,132.8172,133.1614,133.5163,133.9039,134.2649,134.5588,134.8154,135.0584,135.2708,135.433,135.5647,135.6828,135.7772,135.8518,135.9462,136.0711,136.2265,136.4016,136.557,136.6887,136.8136,136.9317,137.0192

Position pixel : 70.3861,70.3358,70.3053,70.2985,70.2985,70.2985,70.2985,70.3053,70.3358,70.3861,70.4234,70.4675,70.5551,70.6664,70.7608,70.8354,70.9298,71.0411,71.1286,71.1727,71.2169,71.2976,71.3852,71.4598,71.5474,71.635,71.7028,71.7667,71.8277,71.8916,71.9526,72.0164,72.0842,72.1786,72.2899,72.3843,72.4521,72.516,72.5838,72.6714,72.7522,72.7895,72.7963,72.7963,72.7963,72.7963,72.7963,72.7963,72.7963,72.7963,72.7963,72.7963,72.7963,72.7963,72.7963,72.7963,72.7963,72.7963,72.7963,72.7963,72.7963,72.7963,72.7963,72.8031,72.8336,72.8907,72.9516,73.0087,73.0392,73.046,73.046,73.046,73.0528,73.0833,73.1336,73.1641,73.1709,73.1709,73.1777,73.2082,73.2585,73.289,73.2958,73.2958

Brightness max : 443.48
Brightness min : 236.00
Feature direction : Ambiguous
Feature speed : Slow
Feature type : Curve
Start frame : 1
End frame : 138
Start time (s) : 0.000
End time (s) : 553.440
Time step (s) : 4.040

Feature number : 11

Time (s) : 325.8662,326.3432,327.0233,327.651,328.2105,328.8382,329.5458,330.1735,330.7055,331.21,331.7145,332.219,332.7235,333.228,333.7325,334.237,334.7415,335.2461,335.7506,336.2551,336.7321,337.1134,337.4148,337.7686,338.0949

Position (um) : 8.7801,8.7801,8.7801,8.7801,8.7801,8.7801,8.7801,8.7801,8.7801,8.7801,8.7801,8.7801,8.7801,8.7801,8.7801,8.7808,8.7841,8.7894,8.7934,8.7974,8.8035,8.81,8.8161,8.8193,8.8201

Intensity : 287.7015,288.562,289.789,291.6126,293.5117,295.6424,298.0444,300.1751,301.9809,303.6933,303.9631,304.088,304.2129,304.3377,304.4626,304.5603,304.5632,304.4869,303.8336,303.1203,302.375,301.7343,301.2053,300.7188,300.3453

Time pixel : 80.6658,80.7839,80.9522,81.1076,81.2461,81.4015,81.5766,81.732,81.8637,81.9886,82.1135,82.2384,82.3633,82.4881,82.613,82.7379,82.8628,82.9877,83.1126,83.2375,83.3555,83.4499,83.5245,83.6121,83.6929

Position pixel : 82.2876,82.2876,82.2876,82.2876,82.2876,82.2876,82.2876,82.2876,82.2876,82.2876,82.2876,82.2876,82.2876,82.2876,82.2876,82.2944,82.3249,82.3752,82.4125,82.4498,82.5069,82.5679,82.625,82.6555,82.6623

Brightness max : 443.48
Brightness min : 236.00
Feature direction : Ambiguous
Feature speed : Slow
Feature type : Curve
Start frame : 1
End frame : 138
Start time (s) : 0.000
End time (s) : 553.440
Time step (s) : 4.040

Feature number : 12

Time (s) : 346.0463,346.5508,347.3816,348.3631,349.3447,350.203,350.8582,351.3902,351.8672,352.2485,352.5499,352.9312,353.4082,353.8852,354.2665,354.5679,354.9492,355.4262,355.9307,356.4352,356.9672,357.5949,358.33,359.1084,359.9667,360.825,361.5759,362.1604

Position (um) : 8.7534,8.7534,8.7534,8.7534,8.7534,8.7534,8.7534,8.7534,8.7542,8.7574,8.7628,8.766,8.7668,8.7675,8.7707,8.7768,8.7833,8.7894,8.7934,8.7974,8.8028,8.806,8.8067,8.8067,8.8067,8.8067,8.8067,8.8067

Intensity : 299.8416,300.5815,301.7999,302.5351,303.2456,303.867,304.3413,304.7264,304.9319,304.9275,304.7558,304.7386,304.9122,305.0842,305.0528,304.8006,304.5463,304.3463,303.3821,302.3025,301.1297,299.9538,298.7544,297.5235,296.6363,296.2113,295.8396,295.5502

Time pixel : 85.6612,85.7861,85.9918,86.2347,86.4777,86.6902,86.8524,86.984,87.1021,87.1965,87.2711,87.3655,87.4836,87.6017,87.6961,87.7707,87.8651,87.9831,88.108,88.2329,88.3646,88.52,88.702,88.8946,89.1071,89.3196,89.5055,89.6501

Position pixel : 82.0378,82.0378,82.0378,82.0378,82.0378,82.0378,82.0378,82.0378,82.0446,82.0751,82.1254,82.1559,82.1627,82.1695,82.2,82.2571,82.3181,82.3752,82.4125,82.4498,82.5001,82.5306,82.5374,82.5374,82.5374,82.5374,82.5374,82.5374

Brightness max : 443.48
Brightness min : 236.00
Feature direction : Ambiguous
Feature speed : Slow
Feature type : Curve
Start frame : 1
End frame : 138
Start time (s) : 0.000
End time (s) : 553.440
Time step (s) : 4.040

Feature number : 13

Time (s) : 417.6583,418.0121,418.4891,418.9936,419.4981,420.0026,420.5071,421.0391,421.6943,422.5801,423.6848,424.8694,425.851,426.5611,427.2163,427.9239,428.5517,429.0836,429.5881,430.0927,430.6246,431.2523,431.9875,432.7659,433.6517,434.6057,435.464,436.1192,436.6512,437.1557,437.6602,438.1647,438.6692,439.1737,439.6782,440.1827,440.6597,441.0135

Position (um) : 8.5536,8.5536,8.5536,8.5536,8.5536,8.5528,8.5496,8.5442,8.541,8.5395,8.5363,8.5309,8.5276,8.5269,8.5262,8.5229,8.5176,8.5143,8.5136,8.5136,8.5136,8.5136,8.5136,8.5136,8.5136,8.5136,8.5136,8.5136,8.5136,8.5136,8.5136,8.5136,8.5136,8.5129,8.5096,8.5042,8.501,8.5003

Intensity : 294.4154,294.3578,294.28,294.1979,294.1157,294.0734,294.7038,295.6639,296.6578,297.8359,299.3862,300.0876,300.1242,300.12,300.1147,300.1312,300.3278,300.5923,300.8212,301.0447,301.2804,301.5585,301.8842,302.4378,303.1878,303.9955,304.7222,305.2769,305.4391,305.4653,305.4916,305.5178,305.5441,305.5888,305.7025,305.8824,305.1921,304.3644

Time pixel : 103.3882,103.4758,103.5939,103.7188,103.8437,103.9686,104.0934,104.2251,104.3873,104.6066,104.8801,105.1733,105.4163,105.5921,105.7543,105.9294,106.0848,106.2165,106.3414,106.4663,106.598,106.7533,106.9353,107.128,107.3473,107.5834,107.7959,107.9581,108.0898,108.2147,108.3396,108.4644,108.5893,108.7142,108.8391,108.964,109.0821,109.1697

Position pixel : 80.1645,80.1645,80.1645,80.1645,80.1645,80.1577,80.1272,80.077,80.0465,80.0328,80.0024,79.9521,79.9216,79.9148,79.908,79.8775,79.8272,79.7967,79.7899,79.7899,79.7899,79.7899,79.7899,79.7899,79.7899,79.7899,79.7899,79.7899,79.7899,79.7899,79.7899,79.7899,79.7899,79.7831,79.7526,79.7023,79.6718,79.665

Brightness max : 443.48
Brightness min : 236.00
Feature direction : Ambiguous
Feature speed : Slow
Feature type : Curve
Start frame : 1
End frame : 138
Start time (s) : 0.000
End time (s) : 553.440
Time step (s) : 4.040

Feature number : 14

Time (s) : 480.7212,481.075,481.552,482.0565,482.561,483.093,483.7482,484.6065,485.5605,486.4463,487.2247,487.9598,488.5875,489.1195,489.624,490.1285,490.633,491.165,491.7927,492.5004,493.1281,493.6601,494.1646,494.6691,495.1736,495.6781,496.1551,496.5089

Position (um) : 8.5402,8.5402,8.5402,8.5402,8.5402,8.5395,8.5363,8.5309,8.5269,8.5229,8.5176,8.5143,8.5136,8.5129,8.5096,8.5042,8.501,8.5003,8.5003,8.5003,8.5003,8.5003,8.5003,8.5003,8.5003,8.5003,8.5003,8.5003

Intensity : 298.9857,299.8554,301.0221,302.2561,303.4902,304.8034,306.4777,308.6039,310.2487,311.7012,313.0743,314.3884,315.4728,315.6339,315.3812,315.2077,314.955,314.5872,314.121,313.5955,313.1529,312.8019,312.4691,312.1363,311.8035,311.4706,311.1559,310.9225

Time pixel : 118.999,119.0866,119.2046,119.3295,119.4544,119.5861,119.7483,119.9608,120.1969,120.4162,120.6089,120.7909,120.9462,121.0779,121.2028,121.3277,121.4526,121.5843,121.7397,121.9148,122.0702,122.2019,122.3268,122.4517,122.5766,122.7015,122.8195,122.9071

Position pixel : 80.0397,80.0397,80.0397,80.0397,80.0397,80.0328,80.0024,79.9521,79.9148,79.8775,79.8272,79.7967,79.7899,79.7831,79.7526,79.7023,79.6718,79.665,79.665,79.665,79.665,79.665,79.665,79.665,79.665,79.665,79.665,79.665

Brightness max : 443.48
Brightness min : 236.00
Feature direction : Ambiguous
Feature speed : Slow
Feature type : Curve
Start frame : 1
End frame : 138
Start time (s) : 0.000
End time (s) : 553.440
Time step (s) : 4.040

Feature number : 15

Time (s) : 507.4873,507.9643,508.6719,509.4778,510.4868,511.644,512.6255,513.3082,513.8402,514.3722,514.9999,515.7075,516.3352,516.8672,517.3717,517.8487,518.23,518.5314,518.9127,519.3622,519.7435,520.0449,520.4262,520.9032,521.4077,521.9122,522.3892,522.7705,523.0719,523.4257,523.7796,524.0809,524.4622,524.9118,525.2656

Position (um) : 8.3937,8.3944,8.3984,8.4084,8.4243,8.443,8.4588,8.4696,8.4776,8.4877,8.5003,8.5136,8.5262,8.5363,8.5435,8.5503,8.5568,8.5636,8.5701,8.577,8.5835,8.5896,8.5928,8.5935,8.5935,8.5935,8.5943,8.5975,8.6029,8.6069,8.6108,8.6162,8.6195,8.6202,8.6202

Intensity : 314.2457,315.7544,318.0771,320.9891,324.9488,328.5555,331.1984,332.6854,333.4948,334.2577,335.1948,336.3694,337.46,338.4317,337.0526,334.702,332.7698,331.1039,329.3264,327.423,325.8159,324.515,323.3388,322.1868,321.8713,322.1982,322.4593,322.5016,322.3758,322.3935,322.4307,322.3706,322.5095,322.8466,322.7462

Time pixel : 125.6247,125.7428,125.918,126.1175,126.3673,126.6537,126.8967,127.0657,127.1974,127.329,127.4844,127.6596,127.815,127.9467,128.0716,128.1896,128.284,128.3586,128.453,128.5643,128.6587,128.7333,128.8277,128.9458,129.0706,129.1955,129.3136,129.408,129.4826,129.5702,129.6578,129.7324,129.8268,129.938,130.0256

Position pixel : 78.6659,78.6727,78.71,78.8044,78.953,79.1281,79.2767,79.3779,79.4525,79.5469,79.665,79.7899,79.908,80.0024,80.0702,80.134,80.195,80.2589,80.3199,80.3838,80.4448,80.5019,80.5324,80.5392,80.5392,80.5392,80.546,80.5765,80.6268,80.6641,80.7014,80.7517,80.7822,80.789,80.789

Brightness max : 443.48
Brightness min : 236.00
Feature direction : Ambiguous
Feature speed : Slow
Feature type : Curve
Start frame : 1
End frame : 138
Start time (s) : 0.000
End time (s) : 553.440
Time step (s) : 4.040

Feature number : 16

Time (s) : 533.7215,534.281,535.3857,536.8966,538.3002,539.241,539.8712,540.6063,541.4372,542.2431,543.1563,544.2611,545.4457,546.4272,547.1374,547.8476,548.8016,549.8355,550.6139,551.1734,551.6779,552.1824,552.6869,553.1914,553.6959,554.2004,554.6775,555.0313

Position (um) : 3.7165,3.7165,3.7165,3.7165,3.7157,3.7125,3.7064,3.6999,3.6938,3.6905,3.6891,3.6851,3.6765,3.6679,3.6632,3.6592,3.6538,3.6506,3.6498,3.6498,3.6498,3.6498,3.6498,3.6506,3.6538,3.6592,3.6624,3.6632

Intensity : 364.5,364.8686,365.5965,366.5921,371.7167,376.3497,379.6682,383.5288,387.247,387.1638,386.9646,386.9423,387.7784,392.6015,396.0205,399.4167,404.064,405.3592,402.4886,400.3585,398.4377,396.5168,394.596,392.5991,391.8717,392.4374,393.1787,393.8979

Time pixel : 132.1188,132.2573,132.5308,132.9048,133.2523,133.4851,133.6411,133.8231,134.0288,134.2283,134.4544,134.7278,135.0211,135.264,135.4398,135.6156,135.8518,136.1077,136.3004,136.4389,136.5638,136.6887,136.8136,136.9385,137.0634,137.1882,137.3063,137.3939

Position pixel : 34.8309,34.8309,34.8309,34.8309,34.8241,34.7936,34.7365,34.6755,34.6184,34.5879,34.5743,34.537,34.4562,34.3755,34.3314,34.2941,34.2438,34.2133,34.2065,34.2065,34.2065,34.2065,34.2065,34.2133,34.2438,34.2941,34.3246,34.3314

Brightness max : 443.48
Brightness min : 236.00
Feature direction : Ambiguous
Feature speed : Slow
Feature type : Curve
Start frame : 1
End frame : 138
Start time (s) : 0.000
End time (s) : 553.440
Time step (s) : 4.040

Feature number : 17

Time (s) : 534.1985,534.5523,535.0293,535.5338,536.0383,536.5428,537.0748,537.7025,538.4101,539.0379,539.5698,540.0743,540.6063,541.234,541.9692,542.7201,543.4827,544.2611,545.1194,545.9502,546.6329,547.2881,547.9957,548.6234,549.1554,549.6599,550.1644,550.6964,551.3241,552.0317,552.6594,553.1914,553.6959,554.2004,554.7049,555.2094,555.6865,556.0403

Position (um) : 3.0235,3.0235,3.0235,3.0235,3.0235,3.0228,3.0196,3.0142,3.0109,3.0095,3.0062,3.0009,2.9976,2.9962,2.9929,2.9868,2.9803,2.9742,2.9702,2.9663,2.9602,2.9537,2.9476,2.9443,2.9429,2.9396,2.9342,2.931,2.9295,2.9263,2.9209,2.9177,2.9169,2.9169,2.9169,2.9169,2.9169,2.9169

Intensity : 376.0693,376.0988,376.1386,376.1807,376.2227,376.2796,376.3856,378.6662,382.4052,385.7105,388.62,391.5328,394.5347,397.974,401.5084,405.2497,408.8518,412.6485,416.8433,417.6163,417.2828,417,416.6419,416.2033,415.7582,415.2329,414.5817,413.7281,412.5882,411.3194,410.1949,409.1648,408.2205,407.3496,406.4787,405.6078,404.7843,404.1735

Time pixel : 132.2369,132.3245,132.4426,132.5675,132.6923,132.8172,132.9489,133.1043,133.2795,133.4349,133.5665,133.6914,133.8231,133.9785,134.1605,134.3464,134.5351,134.7278,134.9403,135.146,135.3149,135.4771,135.6523,135.8077,135.9394,136.0643,136.1892,136.3208,136.4762,136.6514,136.8068,136.9385,137.0634,137.1882,137.3131,137.438,137.5561,137.6437

Position pixel : 28.3368,28.3368,28.3368,28.3368,28.3368,28.33,28.2995,28.2492,28.2187,28.2051,28.1746,28.1244,28.0939,28.0803,28.0498,27.9927,27.9317,27.8746,27.8373,27.8,27.7429,27.6819,27.6248,27.5943,27.5807,27.5502,27.4999,27.4694,27.4558,27.4253,27.375,27.3445,27.3377,27.3377,27.3377,27.3377,27.3377,27.3377

Brightness max : 443.48
Brightness min : 236.00
Feature direction : Ambiguous
Feature speed : Slow
Feature type : Curve
Start frame : 1
End frame : 138
Start time (s) : 0.000
End time (s) : 553.440
Time step (s) : 4.040

