KYMOANALYSIS DATA

General Information :

Tiff path : E:\Google Drive\microtubule dynamics and cut7\21-15 screens and tests\cut11-7\21-07-12&22 (cut11-7, cut7-3GFP, Klp5D, mts)\
Spindle type : Monopolar
Start frame : 1
End frame : 87
Start time (s) : 0.000
End time (s) : 732.000
Time step (s) : 8.512
Num poles : 1
Num tracks : 4
Num tracks poleward : 0
Num tracks antipoleward : 0
Num tracks ambiguous : 4
Comments : {

}
Poles Information :


Pole number : 1

Time (s) : 8.511628,17.12339,25.73516,34.34692,42.95869,51.57045,60.18222,68.79398,77.40575,86.01751,94.62927,103.241,111.8528,120.4646,129.0763,137.6881,146.2999,154.9116,163.5234,172.1352,180.7469,189.3587,197.9705,206.5822,215.194,223.8057,232.4175,241.0293,249.641,258.2528,266.8646,275.4763,284.0881,292.6999,301.3116,309.9234,318.5352,327.1469,335.7587,344.3705,352.9822,361.594,370.2057,378.8175,387.4293,396.041,404.6528,413.2646,421.8763,430.4881,439.0999,447.7116,456.3234,464.9352,473.5469,482.1587,490.7705,499.3822,507.994,516.6057,525.2175,533.8293,542.441,551.0528,559.6646,568.2763,576.8881,585.4999,594.1116,602.7234,611.3352,619.9469,628.5587,637.1705,645.7822,654.394,663.0057,671.6175,680.2293,688.841,697.4528,706.0646,714.6763,723.2881,731.8999,740.5116

Position (um) : 1.4118,1.4113,1.4108,1.4103,1.4098,1.4093,1.4088,1.4083,1.4078,1.4073,1.4068,1.4063,1.4059,1.4054,1.4049,1.4044,1.4039,1.4034,1.4029,1.4024,1.4019,1.4014,1.4009,1.4004,1.3999,1.3995,1.399,1.3985,1.398,1.3975,1.397,1.3965,1.396,1.3955,1.395,1.3945,1.394,1.3936,1.3931,1.3926,1.3921,1.3916,1.3911,1.3906,1.3901,1.3896,1.3891,1.3886,1.3881,1.3876,1.3872,1.3867,1.3862,1.3857,1.3852,1.3847,1.3842,1.3837,1.3832,1.3827,1.3822,1.3817,1.3812,1.3808,1.3803,1.3798,1.3793,1.3788,1.3783,1.3778,1.3773,1.3768,1.3763,1.3758,1.3753,1.3749,1.3744,1.3739,1.3734,1.3729,1.3724,1.3719,1.3714,1.3709,1.3704,1.3699

Intensity : 1241.6892,1226.8603,1233.1278,1188.7553,1219.2305,1198.8292,1193.7515,1173.029,1178.63,1172.2201,1187.8386,1188.7786,1195.5102,1143.0249,1146.5001,1194.0434,1242.1621,1258.5625,1257.0816,1297.0903,1347.6991,1335.3747,1272.1117,1188.6212,1211.3644,1239.9046,1269.1789,1263.5559,1259.1156,1245.5334,1228.7407,1234.425,1278.0468,1320.5462,1343.7926,1336.4688,1354.0716,1392.144,1402.2147,1364.1702,1304.3231,1263.6867,1243.0984,1238.6177,1247.9925,1257.4926,1260.0243,1244.7677,1214.8872,1181.5119,1156.7794,1139.1079,1128.0864,1123.6921,1108.7171,1096.1349,1101.6447,1120.5038,1145.8424,1164.9356,1172.557,1174.3247,1130.0723,1077.2768,997.32358,937.30091,897.91716,898.57031,888.97056,864.44994,810.23783,749.02027,703.24308,694.74373,698.51602,670.30322,618.73156,582.99506,583.80454,613.25842,647.97154,673.69052,650.56401,629.27719,635.35851,663.55196

Time pixel : 1,2.01176,3.02353,4.03529,5.04706,6.05882,7.07059,8.08235,9.09412,10.1059,11.1176,12.1294,13.1412,14.1529,15.1647,16.1765,17.1882,18.2,19.2118,20.2235,21.2353,22.2471,23.2588,24.2706,25.2824,26.2941,27.3059,28.3176,29.3294,30.3412,31.3529,32.3647,33.3765,34.3882,35.4,36.4118,37.4235,38.4353,39.4471,40.4588,41.4706,42.4824,43.4941,44.5059,45.5176,46.5294,47.5412,48.5529,49.5647,50.5765,51.5882,52.6,53.6118,54.6235,55.6353,56.6471,57.6588,58.6706,59.6824,60.6941,61.7059,62.7176,63.7294,64.7412,65.7529,66.7647,67.7765,68.7882,69.8,70.8118,71.8235,72.8353,73.8471,74.8588,75.8706,76.8824,77.8941,78.9059,79.9176,80.9294,81.9412,82.9529,83.9647,84.9765,85.9882,87

Position pixel : 13.2311,13.2265,13.2219,13.2173,13.2126,13.208,13.2034,13.1988,13.1942,13.1896,13.185,13.1804,13.1757,13.1711,13.1665,13.1619,13.1573,13.1527,13.1481,13.1435,13.1389,13.1342,13.1296,13.125,13.1204,13.1158,13.1112,13.1066,13.102,13.0974,13.0927,13.0881,13.0835,13.0789,13.0743,13.0697,13.0651,13.0605,13.0558,13.0512,13.0466,13.042,13.0374,13.0328,13.0282,13.0236,13.019,13.0143,13.0097,13.0051,13.0005,12.9959,12.9913,12.9867,12.9821,12.9775,12.9728,12.9682,12.9636,12.959,12.9544,12.9498,12.9452,12.9406,12.9359,12.9313,12.9267,12.9221,12.9175,12.9129,12.9083,12.9037,12.8991,12.8944,12.8898,12.8852,12.8806,12.876,12.8714,12.8668,12.8622,12.8576,12.8529,12.8483,12.8437,12.8391

Pole type : Line
Start frame : 1
End frame : 87
Start time (s) : 0.000
End time (s) : 732.000
Time step (s) : 8.512

Feature Information :


Feature number : 1

Time (s) : 25.72643,26.06781,26.62937,27.60167,28.82714,29.96238,30.86532,31.76826,32.86714,34.00238,35.03192,36.00421,36.83443,37.57442,38.36829,39.14127,39.70284,40.24352,40.87444,41.54171,42.20898,42.87626,43.50717,44.04786,44.60942,45.38241,46.17627,46.87991,47.54718,48.21445,48.88173,49.549,50.21628,50.88355,51.55083,52.18174,52.68607,53.08468,53.58901,54.21992,54.85084,55.35516,55.75378,56.25811,56.85266,57.35699,57.7556,58.25993,58.89084,59.55812,60.22539,60.89267,61.55994,62.22722,62.89449,63.56176,64.22904,64.89631,65.56359,66.23086,66.89814,67.56541,68.19633,68.70065,69.09927,69.56723,70.07156,70.59677,71.2068,71.73201,72.27269,72.90361,73.53452,74.03885,74.4011,74.74248,75.1411,75.80837,76.70794,77.53817,78.2418,78.90908,79.57635,80.24362,80.9109,81.57817,82.24545,82.91272,83.54364,84.04796,84.44658,84.9509,85.58182,86.24909,86.91637,87.62,88.45023,89.38616,90.21638,90.92001,91.58729,92.25456,92.92184,93.58911,94.22003,94.72435,95.12297,95.62729,96.25821,96.92548,97.59276,98.26003,98.89095,99.43163,100.0296,100.9655,102.028,102.8946,103.5982,104.2655,104.9328,105.6001,106.3037,107.1339,108.0698,108.9001,109.6037,110.271,110.9382,111.6055,112.2728,112.9401,113.6073,114.2746,114.9419,115.6092,116.2764,116.9074,117.4117,117.7739,118.1153,118.4776,118.9819,119.5765,120.0808,120.4794,120.9837,121.6146,122.2456,122.7499,123.1485,123.6892,124.5194,125.6183,126.7535,127.8194,128.9547,130.0535,130.9201,131.6238,132.291,132.9947,133.8249,134.7608,135.591,136.331,137.1613,138.1335,139.1267,140.099,140.9656,141.8322,142.8045,143.7976,144.8426,145.9988,147.2397,148.2329,148.9729,149.6765,150.5067,151.4427,152.382,153.5745,155.0841,156.4031,157.4845,158.4777,159.559,160.8781,162.4241,163.7432,164.7518,165.3827

Position (um) : 2.14,2.1424,2.1483,2.1558,2.1621,2.1666,2.1709,2.175,2.1793,2.1834,2.1876,2.1922,2.1985,2.206,2.2123,2.2168,2.2211,2.2252,2.229,2.2311,2.2315,2.2315,2.232,2.234,2.2374,2.2394,2.2399,2.2399,2.2399,2.2399,2.2399,2.2399,2.2399,2.2399,2.2399,2.2394,2.2374,2.234,2.2315,2.229,2.2252,2.2211,2.2173,2.2152,2.2143,2.2123,2.2089,2.2069,2.2064,2.2064,2.2064,2.2064,2.2064,2.2064,2.2064,2.2064,2.2069,2.2089,2.2127,2.2168,2.2211,2.2252,2.2295,2.2336,2.2374,2.2399,2.2424,2.2462,2.2503,2.2546,2.2586,2.2625,2.265,2.2675,2.2713,2.2754,2.2797,2.2837,2.2876,2.2896,2.2901,2.2901,2.2901,2.2901,2.2896,2.2876,2.2837,2.2797,2.2754,2.2713,2.2675,2.265,2.2625,2.2591,2.2571,2.2566,2.2566,2.2566,2.2566,2.2566,2.2566,2.2566,2.2566,2.2566,2.2571,2.2591,2.2629,2.267,2.2713,2.2754,2.2797,2.2837,2.288,2.2921,2.2964,2.3009,2.3072,2.3147,2.3206,2.3235,2.326,2.3303,2.3364,2.3441,2.3507,2.357,2.3628,2.3674,2.3712,2.3733,2.3742,2.3762,2.3796,2.3816,2.3821,2.3821,2.3821,2.3816,2.3796,2.3758,2.3717,2.3674,2.3633,2.359,2.3545,2.3486,2.3423,2.3353,2.3256,2.3161,2.3093,2.3043,2.298,2.2905,2.2842,2.2792,2.2733,2.2675,2.2629,2.2591,2.2571,2.2566,2.2566,2.2566,2.2566,2.2566,2.2561,2.2541,2.2507,2.2482,2.2457,2.2424,2.2403,2.2399,2.2399,2.2399,2.2399,2.2399,2.2399,2.2399,2.2399,2.2403,2.2428,2.2482,2.2541,2.2586,2.2629,2.267,2.2713,2.2758,2.2817,2.2871,2.2896,2.2901

Intensity : 330.58,330.2471,329.1973,328.0705,327.4388,327.176,326.7374,326.3228,325.985,325.6963,324.0625,322.3153,320.0674,317.5014,315.2663,313.5894,312.0679,310.6139,309.2089,308.342,307.9658,307.6836,307.2284,306.337,305.0419,304.0574,303.5455,303.2129,302.8975,302.5821,302.2667,301.9513,301.6359,301.3205,301.6272,302.272,303.2523,304.5092,305.6052,306.7964,308.3423,309.8499,311.1961,312.1359,312.8362,313.7677,314.9679,315.8893,316.4815,316.9799,317.3485,317.7125,318.0765,318.4404,318.8044,319.1684,319.408,319.2114,318.5179,317.7407,316.8974,316.0959,315.1625,314.0243,312.946,312.2365,311.7337,311.1245,310.4735,309.7917,309.1408,308.5316,308.1335,307.7355,307.1263,306.4754,305.7935,305.1426,304.4553,303.4997,302.8923,302.3857,301.879,301.3724,300.9405,300.7709,300.899,301.0763,301.319,301.6286,301.9764,302.0271,302.5241,303.3822,304.0214,304.4062,304.7672,305.1743,305.5354,305.8414,306.1316,306.4218,306.7121,307.0023,307.7258,308.0078,307.7956,307.6555,307.6201,307.6459,307.6078,307.585,307.4535,307.2329,307.0177,307.1097,306.9069,305.4509,304.249,303.7029,303.2681,302.4641,301.2956,299.8667,299.0177,298.4926,297.9988,297.6543,297.0823,296.304,295.6568,294.8991,294.0217,293.292,292.7227,292.1975,291.6722,291.2143,290.9852,291.0061,291.0531,291.0851,290.965,290.6425,290.3905,290.362,290.7699,291.2822,292.2665,293.3649,294.1035,294.3581,294.5085,294.5446,294.3367,294.1091,294.9007,295.7439,296.4228,297.0192,297.2952,297.2637,297.1225,296.9634,296.8222,296.716,296.7819,297.1787,297.8656,298.3808,298.9079,299.6345,300.1298,300.292,300.2597,299.9828,299.6856,299.4477,299.2704,299.1019,298.903,298.5334,297.7879,296.5992,295.5981,294.8887,294.2526,293.6788,293.1217,292.6016,291.8015,290.9067,290.4735,290.3668

Time pixel : 3.0225,3.06261,3.12859,3.24282,3.38679,3.52017,3.62625,3.73234,3.86144,3.99482,4.11577,4.23,4.32754,4.41448,4.50775,4.59856,4.66454,4.72806,4.80219,4.88058,4.95898,5.03737,5.1115,5.17502,5.241,5.33181,5.42508,5.50775,5.58614,5.66454,5.74294,5.82133,5.89973,5.97812,6.05652,6.13064,6.18989,6.23673,6.29598,6.3701,6.44422,6.50348,6.55031,6.60956,6.67941,6.73866,6.78549,6.84475,6.91887,6.99727,7.07566,7.15406,7.23245,7.31085,7.38924,7.46764,7.54603,7.62443,7.70283,7.78122,7.85962,7.93801,8.01214,8.07139,8.11822,8.1732,8.23245,8.29416,8.36583,8.42753,8.49105,8.56518,8.6393,8.69855,8.74111,8.78122,8.82805,8.90645,9.01214,9.10968,9.19234,9.27074,9.34913,9.42753,9.50593,9.58432,9.66272,9.74111,9.81524,9.87449,9.92132,9.98057,10.0547,10.1331,10.2115,10.2942,10.3917,10.5017,10.5992,10.6819,10.7603,10.8387,10.917,10.9954,11.0696,11.1288,11.1756,11.2349,11.309,11.3874,11.4658,11.5442,11.6183,11.6819,11.7521,11.8621,11.9869,12.0887,12.1714,12.2498,12.3282,12.4066,12.4892,12.5868,12.6967,12.7943,12.8769,12.9553,13.0337,13.1121,13.1905,13.2689,13.3473,13.4257,13.5041,13.5825,13.6609,13.735,13.7943,13.8368,13.8769,13.9195,13.9787,14.0486,14.1079,14.1547,14.2139,14.2881,14.3622,14.4214,14.4683,14.5318,14.6293,14.7584,14.8918,15.017,15.1504,15.2795,15.3813,15.464,15.5424,15.6251,15.7226,15.8326,15.9301,16.017,16.1146,16.2288,16.3455,16.4597,16.5615,16.6633,16.7776,16.8943,17.017,17.1529,17.2987,17.4153,17.5023,17.5849,17.6825,17.7924,17.9028,18.0429,18.2203,18.3752,18.5023,18.619,18.746,18.901,19.0826,19.2376,19.3561,19.4302

Position pixel : 20.0558,20.0792,20.1342,20.204,20.2633,20.3058,20.3459,20.3842,20.4243,20.4626,20.5027,20.5453,20.6045,20.6744,20.7336,20.7762,20.8163,20.8546,20.8904,20.9096,20.9139,20.9139,20.9181,20.9373,20.9688,20.988,20.9923,20.9923,20.9923,20.9923,20.9923,20.9923,20.9923,20.9923,20.9923,20.988,20.9688,20.9373,20.9139,20.8904,20.8546,20.8163,20.7805,20.7613,20.7528,20.7336,20.7021,20.6829,20.6787,20.6787,20.6787,20.6787,20.6787,20.6787,20.6787,20.6787,20.6829,20.7021,20.7379,20.7762,20.8163,20.8546,20.8947,20.933,20.9688,20.9923,21.0157,21.0515,21.0898,21.1299,21.1682,21.204,21.2274,21.2509,21.2867,21.325,21.3651,21.4034,21.4392,21.4584,21.4626,21.4626,21.4626,21.4626,21.4584,21.4392,21.4034,21.3651,21.325,21.2867,21.2509,21.2274,21.204,21.1725,21.1533,21.149,21.149,21.149,21.149,21.149,21.149,21.149,21.149,21.149,21.1533,21.1725,21.2083,21.2466,21.2867,21.325,21.3651,21.4034,21.4435,21.4818,21.5219,21.5644,21.6237,21.6935,21.7485,21.7762,21.7996,21.8397,21.8972,21.9688,22.0305,22.0898,22.1448,22.1873,22.2232,22.2423,22.2509,22.27,22.3016,22.3207,22.325,22.325,22.325,22.3207,22.3016,22.2657,22.2274,22.1873,22.149,22.1089,22.0664,22.0114,21.9521,21.8862,21.7954,21.7064,21.6428,21.596,21.5367,21.4669,21.4076,21.3608,21.3058,21.2509,21.2083,21.1725,21.1533,21.149,21.149,21.149,21.149,21.149,21.1448,21.1256,21.0941,21.0706,21.0472,21.0157,20.9965,20.9923,20.9923,20.9923,20.9923,20.9923,20.9923,20.9923,20.9923,20.9965,21.0199,21.0706,21.1256,21.1682,21.2083,21.2466,21.2867,21.3293,21.3842,21.4349,21.4584,21.4626

Brightness max : 604.77
Brightness min : 245.00
Feature direction : Ambiguous
Feature speed : Slow
Feature type : Curve
Start frame : 1
End frame : 87
Start time (s) : 0.000
End time (s) : 732.000
Time step (s) : 8.512

Feature number : 2

Time (s) : 201.256,201.7239,202.3912,203.2941,204.556,205.9235,206.953,207.693,208.3603,209.0276,209.6949,210.3621,211.0294,211.6967,212.364,213.0312,213.7349,214.5287,215.3017,215.8633,216.404,217.0349,217.7021,218.3694,219.0367,219.704,220.3712,221.0385,221.7058,222.3731,223.0403,223.7076,224.3749,225.0422,225.7094,226.3767,227.044,227.7113,228.3785,229.0458,229.7131,230.3804,231.084,231.9142,232.8502,233.6804,234.384,235.0513,235.7186,236.3858,237.0531,237.7567,238.6233,239.7222,240.8211,241.724,242.627,243.7622,245.024,246.1956,247.2615,248.3968,249.4957,250.3986,251.2652,252.2375,253.2306,254.2029,255.0332,255.7368,256.4041,257.1077,257.9743,259.0732,260.172,261.0386,261.7423,262.4095,263.1132,263.9434,264.9157,265.9089,266.8811,267.7114,268.415,269.0823,269.7495,270.4168,271.0841,271.715,272.2193,272.6543,273.3216,274.2212,275.0514,275.755,276.4223,277.0532,277.5575,277.9562,278.4605,279.055,279.5594,279.958,280.4623,281.0932,281.7605,282.4278,283.095,283.7623,284.4296,285.0605,285.5648,285.9634,286.4678,287.135,287.9653,288.9012,289.7314,290.4351,291.1023,291.7696,292.4369,293.1042,293.7714,294.4387,295.106,295.7733,296.4042,296.9085,297.3071,297.8114,298.4423,299.1096,299.7769,300.4442,301.1114,301.7424,302.2467,302.6453,303.1496,303.7805,304.4478,305.1151,305.746,306.2503,306.6489,307.1169,307.5849,307.9471,308.2885,308.6144,308.9558,309.2817,309.5867,309.786,309.9853,310.2903,310.6162,310.9213,311.0842,311.1569,311.3199,311.5885,311.7878,311.9871,312.2922,312.6544,313.1587,313.7533,314.2576,314.6199,314.9613,315.3235,315.8278,316.4588,317.126,317.7933,318.4606,319.1279,319.7951,320.4624,321.1297,321.797,322.4642,323.0951,323.5995,323.9981,324.5024,325.1333,325.8006,326.4679,327.0988,327.5668

Position (um) : 2.1316,2.1341,2.1404,2.1508,2.1641,2.1759,2.1834,2.1901,2.1976,2.2039,2.2089,2.2148,2.2206,2.2252,2.229,2.2315,2.234,2.2378,2.2419,2.2457,2.2478,2.2482,2.2482,2.2482,2.2482,2.2482,2.2482,2.2482,2.2482,2.2482,2.2482,2.2482,2.2482,2.2482,2.2482,2.2482,2.2482,2.2482,2.2482,2.2482,2.2482,2.2482,2.2482,2.2482,2.2482,2.2482,2.2482,2.2482,2.2482,2.2482,2.2482,2.2482,2.2482,2.2482,2.2482,2.2482,2.2482,2.2482,2.2482,2.2482,2.2482,2.2482,2.2482,2.2482,2.2487,2.2512,2.2566,2.262,2.2645,2.2654,2.2679,2.2733,2.2792,2.2837,2.288,2.2921,2.2959,2.2984,2.3014,2.3068,2.3127,2.3172,2.321,2.3231,2.3235,2.3235,2.3235,2.3231,2.321,2.3172,2.3131,2.3088,2.3043,2.2984,2.293,2.2901,2.2876,2.2837,2.2797,2.2758,2.2738,2.2729,2.2708,2.2675,2.2654,2.265,2.265,2.265,2.265,2.265,2.265,2.2654,2.2675,2.2713,2.2754,2.2797,2.2842,2.2901,2.2959,2.3009,2.3068,2.3127,2.3172,2.321,2.3235,2.326,2.3294,2.3314,2.3323,2.3344,2.3378,2.3398,2.3403,2.3403,2.3403,2.3403,2.3403,2.3407,2.3427,2.3461,2.3482,2.3486,2.3486,2.3486,2.3482,2.3461,2.3423,2.3378,2.3319,2.326,2.3215,2.3172,2.3131,2.3088,2.3043,2.298,2.2901,2.2817,2.2733,2.265,2.2566,2.2487,2.2424,2.2374,2.2311,2.2231,2.2148,2.2064,2.1985,2.1922,2.1876,2.1834,2.1788,2.173,2.1671,2.1621,2.1562,2.1504,2.1458,2.142,2.14,2.1395,2.1395,2.1395,2.1395,2.139,2.137,2.1336,2.1316,2.1311,2.1311,2.1311,2.1311,2.1311

Intensity : 326.2065,325.6739,324.7387,322.8966,320.3851,317.5406,315.6715,313.8297,311.6862,309.8411,308.3727,306.5727,304.721,303.2675,302.0208,301.3125,300.7994,299.8393,298.9843,298.62,298.5233,298.7233,299.0147,299.3061,299.5976,299.889,300.1804,300.4718,300.6311,300.704,300.7768,300.8497,300.9225,300.9954,301.0683,301.1411,301.214,301.2868,301.3597,301.4325,301.5054,302.2343,303.1261,304.1784,305.3646,306.4169,307.3087,308.1545,309.0002,309.8459,310.6917,311.5835,312.1547,311.6018,311.0489,310.5946,310.1402,309.5691,308.9342,308.3447,308.5702,310.0374,311.4575,312.6244,313.6248,314.2256,314.0893,313.9261,314.3434,314.3615,313.4555,311.7997,309.9973,308.4848,307.0698,305.8027,304.6689,303.8797,302.9837,301.5972,301.2184,301.2102,301.3782,301.8131,302.4668,303.1805,303.8943,304.7017,305.8278,307.2593,308.5916,309.2798,309.4349,309.5837,309.71,309.4943,309.2272,309.2513,309.4634,309.7412,309.5566,309.0524,308.8636,309.0433,308.8494,308.7566,309.7293,310.7021,311.6748,312.6475,313.6203,314.4399,314.7167,314.4237,314.1927,314.1036,314.1208,313.8843,313.0451,311.8291,310.4,308.9794,307.8984,307.0026,306.4415,305.884,305.1156,304.6782,304.5176,304.0685,303.2867,302.8427,302.9265,303.1564,303.3864,303.6163,303.8462,303.9545,303.6406,302.9759,302.7339,302.8879,303.1231,303.3582,303.649,304.2415,304.918,305.3955,306.1452,306.9977,307.5563,308.0582,308.4778,308.9428,309.4757,310.5254,311.8929,313.1649,314.3685,315.5719,316.9938,318.4703,319.4491,320.1275,321.344,322.9365,324.3918,325.6773,326.4794,326.6283,326.5131,326.6371,326.9157,328.1961,329.4446,330.4641,331.6462,332.8024,333.6501,334.3264,334.6139,334.5644,334.4197,334.2751,334.1304,334.0838,334.2636,334.5748,334.6394,334.1685,333.5435,332.9184,332.3274,331.889

Time pixel : 23.6448,23.6998,23.7782,23.8843,24.0325,24.1932,24.3142,24.4011,24.4795,24.5579,24.6363,24.7147,24.7931,24.8715,24.9499,25.0283,25.1109,25.2042,25.295,25.361,25.4245,25.4986,25.577,25.6554,25.7338,25.8122,25.8906,25.969,26.0474,26.1258,26.2042,26.2826,26.361,26.4394,26.5178,26.5962,26.6746,26.753,26.8314,26.9098,26.9881,27.0665,27.1492,27.2468,27.3567,27.4543,27.5369,27.6153,27.6937,27.7721,27.8505,27.9332,28.035,28.1641,28.2932,28.3993,28.5054,28.6387,28.787,28.9246,29.0499,29.1832,29.3123,29.4184,29.5202,29.6345,29.7511,29.8654,29.9629,30.0456,30.124,30.2066,30.3085,30.4376,30.5667,30.6685,30.7511,30.8295,30.9122,31.0097,31.124,31.2407,31.3549,31.4524,31.5351,31.6135,31.6919,31.7703,31.8487,31.9228,31.9821,32.0332,32.1116,32.2172,32.3148,32.3974,32.4758,32.55,32.6092,32.6561,32.7153,32.7852,32.8444,32.8912,32.9505,33.0246,33.103,33.1814,33.2598,33.3382,33.4166,33.4907,33.55,33.5968,33.656,33.7344,33.832,33.9419,34.0395,34.1222,34.2005,34.2789,34.3573,34.4357,34.5141,34.5925,34.6709,34.7493,34.8234,34.8827,34.9295,34.9888,35.0629,35.1413,35.2197,35.2981,35.3765,35.4506,35.5099,35.5567,35.6159,35.6901,35.7685,35.8469,35.921,35.9802,36.0271,36.082,36.137,36.1796,36.2197,36.258,36.2981,36.3364,36.3722,36.3956,36.419,36.4549,36.4932,36.529,36.5481,36.5567,36.5758,36.6074,36.6308,36.6542,36.6901,36.7326,36.7919,36.8617,36.921,36.9635,37.0036,37.0462,37.1055,37.1796,37.258,37.3364,37.4148,37.4932,37.5716,37.65,37.7284,37.8067,37.8851,37.9593,38.0185,38.0653,38.1246,38.1987,38.2771,38.3555,38.4296,38.4846

Position pixel : 19.9774,20.0008,20.06,20.1576,20.2824,20.3924,20.4626,20.5261,20.596,20.6553,20.7021,20.7571,20.812,20.8546,20.8904,20.9139,20.9373,20.9731,21.0114,21.0472,21.0664,21.0706,21.0706,21.0706,21.0706,21.0706,21.0706,21.0706,21.0706,21.0706,21.0706,21.0706,21.0706,21.0706,21.0706,21.0706,21.0706,21.0706,21.0706,21.0706,21.0706,21.0706,21.0706,21.0706,21.0706,21.0706,21.0706,21.0706,21.0706,21.0706,21.0706,21.0706,21.0706,21.0706,21.0706,21.0706,21.0706,21.0706,21.0706,21.0706,21.0706,21.0706,21.0706,21.0706,21.0749,21.0983,21.149,21.1998,21.2232,21.2317,21.2551,21.3058,21.3608,21.4034,21.4435,21.4818,21.5176,21.541,21.5687,21.6194,21.6744,21.717,21.7528,21.7719,21.7762,21.7762,21.7762,21.7719,21.7528,21.717,21.6787,21.6386,21.596,21.541,21.4903,21.4626,21.4392,21.4034,21.3651,21.3293,21.3101,21.3016,21.2824,21.2509,21.2317,21.2274,21.2274,21.2274,21.2274,21.2274,21.2274,21.2317,21.2509,21.2867,21.325,21.3651,21.4076,21.4626,21.5176,21.5644,21.6194,21.6744,21.717,21.7528,21.7762,21.7996,21.8312,21.8503,21.8589,21.878,21.9096,21.9287,21.933,21.933,21.933,21.933,21.933,21.9373,21.9564,21.988,22.0071,22.0114,22.0114,22.0114,22.0071,21.988,21.9521,21.9096,21.8546,21.7996,21.7571,21.717,21.6787,21.6386,21.596,21.5367,21.4626,21.3842,21.3058,21.2274,21.149,21.0749,21.0157,20.9688,20.9096,20.8355,20.7571,20.6787,20.6045,20.5453,20.5027,20.4626,20.4201,20.3651,20.3101,20.2633,20.2083,20.1533,20.1108,20.0749,20.0558,20.0515,20.0515,20.0515,20.0515,20.0472,20.0281,19.9965,19.9774,19.9731,19.9731,19.9731,19.9731,19.9731

Brightness max : 604.77
Brightness min : 245.00
Feature direction : Ambiguous
Feature speed : Slow
Feature type : Curve
Start frame : 1
End frame : 87
Start time (s) : 0.000
End time (s) : 732.000
Time step (s) : 8.512

Feature number : 3

Time (s) : 354.7291,355.197,355.8643,356.6945,357.6305,358.4607,359.2007,360.0673,361.1661,362.3014,363.3309,364.3396,365.3327,366.305,367.1716,368.0382,368.9741,369.8407,370.7073,371.6432,372.5098,373.3764,374.3123,375.1425,375.8462,376.5135,377.1807,377.848,378.5516,379.4182,380.5171,381.616,382.4826,383.1862,383.8535,384.4844,384.9887,385.3873,385.8917,386.5226,387.1898,387.8571,388.5244,389.1917,389.8589,390.5262,391.1571,391.6615,392.0601,392.5644,393.1953,393.8989,394.7292,395.6651,396.4953,397.2353,398.0655,399.0015,399.8317,400.5353,401.2026,401.8699,402.5372,403.2044,403.8717,404.539,405.2062,405.8735,406.5408,407.2081,407.8753,408.579,409.4092,410.3815,411.411,412.5826,413.9172,415.3783,416.8186,418.0838,419.4183,420.8949,422.486,424.3579,426.0877,427.3529,428.3615,429.2281,430.0947,431.0306,431.8609,432.5645,433.2318,433.9354,434.7656,435.7016,436.5318,437.2354,437.9027,438.57,439.2372,439.9045,440.5718,441.2391,441.9063,442.5736,443.2409,443.9082,444.5754,445.2427,445.8736,446.378,446.7766,447.2809,447.9118,448.5427,449.0471,449.4457,449.9136,450.3816,450.7802,451.2845,451.9155,452.5464,453.0507,453.413,453.718,453.9173,454.1166,454.3852,454.5846,454.7839,455.0889,455.4511,455.9191,456.3871,456.7857,457.29,457.9209,458.5882,459.2555,459.9227,460.59,461.2573,461.9246,462.5555,463.0598,463.4948,464.1984,465.2609,466.4325,467.6977,469.3373,471.2301,472.9962,474.4035,475.7414,477.5439,479.7053,481.6344,483.0053,483.9083,484.5755,485.0799,485.4785,485.9828,486.6137,487.281,487.9483,488.6155,489.2828,489.9137,490.4181,490.8167,491.321,491.9156,492.4199,492.8185,493.3228,493.9537,494.5847,495.089,495.4512,495.7926,496.1912,496.8585,497.7581,498.5519,499.0926,499.4912,499.9956,500.6265,501.2938,501.961,502.6283,503.2956,503.9629,504.5938,505.0981,505.4967,506.001,506.632,507.2992,507.9665,508.6701,509.5004,510.509,511.7015,513.1781,514.8386,516.6774,518.6429,520.6447,522.6465,524.6484,526.6138,528.38,529.7145,530.5811,531.0854,531.2847,531.3211,531.3575,531.5204,531.8254,532.1513,532.4563,532.6557,532.855,533.16,533.4859,533.7909,533.9902,534.1895,534.4945,534.8204,535.1618,535.5604,536.2277,537.1636,538.1568,539.1291,539.9957,540.8623,541.7982,542.6648,543.5677,544.703,546.0011,547.3357,548.6339,549.8055,550.835,551.8073,552.6375,553.3048,553.8091,554.1714,554.4764,554.6394,554.6757,554.6757

Position (um) : 2.106,2.106,2.1065,2.1085,2.1124,2.1169,2.1232,2.1307,2.137,2.142,2.1479,2.1537,2.1587,2.1646,2.1705,2.1755,2.1813,2.1872,2.1922,2.1985,2.2064,2.2148,2.2227,2.229,2.234,2.2403,2.2482,2.2566,2.2659,2.2788,2.2959,2.3122,2.3251,2.3353,2.3418,2.3466,2.3507,2.3549,2.359,2.3628,2.3649,2.3653,2.3653,2.3653,2.3653,2.3653,2.3649,2.3628,2.359,2.3549,2.3502,2.3436,2.3339,2.3244,2.3177,2.3127,2.3063,2.2989,2.2926,2.288,2.2837,2.2792,2.2733,2.2679,2.265,2.2625,2.2591,2.2571,2.2566,2.2566,2.2566,2.2566,2.2566,2.2566,2.2566,2.2566,2.2571,2.2591,2.2629,2.2675,2.2738,2.2822,2.2926,2.3043,2.3147,2.3235,2.3319,2.3407,2.3511,2.3628,2.3733,2.3821,2.3904,2.3988,2.4072,2.4155,2.4234,2.4293,2.4318,2.4323,2.4323,2.4323,2.4323,2.4323,2.4323,2.4323,2.4323,2.4323,2.4323,2.4318,2.4293,2.4239,2.418,2.413,2.4072,2.4013,2.3963,2.3904,2.3846,2.3796,2.3733,2.3653,2.357,2.3486,2.3407,2.3344,2.3294,2.3235,2.3177,2.3127,2.3068,2.3009,2.2964,2.2926,2.2901,2.2876,2.2837,2.2792,2.2729,2.2654,2.2591,2.2546,2.2503,2.2457,2.2394,2.2315,2.2231,2.2148,2.2064,2.198,2.1892,2.1788,2.1666,2.1537,2.14,2.1278,2.1178,2.1056,2.0927,2.0844,2.0819,2.0844,2.0923,2.1031,2.111,2.1149,2.1194,2.127,2.1352,2.1433,2.1499,2.1567,2.1646,2.173,2.1813,2.1897,2.198,2.2064,2.2148,2.2227,2.229,2.2336,2.2378,2.2424,2.2487,2.2561,2.2625,2.2675,2.2733,2.2792,2.2847,2.2926,2.3018,2.3084,2.3127,2.3152,2.3177,2.3215,2.3256,2.3294,2.3314,2.3323,2.3344,2.3378,2.3398,2.3403,2.3403,2.3403,2.3403,2.3403,2.3403,2.3403,2.3403,2.3398,2.3378,2.3339,2.3294,2.3231,2.3152,2.3068,2.2984,2.2901,2.2817,2.2729,2.2625,2.2507,2.2403,2.2315,2.2227,2.2123,2.2005,2.1901,2.1818,2.1755,2.1709,2.1666,2.1625,2.1583,2.1537,2.1474,2.14,2.1341,2.1311,2.1286,2.1253,2.1232,2.1228,2.1228,2.1228,2.1228,2.1228,2.1228,2.1228,2.1228,2.1228,2.1232,2.1253,2.1291,2.1327,2.134,2.1307,2.1257

Intensity : 340.4877,341.0402,341.6561,341.8567,341.6234,341.6411,340.7038,339.4945,339.5743,340.4759,340.8382,341.0561,341.3979,341.3018,340.8491,340.6016,340.1201,339.4682,339.0368,338.1947,336.6405,334.8368,333.1804,332.4802,332.118,331.136,330.3432,329.3533,328.0493,325.8187,322.4024,318.8429,315.7348,312.8972,310.3571,308.4182,307.1054,305.8961,304.6639,303.4104,302.5382,302.0285,301.6233,301.2181,300.813,300.4078,300.1313,300.3999,301.3518,302.3719,303.5486,305.65,309.2517,312.7755,315.2924,317.1502,319.4813,322.2119,324.5182,325.918,327.1285,328.4322,330.2078,331.8212,332.5597,333.1359,334.0218,334.4357,334.2844,333.9708,333.6572,333.3462,333.7363,334.1932,334.6771,335.2277,335.6925,335.6517,334.9668,334.0333,332.51,330.3094,327.4028,324.1229,321.5007,319.5792,317.4735,314.9815,312.3,310.1723,308.2444,306.5807,304.9777,303.3802,301.6663,299.9446,298.2733,297.068,296.7336,296.9417,297.2714,297.601,297.9306,298.2602,298.5899,298.9195,298.4404,297.9219,297.4034,297.0048,297.1657,298.172,299.3648,300.2301,301.1914,302.1282,302.9365,304.0413,305.0657,305.8582,307.0266,308.3077,309.1114,309.857,311.5601,313.0947,314.2466,315.9155,317.5689,318.7448,320.3658,321.9713,322.8517,323.33,323.0831,322.8208,323.1573,323.4551,323.9966,324.7615,325.0975,325.255,325.8573,326.516,327.8482,330.4639,333.4041,336.4112,339.0664,341.2403,343.4243,346.0963,348.636,350.5928,352.671,355.3574,357.7179,361.3748,366.4064,369.3092,369.6977,367.992,363.8891,358.5329,354.9915,353.5041,351.7648,348.552,345.2606,343.1082,341.367,339.4894,337.1376,334.5485,331.9444,329.3044,326.5838,323.7959,320.9697,318.6564,317.3722,316.5067,315.5169,314.5947,313.6616,312.7979,312.4692,312.281,311.52,310.5549,309.8021,308.5483,306.9498,305.9897,305.3054,304.9189,304.5141,303.7116,302.7645,301.833,301.4225,301.3647,300.9833,300.1969,299.7907,299.8826,300.1593,300.5174,300.9681,301.4749,302.0362,302.6361,302.6065,302.4342,302.6289,303.2094,303.8182,304.6846,305.9712,307.4408,309.025,310.6873,312.3455,313.9991,315.836,317.8722,319.6431,321.669,323.6601,325.8793,328.3296,330.4168,332.1186,333.3057,333.8789,334.3295,334.6821,334.9497,334.7565,336.0968,337.7045,338.9814,339.995,340.8614,342.0292,342.7376,342.8956,342.8956,342.2894,341.6457,341.0196,340.4545,339.9579,339.489,339.0885,338.651,338.104,336.8972,335.7281,335.316,336.4815,338.1919

Time pixel : 41.6758,41.7308,41.8092,41.9067,42.0167,42.1142,42.2012,42.303,42.4321,42.5655,42.6864,42.8049,42.9216,43.0358,43.1376,43.2395,43.3494,43.4512,43.553,43.663,43.7648,43.8666,43.9766,44.0741,44.1568,44.2352,44.3136,44.392,44.4746,44.5765,44.7056,44.8347,44.9365,45.0191,45.0975,45.1717,45.2309,45.2777,45.337,45.4111,45.4895,45.5679,45.6463,45.7247,45.8031,45.8815,45.9556,46.0149,46.0617,46.121,46.1951,46.2777,46.3753,46.4852,46.5828,46.6697,46.7673,46.8772,46.9748,47.0574,47.1358,47.2142,47.2926,47.371,47.4494,47.5278,47.6062,47.6846,47.763,47.8414,47.9198,48.0024,48.1,48.2142,48.3352,48.4728,48.6296,48.8013,48.9705,49.1191,49.2759,49.4494,49.6363,49.8563,50.0595,50.2081,50.3266,50.4284,50.5303,50.6402,50.7378,50.8204,50.8988,50.9815,51.079,51.189,51.2865,51.3692,51.4476,51.526,51.6044,51.6828,51.7612,51.8396,51.918,51.9964,52.0747,52.1531,52.2315,52.3099,52.3841,52.4433,52.4901,52.5494,52.6235,52.6976,52.7569,52.8037,52.8587,52.9137,52.9605,53.0198,53.0939,53.168,53.2273,53.2698,53.3057,53.3291,53.3525,53.3841,53.4075,53.4309,53.4667,53.5093,53.5643,53.6192,53.6661,53.7253,53.7995,53.8778,53.9562,54.0346,54.113,54.1914,54.2698,54.344,54.4032,54.4543,54.537,54.6618,54.7995,54.9481,55.1407,55.3631,55.5706,55.7359,55.8931,56.1049,56.3588,56.5855,56.7465,56.8526,56.931,56.9903,57.0371,57.0963,57.1705,57.2489,57.3273,57.4057,57.484,57.5582,57.6174,57.6643,57.7235,57.7934,57.8526,57.8994,57.9587,58.0328,58.1069,58.1662,58.2088,58.2489,58.2957,58.3741,58.4798,58.573,58.6366,58.6834,58.7426,58.8168,58.8952,58.9736,59.052,59.1304,59.2088,59.2829,59.3421,59.389,59.4482,59.5223,59.6007,59.6791,59.7618,59.8593,59.9778,60.1179,60.2914,60.4865,60.7025,60.9335,61.1686,61.4038,61.639,61.8699,62.0774,62.2342,62.336,62.3953,62.4187,62.423,62.4272,62.4464,62.4822,62.5205,62.5563,62.5798,62.6032,62.639,62.6773,62.7131,62.7366,62.76,62.7958,62.8341,62.8742,62.921,62.9994,63.1094,63.2261,63.3403,63.4421,63.5439,63.6539,63.7557,63.8618,63.9952,64.1477,64.3045,64.457,64.5946,64.7156,64.8298,64.9274,65.0058,65.065,65.1076,65.1434,65.1625,65.1668,65.1668

Position pixel : 19.7379,19.7379,19.7422,19.7613,19.7972,19.8397,19.899,19.9688,20.0281,20.0749,20.1299,20.1849,20.2317,20.2867,20.3417,20.3885,20.4435,20.4985,20.5453,20.6045,20.6787,20.7571,20.8312,20.8904,20.9373,20.9965,21.0706,21.149,21.236,21.3569,21.5176,21.6701,21.7911,21.8862,21.9479,21.9923,22.0305,22.0706,22.1089,22.1448,22.1639,22.1682,22.1682,22.1682,22.1682,22.1682,22.1639,22.1448,22.1089,22.0706,22.0263,21.9646,21.8737,21.7848,21.7212,21.6744,21.6151,21.5453,21.486,21.4435,21.4034,21.3608,21.3058,21.2551,21.2274,21.204,21.1725,21.1533,21.149,21.149,21.149,21.149,21.149,21.149,21.149,21.149,21.1533,21.1725,21.2083,21.2509,21.3101,21.3885,21.486,21.596,21.6935,21.7762,21.8546,21.9373,22.0348,22.1448,22.2423,22.325,22.4034,22.4818,22.5602,22.6386,22.7127,22.7677,22.7911,22.7954,22.7954,22.7954,22.7954,22.7954,22.7954,22.7954,22.7954,22.7954,22.7954,22.7911,22.7677,22.717,22.662,22.6151,22.5602,22.5052,22.4584,22.4034,22.3484,22.3016,22.2423,22.1682,22.0898,22.0114,21.9373,21.878,21.8312,21.7762,21.7212,21.6744,21.6194,21.5644,21.5219,21.486,21.4626,21.4392,21.4034,21.3608,21.3016,21.2317,21.1725,21.1299,21.0898,21.0472,20.988,20.9139,20.8355,20.7571,20.6787,20.6003,20.5176,20.4201,20.3058,20.1849,20.0558,19.9415,19.8479,19.7336,19.6131,19.5347,19.5113,19.5347,19.6088,19.7102,19.7844,19.8206,19.8631,19.9348,20.0114,20.0873,20.149,20.2126,20.2867,20.3651,20.4435,20.5219,20.6003,20.6787,20.7571,20.8312,20.8904,20.933,20.9731,21.0157,21.0749,21.1448,21.204,21.2509,21.3058,21.3608,21.4119,21.486,21.5726,21.6343,21.6744,21.6978,21.7212,21.7571,21.7954,21.8312,21.8503,21.8589,21.878,21.9096,21.9287,21.933,21.933,21.933,21.933,21.933,21.933,21.933,21.933,21.9287,21.9096,21.8737,21.8312,21.7719,21.6978,21.6194,21.541,21.4626,21.3842,21.3016,21.204,21.0941,20.9965,20.9139,20.8312,20.7336,20.6237,20.5261,20.4478,20.3885,20.3459,20.3058,20.2675,20.2274,20.1849,20.1256,20.0558,20.0008,19.9731,19.9497,19.9181,19.899,19.8947,19.8947,19.8947,19.8947,19.8947,19.8947,19.8947,19.8947,19.8947,19.899,19.9181,19.954,19.988,20.0004,19.9688,19.9224

Brightness max : 604.77
Brightness min : 245.00
Feature direction : Ambiguous
Feature speed : Slow
Feature type : Curve
Start frame : 1
End frame : 87
Start time (s) : 0.000
End time (s) : 732.000
Time step (s) : 8.512

Feature number : 4

Time (s) : 566.7594,567.158,568.0939,569.283,570.2917,571.0889,572.0612,573.1237,573.9903,574.6939,575.3612,576.0285,576.6958,577.363,578.0303,578.6976,579.3649,580.0321,580.6994,581.3667,582.0703,582.9005,583.8365,584.6667,585.3703,586.0376,586.7049,587.3722,588.0394,588.7067,589.374,590.0413,590.7085,591.3394,591.8438,592.2787,592.946,593.8456,594.6758,595.3794,596.0467,596.714,597.3813,598.0485,598.7158,599.3831,600.0504,600.7176,601.3849,602.0158,602.5202,602.9551,603.6588,604.7213,605.8565,606.9224,608.0577,609.1565,610.0595,610.9261,611.862,612.6922,613.3959,614.0631,614.7304,615.3977,616.065,616.7686,617.5988,618.5711,619.5643,620.5729,621.6388,622.9734,624.5402,626.0741,627.6443,629.4468,631.4123,633.3777,635.1439,636.5512,637.8164,639.2566,640.7177,642.0523,643.1875,644.0905,644.9571,645.893,646.7232,647.4632,648.2934,649.2294,650.0232,650.5639,650.9625,651.4669,652.0978,652.765,653.396,653.9003,654.2989,654.8032,655.4341,656.1014,656.7687,657.436,658.1032,658.7705,659.4378,660.1051,660.7723,661.4396,662.1069,662.7378,663.2421,663.6044,663.9094,664.1087,664.308,664.5767,664.776,664.9753,665.244,665.4069,665.4433,665.4433,665.4433,665.4433,665.3705,664.9356,663.9094,662.7775,662.1796,661.9076,661.6389,661.476,661.4396,661.4396,661.4396,661.476,661.6389,661.9076,662.1069,662.3062,662.6112,662.9371,663.2785,663.6407,664.1087,664.5767,664.9753,665.4796,666.1105,666.7778,667.4451,668.1124,668.8523,669.8455,671.0865,672.279,673.4506,674.5858,675.6517,676.8596,678.3571,680.1233,681.8531,683.1876,684.1269,685.0299,686.1288,687.2276,688.0579,688.5986,688.9972,689.5015,690.0961,690.6004,690.999,691.5033,692.0979,692.6022,693.0008,693.5051,694.1361,694.8033,695.4706,696.1015,696.6058,697.0045,697.5088,698.1397,698.807,699.4743,700.1052,700.6095,700.9718,701.3131,701.6754,702.1797,702.8106,703.4415,703.9459,704.3445,704.8488,705.4797,706.147,706.8143,707.4815,708.1488,708.8161,709.4834,710.1143,710.6186,710.9809,711.3222,711.6481,711.9895,712.3154,712.6568,712.9827,713.2877,713.4507,713.487,713.5234,713.6863,713.955,714.1543,714.3536,714.6223,714.7852,714.8216,714.8216,714.8216,714.8579,715.0209,715.2895,715.4525,715.4888,715.4888,715.4888,715.4888,715.5252,715.6881,715.9568,716.1198,716.1561,716.1561,716.1561,716.1561,716.1925,716.3554,716.6604,716.9863,717.3277,717.6536,717.995,718.3572,718.8252,719.2568,719.4561,719.4925,719.4925

Position (um) : 2.1504,2.1542,2.1587,2.165,2.173,2.1813,2.1897,2.1976,2.2039,2.2089,2.2148,2.2206,2.2252,2.229,2.2311,2.2315,2.2315,2.2315,2.2315,2.2315,2.2315,2.2315,2.2315,2.2311,2.229,2.2256,2.2231,2.2206,2.2173,2.2148,2.2123,2.2085,2.2044,2.2001,2.1956,2.1888,2.1788,2.1671,2.1567,2.1479,2.1395,2.1311,2.1232,2.1169,2.1119,2.1056,2.0981,2.0923,2.0898,2.0889,2.0868,2.0834,2.0814,2.0809,2.0814,2.0834,2.0873,2.0913,2.0956,2.1002,2.106,2.1114,2.1144,2.1169,2.1207,2.1248,2.1291,2.1332,2.1375,2.142,2.1483,2.1562,2.165,2.1755,2.1876,2.2005,2.2152,2.2315,2.2482,2.2645,2.2787,2.2896,2.2989,2.3093,2.321,2.3314,2.3403,2.3486,2.357,2.3653,2.3737,2.3825,2.3929,2.4042,2.4126,2.418,2.4244,2.4323,2.4402,2.4465,2.4515,2.4574,2.4628,2.4653,2.4662,2.4682,2.472,2.4761,2.48,2.482,2.4825,2.4825,2.4825,2.4825,2.4825,2.482,2.48,2.4761,2.4716,2.4653,2.4574,2.449,2.4406,2.4323,2.4239,2.4155,2.4072,2.3983,2.3875,2.3723,2.3511,2.3222,2.2889,2.2596,2.2412,2.229,2.2173,2.2069,2.198,2.1897,2.1809,2.1705,2.1587,2.1483,2.1395,2.1311,2.1232,2.1169,2.1124,2.1085,2.106,2.1035,2.1002,2.0981,2.0977,2.0977,2.0977,2.0977,2.0977,2.0977,2.0977,2.0981,2.1002,2.1044,2.111,2.1212,2.1336,2.1479,2.1616,2.1725,2.1813,2.1901,2.201,2.2143,2.2261,2.2336,2.2403,2.2482,2.2566,2.2654,2.2758,2.2876,2.298,2.3068,2.3152,2.3235,2.3319,2.3403,2.3482,2.3545,2.3595,2.3653,2.3712,2.3762,2.3825,2.39,2.3963,2.4008,2.4051,2.4092,2.4135,2.4176,2.4219,2.4264,2.4323,2.4377,2.4402,2.4406,2.4406,2.4406,2.4406,2.4406,2.4406,2.4406,2.4402,2.4381,2.4343,2.4298,2.4234,2.4155,2.4067,2.3959,2.3821,2.3683,2.357,2.3461,2.3339,2.321,2.3068,2.293,2.2822,2.2733,2.2645,2.2536,2.2385,2.2186,2.1981,2.1847,2.1759,2.1641,2.1508,2.14,2.1311,2.1228,2.1144,2.1056,2.0952,2.0834,2.073,2.0642,2.0558,2.0475,2.0387,2.0283,2.0161,2.0036,1.9919,1.9835,1.9781,1.9722,1.9663,1.9613,1.955,1.9476,1.9417

Intensity : 338.4556,337.8667,337.6599,337.2031,336.0466,333.5905,330.9975,328.394,326.2145,324.4257,322.318,320.15,318.3598,316.7637,315.7355,315.2354,314.8326,314.4204,314.0081,313.5959,313.1612,312.6483,312.0701,311.7064,311.9346,312.604,312.98,313.3084,313.5977,313.6098,313.622,314.0565,314.5743,315.1967,316.0513,317.7,320.0872,322.7689,325.1099,327.0939,329.0631,331.3624,333.8527,335.7332,337.1045,338.9851,341.3002,343.0056,343.4169,343.2483,343.6185,344.5549,344.7611,344.6902,345.3831,345.4189,344.8358,344.1349,343.2177,342.1818,340.7111,339.3392,338.4545,337.6526,336.3668,334.9955,333.565,332.2265,331.1843,330.2006,328.7676,326.9474,325.2817,324.5605,323.7998,322.891,321.6843,320.5677,318.7348,317.0752,315.7225,314.779,314.0562,314.089,314.4644,314.9316,315.3832,315.5061,315.4436,315.4767,315.2828,314.0729,312.4609,310.846,309.794,309.1648,308.2987,307.259,306.3724,305.8496,305.565,305.0703,304.5778,304.6569,305.0548,304.3792,303.4427,302.4892,301.5984,300.9873,300.6128,300.3042,299.9955,299.6869,299.3782,299.1443,299.1648,299.4642,299.8681,300.5496,301.4174,302.3956,303.4596,304.5163,305.5284,306.5893,307.7168,308.927,310.4174,312.4949,315.4639,319.6732,324.6704,329.3399,332.1478,334.633,337.0332,339.1002,340.7859,342.3641,344.0282,345.9745,348.1187,349.9817,351.5855,353.4836,355.9066,357.8092,359.1326,360.2158,361.0427,362.1563,363.5208,364.5426,365.1405,365.6143,366.088,366.5617,367.0871,367.7922,368.6732,369.3494,370.0544,369.9493,368.8699,366.6085,363.8161,361.3793,359.5152,358.4018,357.1287,355.7147,353.8529,350.9891,348.1242,346.2664,344.4069,342.9707,341.505,339.755,337.3803,334.7595,332.6191,330.7844,328.9178,327.1786,325.5888,324.0233,322.6248,322.0109,321.4763,320.5695,319.7279,319.2107,318.5083,317.5527,316.8425,316.4093,315.8632,315.3424,314.8096,314.5181,314.3598,314.1528,313.481,312.7815,312.9034,313.6701,314.591,315.1221,315.2979,315.4737,315.6495,315.8253,316.083,316.6178,317.4532,318.4046,319.6727,321.2142,322.8891,324.9016,327.3964,329.8364,331.8251,333.7264,335.6216,337.5377,339.5257,341.4277,342.8398,343.8265,344.8948,346.3946,348.3858,349.7358,351.0493,351.5568,351.4133,351.6961,352.4085,353.0721,353.461,353.5347,353.4965,353.071,352.3283,351.9187,351.8897,351.9609,352.0284,352.0959,352.0523,351.6192,352.7856,354.1171,355.2727,355.8442,355.8179,355.8099,355.4783,355.0983,355.6968,357.0184,358.1472

Time pixel : 66.5865,66.6333,66.7433,66.883,67.0015,67.0951,67.2094,67.3342,67.436,67.5187,67.5971,67.6755,67.7539,67.8323,67.9107,67.9891,68.0675,68.1459,68.2242,68.3026,68.3853,68.4829,68.5928,68.6904,68.773,68.8514,68.9298,69.0082,69.0866,69.165,69.2434,69.3218,69.4002,69.4743,69.5336,69.5847,69.6631,69.7687,69.8663,69.949,70.0273,70.1057,70.1841,70.2625,70.3409,70.4193,70.4977,70.5761,70.6545,70.7286,70.7879,70.839,70.9217,71.0465,71.1799,71.3051,71.4385,71.5676,71.6737,71.7755,71.8854,71.983,72.0656,72.144,72.2224,72.3008,72.3792,72.4619,72.5594,72.6737,72.7903,72.9088,73.0341,73.1909,73.3749,73.5552,73.7396,73.9514,74.1823,74.4132,74.6207,74.7861,74.9347,75.1039,75.2756,75.4324,75.5657,75.6718,75.7736,75.8836,75.9811,76.0681,76.1656,76.2756,76.3688,76.4324,76.4792,76.5385,76.6126,76.691,76.7651,76.8244,76.8712,76.9304,77.0046,77.083,77.1613,77.2397,77.3181,77.3965,77.4749,77.5533,77.6317,77.7101,77.7885,77.8626,77.9219,77.9644,78.0003,78.0237,78.0471,78.0787,78.1021,78.1255,78.1571,78.1762,78.1805,78.1805,78.1805,78.1805,78.1719,78.1208,78.0003,77.8673,77.7971,77.7651,77.7335,77.7144,77.7101,77.7101,77.7101,77.7144,77.7335,77.7651,77.7885,77.8119,77.8478,77.8861,77.9262,77.9687,78.0237,78.0787,78.1255,78.1848,78.2589,78.3373,78.4157,78.4941,78.581,78.6977,78.8435,78.9836,79.1212,79.2546,79.3798,79.5218,79.6977,79.9052,80.1084,80.2652,80.3756,80.4817,80.6108,80.7399,80.8374,80.9009,80.9478,81.007,81.0769,81.1361,81.1829,81.2422,81.312,81.3713,81.4181,81.4774,81.5515,81.6299,81.7083,81.7824,81.8417,81.8885,81.9478,82.0219,82.1003,82.1787,82.2528,82.312,82.3546,82.3947,82.4373,82.4965,82.5706,82.6448,82.704,82.7509,82.8101,82.8842,82.9626,83.041,83.1194,83.1978,83.2762,83.3546,83.4287,83.488,83.5305,83.5706,83.6089,83.649,83.6873,83.7274,83.7657,83.8016,83.8207,83.825,83.8292,83.8484,83.88,83.9034,83.9268,83.9584,83.9775,83.9818,83.9818,83.9818,83.986,84.0052,84.0367,84.0559,84.0602,84.0602,84.0602,84.0602,84.0644,84.0836,84.1151,84.1343,84.1386,84.1386,84.1386,84.1386,84.1428,84.162,84.1978,84.2361,84.2762,84.3145,84.3546,84.3972,84.4521,84.5029,84.5263,84.5305,84.5305

Position pixel : 20.1533,20.1892,20.2317,20.291,20.3651,20.4435,20.5219,20.596,20.6553,20.7021,20.7571,20.812,20.8546,20.8904,20.9096,20.9139,20.9139,20.9139,20.9139,20.9139,20.9139,20.9139,20.9139,20.9096,20.8904,20.8589,20.8355,20.812,20.7805,20.7571,20.7336,20.6978,20.6595,20.6194,20.5769,20.5133,20.4201,20.3101,20.2126,20.1299,20.0515,19.9731,19.899,19.8397,19.7929,19.7336,19.6638,19.6088,19.5854,19.5769,19.5577,19.5262,19.507,19.5027,19.507,19.5262,19.562,19.6003,19.6404,19.6829,19.7379,19.7886,19.8163,19.8397,19.8756,19.9139,19.954,19.9923,20.0324,20.0749,20.1342,20.2083,20.291,20.3885,20.5027,20.6237,20.7613,20.9139,21.0706,21.2232,21.3565,21.4584,21.5453,21.6428,21.7528,21.8503,21.933,22.0114,22.0898,22.1682,22.2466,22.3292,22.4268,22.5325,22.6109,22.662,22.7212,22.7954,22.8695,22.9287,22.9756,23.0305,23.0812,23.1047,23.1132,23.1323,23.1682,23.2065,23.2423,23.2615,23.2657,23.2657,23.2657,23.2657,23.2657,23.2615,23.2423,23.2065,23.1639,23.1047,23.0305,22.9521,22.8737,22.7954,22.717,22.6386,22.5602,22.4775,22.3757,22.2338,22.0344,21.7634,21.452,21.1771,21.0051,20.8904,20.7805,20.6829,20.6003,20.5219,20.4392,20.3417,20.2317,20.1342,20.0515,19.9731,19.899,19.8397,19.7972,19.7613,19.7379,19.7145,19.6829,19.6638,19.6595,19.6595,19.6595,19.6595,19.6595,19.6595,19.6595,19.6638,19.6829,19.723,19.7848,19.8798,19.9965,20.1299,20.259,20.3608,20.4435,20.5261,20.628,20.7528,20.8628,20.933,20.9965,21.0706,21.149,21.2317,21.3293,21.4392,21.5367,21.6194,21.6978,21.7762,21.8546,21.933,22.0071,22.0664,22.1132,22.1682,22.2232,22.27,22.3292,22.3991,22.4584,22.5009,22.541,22.5793,22.6194,22.6577,22.6978,22.7404,22.7954,22.8461,22.8695,22.8737,22.8737,22.8737,22.8737,22.8737,22.8737,22.8737,22.8695,22.8503,22.8145,22.7719,22.7127,22.6386,22.5559,22.4541,22.325,22.1959,22.0898,21.988,21.8737,21.7528,21.6194,21.4903,21.3885,21.3058,21.2232,21.1214,20.9794,20.7929,20.6007,20.4754,20.3924,20.2824,20.1576,20.0558,19.9731,19.8947,19.8163,19.7336,19.6361,19.5262,19.4286,19.3459,19.2675,19.1892,19.1065,19.0089,18.8947,18.778,18.6681,18.5897,18.5386,18.4836,18.4286,18.3818,18.3225,18.2527,18.1977

Brightness max : 604.77
Brightness min : 245.00
Feature direction : Ambiguous
Feature speed : Slow
Feature type : Curve
Start frame : 1
End frame : 87
Start time (s) : 0.000
End time (s) : 732.000
Time step (s) : 8.512

