KYMOANALYSIS DATA

General Information :

Tiff path : E:\Google Drive\microtubule dynamics and cut7\20-15 screens and tests\cut7-22\19-08-07 (cut7-22-GFP and MTs various temps)\
Spindle type : Bipolar
Start frame : 1
End frame : 208
Start time (s) : 0.000
End time (s) : 1799.020
Time step (s) : 8.691
Num poles : 2
Num tracks : 8
Num tracks poleward : 3
Num tracks antipoleward : 1
Num tracks ambiguous : 4
Comments : {

}
Poles Information :


Pole number : 1

Time (s) : 15.16243,16.12683,18.16224,22.16256,27.17198,31.41127,34.49531,36.61495,37.99537,39.01308,40.30067,41.91146,43.61508,45.22586,46.51346,47.53116,48.81876,50.33672,51.62431,52.64202,53.83678,55.03154,55.95642,56.82799,57.75287,59.04046,60.65125,62.35487,64.15131,66.27096,68.75331,71.28898,73.77134,76.16946,79.39964,84.27152,90.1216,96.42722,102.5472,107.658,111.6669,115.0742,117.9726,120.2779,122.5832,125.5744,129.4905,134.6013,140.7213,146.9341,152.6466,158.2663,163.9702,169.0811,173.506,177.7848,182.0241,186.3029,190.4494,194.2193,197.4495,201.0424,205.5516,210.5696,215.7733,221.3001,227.1897,233.1326,239.0222,244.5491,249.7528,254.8636,259.9745,264.9925,269.6873,274.0195,278.2054,282.0287,285.5287,289.0288,292.8521,297.1309,301.879,307.4454,313.8043,320.7959,327.4247,333.0444,337.7392,341.5625,344.6465,347.5535,351.4696,356.5718,361.5899,366.0148,370.2008,374.024,377.6169,381.533,386.135,391.2459,396.5871,401.5518,405.9853,411.605,418.4951,424.438,429.0486,433.2346,437.0579,440.5579,444.058,447.8813,451.9744,455.7048,458.7889,461.4174,463.9926,466.621,469.6123,473.0195,476.9356,481.4448,486.1396,491.0734,497.0558,504.1935,511.9242,518.8229,523.6639,526.8407,529.2389,531.9602,535.6373,539.8766,544.5714,549.4966,554.0986,558.1075,562.1165,566.7185,571.7365,576.7545,581.4493,585.7814,589.9674,593.7907,597.2907,600.6051,603.5035,605.6232,606.9108,607.4196

Position (um) : 2.2543,2.2457,2.2186,2.1717,2.1238,2.0904,2.0683,2.0525,2.0411,2.0316,2.0253,2.0191,2.0107,2.0044,1.9982,1.9886,1.9784,1.9677,1.9575,1.9479,1.9417,1.9354,1.9259,1.9156,1.9061,1.8998,1.8936,1.884,1.8738,1.8631,1.8529,1.8433,1.8371,1.8297,1.8139,1.789,1.7597,1.7337,1.7127,1.6969,1.6856,1.676,1.6709,1.6686,1.6635,1.654,1.6426,1.6268,1.607,1.5872,1.5714,1.5589,1.5431,1.5234,1.5036,1.4878,1.4753,1.4595,1.4408,1.425,1.4125,1.3979,1.3832,1.3707,1.3549,1.3351,1.3142,1.2933,1.2724,1.2515,1.2305,1.2108,1.1961,1.1887,1.1825,1.1729,1.1627,1.1531,1.148,1.1457,1.1406,1.1311,1.1197,1.1028,1.0779,1.0485,1.0225,1.0016,0.9858,0.97444,0.96374,0.95353,0.94282,0.93147,0.91566,0.89703,0.88122,0.86986,0.85916,0.84781,0.832,0.81222,0.79245,0.77664,0.76301,0.74209,0.71503,0.69526,0.68673,0.68048,0.67206,0.66695,0.66581,0.66467,0.65957,0.65115,0.64604,0.6449,0.6449,0.6449,0.6449,0.6449,0.6449,0.6449,0.6449,0.64376,0.63637,0.6166,0.5884,0.56352,0.54657,0.53521,0.52451,0.51316,0.49621,0.47133,0.44085,0.40972,0.38038,0.35947,0.34583,0.33002,0.31025,0.28933,0.26956,0.25375,0.24239,0.23169,0.22148,0.21078,0.20056,0.18986,0.17965,0.17009

Intensity : 598.2844,598.886,600.4266,605.9281,623.2825,648.8323,669.0109,675.9257,680.1869,683.7698,685.4881,684.6133,683.0298,682.7552,682.6272,681.5761,681.6712,683.2092,685.2227,683.5839,678.4416,673.9914,671.2368,666.4798,659.77,654.9837,650.8571,643.3218,637.0575,632.5262,630.3092,630.909,632.0424,634.9139,642.6423,646.4201,652.9422,654.1443,643.6052,631.4335,621.6115,614.4031,608.9537,604.6648,601.0138,597.8691,595.2175,591.4347,589.0614,586.2996,574.2157,563.0395,558.6888,554.342,550.7468,560.8653,571.8035,579.9881,588.0714,590.0632,590.673,590.1342,583.0752,581.0781,591.8303,583.5475,572.7408,580.4764,569.8533,561.9258,573.2496,574.7211,566.3853,566.7695,569.0584,568.5933,569.2337,571.7275,571.567,580.604,598.4902,617.8898,636.2695,660.1658,688.1223,666.0294,644.9445,631.8224,623.2053,624.0362,628.8707,631.0233,637.0844,644.5319,647.1999,656.9867,676.9519,694.1284,704.8829,713.2876,709.4933,703.3404,683.5233,665.6526,648.9793,631.4597,608.2929,600.2255,588.5361,576.2237,579.0471,587.5547,592.1675,587.8133,586.0007,604.7555,619.6952,626.7735,624.9304,623.0492,620.7767,616.8563,612.3503,605.4196,597.6428,591.6807,588.2534,589.3928,591.5606,625.1435,662.8928,695.0513,718.6546,737.7527,762.6244,796.5977,825.692,835.9138,831.0536,828.8395,824.1579,813.7342,781.4084,742.2975,712.7972,683.3322,658.6266,645.2102,638.4666,637.6506,644.917,653.2382,660.5824,665.2367

Time pixel : 1.74463,1.8556,2.0898,2.55008,3.12648,3.61426,3.96912,4.21301,4.37185,4.48895,4.6371,4.82244,5.01847,5.20381,5.35196,5.46906,5.61722,5.79188,5.94003,6.05713,6.1946,6.33207,6.43849,6.53878,6.6452,6.79335,6.97869,7.17472,7.38142,7.62531,7.91094,8.2027,8.48832,8.76426,9.13593,9.6965,10.3696,11.0952,11.7993,12.3874,12.8487,13.2407,13.5742,13.8395,14.1047,14.4489,14.8995,15.4876,16.1918,16.9066,17.5639,18.2105,18.8668,19.4549,19.9641,20.4564,20.9442,21.4365,21.9136,22.3474,22.7191,23.1325,23.6513,24.2287,24.8274,25.4634,26.1411,26.8249,27.5025,28.1385,28.7372,29.3253,29.9134,30.4907,31.0309,31.5294,32.0111,32.451,32.8537,33.2564,33.6963,34.1887,34.735,35.3755,36.1072,36.9116,37.6743,38.321,38.8612,39.3011,39.6559,39.9904,40.441,41.0281,41.6055,42.1146,42.5963,43.0362,43.4496,43.9002,44.4297,45.0178,45.6324,46.2036,46.7137,47.3604,48.1532,48.837,49.3675,49.8491,50.289,50.6918,51.0945,51.5344,52.0054,52.4346,52.7895,53.0919,53.3882,53.6907,54.0348,54.4269,54.8775,55.3963,55.9365,56.5042,57.1926,58.0138,58.9034,59.6971,60.2542,60.6197,60.8956,61.2087,61.6318,62.1196,62.6598,63.2265,63.7561,64.2173,64.6786,65.2081,65.7855,66.3629,66.9031,67.4016,67.8832,68.3231,68.7259,69.1072,69.4407,69.6846,69.8328,69.8913

Position pixel : 21.1271,21.0472,20.7926,20.3537,19.9041,19.591,19.3843,19.2361,19.1297,19.0401,18.9815,18.923,18.8441,18.7855,18.727,18.6374,18.5416,18.4413,18.3456,18.256,18.1974,18.1389,18.0493,17.9536,17.8639,17.8054,17.7468,17.6572,17.5615,17.4612,17.3655,17.2759,17.2173,17.1481,16.9999,16.7667,16.4918,16.2479,16.0519,15.9037,15.7973,15.7077,15.6598,15.6385,15.5906,15.501,15.3946,15.2464,15.0611,14.8757,14.7276,14.6105,14.4623,14.277,14.0916,13.9435,13.8264,13.6782,13.5036,13.3554,13.2383,13.1009,12.9634,12.8463,12.6981,12.5128,12.3168,12.1207,11.9247,11.7287,11.5327,11.3473,11.2099,11.1406,11.0821,10.9925,10.8967,10.8071,10.7593,10.7379,10.69,10.6004,10.494,10.3352,10.102,9.82702,9.58312,9.3871,9.23895,9.13253,9.03224,8.93651,8.83622,8.7298,8.58165,8.40699,8.25883,8.15242,8.05213,7.94571,7.79756,7.61222,7.42687,7.27872,7.15094,6.95492,6.70133,6.51599,6.43608,6.37753,6.29861,6.25074,6.24006,6.22938,6.18151,6.10258,6.05472,6.04403,6.04403,6.04403,6.04403,6.04403,6.04403,6.04403,6.04403,6.03335,5.96412,5.77878,5.51452,5.28131,5.12247,5.01605,4.91577,4.80935,4.65051,4.4173,4.13168,3.83992,3.56497,3.36895,3.24117,3.09301,2.90767,2.71165,2.52631,2.37815,2.27173,2.17145,2.07571,1.97543,1.87969,1.7794,1.68367,1.59406

Pole type : Curve
Start frame : 1
End frame : 208
Start time (s) : 0.000
End time (s) : 1799.020
Time step (s) : 8.691

Pole number : 2

Time (s) : 15.24416,16.49308,18.48102,20.83146,22.91179,24.66868,26.42532,28.41206,30.43803,32.33995,34.87414,37.8687,40.40214,42.3954,44.83515,47.50478,49.67364,51.51875,53.59362,56.03058,58.52016,61.04855,63.53667,66.06351,68.55001,70.98233,73.05105,74.79565,76.44648,78.18918,80.25412,82.68079,85.06699,87.07571,88.45092,89.86473,91.92409,94.66854,97.59792,100.6728,104.2868,107.9537,111.297,114.1313,116.2795,118.1046,120.1603,122.5791,125.0517,127.5646,130.1318,133.0629,136.3185,139.6685,143.0204,146.4671,150.2392,154.2836,158.0608,161.4248,164.3758,167.0602,169.925,172.7006,174.8867,176.6607,178.3458,180.0349,181.7281,183.4254,185.2198,187.3445,189.842,192.4027,194.9196,197.0831,199.0249,201.2051,203.8482,207.0602,211.3267,216.2448,221.0296,225.5479,230.2461,234.9461,239.3775,243.6634,247.6793,251.7874,256.4877,261.6025,266.7156,271.4108,275.325,278.5905,281.9071,286.0843,290.6751,294.9939,298.8411,301.9609,304.7023,307.4024,310.4637,313.7538,316.7194,318.998,320.8595,322.6272,324.4869,326.6691,329.2134,331.8104,334.4463,337.135,340.0445,342.9429,345.6642,348.6554,351.9698,355.4699,359.386,363.988,368.8203,373.0063,376.1437,378.7189,380.8385,382.6349,384.3386,386.0422,387.8386,390.0511,393.0423,396.7727,400.8659,404.5963,407.6804,410.3088,412.7912,414.9108,416.7073,418.4109,420.1145,421.911,424.0306,426.4201,428.5398,430.3362,432.0398,433.7435,435.4471,437.1507,438.8543,440.6508,442.7704,445.2528,447.8813,450.8725,454.1869,457.5941,460.9085,463.8069,466.0194,467.8158,469.5194,471.223,472.9267,474.7231,476.9356,479.834,483.0555,486.0468,488.7681,491.6665,494.472,496.6845,498.3881,499.6757,500.6934,501.981,503.499,504.7865,505.8043,507.0918,508.6098,509.8046

Position (um) : 3.343,3.343,3.343,3.3429,3.3429,3.3429,3.3429,3.344,3.3491,3.3586,3.3688,3.3795,3.3896,3.4003,3.4105,3.42,3.4263,3.4325,3.4409,3.4459,3.4471,3.447,3.447,3.4481,3.4532,3.4616,3.4666,3.4678,3.4677,3.4677,3.4677,3.4676,3.4687,3.4738,3.4822,3.4872,3.4883,3.4883,3.4894,3.4945,3.504,3.5142,3.5237,3.5299,3.5361,3.5445,3.5507,3.5569,3.5664,3.5766,3.5861,3.5912,3.5934,3.5985,3.608,3.6193,3.634,3.6475,3.6548,3.6611,3.6695,3.6745,3.6757,3.6756,3.6768,3.6819,3.6903,3.6954,3.6965,3.6965,3.6965,3.6976,3.7027,3.7112,3.7163,3.7175,3.7175,3.7187,3.7238,3.7335,3.7437,3.7533,3.7585,3.7608,3.766,3.7745,3.7797,3.7809,3.7809,3.781,3.7822,3.7874,3.7958,3.801,3.8033,3.8085,3.8181,3.8295,3.8443,3.859,3.8704,3.8811,3.8914,3.901,3.9073,3.9136,3.922,3.9283,3.9346,3.9431,3.9494,3.9568,3.9715,3.9902,4.006,4.0186,4.0332,4.0479,4.0593,4.07,4.0813,4.0971,4.118,4.1429,4.1671,4.1847,4.2006,4.2141,4.2215,4.2289,4.2424,4.2559,4.2633,4.2707,4.2854,4.304,4.3198,4.3323,4.347,4.3616,4.373,4.3837,4.3939,4.4035,4.4097,4.416,4.4255,4.4357,4.4453,4.4515,4.4578,4.4662,4.4713,4.4736,4.4787,4.4871,4.4934,4.4996,4.5092,4.5194,4.5301,4.5403,4.551,4.5612,4.5719,4.5821,4.5917,4.598,4.6042,4.6138,4.624,4.6347,4.6449,4.6545,4.6607,4.6669,4.6754,4.6805,4.6828,4.6879,4.6963,4.7014,4.7037,4.7088,4.7172,4.7223,4.7234,4.7234

Intensity : 762.1222,768.7401,775.6417,780.3329,784.4852,787.9927,789.3619,780.951,771.375,761.4438,749.4294,736.7291,726.7088,719.2283,715.1628,711.6507,708.2873,705.1976,699.6466,695.2945,693.018,690.8963,685.2283,679.2539,673.1272,668.6304,666.1262,664.2415,662.4334,660.5217,654.0409,646.3537,639.0338,633.9457,632.4066,630.0112,625.1152,618.2565,613.41,610.2568,607.319,612.3471,616.3084,616.5968,615.3537,614.1577,613.2912,612.7928,612.9006,613.5293,614.7188,615.0406,615.3464,615.3134,612.2503,609.8889,601.3522,587.7099,582.4091,584.3044,586.316,587.9788,589.7285,591.4463,590.8655,589.1358,588.1173,586.9696,585.39,581.1697,574.475,566.7645,558.484,552.7023,548.547,544.3069,540.2922,542.3415,550.8221,562.3416,579.5403,603.4982,622.1987,639.1894,622.4002,602.761,585.924,569.9038,555.5235,540.8138,543.728,545.4151,532.2363,518.803,505.8726,497.677,499.4224,501.9545,515.9714,528.9299,530.5363,532.0183,532.6018,525.7543,517.3486,508.592,502.0008,497.4731,494.9046,493.8172,490.1054,484.3906,480.2579,483.6406,489.8782,494.8114,494.8995,485.0348,472.8933,463.4947,466.6213,471.979,476.4691,485.6158,496.6939,501.898,499.5198,496.2365,493.1096,490.5153,487.7322,485.3468,481.5857,475.7492,470.8804,470.7475,472.1709,471.6265,473.1945,473.7605,473.5666,470.4633,467.745,460.0468,450.8601,441.5021,430.8913,420.4862,414.3914,409.4341,405.0148,401.1328,396.1959,390.1588,384.6699,378.2286,370.5148,365.7855,362.2542,358.9068,356.2018,353.7214,352.0393,355.361,358.3428,361.0345,363.504,367.914,372.5077,377.6616,384.3283,392.9462,402.4882,411.6739,416.431,420.6653,425.6592,426.9416,426.2446,426.6809,428.2686,428.7546,428.592,430.6176,434.3711,437.7657,440.4186,442.2362

Time pixel : 1.75403,1.89774,2.12648,2.39692,2.63629,2.83844,3.04057,3.26917,3.50228,3.72112,4.01271,4.35727,4.64878,4.87813,5.15885,5.46603,5.71558,5.92788,6.16662,6.44703,6.73348,7.02441,7.3107,7.60144,7.88755,8.16741,8.40545,8.60619,8.79613,8.99665,9.23425,9.51347,9.78803,10.0192,10.1774,10.3401,10.577,10.8928,11.2299,11.5837,11.9995,12.4214,12.8061,13.1322,13.3794,13.5894,13.826,14.1043,14.3888,14.6779,14.9733,15.3106,15.6852,16.0706,16.4563,16.8529,17.2869,17.7523,18.1869,18.574,18.9135,19.2224,19.552,19.8714,20.1229,20.327,20.5209,20.7153,20.9101,21.1054,21.3119,21.5563,21.8437,22.1384,22.428,22.6769,22.9003,23.1512,23.4553,23.8249,24.3158,24.8817,25.4322,25.9521,26.4927,27.0335,27.5434,28.0365,28.4986,28.9713,29.5122,30.1007,30.689,31.2292,31.6796,32.0554,32.437,32.9176,33.4458,33.9428,34.3854,34.7444,35.0599,35.3705,35.7228,36.1013,36.4426,36.7048,36.9189,37.1223,37.3363,37.5874,37.8802,38.179,38.4823,38.7916,39.1264,39.4599,39.773,40.1172,40.4986,40.9013,41.3519,41.8814,42.4374,42.9191,43.2801,43.5764,43.8203,44.027,44.223,44.419,44.6257,44.8803,45.2245,45.6537,46.1247,46.5539,46.9088,47.2112,47.4968,47.7407,47.9474,48.1435,48.3395,48.5462,48.7901,49.065,49.3089,49.5156,49.7116,49.9077,50.1037,50.2997,50.4957,50.7024,50.9463,51.232,51.5344,51.8786,52.2599,52.652,53.0334,53.3668,53.6214,53.8281,54.0241,54.2202,54.4162,54.6229,54.8775,55.211,55.5816,55.9258,56.2389,56.5724,56.8953,57.1498,57.3459,57.494,57.6111,57.7593,57.9339,58.0821,58.1992,58.3473,58.522,58.6595

Position pixel : 31.3309,31.3307,31.3304,31.3302,31.33,31.3297,31.3295,31.3399,31.3876,31.4769,31.5724,31.6725,31.768,31.868,31.9635,32.0528,32.1111,32.1694,32.2481,32.2957,32.3061,32.3058,32.3055,32.3159,32.3635,32.4421,32.4897,32.5,32.4997,32.4994,32.4991,32.4987,32.5091,32.5566,32.6352,32.6827,32.693,32.6927,32.703,32.7505,32.8397,32.9351,33.0243,33.0825,33.1406,33.2192,33.2773,33.3355,33.4247,33.5201,33.6093,33.6569,33.6779,33.7254,33.8147,33.9208,34.0579,34.1844,34.2534,34.3117,34.3904,34.438,34.4485,34.4483,34.4589,34.5066,34.5854,34.6332,34.6438,34.6438,34.6437,34.6545,34.7024,34.7815,34.8296,34.8405,34.8408,34.8519,34.9001,34.9902,35.0864,35.1765,35.2249,35.2468,35.2953,35.3748,35.4232,35.4345,35.4351,35.4357,35.447,35.4954,35.5749,35.6233,35.6452,35.6936,35.7837,35.8907,36.0286,36.1666,36.2734,36.3742,36.4703,36.5604,36.6193,36.6783,36.7576,36.8166,36.8755,36.9548,37.0137,37.0833,37.2212,37.3962,37.5447,37.6622,37.7997,37.9372,38.0436,38.1439,38.2503,38.3985,38.5945,38.8277,39.0548,39.2197,39.3679,39.4947,39.5639,39.6332,39.7599,39.8867,39.956,40.0252,40.1627,40.3373,40.4855,40.6026,40.7401,40.8775,40.9839,41.0842,41.18,41.2696,41.3281,41.3867,41.4763,41.572,41.6616,41.7202,41.7787,41.8576,41.9055,41.9269,41.9747,42.0537,42.1122,42.1708,42.2604,42.3561,42.4564,42.5521,42.6524,42.7482,42.8484,42.9442,43.0338,43.0923,43.1509,43.2405,43.3362,43.4365,43.5322,43.6218,43.6804,43.7389,43.8179,43.8657,43.8871,43.935,44.0139,44.0618,44.0831,44.131,44.2099,44.2578,44.2685,44.2685

Pole type : Curve
Start frame : 1
End frame : 208
Start time (s) : 0.000
End time (s) : 1799.020
Time step (s) : 8.691

Feature Information :


Feature number : 1

Time (s) : 391.8475,393.644,396.7727,400.2642,402.8927,404.782,406.4856,408.1892,409.8928,411.5964,413.3001,415.0037,416.7073,418.4109,420.1145,421.8181,423.5218,425.2254,426.929,428.6326,430.3362,432.0398,433.7435,435.4471,437.1507,438.8543,440.5579,442.2616,443.9652,445.7616,447.9741,450.7796,453.678,456.3065,458.7889,460.9085,462.705,464.5014,466.621,469.0106,471.1302,472.8338,474.1214,475.0463,475.9179,476.8428,478.1303,479.7411,481.3519,482.6395,483.5644,484.436,485.268,486.1396,487.0556,488.2756,489.8179,491.545,493.5942,495.9121,497.9586,499.6802,501.3069,502.9313,504.5529,506.0788,507.2782,508.1113,508.8875,509.6204,510.2965,510.6066,510.5908,510.4801,510.3683,510.2566,510.2391,510.5478,511.1311,511.451,511.5487,511.8868,512.5992,513.378,514.2106,515.0189,515.7897

Position (um) : 2.0881,2.0881,2.0892,2.0943,2.1039,2.1141,2.1237,2.1299,2.1362,2.1446,2.1497,2.1508,2.1508,2.1508,2.1508,2.1508,2.1508,2.1508,2.1508,2.1508,2.1508,2.1508,2.1508,2.1508,2.1497,2.1446,2.1362,2.131,2.1299,2.1299,2.1299,2.1288,2.1237,2.1141,2.1027,2.0869,2.0672,2.0462,2.0253,2.0044,1.9846,1.9688,1.9575,1.9468,1.9366,1.9259,1.9145,1.8998,1.8852,1.8738,1.8631,1.8529,1.8422,1.832,1.8209,1.8069,1.7884,1.766,1.7411,1.7135,1.6864,1.6658,1.6459,1.623,1.5989,1.5746,1.5514,1.532,1.5158,1.4961,1.4723,1.4472,1.4221,1.3968,1.3715,1.3462,1.321,1.2959,1.2709,1.2463,1.223,1.2042,1.1891,1.1712,1.151,1.1354,1.1289

Intensity : 487.134,487.7828,488.9056,490.3882,492.5053,494.027,495.3991,496.7713,496.3653,495.1924,494.2232,493.5236,492.9046,496.4616,501.5485,506.6353,511.7222,516.809,518.2079,517.445,516.6821,515.9192,515.1562,513.2905,510.7858,509.4404,508.999,507.1937,504.5138,501.6121,498.0383,493.6895,491.5233,491.0876,490.6449,490.3624,489.5008,489.001,487.9745,484.1958,477.7763,472.3588,468.3762,465.5973,463.0388,460.3846,456.0461,449.6298,443.7231,439.3808,436.3943,433.7733,431.4447,429.208,428.0432,427.9772,427.2944,426.9386,427.3551,427.5448,422.9382,419.7356,417.4461,415.8057,414.0344,410.4684,408.2053,406.9951,406.2111,405.7868,404.79,404.0493,403.4008,402.6862,400.2713,396.7879,393.3823,390.4666,387.2262,382.1583,377.0663,373.3719,371.181,366.7828,361.2643,356.888,354.6593

Time pixel : 45.087,45.2937,45.6537,46.0555,46.3579,46.5753,46.7713,46.9673,47.1634,47.3594,47.5554,47.7514,47.9474,48.1435,48.3395,48.5355,48.7315,48.9276,49.1236,49.3196,49.5156,49.7116,49.9077,50.1037,50.2997,50.4957,50.6918,50.8878,51.0838,51.2905,51.5451,51.8679,52.2014,52.5038,52.7895,53.0334,53.2401,53.4468,53.6907,53.9656,54.2095,54.4055,54.5537,54.6601,54.7604,54.8668,55.0149,55.2003,55.3856,55.5338,55.6402,55.7405,55.8362,55.9365,56.0419,56.1823,56.3597,56.5585,56.7943,57.061,57.2964,57.4945,57.6817,57.8686,58.0552,58.2308,58.3688,58.4646,58.5539,58.6383,58.7161,58.7517,58.7499,58.7372,58.7243,58.7115,58.7095,58.745,58.8121,58.8489,58.8601,58.899,58.981,59.0706,59.1664,59.2594,59.3481

Position pixel : 19.5696,19.5696,19.5803,19.6282,19.7178,19.8135,19.9031,19.9616,20.0202,20.0991,20.147,20.1577,20.1577,20.1577,20.1577,20.1577,20.1577,20.1577,20.1577,20.1577,20.1577,20.1577,20.1577,20.1577,20.147,20.0991,20.0202,19.9723,19.9616,19.9616,19.9616,19.951,19.9031,19.8135,19.7071,19.5589,19.3736,19.1776,18.9815,18.7855,18.6002,18.452,18.3456,18.2453,18.1496,18.0493,17.9429,17.8054,17.6679,17.5615,17.4612,17.3655,17.2652,17.1695,17.0659,16.9347,16.7614,16.5507,16.3181,16.0586,15.8047,15.6123,15.4252,15.2108,14.9847,14.7575,14.5398,14.358,14.2059,14.0214,13.7984,13.5635,13.3276,13.091,12.854,12.6169,12.3805,12.1451,11.9114,11.6801,11.4625,11.2857,11.1443,10.9766,10.7877,10.6415,10.58

Brightness max : 491.55
Brightness min : 212.00
Feature direction : Poleward
Feature speed : Slow
Feature type : Curve
Start frame : 1
End frame : 208
Start time (s) : 0.000
End time (s) : 1799.020
Time step (s) : 8.691

Feature number : 2

Time (s) : 380.015,382.0419,385.2101,388.5778,391.8389,394.3746,396.3567,398.4764,400.8659,402.9855,404.6891,405.9767,406.9016,407.7732,408.6981,409.8928,411.0876,412.0125,412.884,413.8089,415.0037,416.1984,417.1233,417.9949,418.8269,419.6985,420.5306,421.4021,422.2342,423.1057,424.0141,425.0471,426.0775,426.9278,427.9515,428.9705,429.8069,430.8134,431.8118,432.6238,433.6023,434.5697,435.3489,436.3873,437.74,439.1791,440.6155,442.0541,443.5007,444.9618,446.3515,447.4464,448.2136,448.9681,449.728,450.5752,451.4178,452.3209,453.2048,454.1479,455.0698,455.9553,456.5862,457.2306,458.0635,458.729,459.4019,460.2575,460.9398,461.624,462.5786,463.5856,464.5371,465.2158,465.8907,466.7383,467.4042,468.0653,468.9913,469.9659,470.8825,471.525,472.1634,473.068,474.0227,474.9211,475.547,476.1707,476.9695,477.5896,478.2081,479.0953,480.0345,480.9194

Position (um) : 3.4244,3.4142,3.3939,3.3684,3.3408,3.3244,3.3147,3.3,3.2803,3.2605,3.2447,3.2333,3.2226,3.2124,3.2029,3.1966,3.1904,3.1808,3.1706,3.161,3.1548,3.1485,3.139,3.1288,3.118,3.1078,3.0971,3.0869,3.0762,3.0649,3.0502,3.0358,3.0235,3.0091,2.9947,2.9836,2.9743,2.9683,2.9623,2.9542,2.9483,2.9423,2.9343,2.9295,2.9287,2.9291,2.9295,2.9299,2.9303,2.9306,2.9321,2.9374,2.9472,2.9576,2.9684,2.9787,2.9893,3.0007,3.0164,3.0361,3.0569,3.0788,3.1035,3.1275,3.1449,3.1605,3.1749,3.1872,3.2027,3.2222,3.2418,3.2573,3.2696,3.284,3.2984,3.3107,3.3251,3.3396,3.3507,3.3612,3.3724,3.388,3.4076,3.4272,3.4428,3.4551,3.4696,3.4841,3.4965,3.511,3.5255,3.5378,3.5523,3.5657

Intensity : 382.6692,386.5607,387.9451,389.8235,391.2129,388.4367,386.07,383.7023,382.7427,384.3384,386.0057,387.4344,388.8615,390.339,391.383,389.7196,388.0772,387.2725,386.8382,386.5307,385.8272,385.3331,385.7558,388.0203,390.4468,392.9025,395.4443,397.256,398.78,400.4047,402.2731,404.3101,405.9452,406.7406,407.7316,408.3371,408.4321,408.6216,408.8611,409.128,409.4687,409.8508,410.046,410.1477,410.1921,410.2346,410.2828,410.337,410.7193,412.5671,414.3658,415.9467,417.3032,418.6995,420.1547,421.7398,423.1793,423.5495,423.6039,423.7923,424.2261,424.8944,424.3863,422.5437,422.0489,421.5395,421.2716,421.7473,420.7246,417.5026,414.9629,413.6674,413.2341,412.5554,412.2073,412.5268,411.8471,411.4245,412.3468,410.3204,406.8979,403.8766,400.6881,396.2184,392.0907,388.8256,385.9256,383.2239,380.7617,378.4662,376.0635,373.1572,370.1229,367.5425

Time pixel : 43.7255,43.9587,44.3233,44.7108,45.086,45.3778,45.6059,45.8497,46.1247,46.3686,46.5646,46.7128,46.8192,46.9195,47.0259,47.1634,47.3008,47.4072,47.5075,47.6139,47.7514,47.8889,47.9953,48.0956,48.1913,48.2916,48.3874,48.4876,48.5834,48.6837,48.7882,48.907,49.0256,49.1234,49.2412,49.3585,49.4547,49.5705,49.6854,49.7788,49.8914,50.0027,50.0924,50.2119,50.3675,50.5331,50.6984,50.8639,51.0304,51.1985,51.3584,51.4844,51.5726,51.6595,51.7469,51.8444,51.9413,52.0452,52.1469,52.2555,52.3615,52.4634,52.536,52.6102,52.706,52.7826,52.86,52.9584,53.0369,53.1157,53.2255,53.3414,53.4509,53.529,53.6066,53.7041,53.7808,53.8568,53.9634,54.0755,54.181,54.2549,54.3284,54.4325,54.5423,54.6457,54.7177,54.7895,54.8814,54.9527,55.0239,55.126,55.234,55.3359

Position pixel : 32.0937,31.998,31.8081,31.5687,31.3106,31.1563,31.0657,30.9282,30.7429,30.5576,30.4094,30.303,30.2027,30.107,30.0174,29.9588,29.9003,29.8107,29.7149,29.6253,29.5668,29.5082,29.4186,29.3229,29.2226,29.1268,29.0266,28.9308,28.8305,28.7241,28.5869,28.4516,28.3367,28.2015,28.0663,27.9622,27.8751,27.819,27.7631,27.687,27.6313,27.5758,27.5001,27.4556,27.4484,27.4519,27.4555,27.4591,27.4625,27.4658,27.4794,27.5299,27.6216,27.7189,27.8202,27.9162,28.0164,28.1224,28.2698,28.4542,28.649,28.8543,29.0859,29.3111,29.4741,29.6202,29.7554,29.8703,30.0161,30.1991,30.3821,30.5279,30.6426,30.7778,30.9131,31.028,31.1634,31.2988,31.4032,31.5016,31.6062,31.7525,31.9361,32.1198,32.2663,32.3818,32.5177,32.6536,32.7692,32.9052,33.0412,33.1568,33.2928,33.4182

Brightness max : 491.55
Brightness min : 212.00
Feature direction : Ambiguous
Feature speed : Slow
Feature type : Curve
Start frame : 1
End frame : 208
Start time (s) : 0.000
End time (s) : 1799.020
Time step (s) : 8.691

Feature number : 3

Time (s) : 579.1526,580.3474,581.9582,583.6618,585.3654,587.069,588.6798,589.9674,590.8923,591.7639,592.5959,593.4675,594.3924,595.5871,596.7819,597.7068,598.4855,598.9015,599.0872,599.596,600.698,601.8927,602.9104,604.1052,605.3,606.2249,607.0036,607.5124,608.0213,608.8,609.6321,610.4108,610.9197,611.4285,612.2073,613.0393,613.9109,614.7429,615.6145,616.5394,617.827,619.4378,621.1414,622.845,624.5486,626.1594,627.447,628.4647,629.7523,631.3631,633.0667,634.6775,635.9651,636.9828,638.2704,639.8812,641.5848,643.2884,644.992,646.6956,648.3064,649.5012

Position (um) : 1.8139,1.8025,1.7772,1.7409,1.6958,1.6511,1.6144,1.5884,1.5714,1.5589,1.5431,1.5222,1.4951,1.4606,1.4262,1.399,1.3769,1.356,1.3363,1.3193,1.3017,1.2775,1.2515,1.2243,1.1961,1.1752,1.1615,1.1457,1.126,1.1062,1.0904,1.0779,1.0632,1.0485,1.0372,1.0265,1.0151,0.99932,0.98069,0.96488,0.95239,0.93658,0.91794,0.90327,0.89703,0.89475,0.88964,0.88122,0.87611,0.87497,0.87497,0.87383,0.86872,0.8603,0.85405,0.84781,0.83939,0.83428,0.83314,0.83314,0.83314,0.83314

Intensity : 338.9156,337.6127,334.6555,330.8041,326.4834,323.1961,321.2619,320.4362,320.1458,318.7755,317.1083,315.2062,313.0897,311.5003,310.4668,310.0168,310.0629,310.2344,310.3061,310.8958,311.0946,311.4985,311.9416,313.1239,315.0399,316.9832,318.4948,319.8518,321.5695,323.518,325.1078,326.653,328.0134,328.9528,330.2867,331.809,333.5538,335.5981,338.0661,340.7084,342.3235,343.0998,344.0034,345.1059,346.4169,347.3673,347.2717,347.1779,347.1137,347.0708,347.0316,347.1832,348.1809,349.0137,350.0838,351.2018,352.3338,353.4047,352.8224,352.2719,351.7514,351.3654

Time pixel : 66.6388,66.7763,66.9616,67.1577,67.3537,67.5497,67.7351,67.8832,67.9896,68.0899,68.1857,68.2859,68.3924,68.5298,68.6673,68.7737,68.8633,68.9112,68.9326,68.9911,69.1179,69.2554,69.3725,69.5099,69.6474,69.7538,69.8434,69.902,69.9605,70.0501,70.1459,70.2355,70.294,70.3526,70.4422,70.5379,70.6382,70.7339,70.8342,70.9407,71.0888,71.2741,71.4702,71.6662,71.8622,72.0476,72.1957,72.3128,72.461,72.6463,72.8423,73.0277,73.1758,73.2929,73.4411,73.6264,73.8224,74.0185,74.2145,74.4105,74.5959,74.7333

Position pixel : 16.9999,16.8935,16.6558,16.3161,15.893,15.4745,15.1303,14.8864,14.7276,14.6105,14.4623,14.2663,14.0117,13.6889,13.3661,13.1115,12.9048,12.7088,12.5235,12.3646,12.1997,11.9726,11.7287,11.4741,11.2099,11.0138,10.8861,10.7379,10.5526,10.3672,10.2191,10.102,9.96449,9.82702,9.7206,9.62031,9.51389,9.36574,9.19108,9.04293,8.92582,8.77767,8.60301,8.46554,8.40699,8.38563,8.33776,8.25883,8.21097,8.20028,8.20028,8.1896,8.14173,8.06281,8.00426,7.94571,7.86679,7.81892,7.80824,7.80824,7.80824,7.80824

Brightness max : 491.55
Brightness min : 212.00
Feature direction : Poleward
Feature speed : Slow
Feature type : Curve
Start frame : 1
End frame : 208
Start time (s) : 0.000
End time (s) : 1799.020
Time step (s) : 8.691

Feature number : 4

Time (s) : 160.0627,161.2575,162.8683,164.5719,166.2755,167.9791,169.6828,171.3864,172.9972,174.2848,175.3025,176.5901,178.2009,179.9045,181.6081,183.3117,185.0153,186.6261,187.9137,188.9314,190.1262,191.3209,192.3386,193.6262,195.1442,196.4318,197.4495,198.7371,200.2551,201.5426,202.6532,204.3568,206.5607,208.2643,209.3729,210.6391,212.2281,214.0022,216.099,218.4649,220.6527,222.9322,225.7105,228.4872,230.6692,232.4335,234.1035,235.8652,237.9495,240.304,242.3899,244.1549,245.8307,247.5111,249.1974,250.8902,252.683,254.8048,257.2934,259.8393,262.3355,264.4724,266.2889,268.015,269.7429,271.4721,273.2021,274.9324,276.6628,278.3928,280.1222,282.1293,285.105,288.8895,291.8633,293.8666,295.5906,297.3137,299.0362,300.7581,302.4794,304.2004,305.9209,307.4556,308.2507,308.0899

Position (um) : 2.1927,2.1927,2.1927,2.1927,2.1927,2.1927,2.1927,2.1927,2.1938,2.1989,2.2085,2.2187,2.2282,2.2333,2.2345,2.2345,2.2345,2.2356,2.2407,2.2492,2.2554,2.2616,2.2701,2.2752,2.2775,2.2826,2.291,2.2961,2.2984,2.3035,2.3119,2.317,2.3193,2.3244,2.3329,2.3401,2.3473,2.3567,2.3628,2.3661,2.3722,2.3818,2.3881,2.3904,2.3929,2.3994,2.4093,2.4159,2.4186,2.4201,2.4215,2.4229,2.4241,2.4251,2.4259,2.4263,2.4265,2.4264,2.4261,2.4257,2.4251,2.4243,2.4235,2.4225,2.4214,2.4203,2.4192,2.418,2.4169,2.4157,2.4146,2.4135,2.4125,2.4115,2.4105,2.4096,2.4087,2.4079,2.4071,2.4063,2.4055,2.4048,2.404,2.4033,2.4026,2.4019

Intensity : 537.8061,540.4937,544.117,547.9492,552.085,556.3677,560.6504,564.9332,569.0929,571.8099,573.0857,574.5548,576.1103,577.2462,577.9439,576.07,571.4568,567.1933,564.0718,560.2387,556.105,551.9983,548.8018,545.5332,542.1802,539.0145,536.0954,533.0557,530.1512,528.1938,526.3628,524.3017,522.0083,520.2982,520.9021,522.4736,524.6105,526.6319,529.3781,531.727,532.9713,534.068,535.3454,536.0231,536.4566,536.5581,536.4035,537.6408,540.0419,542.8277,545.2741,546.8159,547.7229,548.6584,549.6222,550.6127,551.0488,550.2476,549.3082,548.3405,551.0951,555.205,558.6947,562.0063,564.9012,565.9758,567.0163,568.0221,568.9933,570.2439,573.0836,576.4057,581.3875,585.4059,587.0789,588.2157,588.9342,585.1775,581.4168,577.6522,573.8835,570.0872,564.0961,558.7602,555.9924,556.5345

Time pixel : 18.4172,18.5547,18.7401,18.9361,19.1321,19.3281,19.5241,19.7202,19.9055,20.0537,20.1708,20.3189,20.5043,20.7003,20.8963,21.0923,21.2884,21.4737,21.6218,21.7389,21.8764,22.0139,22.131,22.2791,22.4538,22.602,22.7191,22.8672,23.0419,23.19,23.3178,23.5138,23.7674,23.9634,24.091,24.2367,24.4195,24.6237,24.8649,25.1371,25.3889,25.6512,25.9708,26.2903,26.5414,26.7444,26.9366,27.1393,27.3791,27.65,27.89,28.0931,28.2859,28.4793,28.6733,28.8681,29.0744,29.3185,29.6049,29.8978,30.185,30.4309,30.6399,30.8385,31.0373,31.2363,31.4354,31.6345,31.8336,32.0326,32.2316,32.4625,32.8049,33.2404,33.5826,33.8131,34.0114,34.2097,34.4079,34.606,34.8041,35.0021,35.2001,35.3767,35.4681,35.4496

Position pixel : 20.5497,20.5497,20.5497,20.5497,20.5497,20.5497,20.5497,20.5497,20.5604,20.6083,20.6979,20.7936,20.8832,20.9311,20.9418,20.9418,20.9418,20.9524,21.0003,21.0792,21.1378,21.1963,21.2753,21.3231,21.3445,21.3924,21.4713,21.5191,21.5405,21.5884,21.6673,21.7152,21.7365,21.7844,21.8641,21.9313,21.9987,22.0867,22.1439,22.1748,22.2327,22.3221,22.381,22.4034,22.4265,22.4874,22.58,22.6419,22.6669,22.6812,22.6949,22.7076,22.7189,22.7283,22.7354,22.7398,22.7412,22.7404,22.7379,22.7337,22.7281,22.7211,22.7129,22.7038,22.694,22.6836,22.6729,22.662,22.6511,22.6404,22.63,22.6198,22.6101,22.6007,22.5917,22.5831,22.5748,22.5669,22.5593,22.5519,22.5447,22.5376,22.5307,22.524,22.5173,22.5107

Brightness max : 491.55
Brightness min : 212.00
Feature direction : Ambiguous
Feature speed : Slow
Feature type : Curve
Start frame : 1
End frame : 208
Start time (s) : 0.000
End time (s) : 1799.020
Time step (s) : 8.691

Feature number : 5

Time (s) : 157.7574,157.7574,157.8503,158.3591,159.5539,161.0718,162.2666,162.7755,162.9611,163.3771,164.0631,164.4791,164.6647,165.0808,165.7667,166.1827,166.2755,166.2755,166.2755,166.2755,166.2755,166.3684,166.7844,167.4703,167.9791,168.488,169.1739,169.6828,170.1916,170.8775

Position (um) : 3.0846,3.0677,3.0343,2.9789,2.9123,2.8558,2.8162,2.7845,2.7585,2.7365,2.7155,2.6946,2.6749,2.659,2.6466,2.6307,2.611,2.5901,2.5691,2.5482,2.5273,2.5075,2.4917,2.4792,2.4634,2.4436,2.4227,2.4018,2.382,2.3674

Intensity : 452.5011,454.7832,459.0692,465.5531,472.8065,479.2174,483.7566,487.8475,491.1269,493.9914,496.992,499.9384,502.6276,505.2235,507.0204,509.5281,512.7888,516.2359,519.683,523.1857,526.7252,530.2,533.5187,536.8021,540.5361,544.5681,548.7792,552.8319,556.901,560.83

Time pixel : 18.152,18.152,18.1627,18.2212,18.3587,18.5334,18.6708,18.7294,18.7507,18.7986,18.8775,18.9254,18.9468,18.9946,19.0736,19.1214,19.1321,19.1321,19.1321,19.1321,19.1321,19.1428,19.1907,19.2696,19.3281,19.3867,19.4656,19.5241,19.5827,19.6616

Position pixel : 28.9095,28.7506,28.4375,27.9187,27.2944,26.7649,26.3932,26.0969,25.853,25.6463,25.4503,25.2543,25.0689,24.9208,24.8037,24.6555,24.4702,24.2741,24.0781,23.8821,23.6861,23.5007,23.3526,23.2355,23.0873,22.902,22.706,22.5099,22.3246,22.1871

Brightness max : 491.55
Brightness min : 212.00
Feature direction : Ambiguous
Feature speed : Slow
Feature type : Curve
Start frame : 1
End frame : 208
Start time (s) : 0.000
End time (s) : 1799.020
Time step (s) : 8.691

Feature number : 6

Time (s) : 486.6484,487.1573,488.3521,489.9684,493.3019,494.8952,496.0389,496.4672,496.4562,496.3363,496.2076,496.1694,496.4571,497.0207,497.3222,497.4014,497.7184,498.3114,498.6394,498.7407,499.075,499.6812

Position (um) : 4.0615,4.0796,4.1181,4.1812,4.3591,4.4111,4.4455,4.4672,4.4823,4.4951,4.5073,4.5193,4.5316,4.5442,4.5574,4.57,4.5791,4.5853,4.5952,4.6081,4.6172,4.6181

Intensity : 398.734,400.5608,403.6251,405.8806,394.3425,392.6009,391.051,390.3042,390.6538,392.7827,394.8319,396.6515,397.814,398.5066,399.8566,401.5781,402.3423,402.1798,403.7999,406.9245,408.7597,408.0823

Time pixel : 55.9951,56.0536,56.1911,56.3771,56.7606,56.944,57.0755,57.1248,57.1236,57.1098,57.095,57.0906,57.1237,57.1885,57.2232,57.2323,57.2688,57.337,57.3748,57.3864,57.4249,57.4946

Position pixel : 38.065,38.2345,38.5955,39.186,40.8537,41.3411,41.6636,41.8672,42.0081,42.1281,42.2426,42.3556,42.4703,42.5889,42.7123,42.8302,42.9156,42.9738,43.0662,43.1874,43.2731,43.2812

Brightness max : 491.55
Brightness min : 212.00
Feature direction : Poleward
Feature speed : Slow
Feature type : Curve
Start frame : 1
End frame : 208
Start time (s) : 0.000
End time (s) : 1799.020
Time step (s) : 8.691

Feature number : 7

Time (s) : 420.3002,421.2251,423.0129,424.5309,425.1326,425.3182,425.7342,426.4201,426.8362,426.929,426.929,426.929,426.929,426.929,427.0218,427.4378,428.1238,428.5398,428.6326,428.7254,429.1415,429.8274,430.2434,430.4291,430.8451,431.6238,432.4559,433.2346,433.6506,433.8363,434.2523,434.9382

Position (um) : 1.4505,1.4805,1.5255,1.5618,1.5861,1.607,1.6279,1.6488,1.6698,1.6907,1.7116,1.7325,1.7534,1.7743,1.7941,1.8099,1.8224,1.8382,1.858,1.8801,1.9061,1.9354,1.9614,1.9835,2.0044,2.0242,2.04,2.0525,2.0683,2.0881,2.1079,2.1225

Intensity : 502.7202,505.6841,508.3036,510.663,512.6147,514.384,516.4901,516.6027,517.4532,519.4651,521.8158,524.3597,526.9035,529.4473,531.7568,533.389,534.0623,535.0613,536.6023,538.3713,540.6446,541.7933,541.1869,540.5838,540.1799,540.0799,538.1679,536.1854,533.2449,529.3509,525.3926,521.6703

Time pixel : 48.3609,48.4673,48.673,48.8476,48.9169,48.9382,48.9861,49.065,49.1129,49.1236,49.1236,49.1236,49.1236,49.1236,49.1343,49.1821,49.2611,49.3089,49.3196,49.3303,49.3782,49.4571,49.5049,49.5263,49.5742,49.6638,49.7595,49.8491,49.897,49.9184,49.9662,50.0451

Position pixel : 13.5942,13.8753,14.2974,14.637,14.8651,15.0611,15.2571,15.4531,15.6491,15.8452,16.0412,16.2372,16.4332,16.6293,16.8146,16.9628,17.0799,17.228,17.4134,17.6201,17.8639,18.1389,18.3828,18.5895,18.7855,18.9709,19.119,19.2361,19.3843,19.5696,19.7549,19.8924

Brightness max : 532.00
Brightness min : 212.00
Feature direction : Antipoleward
Feature speed : Slow
Feature type : Curve
Start frame : 1
End frame : 208
Start time (s) : 0.000
End time (s) : 1799.020
Time step (s) : 8.691

Feature number : 8

Time (s) : 277.7052,279.5016,282.7232,286.6307,289.9451,292.2504,294.0468,295.7505,297.4541,299.1577,300.7685,302.0561,303.0738,304.2685,305.4633,306.481,307.7686,309.3794,310.9902,312.2778,313.2027,314.0742,314.9991,316.2867,317.8047,319.0922,320.11,321.3975,323.0083,324.712,326.4156,328.1192,329.8228,331.4336,332.7212,333.7389,335.0265,336.6373,338.2481,339.5423,340.6111,341.9504,343.6136,345.3704,347.1281,348.887,350.6472,352.4089,354.1724,355.9379,357.7985,359.9847,362.4436,364.6353,366.5066,368.1949,369.5625,370.6623,371.9406,373.2198,374.3219,375.6928,377.3847,379.1658,380.8492,382.2033,383.187,384.1087,384.981,385.8819,386.7319,387.6095,388.5316,389.8108,391.4078,393.0923,394.6788,395.9373,396.9214,398.0783,399.2314,400.204,401.3506,402.4947,403.3668,404.0909,404.5439,404.996,405.7174,406.4919,407.306,408.0809,408.896,409.6723,410.4891,411.2675,412.0866,412.8674,413.5962,414.0564,414.6108,415.6666,416.8165,417.6976,418.5264,419.3168,420.1476,420.9397,421.7721,422.5657,423.3994,424.1942,425.029,425.9175,427.1691,428.7443,430.4126,431.9884,433.1485

Position (um) : 1.3351,1.3351,1.3351,1.3351,1.3351,1.3351,1.3351,1.3351,1.3351,1.3351,1.3363,1.3414,1.3498,1.356,1.3623,1.3707,1.3758,1.3769,1.3758,1.3707,1.3611,1.3498,1.334,1.3153,1.2995,1.2882,1.2775,1.2661,1.2515,1.2368,1.2254,1.2147,1.2045,1.1938,1.1836,1.174,1.1689,1.1678,1.1666,1.1619,1.1562,1.1538,1.1555,1.1583,1.1612,1.1642,1.1672,1.1714,1.1797,1.1914,1.2011,1.2109,1.223,1.2331,1.2434,1.257,1.2715,1.2855,1.2962,1.3081,1.3261,1.3452,1.362,1.3808,1.3994,1.4143,1.4281,1.441,1.4538,1.4656,1.4773,1.4878,1.4983,1.5081,1.5169,1.5199,1.5135,1.4973,1.4746,1.4465,1.415,1.3865,1.3619,1.3394,1.3208,1.3054,1.2878,1.2701,1.2557,1.2419,1.2286,1.2149,1.2016,1.188,1.1737,1.155,1.1336,1.115,1.0999,1.0826,1.0666,1.0567,1.0481,1.0362,1.0237,1.0108,0.99839,0.98556,0.97325,0.9605,0.94827,0.93558,0.9234,0.91076,0.89863,0.88717,0.87904,0.87093,0.86066

Intensity : 487.6572,486.1612,484.0988,481.5972,487.5568,492.0051,495.4715,498.3151,498.6871,499.0591,498.7395,495.9423,490.9813,487.0853,481.3592,474.5237,469.2962,466.0229,464.1851,465.3908,469.6317,474.1414,480.6512,486.7235,489.2471,489.516,490.8444,492.9758,498.3177,502.7955,504.2552,504.581,503.9313,504.9835,506.8415,508.8103,508.6305,504.7063,500.7464,502.1967,506.5119,508.7051,508.5073,507.6994,506.9595,505.7071,504.1742,501.8963,498.4668,494.2892,489.8878,485.2791,480.1852,476.2933,476.6467,476.5986,475.5969,474.8634,476.2736,477.4394,476.9192,476.2704,476.1906,475.4223,474.6615,473.9165,472.0837,470.1904,468.2322,466.4341,464.5947,462.9343,461.5747,460.8332,460.3085,460.6758,461.9599,463.8194,466.193,468.2136,469.317,470.48,472.9819,474.3198,474.6911,474.5202,474.1284,474.0079,473.3856,472.1396,470.2809,467.9724,465.8441,464.0498,461.7544,462.2871,462.3812,461.714,460.4757,459.7927,458.5526,457.9871,456.393,459.6229,464.6703,469.5742,474.1491,478.5869,482.6973,486.6765,493.1949,499.638,505.5214,511.0311,511.2924,509.6645,505.9778,502.4831,501.4843

Time pixel : 31.9535,32.1602,32.5309,32.9805,33.3618,33.6271,33.8338,34.0298,34.2259,34.4219,34.6072,34.7554,34.8725,35.0099,35.1474,35.2645,35.4127,35.598,35.7834,35.9315,36.0379,36.1382,36.2446,36.3928,36.5674,36.7156,36.8327,36.9809,37.1662,37.3622,37.5582,37.7543,37.9503,38.1356,38.2838,38.4009,38.549,38.7344,38.9197,39.0686,39.1916,39.3457,39.5371,39.7392,39.9415,40.1439,40.3464,40.5491,40.752,40.9552,41.1692,41.4208,41.7037,41.9559,42.1712,42.3655,42.5228,42.6494,42.7965,42.9437,43.0705,43.2282,43.4229,43.6278,43.8215,43.9773,44.0905,44.1966,44.2969,44.4006,44.4984,44.5994,44.7055,44.8527,45.0364,45.2302,45.4128,45.5576,45.6708,45.8039,45.9366,46.0485,46.1805,46.3121,46.4124,46.4958,46.5479,46.5999,46.6829,46.772,46.8657,46.9549,47.0486,47.138,47.232,47.3215,47.4158,47.5056,47.5895,47.6424,47.7062,47.8277,47.96,48.0614,48.1568,48.2477,48.3433,48.4344,48.5302,48.6215,48.7175,48.8089,48.905,49.0072,49.1512,49.3324,49.5244,49.7057,49.8392

Position pixel : 12.5128,12.5128,12.5128,12.5128,12.5128,12.5128,12.5128,12.5128,12.5128,12.5128,12.5235,12.5713,12.6503,12.7088,12.7674,12.8463,12.8941,12.9048,12.8941,12.8463,12.7567,12.6503,12.5021,12.3274,12.1793,12.0729,11.9726,11.8662,11.7287,11.5912,11.4848,11.3845,11.2888,11.1885,11.0928,11.0032,10.9553,10.9446,10.9339,10.8894,10.836,10.8139,10.8294,10.856,10.8831,10.9107,10.9389,10.9786,11.0564,11.1663,11.2569,11.3487,11.4623,11.5568,11.6528,11.7811,11.9168,12.0475,12.1478,12.2592,12.4282,12.6073,12.7649,12.9411,13.1149,13.2545,13.3842,13.5049,13.6253,13.7358,13.845,13.9437,14.0426,14.1342,14.2169,14.2445,14.1845,14.0325,13.8197,13.5569,13.2611,12.9947,12.7639,12.5533,12.3787,12.2344,12.069,11.9031,11.768,11.639,11.5145,11.3857,11.2617,11.1336,10.9998,10.8249,10.624,10.4503,10.3082,10.1464,9.99597,9.9037,9.82271,9.71123,9.59417,9.47305,9.35694,9.23671,9.1214,9.0019,8.88724,8.76832,8.65419,8.53574,8.42203,8.31463,8.23845,8.16241,8.06615

Brightness max : 532.00
Brightness min : 212.00
Feature direction : Ambiguous
Feature speed : Slow
Feature type : Curve
Start frame : 1
End frame : 208
Start time (s) : 0.000
End time (s) : 1799.020
Time step (s) : 8.691

