KYMOANALYSIS DATA

General Information :

Tiff path : G:\My Drive\microtubule dynamics and cut7\21-15 screens and tests\cut11-7\19-06-12&20 (Cut7-3GFP and  mCh-mts, timeseries for modeling data)\
Spindle type : Monopolar
Start frame : 1
End frame : 361
Start time (s) : 0.000
End time (s) : 596.810
Time step (s) : 1.658
Num poles : 1
Num tracks : 1
Num tracks poleward : 0
Num tracks antipoleward : 0
Num tracks ambiguous : 1
Comments : {

}
Poles Information :


Pole number : 1

Time (s) : 3.522837,5.184694,6.846552,8.508409,10.17027,11.83212,13.49398,15.15584,16.8177,18.47955,20.14141,21.80327,23.46513,25.12698,26.78884,28.4507,30.11256,31.77441,33.43627,35.09813,36.75999,38.42184,40.0837,41.74556,43.40742,45.06927,46.73113,48.39299,50.05485,51.7167,53.37856,55.04042,56.70228,58.36413,60.02599,61.68785,63.34971,65.01156,66.67342,68.33528,69.99713,71.65899,73.32085,74.98271,76.64456,78.30642,79.96828,81.63014,83.29199,84.95385,86.61571,88.27757,89.93942,91.60128,93.26314,94.925,96.58685,98.24871,99.91057,101.5724,103.2343,104.8961,106.558,108.2199,109.8817,111.5436,113.2054,114.8673,116.5291,118.191,119.8529,121.5147,123.1766,124.8384,126.5003,128.1621,129.824,131.4859,133.1477,134.8096,136.4714,138.1333,139.7951,141.457,143.1189,144.7807,146.4426,148.1044,149.7663,151.4282,153.09,154.7519,156.4137,158.0756,159.7374,161.3993,163.0612,164.723,166.3849,168.0467,169.7086,171.3704,173.0323,174.6942,176.356,178.0179,179.6797,181.3416,183.0034,184.6653,186.3272,187.989,189.6509,191.3127,192.9746,194.6364,196.2983,197.9602,199.622,201.2839,202.9457,204.6076,206.2694,207.9313,209.5932,211.255,212.9169,214.5787,216.2406,217.9024,219.5643,221.2262,222.888,224.5499,226.2117,227.8736,229.5355,231.1973,232.8592,234.521,236.1829,237.8447,239.5066,241.1685,242.8303,244.4922,246.154,247.8159,249.4777,251.1396,252.8015,254.4633,256.1252,257.787,259.4489,261.1107,262.7726,264.4345,266.0963,267.7582,269.42,271.0819,272.7437,274.4056,276.0675,277.7293,279.3912,281.053,282.7149,284.3767,286.0386,287.7005,289.3623,291.0242,292.686,294.3479,296.0097,297.6716,299.3335,300.9953,302.6572,304.319,305.9809,307.6428,309.3046,310.9665,312.6283,314.2902,315.952,317.6139,319.2758,320.9376,322.5995,324.2613,325.9232,327.585,329.2469,330.9088,332.5706,334.2325,335.8943,337.5562,339.218,340.8799,342.5418,344.2036,345.8655,347.5273,349.1892,350.851,352.5129,354.1748,355.8366,357.4985,359.1603,360.8222,362.484,364.1459,365.8078,367.4696,369.1315,370.7933,372.4552,374.117,375.7789,377.4408,379.1026,380.7645,382.4263,384.0882,385.7501,387.4119,389.0738,390.7356,392.3975,394.0593,395.7212,397.3831,399.0449,400.7068,402.3686,404.0305,405.6923,407.3542,409.0161,410.6779,412.3398,414.0016,415.6635,417.3253,418.9872,420.6491,422.3109,423.9728,425.6346,427.2965,428.9583,430.6202,432.2821,433.9439,435.6058,437.2676,438.9295,440.5913,442.2532,443.9151,445.5769,447.2388,448.9006,450.5625,452.2243,453.8862,455.5481,457.2099,458.8718,460.5336,462.1955,463.8574,465.5192,467.1811,468.8429,470.5048,472.1666,473.8285,475.4904,477.1522,478.8141,480.4759,482.1378,483.7996,485.4615,487.1234,488.7852,490.4471,492.1089,493.7708,495.4326,497.0945,498.7564,500.4182,502.0801,503.7419,505.4038,507.0656,508.7275,510.3894,512.0512,513.7131,515.3749,517.0368,518.6986,520.3605,522.0224,523.6842,525.3461,527.0079,528.6698,530.3316,531.9935,533.6554,535.3172,536.9791,538.6409,540.3028,541.9647,543.6265,545.2884,546.9502,548.6121,550.2739,551.9358,553.5977,555.2595,556.9214,558.5832,560.2451,561.9069,563.5688,565.2307,566.8925,568.5544,570.2162,571.8781,573.5399,575.2018,576.8637,578.5255,580.1874,581.8492,583.5111,585.1729,586.8348,588.4967,590.1585,591.8204,593.4822,595.1441,596.8059,598.4678

Position (um) : 2.1607,2.1607,2.1608,2.1609,2.1609,2.161,2.1611,2.1611,2.1612,2.1612,2.1613,2.1614,2.1614,2.1615,2.1616,2.1616,2.1617,2.1617,2.1618,2.1619,2.1619,2.162,2.1621,2.1621,2.1622,2.1622,2.1623,2.1624,2.1624,2.1625,2.1626,2.1626,2.1627,2.1628,2.1628,2.1629,2.1629,2.163,2.1631,2.1631,2.1632,2.1633,2.1633,2.1634,2.1634,2.1635,2.1636,2.1636,2.1637,2.1638,2.1638,2.1639,2.1639,2.164,2.1641,2.1641,2.1642,2.1643,2.1643,2.1644,2.1645,2.1645,2.1646,2.1646,2.1647,2.1648,2.1648,2.1649,2.165,2.165,2.1651,2.1651,2.1652,2.1653,2.1653,2.1654,2.1655,2.1655,2.1656,2.1656,2.1657,2.1658,2.1658,2.1659,2.166,2.166,2.1661,2.1662,2.1662,2.1663,2.1663,2.1664,2.1665,2.1665,2.1666,2.1667,2.1667,2.1668,2.1668,2.1669,2.167,2.167,2.1671,2.1672,2.1672,2.1673,2.1673,2.1674,2.1675,2.1675,2.1676,2.1677,2.1677,2.1678,2.1679,2.1679,2.168,2.168,2.1681,2.1682,2.1682,2.1683,2.1684,2.1684,2.1685,2.1685,2.1686,2.1687,2.1687,2.1688,2.1689,2.1689,2.169,2.169,2.1691,2.1692,2.1692,2.1693,2.1694,2.1694,2.1695,2.1696,2.1696,2.1697,2.1697,2.1698,2.1699,2.1699,2.17,2.1701,2.1701,2.1702,2.1702,2.1703,2.1704,2.1704,2.1705,2.1706,2.1706,2.1707,2.1707,2.1708,2.1709,2.1709,2.171,2.1711,2.1711,2.1712,2.1713,2.1713,2.1714,2.1714,2.1715,2.1716,2.1716,2.1717,2.1718,2.1718,2.1719,2.1719,2.172,2.1721,2.1721,2.1722,2.1723,2.1723,2.1724,2.1724,2.1725,2.1726,2.1726,2.1727,2.1728,2.1728,2.1729,2.173,2.173,2.1731,2.1731,2.1732,2.1733,2.1733,2.1734,2.1735,2.1735,2.1736,2.1736,2.1737,2.1738,2.1738,2.1739,2.174,2.174,2.1741,2.1741,2.1742,2.1743,2.1743,2.1744,2.1745,2.1745,2.1746,2.1747,2.1747,2.1748,2.1748,2.1749,2.175,2.175,2.1751,2.1752,2.1752,2.1753,2.1753,2.1754,2.1755,2.1755,2.1756,2.1757,2.1757,2.1758,2.1758,2.1759,2.176,2.176,2.1761,2.1762,2.1762,2.1763,2.1764,2.1764,2.1765,2.1765,2.1766,2.1767,2.1767,2.1768,2.1769,2.1769,2.177,2.177,2.1771,2.1772,2.1772,2.1773,2.1774,2.1774,2.1775,2.1775,2.1776,2.1777,2.1777,2.1778,2.1779,2.1779,2.178,2.1781,2.1781,2.1782,2.1782,2.1783,2.1784,2.1784,2.1785,2.1786,2.1786,2.1787,2.1787,2.1788,2.1789,2.1789,2.179,2.1791,2.1791,2.1792,2.1792,2.1793,2.1794,2.1794,2.1795,2.1796,2.1796,2.1797,2.1798,2.1798,2.1799,2.1799,2.18,2.1801,2.1801,2.1802,2.1803,2.1803,2.1804,2.1804,2.1805,2.1806,2.1806,2.1807,2.1808,2.1808,2.1809,2.1809,2.181,2.1811,2.1811,2.1812,2.1813,2.1813,2.1814,2.1815,2.1815,2.1816,2.1816,2.1817,2.1818,2.1818,2.1819,2.182,2.182,2.1821,2.1821,2.1822,2.1823,2.1823,2.1824,2.1825,2.1825,2.1826,2.1826,2.1827,2.1828,2.1828,2.1829,2.183,2.183,2.1831,2.1832,2.1832

Intensity : 1753.8125,1752.3801,1716.4116,1715.1415,1700.2269,1743.6396,1726.122,1739.6343,1711.7387,1685.7588,1699.4491,1719.6758,1697.47,1680.5453,1667.0444,1669.8286,1682.6636,1664.9795,1709.1197,1702.4724,1745.5641,1758.1361,1751.3602,1713.1755,1687.2173,1697.2352,1761.1614,1783.0382,1772.4231,1724.5295,1715.2256,1689.6208,1655.2909,1637.3131,1647.8552,1645.0716,1612.3644,1602.6177,1595.7936,1596.2244,1607.9544,1598.6508,1578.2156,1522.3482,1517.5247,1507.0067,1495.8072,1464.4183,1445.7333,1446.4534,1480.6776,1550.2936,1564.8705,1553.508,1530.5517,1554.1228,1565.4345,1544.6159,1517.824,1487.3268,1466.6153,1437.7346,1411.233,1415.0782,1409.7972,1419.546,1395.0367,1396.0485,1423.2159,1444.3618,1475.9515,1485.1403,1467.8592,1425.3238,1360.7922,1336.587,1314.3802,1295.3168,1275.5665,1295.6871,1352.5242,1415.8035,1432.0615,1438.0718,1461.4295,1481.1461,1475.0027,1453.3431,1441.075,1436.7381,1423.2397,1438.6475,1430.4923,1405.4417,1376.6501,1380.016,1403.7827,1406.9773,1399.8408,1352.0659,1329.4786,1332.2985,1350.375,1347.7954,1337.9368,1339.6855,1343.0086,1330.4219,1312.223,1301.2892,1315.6024,1345.6152,1345.3385,1334.9326,1331.2672,1341.2247,1318.018,1298.5298,1277.0963,1276.7533,1281.8331,1297.6353,1329.6412,1358.1096,1338.515,1297.0007,1243.3283,1233.5502,1241.8101,1232.884,1229.2206,1229.4366,1233.6441,1255.1448,1303.6181,1345.0622,1357.9805,1343.5281,1356.8713,1378.4989,1399.8856,1395.1298,1367.1633,1324.0298,1308.6963,1323.2255,1335.3945,1336.4444,1318.3603,1279.553,1229.1299,1181.3288,1154.2812,1159.4532,1185.1411,1210.0531,1239.7752,1260.0764,1276.618,1253.8334,1230.5747,1221.1297,1227.5632,1233.3244,1210.5097,1178.8918,1145.0592,1134.1212,1146.3065,1153.5973,1134.8391,1097.7579,1082.7063,1115.3513,1134.3217,1115.1561,1100.5468,1123.6287,1185.3833,1217.7844,1217.403,1209.2724,1236.6303,1277.0592,1306.1033,1284.4488,1244.3413,1219.8965,1208.6214,1186.9411,1145.3834,1114.7953,1114.8608,1150.2256,1202.3517,1256.1854,1262.0541,1252.4215,1252.4479,1287.1488,1292.2756,1277.1729,1244.587,1198.5121,1160.1035,1129.012,1123.8536,1110.0761,1097.4343,1121.7381,1162.6128,1208.462,1240.9867,1253.7178,1255.9377,1245.1015,1244.4554,1258.1522,1279.3809,1275.3934,1253.3892,1242.9007,1267.066,1265.7494,1240.8605,1223.8144,1225.0202,1232.7621,1203.3233,1181.8694,1195.4771,1229.6741,1242.8105,1196.9645,1139.9001,1112.174,1109.0574,1117.628,1127.9097,1145.5053,1149.6909,1148.814,1131.939,1137.3477,1127.6328,1138.1504,1132.9842,1117.7953,1094.5519,1077.6385,1084.7792,1091.2876,1079.0403,1089.8857,1100.8724,1129.1197,1109.1377,1078.4606,1047.8117,1050.7251,1047.1122,1040.9385,1030.3813,1057.7325,1062.5464,1046.5411,1014.6624,1031.8048,1074.5429,1074.0634,1055.789,1038.9741,1061.0149,1080.1283,1083.2142,1078.5237,1051.4645,1049.0662,1022.7109,1034.214,1026.1899,1053.3044,1041.3916,1039.4577,1032.9477,1037.4765,1031.1031,1005.8306,1010.8905,1023.0619,1049.767,1050.1403,1031.2397,1007.4541,1004.3266,986.84415,969.82202,961.40865,966.07407,973.65205,976.59297,1008.9763,1015.3864,998.50119,975.74385,961.85073,947.14033,909.84543,890.37302,884.68985,885.94204,896.54807,909.15369,941.75581,990.95789,996.68588,996.82101,961.39006,974.46515,954.4788,968.21393,961.48267,994.38414,979.85096,994.49145,975.32368,977.48695,949.0552,950.08563,967.16848,983.85918,986.94637,1001.6341,1023.5793,1030.4544,994.59109,956.2287,934.88312,935.66857,924.54472,928.76731,907.30511,925.56702,912.04328,944.14209,961.39958,994.21546,1003.5796,983.92635,999.23008,1003.9341,1044.2148,1044.1943,1039.4756,1025.2902,1026.5831,1056.1929,1040.0625,1010.1623

Time pixel : 2.125,3.127444,4.129888,5.132332,6.134777,7.137221,8.139665,9.142109,10.14455,11.147,12.14944,13.15189,14.15433,15.15677,16.15922,17.16166,18.16411,19.16655,20.16899,21.17144,22.17388,23.17633,24.17877,25.18122,26.18366,27.1861,28.18855,29.19099,30.19344,31.19588,32.19832,33.20077,34.20321,35.20566,36.2081,37.21054,38.21299,39.21543,40.21788,41.22032,42.22277,43.22521,44.22765,45.2301,46.23254,47.23499,48.23743,49.23987,50.24232,51.24476,52.24721,53.24965,54.25209,55.25454,56.25698,57.25943,58.26187,59.26432,60.26676,61.2692,62.27165,63.27409,64.27654,65.27898,66.28142,67.28387,68.28631,69.28876,70.2912,71.29365,72.29609,73.29853,74.30098,75.30342,76.30587,77.30831,78.31075,79.3132,80.31564,81.31809,82.32053,83.32297,84.32542,85.32786,86.33031,87.33275,88.3352,89.33764,90.34008,91.34253,92.34497,93.34742,94.34986,95.3523,96.35475,97.35719,98.35964,99.36208,100.3645,101.367,102.3694,103.3719,104.3743,105.3767,106.3792,107.3816,108.3841,109.3865,110.389,111.3914,112.3939,113.3963,114.3987,115.4012,116.4036,117.4061,118.4085,119.411,120.4134,121.4159,122.4183,123.4207,124.4232,125.4256,126.4281,127.4305,128.433,129.4354,130.4378,131.4403,132.4427,133.4452,134.4476,135.4501,136.4525,137.455,138.4574,139.4598,140.4623,141.4647,142.4672,143.4696,144.4721,145.4745,146.477,147.4794,148.4818,149.4843,150.4867,151.4892,152.4916,153.4941,154.4965,155.499,156.5014,157.5038,158.5063,159.5087,160.5112,161.5136,162.5161,163.5185,164.5209,165.5234,166.5258,167.5283,168.5307,169.5332,170.5356,171.5381,172.5405,173.5429,174.5454,175.5478,176.5503,177.5527,178.5552,179.5576,180.5601,181.5625,182.5649,183.5674,184.5698,185.5723,186.5747,187.5772,188.5796,189.5821,190.5845,191.5869,192.5894,193.5918,194.5943,195.5967,196.5992,197.6016,198.6041,199.6065,200.6089,201.6114,202.6138,203.6163,204.6187,205.6212,206.6236,207.626,208.6285,209.6309,210.6334,211.6358,212.6383,213.6407,214.6432,215.6456,216.648,217.6505,218.6529,219.6554,220.6578,221.6603,222.6627,223.6652,224.6676,225.67,226.6725,227.6749,228.6774,229.6798,230.6823,231.6847,232.6872,233.6896,234.692,235.6945,236.6969,237.6994,238.7018,239.7043,240.7067,241.7091,242.7116,243.714,244.7165,245.7189,246.7214,247.7238,248.7263,249.7287,250.7311,251.7336,252.736,253.7385,254.7409,255.7434,256.7458,257.7483,258.7507,259.7531,260.7556,261.758,262.7605,263.7629,264.7654,265.7678,266.7703,267.7727,268.7751,269.7776,270.78,271.7825,272.7849,273.7874,274.7898,275.7922,276.7947,277.7971,278.7996,279.802,280.8045,281.8069,282.8094,283.8118,284.8142,285.8167,286.8191,287.8216,288.824,289.8265,290.8289,291.8314,292.8338,293.8362,294.8387,295.8411,296.8436,297.846,298.8485,299.8509,300.8534,301.8558,302.8582,303.8607,304.8631,305.8656,306.868,307.8705,308.8729,309.8753,310.8778,311.8802,312.8827,313.8851,314.8876,315.89,316.8925,317.8949,318.8973,319.8998,320.9022,321.9047,322.9071,323.9096,324.912,325.9145,326.9169,327.9193,328.9218,329.9242,330.9267,331.9291,332.9316,333.934,334.9365,335.9389,336.9413,337.9438,338.9462,339.9487,340.9511,341.9536,342.956,343.9584,344.9609,345.9633,346.9658,347.9682,348.9707,349.9731,350.9756,351.978,352.9804,353.9829,354.9853,355.9878,356.9902,357.9927,358.9951,359.9976,361

Position pixel : 20.25,20.2506,20.2512,20.2518,20.2524,20.253,20.2535,20.2541,20.2547,20.2553,20.2559,20.2565,20.2571,20.2577,20.2583,20.2589,20.2594,20.26,20.2606,20.2612,20.2618,20.2624,20.263,20.2636,20.2642,20.2648,20.2653,20.2659,20.2665,20.2671,20.2677,20.2683,20.2689,20.2695,20.2701,20.2707,20.2712,20.2718,20.2724,20.273,20.2736,20.2742,20.2748,20.2754,20.276,20.2766,20.2771,20.2777,20.2783,20.2789,20.2795,20.2801,20.2807,20.2813,20.2819,20.2825,20.283,20.2836,20.2842,20.2848,20.2854,20.286,20.2866,20.2872,20.2878,20.2884,20.2889,20.2895,20.2901,20.2907,20.2913,20.2919,20.2925,20.2931,20.2937,20.2943,20.2948,20.2954,20.296,20.2966,20.2972,20.2978,20.2984,20.299,20.2996,20.3002,20.3007,20.3013,20.3019,20.3025,20.3031,20.3037,20.3043,20.3049,20.3055,20.3061,20.3067,20.3072,20.3078,20.3084,20.309,20.3096,20.3102,20.3108,20.3114,20.312,20.3126,20.3131,20.3137,20.3143,20.3149,20.3155,20.3161,20.3167,20.3173,20.3179,20.3185,20.319,20.3196,20.3202,20.3208,20.3214,20.322,20.3226,20.3232,20.3238,20.3244,20.3249,20.3255,20.3261,20.3267,20.3273,20.3279,20.3285,20.3291,20.3297,20.3303,20.3308,20.3314,20.332,20.3326,20.3332,20.3338,20.3344,20.335,20.3356,20.3362,20.3367,20.3373,20.3379,20.3385,20.3391,20.3397,20.3403,20.3409,20.3415,20.3421,20.3426,20.3432,20.3438,20.3444,20.345,20.3456,20.3462,20.3468,20.3474,20.348,20.3485,20.3491,20.3497,20.3503,20.3509,20.3515,20.3521,20.3527,20.3533,20.3539,20.3544,20.355,20.3556,20.3562,20.3568,20.3574,20.358,20.3586,20.3592,20.3598,20.3603,20.3609,20.3615,20.3621,20.3627,20.3633,20.3639,20.3645,20.3651,20.3657,20.3663,20.3668,20.3674,20.368,20.3686,20.3692,20.3698,20.3704,20.371,20.3716,20.3722,20.3727,20.3733,20.3739,20.3745,20.3751,20.3757,20.3763,20.3769,20.3775,20.3781,20.3786,20.3792,20.3798,20.3804,20.381,20.3816,20.3822,20.3828,20.3834,20.384,20.3845,20.3851,20.3857,20.3863,20.3869,20.3875,20.3881,20.3887,20.3893,20.3899,20.3904,20.391,20.3916,20.3922,20.3928,20.3934,20.394,20.3946,20.3952,20.3958,20.3963,20.3969,20.3975,20.3981,20.3987,20.3993,20.3999,20.4005,20.4011,20.4017,20.4022,20.4028,20.4034,20.404,20.4046,20.4052,20.4058,20.4064,20.407,20.4076,20.4081,20.4087,20.4093,20.4099,20.4105,20.4111,20.4117,20.4123,20.4129,20.4135,20.414,20.4146,20.4152,20.4158,20.4164,20.417,20.4176,20.4182,20.4188,20.4194,20.42,20.4205,20.4211,20.4217,20.4223,20.4229,20.4235,20.4241,20.4247,20.4253,20.4259,20.4264,20.427,20.4276,20.4282,20.4288,20.4294,20.43,20.4306,20.4312,20.4318,20.4323,20.4329,20.4335,20.4341,20.4347,20.4353,20.4359,20.4365,20.4371,20.4377,20.4382,20.4388,20.4394,20.44,20.4406,20.4412,20.4418,20.4424,20.443,20.4436,20.4441,20.4447,20.4453,20.4459,20.4465,20.4471,20.4477,20.4483,20.4489,20.4495,20.45,20.4506,20.4512,20.4518,20.4524,20.453,20.4536,20.4542,20.4548,20.4554,20.4559,20.4565,20.4571,20.4577,20.4583,20.4589,20.4595,20.4601,20.4607,20.4613

Pole type : Line
Start frame : 1
End frame : 361
Start time (s) : 0.000
End time (s) : 596.810
Time step (s) : 1.658

Feature Information :


Feature number : 1

Time (s) : 387.2714,387.5201,387.8155,388.2267,388.7114,389.1226,389.4476,389.8291,390.2107,390.5357,390.9172,391.2987,391.6237,392.0349,392.5493,393.0934,393.6374,394.1814,394.6958,395.107,395.432,395.8135,396.1951,396.5201,396.9313,397.4457,397.9897,398.5337,399.0778,399.6515,400.3283,401.1211,401.9308,402.7235,403.4004,403.9741,404.5182,405.0622,405.6062,406.1503,406.6943,407.2383,407.7527,408.1639,408.4889,408.9001,409.4145,409.9585,410.5026,411.0466,411.5907,412.1347,412.6787,413.2228,413.7372,414.1483,414.4733,414.8845,415.3989,415.943,416.487,417.031,417.5751,418.1191,418.6335,419.0447,419.3697,419.7809,420.2656,420.6768,420.9722,421.2505,421.5458,421.9274,422.3089,422.6043,422.8826,423.178,423.5595,423.941,424.266,424.6476,425.0291,425.3541,425.7653,426.25,426.6612,426.9566,427.2349,427.5303,427.9414,428.4262,428.8374,429.1624,429.5736,430.088,430.632,431.176,431.6904,432.072,432.2345,432.2641,432.2641,432.2641,432.2641,432.2641,432.2641,432.2641,432.2641,432.2641,432.2641,432.2641,432.2641,432.2938,432.4563,432.8378,433.3522,433.8962,434.4403,434.9843,435.5283,436.0724,436.5868,436.998,437.323,437.7341,438.2485,438.7629,439.1741,439.4695,439.7478,440.0431,440.4543,440.9687,441.5128,442.0568,442.5712,442.9824,443.3074,443.6889,444.0705,444.3658,444.6441,444.9098,445.1882,445.4539,445.7322,445.9979,446.2762,446.542,446.8203,447.1156,447.4972,447.8787,448.1741,448.4524,448.7181,448.9964,449.2622,449.5405,449.8062,450.0845,450.3502,450.6286,450.8943,451.1726,451.4383,451.7166,451.9823,452.2607,452.5264,452.8047,453.0704,453.3487,453.6441,454.0256,454.4072,454.7322,455.1434,455.6578,456.2018,456.7458,457.2899,457.8043,458.2154,458.5404,458.922,459.3035,459.6285,460.0101,460.3916,460.7166,461.0981,461.4797,461.775,462.0534,462.3191,462.5974,462.8631,463.1414,463.4368,463.8183,464.1999,464.4952,464.7736,465.0393,465.3176,465.5833,465.8616,466.1273,466.4057,466.6714,466.9497,467.2451,467.6562,468.141,468.5225

Position (um) : 1.6561,1.6475,1.6315,1.6144,1.5965,1.5794,1.5634,1.5529,1.5425,1.5284,1.5179,1.5075,1.4915,1.4744,1.4583,1.4479,1.4374,1.4233,1.4129,1.4024,1.3883,1.3779,1.3674,1.3514,1.3343,1.3164,1.2993,1.2814,1.2643,1.2463,1.2273,1.2009,1.1697,1.1432,1.1242,1.1082,1.0996,1.0977,1.0996,1.1082,1.1242,1.1413,1.1592,1.1763,1.1923,1.2009,1.2028,1.2028,1.2028,1.2028,1.2028,1.2028,1.2028,1.2028,1.2047,1.2132,1.2273,1.2359,1.2378,1.2378,1.2378,1.2359,1.2254,1.2028,1.1782,1.1592,1.1413,1.1242,1.1063,1.0892,1.0713,1.0542,1.0382,1.0277,1.0172,1.0012,0.98414,0.96813,0.95767,0.94722,0.93312,0.92266,0.9122,0.8981,0.88955,0.88573,0.87718,0.86118,0.84408,0.82807,0.81952,0.8157,0.80715,0.79306,0.7845,0.7826,0.7826,0.7826,0.7845,0.79496,0.81952,0.85263,0.88764,0.92266,0.95767,0.99269,1.0277,1.0627,1.0977,1.1328,1.1678,1.2028,1.2378,1.2709,1.2955,1.3059,1.3078,1.3078,1.3078,1.3078,1.3097,1.3183,1.3343,1.3514,1.3693,1.3883,1.4129,1.4374,1.4564,1.4744,1.4915,1.5075,1.516,1.5179,1.5179,1.5179,1.516,1.5075,1.4934,1.4829,1.4724,1.4564,1.4393,1.4214,1.4043,1.3864,1.3693,1.3514,1.3324,1.3059,1.2747,1.2483,1.2273,1.2028,1.1782,1.1592,1.1413,1.1242,1.1063,1.0892,1.0713,1.0542,1.0363,1.0192,1.0012,0.98414,0.96622,0.94912,0.93121,0.91411,0.89619,0.87909,0.86118,0.84408,0.82807,0.81761,0.80715,0.79306,0.7845,0.7826,0.7826,0.7826,0.7826,0.7845,0.79306,0.80715,0.81761,0.82807,0.84217,0.85263,0.86499,0.88764,0.9122,0.93121,0.94912,0.96622,0.98414,1.0012,1.0192,1.0382,1.0627,1.0873,1.1063,1.1242,1.1413,1.1592,1.1782,1.2047,1.2359,1.2624,1.2814,1.2993,1.3183,1.3428,1.3655,1.376,1.3779

Intensity : 314.8973,310.9434,303.0129,292.9208,282.8067,278.13,274.0524,272.9521,273.0141,272.1726,272.4241,272.249,268.6125,265.6914,262.6647,261.0474,261.0517,260.7149,260.3754,259.3404,258.1022,257.4384,256.8877,256.1159,255.6672,255.7403,255.8962,254.4156,252.6402,250.5809,247.6202,244.4802,243.5317,243.0531,244.694,246.2452,247.6775,250.2671,252.9282,255.7138,254.4678,253.1475,251.9319,251.6343,251.5423,251.2065,250.6217,248.5421,246.2746,244.007,242.887,241.9919,241.0969,239.9429,238.9217,238.6281,239.0547,240.251,241.062,241.7833,243.0521,244.4626,245.3898,244.8286,244.2112,244.3123,244.5996,244.9657,245.3826,245.7184,245.9068,245.7283,245.3931,245.2171,244.9959,244.5033,243.9794,243.5576,243.3713,243.0561,242.4323,242.2017,242.3245,242.5191,243.3023,244.0818,244.2844,244.5046,244.3799,243.9587,243.5794,243.1778,242.7884,242.4701,242.2306,241.9025,241.5743,241.0101,239.8753,238.9973,238.5105,238.2807,237.6381,236.9818,236.3254,236.6509,237.0559,237.461,238.2276,239.0446,239.8616,241.8384,244.0518,246.1609,248.1311,249.2869,249.9209,250.4178,250.7703,250.4421,250.3106,250.6543,250.4427,250.7176,251.3881,252.0254,254.0612,255.6684,256.5796,257.689,258.9702,262.5938,264.7068,264.9179,264.693,264.4704,263.6858,262.3851,259.3853,259.4348,259.3037,258.2698,257.8981,257.4316,257.2753,257.0532,257.6928,258.0705,258.5188,257.7489,256.1832,255.0552,254.5045,252.7083,250.6154,249.6313,248.7798,247.9991,247.04,244.8861,242.7617,241.17,239.6742,238.2164,236.7207,236.065,235.58,235.6505,235.912,236.2778,236.647,236.6128,236.4373,236.2847,236.1628,236.1969,236.4211,236.7982,237.503,238.5203,239.0609,239.1695,239.2781,239.9068,240.8487,241.6628,242.7897,243.7763,244.0633,244.459,244.8634,245.4866,246.4008,247.5248,248.7456,250.0775,251.3902,252.4053,252.7528,253.4188,254.7296,255.5497,256.4737,257.258,258.1717,259.2772,260.4371,261.2216,262.128,262.1189,261.9945,261.7669,261.59,261.5435,260.5092,257.4246,254.8897

Time pixel : 233.6049,233.7549,233.933,234.1811,234.4735,234.7215,234.9175,235.1477,235.3778,235.5739,235.804,236.0342,236.2302,236.4782,236.7885,237.1167,237.4448,237.773,238.0833,238.3313,238.5274,238.7575,238.9877,239.1837,239.4317,239.742,240.0702,240.3984,240.7265,241.0726,241.4809,241.9591,242.4475,242.9257,243.334,243.68,244.0082,244.3364,244.6645,244.9927,245.3209,245.649,245.9593,246.2074,246.4034,246.6514,246.9617,247.2899,247.618,247.9462,248.2744,248.6026,248.9307,249.2589,249.5692,249.8172,250.0132,250.2613,250.5716,250.8997,251.2279,251.5561,251.8842,252.2124,252.5227,252.7707,252.9668,253.2148,253.5072,253.7552,253.9334,254.1013,254.2794,254.5096,254.7397,254.9179,255.0858,255.2639,255.4941,255.7242,255.9203,256.1504,256.3806,256.5766,256.8246,257.117,257.3651,257.5432,257.7111,257.8893,258.1373,258.4297,258.6777,258.8738,259.1218,259.4321,259.7603,260.0884,260.3987,260.6289,260.7269,260.7448,260.7448,260.7448,260.7448,260.7448,260.7448,260.7448,260.7448,260.7448,260.7448,260.7448,260.7448,260.7626,260.8607,261.0908,261.4011,261.7293,262.0574,262.3856,262.7138,263.0419,263.3522,263.6002,263.7963,264.0443,264.3546,264.6649,264.9129,265.0911,265.259,265.4371,265.6852,265.9954,266.3236,266.6518,266.9621,267.2101,267.4061,267.6363,267.8664,268.0446,268.2125,268.3728,268.5406,268.7009,268.8688,269.0291,269.197,269.3573,269.5251,269.7033,269.9335,270.1636,270.3418,270.5097,270.6699,270.8378,270.9981,271.166,271.3263,271.4942,271.6544,271.8223,271.9826,272.1505,272.3108,272.4787,272.6389,272.8068,272.9671,273.135,273.2953,273.4632,273.6413,273.8715,274.1016,274.2977,274.5457,274.856,275.1841,275.5123,275.8405,276.1508,276.3988,276.5948,276.825,277.0551,277.2512,277.4813,277.7115,277.9075,278.1376,278.3678,278.546,278.7138,278.8741,279.042,279.2023,279.3702,279.5483,279.7785,280.0086,280.1868,280.3547,280.515,280.6829,280.8431,281.011,281.1713,281.3392,281.4995,281.6674,281.8455,282.0935,282.3859,282.6161

Position pixel : 15.5209,15.4407,15.2907,15.1304,14.9625,14.8023,14.6523,14.5542,14.4562,14.3241,14.2261,14.1281,13.978,13.8178,13.6678,13.5697,13.4717,13.3396,13.2416,13.1435,13.0114,12.9134,12.8154,12.6654,12.5051,12.3372,12.1769,12.009,11.8488,11.6809,11.5027,11.2547,10.9623,10.7142,10.5361,10.3861,10.3059,10.2881,10.3059,10.3861,10.5361,10.6964,10.8643,11.0245,11.1745,11.2547,11.2726,11.2726,11.2726,11.2726,11.2726,11.2726,11.2726,11.2726,11.2904,11.3706,11.5027,11.5828,11.6007,11.6007,11.6007,11.5828,11.4848,11.2726,11.0424,10.8643,10.6964,10.5361,10.3682,10.2079,10.04,9.87975,9.72974,9.63172,9.5337,9.38369,9.22342,9.07341,8.97539,8.87737,8.74524,8.64722,8.5492,8.41707,8.33693,8.30117,8.22103,8.07102,7.91075,7.76074,7.6806,7.64484,7.5647,7.43257,7.35243,7.33455,7.33455,7.33455,7.35243,7.45045,7.6806,7.99088,8.31905,8.64722,8.97539,9.30356,9.63172,9.95989,10.2881,10.6162,10.9444,11.2726,11.6007,11.911,12.1412,12.2392,12.2571,12.2571,12.2571,12.2571,12.2749,12.3551,12.5051,12.6654,12.8333,13.0114,13.2416,13.4717,13.6499,13.8178,13.978,14.1281,14.2082,14.2261,14.2261,14.2261,14.2082,14.1281,13.9959,13.8979,13.7999,13.6499,13.4896,13.3217,13.1614,12.9935,12.8333,12.6654,12.4872,12.2392,11.9468,11.6987,11.5027,11.2726,11.0424,10.8643,10.6964,10.5361,10.3682,10.2079,10.04,9.87975,9.71186,9.55158,9.38369,9.22342,9.05553,8.89525,8.72736,8.56708,8.39919,8.23891,8.07102,7.91075,7.76074,7.66272,7.5647,7.43257,7.35243,7.33455,7.33455,7.33455,7.33455,7.35243,7.43257,7.5647,7.66272,7.76074,7.89286,7.99088,8.10679,8.31905,8.5492,8.72736,8.89525,9.05553,9.22342,9.38369,9.55158,9.72974,9.95989,10.19,10.3682,10.5361,10.6964,10.8643,11.0424,11.2904,11.5828,11.8309,12.009,12.1769,12.3551,12.5852,12.7975,12.8955,12.9134

Brightness max : 350.10
Brightness min : 210.00
Feature direction : Ambiguous
Feature speed : Slow
Feature type : Curve
Start frame : 1
End frame : 361
Start time (s) : 0.000
End time (s) : 596.810
Time step (s) : 1.658

