KYMOANALYSIS DATA

General Information :

Tiff path : G:\My Drive\microtubule dynamics and cut7\21-15 screens and tests\cut11-7\19-06-12&20 (Cut7-3GFP and  mCh-mts, timeseries for modeling data)\
Spindle type : Monopolar
Start frame : 1
End frame : 329
Start time (s) : 0.000
End time (s) : 600.140
Time step (s) : 1.830
Num poles : 1
Num tracks : 1
Num tracks poleward : 0
Num tracks antipoleward : 0
Num tracks ambiguous : 1
Comments : {

}
Poles Information :


Pole number : 1

Time (s) : 2.650306,4.483087,6.315868,8.148649,9.98143,11.81421,13.64699,15.47977,17.31255,19.14533,20.97812,22.8109,24.64368,26.47646,28.30924,30.14202,31.9748,33.80758,35.64036,37.47315,39.30593,41.13871,42.97149,44.80427,46.63705,48.46983,50.30261,52.13539,53.96817,55.80096,57.63374,59.46652,61.2993,63.13208,64.96486,66.79764,68.63042,70.4632,72.29598,74.12877,75.96155,77.79433,79.62711,81.45989,83.29267,85.12545,86.95823,88.79101,90.62379,92.45658,94.28936,96.12214,97.95492,99.7877,101.6205,103.4533,105.286,107.1188,108.9516,110.7844,112.6172,114.4499,116.2827,118.1155,119.9483,121.7811,123.6139,125.4466,127.2794,129.1122,130.945,132.7778,134.6105,136.4433,138.2761,140.1089,141.9417,143.7744,145.6072,147.44,149.2728,151.1056,152.9383,154.7711,156.6039,158.4367,160.2695,162.1023,163.935,165.7678,167.6006,169.4334,171.2662,173.0989,174.9317,176.7645,178.5973,180.4301,182.2628,184.0956,185.9284,187.7612,189.594,191.4267,193.2595,195.0923,196.9251,198.7579,200.5907,202.4234,204.2562,206.089,207.9218,209.7546,211.5873,213.4201,215.2529,217.0857,218.9185,220.7512,222.584,224.4168,226.2496,228.0824,229.9152,231.7479,233.5807,235.4135,237.2463,239.0791,240.9118,242.7446,244.5774,246.4102,248.243,250.0757,251.9085,253.7413,255.5741,257.4069,259.2396,261.0724,262.9052,264.738,266.5708,268.4036,270.2363,272.0691,273.9019,275.7347,277.5675,279.4002,281.233,283.0658,284.8986,286.7314,288.5641,290.3969,292.2297,294.0625,295.8953,297.728,299.5608,301.3936,303.2264,305.0592,306.892,308.7247,310.5575,312.3903,314.2231,316.0559,317.8886,319.7214,321.5542,323.387,325.2198,327.0525,328.8853,330.7181,332.5509,334.3837,336.2164,338.0492,339.882,341.7148,343.5476,345.3804,347.2131,349.0459,350.8787,352.7115,354.5443,356.377,358.2098,360.0426,361.8754,363.7082,365.5409,367.3737,369.2065,371.0393,372.8721,374.7049,376.5376,378.3704,380.2032,382.036,383.8688,385.7015,387.5343,389.3671,391.1999,393.0327,394.8654,396.6982,398.531,400.3638,402.1966,404.0293,405.8621,407.6949,409.5277,411.3605,413.1933,415.026,416.8588,418.6916,420.5244,422.3572,424.1899,426.0227,427.8555,429.6883,431.5211,433.3538,435.1866,437.0194,438.8522,440.685,442.5177,444.3505,446.1833,448.0161,449.8489,451.6817,453.5144,455.3472,457.18,459.0128,460.8456,462.6783,464.5111,466.3439,468.1767,470.0095,471.8422,473.675,475.5078,477.3406,479.1734,481.0061,482.8389,484.6717,486.5045,488.3373,490.1701,492.0028,493.8356,495.6684,497.5012,499.334,501.1667,502.9995,504.8323,506.6651,508.4979,510.3306,512.1634,513.9962,515.829,517.6618,519.4945,521.3273,523.1601,524.9929,526.8257,528.6585,530.4912,532.324,534.1568,535.9896,537.8224,539.6551,541.4879,543.3207,545.1535,546.9863,548.819,550.6518,552.4846,554.3174,556.1502,557.983,559.8157,561.6485,563.4813,565.3141,567.1469,568.9796,570.8124,572.6452,574.478,576.3108,578.1435,579.9763,581.8091,583.6419,585.4747,587.3074,589.1402,590.973,592.8058,594.6386,596.4714,598.3041,600.1369,601.9697

Position (um) : 1.8089,1.809,1.8091,1.8092,1.8093,1.8094,1.8095,1.8096,1.8097,1.8098,1.8099,1.81,1.8101,1.8102,1.8103,1.8104,1.8105,1.8106,1.8107,1.8108,1.8109,1.811,1.8111,1.8112,1.8113,1.8114,1.8115,1.8116,1.8117,1.8118,1.8119,1.812,1.8121,1.8122,1.8123,1.8124,1.8125,1.8125,1.8126,1.8127,1.8128,1.8129,1.813,1.8131,1.8132,1.8133,1.8134,1.8135,1.8136,1.8137,1.8138,1.8139,1.814,1.8141,1.8142,1.8143,1.8144,1.8145,1.8146,1.8147,1.8148,1.8149,1.815,1.8151,1.8152,1.8153,1.8154,1.8155,1.8156,1.8157,1.8158,1.8159,1.816,1.8161,1.8162,1.8163,1.8164,1.8165,1.8165,1.8166,1.8167,1.8168,1.8169,1.817,1.8171,1.8172,1.8173,1.8174,1.8175,1.8176,1.8177,1.8178,1.8179,1.818,1.8181,1.8182,1.8183,1.8184,1.8185,1.8186,1.8187,1.8188,1.8189,1.819,1.8191,1.8192,1.8193,1.8194,1.8195,1.8196,1.8197,1.8198,1.8199,1.82,1.8201,1.8202,1.8203,1.8204,1.8205,1.8205,1.8206,1.8207,1.8208,1.8209,1.821,1.8211,1.8212,1.8213,1.8214,1.8215,1.8216,1.8217,1.8218,1.8219,1.822,1.8221,1.8222,1.8223,1.8224,1.8225,1.8226,1.8227,1.8228,1.8229,1.823,1.8231,1.8232,1.8233,1.8234,1.8235,1.8236,1.8237,1.8238,1.8239,1.824,1.8241,1.8242,1.8243,1.8244,1.8245,1.8245,1.8246,1.8247,1.8248,1.8249,1.825,1.8251,1.8252,1.8253,1.8254,1.8255,1.8256,1.8257,1.8258,1.8259,1.826,1.8261,1.8262,1.8263,1.8264,1.8265,1.8266,1.8267,1.8268,1.8269,1.827,1.8271,1.8272,1.8273,1.8274,1.8275,1.8276,1.8277,1.8278,1.8279,1.828,1.8281,1.8282,1.8283,1.8284,1.8285,1.8285,1.8286,1.8287,1.8288,1.8289,1.829,1.8291,1.8292,1.8293,1.8294,1.8295,1.8296,1.8297,1.8298,1.8299,1.83,1.8301,1.8302,1.8303,1.8304,1.8305,1.8306,1.8307,1.8308,1.8309,1.831,1.8311,1.8312,1.8313,1.8314,1.8315,1.8316,1.8317,1.8318,1.8319,1.832,1.8321,1.8322,1.8323,1.8324,1.8325,1.8325,1.8326,1.8327,1.8328,1.8329,1.833,1.8331,1.8332,1.8333,1.8334,1.8335,1.8336,1.8337,1.8338,1.8339,1.834,1.8341,1.8342,1.8343,1.8344,1.8345,1.8346,1.8347,1.8348,1.8349,1.835,1.8351,1.8352,1.8353,1.8354,1.8355,1.8356,1.8357,1.8358,1.8359,1.836,1.8361,1.8362,1.8363,1.8364,1.8365,1.8365,1.8366,1.8367,1.8368,1.8369,1.837,1.8371,1.8372,1.8373,1.8374,1.8375,1.8376,1.8377,1.8378,1.8379,1.838,1.8381,1.8382,1.8383,1.8384,1.8385,1.8386,1.8387,1.8388,1.8389,1.839,1.8391,1.8392,1.8393,1.8394,1.8395,1.8396,1.8397,1.8398,1.8399,1.84,1.8401,1.8402,1.8403,1.8404,1.8405,1.8405,1.8406,1.8407,1.8408

Intensity : 2087.2847,2129.8533,2150.4649,2156.1493,2161.5617,2150.4493,2156.7514,2197.7828,2267.7581,2319.5087,2355.4818,2355.1997,2346.998,2378.0337,2399.3737,2399.386,2372.2949,2375.6849,2404.0605,2386.2629,2366.3828,2361.5508,2388.3005,2433.8298,2485.622,2554.6935,2586.3923,2568.9798,2565.9162,2602.5639,2645.2471,2643.2852,2608.3415,2573.6554,2536.386,2528.2789,2577.2257,2630.2627,2639.2518,2634.554,2650.8752,2702.7478,2744.5984,2758.8901,2775.4721,2775.9653,2766.2064,2737.6239,2717.1426,2709.4811,2662.797,2603.3931,2584.0009,2626.6093,2672.399,2677.7109,2619.5568,2494.8657,2420.4363,2447.5574,2560.5463,2651.3045,2614.0462,2509.3171,2394.4516,2365.4933,2394.9408,2416.6045,2429.0063,2454.7162,2462.0037,2449.3521,2453.0565,2559.4655,2719.2635,2792.4218,2777.9173,2750.0735,2769.4027,2789.7956,2817.1756,2886.5605,2977.477,3043.9047,3061.8454,3074.4551,3081.9405,3050.2972,2995.6097,2889.7254,2767.1089,2652.2254,2608.0699,2648.2046,2679.9213,2706.9903,2694.6598,2643.0936,2541.9505,2518.2133,2591.8891,2647.2521,2656.1279,2613.6024,2651.2403,2652.1963,2680.1218,2659.4162,2665.4272,2637.8289,2666.784,2695.81,2686.5271,2642.1093,2628.8314,2689.6402,2710.4347,2698.358,2671.3737,2673.4638,2703.9813,2727.1595,2752.6763,2696.4962,2609.6301,2489.4427,2410.1042,2353.4843,2354.6316,2374.6538,2396.9202,2396.5392,2385.9177,2401.7985,2474.4081,2554.9562,2593.2541,2598.9397,2587.3931,2563.1239,2504.3321,2475.8635,2455.5315,2468.6018,2408.2708,2375.5543,2307.356,2287.5596,2246.4947,2231.881,2237.002,2261.772,2292.2177,2295.8755,2308.3254,2303.4407,2297.8233,2266.5056,2207.8718,2203.8985,2239.9832,2289.3817,2282.4128,2249.9813,2185.8708,2137.7629,2112.2346,2156.6927,2183.8752,2224.3852,2173.2373,2145.4089,2110.1458,2127.9996,2153.1029,2147.1532,2154.2768,2190.5949,2251.7172,2294.7744,2217.7617,2109.5645,1999.5743,1974.3422,1954.9428,1954.6698,1986.8177,1984.5223,1984.0928,1971.7888,2030.164,2114.9272,2168.8684,2222.5267,2198.7798,2187.5451,2174.5405,2159.8534,2143.8587,2102.0454,2109.562,2072.5155,2021.7044,1973.2359,1987.3722,2008.2866,2004.9308,1945.0113,1923.4472,1889.8683,1889.5034,1870.5143,1896.7755,1903.859,1864.1244,1838.8463,1816.197,1832.7249,1807.2534,1810.9606,1853.0222,1870.359,1872.0383,1842.3865,1880.1877,1903.4231,1972.5558,2053.8305,2146.4141,2190.1886,2186.2428,2167.6847,2114.5014,2070.6309,2074.4422,2079.6077,2074.8589,2108.2897,2110.104,2119.8844,2059.9469,2051.3787,1982.1314,1906.5709,1851.5575,1891.6634,1909.3659,1940.454,1930.3487,1979.8632,1947.9698,1918.72,1851.0554,1831.2603,1885.1744,1946.6794,1999.5944,2001.9066,2037.2493,2071.852,2037.2653,2048.7279,1988.417,2076.308,2062.9779,2055.935,1993.9106,1964.8207,2063.2566,2130.0386,2151.3036,2145.5413,2114.5119,2099.2938,2048.9758,1966.3391,1924.005,1876.7431,1878.158,1927.6019,1995.5932,2001.4926,1956.4812,1916.546,1939.062,1973.1407,1979.4616,1965.1896,1902.075,1939.8099,1993.6421,2006.4502,1963.9989,1923.9191,1953.8591,1944.8276,1935.0318,1910.6803,1954.2745,1993.3143,2016.5344,1979.1888,1926.5433,1893.1099,1838.9522,1811.5946,1820.9536,1852.4782,1837.6629,1800.5663,1743.8828,1729.4281,1688.3978,1699.4201,1758.6734,1818.0844,1817.9284,1725.0332,1650.6313,1598.5559,1615.5474,1645.0804,1701.5706,1680.2987,1736.2495,1740.1431,1834.3407,1835.629

Time pixel : 1.448496,2.450182,3.451869,4.453556,5.455242,6.456929,7.458615,8.460302,9.461988,10.46367,11.46536,12.46705,13.46873,14.47042,15.47211,16.47379,17.47548,18.47717,19.47885,20.48054,21.48223,22.48391,23.4856,24.48729,25.48897,26.49066,27.49235,28.49403,29.49572,30.49741,31.49909,32.50078,33.50247,34.50415,35.50584,36.50753,37.50921,38.5109,39.51259,40.51427,41.51596,42.51764,43.51933,44.52102,45.5227,46.52439,47.52608,48.52776,49.52945,50.53114,51.53282,52.53451,53.5362,54.53788,55.53957,56.54126,57.54294,58.54463,59.54632,60.548,61.54969,62.55138,63.55306,64.55475,65.55644,66.55812,67.55981,68.5615,69.56318,70.56487,71.56655,72.56824,73.56993,74.57161,75.5733,76.57499,77.57667,78.57836,79.58005,80.58173,81.58342,82.58511,83.58679,84.58848,85.59017,86.59185,87.59354,88.59523,89.59691,90.5986,91.60029,92.60197,93.60366,94.60535,95.60703,96.60872,97.61041,98.61209,99.61378,100.6155,101.6172,102.6188,103.6205,104.6222,105.6239,106.6256,107.6273,108.629,109.6306,110.6323,111.634,112.6357,113.6374,114.6391,115.6408,116.6424,117.6441,118.6458,119.6475,120.6492,121.6509,122.6526,123.6543,124.6559,125.6576,126.6593,127.661,128.6627,129.6644,130.6661,131.6677,132.6694,133.6711,134.6728,135.6745,136.6762,137.6779,138.6796,139.6812,140.6829,141.6846,142.6863,143.688,144.6897,145.6914,146.693,147.6947,148.6964,149.6981,150.6998,151.7015,152.7032,153.7049,154.7065,155.7082,156.7099,157.7116,158.7133,159.715,160.7167,161.7183,162.72,163.7217,164.7234,165.7251,166.7268,167.7285,168.7302,169.7318,170.7335,171.7352,172.7369,173.7386,174.7403,175.742,176.7436,177.7453,178.747,179.7487,180.7504,181.7521,182.7538,183.7554,184.7571,185.7588,186.7605,187.7622,188.7639,189.7656,190.7673,191.7689,192.7706,193.7723,194.774,195.7757,196.7774,197.7791,198.7807,199.7824,200.7841,201.7858,202.7875,203.7892,204.7909,205.7926,206.7942,207.7959,208.7976,209.7993,210.801,211.8027,212.8044,213.806,214.8077,215.8094,216.8111,217.8128,218.8145,219.8162,220.8179,221.8195,222.8212,223.8229,224.8246,225.8263,226.828,227.8297,228.8313,229.833,230.8347,231.8364,232.8381,233.8398,234.8415,235.8432,236.8448,237.8465,238.8482,239.8499,240.8516,241.8533,242.855,243.8566,244.8583,245.86,246.8617,247.8634,248.8651,249.8668,250.8684,251.8701,252.8718,253.8735,254.8752,255.8769,256.8786,257.8803,258.8819,259.8836,260.8853,261.887,262.8887,263.8904,264.8921,265.8937,266.8954,267.8971,268.8988,269.9005,270.9022,271.9039,272.9056,273.9072,274.9089,275.9106,276.9123,277.914,278.9157,279.9174,280.919,281.9207,282.9224,283.9241,284.9258,285.9275,286.9292,287.9309,288.9325,289.9342,290.9359,291.9376,292.9393,293.941,294.9427,295.9443,296.946,297.9477,298.9494,299.9511,300.9528,301.9545,302.9561,303.9578,304.9595,305.9612,306.9629,307.9646,308.9663,309.968,310.9696,311.9713,312.973,313.9747,314.9764,315.9781,316.9798,317.9814,318.9831,319.9848,320.9865,321.9882,322.9899,323.9916,324.9933,325.9949,326.9966,327.9983,329

Position pixel : 16.9535,16.9544,16.9553,16.9563,16.9572,16.9581,16.959,16.9599,16.9608,16.9617,16.9627,16.9636,16.9645,16.9654,16.9663,16.9672,16.9681,16.9691,16.97,16.9709,16.9718,16.9727,16.9736,16.9745,16.9755,16.9764,16.9773,16.9782,16.9791,16.98,16.9809,16.9819,16.9828,16.9837,16.9846,16.9855,16.9864,16.9873,16.9883,16.9892,16.9901,16.991,16.9919,16.9928,16.9937,16.9947,16.9956,16.9965,16.9974,16.9983,16.9992,17.0001,17.0011,17.002,17.0029,17.0038,17.0047,17.0056,17.0065,17.0075,17.0084,17.0093,17.0102,17.0111,17.012,17.0129,17.0139,17.0148,17.0157,17.0166,17.0175,17.0184,17.0193,17.0203,17.0212,17.0221,17.023,17.0239,17.0248,17.0257,17.0267,17.0276,17.0285,17.0294,17.0303,17.0312,17.0321,17.0331,17.034,17.0349,17.0358,17.0367,17.0376,17.0385,17.0395,17.0404,17.0413,17.0422,17.0431,17.044,17.0449,17.0459,17.0468,17.0477,17.0486,17.0495,17.0504,17.0513,17.0523,17.0532,17.0541,17.055,17.0559,17.0568,17.0577,17.0587,17.0596,17.0605,17.0614,17.0623,17.0632,17.0641,17.0651,17.066,17.0669,17.0678,17.0687,17.0696,17.0705,17.0715,17.0724,17.0733,17.0742,17.0751,17.076,17.0769,17.0779,17.0788,17.0797,17.0806,17.0815,17.0824,17.0833,17.0843,17.0852,17.0861,17.087,17.0879,17.0888,17.0897,17.0907,17.0916,17.0925,17.0934,17.0943,17.0952,17.0962,17.0971,17.098,17.0989,17.0998,17.1007,17.1016,17.1026,17.1035,17.1044,17.1053,17.1062,17.1071,17.108,17.109,17.1099,17.1108,17.1117,17.1126,17.1135,17.1144,17.1154,17.1163,17.1172,17.1181,17.119,17.1199,17.1208,17.1218,17.1227,17.1236,17.1245,17.1254,17.1263,17.1272,17.1282,17.1291,17.13,17.1309,17.1318,17.1327,17.1336,17.1346,17.1355,17.1364,17.1373,17.1382,17.1391,17.14,17.141,17.1419,17.1428,17.1437,17.1446,17.1455,17.1464,17.1474,17.1483,17.1492,17.1501,17.151,17.1519,17.1528,17.1538,17.1547,17.1556,17.1565,17.1574,17.1583,17.1592,17.1602,17.1611,17.162,17.1629,17.1638,17.1647,17.1656,17.1666,17.1675,17.1684,17.1693,17.1702,17.1711,17.172,17.173,17.1739,17.1748,17.1757,17.1766,17.1775,17.1784,17.1794,17.1803,17.1812,17.1821,17.183,17.1839,17.1848,17.1858,17.1867,17.1876,17.1885,17.1894,17.1903,17.1912,17.1922,17.1931,17.194,17.1949,17.1958,17.1967,17.1976,17.1986,17.1995,17.2004,17.2013,17.2022,17.2031,17.204,17.205,17.2059,17.2068,17.2077,17.2086,17.2095,17.2104,17.2114,17.2123,17.2132,17.2141,17.215,17.2159,17.2168,17.2178,17.2187,17.2196,17.2205,17.2214,17.2223,17.2232,17.2242,17.2251,17.226,17.2269,17.2278,17.2287,17.2296,17.2306,17.2315,17.2324,17.2333,17.2342,17.2351,17.236,17.237,17.2379,17.2388,17.2397,17.2406,17.2415,17.2424,17.2434,17.2443,17.2452,17.2461,17.247,17.2479,17.2488,17.2498,17.2507,17.2516,17.2525

Pole type : Line
Start frame : 1
End frame : 329
Start time (s) : 0.000
End time (s) : 600.140
Time step (s) : 1.830

Feature Information :


Feature number : 1

Time (s) : 3.744454,5.5795,7.414547,9.249594,11.08464,12.91969,14.75473,16.58978,18.42483,20.25987,22.09492,23.92997,25.76501,27.60006,29.43511,31.27015,33.1052,34.94025,36.7753,38.61034,40.44539,42.28044,44.11548,45.95053,47.78558,49.62062,51.45567,53.29072,55.12576,56.96081,58.79586,60.6309,62.46595,64.301,66.13604,67.97109,69.80614,71.64118,73.47623,75.31128,77.14632,78.98137,80.81642,82.65146,84.48651,86.32156,88.1566,89.99165,91.8267,93.66174,95.49679,97.33184,99.16688,101.0019,102.837,104.672,106.5071,108.3421,110.1772,112.0122,113.8473,115.6823,117.5174,119.3524,121.1874,123.0225,124.8575,126.6926,128.5276,130.3627,132.1977,134.0328,135.8678,137.7029,139.5379,141.373,143.208,145.0431,146.8781,148.7131,150.5482,152.3832,154.2183,156.0533,157.8884,159.7234,161.5585,163.3935,165.2286,167.0636,168.8987,170.7337,172.5688,174.4038,176.2388,178.0739,179.9089,181.744,183.579,185.4141,187.2491,189.0842,190.9192,192.7543,194.5893,196.4244,198.2594,200.0945,201.9295,203.7645,205.5996,207.4346,209.2697,211.1047,212.9398,214.7748,216.6099,218.4449,220.28,222.115,223.9501,225.7851,227.6202,229.4552,231.2903,233.1253,234.9603,236.7954,238.6304,240.4655,242.3005,244.1356,245.9706,247.8057,249.6407,251.4758,253.3108,255.1459,256.9809,258.816,260.651,262.486,264.3211,266.1561,267.9912,269.8262,271.6613,273.4963,275.3314,277.1664,279.0015,280.8365,282.6716,284.5066,286.3417,288.1767,290.0117,291.8468,293.6818,295.5169,297.3519,299.187,301.022,302.8571,304.6921,306.5272,308.3622,310.1973,312.0323,313.8674,315.7024,317.5374,319.3725,321.2075,323.0426,324.8776,326.7127,328.5477,330.3828,332.2178,334.0529,335.8879,337.723,339.558,341.3931,343.2281,345.0631,346.8982,348.7332,350.5683,352.4033,354.2384,356.0734,357.9085,359.7435,361.5786,363.4136,365.2487,367.0837,368.9188,370.7538,372.5889,374.4239,376.2589,378.094,379.929,381.7641,383.5991,385.4342,387.2692,389.1043,390.9393,392.7744,394.6094,396.4445,398.2795,400.1146,401.9496,403.7846,405.6197,407.4547,409.2898,411.1248,412.9599,414.7949,416.63,418.465,420.3001,422.1351,423.9702,425.8052,427.6403,429.4753,431.3103,433.1454,434.9804,436.8155,438.6505,440.4856,442.3206,444.1557,445.9907,447.8258,449.6608,451.4959,453.3309,455.166,457.001,458.836,460.6711,462.5061,464.3412,466.1762,468.0113,469.8463,471.6814,473.5164,475.3515,477.1865,479.0216,480.8566,482.6917,484.5267,486.3617,488.1968,490.0318,491.8669,493.7019,495.537,497.372,499.2071,501.0421,502.8772,504.7122,506.5473,508.3823,510.2174,512.0524,513.8875,515.7225,517.5575,519.3926,521.2276,523.0627,524.8977,526.7328,528.5678,530.4029,532.2379,534.073,535.908,537.7431,539.5781,541.4132,543.2482,545.0832,546.9183,548.7533,550.5884,552.4234,554.2585,556.0935,557.9286,559.7636,561.5987,563.4337,565.2688,567.1038,568.9389,570.7739,572.6089,574.444,576.279,578.1141,579.9491,581.7842,583.6192,585.4543,587.2893,589.1244,590.9594,592.7945,594.6295,596.4646,598.2996,600.1346,601.9697

Position (um) : 1.8408,1.8407,1.8406,1.8405,1.8405,1.8404,1.8403,1.8402,1.8401,1.84,1.8399,1.8398,1.8397,1.8396,1.8395,1.8394,1.8393,1.8392,1.8391,1.839,1.8389,1.8388,1.8387,1.8386,1.8385,1.8384,1.8383,1.8382,1.8381,1.838,1.8379,1.8378,1.8377,1.8376,1.8375,1.8374,1.8373,1.8372,1.8371,1.837,1.8369,1.8368,1.8367,1.8366,1.8365,1.8364,1.8363,1.8362,1.8361,1.836,1.8359,1.8359,1.8358,1.8357,1.8356,1.8355,1.8354,1.8353,1.8352,1.8351,1.835,1.8349,1.8348,1.8347,1.8346,1.8345,1.8344,1.8343,1.8342,1.8341,1.834,1.8339,1.8338,1.8337,1.8336,1.8335,1.8334,1.8333,1.8332,1.8331,1.833,1.8329,1.8328,1.8327,1.8326,1.8325,1.8324,1.8323,1.8322,1.8321,1.832,1.8319,1.8318,1.8317,1.8316,1.8315,1.8314,1.8313,1.8313,1.8312,1.8311,1.831,1.8309,1.8308,1.8307,1.8306,1.8305,1.8304,1.8303,1.8302,1.8301,1.83,1.8299,1.8298,1.8297,1.8296,1.8295,1.8294,1.8293,1.8292,1.8291,1.829,1.8289,1.8288,1.8287,1.8286,1.8285,1.8284,1.8283,1.8282,1.8281,1.828,1.8279,1.8278,1.8277,1.8276,1.8275,1.8274,1.8273,1.8272,1.8271,1.827,1.8269,1.8268,1.8268,1.8267,1.8266,1.8265,1.8264,1.8263,1.8262,1.8261,1.826,1.8259,1.8258,1.8257,1.8256,1.8255,1.8254,1.8253,1.8252,1.8251,1.825,1.8249,1.8248,1.8247,1.8246,1.8245,1.8244,1.8243,1.8242,1.8241,1.824,1.8239,1.8238,1.8237,1.8236,1.8235,1.8234,1.8233,1.8232,1.8231,1.823,1.8229,1.8228,1.8227,1.8226,1.8225,1.8224,1.8223,1.8222,1.8222,1.8221,1.822,1.8219,1.8218,1.8217,1.8216,1.8215,1.8214,1.8213,1.8212,1.8211,1.821,1.8209,1.8208,1.8207,1.8206,1.8205,1.8204,1.8203,1.8202,1.8201,1.82,1.8199,1.8198,1.8197,1.8196,1.8195,1.8194,1.8193,1.8192,1.8191,1.819,1.8189,1.8188,1.8187,1.8186,1.8185,1.8184,1.8183,1.8182,1.8181,1.818,1.8179,1.8178,1.8177,1.8176,1.8176,1.8175,1.8174,1.8173,1.8172,1.8171,1.817,1.8169,1.8168,1.8167,1.8166,1.8165,1.8164,1.8163,1.8162,1.8161,1.816,1.8159,1.8158,1.8157,1.8156,1.8155,1.8154,1.8153,1.8152,1.8151,1.815,1.8149,1.8148,1.8147,1.8146,1.8145,1.8144,1.8143,1.8142,1.8141,1.814,1.8139,1.8138,1.8137,1.8136,1.8135,1.8134,1.8133,1.8132,1.8131,1.813,1.813,1.8129,1.8128,1.8127,1.8126,1.8125,1.8124,1.8123,1.8122,1.8121,1.812,1.8119,1.8118,1.8117,1.8116,1.8115,1.8114,1.8113,1.8112,1.8111,1.811,1.8109,1.8108,1.8107,1.8106,1.8105,1.8104,1.8103,1.8102,1.8101,1.81,1.8099,1.8098,1.8097,1.8096,1.8095,1.8094,1.8093,1.8092,1.8091,1.809,1.8089

Intensity : 2093.225,2138.8386,2130.918,2156.6397,2137.521,2141.3216,2160.1552,2236.7607,2295.4242,2335.3184,2360.1338,2330.0252,2353.9543,2391.7013,2392.1456,2384.2897,2340.0532,2401.3521,2384.8305,2367.8958,2351.4921,2365.1667,2402.916,2450.7564,2507.8867,2580.137,2555.9168,2542.9908,2552.3106,2608.7887,2622.3679,2596.992,2554.7478,2529.8151,2491.2066,2529.2028,2585.8748,2619.0108,2600.7764,2615.8398,2645.8523,2715.6605,2722.6746,2743.7431,2753.0142,2747.5853,2730.6331,2692.7298,2686.4788,2659.5764,2590.6092,2555.0536,2572.9094,2638.3002,2653.2957,2628.1509,2518.0252,2401.7471,2401.9754,2484.6584,2613.6998,2623.6307,2524.5837,2413.2849,2330.8763,2367.2677,2386.6141,2404.2639,2414.0798,2441.9394,2426.4214,2425.3901,2478.1935,2643.632,2753.6411,2757.3227,2726.0589,2727.0816,2760.9091,2773.446,2829.2548,2916.3574,2996.1591,3028.5796,3034.6117,3050.2778,3034.0625,2982.0398,2901.9883,2774.1029,2662.8003,2584.7983,2607.7305,2654.9713,2674.1843,2684.8535,2636.8486,2557.6621,2486.817,2546.2479,2618.3533,2636.4954,2610.6532,2603.1122,2648.4406,2639.6116,2662.2818,2631.5792,2640.3622,2624.8244,2679.2306,2671.6026,2642.0958,2609.4038,2651.5442,2699.2092,2686.5051,2666.6135,2653.2558,2680.2041,2708.147,2730.9424,2708.7526,2616.9922,2513.4857,2412.3816,2360.2848,2338.4424,2362.7735,2381.8308,2391.5185,2380.1894,2387.4813,2444.0841,2528.7949,2579.3782,2590.7087,2583.0258,2561.8487,2513.844,2470.5171,2454.4343,2454.9288,2425.1831,2370.8227,2324.3335,2279.9309,2256.7486,2226.6434,2232.7448,2251.3926,2282.7972,2294.2499,2300.9791,2304.0772,2295.9518,2273.6927,2219.845,2198.4886,2230.3018,2277.9475,2287.9943,2256.5089,2201.1894,2145.584,2116.8973,2143.7724,2182.5021,2215.6979,2191.9096,2148.3375,2120.8503,2122.6177,2151.9548,2152.5814,2154.2322,2185.5824,2243.0722,2292.5122,2242.6197,2132.6917,2023.3954,1977.9171,1963.7673,1957.3211,1984.0405,1991.2013,1987.2612,1978.3707,2020.2982,2104.8891,2166.1621,2218.3213,2212.1732,2193.8948,2183.5648,2168.3085,2152.2176,2115.5797,2112.3379,2088.2592,2036.8223,1987.7279,1990.1542,2014.0781,2015.8428,1965.6946,1934.527,1904.3624,1895.0075,1880.4882,1898.4143,1912.2858,1878.5037,1847.5944,1824.715,1834.6236,1818.6899,1816.699,1854.6333,1877.477,1880.8809,1857.3675,1885.7471,1915.8997,1979.5875,2062.4254,2153.6718,2204.7654,2205.4393,2189.281,2141.246,2095.0935,2092.7774,2099.6914,2096.6913,2124.2306,2130.4472,2138.0598,2086.3829,2069.3271,2008.4766,1932.3771,1874.3417,1904.7291,1927.5774,1957.9025,1952.0206,1994.7669,1972.5011,1941.1129,1876.1506,1849.5624,1899.2444,1964.5793,2021.6449,2029.2285,2062.5243,2100.0168,2072.7218,2079.0175,2024.469,2100.2311,2095.8251,2086.2308,2026.4633,1994.7659,2084.3312,2156.2465,2181.2397,2178.3468,2149.6529,2132.7173,2084.1934,2002.0537,1956.6265,1907.3684,1903.1855,1950.0015,2019.5091,2030.1048,1984.9524,1941.3622,1961.2216,1997.2016,2006.94,1992.4924,1928.3541,1959.1337,2011.8175,2027.3451,1988.1771,1949.3468,1977.9472,1969.4136,1961.0266,1937.4372,1980.8017,2019.6536,2043.8143,2008.8459,1956.6206,1923.7526,1869.2119,1840.2998,1849.8253,1882.5176,1868.1761,1830.2977,1773.1978,1756.8388,1714.1903,1723.8984,1786.2668,1850.4854,1851.5423,1757.4357,1680.5584,1626.6781,1643.8468,1672.4772,1732.8361,1708.7554,1768.3515,1770.0802,1868.0612,1867.1887

Time pixel : 2.04649,3.049415,4.05234,5.055265,6.05819,7.061115,8.06404,9.066965,10.06989,11.07281,12.07574,13.07866,14.08159,15.08451,16.08744,17.09036,18.09329,19.09621,20.09914,21.10206,22.10499,23.10791,24.11084,25.11376,26.11669,27.11961,28.12254,29.12546,30.12839,31.13131,32.13424,33.13716,34.14009,35.14301,36.14594,37.14886,38.15179,39.15471,40.15764,41.16056,42.16349,43.16641,44.16934,45.17226,46.17518,47.17811,48.18103,49.18396,50.18688,51.18981,52.19273,53.19566,54.19858,55.20151,56.20443,57.20736,58.21028,59.21321,60.21613,61.21906,62.22198,63.22491,64.22783,65.23076,66.23368,67.23661,68.23953,69.24246,70.24538,71.24831,72.25123,73.25416,74.25708,75.26001,76.26293,77.26586,78.26878,79.27171,80.27463,81.27756,82.28048,83.28341,84.28633,85.28926,86.29218,87.2951,88.29803,89.30095,90.30388,91.3068,92.30973,93.31265,94.31558,95.3185,96.32143,97.32435,98.32728,99.3302,100.3331,101.3361,102.339,103.3419,104.3448,105.3478,106.3507,107.3536,108.3565,109.3595,110.3624,111.3653,112.3682,113.3712,114.3741,115.377,116.3799,117.3829,118.3858,119.3887,120.3916,121.3946,122.3975,123.4004,124.4033,125.4063,126.4092,127.4121,128.415,129.4179,130.4209,131.4238,132.4267,133.4296,134.4326,135.4355,136.4384,137.4413,138.4443,139.4472,140.4501,141.453,142.456,143.4589,144.4618,145.4647,146.4677,147.4706,148.4735,149.4764,150.4794,151.4823,152.4852,153.4881,154.4911,155.494,156.4969,157.4998,158.5028,159.5057,160.5086,161.5115,162.5145,163.5174,164.5203,165.5232,166.5262,167.5291,168.532,169.5349,170.5379,171.5408,172.5437,173.5466,174.5496,175.5525,176.5554,177.5583,178.5613,179.5642,180.5671,181.57,182.573,183.5759,184.5788,185.5817,186.5847,187.5876,188.5905,189.5934,190.5964,191.5993,192.6022,193.6051,194.6081,195.611,196.6139,197.6168,198.6198,199.6227,200.6256,201.6285,202.6315,203.6344,204.6373,205.6402,206.6432,207.6461,208.649,209.6519,210.6549,211.6578,212.6607,213.6636,214.6666,215.6695,216.6724,217.6753,218.6783,219.6812,220.6841,221.687,222.69,223.6929,224.6958,225.6987,226.7017,227.7046,228.7075,229.7104,230.7134,231.7163,232.7192,233.7221,234.7251,235.728,236.7309,237.7338,238.7368,239.7397,240.7426,241.7455,242.7485,243.7514,244.7543,245.7572,246.7602,247.7631,248.766,249.7689,250.7719,251.7748,252.7777,253.7806,254.7836,255.7865,256.7894,257.7923,258.7953,259.7982,260.8011,261.804,262.807,263.8099,264.8128,265.8157,266.8187,267.8216,268.8245,269.8274,270.8304,271.8333,272.8362,273.8391,274.8421,275.845,276.8479,277.8508,278.8538,279.8567,280.8596,281.8625,282.8655,283.8684,284.8713,285.8742,286.8772,287.8801,288.883,289.8859,290.8889,291.8918,292.8947,293.8976,294.9006,295.9035,296.9064,297.9093,298.9123,299.9152,300.9181,301.921,302.924,303.9269,304.9298,305.9327,306.9357,307.9386,308.9415,309.9444,310.9474,311.9503,312.9532,313.9561,314.9591,315.962,316.9649,317.9678,318.9708,319.9737,320.9766,321.9795,322.9825,323.9854,324.9883,325.9912,326.9942,327.9971,329

Position pixel : 17.2525,17.2516,17.2507,17.2498,17.2488,17.2479,17.247,17.2461,17.2452,17.2443,17.2433,17.2424,17.2415,17.2406,17.2397,17.2387,17.2378,17.2369,17.236,17.2351,17.2342,17.2332,17.2323,17.2314,17.2305,17.2296,17.2287,17.2277,17.2268,17.2259,17.225,17.2241,17.2232,17.2222,17.2213,17.2204,17.2195,17.2186,17.2177,17.2167,17.2158,17.2149,17.214,17.2131,17.2122,17.2112,17.2103,17.2094,17.2085,17.2076,17.2066,17.2057,17.2048,17.2039,17.203,17.2021,17.2011,17.2002,17.1993,17.1984,17.1975,17.1966,17.1956,17.1947,17.1938,17.1929,17.192,17.1911,17.1901,17.1892,17.1883,17.1874,17.1865,17.1856,17.1846,17.1837,17.1828,17.1819,17.181,17.1801,17.1791,17.1782,17.1773,17.1764,17.1755,17.1745,17.1736,17.1727,17.1718,17.1709,17.17,17.169,17.1681,17.1672,17.1663,17.1654,17.1645,17.1635,17.1626,17.1617,17.1608,17.1599,17.159,17.158,17.1571,17.1562,17.1553,17.1544,17.1535,17.1525,17.1516,17.1507,17.1498,17.1489,17.1479,17.147,17.1461,17.1452,17.1443,17.1434,17.1424,17.1415,17.1406,17.1397,17.1388,17.1379,17.1369,17.136,17.1351,17.1342,17.1333,17.1324,17.1314,17.1305,17.1296,17.1287,17.1278,17.1269,17.1259,17.125,17.1241,17.1232,17.1223,17.1214,17.1204,17.1195,17.1186,17.1177,17.1168,17.1158,17.1149,17.114,17.1131,17.1122,17.1113,17.1103,17.1094,17.1085,17.1076,17.1067,17.1058,17.1048,17.1039,17.103,17.1021,17.1012,17.1003,17.0993,17.0984,17.0975,17.0966,17.0957,17.0948,17.0938,17.0929,17.092,17.0911,17.0902,17.0893,17.0883,17.0874,17.0865,17.0856,17.0847,17.0837,17.0828,17.0819,17.081,17.0801,17.0792,17.0782,17.0773,17.0764,17.0755,17.0746,17.0737,17.0727,17.0718,17.0709,17.07,17.0691,17.0682,17.0672,17.0663,17.0654,17.0645,17.0636,17.0627,17.0617,17.0608,17.0599,17.059,17.0581,17.0571,17.0562,17.0553,17.0544,17.0535,17.0526,17.0516,17.0507,17.0498,17.0489,17.048,17.0471,17.0461,17.0452,17.0443,17.0434,17.0425,17.0416,17.0406,17.0397,17.0388,17.0379,17.037,17.0361,17.0351,17.0342,17.0333,17.0324,17.0315,17.0306,17.0296,17.0287,17.0278,17.0269,17.026,17.025,17.0241,17.0232,17.0223,17.0214,17.0205,17.0195,17.0186,17.0177,17.0168,17.0159,17.015,17.014,17.0131,17.0122,17.0113,17.0104,17.0095,17.0085,17.0076,17.0067,17.0058,17.0049,17.004,17.003,17.0021,17.0012,17.0003,16.9994,16.9985,16.9975,16.9966,16.9957,16.9948,16.9939,16.9929,16.992,16.9911,16.9902,16.9893,16.9884,16.9874,16.9865,16.9856,16.9847,16.9838,16.9829,16.9819,16.981,16.9801,16.9792,16.9783,16.9774,16.9764,16.9755,16.9746,16.9737,16.9728,16.9719,16.9709,16.97,16.9691,16.9682,16.9673,16.9663,16.9654,16.9645,16.9636,16.9627,16.9618,16.9608,16.9599,16.959,16.9581,16.9572,16.9563,16.9553,16.9544,16.9535

Brightness max : 900.38
Brightness min : 224.00
Feature direction : Ambiguous
Feature speed : Slow
Feature type : Line
Start frame : 1
End frame : 329
Start time (s) : 0.000
End time (s) : 600.140
Time step (s) : 1.830

