KYMOANALYSIS DATA

General Information :

Tiff path : E:\Google Drive\microtubule dynamics and cut7\19-15 screens and tests\PA-GFP\19-05-23 (cut7 PA-GFP, cut11-7,  with mCh MTs\
Spindle type : Monopolar
Start frame : 1
End frame : 130
Start time (s) : 0.000
End time (s) : 130.000
Time step (s) : 1.008
Num poles : 1
Num tracks : 2
Num tracks poleward : 0
Num tracks antipoleward : 1
Num tracks ambiguous : 1
Comments : {

}
Poles Information :


Pole number : 1

Time (s) : 5.1175,6.1363,7.1551,8.1739,9.1927,10.2115,11.2303,12.2491,13.2679,14.2867,15.3055,16.3243,17.3431,18.3619,19.3807,20.3995,21.4183,22.4371,23.4559,24.4747,25.4935,26.5123,27.5311,28.5499,29.5687,30.5875,31.6063,32.6251,33.6439,34.6627,35.6815,36.7003,37.7191,38.7379,39.7567,40.7755,41.7943,42.8131,43.8319,44.8507,45.8695,46.8883,47.9071,48.9259,49.9447,50.9635,51.9822,53.001,54.0198,55.0386,56.0574,57.0762,58.095,59.1138,60.1326,61.1514,62.1702,63.189,64.2078,65.2266

Position (um) : 1.6408,1.6406,1.6404,1.6402,1.6399,1.6397,1.6395,1.6393,1.6391,1.6388,1.6386,1.6384,1.6382,1.638,1.6377,1.6375,1.6373,1.6371,1.6369,1.6366,1.6364,1.6362,1.636,1.6358,1.6355,1.6353,1.6351,1.6349,1.6347,1.6344,1.6342,1.634,1.6338,1.6336,1.6333,1.6331,1.6329,1.6327,1.6325,1.6322,1.632,1.6318,1.6316,1.6314,1.6311,1.6309,1.6307,1.6305,1.6303,1.63,1.6298,1.6296,1.6294,1.6291,1.6289,1.6287,1.6285,1.6283,1.628,1.6278

Intensity : 1233.9937,1248.9824,1032.1538,1092.7427,1129.244,1169.8307,1133.8764,1008.173,1107.776,1048.3236,1042.3895,1058.3051,1013.5323,970.89903,749.44511,682.33819,696.50346,691.18227,731.60819,693.74745,670.96749,621.63424,644.8808,617.08987,622.50146,700.46494,664.99793,579.54325,560.53851,574.66695,550.79817,556.5928,526.00223,566.35738,596.48625,563.39508,571.57021,577.04185,582.32515,546.46896,526.07234,546.81442,537.21754,528.11637,511.34765,490.35579,443.32402,469.38959,533.25222,507.47949,491.48032,515.89643,524.05065,528.62599,559.06846,515.78749,509.16988,506.51798,522.87768,431.8539

Time pixel : 5.07689,6.0876,7.09831,8.10903,9.11974,10.1305,11.1412,12.1519,13.1626,14.1733,15.184,16.1947,17.2054,18.2162,19.2269,20.2376,21.2483,22.259,23.2697,24.2804,25.2911,26.3019,27.3126,28.3233,29.334,30.3447,31.3554,32.3661,33.3769,34.3876,35.3983,36.409,37.4197,38.4304,39.4411,40.4518,41.4626,42.4733,43.484,44.4947,45.5054,46.5161,47.5268,48.5376,49.5483,50.559,51.5697,52.5804,53.5911,54.6018,55.6125,56.6233,57.634,58.6447,59.6554,60.6661,61.6768,62.6875,63.6982,64.709

Position pixel : 15.3778,15.3758,15.3737,15.3716,15.3696,15.3675,15.3655,15.3634,15.3613,15.3593,15.3572,15.3551,15.3531,15.351,15.349,15.3469,15.3448,15.3428,15.3407,15.3386,15.3366,15.3345,15.3325,15.3304,15.3283,15.3263,15.3242,15.3221,15.3201,15.318,15.3159,15.3139,15.3118,15.3098,15.3077,15.3056,15.3036,15.3015,15.2994,15.2974,15.2953,15.2933,15.2912,15.2891,15.2871,15.285,15.2829,15.2809,15.2788,15.2768,15.2747,15.2726,15.2706,15.2685,15.2664,15.2644,15.2623,15.2603,15.2582,15.2561

Pole type : Line
Start frame : 1
End frame : 130
Start time (s) : 0.000
End time (s) : 130.000
Time step (s) : 1.008

Feature Information :


Feature number : 1

Time (s) : 5.00151,5.03816,5.12419,5.24017,5.35616,5.44888,5.52216,5.61487,5.72418,5.81689,5.89017,5.98289,6.09888,6.22155,6.34422,6.46021,6.55961,6.65616,6.76831,6.86486,6.96426,7.08025,7.20292,7.32559,7.44826,7.56425,7.66365,7.76689,7.91568,8.09158,8.27033,8.42295,8.55231,8.67498,8.79765,8.92032,9.043,9.16567,9.28834,9.41101,9.54037,9.69968,9.9017,10.1104,10.2997,10.4851,10.6677,10.8531,11.0357,11.2144,11.3671,11.5031,11.6557,11.8278,11.9804,12.1165,12.2758,12.4845,12.7231,12.9685,13.2205,13.5025,13.8205,14.1152,14.3412,14.5333,14.7225,14.9312,15.1399,15.3359,15.5446,15.7533,15.9493,16.1646,16.4033,16.642,16.8573,17.06,17.312,17.63,17.9547,18.2367,18.4887,18.7341,18.9727,19.1814,19.3474,19.5134,19.7288,20.0041,20.3422,20.7201,21.0776,21.3834,21.7349,22.1689,22.6296,23.0942,23.561,23.9522,24.2476,24.4996,24.745,24.9836,25.199,25.395,25.6104,25.8423,26.051,26.217,26.3763,26.5551,26.7377,26.9231,27.1124,27.3211,27.5298,27.7191,27.8978,28.0504,28.1798,28.3091,28.4618,28.6472,28.8664,29.1245,29.3632,29.5658,29.7745,29.9832,30.1725,30.3579,30.5405,30.7259,30.9152,31.144,31.4425,31.7867,32.0919,32.3506,32.596,32.8413,33.0933,33.3619,33.6334,33.8893,34.1541,34.386,34.5587,34.7247,34.9334,35.1654,35.3808,35.5767,35.7921,36.0308,36.2761,36.5148,36.7302,36.9328,37.1781,37.4662,37.7348,37.9569,38.1461,38.3316,38.5275,38.7729,39.0542,39.3063,39.5322,39.767,39.9862,40.215,40.4836,40.7716,41.017,41.2129,41.3984,41.601,41.8763,42.2137,42.519,42.7908,43.089,43.4027,43.6581,43.8797,44.0813,44.2401,44.3824,44.5645,44.7922,45.0043,45.1892,45.3414,45.4703,45.6058,45.7946,46.0523,46.3204,46.5719,46.8101,47.0317,47.2571,47.5281,47.8262,48.1338,48.4452,48.7694,49.0637,49.2958,49.5106,49.7188,49.9276,50.2024,50.546,50.8874,51.2249,51.5424,51.7939,51.9893,52.1675,52.3196,52.4484,52.5705,52.6926,52.8147,52.9368,53.0589,53.181,53.303,53.4251,53.5472,53.6826,53.8713,54.1221,54.3534,54.5188,54.6475,54.7628,54.8549,54.9275,55.0196,55.1416,55.3002,55.5015,55.6962,55.8249,55.9041,55.9961,56.1114,56.2401,56.392,56.57,56.7519,56.9232,57.0518,57.161,57.3024,57.4476,57.5829,57.7347,57.906,58.0579,58.1932,58.3451,58.5164,58.6683,58.7969,58.9188,59.0407,59.1627,59.2846,59.4132,59.5651,59.7365,59.8884,60.017,60.139,60.261,60.383,60.505,60.627,60.7423,60.8344,60.907,60.9991,61.1145,61.2366,61.3587,61.4808,61.603,61.7318,61.8906,62.0921,62.2937,62.4526,62.5882,62.7471,62.9554,63.187,63.3954,63.5544,63.6835,63.8059,63.9283,64.0508,64.1732,64.2957,64.4183,64.5341,64.6334,64.7366,64.872,64.9813

Position (um) : 4.2807,4.2866,4.2937,4.3028,4.3119,4.3189,4.3256,4.3319,4.3386,4.3449,4.3515,4.3586,4.3684,4.38,4.3891,4.3937,4.3983,4.4074,4.4189,4.4288,4.4358,4.4424,4.4488,4.4554,4.4618,4.4684,4.4755,4.4846,4.4937,4.5007,4.5074,4.5144,4.5235,4.5326,4.5397,4.5456,4.5495,4.5534,4.5593,4.5657,4.5723,4.5793,4.5892,4.6014,4.6137,4.6235,4.6306,4.6372,4.6436,4.6495,4.6534,4.6573,4.6625,4.6664,4.6702,4.6755,4.6786,4.6801,4.6832,4.6885,4.6916,4.693,4.6962,4.7014,4.7046,4.7053,4.7053,4.7053,4.7053,4.7053,4.7053,4.7053,4.7053,4.7053,4.7053,4.7053,4.7053,4.7053,4.7053,4.7053,4.7053,4.7053,4.7053,4.7053,4.7053,4.7046,4.7014,4.6962,4.693,4.6916,4.6885,4.6832,4.6793,4.6748,4.6657,4.6541,4.6443,4.6365,4.6274,4.619,4.6144,4.6105,4.6046,4.5983,4.5916,4.5853,4.5786,4.5723,4.5657,4.5593,4.5534,4.5495,4.5449,4.5365,4.5274,4.5196,4.5105,4.5014,4.4944,4.4884,4.4846,4.4807,4.4748,4.4677,4.4579,4.4463,4.4372,4.4326,4.4288,4.4228,4.4165,4.4098,4.4035,4.3968,4.3898,4.38,4.3677,4.3554,4.3456,4.3379,4.328,4.3158,4.3021,4.2866,4.2709,4.2568,4.241,4.2256,4.2112,4.195,4.1768,4.1606,4.147,4.134,4.121,4.1073,4.0904,4.069,4.047,4.0262,4.0041,3.9827,3.9659,3.9522,3.9392,3.9262,3.9132,3.9009,3.8918,3.8873,3.8827,3.8743,3.8659,3.8613,3.8574,3.8522,3.8483,3.8444,3.8392,3.836,3.8346,3.8314,3.8262,3.823,3.8223,3.8223,3.8223,3.8223,3.8223,3.8223,3.8223,3.8223,3.8223,3.8223,3.8223,3.8223,3.8223,3.8223,3.8223,3.8223,3.8223,3.8223,3.8223,3.8223,3.8223,3.8223,3.8223,3.8223,3.823,3.8262,3.8314,3.8346,3.8353,3.8353,3.836,3.8399,3.849,3.8606,3.8704,3.8774,3.8834,3.8865,3.8873,3.8873,3.888,3.8911,3.8964,3.8995,3.9002,3.9002,3.9009,3.9041,3.9093,3.9125,3.9139,3.9178,3.9262,3.9346,3.9392,3.9431,3.949,3.9553,3.962,3.969,3.9789,3.9904,3.9995,4.0041,4.008,4.0132,4.0164,4.0171,4.0171,4.0171,4.0171,4.0171,4.0178,4.021,4.0262,4.0294,4.0301,4.0301,4.0301,4.0301,4.0301,4.0301,4.0301,4.0301,4.0301,4.0301,4.0301,4.0301,4.0301,4.0301,4.0301,4.0301,4.0301,4.0301,4.0301,4.0301,4.0301,4.0301,4.0301,4.0301,4.0294,4.0262,4.021,4.0178,4.0171,4.0164,4.0132,4.008,4.0048,4.0041,4.0034,4.0002,3.995,3.9918,3.9911,3.9911,3.9911,3.9911,3.9911,3.9911,3.9911,3.9911,3.9911,3.9911,3.9911,3.9911,3.9911,3.9904,3.9873,3.982,3.9789,3.9781

Intensity : 540.5632,561.9366,559.8338,555.3529,550.7934,547.059,544.2245,540.3019,535.5096,531.4946,528.4983,524.4873,522.3259,522.8555,523.1259,524.2933,525.7595,528.1796,532.254,536.7533,541.5257,546.4095,547.5428,548.7872,549.9497,551.2713,552.8552,554.3582,554.5798,554.7036,553.4161,552.6907,552.7841,553.108,553.1514,553.0677,552.62,549.6038,545.861,541.7354,536.8797,530.1536,520.2021,506.2449,511.8704,519.9904,530.2315,541.7589,554.0477,553.1938,548.0486,543.4996,538.4027,533.0968,528.4581,526.0981,535.6262,548.2138,561.9101,574.7333,574.7084,558.1291,539.2434,523.5904,551.4312,574.9005,598.0859,623.6518,643.9874,616.5937,587.4176,558.2416,530.8479,505.1821,500.7703,496.3584,492.3767,488.6308,489.4832,493.5623,497.7271,499.9221,499.2881,498.671,498.0707,498.5776,503.8965,509.5521,516.3366,524.8698,534.201,542.9123,550.4731,543.8682,531.7461,519.5916,553.7173,590.1446,552.4142,503.8446,471.8801,468.5349,465.8084,463.2502,461.1259,459.1822,456.1698,452.5027,448.9173,445.5645,438.3126,430.726,423.7302,418.5028,414.7475,418.9933,431.8223,443.8223,454.4866,463.5564,470.7467,470.5231,465.576,460.1506,455.1531,450.7122,444.9273,437.1037,428.5613,420.7577,413.923,417.0705,425.5862,434.2914,443.2573,454.5591,466.9714,478.2952,487.1507,492.2205,493.0239,491.6377,487.5222,478.9013,470.7257,465.2728,459.6029,456.7261,455.8983,454.8957,453.9292,453.3331,452.8386,453.8546,456.5697,461.3031,468.3368,470.5043,472.3405,475.1226,480.9922,486.1129,488.4958,490.8398,491.9209,492.1719,487.0859,478.9245,468.0091,457.5505,465.0156,472.3301,478.521,485.3497,487.4758,485.5017,484.0704,482.8521,488.4312,506.0721,529.2158,557.2036,558.0937,544.489,529.7996,515.1108,505.408,496.9892,489.3321,483.2975,480.2458,487.4312,496.4136,504.7808,512.0782,518.0815,514.2089,508.5446,500.6565,489.8928,478.6896,481.7476,487.6419,493.1258,498.7045,501.3014,500.6255,499.9281,500.5403,507.4546,514.8813,521.5143,526.6797,530.8748,535.0764,539.8782,529.6742,504.0095,482.3661,479.9619,494.3361,505.0031,514.8068,523.2602,527.0822,521.1706,514.7616,508.9843,503.8852,498.9709,493.8914,488.2719,482.4225,493.9715,507.2582,525.4386,549.1603,571.145,579.3589,580.7263,582.3423,582.7723,583.1366,584.2478,586.3691,590.3944,592.9844,586.7867,582.6937,580.2084,577.2745,573.5503,569.3836,564.4633,567.7058,575.2445,582.2753,587.1707,590.7809,595.7418,601.1888,604.4944,608.0638,612.0898,615.6591,618.8386,622.4079,621.3821,610.3096,600.9337,592.0449,583.1559,574.2668,565.3773,556.0002,556.8645,566.3375,574.7364,581.849,588.5925,595.3365,602.0809,605.9103,598.4058,591.4113,586.1937,582.4599,577.2408,570.243,562.8333,555.7688,548.9926,549.0574,549.2709,549.5607,550.7055,552.931,554.7051,552.4975,547.8876,541.8444,535.1253,529.0807,526.5117,528.0009,529.4132,530.8259,532.2388,533.652,535.0655,536.4793,538.366,542.0324,545.4334,551.011,556.0179

Time pixel : 4.96182,4.99817,5.08352,5.19858,5.31365,5.40563,5.47833,5.57031,5.67875,5.77073,5.84343,5.9354,6.05047,6.17217,6.29387,6.40893,6.50755,6.60333,6.71459,6.81038,6.90899,7.02406,7.14575,7.26745,7.38915,7.50422,7.60283,7.70525,7.85286,8.02736,8.20469,8.3561,8.48443,8.60613,8.72783,8.84953,8.97123,9.09292,9.21462,9.33632,9.46465,9.6227,9.82311,10.0302,10.2179,10.4019,10.583,10.767,10.9481,11.1254,11.2769,11.4118,11.5632,11.7339,11.8853,12.0203,12.1784,12.3854,12.6222,12.8656,13.1156,13.3953,13.7108,14.0032,14.2273,14.4179,14.6057,14.8127,15.0198,15.2142,15.4212,15.6283,15.8227,16.0363,16.2731,16.5099,16.7236,16.9246,17.1746,17.4901,17.8122,18.092,18.342,18.5854,18.8221,19.0292,19.1939,19.3585,19.5722,19.8453,20.1807,20.5556,20.9103,21.2137,21.5624,21.9929,22.45,22.9109,23.374,23.7622,24.0552,24.3052,24.5486,24.7853,24.999,25.1934,25.4071,25.6372,25.8443,26.009,26.167,26.3443,26.5255,26.7094,26.8972,27.1042,27.3113,27.4991,27.6764,27.8278,27.9561,28.0845,28.2359,28.4198,28.6373,28.8934,29.1301,29.3312,29.5382,29.7453,29.933,30.117,30.2981,30.4821,30.6698,30.8968,31.193,31.5344,31.8372,32.0939,32.3373,32.5807,32.8307,33.0972,33.3665,33.6203,33.883,34.1131,34.2844,34.4491,34.6562,34.8863,35.1,35.2944,35.508,35.7448,35.9882,36.225,36.4386,36.6397,36.8831,37.1688,37.4353,37.6556,37.8434,38.0274,38.2218,38.4652,38.7443,38.9943,39.2184,39.4514,39.6689,39.8958,40.1623,40.4481,40.6915,40.8859,41.0698,41.2708,41.544,41.8787,42.1815,42.4512,42.747,43.0582,43.3116,43.5314,43.7314,43.889,44.0301,44.2108,44.4367,44.6471,44.8306,44.9815,45.1094,45.2439,45.4312,45.6868,45.9528,46.2023,46.4386,46.6584,46.8821,47.1509,47.4466,47.7518,48.0608,48.3824,48.6743,48.9045,49.1177,49.3242,49.5314,49.804,50.1449,50.4835,50.8184,51.1333,51.3828,51.5767,51.7535,51.9043,52.0321,52.1533,52.2744,52.3955,52.5167,52.6378,52.7589,52.88,53.0011,53.1222,53.2566,53.4437,53.6925,53.922,54.0861,54.2138,54.3282,54.4195,54.4916,54.5829,54.7039,54.8613,55.0611,55.2542,55.3818,55.4604,55.5517,55.6661,55.7937,55.9444,56.121,56.3014,56.4714,56.599,56.7073,56.8476,56.9916,57.1258,57.2765,57.4465,57.5971,57.7314,57.882,58.052,58.2027,58.3302,58.4512,58.5722,58.6931,58.8141,58.9417,59.0924,59.2624,59.4131,59.5407,59.6617,59.7827,59.9037,60.0248,60.1458,60.2602,60.3516,60.4236,60.515,60.6295,60.7506,60.8717,60.9929,61.114,61.2419,61.3994,61.5993,61.7993,61.9569,62.0915,62.2491,62.4558,62.6855,62.8923,63.05,63.178,63.2995,63.4209,63.5424,63.6639,63.7855,63.907,64.022,64.1205,64.2228,64.3571,64.4656

Position pixel : 40.1189,40.1745,40.2406,40.3259,40.4113,40.4774,40.5396,40.5991,40.6613,40.7208,40.783,40.8491,40.9411,41.0495,41.1348,41.1778,41.2208,41.3062,41.4146,41.5066,41.5726,41.6349,41.6943,41.7566,41.816,41.8783,41.9444,42.0297,42.1151,42.1811,42.2434,42.3095,42.3948,42.4802,42.5462,42.6019,42.6382,42.6746,42.7302,42.7896,42.8519,42.918,43.0099,43.125,43.2401,43.332,43.3981,43.4604,43.5198,43.5754,43.6118,43.6481,43.6971,43.7335,43.7698,43.8188,43.8486,43.8618,43.8915,43.9405,43.9703,43.9835,44.0132,44.0622,44.092,44.0986,44.0986,44.0986,44.0986,44.0986,44.0986,44.0986,44.0986,44.0986,44.0986,44.0986,44.0986,44.0986,44.0986,44.0986,44.0986,44.0986,44.0986,44.0986,44.0986,44.092,44.0622,44.0132,43.9835,43.9703,43.9405,43.8915,43.8552,43.8122,43.7269,43.6184,43.5264,43.4537,43.3684,43.2897,43.2467,43.2103,43.1547,43.0953,43.033,42.9736,42.9113,42.8519,42.7896,42.7302,42.6746,42.6382,42.5952,42.5165,42.4312,42.3585,42.2731,42.1878,42.1217,42.0661,42.0297,41.9934,41.9377,41.8717,41.7797,41.6713,41.5859,41.5429,41.5066,41.4509,41.3915,41.3292,41.2698,41.2075,41.1415,41.0495,40.9344,40.8194,40.7274,40.6547,40.5627,40.4476,40.3193,40.1745,40.0269,39.8948,39.7472,39.6024,39.4674,39.316,39.1453,38.9939,38.8656,38.7439,38.6222,38.4938,38.3358,38.1354,37.9283,37.7339,37.5269,37.3265,37.1684,37.0401,36.9184,36.7967,36.675,36.5599,36.4746,36.4316,36.3886,36.3099,36.2312,36.1882,36.1519,36.1029,36.0665,36.0302,35.9812,35.9514,35.9382,35.9085,35.8595,35.8297,35.8231,35.8231,35.8231,35.8231,35.8231,35.8231,35.8231,35.8231,35.8231,35.8231,35.8231,35.8231,35.8231,35.8231,35.8231,35.8231,35.8231,35.8231,35.8231,35.8231,35.8231,35.8231,35.8231,35.8231,35.8297,35.8595,35.9085,35.9382,35.9448,35.9448,35.9514,35.9878,36.0731,36.1816,36.2736,36.3396,36.3953,36.425,36.4316,36.4316,36.4382,36.468,36.517,36.5467,36.5533,36.5533,36.5599,36.5897,36.6386,36.6684,36.6816,36.718,36.7967,36.8754,36.9184,36.9547,37.0104,37.0698,37.1321,37.1981,37.2901,37.3986,37.4839,37.5269,37.5632,37.6122,37.642,37.6486,37.6486,37.6486,37.6486,37.6486,37.6552,37.6849,37.7339,37.7637,37.7703,37.7703,37.7703,37.7703,37.7703,37.7703,37.7703,37.7703,37.7703,37.7703,37.7703,37.7703,37.7703,37.7703,37.7703,37.7703,37.7703,37.7703,37.7703,37.7703,37.7703,37.7703,37.7703,37.7703,37.7637,37.7339,37.6849,37.6552,37.6486,37.642,37.6122,37.5632,37.5335,37.5269,37.5203,37.4905,37.4415,37.4118,37.4052,37.4052,37.4052,37.4052,37.4052,37.4052,37.4052,37.4052,37.4052,37.4052,37.4052,37.4052,37.4052,37.3986,37.3688,37.3198,37.2901,37.2835

Brightness max : 687.03
Brightness min :  0.00
Feature direction : Ambiguous
Feature speed : Slow
Feature type : Curve
Start frame : 1
End frame : 130
Start time (s) : 0.000
End time (s) : 130.000
Time step (s) : 1.008

Feature number : 2

Time (s) : 41.4283,41.4417,41.515,41.687,41.9257,42.1876,42.4158,42.5623,42.6984,42.8637,43.0164,43.1457,43.2684,43.3911,43.5137,43.6364,43.7591,43.8818,44.0044,44.1204,44.2131,44.2931,44.4158,44.5745,44.6971,44.7771,44.8698,44.9858,45.1152,45.2745,45.4765,45.6785,45.8378,45.9805,46.1698,46.4346,46.7265,46.9913,47.1872,47.3599,47.5686,47.8073,48.0526,48.2979,48.5366,48.752,48.9479,49.1566,49.3587,49.518,49.6473,49.77,49.8927,50.022,50.1747,50.3534,50.536,50.7214,50.9241,51.1994,51.5368,51.8354,52.0574,52.2167,52.3461,52.4688,52.5914,52.7141,52.8435,53.0028,53.2048,53.4135,53.6095,53.8182,54.0269,54.2161,54.3882,54.5109,54.5908,54.6836,54.7995,54.9222,55.0449,55.1676,55.2902,55.4129,55.5489,55.7248,55.9163,56.0495,56.1489,56.2283

Position (um) : 2.2947,2.3038,2.316,2.329,2.3427,2.3589,2.3764,2.3894,2.3978,2.4076,2.4199,2.4322,2.442,2.4498,2.4589,2.468,2.475,2.4817,2.488,2.4947,2.501,2.5077,2.514,2.5206,2.527,2.5336,2.5407,2.5498,2.5582,2.5628,2.5673,2.5757,2.5849,2.5933,2.6063,2.6245,2.6431,2.6589,2.6698,2.6803,2.6926,2.7056,2.7186,2.7323,2.7477,2.7628,2.7737,2.7835,2.7926,2.7997,2.8063,2.8127,2.8193,2.8263,2.8355,2.8446,2.8516,2.8583,2.8653,2.8751,2.8874,2.8997,2.9095,2.9165,2.9225,2.9256,2.9263,2.9271,2.9302,2.9355,2.9386,2.9393,2.94,2.9432,2.9491,2.9555,2.9621,2.9685,2.9744,2.9776,2.979,2.9822,2.9874,2.9906,2.992,2.9952,3.0004,3.0043,3.0081,3.0134,3.0165,3.0172

Intensity : 446.2132,443.029,437.9719,431.9263,426.2026,421.9877,419.4116,417.9705,416.8767,415.5077,413.8312,412.1283,410.6334,410.575,413.3217,416.0476,417.9132,419.0792,419.5936,419.3381,418.4116,416.8863,413.1019,406.7182,401.9581,398.6516,395.2996,391.603,388.339,385.4739,388.2974,395.664,401.5997,406.9534,414.1671,420.2967,413.0825,405.5961,399.7939,396.2129,393.9004,391.2274,388.4283,385.7287,393.3491,404.2602,412.9279,419.9584,425.5284,420.4959,415.0532,410.6125,406.8788,403.7483,401.2197,399.551,397.9884,395.7419,392.6859,387.6124,384.4812,386.7314,387.4897,387.5337,387.2411,387.5408,388.8001,390.0707,391.2175,392.605,394.7318,397.1386,390.585,382.937,375.1039,367.9012,361.2578,360.5406,361.3848,362.5881,364.269,365.8493,367.143,368.7714,370.5187,372.1701,371.7972,370.7564,369.5911,368.5483,367.7967,367.3359

Time pixel : 41.0995,41.1128,41.1855,41.3562,41.593,41.8528,42.0791,42.2245,42.3595,42.5236,42.675,42.8033,42.925,43.0467,43.1684,43.2901,43.4118,43.5335,43.6552,43.7703,43.8622,43.9416,44.0633,44.2207,44.3424,44.4217,44.5137,44.6288,44.7571,44.9152,45.1156,45.316,45.474,45.6156,45.8034,46.0661,46.3556,46.6183,46.8127,46.984,47.1911,47.4278,47.6712,47.9146,48.1514,48.3651,48.5595,48.7665,48.9669,49.125,49.2533,49.375,49.4967,49.625,49.7764,49.9538,50.1349,50.3189,50.5199,50.793,51.1278,51.424,51.6443,51.8023,51.9307,52.0524,52.1741,52.2958,52.4241,52.5821,52.7825,52.9896,53.184,53.391,53.5981,53.7859,53.9565,54.0782,54.1576,54.2496,54.3646,54.4863,54.608,54.7297,54.8514,54.9731,55.1081,55.2826,55.4726,55.6047,55.7033,55.782

Position pixel : 21.5057,21.5911,21.7061,21.8278,21.9562,22.1076,22.2716,22.3933,22.4727,22.5647,22.6797,22.7948,22.8868,22.9595,23.0448,23.1302,23.1962,23.2585,23.3179,23.3802,23.4396,23.5019,23.5613,23.6236,23.683,23.7453,23.8114,23.8967,23.9754,24.0184,24.0614,24.1401,24.2254,24.3048,24.4265,24.5972,24.7717,24.9193,25.0217,25.1203,25.2354,25.3571,25.4788,25.6071,25.7519,25.8929,25.9953,26.0873,26.1726,26.2387,26.3009,26.3604,26.4226,26.4887,26.5741,26.6594,26.7255,26.7877,26.8538,26.9458,27.0608,27.1759,27.2679,27.334,27.3896,27.4193,27.4259,27.4326,27.4623,27.5113,27.541,27.5476,27.5543,27.584,27.6396,27.6991,27.7613,27.8208,27.8764,27.9061,27.9194,27.9491,27.9981,28.0278,28.0411,28.0708,28.1198,28.1561,28.1925,28.2415,28.2712,28.2778

Brightness max : 687.03
Brightness min :  0.00
Feature direction : Antipoleward
Feature speed : Slow
Feature type : Curve
Start frame : 1
End frame : 130
Start time (s) : 0.000
End time (s) : 130.000
Time step (s) : 1.008

