KYMOANALYSIS DATA

General Information :

Tiff path : G:\My Drive\microtubule dynamics and cut7\21-15 screens and tests\cut11-7\19-06-12&20 (Cut7-3GFP and  mCh-mts, timeseries for modeling data)\
Spindle type : Monopolar
Start frame : 1
End frame : 329
Start time (s) : 0.000
End time (s) : 600.140
Time step (s) : 1.830
Num poles : 1
Num tracks : 1
Num tracks poleward : 0
Num tracks antipoleward : 0
Num tracks ambiguous : 1
Comments : {

}
Poles Information :


Pole number : 1

Time (s) : 1.829695,3.664986,5.500276,7.335567,9.170857,11.00615,12.84144,14.67673,16.51202,18.34731,20.1826,22.01789,23.85318,25.68847,27.52376,29.35905,31.19434,33.02963,34.86492,36.70021,38.53551,40.3708,42.20609,44.04138,45.87667,47.71196,49.54725,51.38254,53.21783,55.05312,56.88841,58.7237,60.55899,62.39428,64.22957,66.06486,67.90015,69.73544,71.57073,73.40603,75.24132,77.07661,78.9119,80.74719,82.58248,84.41777,86.25306,88.08835,89.92364,91.75893,93.59422,95.42951,97.2648,99.10009,100.9354,102.7707,104.606,106.4413,108.2765,110.1118,111.9471,113.7824,115.6177,117.453,119.2883,121.1236,122.9589,124.7942,126.6295,128.4647,130.3,132.1353,133.9706,135.8059,137.6412,139.4765,141.3118,143.1471,144.9824,146.8176,148.6529,150.4882,152.3235,154.1588,155.9941,157.8294,159.6647,161.5,163.3353,165.1706,167.0058,168.8411,170.6764,172.5117,174.347,176.1823,178.0176,179.8529,181.6882,183.5235,185.3587,187.194,189.0293,190.8646,192.6999,194.5352,196.3705,198.2058,200.0411,201.8764,203.7117,205.5469,207.3822,209.2175,211.0528,212.8881,214.7234,216.5587,218.394,220.2293,222.0646,223.8998,225.7351,227.5704,229.4057,231.241,233.0763,234.9116,236.7469,238.5822,240.4175,242.2528,244.088,245.9233,247.7586,249.5939,251.4292,253.2645,255.0998,256.9351,258.7704,260.6057,262.4409,264.2762,266.1115,267.9468,269.7821,271.6174,273.4527,275.288,277.1233,278.9586,280.7939,282.6291,284.4644,286.2997,288.135,289.9703,291.8056,293.6409,295.4762,297.3115,299.1468,300.982,302.8173,304.6526,306.4879,308.3232,310.1585,311.9938,313.8291,315.6644,317.4997,319.335,321.1702,323.0055,324.8408,326.6761,328.5114,330.3467,332.182,334.0173,335.8526,337.6879,339.5232,341.3584,343.1937,345.029,346.8643,348.6996,350.5349,352.3702,354.2055,356.0408,357.8761,359.7113,361.5466,363.3819,365.2172,367.0525,368.8878,370.7231,372.5584,374.3937,376.229,378.0643,379.8995,381.7348,383.5701,385.4054,387.2407,389.076,390.9113,392.7466,394.5819,396.4172,398.2524,400.0877,401.923,403.7583,405.5936,407.4289,409.2642,411.0995,412.9348,414.7701,416.6054,418.4406,420.2759,422.1112,423.9465,425.7818,427.6171,429.4524,431.2877,433.123,434.9583,436.7935,438.6288,440.4641,442.2994,444.1347,445.97,447.8053,449.6406,451.4759,453.3112,455.1465,456.9817,458.817,460.6523,462.4876,464.3229,466.1582,467.9935,469.8288,471.6641,473.4994,475.3346,477.1699,479.0052,480.8405,482.6758,484.5111,486.3464,488.1817,490.017,491.8523,493.6876,495.5228,497.3581,499.1934,501.0287,502.864,504.6993,506.5346,508.3699,510.2052,512.0405,513.8758,515.711,517.5463,519.3816,521.2169,523.0522,524.8875,526.7228,528.5581,530.3934,532.2287,534.0639,535.8992,537.7345,539.5698,541.4051,543.2404,545.0757,546.911,548.7463,550.5816,552.4169,554.2521,556.0874,557.9227,559.758,561.5933,563.4286,565.2639,567.0992,568.9345,570.7698,572.605,574.4403,576.2756,578.1109,579.9462,581.7815,583.6168,585.4521,587.2874,589.1227,590.958,592.7932,594.6285,596.4638,598.2991,600.1344,601.9697

Position (um) : 1.5516,1.5516,1.5516,1.5516,1.5516,1.5516,1.5516,1.5516,1.5516,1.5516,1.5516,1.5516,1.5516,1.5516,1.5516,1.5516,1.5516,1.5516,1.5516,1.5516,1.5516,1.5516,1.5516,1.5516,1.5516,1.5516,1.5516,1.5516,1.5516,1.5516,1.5516,1.5516,1.5516,1.5516,1.5516,1.5516,1.5516,1.5516,1.5516,1.5516,1.5516,1.5516,1.5516,1.5516,1.5516,1.5516,1.5516,1.5516,1.5516,1.5516,1.5516,1.5516,1.5516,1.5516,1.5516,1.5516,1.5516,1.5516,1.5516,1.5516,1.5516,1.5516,1.5516,1.5516,1.5516,1.5516,1.5516,1.5516,1.5516,1.5516,1.5516,1.5516,1.5516,1.5516,1.5516,1.5516,1.5516,1.5516,1.5516,1.5516,1.5516,1.5516,1.5516,1.5516,1.5516,1.5516,1.5516,1.5516,1.5516,1.5516,1.5516,1.5516,1.5516,1.5516,1.5516,1.5516,1.5516,1.5516,1.5516,1.5516,1.5516,1.5516,1.5516,1.5516,1.5516,1.5516,1.5516,1.5516,1.5516,1.5516,1.5516,1.5516,1.5516,1.5516,1.5516,1.5516,1.5516,1.5516,1.5516,1.5516,1.5516,1.5516,1.5516,1.5516,1.5516,1.5516,1.5516,1.5516,1.5516,1.5516,1.5516,1.5516,1.5516,1.5516,1.5516,1.5516,1.5516,1.5516,1.5516,1.5516,1.5516,1.5516,1.5516,1.5516,1.5516,1.5516,1.5516,1.5516,1.5516,1.5516,1.5516,1.5516,1.5516,1.5516,1.5516,1.5516,1.5516,1.5516,1.5516,1.5516,1.5516,1.5516,1.5516,1.5516,1.5516,1.5516,1.5516,1.5516,1.5516,1.5516,1.5516,1.5516,1.5516,1.5516,1.5516,1.5516,1.5516,1.5516,1.5516,1.5516,1.5516,1.5516,1.5516,1.5516,1.5516,1.5516,1.5516,1.5516,1.5516,1.5516,1.5516,1.5516,1.5516,1.5516,1.5516,1.5516,1.5516,1.5516,1.5516,1.5516,1.5516,1.5516,1.5516,1.5516,1.5516,1.5516,1.5516,1.5516,1.5516,1.5516,1.5516,1.5516,1.5516,1.5516,1.5516,1.5516,1.5516,1.5516,1.5516,1.5516,1.5516,1.5516,1.5516,1.5516,1.5516,1.5516,1.5516,1.5516,1.5516,1.5516,1.5516,1.5516,1.5516,1.5516,1.5516,1.5516,1.5516,1.5516,1.5516,1.5516,1.5516,1.5516,1.5516,1.5516,1.5516,1.5516,1.5516,1.5516,1.5516,1.5516,1.5516,1.5516,1.5516,1.5516,1.5516,1.5516,1.5516,1.5516,1.5516,1.5516,1.5516,1.5516,1.5516,1.5516,1.5516,1.5516,1.5516,1.5516,1.5516,1.5516,1.5516,1.5516,1.5516,1.5516,1.5516,1.5516,1.5516,1.5516,1.5516,1.5516,1.5516,1.5516,1.5516,1.5516,1.5516,1.5516,1.5516,1.5516,1.5516,1.5516,1.5516,1.5516,1.5516,1.5516,1.5516,1.5516,1.5516,1.5516,1.5516,1.5516,1.5516,1.5516,1.5516,1.5516,1.5516,1.5516,1.5516,1.5516,1.5516,1.5516,1.5516,1.5516,1.5516,1.5516,1.5516,1.5516,1.5516,1.5516,1.5516,1.5516,1.5516,1.5516,1.5516,1.5516,1.5516,1.5516,1.5516,1.5516

Intensity : 2382.2051,2366.7976,2423.1097,2399.7515,2398.6651,2347.9291,2368.8467,2454.3927,2479.2208,2467.051,2448.1981,2504.5289,2548.3619,2584.5393,2550.5811,2539.0588,2459.7991,2416.9702,2406.6557,2400.0215,2386.923,2286.6243,2258.8263,2208.007,2245.3186,2267.8689,2284.8885,2289.1854,2307.5637,2272.9008,2284.3194,2269.3879,2346.0141,2304.657,2267.3461,2205.7742,2253.9636,2295.3129,2347.9572,2366.2706,2375.9039,2405.7142,2393.8218,2389.6738,2376.1298,2327.9506,2278.8659,2272.7798,2290.2255,2293.8552,2226.7212,2233.336,2223.9471,2234.9983,2194.3897,2198.0083,2264.202,2322.1752,2378.3438,2398.6705,2358.5447,2271.1175,2224.9477,2288.4183,2388.7082,2422.295,2415.7874,2403.0728,2376.4289,2372.9184,2317.9226,2329.3121,2333.6132,2375.2284,2362.57,2389.8665,2419.1249,2446.4486,2423.0197,2464.4279,2450.7489,2450.4102,2398.9717,2425.3584,2432.1479,2431.0613,2427.7402,2411.3307,2397.7194,2363.1798,2283.829,2139.5115,2016.173,2029.9371,2090.6458,2104.6286,2023.1317,1943.1905,1875.8216,1879.5047,1917.8523,1980.2814,1996.8286,1991.8207,1962.7258,1898.7875,1846.0244,1829.5423,1876.0386,1891.2802,1901.5481,1901.9446,1927.6242,1951.5786,1994.9541,2044.4381,2101.9796,2111.9548,2093.0063,2044.7372,2042.4798,2042.9701,2035.3056,1952.6605,1856.6029,1804.6585,1808.1234,1818.2023,1826.3071,1810.6267,1815.5551,1801.0151,1812.5877,1850.8778,1927.676,2046.7251,2127.1558,2166.6823,2128.2514,2070.6109,2004.7458,1939.9899,1921.8852,1929.6782,1923.35,1890.6447,1861.6577,1900.6155,1967.0892,2007.0186,1988.9586,1978.0176,1990.1395,2028.5958,2075.9349,2093.9086,2074.6209,2023.0432,2009.0994,1986.7158,1944.2323,1907.0458,1891.4401,1848.4156,1779.5813,1750.9963,1727.1474,1685.0202,1640.4142,1636.7398,1651.1659,1651.4985,1662.1137,1703.5174,1782.2129,1856.0037,1838.5317,1747.3928,1635.5738,1610.6626,1665.0949,1764.3591,1794.9425,1769.6314,1733.1824,1718.6087,1728.1863,1735.4712,1740.72,1721.1289,1690.0718,1688.6386,1716.8106,1723.8075,1700.3519,1668.8346,1663.3681,1726.2038,1772.669,1778.4238,1746.5835,1736.6861,1773.5225,1788.9678,1767.308,1725.4954,1700.9706,1702.789,1721.8938,1690.464,1640.5202,1579.7129,1580.0056,1601.9101,1602.927,1595.8272,1588.3651,1576.1458,1568.172,1565.8919,1584.4006,1579.5388,1587.4239,1571.8363,1568.2748,1535.7102,1549.1063,1557.1891,1596.5556,1626.2176,1643.4239,1637.1975,1618.007,1635.9001,1658.747,1684.552,1707.7503,1692.424,1663.9736,1633.4089,1635.2406,1651.6489,1642.4532,1634.5053,1644.6165,1638.2781,1626.6696,1601.0211,1562.0511,1519.5141,1477.066,1498.343,1542.5714,1585.0319,1610.0235,1610.1855,1588.7405,1566.3659,1547.3667,1517.2032,1485.68,1487.2518,1504.4767,1506.1074,1479.3132,1460.2473,1456.0351,1446.0253,1425.4323,1417.1267,1399.5913,1383.6155,1360.0371,1366.5743,1404.5294,1414.088,1401.9947,1393.1393,1412.6132,1468.2658,1486.3491,1492.8582,1492.0195,1512.995,1556.9006,1527.3144,1482.9464,1431.0081,1442.8999,1447.8894,1461.1885,1493.6209,1550.3357,1576.875,1604.8053,1575.3894,1563.4398,1513.2435,1535.602,1539.8996,1524.6849,1455.6437,1429.558,1454.406,1498.9629,1504.1178,1511.2008,1510.3859,1493.0351,1473.8961,1458.8589,1466.3734,1454.2375,1475.7701,1550.8208,1561.913,1548.2466,1518.5973,1533.6022,1571.2468,1569.201,1587.1742,1561.0876,1567.5097,1545.5884,1543.1061,1478.5826,1444.9699

Time pixel : 1,2.003058,3.006116,4.009174,5.012232,6.015291,7.018349,8.021407,9.024465,10.02752,11.03058,12.03364,13.0367,14.03976,15.04281,16.04587,17.04893,18.05199,19.05505,20.0581,21.06116,22.06422,23.06728,24.07034,25.07339,26.07645,27.07951,28.08257,29.08563,30.08869,31.09174,32.0948,33.09786,34.10092,35.10398,36.10703,37.11009,38.11315,39.11621,40.11927,41.12232,42.12538,43.12844,44.1315,45.13456,46.13761,47.14067,48.14373,49.14679,50.14985,51.15291,52.15596,53.15902,54.16208,55.16514,56.1682,57.17125,58.17431,59.17737,60.18043,61.18349,62.18654,63.1896,64.19266,65.19572,66.19878,67.20183,68.20489,69.20795,70.21101,71.21407,72.21713,73.22018,74.22324,75.2263,76.22936,77.23242,78.23547,79.23853,80.24159,81.24465,82.24771,83.25076,84.25382,85.25688,86.25994,87.263,88.26606,89.26911,90.27217,91.27523,92.27829,93.28135,94.2844,95.28746,96.29052,97.29358,98.29664,99.29969,100.3028,101.3058,102.3089,103.3119,104.315,105.318,106.3211,107.3242,108.3272,109.3303,110.3333,111.3364,112.3394,113.3425,114.3456,115.3486,116.3517,117.3547,118.3578,119.3609,120.3639,121.367,122.37,123.3731,124.3761,125.3792,126.3823,127.3853,128.3884,129.3914,130.3945,131.3976,132.4006,133.4037,134.4067,135.4098,136.4128,137.4159,138.419,139.422,140.4251,141.4281,142.4312,143.4343,144.4373,145.4404,146.4434,147.4465,148.4495,149.4526,150.4557,151.4587,152.4618,153.4648,154.4679,155.4709,156.474,157.4771,158.4801,159.4832,160.4862,161.4893,162.4924,163.4954,164.4985,165.5015,166.5046,167.5076,168.5107,169.5138,170.5168,171.5199,172.5229,173.526,174.5291,175.5321,176.5352,177.5382,178.5413,179.5443,180.5474,181.5505,182.5535,183.5566,184.5596,185.5627,186.5657,187.5688,188.5719,189.5749,190.578,191.581,192.5841,193.5872,194.5902,195.5933,196.5963,197.5994,198.6024,199.6055,200.6086,201.6116,202.6147,203.6177,204.6208,205.6239,206.6269,207.63,208.633,209.6361,210.6391,211.6422,212.6453,213.6483,214.6514,215.6544,216.6575,217.6606,218.6636,219.6667,220.6697,221.6728,222.6758,223.6789,224.682,225.685,226.6881,227.6911,228.6942,229.6972,230.7003,231.7034,232.7064,233.7095,234.7125,235.7156,236.7187,237.7217,238.7248,239.7278,240.7309,241.7339,242.737,243.7401,244.7431,245.7462,246.7492,247.7523,248.7554,249.7584,250.7615,251.7645,252.7676,253.7706,254.7737,255.7768,256.7798,257.7829,258.7859,259.789,260.792,261.7951,262.7982,263.8012,264.8043,265.8073,266.8104,267.8135,268.8165,269.8196,270.8226,271.8257,272.8287,273.8318,274.8349,275.8379,276.841,277.844,278.8471,279.8502,280.8532,281.8563,282.8593,283.8624,284.8654,285.8685,286.8716,287.8746,288.8777,289.8807,290.8838,291.8869,292.8899,293.893,294.896,295.8991,296.9021,297.9052,298.9083,299.9113,300.9144,301.9174,302.9205,303.9235,304.9266,305.9297,306.9327,307.9358,308.9388,309.9419,310.945,311.948,312.9511,313.9541,314.9572,315.9602,316.9633,317.9664,318.9694,319.9725,320.9755,321.9786,322.9817,323.9847,324.9878,325.9908,326.9939,327.9969,329

Position pixel : 14.5415,14.5415,14.5415,14.5415,14.5415,14.5415,14.5415,14.5415,14.5415,14.5415,14.5415,14.5415,14.5415,14.5415,14.5415,14.5415,14.5415,14.5415,14.5415,14.5415,14.5415,14.5415,14.5415,14.5415,14.5415,14.5415,14.5415,14.5415,14.5415,14.5415,14.5415,14.5415,14.5415,14.5415,14.5415,14.5415,14.5415,14.5415,14.5415,14.5415,14.5415,14.5415,14.5415,14.5415,14.5415,14.5415,14.5415,14.5415,14.5415,14.5415,14.5415,14.5415,14.5415,14.5415,14.5415,14.5415,14.5415,14.5415,14.5415,14.5415,14.5415,14.5415,14.5415,14.5415,14.5415,14.5415,14.5415,14.5415,14.5415,14.5415,14.5415,14.5415,14.5415,14.5415,14.5415,14.5415,14.5415,14.5415,14.5415,14.5415,14.5415,14.5415,14.5415,14.5415,14.5415,14.5415,14.5415,14.5415,14.5415,14.5415,14.5415,14.5415,14.5415,14.5415,14.5415,14.5415,14.5415,14.5415,14.5415,14.5415,14.5415,14.5415,14.5415,14.5415,14.5415,14.5415,14.5415,14.5415,14.5415,14.5415,14.5415,14.5415,14.5415,14.5415,14.5415,14.5415,14.5415,14.5415,14.5415,14.5415,14.5415,14.5415,14.5415,14.5415,14.5415,14.5415,14.5415,14.5415,14.5415,14.5415,14.5415,14.5415,14.5415,14.5415,14.5415,14.5415,14.5415,14.5415,14.5415,14.5415,14.5415,14.5415,14.5415,14.5415,14.5415,14.5415,14.5415,14.5415,14.5415,14.5415,14.5415,14.5415,14.5415,14.5415,14.5415,14.5415,14.5415,14.5415,14.5415,14.5415,14.5415,14.5415,14.5415,14.5415,14.5415,14.5415,14.5415,14.5415,14.5415,14.5415,14.5415,14.5415,14.5415,14.5415,14.5415,14.5415,14.5415,14.5415,14.5415,14.5415,14.5415,14.5415,14.5415,14.5415,14.5415,14.5415,14.5415,14.5415,14.5415,14.5415,14.5415,14.5415,14.5415,14.5415,14.5415,14.5415,14.5415,14.5415,14.5415,14.5415,14.5415,14.5415,14.5415,14.5415,14.5415,14.5415,14.5415,14.5415,14.5415,14.5415,14.5415,14.5415,14.5415,14.5415,14.5415,14.5415,14.5415,14.5415,14.5415,14.5415,14.5415,14.5415,14.5415,14.5415,14.5415,14.5415,14.5415,14.5415,14.5415,14.5415,14.5415,14.5415,14.5415,14.5415,14.5415,14.5415,14.5415,14.5415,14.5415,14.5415,14.5415,14.5415,14.5415,14.5415,14.5415,14.5415,14.5415,14.5415,14.5415,14.5415,14.5415,14.5415,14.5415,14.5415,14.5415,14.5415,14.5415,14.5415,14.5415,14.5415,14.5415,14.5415,14.5415,14.5415,14.5415,14.5415,14.5415,14.5415,14.5415,14.5415,14.5415,14.5415,14.5415,14.5415,14.5415,14.5415,14.5415,14.5415,14.5415,14.5415,14.5415,14.5415,14.5415,14.5415,14.5415,14.5415,14.5415,14.5415,14.5415,14.5415,14.5415,14.5415,14.5415,14.5415,14.5415,14.5415,14.5415,14.5415,14.5415,14.5415,14.5415,14.5415,14.5415,14.5415,14.5415,14.5415,14.5415,14.5415,14.5415,14.5415,14.5415,14.5415,14.5415,14.5415,14.5415,14.5415,14.5415,14.5415,14.5415,14.5415,14.5415,14.5415,14.5415,14.5415,14.5415,14.5415,14.5415,14.5415

Pole type : Line
Start frame : 1
End frame : 329
Start time (s) : 0.000
End time (s) : 600.140
Time step (s) : 1.830

Feature Information :


Feature number : 1

Time (s) : 2.103232,3.937686,5.77214,7.606594,9.441048,11.2755,13.10996,14.94441,16.77886,18.61332,20.44777,22.28223,24.11668,25.95113,27.78559,29.62004,31.4545,33.28895,35.1234,36.95786,38.79231,40.62677,42.46122,44.29567,46.13013,47.96458,49.79904,51.63349,53.46794,55.3024,57.13685,58.97131,60.80576,62.64021,64.47467,66.30912,68.14358,69.97803,71.81248,73.64694,75.48139,77.31585,79.1503,80.98475,82.81921,84.65366,86.48812,88.32257,90.15702,91.99148,93.82593,95.66039,97.49484,99.32929,101.1637,102.9982,104.8327,106.6671,108.5016,110.336,112.1705,114.0049,115.8394,117.6738,119.5083,121.3427,123.1772,125.0117,126.8461,128.6806,130.515,132.3495,134.1839,136.0184,137.8528,139.6873,141.5217,143.3562,145.1906,147.0251,148.8596,150.694,152.5285,154.3629,156.1974,158.0318,159.8663,161.7007,163.5352,165.3696,167.2041,169.0385,170.873,172.7075,174.5419,176.3764,178.2108,180.0453,181.8797,183.7142,185.5486,187.3831,189.2175,191.052,192.8864,194.7209,196.5554,198.3898,200.2243,202.0587,203.8932,205.7276,207.5621,209.3965,211.231,213.0654,214.8999,216.7344,218.5688,220.4033,222.2377,224.0722,225.9066,227.7411,229.5755,231.41,233.2444,235.0789,236.9133,238.7478,240.5823,242.4167,244.2512,246.0856,247.9201,249.7545,251.589,253.4234,255.2579,257.0923,258.9268,260.7612,262.5957,264.4302,266.2646,268.0991,269.9335,271.768,273.6024,275.4369,277.2713,279.1058,280.9402,282.7747,284.6092,286.4436,288.2781,290.1125,291.947,293.7814,295.6159,297.4503,299.2848,301.1192,302.9537,304.7881,306.6226,308.4571,310.2915,312.126,313.9604,315.7949,317.6293,319.4638,321.2982,323.1327,324.9671,326.8016,328.636,330.4705,332.305,334.1394,335.9739,337.8083,339.6428,341.4772,343.3117,345.1461,346.9806,348.815,350.6495,352.4839,354.3184,356.1529,357.9873,359.8218,361.6562,363.4907,365.3251,367.1596,368.994,370.8285,372.6629,374.4974,376.3319,378.1663,380.0008,381.8352,383.6697,385.5041,387.3386,389.173,391.0075,392.8419,394.6764,396.5108,398.3453,400.1798,402.0142,403.8487,405.6831,407.5176,409.352,411.1865,413.0209,414.8554,416.6898,418.5243,420.3587,422.1932,424.0277,425.8621,427.6966,429.531,431.3655,433.1999,435.0344,436.8688,438.7033,440.5377,442.3722,444.2066,446.0411,447.8756,449.71,451.5445,453.3789,455.2134,457.0478,458.8823,460.7167,462.5512,464.3856,466.2201,468.0546,469.889,471.7235,473.5579,475.3924,477.2268,479.0613,480.8957,482.7302,484.5646,486.3991,488.2335,490.068,491.9025,493.7369,495.5714,497.4058,499.2403,501.0747,502.9092,504.7436,506.5781,508.4125,510.247,512.0814,513.9159,515.7504,517.5848,519.4193,521.2537,523.0882,524.9226,526.7571,528.5915,530.426,532.2604,534.0949,535.9294,537.7638,539.5983,541.4327,543.2672,545.1016,546.9361,548.7705,550.605,552.4394,554.2739,556.1083,557.9428,559.7773,561.6117,563.4462,565.2806,567.1151,568.9495,570.784,572.6184,574.4529,576.2873,578.1218,579.9562,581.7907,583.6252,585.4596,587.2941,589.1285,590.963,592.7974,594.6319,596.4663,598.3008,600.1352,601.9697

Position (um) : 1.5516,1.5516,1.5516,1.5516,1.5516,1.5516,1.5516,1.5516,1.5516,1.5516,1.5516,1.5516,1.5516,1.5516,1.5516,1.5516,1.5516,1.5516,1.5516,1.5516,1.5516,1.5516,1.5516,1.5516,1.5516,1.5516,1.5516,1.5516,1.5516,1.5516,1.5516,1.5516,1.5516,1.5516,1.5516,1.5516,1.5516,1.5516,1.5516,1.5516,1.5516,1.5516,1.5516,1.5516,1.5516,1.5516,1.5516,1.5516,1.5516,1.5516,1.5516,1.5516,1.5516,1.5516,1.5516,1.5516,1.5516,1.5516,1.5516,1.5516,1.5516,1.5516,1.5516,1.5516,1.5516,1.5516,1.5516,1.5516,1.5516,1.5516,1.5516,1.5516,1.5516,1.5516,1.5516,1.5516,1.5516,1.5516,1.5516,1.5516,1.5516,1.5516,1.5516,1.5516,1.5516,1.5516,1.5516,1.5516,1.5516,1.5516,1.5516,1.5516,1.5516,1.5516,1.5516,1.5516,1.5516,1.5516,1.5516,1.5516,1.5516,1.5516,1.5516,1.5516,1.5516,1.5516,1.5516,1.5516,1.5516,1.5516,1.5516,1.5516,1.5516,1.5516,1.5516,1.5516,1.5516,1.5516,1.5516,1.5516,1.5516,1.5516,1.5516,1.5516,1.5516,1.5516,1.5516,1.5516,1.5516,1.5516,1.5516,1.5516,1.5516,1.5516,1.5516,1.5516,1.5516,1.5516,1.5516,1.5516,1.5516,1.5516,1.5516,1.5516,1.5516,1.5516,1.5516,1.5516,1.5516,1.5516,1.5516,1.5516,1.5516,1.5516,1.5516,1.5516,1.5516,1.5516,1.5516,1.5516,1.5516,1.5516,1.5516,1.5516,1.5516,1.5516,1.5516,1.5516,1.5516,1.5516,1.5516,1.5516,1.5516,1.5516,1.5516,1.5516,1.5516,1.5516,1.5516,1.5516,1.5516,1.5516,1.5516,1.5516,1.5516,1.5516,1.5516,1.5516,1.5516,1.5516,1.5516,1.5516,1.5516,1.5516,1.5516,1.5516,1.5516,1.5516,1.5516,1.5516,1.5516,1.5516,1.5516,1.5516,1.5516,1.5516,1.5516,1.5516,1.5516,1.5516,1.5516,1.5516,1.5516,1.5516,1.5516,1.5516,1.5516,1.5516,1.5516,1.5516,1.5516,1.5516,1.5516,1.5516,1.5516,1.5516,1.5516,1.5516,1.5516,1.5516,1.5516,1.5516,1.5516,1.5516,1.5516,1.5516,1.5516,1.5516,1.5516,1.5516,1.5516,1.5516,1.5516,1.5516,1.5516,1.5516,1.5516,1.5516,1.5516,1.5516,1.5516,1.5516,1.5516,1.5516,1.5516,1.5516,1.5516,1.5516,1.5516,1.5516,1.5516,1.5516,1.5516,1.5516,1.5516,1.5516,1.5516,1.5516,1.5516,1.5516,1.5516,1.5516,1.5516,1.5516,1.5516,1.5516,1.5516,1.5516,1.5516,1.5516,1.5516,1.5516,1.5516,1.5516,1.5516,1.5516,1.5516,1.5516,1.5516,1.5516,1.5516,1.5516,1.5516,1.5516,1.5516,1.5516,1.5516,1.5516,1.5516,1.5516,1.5516,1.5516,1.5516,1.5516,1.5516,1.5516,1.5516,1.5516,1.5516,1.5516,1.5516,1.5516,1.5516,1.5516,1.5516,1.5516,1.5516,1.5516,1.5516,1.5516,1.5516,1.5516,1.5516,1.5516,1.5516,1.5516,1.5516,1.5516

Intensity : 2379.8758,2375.2377,2419.6183,2399.6836,2391.0353,2350.8188,2381.5536,2458.1479,2477.4885,2463.9738,2456.3988,2510.8679,2553.9784,2579.5148,2549.4126,2527.5348,2453.4779,2415.4824,2405.7255,2399.0241,2372.174,2283.0456,2250.8258,2213.3345,2248.4817,2270.3831,2285.2382,2292.437,2302.1811,2274.9611,2280.8228,2281.4603,2340.3272,2300.2384,2257.3551,2212.3324,2259.1853,2302.8371,2350.5887,2367.0555,2380.6057,2404.0036,2393.3655,2388.5919,2370.0647,2320.822,2277.5862,2274.9829,2292.5799,2283.5759,2228.0666,2231.4063,2226.7289,2229.1577,2193.225,2206.4437,2271.2695,2329.7514,2382.1515,2395.1783,2347.3907,2262.7614,2231.1614,2302.1424,2393.9236,2421.512,2415.0365,2398.6104,2378.2541,2364.1312,2319.9985,2327.9664,2340.6564,2372.3689,2365.8764,2392.4686,2424.9773,2440.7098,2430.1582,2461.4518,2453.6238,2441.5253,2402.5418,2426.4598,2431.8981,2431.3101,2425.6516,2410.325,2394.9243,2356.846,2269.2691,2121.3178,2015.5467,2036.6904,2096.4027,2095.6745,2015.3605,1933.2796,1875.4463,1881.6373,1926.0251,1982.8775,1996.5586,1990.7796,1955.6315,1893.5771,1840.4417,1835.9544,1877.1317,1893.6512,1899.8988,1905.2694,1928.6114,1956.491,1997.8917,2052.6604,2102.6709,2113.3907,2085.4457,2045.3394,2040.859,2045.8543,2028.5338,1943.4,1848.2538,1805.6013,1807.4456,1821.6426,1822.8424,1812.3466,1814.0653,1799.9918,1816.6551,1853.2946,1940.7315,2053.4695,2134.5709,2164.5938,2123.2432,2065.7298,1998.1132,1935.9687,1923.5978,1928.9737,1923.0431,1884.8928,1863.4161,1905.5941,1973.0872,2006.9845,1985.8129,1979.7776,1990.1996,2035.0657,2076.6171,2096.1334,2069.0214,2020.7571,2009.315,1982.9523,1941.5314,1904.0985,1892.0656,1841.3146,1776.411,1749.9131,1724.7399,1681.2928,1637.6307,1638.8286,1651.2286,1651.4866,1663.5545,1707.7449,1788.8407,1859.8288,1833.0089,1740.5263,1627.3283,1614.4009,1668.6876,1773.4314,1791.3573,1769.475,1729.069,1720.0937,1728.146,1736.3167,1740.6751,1719.0232,1688.2423,1689.7887,1718.9632,1723.0392,1698.4747,1666.9159,1664.1043,1731.917,1773.4725,1778.4603,1743.5376,1737.6679,1776.3228,1788.6677,1765.5365,1722.8295,1700.3828,1703.2873,1723.2428,1687.0495,1638.2627,1575.9564,1582.0671,1602.5594,1602.6644,1595.4111,1588.0057,1575.402,1567.9478,1565.8343,1585.7743,1578.5313,1588.458,1570.2673,1568.7514,1533.2872,1551.0842,1556.8501,1599.2582,1626.9588,1644.1962,1636.4897,1617.1221,1637.3363,1659.5337,1685.7543,1708.624,1691.2222,1662.8326,1632.1466,1635.7974,1652.3256,1641.7327,1634.3436,1645.1857,1637.7705,1626.2653,1599.9101,1560.5492,1517.9925,1475.5801,1499.756,1544.1188,1586.436,1610.6937,1610.0031,1587.9019,1565.6832,1546.7897,1516.1707,1484.7317,1487.5511,1505.0413,1506.0294,1478.3759,1459.7997,1455.9933,1445.6984,1424.8265,1416.9896,1399.0668,1383.2303,1359.4022,1366.8932,1405.5653,1414.1624,1401.6469,1392.9631,1413.1574,1469.6036,1486.5783,1492.98,1491.9801,1513.4886,1557.8197,1526.5271,1482.1084,1430.0427,1443.2714,1447.9387,1461.4358,1494.1901,1551.2837,1577.2254,1605.2347,1574.8658,1563.3076,1512.4989,1535.9997,1539.9225,1524.4781,1454.77,1429.3075,1454.72,1499.4431,1504.1388,1511.2721,1510.3733,1492.8758,1473.7387,1458.7443,1466.4371,1454.1472,1475.9181,1551.2792,1561.9587,1548.1739,1518.4597,1533.6695,1571.3863,1569.1912,1587.2246,1561.0263,1567.5224,1545.558,1543.104,1478.553,1444.9699

Time pixel : 1.149499,2.1521,3.1547,4.157301,5.159902,6.162503,7.165104,8.167705,9.170306,10.17291,11.17551,12.17811,13.18071,14.18331,15.18591,16.18851,17.19111,18.19371,19.19632,20.19892,21.20152,22.20412,23.20672,24.20932,25.21192,26.21452,27.21712,28.21972,29.22232,30.22493,31.22753,32.23013,33.23273,34.23533,35.23793,36.24053,37.24313,38.24573,39.24833,40.25093,41.25354,42.25614,43.25874,44.26134,45.26394,46.26654,47.26914,48.27174,49.27434,50.27694,51.27954,52.28215,53.28475,54.28735,55.28995,56.29255,57.29515,58.29775,59.30035,60.30295,61.30555,62.30815,63.31076,64.31336,65.31596,66.31856,67.32116,68.32376,69.32636,70.32896,71.33156,72.33416,73.33676,74.33937,75.34197,76.34457,77.34717,78.34977,79.35237,80.35497,81.35757,82.36017,83.36277,84.36538,85.36798,86.37058,87.37318,88.37578,89.37838,90.38098,91.38358,92.38618,93.38878,94.39138,95.39399,96.39659,97.39919,98.40179,99.40439,100.407,101.4096,102.4122,103.4148,104.4174,105.42,106.4226,107.4252,108.4278,109.4304,110.433,111.4356,112.4382,113.4408,114.4434,115.446,116.4486,117.4512,118.4538,119.4564,120.459,121.4616,122.4642,123.4668,124.4694,125.472,126.4746,127.4772,128.4798,129.4824,130.485,131.4876,132.4902,133.4928,134.4954,135.498,136.5006,137.5032,138.5058,139.5084,140.511,141.5136,142.5162,143.5188,144.5214,145.524,146.5266,147.5292,148.5318,149.5344,150.537,151.5396,152.5422,153.5448,154.5474,155.55,156.5526,157.5552,158.5578,159.5604,160.563,161.5656,162.5682,163.5708,164.5734,165.576,166.5787,167.5813,168.5839,169.5865,170.5891,171.5917,172.5943,173.5969,174.5995,175.6021,176.6047,177.6073,178.6099,179.6125,180.6151,181.6177,182.6203,183.6229,184.6255,185.6281,186.6307,187.6333,188.6359,189.6385,190.6411,191.6437,192.6463,193.6489,194.6515,195.6541,196.6567,197.6593,198.6619,199.6645,200.6671,201.6697,202.6723,203.6749,204.6775,205.6801,206.6827,207.6853,208.6879,209.6905,210.6931,211.6957,212.6983,213.7009,214.7035,215.7061,216.7087,217.7113,218.7139,219.7165,220.7191,221.7217,222.7243,223.7269,224.7295,225.7321,226.7347,227.7373,228.7399,229.7425,230.7451,231.7477,232.7503,233.7529,234.7555,235.7581,236.7607,237.7633,238.7659,239.7685,240.7711,241.7737,242.7763,243.7789,244.7815,245.7841,246.7867,247.7893,248.7919,249.7945,250.7971,251.7997,252.8023,253.8049,254.8075,255.8101,256.8127,257.8153,258.8179,259.8205,260.8231,261.8257,262.8283,263.8309,264.8335,265.8361,266.8387,267.8413,268.8439,269.8465,270.8491,271.8517,272.8543,273.8569,274.8596,275.8622,276.8648,277.8674,278.87,279.8726,280.8752,281.8778,282.8804,283.883,284.8856,285.8882,286.8908,287.8934,288.896,289.8986,290.9012,291.9038,292.9064,293.909,294.9116,295.9142,296.9168,297.9194,298.922,299.9246,300.9272,301.9298,302.9324,303.935,304.9376,305.9402,306.9428,307.9454,308.948,309.9506,310.9532,311.9558,312.9584,313.961,314.9636,315.9662,316.9688,317.9714,318.974,319.9766,320.9792,321.9818,322.9844,323.987,324.9896,325.9922,326.9948,327.9974,329

Position pixel : 14.5415,14.5415,14.5415,14.5415,14.5415,14.5415,14.5415,14.5415,14.5415,14.5415,14.5415,14.5415,14.5415,14.5415,14.5415,14.5415,14.5415,14.5415,14.5415,14.5415,14.5415,14.5415,14.5415,14.5415,14.5415,14.5415,14.5415,14.5415,14.5415,14.5415,14.5415,14.5415,14.5415,14.5415,14.5415,14.5415,14.5415,14.5415,14.5415,14.5415,14.5415,14.5415,14.5415,14.5415,14.5415,14.5415,14.5415,14.5415,14.5415,14.5415,14.5415,14.5415,14.5415,14.5415,14.5415,14.5415,14.5415,14.5415,14.5415,14.5415,14.5415,14.5415,14.5415,14.5415,14.5415,14.5415,14.5415,14.5415,14.5415,14.5415,14.5415,14.5415,14.5415,14.5415,14.5415,14.5415,14.5415,14.5415,14.5415,14.5415,14.5415,14.5415,14.5415,14.5415,14.5415,14.5415,14.5415,14.5415,14.5415,14.5415,14.5415,14.5415,14.5415,14.5415,14.5415,14.5415,14.5415,14.5415,14.5415,14.5415,14.5415,14.5415,14.5415,14.5415,14.5415,14.5415,14.5415,14.5415,14.5415,14.5415,14.5415,14.5415,14.5415,14.5415,14.5415,14.5415,14.5415,14.5415,14.5415,14.5415,14.5415,14.5415,14.5415,14.5415,14.5415,14.5415,14.5415,14.5415,14.5415,14.5415,14.5415,14.5415,14.5415,14.5415,14.5415,14.5415,14.5415,14.5415,14.5415,14.5415,14.5415,14.5415,14.5415,14.5415,14.5415,14.5415,14.5415,14.5415,14.5415,14.5415,14.5415,14.5415,14.5415,14.5415,14.5415,14.5415,14.5415,14.5415,14.5415,14.5415,14.5415,14.5415,14.5415,14.5415,14.5415,14.5415,14.5415,14.5415,14.5415,14.5415,14.5415,14.5415,14.5415,14.5415,14.5415,14.5415,14.5415,14.5415,14.5415,14.5415,14.5415,14.5415,14.5415,14.5415,14.5415,14.5415,14.5415,14.5415,14.5415,14.5415,14.5415,14.5415,14.5415,14.5415,14.5415,14.5415,14.5415,14.5415,14.5415,14.5415,14.5415,14.5415,14.5415,14.5415,14.5415,14.5415,14.5415,14.5415,14.5415,14.5415,14.5415,14.5415,14.5415,14.5415,14.5415,14.5415,14.5415,14.5415,14.5415,14.5415,14.5415,14.5415,14.5415,14.5415,14.5415,14.5415,14.5415,14.5415,14.5415,14.5415,14.5415,14.5415,14.5415,14.5415,14.5415,14.5415,14.5415,14.5415,14.5415,14.5415,14.5415,14.5415,14.5415,14.5415,14.5415,14.5415,14.5415,14.5415,14.5415,14.5415,14.5415,14.5415,14.5415,14.5415,14.5415,14.5415,14.5415,14.5415,14.5415,14.5415,14.5415,14.5415,14.5415,14.5415,14.5415,14.5415,14.5415,14.5415,14.5415,14.5415,14.5415,14.5415,14.5415,14.5415,14.5415,14.5415,14.5415,14.5415,14.5415,14.5415,14.5415,14.5415,14.5415,14.5415,14.5415,14.5415,14.5415,14.5415,14.5415,14.5415,14.5415,14.5415,14.5415,14.5415,14.5415,14.5415,14.5415,14.5415,14.5415,14.5415,14.5415,14.5415,14.5415,14.5415,14.5415,14.5415,14.5415,14.5415,14.5415,14.5415,14.5415,14.5415,14.5415,14.5415,14.5415,14.5415,14.5415,14.5415,14.5415,14.5415,14.5415,14.5415,14.5415,14.5415,14.5415,14.5415,14.5415,14.5415

Brightness max : 2626.00
Brightness min : 230.00
Feature direction : Ambiguous
Feature speed : Slow
Feature type : Line
Start frame : 1
End frame : 329
Start time (s) : 0.000
End time (s) : 600.140
Time step (s) : 1.830

