KYMOANALYSIS DATA

General Information :

Tiff path : G:\My Drive\microtubule dynamics and cut7\21-15 screens and tests\cut11-7\19-06-12&20 (Cut7-3GFP and  mCh-mts, timeseries for modeling data)\
Spindle type : Monopolar
Start frame : 1
End frame : 333
Start time (s) : 0.000
End time (s) : 601.280
Time step (s) : 1.811
Num poles : 1
Num tracks : 1
Num tracks poleward : 0
Num tracks antipoleward : 0
Num tracks ambiguous : 1
Comments : {

}
Poles Information :


Pole number : 1

Time (s) : 1.811084,3.62764,5.444196,7.260752,9.077308,10.89386,12.71042,14.52698,16.34353,18.16009,19.97664,21.7932,23.60976,25.42631,27.24287,29.05942,30.87598,32.69253,34.50909,36.32565,38.1422,39.95876,41.77531,43.59187,45.40843,47.22498,49.04154,50.85809,52.67465,54.49121,56.30776,58.12432,59.94087,61.75743,63.57398,65.39054,67.2071,69.02365,70.84021,72.65676,74.47332,76.28988,78.10643,79.92299,81.73954,83.5561,85.37266,87.18921,89.00577,90.82232,92.63888,94.45543,96.27199,98.08855,99.9051,101.7217,103.5382,105.3548,107.1713,108.9879,110.8044,112.621,114.4375,116.2541,118.0707,119.8872,121.7038,123.5203,125.3369,127.1534,128.97,130.7866,132.6031,134.4197,136.2362,138.0528,139.8693,141.6859,143.5024,145.319,147.1356,148.9521,150.7687,152.5852,154.4018,156.2183,158.0349,159.8514,161.668,163.4846,165.3011,167.1177,168.9342,170.7508,172.5673,174.3839,176.2004,178.017,179.8336,181.6501,183.4667,185.2832,187.0998,188.9163,190.7329,192.5495,194.366,196.1826,197.9991,199.8157,201.6322,203.4488,205.2653,207.0819,208.8985,210.715,212.5316,214.3481,216.1647,217.9812,219.7978,221.6143,223.4309,225.2475,227.064,228.8806,230.6971,232.5137,234.3302,236.1468,237.9634,239.7799,241.5965,243.413,245.2296,247.0461,248.8627,250.6792,252.4958,254.3124,256.1289,257.9455,259.762,261.5786,263.3951,265.2117,267.0282,268.8448,270.6614,272.4779,274.2945,276.111,277.9276,279.7441,281.5607,283.3772,285.1938,287.0104,288.8269,290.6435,292.46,294.2766,296.0931,297.9097,299.7263,301.5428,303.3594,305.1759,306.9925,308.809,310.6256,312.4421,314.2587,316.0753,317.8918,319.7084,321.5249,323.3415,325.158,326.9746,328.7911,330.6077,332.4243,334.2408,336.0574,337.8739,339.6905,341.507,343.3236,345.1401,346.9567,348.7733,350.5898,352.4064,354.2229,356.0395,357.856,359.6726,361.4892,363.3057,365.1223,366.9388,368.7554,370.5719,372.3885,374.205,376.0216,377.8382,379.6547,381.4713,383.2878,385.1044,386.9209,388.7375,390.554,392.3706,394.1872,396.0037,397.8203,399.6368,401.4534,403.2699,405.0865,406.903,408.7196,410.5362,412.3527,414.1693,415.9858,417.8024,419.6189,421.4355,423.2521,425.0686,426.8852,428.7017,430.5183,432.3348,434.1514,435.9679,437.7845,439.6011,441.4176,443.2342,445.0507,446.8673,448.6838,450.5004,452.3169,454.1335,455.9501,457.7666,459.5832,461.3997,463.2163,465.0328,466.8494,468.6659,470.4825,472.2991,474.1156,475.9322,477.7487,479.5653,481.3818,483.1984,485.015,486.8315,488.6481,490.4646,492.2812,494.0977,495.9143,497.7308,499.5474,501.364,503.1805,504.9971,506.8136,508.6302,510.4467,512.2633,514.0798,515.8964,517.713,519.5295,521.3461,523.1626,524.9792,526.7957,528.6123,530.4288,532.2454,534.062,535.8785,537.6951,539.5116,541.3282,543.1447,544.9613,546.7779,548.5944,550.411,552.2275,554.0441,555.8606,557.6772,559.4937,561.3103,563.1269,564.9434,566.76,568.5765,570.3931,572.2096,574.0262,575.8427,577.6593,579.4759,581.2924,583.109,584.9255,586.7421,588.5586,590.3752,592.1917,594.0083,595.8249,597.6414,599.458,601.2745,603.0911

Position (um) : 2.042,2.0421,2.0422,2.0423,2.0424,2.0425,2.0426,2.0427,2.0428,2.0429,2.043,2.0431,2.0432,2.0433,2.0434,2.0435,2.0436,2.0437,2.0438,2.0439,2.044,2.0441,2.0442,2.0443,2.0444,2.0445,2.0446,2.0447,2.0448,2.0449,2.045,2.0451,2.0452,2.0453,2.0454,2.0455,2.0455,2.0456,2.0457,2.0458,2.0459,2.046,2.0461,2.0462,2.0463,2.0464,2.0465,2.0466,2.0467,2.0468,2.0469,2.047,2.0471,2.0472,2.0473,2.0474,2.0475,2.0476,2.0477,2.0478,2.0479,2.048,2.0481,2.0482,2.0483,2.0484,2.0485,2.0486,2.0487,2.0488,2.0489,2.049,2.0491,2.0492,2.0493,2.0494,2.0495,2.0495,2.0496,2.0497,2.0498,2.0499,2.05,2.0501,2.0502,2.0503,2.0504,2.0505,2.0506,2.0507,2.0508,2.0509,2.051,2.0511,2.0512,2.0513,2.0514,2.0515,2.0516,2.0517,2.0518,2.0519,2.052,2.0521,2.0522,2.0523,2.0524,2.0525,2.0526,2.0527,2.0528,2.0529,2.053,2.0531,2.0532,2.0533,2.0534,2.0535,2.0535,2.0536,2.0537,2.0538,2.0539,2.054,2.0541,2.0542,2.0543,2.0544,2.0545,2.0546,2.0547,2.0548,2.0549,2.055,2.0551,2.0552,2.0553,2.0554,2.0555,2.0556,2.0557,2.0558,2.0559,2.056,2.0561,2.0562,2.0563,2.0564,2.0565,2.0566,2.0567,2.0568,2.0569,2.057,2.0571,2.0572,2.0573,2.0574,2.0575,2.0575,2.0576,2.0577,2.0578,2.0579,2.058,2.0581,2.0582,2.0583,2.0584,2.0585,2.0586,2.0587,2.0588,2.0589,2.059,2.0591,2.0592,2.0593,2.0594,2.0595,2.0596,2.0597,2.0598,2.0599,2.06,2.0601,2.0602,2.0603,2.0604,2.0605,2.0606,2.0607,2.0608,2.0609,2.061,2.0611,2.0612,2.0613,2.0614,2.0614,2.0615,2.0616,2.0617,2.0618,2.0619,2.062,2.0621,2.0622,2.0623,2.0624,2.0625,2.0626,2.0627,2.0628,2.0629,2.063,2.0631,2.0632,2.0633,2.0634,2.0635,2.0636,2.0637,2.0638,2.0639,2.064,2.0641,2.0642,2.0643,2.0644,2.0645,2.0646,2.0647,2.0648,2.0649,2.065,2.0651,2.0652,2.0653,2.0654,2.0654,2.0655,2.0656,2.0657,2.0658,2.0659,2.066,2.0661,2.0662,2.0663,2.0664,2.0665,2.0666,2.0667,2.0668,2.0669,2.067,2.0671,2.0672,2.0673,2.0674,2.0675,2.0676,2.0677,2.0678,2.0679,2.068,2.0681,2.0682,2.0683,2.0684,2.0685,2.0686,2.0687,2.0688,2.0689,2.069,2.0691,2.0692,2.0693,2.0694,2.0694,2.0695,2.0696,2.0697,2.0698,2.0699,2.07,2.0701,2.0702,2.0703,2.0704,2.0705,2.0706,2.0707,2.0708,2.0709,2.071,2.0711,2.0712,2.0713,2.0714,2.0715,2.0716,2.0717,2.0718,2.0719,2.072,2.0721,2.0722,2.0723,2.0724,2.0725,2.0726,2.0727,2.0728,2.0729,2.073,2.0731,2.0732,2.0733,2.0734,2.0734,2.0735,2.0736,2.0737,2.0738,2.0739,2.074,2.0741,2.0742,2.0743

Intensity : 3067.2976,3000.0885,2958.4747,2964.3516,3013.6143,3035.9291,3074.2713,3084.1424,3051.591,3028.8963,3064.2578,3009.5039,2946.7589,2837.7108,2788.7087,2841.9037,2853.4145,2934.8665,2992.3392,3069.336,3144.7192,3168.0351,3199.1608,3195.8753,3212.9722,3161.347,3141.9862,3065.7658,3082.1643,3082.0953,2995.2296,2876.0367,2751.057,2760.5893,2742.8519,2721.4228,2711.3454,2679.9527,2730.3604,2738.3683,2811.9907,2862.8754,2921.5389,2954.2937,2913.1367,2946.616,2988.485,3095.3013,3111.5932,3135.7638,3085.4716,3076.4741,3007.9583,3030.7307,2943.9225,2842.8245,2729.6185,2715.7622,2756.3986,2755.9058,2813.6766,2826.9996,2848.1251,2835.5899,2858.3677,2885.8238,2855.1294,2763.0739,2639.1654,2566.365,2593.7379,2715.5065,2740.9929,2692.5246,2559.7583,2509.6569,2509.6419,2558.4972,2560.0896,2541.1688,2516.8636,2510.1785,2472.9724,2417.2726,2364.9602,2398.5132,2494.8868,2568.1338,2574.242,2506.011,2465.0864,2360.3714,2280.0715,2228.3033,2288.5554,2375.1073,2425.8709,2448.6013,2419.6708,2387.9991,2373.7525,2392.7401,2408.8012,2407.4481,2381.0606,2383.2673,2390.9078,2421.1728,2418.4678,2371.3551,2258.8785,2161.2761,2132.5669,2157.7965,2181.5352,2174.8983,2170.742,2151.555,2137.4041,2140.1757,2109.5959,2080.2809,2029.5977,2019.4171,2020.433,2032.55,2065.8708,2072.0744,2094.5417,2126.0699,2145.8899,2133.8941,2145.0464,2165.3991,2183.1953,2132.064,2104.9336,2142.1045,2199.5541,2242.3375,2231.7087,2229.4339,2223.8055,2219.0828,2191.1273,2153.5743,2126.5743,2119.5872,2134.1981,2179.0159,2222.2294,2244.2433,2239.5512,2236.7988,2227.438,2190.4359,2155.7011,2137.589,2118.8813,2115.5985,2131.6387,2191.8299,2259.337,2321.3283,2374.6029,2368.7286,2335.531,2305.8263,2331.9893,2371.5129,2370.0805,2327.7012,2263.4354,2200.3227,2171.164,2159.8271,2161.4912,2170.0144,2214.1671,2305.6513,2356.628,2368.8775,2351.544,2340.2868,2342.1601,2358.3499,2365.6401,2368.7143,2349.8136,2339.4133,2332.4543,2346.6504,2341.4726,2295.9759,2285.1257,2302.2561,2300.9516,2247.2107,2238.5411,2266.1755,2245.3367,2177.6376,2125.7199,2128.1865,2125.0289,2092.0195,2042.6746,2008.5252,1989.8997,1970.9904,1978.7437,2010.9709,2038.1037,2061.405,2096.2144,2091.8025,2068.1205,2037.8345,2030.1744,2031.9337,2014.533,2024.0851,2031.453,2067.307,2126.3965,2193.1535,2216.5539,2199.9222,2154.9937,2114.713,2107.7518,2119.0429,2109.5679,2104.7869,2067.6669,2073.5032,2025.4811,2010.0748,2036.6595,2126.2432,2149.9964,2092.0355,2006.2175,1978.2941,1981.5669,1958.1929,1961.9023,1977.0081,1970.072,1980.9648,1958.3992,1956.6706,1931.6388,1925.9871,1964.5329,1955.3125,1908.8836,1823.8898,1783.6443,1778.1349,1838.8013,1866.6311,1893.8965,1895.3402,1908.2255,1940.0233,1916.4164,1892.3511,1840.3531,1823.0434,1774.3317,1722.8192,1683.2475,1680.5772,1714.9258,1743.9882,1760.3167,1743.5363,1713.3345,1706.5982,1724.5064,1712.1092,1730.0653,1700.0825,1694.8643,1695.5927,1659.5174,1680.8017,1683.1042,1717.8472,1709.3987,1702.1736,1758.6741,1776.425,1770.2403,1743.9336,1718.7626,1737.8671,1732.869,1779.3666,1715.1475,1665.6044,1584.2865,1616.2551,1631.515,1679.4662,1712.0486,1754.4673,1776.1202,1738.0045,1724.7618,1668.2521,1663.2138,1634.6883,1697.3941,1697.0068,1728.0993,1719.6363,1754.7975,1771.4637,1803.3136,1813.2156,1759.3427,1691.6954,1704.8405,1764.3902,1858.728,1827.923,1801.8876,1687.2153,1620.5731,1558.2142

Time pixel : 1,2.003021,3.006042,4.009063,5.012085,6.015106,7.018127,8.021148,9.024169,10.02719,11.03021,12.03323,13.03625,14.03927,15.0423,16.04532,17.04834,18.05136,19.05438,20.0574,21.06042,22.06344,23.06647,24.06949,25.07251,26.07553,27.07855,28.08157,29.08459,30.08761,31.09063,32.09366,33.09668,34.0997,35.10272,36.10574,37.10876,38.11178,39.1148,40.11782,41.12085,42.12387,43.12689,44.12991,45.13293,46.13595,47.13897,48.14199,49.14502,50.14804,51.15106,52.15408,53.1571,54.16012,55.16314,56.16616,57.16918,58.17221,59.17523,60.17825,61.18127,62.18429,63.18731,64.19033,65.19335,66.19637,67.1994,68.20242,69.20544,70.20846,71.21148,72.2145,73.21752,74.22054,75.22356,76.22659,77.22961,78.23263,79.23565,80.23867,81.24169,82.24471,83.24773,84.25076,85.25378,86.2568,87.25982,88.26284,89.26586,90.26888,91.2719,92.27492,93.27795,94.28097,95.28399,96.28701,97.29003,98.29305,99.29607,100.2991,101.3021,102.3051,103.3082,104.3112,105.3142,106.3172,107.3202,108.3233,109.3263,110.3293,111.3323,112.3353,113.3384,114.3414,115.3444,116.3474,117.3505,118.3535,119.3565,120.3595,121.3625,122.3656,123.3686,124.3716,125.3746,126.3776,127.3807,128.3837,129.3867,130.3897,131.3927,132.3958,133.3988,134.4018,135.4048,136.4079,137.4109,138.4139,139.4169,140.4199,141.423,142.426,143.429,144.432,145.435,146.4381,147.4411,148.4441,149.4471,150.4502,151.4532,152.4562,153.4592,154.4622,155.4653,156.4683,157.4713,158.4743,159.4773,160.4804,161.4834,162.4864,163.4894,164.4924,165.4955,166.4985,167.5015,168.5045,169.5076,170.5106,171.5136,172.5166,173.5196,174.5227,175.5257,176.5287,177.5317,178.5347,179.5378,180.5408,181.5438,182.5468,183.5498,184.5529,185.5559,186.5589,187.5619,188.565,189.568,190.571,191.574,192.577,193.5801,194.5831,195.5861,196.5891,197.5921,198.5952,199.5982,200.6012,201.6042,202.6073,203.6103,204.6133,205.6163,206.6193,207.6224,208.6254,209.6284,210.6314,211.6344,212.6375,213.6405,214.6435,215.6465,216.6495,217.6526,218.6556,219.6586,220.6616,221.6647,222.6677,223.6707,224.6737,225.6767,226.6798,227.6828,228.6858,229.6888,230.6918,231.6949,232.6979,233.7009,234.7039,235.7069,236.71,237.713,238.716,239.719,240.7221,241.7251,242.7281,243.7311,244.7341,245.7372,246.7402,247.7432,248.7462,249.7492,250.7523,251.7553,252.7583,253.7613,254.7644,255.7674,256.7704,257.7734,258.7764,259.7795,260.7825,261.7855,262.7885,263.7915,264.7946,265.7976,266.8006,267.8036,268.8066,269.8097,270.8127,271.8157,272.8187,273.8218,274.8248,275.8278,276.8308,277.8338,278.8369,279.8399,280.8429,281.8459,282.8489,283.852,284.855,285.858,286.861,287.864,288.8671,289.8701,290.8731,291.8761,292.8792,293.8822,294.8852,295.8882,296.8912,297.8943,298.8973,299.9003,300.9033,301.9063,302.9094,303.9124,304.9154,305.9184,306.9215,307.9245,308.9275,309.9305,310.9335,311.9366,312.9396,313.9426,314.9456,315.9486,316.9517,317.9547,318.9577,319.9607,320.9637,321.9668,322.9698,323.9728,324.9758,325.9789,326.9819,327.9849,328.9879,329.9909,330.994,331.997,333

Position pixel : 19.1381,19.139,19.1399,19.1408,19.1418,19.1427,19.1436,19.1445,19.1454,19.1463,19.1472,19.1482,19.1491,19.15,19.1509,19.1518,19.1527,19.1536,19.1546,19.1555,19.1564,19.1573,19.1582,19.1591,19.16,19.161,19.1619,19.1628,19.1637,19.1646,19.1655,19.1664,19.1674,19.1683,19.1692,19.1701,19.171,19.1719,19.1728,19.1738,19.1747,19.1756,19.1765,19.1774,19.1783,19.1792,19.1802,19.1811,19.182,19.1829,19.1838,19.1847,19.1856,19.1866,19.1875,19.1884,19.1893,19.1902,19.1911,19.192,19.193,19.1939,19.1948,19.1957,19.1966,19.1975,19.1984,19.1994,19.2003,19.2012,19.2021,19.203,19.2039,19.2049,19.2058,19.2067,19.2076,19.2085,19.2094,19.2103,19.2113,19.2122,19.2131,19.214,19.2149,19.2158,19.2167,19.2177,19.2186,19.2195,19.2204,19.2213,19.2222,19.2231,19.2241,19.225,19.2259,19.2268,19.2277,19.2286,19.2295,19.2305,19.2314,19.2323,19.2332,19.2341,19.235,19.2359,19.2369,19.2378,19.2387,19.2396,19.2405,19.2414,19.2423,19.2433,19.2442,19.2451,19.246,19.2469,19.2478,19.2487,19.2497,19.2506,19.2515,19.2524,19.2533,19.2542,19.2551,19.2561,19.257,19.2579,19.2588,19.2597,19.2606,19.2615,19.2625,19.2634,19.2643,19.2652,19.2661,19.267,19.2679,19.2689,19.2698,19.2707,19.2716,19.2725,19.2734,19.2743,19.2753,19.2762,19.2771,19.278,19.2789,19.2798,19.2807,19.2817,19.2826,19.2835,19.2844,19.2853,19.2862,19.2871,19.2881,19.289,19.2899,19.2908,19.2917,19.2926,19.2935,19.2945,19.2954,19.2963,19.2972,19.2981,19.299,19.2999,19.3009,19.3018,19.3027,19.3036,19.3045,19.3054,19.3063,19.3073,19.3082,19.3091,19.31,19.3109,19.3118,19.3127,19.3137,19.3146,19.3155,19.3164,19.3173,19.3182,19.3191,19.3201,19.321,19.3219,19.3228,19.3237,19.3246,19.3255,19.3265,19.3274,19.3283,19.3292,19.3301,19.331,19.3319,19.3329,19.3338,19.3347,19.3356,19.3365,19.3374,19.3383,19.3393,19.3402,19.3411,19.342,19.3429,19.3438,19.3447,19.3457,19.3466,19.3475,19.3484,19.3493,19.3502,19.3511,19.3521,19.353,19.3539,19.3548,19.3557,19.3566,19.3575,19.3585,19.3594,19.3603,19.3612,19.3621,19.363,19.3639,19.3649,19.3658,19.3667,19.3676,19.3685,19.3694,19.3703,19.3713,19.3722,19.3731,19.374,19.3749,19.3758,19.3767,19.3777,19.3786,19.3795,19.3804,19.3813,19.3822,19.3831,19.3841,19.385,19.3859,19.3868,19.3877,19.3886,19.3895,19.3905,19.3914,19.3923,19.3932,19.3941,19.395,19.3959,19.3969,19.3978,19.3987,19.3996,19.4005,19.4014,19.4023,19.4033,19.4042,19.4051,19.406,19.4069,19.4078,19.4087,19.4097,19.4106,19.4115,19.4124,19.4133,19.4142,19.4151,19.4161,19.417,19.4179,19.4188,19.4197,19.4206,19.4215,19.4225,19.4234,19.4243,19.4252,19.4261,19.427,19.4279,19.4289,19.4298,19.4307,19.4316,19.4325,19.4334,19.4343,19.4353,19.4362,19.4371,19.438,19.4389,19.4398,19.4407

Pole type : Line
Start frame : 1
End frame : 333
Start time (s) : 0.000
End time (s) : 601.280
Time step (s) : 1.811

Feature Information :


Feature number : 1

Time (s) : 3.181367,4.999275,6.817183,8.635092,10.453,12.27091,14.08882,15.90672,17.72463,19.54254,21.36045,23.17836,24.99627,26.81417,28.63208,30.44999,32.2679,34.08581,35.90372,37.72162,39.53953,41.35744,43.17535,44.99326,46.81116,48.62907,50.44698,52.26489,54.0828,55.90071,57.71861,59.53652,61.35443,63.17234,64.99025,66.80816,68.62606,70.44397,72.26188,74.07979,75.8977,77.7156,79.53351,81.35142,83.16933,84.98724,86.80515,88.62305,90.44096,92.25887,94.07678,95.89469,97.7126,99.5305,101.3484,103.1663,104.9842,106.8021,108.62,110.438,112.2559,114.0738,115.8917,117.7096,119.5275,121.3454,123.1633,124.9812,126.7991,128.617,130.4349,132.2529,134.0708,135.8887,137.7066,139.5245,141.3424,143.1603,144.9782,146.7961,148.614,150.4319,152.2498,154.0678,155.8857,157.7036,159.5215,161.3394,163.1573,164.9752,166.7931,168.611,170.4289,172.2468,174.0647,175.8826,177.7006,179.5185,181.3364,183.1543,184.9722,186.7901,188.608,190.4259,192.2438,194.0617,195.8796,197.6975,199.5155,201.3334,203.1513,204.9692,206.7871,208.605,210.4229,212.2408,214.0587,215.8766,217.6945,219.5124,221.3304,223.1483,224.9662,226.7841,228.602,230.4199,232.2378,234.0557,235.8736,237.6915,239.5094,241.3273,243.1453,244.9632,246.7811,248.599,250.4169,252.2348,254.0527,255.8706,257.6885,259.5064,261.3243,263.1422,264.9602,266.7781,268.596,270.4139,272.2318,274.0497,275.8676,277.6855,279.5034,281.3213,283.1392,284.9571,286.7751,288.593,290.4109,292.2288,294.0467,295.8646,297.6825,299.5004,301.3183,303.1362,304.9541,306.772,308.59,310.4079,312.2258,314.0437,315.8616,317.6795,319.4974,321.3153,323.1332,324.9511,326.769,328.5869,330.4048,332.2228,334.0407,335.8586,337.6765,339.4944,341.3123,343.1302,344.9481,346.766,348.5839,350.4018,352.2197,354.0377,355.8556,357.6735,359.4914,361.3093,363.1272,364.9451,366.763,368.5809,370.3988,372.2167,374.0346,375.8526,377.6705,379.4884,381.3063,383.1242,384.9421,386.76,388.5779,390.3958,392.2137,394.0316,395.8495,397.6675,399.4854,401.3033,403.1212,404.9391,406.757,408.5749,410.3928,412.2107,414.0286,415.8465,417.6644,419.4824,421.3003,423.1182,424.9361,426.754,428.5719,430.3898,432.2077,434.0256,435.8435,437.6614,439.4793,441.2973,443.1152,444.9331,446.751,448.5689,450.3868,452.2047,454.0226,455.8405,457.6584,459.4763,461.2942,463.1122,464.9301,466.748,468.5659,470.3838,472.2017,474.0196,475.8375,477.6554,479.4733,481.2912,483.1091,484.927,486.745,488.5629,490.3808,492.1987,494.0166,495.8345,497.6524,499.4703,501.2882,503.1061,504.924,506.7419,508.5599,510.3778,512.1957,514.0136,515.8315,517.6494,519.4673,521.2852,523.1031,524.921,526.7389,528.5568,530.3748,532.1927,534.0106,535.8285,537.6464,539.4643,541.2822,543.1001,544.918,546.7359,548.5538,550.3717,552.1897,554.0076,555.8255,557.6434,559.4613,561.2792,563.0971,564.915,566.7329,568.5508,570.3687,572.1866,574.0046,575.8225,577.6404,579.4583,581.2762,583.0941,584.912,586.7299,588.5478,590.3657,592.1836,594.0015,595.8195,597.6374,599.4553,601.2732,603.0911

Position (um) : 2.042,2.042,2.042,2.042,2.042,2.042,2.042,2.042,2.042,2.042,2.042,2.042,2.042,2.042,2.042,2.042,2.042,2.042,2.042,2.042,2.042,2.042,2.042,2.042,2.042,2.042,2.042,2.042,2.042,2.042,2.042,2.042,2.042,2.042,2.042,2.042,2.042,2.042,2.042,2.042,2.042,2.042,2.042,2.042,2.042,2.042,2.042,2.042,2.042,2.042,2.042,2.042,2.042,2.042,2.042,2.042,2.042,2.042,2.042,2.042,2.042,2.042,2.042,2.042,2.042,2.042,2.042,2.042,2.042,2.042,2.042,2.042,2.042,2.042,2.042,2.042,2.042,2.042,2.042,2.042,2.042,2.042,2.042,2.042,2.042,2.042,2.042,2.042,2.042,2.042,2.042,2.042,2.042,2.042,2.042,2.042,2.042,2.042,2.042,2.042,2.042,2.042,2.042,2.042,2.042,2.042,2.042,2.042,2.042,2.042,2.042,2.042,2.042,2.042,2.042,2.042,2.042,2.042,2.042,2.042,2.042,2.042,2.042,2.042,2.042,2.042,2.042,2.042,2.042,2.042,2.042,2.042,2.042,2.042,2.042,2.042,2.042,2.042,2.042,2.042,2.042,2.042,2.042,2.042,2.042,2.042,2.042,2.042,2.042,2.042,2.042,2.042,2.042,2.042,2.042,2.042,2.042,2.042,2.042,2.042,2.042,2.042,2.042,2.042,2.042,2.042,2.042,2.042,2.042,2.042,2.042,2.042,2.042,2.042,2.042,2.042,2.042,2.042,2.042,2.042,2.042,2.042,2.042,2.042,2.042,2.042,2.042,2.042,2.042,2.042,2.042,2.042,2.042,2.042,2.042,2.042,2.042,2.042,2.042,2.042,2.042,2.042,2.042,2.042,2.042,2.042,2.042,2.042,2.042,2.042,2.042,2.042,2.042,2.042,2.042,2.042,2.042,2.042,2.042,2.042,2.042,2.042,2.042,2.042,2.042,2.042,2.042,2.042,2.042,2.042,2.042,2.042,2.042,2.042,2.042,2.042,2.042,2.042,2.042,2.042,2.042,2.042,2.042,2.042,2.042,2.042,2.042,2.042,2.042,2.042,2.042,2.042,2.042,2.042,2.042,2.042,2.042,2.042,2.042,2.042,2.042,2.042,2.042,2.042,2.042,2.042,2.042,2.042,2.042,2.042,2.042,2.042,2.042,2.042,2.042,2.042,2.042,2.042,2.042,2.042,2.042,2.042,2.042,2.042,2.042,2.042,2.042,2.042,2.042,2.042,2.042,2.042,2.042,2.042,2.042,2.042,2.042,2.042,2.042,2.042,2.042,2.042,2.042,2.042,2.042,2.042,2.042,2.042,2.042,2.042,2.042,2.042,2.042,2.042,2.042,2.042,2.042,2.042,2.042,2.042,2.042,2.042,2.042,2.042,2.042,2.042,2.042,2.042,2.042,2.042,2.042

Intensity : 3016.7345,2968.9241,2963.3824,3002.9493,3031.636,3066.9236,3084.1932,3061.1751,3035.057,3060.1727,3025.1966,2965.6824,2864.4958,2799.375,2834.0345,2851.2948,2920.5384,2981.5375,3054.9179,3133.9228,3166.8731,3199.3973,3200.9678,3220.0777,3178.0898,3158.4271,3084.1738,3086.0902,3095.5994,3024.0447,2911.3954,2774.4941,2768.1664,2754.8958,2732.085,2724.6228,2686.2757,2733.9589,2738.8132,2809.1514,2861.1974,2921.6643,2968.5121,2924.6262,2952.0136,2981.819,3097.8508,3117.7019,3154.3225,3099.4627,3101.8822,3017.4654,3054.1105,2974.8468,2879.5953,2749.7275,2717.8407,2768.6134,2755.6762,2822.447,2833.4487,2864.5351,2844.8162,2863.0249,2901.4642,2885.1136,2803.8784,2671.2665,2580.209,2577.5836,2721.1437,2757.465,2734.3086,2583.2199,2523.8509,2509.8037,2569.4886,2577.2977,2562.0969,2532.336,2533.3289,2499.2436,2446.7862,2377.2254,2394.9431,2494.4587,2578.1913,2608.398,2526.9562,2502.993,2389.5183,2309.5289,2233.0084,2283.5902,2379.3688,2432.9809,2468.9544,2442.5434,2410.6143,2388.1856,2407.1895,2422.5498,2431.0148,2396.7828,2402.9201,2403.2257,2441.1811,2441.5755,2408.65,2296.1277,2185.2244,2143.2557,2163.6923,2196.1521,2189.1422,2188.1914,2175.1313,2150.5967,2164.0012,2126.6215,2106.7859,2048.7275,2033.1941,2037.9567,2038.8975,2082.302,2083.1346,2108.4513,2134.8535,2168.2441,2146.3616,2162.0883,2177.5864,2210.8747,2163.3254,2116.533,2155.8057,2207.5582,2269.189,2253.6193,2256.3606,2246.4981,2246.0427,2216.6549,2179.2119,2145.3064,2138.5496,2147.3921,2193.7372,2238.44,2264.5221,2259.691,2253.279,2248.8363,2214.8523,2178.8827,2158.5866,2140.3948,2131.02,2150.8257,2200.3758,2280.9789,2333.1639,2399.8785,2393.9495,2364.1532,2328.1496,2347.1982,2391.507,2394.7722,2356.8657,2295.8176,2233.9393,2198.9391,2188.8036,2185.0849,2196.2875,2230.6481,2321.8255,2383.9921,2394.7875,2382.3114,2363.8071,2369.5475,2381.1088,2392.3934,2391.1655,2378.9041,2361.1633,2356.1863,2362.0292,2366.5149,2323.3833,2306.9471,2323.4699,2324.0051,2275.4273,2257.1863,2290.012,2275.7185,2208.6664,2149.8568,2145.0306,2143.6412,2111.7624,2066.4407,2033.6572,2017.8419,2001.256,2007.2029,2039.8045,2067.8889,2091.6107,2127.2151,2129.756,2104.3232,2075.2243,2066.7313,2070.3711,2053.3517,2056.4171,2066.0218,2098.616,2159.3054,2226.4232,2255.2452,2240.1205,2196.548,2153.4026,2140.9437,2149.727,2142.9286,2137.1826,2104.2406,2104.4807,2065.535,2043.0398,2067.4447,2149.2349,2178.7682,2121.3212,2035.1478,2001.6731,2005.1752,1983.6381,1984.0051,1996.8043,1989.1988,1997.8577,1979.3457,1974.5119,1954.0563,1947.5324,1989.0454,1984.9385,1940.758,1856.497,1812.32,1805.8418,1863.7323,1893.889,1920.9255,1923.8527,1935.8737,1968.3895,1948.9055,1925.7551,1871.9198,1849.6093,1801.3702,1749.4676,1708.5346,1701.8789,1733.4571,1764.1789,1782.8337,1768.4125,1737.9122,1726.1947,1742.5793,1729.9337,1746.7726,1717.8587,1712.2244,1716.0848,1683.6233,1705.4961,1711.7083,1744.9856,1735.1018,1724.8364,1781.22,1804.6858,1797.6893,1770.7364,1739.9833,1760.3894,1757.4925,1805.3621,1743.6501,1691.8776,1611.488,1642.5767,1656.5286,1703.5745,1736.6506,1783.0394,1805.6278,1766.314,1750.6019,1693.6782,1686.1787,1657.9863,1722.7247,1725.4463,1757.6981,1746.8674,1783.966,1796.6162,1827.9292,1834.7053,1782.9152,1714.5715,1725.8335,1786.9605,1880.156,1849.5518,1822.0557,1709.6316,1645.0546,1584.8469

Time pixel : 1.756609,2.760377,3.764145,4.767912,5.77168,6.775448,7.779216,8.782984,9.786752,10.79052,11.79429,12.79806,13.80182,14.80559,15.80936,16.81313,17.81689,18.82066,19.82443,20.8282,21.83197,22.83573,23.8395,24.84327,25.84704,26.85081,27.85457,28.85834,29.86211,30.86588,31.86964,32.87341,33.87718,34.88095,35.88472,36.88848,37.89225,38.89602,39.89979,40.90356,41.90732,42.91109,43.91486,44.91863,45.92239,46.92616,47.92993,48.9337,49.93747,50.94123,51.945,52.94877,53.95254,54.95631,55.96007,56.96384,57.96761,58.97138,59.97514,60.97891,61.98268,62.98645,63.99022,64.99398,65.99775,67.00152,68.00529,69.00905,70.01282,71.01659,72.02036,73.02413,74.02789,75.03166,76.03543,77.0392,78.04297,79.04673,80.0505,81.05427,82.05804,83.0618,84.06557,85.06934,86.07311,87.07688,88.08064,89.08441,90.08818,91.09195,92.09572,93.09948,94.10325,95.10702,96.11079,97.11455,98.11832,99.12209,100.1259,101.1296,102.1334,103.1372,104.1409,105.1447,106.1485,107.1522,108.156,109.1598,110.1635,111.1673,112.1711,113.1748,114.1786,115.1824,116.1861,117.1899,118.1937,119.1974,120.2012,121.205,122.2088,123.2125,124.2163,125.2201,126.2238,127.2276,128.2314,129.2351,130.2389,131.2427,132.2464,133.2502,134.254,135.2577,136.2615,137.2653,138.269,139.2728,140.2766,141.2803,142.2841,143.2879,144.2916,145.2954,146.2992,147.3029,148.3067,149.3105,150.3143,151.318,152.3218,153.3256,154.3293,155.3331,156.3369,157.3406,158.3444,159.3482,160.3519,161.3557,162.3595,163.3632,164.367,165.3708,166.3745,167.3783,168.3821,169.3858,170.3896,171.3934,172.3971,173.4009,174.4047,175.4084,176.4122,177.416,178.4198,179.4235,180.4273,181.4311,182.4348,183.4386,184.4424,185.4461,186.4499,187.4537,188.4574,189.4612,190.465,191.4687,192.4725,193.4763,194.48,195.4838,196.4876,197.4913,198.4951,199.4989,200.5026,201.5064,202.5102,203.5139,204.5177,205.5215,206.5253,207.529,208.5328,209.5366,210.5403,211.5441,212.5479,213.5516,214.5554,215.5592,216.5629,217.5667,218.5705,219.5742,220.578,221.5818,222.5855,223.5893,224.5931,225.5968,226.6006,227.6044,228.6081,229.6119,230.6157,231.6194,232.6232,233.627,234.6308,235.6345,236.6383,237.6421,238.6458,239.6496,240.6534,241.6571,242.6609,243.6647,244.6684,245.6722,246.676,247.6797,248.6835,249.6873,250.691,251.6948,252.6986,253.7023,254.7061,255.7099,256.7136,257.7174,258.7212,259.7249,260.7287,261.7325,262.7363,263.74,264.7438,265.7476,266.7513,267.7551,268.7589,269.7626,270.7664,271.7702,272.7739,273.7777,274.7815,275.7852,276.789,277.7928,278.7965,279.8003,280.8041,281.8078,282.8116,283.8154,284.8191,285.8229,286.8267,287.8304,288.8342,289.838,290.8418,291.8455,292.8493,293.8531,294.8568,295.8606,296.8644,297.8681,298.8719,299.8757,300.8794,301.8832,302.887,303.8907,304.8945,305.8983,306.902,307.9058,308.9096,309.9133,310.9171,311.9209,312.9246,313.9284,314.9322,315.9359,316.9397,317.9435,318.9473,319.951,320.9548,321.9586,322.9623,323.9661,324.9699,325.9736,326.9774,327.9812,328.9849,329.9887,330.9925,331.9962,333

Position pixel : 19.1381,19.1381,19.1381,19.1381,19.1381,19.1381,19.1381,19.1381,19.1381,19.1381,19.1381,19.1381,19.1381,19.1381,19.1381,19.1381,19.1381,19.1381,19.1381,19.1381,19.1381,19.1381,19.1381,19.1381,19.1381,19.1381,19.1381,19.1381,19.1381,19.1381,19.1381,19.1381,19.1381,19.1381,19.1381,19.1381,19.1381,19.1381,19.1381,19.1381,19.1381,19.1381,19.1381,19.1381,19.1381,19.1381,19.1381,19.1381,19.1381,19.1381,19.1381,19.1381,19.1381,19.1381,19.1381,19.1381,19.1381,19.1381,19.1381,19.1381,19.1381,19.1381,19.1381,19.1381,19.1381,19.1381,19.1381,19.1381,19.1381,19.1381,19.1381,19.1381,19.1381,19.1381,19.1381,19.1381,19.1381,19.1381,19.1381,19.1381,19.1381,19.1381,19.1381,19.1381,19.1381,19.1381,19.1381,19.1381,19.1381,19.1381,19.1381,19.1381,19.1381,19.1381,19.1381,19.1381,19.1381,19.1381,19.1381,19.1381,19.1381,19.1381,19.1381,19.1381,19.1381,19.1381,19.1381,19.1381,19.1381,19.1381,19.1381,19.1381,19.1381,19.1381,19.1381,19.1381,19.1381,19.1381,19.1381,19.1381,19.1381,19.1381,19.1381,19.1381,19.1381,19.1381,19.1381,19.1381,19.1381,19.1381,19.1381,19.1381,19.1381,19.1381,19.1381,19.1381,19.1381,19.1381,19.1381,19.1381,19.1381,19.1381,19.1381,19.1381,19.1381,19.1381,19.1381,19.1381,19.1381,19.1381,19.1381,19.1381,19.1381,19.1381,19.1381,19.1381,19.1381,19.1381,19.1381,19.1381,19.1381,19.1381,19.1381,19.1381,19.1381,19.1381,19.1381,19.1381,19.1381,19.1381,19.1381,19.1381,19.1381,19.1381,19.1381,19.1381,19.1381,19.1381,19.1381,19.1381,19.1381,19.1381,19.1381,19.1381,19.1381,19.1381,19.1381,19.1381,19.1381,19.1381,19.1381,19.1381,19.1381,19.1381,19.1381,19.1381,19.1381,19.1381,19.1381,19.1381,19.1381,19.1381,19.1381,19.1381,19.1381,19.1381,19.1381,19.1381,19.1381,19.1381,19.1381,19.1381,19.1381,19.1381,19.1381,19.1381,19.1381,19.1381,19.1381,19.1381,19.1381,19.1381,19.1381,19.1381,19.1381,19.1381,19.1381,19.1381,19.1381,19.1381,19.1381,19.1381,19.1381,19.1381,19.1381,19.1381,19.1381,19.1381,19.1381,19.1381,19.1381,19.1381,19.1381,19.1381,19.1381,19.1381,19.1381,19.1381,19.1381,19.1381,19.1381,19.1381,19.1381,19.1381,19.1381,19.1381,19.1381,19.1381,19.1381,19.1381,19.1381,19.1381,19.1381,19.1381,19.1381,19.1381,19.1381,19.1381,19.1381,19.1381,19.1381,19.1381,19.1381,19.1381,19.1381,19.1381,19.1381,19.1381,19.1381,19.1381,19.1381,19.1381,19.1381,19.1381,19.1381,19.1381,19.1381,19.1381,19.1381,19.1381,19.1381,19.1381,19.1381,19.1381,19.1381,19.1381,19.1381,19.1381,19.1381,19.1381,19.1381,19.1381,19.1381,19.1381,19.1381,19.1381,19.1381,19.1381,19.1381,19.1381,19.1381,19.1381,19.1381,19.1381,19.1381,19.1381,19.1381,19.1381,19.1381,19.1381,19.1381,19.1381,19.1381,19.1381,19.1381,19.1381,19.1381,19.1381,19.1381,19.1381,19.1381

Brightness max : 890.96
Brightness min : 216.00
Feature direction : Ambiguous
Feature speed : Slow
Feature type : Line
Start frame : 1
End frame : 333
Start time (s) : 0.000
End time (s) : 601.280
Time step (s) : 1.811

