KYMOANALYSIS DATA

General Information :

Tiff path : G:\My Drive\microtubule dynamics and cut7\21-15 screens and tests\cut11-7\19-06-12&20 (Cut7-3GFP and  mCh-mts, timeseries for modeling data)\
Spindle type : Monopolar
Start frame : 1
End frame : 329
Start time (s) : 0.000
End time (s) : 600.140
Time step (s) : 1.830
Num poles : 1
Num tracks : 2
Num tracks poleward : 0
Num tracks antipoleward : 0
Num tracks ambiguous : 2
Comments : {

}
Poles Information :


Pole number : 1

Time (s) : 3.19738,5.034105,6.87083,8.707554,10.54428,12.381,14.21773,16.05445,17.89118,19.7279,21.56463,23.40135,25.23808,27.0748,28.91153,30.74825,32.58498,34.4217,36.25843,38.09515,39.93188,41.7686,43.60533,45.44205,47.27878,49.1155,50.95223,52.78895,54.62568,56.4624,58.29913,60.13585,61.97258,63.8093,65.64603,67.48275,69.31948,71.1562,72.99293,74.82965,76.66638,78.5031,80.33983,82.17655,84.01328,85.85,87.68672,89.52345,91.36017,93.1969,95.03362,96.87035,98.70707,100.5438,102.3805,104.2172,106.054,107.8907,109.7274,111.5641,113.4009,115.2376,117.0743,118.911,120.7478,122.5845,124.4212,126.2579,128.0947,129.9314,131.7681,133.6048,135.4416,137.2783,139.115,140.9517,142.7885,144.6252,146.4619,148.2986,150.1354,151.9721,153.8088,155.6455,157.4823,159.319,161.1557,162.9924,164.8292,166.6659,168.5026,170.3393,172.1761,174.0128,175.8495,177.6862,179.523,181.3597,183.1964,185.0331,186.8699,188.7066,190.5433,192.38,194.2168,196.0535,197.8902,199.7269,201.5637,203.4004,205.2371,207.0738,208.9106,210.7473,212.584,214.4207,216.2575,218.0942,219.9309,221.7676,223.6044,225.4411,227.2778,229.1145,230.9513,232.788,234.6247,236.4614,238.2982,240.1349,241.9716,243.8083,245.6451,247.4818,249.3185,251.1552,252.992,254.8287,256.6654,258.5021,260.3389,262.1756,264.0123,265.849,267.6858,269.5225,271.3592,273.1959,275.0327,276.8694,278.7061,280.5428,282.3796,284.2163,286.053,287.8897,289.7265,291.5632,293.3999,295.2366,297.0734,298.9101,300.7468,302.5835,304.4203,306.257,308.0937,309.9304,311.7672,313.6039,315.4406,317.2773,319.1141,320.9508,322.7875,324.6242,326.461,328.2977,330.1344,331.9711,333.8079,335.6446,337.4813,339.318,341.1548,342.9915,344.8282,346.6649,348.5017,350.3384,352.1751,354.0118,355.8486,357.6853,359.522,361.3587,363.1955,365.0322,366.8689,368.7056,370.5424,372.3791,374.2158,376.0525,377.8893,379.726,381.5627,383.3994,385.2362,387.0729,388.9096,390.7463,392.5831,394.4198,396.2565,398.0932,399.93,401.7667,403.6034,405.4401,407.2769,409.1136,410.9503,412.787,414.6238,416.4605,418.2972,420.1339,421.9707,423.8074,425.6441,427.4808,429.3176,431.1543,432.991,434.8277,436.6645,438.5012,440.3379,442.1746,444.0114,445.8481,447.6848,449.5215,451.3583,453.195,455.0317,456.8684,458.7052,460.5419,462.3786,464.2153,466.0521,467.8888,469.7255,471.5622,473.399,475.2357,477.0724,478.9091,480.7459,482.5826,484.4193,486.256,488.0928,489.9295,491.7662,493.6029,495.4397,497.2764,499.1131,500.9498,502.7866,504.6233,506.46,508.2967,510.1335,511.9702,513.8069,515.6436,517.4804,519.3171,521.1538,522.9905,524.8272,526.664,528.5007,530.3374,532.1741,534.0109,535.8476,537.6843,539.521,541.3578,543.1945,545.0312,546.8679,548.7047,550.5414,552.3781,554.2148,556.0516,557.8883,559.725,561.5617,563.3985,565.2352,567.0719,568.9086,570.7454,572.5821,574.4188,576.2555,578.0923,579.929,581.7657,583.6024,585.4392,587.2759,589.1126,590.9493,592.7861,594.6228,596.4595,598.2962,600.133,601.9697

Position (um) : 1.3722,1.3723,1.3724,1.3725,1.3726,1.3727,1.3728,1.3729,1.373,1.3731,1.3732,1.3733,1.3734,1.3735,1.3736,1.3737,1.3738,1.3739,1.374,1.3741,1.3742,1.3743,1.3744,1.3745,1.3746,1.3747,1.3748,1.3749,1.375,1.3751,1.3752,1.3753,1.3753,1.3754,1.3755,1.3756,1.3757,1.3758,1.3759,1.376,1.3761,1.3762,1.3763,1.3764,1.3765,1.3766,1.3767,1.3768,1.3769,1.377,1.3771,1.3772,1.3773,1.3774,1.3775,1.3776,1.3777,1.3778,1.3779,1.378,1.3781,1.3782,1.3783,1.3784,1.3785,1.3786,1.3787,1.3788,1.3789,1.379,1.3791,1.3792,1.3793,1.3794,1.3795,1.3796,1.3797,1.3798,1.3799,1.3799,1.38,1.3801,1.3802,1.3803,1.3804,1.3805,1.3806,1.3807,1.3808,1.3809,1.381,1.3811,1.3812,1.3813,1.3814,1.3815,1.3816,1.3817,1.3818,1.3819,1.382,1.3821,1.3822,1.3823,1.3824,1.3825,1.3826,1.3827,1.3828,1.3829,1.383,1.3831,1.3832,1.3833,1.3834,1.3835,1.3836,1.3837,1.3838,1.3839,1.384,1.3841,1.3842,1.3843,1.3844,1.3845,1.3845,1.3846,1.3847,1.3848,1.3849,1.385,1.3851,1.3852,1.3853,1.3854,1.3855,1.3856,1.3857,1.3858,1.3859,1.386,1.3861,1.3862,1.3863,1.3864,1.3865,1.3866,1.3867,1.3868,1.3869,1.387,1.3871,1.3872,1.3873,1.3874,1.3875,1.3876,1.3877,1.3878,1.3879,1.388,1.3881,1.3882,1.3883,1.3884,1.3885,1.3886,1.3887,1.3888,1.3889,1.389,1.3891,1.3891,1.3892,1.3893,1.3894,1.3895,1.3896,1.3897,1.3898,1.3899,1.39,1.3901,1.3902,1.3903,1.3904,1.3905,1.3906,1.3907,1.3908,1.3909,1.391,1.3911,1.3912,1.3913,1.3914,1.3915,1.3916,1.3917,1.3918,1.3919,1.392,1.3921,1.3922,1.3923,1.3924,1.3925,1.3926,1.3927,1.3928,1.3929,1.393,1.3931,1.3932,1.3933,1.3934,1.3935,1.3936,1.3937,1.3937,1.3938,1.3939,1.394,1.3941,1.3942,1.3943,1.3944,1.3945,1.3946,1.3947,1.3948,1.3949,1.395,1.3951,1.3952,1.3953,1.3954,1.3955,1.3956,1.3957,1.3958,1.3959,1.396,1.3961,1.3962,1.3963,1.3964,1.3965,1.3966,1.3967,1.3968,1.3969,1.397,1.3971,1.3972,1.3973,1.3974,1.3975,1.3976,1.3977,1.3978,1.3979,1.398,1.3981,1.3982,1.3982,1.3983,1.3984,1.3985,1.3986,1.3987,1.3988,1.3989,1.399,1.3991,1.3992,1.3993,1.3994,1.3995,1.3996,1.3997,1.3998,1.3999,1.4,1.4001,1.4002,1.4003,1.4004,1.4005,1.4006,1.4007,1.4008,1.4009,1.401,1.4011,1.4012,1.4013,1.4014,1.4015,1.4016,1.4017,1.4018,1.4019,1.402,1.4021,1.4022,1.4023,1.4024,1.4025,1.4026,1.4027,1.4028,1.4028,1.4029,1.403,1.4031,1.4032,1.4033,1.4034,1.4035,1.4036,1.4037,1.4038,1.4039,1.404,1.4041

Intensity : 751.9122,794.6168,802.4616,792.8136,780.8174,769.0122,757.3549,744.5813,754.4073,777.7861,784.0403,786.0219,769.4796,762.5211,754.5042,746.5141,761.3744,760.2198,748.0941,725.259,705.466,697.2952,673.3818,654.4443,639.847,615.8435,601.0519,592.6154,609.4531,652.969,701.2402,735.9119,736.8866,748.9719,749.0714,784.632,780.0035,790.3003,765.1513,745.4715,722.5608,695.4809,687.3446,666.5376,693.1161,720.2861,753.5703,755.6518,734.8493,724.3858,685.0558,686.0642,702.6658,727.2454,727.322,723.5085,717.8163,712.2982,694.0828,711.3827,717.3884,728.4556,724.5088,704.3536,703.2598,686.4913,699.6152,708.5871,715.6182,717.3115,707.1445,690.0932,688.4005,681.3115,665.0152,661.4375,658.7518,670.9676,672.1644,652.0512,664.1971,660.0458,694.0668,698.1732,724.1902,739.9376,794.0327,824.7242,831.4197,798.9814,772.8539,750.5707,736.5857,724.6078,722.172,725.0594,737.8448,752.3758,747.7699,728.4241,720.9106,702.7946,684.623,657.6334,655.5737,652.5943,637.0743,626.5429,626.7521,629.1429,651.5537,629.1958,632.2513,598.2901,603.1421,611.5235,620.6556,630.5734,642.3948,663.9081,682.1809,701.6271,695.2905,695.9132,673.1794,682.7139,677.0207,684.031,684.7379,687.7429,696.0235,693.6855,700.4451,714.6395,715.5782,715.1779,692.0828,694.0467,694.6255,694.8109,691.6918,701.3542,710.9228,734.4588,726.2824,709.7323,701.6226,713.6988,737.0324,740.8143,746.4752,759.196,772.3169,774.6188,764.1721,760.7969,774.1505,772.6273,770.218,766.3704,785.5114,795.9066,785.5403,786.3053,802.03,806.6984,806.956,793.545,786.8119,768.0431,750.5542,743.8562,744.9188,746.5026,747.9496,746.8145,748.7995,753.272,749.5382,733.3027,722.2754,723.7548,724.5966,729.3032,726.0621,724.5393,708.7208,689.471,679.5091,666.771,652.7816,645.1262,641.7275,648.0136,652.7111,666.4287,676.9279,674.5707,659.3992,628.7388,604.1558,590.9067,598.0031,600.7076,589.5951,575.9468,568.1592,568.0962,562.1406,558.3298,561.3622,565.0334,577.8634,596.3199,611.3234,608.8779,597.9359,593.7387,614.7196,641.9733,666.996,657.7252,646.8874,656.9639,690.2576,719.426,732.2331,733.4809,734.4755,723.4913,711.2915,702.4974,707.8203,724.2251,744.3101,746.7963,741.8608,727.7582,723.537,720.7034,721.4153,729.2361,732.6855,722.3891,709.9596,712.8481,731.3166,741.8469,729.571,719.4593,721.3523,732.0155,730.42,733.3287,729.1353,742.3665,731.9999,727.9383,708.3454,708.4503,712.8036,718.2796,720.0327,722.7395,732.867,740.9305,745.9029,760.7668,771.1232,782.3427,780.5941,774.1693,780.0451,784.2905,804.6742,787.1622,787.1478,779.2761,792.5113,798.7298,786.3231,775.9303,757.8116,750.398,741.2204,727.0932,716.4773,707.6001,706.9038,715.3434,709.2602,709.7447,720.4654,749.3346,774.4002,783.8843,782.2825,775.2667,789.0489,800.1124,798.1206,784.1074,790.382,808.8228,813.4377,798.6382,801.6135,811.7177,819.5961,811.9104,813.5519,826.2738,836.9891,833.0487,825.9332,825.011,838.1933,843.863,839.4467,848.4254,855.515,858.7821,844.9934,846.5342,842.8818,841.9144,842.9809

Time pixel : 1.747493,2.751335,3.755177,4.759019,5.762861,6.766703,7.770545,8.774387,9.77823,10.78207,11.78591,12.78976,13.7936,14.79744,15.80128,16.80512,17.80897,18.81281,19.81665,20.82049,21.82433,22.82818,23.83202,24.83586,25.8397,26.84354,27.84739,28.85123,29.85507,30.85891,31.86275,32.8666,33.87044,34.87428,35.87812,36.88196,37.88581,38.88965,39.89349,40.89733,41.90117,42.90502,43.90886,44.9127,45.91654,46.92039,47.92423,48.92807,49.93191,50.93575,51.9396,52.94344,53.94728,54.95112,55.95496,56.95881,57.96265,58.96649,59.97033,60.97417,61.97802,62.98186,63.9857,64.98954,65.99338,66.99723,68.00107,69.00491,70.00875,71.01259,72.01644,73.02028,74.02412,75.02796,76.0318,77.03565,78.03949,79.04333,80.04717,81.05101,82.05486,83.0587,84.06254,85.06638,86.07022,87.07407,88.07791,89.08175,90.08559,91.08944,92.09328,93.09712,94.10096,95.1048,96.10865,97.11249,98.11633,99.12017,100.124,101.1279,102.1317,103.1355,104.1394,105.1432,106.1471,107.1509,108.1547,109.1586,110.1624,111.1663,112.1701,113.174,114.1778,115.1816,116.1855,117.1893,118.1932,119.197,120.2009,121.2047,122.2085,123.2124,124.2162,125.2201,126.2239,127.2277,128.2316,129.2354,130.2393,131.2431,132.247,133.2508,134.2546,135.2585,136.2623,137.2662,138.27,139.2739,140.2777,141.2815,142.2854,143.2892,144.2931,145.2969,146.3007,147.3046,148.3084,149.3123,150.3161,151.32,152.3238,153.3276,154.3315,155.3353,156.3392,157.343,158.3469,159.3507,160.3545,161.3584,162.3622,163.3661,164.3699,165.3737,166.3776,167.3814,168.3853,169.3891,170.393,171.3968,172.4006,173.4045,174.4083,175.4122,176.416,177.4199,178.4237,179.4275,180.4314,181.4352,182.4391,183.4429,184.4467,185.4506,186.4544,187.4583,188.4621,189.466,190.4698,191.4736,192.4775,193.4813,194.4852,195.489,196.4928,197.4967,198.5005,199.5044,200.5082,201.5121,202.5159,203.5197,204.5236,205.5274,206.5313,207.5351,208.539,209.5428,210.5466,211.5505,212.5543,213.5582,214.562,215.5658,216.5697,217.5735,218.5774,219.5812,220.5851,221.5889,222.5927,223.5966,224.6004,225.6043,226.6081,227.612,228.6158,229.6196,230.6235,231.6273,232.6312,233.635,234.6388,235.6427,236.6465,237.6504,238.6542,239.6581,240.6619,241.6657,242.6696,243.6734,244.6773,245.6811,246.685,247.6888,248.6926,249.6965,250.7003,251.7042,252.708,253.7118,254.7157,255.7195,256.7234,257.7272,258.7311,259.7349,260.7387,261.7426,262.7464,263.7503,264.7541,265.758,266.7618,267.7656,268.7695,269.7733,270.7772,271.781,272.7848,273.7887,274.7925,275.7964,276.8002,277.8041,278.8079,279.8117,280.8156,281.8194,282.8233,283.8271,284.8309,285.8348,286.8386,287.8425,288.8463,289.8502,290.854,291.8578,292.8617,293.8655,294.8694,295.8732,296.8771,297.8809,298.8847,299.8886,300.8924,301.8963,302.9001,303.9039,304.9078,305.9116,306.9155,307.9193,308.9232,309.927,310.9308,311.9347,312.9385,313.9424,314.9462,315.9501,316.9539,317.9577,318.9616,319.9654,320.9693,321.9731,322.9769,323.9808,324.9846,325.9885,326.9923,327.9962,329

Position pixel : 12.8605,12.8614,12.8624,12.8633,12.8642,12.8651,12.866,12.8669,12.8679,12.8688,12.8697,12.8706,12.8715,12.8725,12.8734,12.8743,12.8752,12.8761,12.877,12.878,12.8789,12.8798,12.8807,12.8816,12.8825,12.8835,12.8844,12.8853,12.8862,12.8871,12.888,12.889,12.8899,12.8908,12.8917,12.8926,12.8935,12.8945,12.8954,12.8963,12.8972,12.8981,12.899,12.9,12.9009,12.9018,12.9027,12.9036,12.9046,12.9055,12.9064,12.9073,12.9082,12.9091,12.9101,12.911,12.9119,12.9128,12.9137,12.9146,12.9156,12.9165,12.9174,12.9183,12.9192,12.9201,12.9211,12.922,12.9229,12.9238,12.9247,12.9256,12.9266,12.9275,12.9284,12.9293,12.9302,12.9312,12.9321,12.933,12.9339,12.9348,12.9357,12.9367,12.9376,12.9385,12.9394,12.9403,12.9412,12.9422,12.9431,12.944,12.9449,12.9458,12.9467,12.9477,12.9486,12.9495,12.9504,12.9513,12.9522,12.9532,12.9541,12.955,12.9559,12.9568,12.9577,12.9587,12.9596,12.9605,12.9614,12.9623,12.9633,12.9642,12.9651,12.966,12.9669,12.9678,12.9688,12.9697,12.9706,12.9715,12.9724,12.9733,12.9743,12.9752,12.9761,12.977,12.9779,12.9788,12.9798,12.9807,12.9816,12.9825,12.9834,12.9843,12.9853,12.9862,12.9871,12.988,12.9889,12.9898,12.9908,12.9917,12.9926,12.9935,12.9944,12.9954,12.9963,12.9972,12.9981,12.999,12.9999,13.0009,13.0018,13.0027,13.0036,13.0045,13.0054,13.0064,13.0073,13.0082,13.0091,13.01,13.0109,13.0119,13.0128,13.0137,13.0146,13.0155,13.0164,13.0174,13.0183,13.0192,13.0201,13.021,13.022,13.0229,13.0238,13.0247,13.0256,13.0265,13.0275,13.0284,13.0293,13.0302,13.0311,13.032,13.033,13.0339,13.0348,13.0357,13.0366,13.0375,13.0385,13.0394,13.0403,13.0412,13.0421,13.043,13.044,13.0449,13.0458,13.0467,13.0476,13.0485,13.0495,13.0504,13.0513,13.0522,13.0531,13.0541,13.055,13.0559,13.0568,13.0577,13.0586,13.0596,13.0605,13.0614,13.0623,13.0632,13.0641,13.0651,13.066,13.0669,13.0678,13.0687,13.0696,13.0706,13.0715,13.0724,13.0733,13.0742,13.0751,13.0761,13.077,13.0779,13.0788,13.0797,13.0806,13.0816,13.0825,13.0834,13.0843,13.0852,13.0862,13.0871,13.088,13.0889,13.0898,13.0907,13.0917,13.0926,13.0935,13.0944,13.0953,13.0962,13.0972,13.0981,13.099,13.0999,13.1008,13.1017,13.1027,13.1036,13.1045,13.1054,13.1063,13.1072,13.1082,13.1091,13.11,13.1109,13.1118,13.1128,13.1137,13.1146,13.1155,13.1164,13.1173,13.1183,13.1192,13.1201,13.121,13.1219,13.1228,13.1238,13.1247,13.1256,13.1265,13.1274,13.1283,13.1293,13.1302,13.1311,13.132,13.1329,13.1338,13.1348,13.1357,13.1366,13.1375,13.1384,13.1393,13.1403,13.1412,13.1421,13.143,13.1439,13.1449,13.1458,13.1467,13.1476,13.1485,13.1494,13.1504,13.1513,13.1522,13.1531,13.154,13.1549,13.1559,13.1568,13.1577,13.1586,13.1595

Pole type : Line
Start frame : 1
End frame : 329
Start time (s) : 0.000
End time (s) : 600.140
Time step (s) : 1.830

Feature Information :


Feature number : 1

Time (s) : 362.271,362.7143,363.4988,364.4864,365.3006,365.8775,366.291,366.6178,367.0313,367.5486,368.0956,368.6427,369.1898,369.7369,370.2839,370.831,371.3781,371.9251,372.4722,373.0193,373.5664,374.0836,374.4971,374.8239,375.2076,375.5913,375.9181,376.3017,376.6854,376.9824,377.2623,377.5295,377.8094,378.1064,378.49,378.8737,379.2005,379.614,380.1313,380.6783,381.2254,381.7725,382.3195,382.8666,383.3839,383.7974,384.0944,384.3742,384.6414,384.9213,385.1885,385.4684,385.7356,386.0155,386.2827,386.5625,386.8297,387.1096,387.3768,387.6567,387.9537,388.3672,388.8546,389.2681,389.5949,389.9786,390.3623,390.6891,391.1025,391.6198,392.1371,392.5505,392.8774,393.2908,393.7783,394.1918,394.4888,394.7687,395.0358,395.3157,395.6127,395.9964,396.3801,396.6771,396.9569,397.2241,397.504,397.801,398.2145,398.702,399.1154,399.4124,399.6923,399.9595,400.2394,400.5066,400.7865,401.0835,401.4969,402.0142,402.5613,403.1084,403.6554,404.2025,404.7496,405.2967,405.8139,406.2274,406.5542,406.9677,407.4849,408.032,408.5493,408.933,409.1262,409.3194,409.6732,410.0569,410.3837,410.7674,411.1511,411.4779,411.8615,412.2452,412.5422,412.8221,413.0893,413.3692,413.6364,413.9162,414.1834,414.4633,414.7305,415.0104,415.2776,415.5575,415.8246,416.1045,416.3717,416.6516,416.9188,417.1987,417.4659,417.7458,418.0129,418.2928,418.5898,419.0033,419.5206,420.0676,420.6147,421.1618,421.7089,422.2559,422.7732,423.1569

Position (um) : 2.1698,2.1733,2.1889,2.2145,2.2301,2.2353,2.2431,2.256,2.2638,2.2655,2.2655,2.2655,2.2655,2.2655,2.2655,2.2655,2.2655,2.2655,2.2638,2.256,2.2431,2.2336,2.2241,2.2112,2.2017,2.1922,2.1793,2.1698,2.1603,2.1457,2.1301,2.1138,2.0982,2.0836,2.0741,2.0646,2.0517,2.0439,2.0422,2.0422,2.0422,2.0422,2.0422,2.0422,2.0439,2.0517,2.0663,2.0819,2.0982,2.1138,2.1301,2.1457,2.162,2.1776,2.1939,2.2095,2.2258,2.2414,2.2577,2.2733,2.2896,2.3052,2.3215,2.3371,2.3517,2.3612,2.3707,2.3836,2.3914,2.3931,2.3949,2.4026,2.4155,2.4233,2.4268,2.4345,2.4491,2.4647,2.481,2.4966,2.5129,2.5303,2.5526,2.575,2.5923,2.6086,2.6242,2.6405,2.6561,2.6725,2.688,2.7044,2.7199,2.7363,2.7518,2.7682,2.7837,2.7983,2.8061,2.8079,2.8079,2.8079,2.8079,2.8079,2.8079,2.8079,2.8061,2.7983,2.7855,2.776,2.7664,2.7536,2.744,2.7328,2.7121,2.6915,2.6802,2.6707,2.6579,2.6483,2.6388,2.626,2.6164,2.6069,2.5923,2.5767,2.5604,2.5448,2.5285,2.5129,2.4966,2.481,2.4647,2.4491,2.4328,2.4172,2.4009,2.3853,2.369,2.3534,2.3371,2.3215,2.3052,2.2896,2.2733,2.2577,2.2431,2.2336,2.2241,2.2112,2.2034,2.2017,2.2017,2.2017,2.2017,2.2017

Intensity : 271.9668,269.9372,265.3666,263.1305,267.4556,271.0656,270.4235,269.129,268.2477,267.762,268.1413,269.0383,269.9353,270.3431,269.3071,268.2711,267.2351,267.368,267.7953,268.9717,270.1982,270.6441,271.3058,272.5757,273.0174,272.7951,273.1215,272.6633,272.0928,272.4841,273.3366,274.3925,275.2729,275.9324,275.6595,275.5537,276.3975,276.5615,275.8455,275.2065,276.0618,276.917,277.7723,279.4526,280.9526,281.3039,280.391,280.2364,280.7609,281.4665,281.9016,282.625,283.0055,283.4238,282.5126,281.4477,280.1331,278.9089,277.8744,276.89,275.9299,276.4278,277.4329,278.2097,278.5902,278.2905,277.1334,275.4216,274.3622,274.2668,274.9806,274.6305,273.4197,273.1429,273.3243,272.8299,271.425,270.3771,269.5899,269.4895,270.3453,271.9084,273.3873,273.8891,274.3947,273.6587,272.4566,271.2491,270.2771,269.3064,268.9155,268.4551,267.9543,267.2774,266.6872,265.9209,264.7914,262.3313,260.1021,258.0564,256.1817,256.575,256.9683,257.3616,256.0631,254.0644,252.292,251.4173,252.26,252.8851,253.5618,254.5485,255.3046,256.0236,257.2033,258.2604,258.5631,258.1732,257.9136,257.3442,256.8123,256.7383,256.3322,256.0442,256.4766,257.1247,257.9588,258.9209,259.8075,260.1858,260.6028,260.8023,261.0405,260.9597,260.7147,260.7085,260.9031,261.0075,261.2021,261.3065,261.5011,261.6364,262.123,262.5333,263.02,263.4303,263.7378,263.5379,265.2774,267.6047,269.6739,269.9574,269.2501,268.5428,268.0437,268.1203

Time pixel : 197.9953,198.2376,198.6663,199.2061,199.6511,199.9664,200.1924,200.371,200.597,200.8797,201.1787,201.4777,201.7767,202.0757,202.3747,202.6737,202.9727,203.2716,203.5706,203.8696,204.1686,204.4513,204.6773,204.8559,205.0656,205.2753,205.4539,205.6636,205.8733,206.0356,206.1886,206.3346,206.4876,206.6499,206.8596,207.0693,207.2479,207.4739,207.7566,208.0556,208.3546,208.6536,208.9526,209.2516,209.5343,209.7603,209.9226,210.0756,210.2216,210.3746,210.5206,210.6736,210.8196,210.9726,211.1186,211.2716,211.4176,211.5706,211.7166,211.8696,212.0319,212.2579,212.5243,212.7503,212.9289,213.1386,213.3482,213.5269,213.7528,214.0356,214.3183,214.5442,214.7229,214.9488,215.2152,215.4412,215.6036,215.7565,215.9026,216.0555,216.2178,216.4275,216.6372,216.7995,216.9525,217.0985,217.2515,217.4138,217.6398,217.9062,218.1322,218.2945,218.4475,218.5935,218.7465,218.8925,219.0455,219.2078,219.4338,219.7165,220.0155,220.3145,220.6135,220.9125,221.2115,221.5105,221.7932,222.0192,222.1978,222.4238,222.7065,223.0055,223.2882,223.4979,223.6035,223.7091,223.9025,224.1122,224.2908,224.5005,224.7101,224.8888,225.0985,225.3081,225.4705,225.6234,225.7695,225.9224,226.0685,226.2214,226.3675,226.5204,226.6665,226.8194,226.9654,227.1184,227.2644,227.4174,227.5634,227.7164,227.8624,228.0154,228.1614,228.3144,228.4604,228.6134,228.7757,229.0017,229.2844,229.5834,229.8824,230.1814,230.4804,230.7794,231.0621,231.2718

Position pixel : 20.3355,20.368,20.5141,20.7548,20.9009,20.9497,21.0228,21.1431,21.2162,21.2325,21.2325,21.2325,21.2325,21.2325,21.2325,21.2325,21.2325,21.2325,21.2162,21.1431,21.0228,20.9335,20.8441,20.7238,20.6345,20.5452,20.4248,20.3355,20.2462,20.1095,19.9634,19.8105,19.6645,19.5278,19.4385,19.3492,19.2288,19.1558,19.1395,19.1395,19.1395,19.1395,19.1395,19.1395,19.1558,19.2288,19.3655,19.5115,19.6645,19.8105,19.9634,20.1095,20.2624,20.4085,20.5614,20.7075,20.8604,21.0065,21.1594,21.3055,21.4584,21.6045,21.7574,21.9035,22.0401,22.1294,22.2188,22.3391,22.4121,22.4284,22.4447,22.5177,22.6381,22.7111,22.7437,22.8167,22.9534,23.0995,23.2524,23.3984,23.5514,23.7137,23.9234,24.1331,24.2954,24.4484,24.5944,24.7474,24.8934,25.0464,25.1924,25.3454,25.4914,25.6444,25.7904,25.9434,26.0894,26.2261,26.2991,26.3154,26.3154,26.3154,26.3154,26.3154,26.3154,26.3154,26.2991,26.2261,26.1057,26.0164,25.9271,25.8067,25.7174,25.6118,25.4184,25.225,25.1194,25.0301,24.9097,24.8204,24.7311,24.6107,24.5214,24.4321,24.2954,24.1494,23.9964,23.8504,23.6974,23.5514,23.3984,23.2524,23.0995,22.9534,22.8005,22.6544,22.5015,22.3554,22.2025,22.0564,21.9035,21.7574,21.6045,21.4584,21.3055,21.1594,21.0228,20.9335,20.8441,20.7238,20.6507,20.6345,20.6345,20.6345,20.6345,20.6345

Brightness max : 328.53
Brightness min : 225.00
Feature direction : Ambiguous
Feature speed : Slow
Feature type : Curve
Start frame : 1
End frame : 329
Start time (s) : 0.000
End time (s) : 600.140
Time step (s) : 1.830

Feature number : 2

Time (s) : 427.5856,427.8003,428.0896,428.3957,428.7017,429.0078,429.3138,429.6199,429.9259,430.232,430.538,430.8441,431.1334,431.3647,431.5476,431.7622,431.9768,432.1597,432.3743,432.5889,432.7717,433.0031,433.2924,433.5985,433.9045,434.1939,434.4419,434.6994,435.054,435.4181,435.7241,435.9554,436.1383,436.3696,436.6589,436.9483,437.1796,437.3624,437.5938,437.8831,438.1892,438.4952,438.8013,439.1073,439.3967,439.628,439.8108,440.0421,440.3315,440.6375,440.9436,441.2496,441.539,441.7703,441.9531,442.1844,442.4738,442.7799,443.0859,443.392,443.698,444.0041,444.3101,444.6161,444.9222,445.2282,445.5176,445.7489,445.9317,446.1464,446.361,446.5438,446.7751,447.0645,447.3706,447.6766,447.9827,448.3054,448.6862,449.1154,449.4962,449.8189,450.125,450.431,450.7371,451.0431,451.3492,451.6385,451.8698,452.0527,452.284,452.5734,452.8627,453.094,453.2769,453.5082,453.7809,454.0122,454.195,454.4263,454.7157,455.0217,455.3111,455.5424,455.7252,455.9565,456.2459,456.5353,456.7666,456.9494,457.1807,457.4701,457.7761,458.0822,458.3882,458.6943,458.9837,459.215,459.3978,459.6291,459.9018,460.1331,460.3159,460.5472,460.8366,461.126,461.3573,461.5234,461.68,461.8295,461.9861,462.1522,462.3668,462.5815,462.7476,462.8875,462.9789,463.0703,463.2102,463.3764,463.591,463.8057,463.9885,464.2198,464.5092,464.8152,465.1213,465.4273,465.7334,466.0394,466.3454,466.6515,466.9409,467.1722,467.355,467.5863,467.8757,468.1817,468.4711,468.7024,468.8686,469.0251,469.1746,469.3312,469.4806,469.6372,469.7867,469.9433,470.1094,470.3407,470.6134,470.8447,471.0276,471.2589,471.5316,471.7629,471.9457,472.177,472.4497,472.681,472.8638,473.0785,473.2931,473.4759,473.6906,473.9052,474.088,474.3193,474.6087,474.9147,475.2208,475.5268,475.8329,476.1389,476.445,476.751,477.0571,477.3631,477.6525,477.8838,478.0666,478.2813,478.4792

Position (um) : 2.2911,2.2911,2.2911,2.2911,2.2911,2.2911,2.2911,2.2911,2.2911,2.2911,2.2911,2.2911,2.2921,2.2965,2.3036,2.309,2.3143,2.3215,2.3268,2.3322,2.3393,2.3437,2.3447,2.3447,2.3447,2.3456,2.35,2.3572,2.3615,2.3625,2.3635,2.3678,2.375,2.3794,2.3804,2.3813,2.3857,2.3929,2.3972,2.3982,2.3982,2.3982,2.3982,2.3982,2.3992,2.4035,2.4107,2.4151,2.4161,2.4161,2.4161,2.4161,2.417,2.4214,2.4286,2.4329,2.4339,2.4339,2.4339,2.4339,2.4339,2.4329,2.4286,2.4204,2.4117,2.4035,2.3982,2.3929,2.3857,2.3804,2.375,2.3678,2.3635,2.3625,2.3615,2.3572,2.35,2.3456,2.3447,2.3447,2.3437,2.3393,2.3322,2.3278,2.3268,2.3268,2.3268,2.3258,2.3215,2.3143,2.3099,2.309,2.3099,2.3143,2.3215,2.3258,2.3278,2.3322,2.3393,2.3447,2.35,2.3572,2.3625,2.3678,2.375,2.3794,2.3804,2.3813,2.3857,2.3929,2.3972,2.3982,2.3982,2.3982,2.3982,2.3982,2.3992,2.4035,2.4107,2.4151,2.417,2.4214,2.4286,2.4339,2.4392,2.4474,2.4561,2.4652,2.474,2.4831,2.4928,2.5063,2.5231,2.54,2.5535,2.5642,2.5767,2.5892,2.5989,2.607,2.6124,2.6177,2.6249,2.6293,2.6302,2.6302,2.6302,2.6302,2.6302,2.6302,2.6293,2.6249,2.6167,2.608,2.5999,2.5945,2.5892,2.582,2.5767,2.5714,2.5632,2.5545,2.5453,2.5366,2.5275,2.5188,2.5097,2.5009,2.4918,2.4831,2.474,2.4652,2.4561,2.4474,2.4383,2.4295,2.4204,2.4117,2.4026,2.3939,2.3857,2.3804,2.375,2.3678,2.3625,2.3572,2.35,2.3456,2.3447,2.3437,2.3393,2.3322,2.3278,2.3268,2.3268,2.3268,2.3268,2.3268,2.3258,2.3215,2.3143,2.3099,2.309

Intensity : 255.7845,255.7909,255.7996,255.7939,255.7848,255.7756,255.7664,255.7573,255.7481,256.2355,256.8255,257.4155,257.8856,257.9318,257.6154,257.5171,257.2003,256.6726,256.3685,256.0996,255.6896,255.5853,255.8162,256.1379,255.738,255.1985,254.546,253.7622,252.9852,252.3688,252.2461,252.0418,251.7051,251.5009,251.4553,251.4097,251.2055,250.9454,250.9994,251.2747,251.6172,251.9597,252.3022,252.6447,253.1255,253.254,253.0489,253.1087,253.5167,254.0301,254.5436,254.0736,253.5057,252.7671,251.9119,251.2421,250.7633,250.3338,250.0592,249.788,249.5168,249.3215,249.4073,249.8406,249.8403,249.7673,249.4848,249.3316,249.4322,249.2957,249.1474,249.7788,250.8472,251.8482,252.9057,254.2413,255.8249,257.0664,256.3123,255.3799,254.6317,254.2936,254.3064,254.9774,255.36,255.6623,255.9646,256.3248,256.8803,257.2834,257.2455,256.8619,256.3134,255.5364,254.5427,253.697,253.0409,252.8621,252.3196,252.0143,251.8819,251.7954,251.8187,251.7883,251.5524,251.4785,251.6387,251.7933,251.6683,251.2925,251.1217,251.1783,251.0987,251.019,250.9393,250.8597,250.7037,250.2756,249.7052,249.421,249.358,249.0925,248.5948,248.2766,247.9984,247.4998,246.9274,246.6074,246.3162,246.0241,245.7289,245.33,244.8657,244.4385,244.1209,243.9226,243.8721,243.8522,243.9826,244.1802,244.5281,244.8525,245.0317,245.3718,245.9255,246.2921,245.8487,245.4053,244.962,244.5186,244.1197,243.9271,244.0717,244.3142,244.5851,244.6899,244.7671,244.9513,244.8591,244.3058,244.0974,244.0885,244.1639,244.1385,244.1299,244.0206,243.9281,243.7348,243.4769,243.3264,243.7135,244.0734,244.4601,244.8983,245.309,245.6564,246.0172,246.2457,246.3779,246.4755,246.5645,246.438,246.2763,246.2022,245.9667,245.7699,246.5676,247.4869,248.4814,249.5305,250.7384,252.0787,252.7073,252.1823,251.61,251.0377,250.4654,249.8931,249.6045,249.8983,250.3938,250.6679,250.6982

Time pixel : 233.6923,233.8096,233.9677,234.135,234.3023,234.4695,234.6368,234.8041,234.9713,235.1386,235.3059,235.4731,235.6313,235.7577,235.8576,235.9749,236.0922,236.1922,236.3095,236.4268,236.5267,236.6531,236.8113,236.9785,237.1458,237.304,237.4395,237.5803,237.774,237.973,238.1403,238.2667,238.3666,238.493,238.6512,238.8094,238.9358,239.0357,239.1621,239.3203,239.4875,239.6548,239.8221,239.9893,240.1475,240.2739,240.3738,240.5002,240.6584,240.8257,240.9929,241.1602,241.3183,241.4448,241.5447,241.6711,241.8293,241.9965,242.1638,242.3311,242.4983,242.6656,242.8329,243.0001,243.1674,243.3347,243.4928,243.6192,243.7192,243.8365,243.9538,244.0537,244.1801,244.3383,244.5055,244.6728,244.8401,245.0164,245.2245,245.4592,245.6673,245.8437,246.0109,246.1782,246.3455,246.5127,246.68,246.8381,246.9646,247.0645,247.1909,247.3491,247.5072,247.6336,247.7335,247.86,248.009,248.1354,248.2353,248.3618,248.5199,248.6872,248.8453,248.9718,249.0717,249.1981,249.3562,249.5144,249.6408,249.7407,249.8672,250.0253,250.1926,250.3598,250.5271,250.6944,250.8525,250.979,251.0789,251.2053,251.3543,251.4808,251.5807,251.7071,251.8652,252.0234,252.1498,252.2406,252.3262,252.4079,252.4935,252.5843,252.7016,252.8189,252.9097,252.9861,253.0361,253.0861,253.1625,253.2533,253.3706,253.4879,253.5879,253.7143,253.8724,254.0397,254.207,254.3742,254.5415,254.7088,254.876,255.0433,255.2015,255.3279,255.4278,255.5542,255.7124,255.8796,256.0378,256.1642,256.255,256.3406,256.4223,256.5079,256.5896,256.6751,256.7568,256.8424,256.9332,257.0596,257.2087,257.3351,257.435,257.5614,257.7105,257.8369,257.9368,258.0632,258.2123,258.3387,258.4386,258.5559,258.6732,258.7731,258.8904,259.0077,259.1077,259.2341,259.3922,259.5595,259.7268,259.894,260.0613,260.2286,260.3958,260.5631,260.7304,260.8976,261.0558,261.1822,261.2821,261.3994,261.5076

Position pixel : 21.4726,21.4726,21.4726,21.4726,21.4726,21.4726,21.4726,21.4726,21.4726,21.4726,21.4726,21.4726,21.4817,21.5226,21.5899,21.6399,21.6898,21.7572,21.8071,21.8571,21.9244,21.9653,21.9744,21.9744,21.9744,21.9835,22.0244,22.0917,22.1326,22.1417,22.1508,22.1916,22.259,22.2998,22.3089,22.3181,22.3589,22.4262,22.4671,22.4762,22.4762,22.4762,22.4762,22.4762,22.4853,22.5262,22.5935,22.6344,22.6435,22.6435,22.6435,22.6435,22.6526,22.6934,22.7608,22.8016,22.8107,22.8107,22.8107,22.8107,22.8107,22.8016,22.7608,22.6843,22.6026,22.5262,22.4762,22.4262,22.3589,22.3089,22.259,22.1916,22.1508,22.1417,22.1326,22.0917,22.0244,21.9835,21.9744,21.9744,21.9653,21.9244,21.8571,21.8163,21.8071,21.8071,21.8071,21.798,21.7572,21.6898,21.649,21.6399,21.649,21.6898,21.7572,21.798,21.8163,21.8571,21.9244,21.9744,22.0244,22.0917,22.1417,22.1916,22.259,22.2998,22.3089,22.3181,22.3589,22.4262,22.4671,22.4762,22.4762,22.4762,22.4762,22.4762,22.4853,22.5262,22.5935,22.6344,22.6526,22.6934,22.7608,22.8107,22.8607,22.9372,23.0189,23.1044,23.1861,23.2717,23.3625,23.4889,23.6471,23.8052,23.9316,24.0316,24.1489,24.2662,24.357,24.4334,24.4834,24.5334,24.6007,24.6416,24.6507,24.6507,24.6507,24.6507,24.6507,24.6507,24.6416,24.6007,24.5242,24.4426,24.3661,24.3161,24.2662,24.1988,24.1489,24.0989,24.0224,23.9408,23.8552,23.7735,23.6879,23.6062,23.5207,23.439,23.3534,23.2717,23.1861,23.1044,23.0189,22.9372,22.8516,22.7699,22.6843,22.6026,22.5171,22.4354,22.3589,22.3089,22.259,22.1916,22.1417,22.0917,22.0244,21.9835,21.9744,21.9653,21.9244,21.8571,21.8163,21.8071,21.8071,21.8071,21.8071,21.8071,21.798,21.7572,21.6898,21.649,21.6399

Brightness max : 328.53
Brightness min : 225.00
Feature direction : Ambiguous
Feature speed : Slow
Feature type : Curve
Start frame : 1
End frame : 329
Start time (s) : 0.000
End time (s) : 600.140
Time step (s) : 1.830

