KYMOANALYSIS DATA

General Information :

Tiff path : G:\My Drive\microtubule dynamics and cut7\21-15 screens and tests\cut11-7\19-06-12&20 (Cut7-3GFP and  mCh-mts, timeseries for modeling data)\
Spindle type : Monopolar
Start frame : 1
End frame : 337
Start time (s) : 0.000
End time (s) : 599.980
Time step (s) : 1.786
Num poles : 1
Num tracks : 1
Num tracks poleward : 0
Num tracks antipoleward : 0
Num tracks ambiguous : 1
Comments : {

}
Poles Information :


Pole number : 1

Time (s) : 1.785655,3.57664,5.367625,7.15861,8.949595,10.74058,12.53157,14.32255,16.11354,17.90452,19.69551,21.48649,23.27748,25.06846,26.85945,28.65043,30.44142,32.2324,34.02339,35.81437,37.60536,39.39634,41.18733,42.97831,44.7693,46.56028,48.35127,50.14225,51.93324,53.72422,55.51521,57.30619,59.09718,60.88816,62.67915,64.47013,66.26112,68.0521,69.84309,71.63407,73.42506,75.21604,77.00703,78.79801,80.589,82.37998,84.17097,85.96195,87.75294,89.54392,91.33491,93.12589,94.91688,96.70786,98.49885,100.2898,102.0808,103.8718,105.6628,107.4538,109.2448,111.0357,112.8267,114.6177,116.4087,118.1997,119.9907,121.7817,123.5726,125.3636,127.1546,128.9456,130.7366,132.5276,134.3186,136.1095,137.9005,139.6915,141.4825,143.2735,145.0645,146.8554,148.6464,150.4374,152.2284,154.0194,155.8104,157.6014,159.3923,161.1833,162.9743,164.7653,166.5563,168.3473,170.1383,171.9292,173.7202,175.5112,177.3022,179.0932,180.8842,182.6751,184.4661,186.2571,188.0481,189.8391,191.6301,193.4211,195.212,197.003,198.794,200.585,202.376,204.167,205.958,207.7489,209.5399,211.3309,213.1219,214.9129,216.7039,218.4948,220.2858,222.0768,223.8678,225.6588,227.4498,229.2408,231.0317,232.8227,234.6137,236.4047,238.1957,239.9867,241.7777,243.5686,245.3596,247.1506,248.9416,250.7326,252.5236,254.3146,256.1055,257.8965,259.6875,261.4785,263.2695,265.0605,266.8514,268.6424,270.4334,272.2244,274.0154,275.8064,277.5974,279.3883,281.1793,282.9703,284.7613,286.5523,288.3433,290.1343,291.9252,293.7162,295.5072,297.2982,299.0892,300.8802,302.6711,304.4621,306.2531,308.0441,309.8351,311.6261,313.4171,315.208,316.999,318.79,320.581,322.372,324.163,325.954,327.7449,329.5359,331.3269,333.1179,334.9089,336.6999,338.4908,340.2818,342.0728,343.8638,345.6548,347.4458,349.2368,351.0277,352.8187,354.6097,356.4007,358.1917,359.9827,361.7737,363.5646,365.3556,367.1466,368.9376,370.7286,372.5196,374.3106,376.1015,377.8925,379.6835,381.4745,383.2655,385.0565,386.8474,388.6384,390.4294,392.2204,394.0114,395.8024,397.5934,399.3843,401.1753,402.9663,404.7573,406.5483,408.3393,410.1303,411.9212,413.7122,415.5032,417.2942,419.0852,420.8762,422.6671,424.4581,426.2491,428.0401,429.8311,431.6221,433.4131,435.204,436.995,438.786,440.577,442.368,444.159,445.95,447.7409,449.5319,451.3229,453.1139,454.9049,456.6959,458.4868,460.2778,462.0688,463.8598,465.6508,467.4418,469.2328,471.0237,472.8147,474.6057,476.3967,478.1877,479.9787,481.7697,483.5606,485.3516,487.1426,488.9336,490.7246,492.5156,494.3066,496.0975,497.8885,499.6795,501.4705,503.2615,505.0525,506.8434,508.6344,510.4254,512.2164,514.0074,515.7984,517.5894,519.3803,521.1713,522.9623,524.7533,526.5443,528.3353,530.1263,531.9172,533.7082,535.4992,537.2902,539.0812,540.8722,542.6631,544.4541,546.2451,548.0361,549.8271,551.6181,553.4091,555.2,556.991,558.782,560.573,562.364,564.155,565.946,567.7369,569.5279,571.3189,573.1099,574.9009,576.6919,578.4828,580.2738,582.0648,583.8558,585.6468,587.4378,589.2288,591.0197,592.8107,594.6017,596.3927,598.1837,599.9747,601.7657

Position (um) : 1.7798,1.78,1.7801,1.7803,1.7805,1.7807,1.7809,1.7811,1.7813,1.7815,1.7817,1.7819,1.7821,1.7823,1.7825,1.7827,1.7829,1.7831,1.7833,1.7835,1.7837,1.7839,1.7841,1.7843,1.7845,1.7847,1.7849,1.7851,1.7853,1.7855,1.7857,1.7858,1.786,1.7862,1.7864,1.7866,1.7868,1.787,1.7872,1.7874,1.7876,1.7878,1.788,1.7882,1.7884,1.7886,1.7888,1.789,1.7892,1.7894,1.7896,1.7898,1.79,1.7902,1.7904,1.7906,1.7908,1.791,1.7912,1.7914,1.7916,1.7917,1.7919,1.7921,1.7923,1.7925,1.7927,1.7929,1.7931,1.7933,1.7935,1.7937,1.7939,1.7941,1.7943,1.7945,1.7947,1.7949,1.7951,1.7953,1.7955,1.7957,1.7959,1.7961,1.7963,1.7965,1.7967,1.7969,1.7971,1.7973,1.7974,1.7976,1.7978,1.798,1.7982,1.7984,1.7986,1.7988,1.799,1.7992,1.7994,1.7996,1.7998,1.8,1.8002,1.8004,1.8006,1.8008,1.801,1.8012,1.8014,1.8016,1.8018,1.802,1.8022,1.8024,1.8026,1.8028,1.803,1.8031,1.8033,1.8035,1.8037,1.8039,1.8041,1.8043,1.8045,1.8047,1.8049,1.8051,1.8053,1.8055,1.8057,1.8059,1.8061,1.8063,1.8065,1.8067,1.8069,1.8071,1.8073,1.8075,1.8077,1.8079,1.8081,1.8083,1.8085,1.8087,1.8088,1.809,1.8092,1.8094,1.8096,1.8098,1.81,1.8102,1.8104,1.8106,1.8108,1.811,1.8112,1.8114,1.8116,1.8118,1.812,1.8122,1.8124,1.8126,1.8128,1.813,1.8132,1.8134,1.8136,1.8138,1.814,1.8142,1.8144,1.8145,1.8147,1.8149,1.8151,1.8153,1.8155,1.8157,1.8159,1.8161,1.8163,1.8165,1.8167,1.8169,1.8171,1.8173,1.8175,1.8177,1.8179,1.8181,1.8183,1.8185,1.8187,1.8189,1.8191,1.8193,1.8195,1.8197,1.8199,1.8201,1.8203,1.8204,1.8206,1.8208,1.821,1.8212,1.8214,1.8216,1.8218,1.822,1.8222,1.8224,1.8226,1.8228,1.823,1.8232,1.8234,1.8236,1.8238,1.824,1.8242,1.8244,1.8246,1.8248,1.825,1.8252,1.8254,1.8256,1.8258,1.826,1.8261,1.8263,1.8265,1.8267,1.8269,1.8271,1.8273,1.8275,1.8277,1.8279,1.8281,1.8283,1.8285,1.8287,1.8289,1.8291,1.8293,1.8295,1.8297,1.8299,1.8301,1.8303,1.8305,1.8307,1.8309,1.8311,1.8313,1.8315,1.8317,1.8318,1.832,1.8322,1.8324,1.8326,1.8328,1.833,1.8332,1.8334,1.8336,1.8338,1.834,1.8342,1.8344,1.8346,1.8348,1.835,1.8352,1.8354,1.8356,1.8358,1.836,1.8362,1.8364,1.8366,1.8368,1.837,1.8372,1.8374,1.8375,1.8377,1.8379,1.8381,1.8383,1.8385,1.8387,1.8389,1.8391,1.8393,1.8395,1.8397,1.8399,1.8401,1.8403,1.8405,1.8407,1.8409,1.8411,1.8413,1.8415,1.8417,1.8419,1.8421,1.8423,1.8425,1.8427,1.8429,1.8431,1.8432,1.8434,1.8436,1.8438,1.844,1.8442,1.8444,1.8446,1.8448,1.845,1.8452,1.8454,1.8456

Intensity : 729.6,719.2467,726.0923,757.0268,787.9052,799.8364,762.8565,744.8351,730.5339,735.5326,734.4817,722.243,691.0203,687.0381,689.5444,703.2439,701.1557,700.0697,694.0656,675.3156,685.3165,683.0038,693.8349,675.142,674.618,662.3021,662.233,690.5702,696.9214,693.0786,665.0438,686.6189,688.1165,681.1078,702.1878,706.3796,726.1702,683.2421,684.4811,671.8431,710.3289,710.1109,732.7331,701.8592,713.861,702.3855,684.8188,652.1577,616.7375,611.8449,626.9261,652.9069,695.5025,695.9068,703.1281,669.3304,664.1529,658.1905,666.9823,682.1431,667.1627,667.3459,655.204,646.1129,634.9422,643.717,666.9291,684.0489,660.695,639.1306,617.7401,616.9561,620.4884,626.367,644.6504,655.2309,652.1093,628.4369,625.7144,623.7291,655.9218,662.9285,678.2509,669.962,669.468,650.7866,635.3945,614.3058,612.99,611.2724,615.1578,610.8647,592.3035,586.378,591.6026,607.5252,618.9033,636.2911,644.1905,641.1764,629.272,632.4821,630.5839,632.9684,629.4769,615.0635,589.3146,565.0518,564.3487,572.9019,584.902,590.9536,596.7342,606.1534,614,602.9432,585.1562,576.7767,584.7552,589.7788,583.9228,578.8096,580.2195,591.9233,609.8244,614.804,609.6401,605.0317,612.4397,621.2644,611.4864,594.367,587.3834,612.499,635.1449,645.0219,640.9069,626.6122,618.06,620.0944,632.7156,630.8363,611.8811,600.7279,601.121,613.6832,617.2005,628.0789,631.459,632.2094,638.7658,632.0599,631.1141,623.9181,622.2097,621.5185,632.5278,645.1009,642.9675,625.7341,615.4913,614.8337,621.6272,628.7524,645.7616,648.3914,635.7011,623.0344,623.9758,638.9829,646.322,642.6936,643.7486,635.7002,629.6021,619.0744,621.2335,626.2485,620.125,607.9034,586.5645,567.8693,559.1273,550.628,539.3345,529.4405,535.0164,550.3368,552.6737,548.7806,539.6337,538.0837,537.839,545.8864,568.0183,585.1877,590.3175,587.3217,571.1968,558.3014,533.8408,528.7089,535.2562,543.8139,538.7619,531.2384,537.447,554.1936,552.8028,544.9103,530.623,532.1077,538.4553,554.8179,571.5928,580.8347,575.9036,568.2898,552.9273,533.968,522.7459,520.6302,540.0234,553.1535,553.333,528.1373,503.1908,488.4214,490.49,497.8325,501.6513,493.1988,480.3128,476.4279,485.4147,492.4602,505.5168,510.8975,511.7067,506.063,505.4808,485.5686,467.5113,445.7321,452.5943,455.5319,459.6678,461.5559,456.4319,450.9024,449.0129,459.871,465.9623,462.3614,459.9074,458.9774,464.6503,461.5622,452.6681,458.3404,473.3968,482.7244,467.6691,451.4332,451.8605,459.0693,450.0504,451.984,456.1918,481.4374,487.1206,508.3067,512.6334,517.8646,500.7189,496.9097,505.4766,521.0995,531.3624,516.9039,499.3938,492.9899,511.922,529.7196,511.2214,510.0889,514.9279,529.9919,505.7533,498.5813,494.1764,510.8898,505.3931,516.217,513.3197,527.3064,533.0609,533.7859,517.54,502.8946,492.0955,473.1489,462.928,445.2858,449.7947,446.5418,471.4557,477.9731,476.9347,468.6993,470.7407,485.0545,496.5462,483.4972,484.3446,467.0719,477.2408,465.3203,467.4038,469.5965,475.1928,485.1615,488.151,502.0335,496.1389,482.3794,470.7671,477.6548,489.381,493.7645,505.3067,519.656,510.2533,518.1575,522.2211,547.9526

Time pixel : 1,2.002985,3.00597,4.008955,5.01194,6.014925,7.01791,8.020896,9.023881,10.02687,11.02985,12.03284,13.03582,14.03881,15.04179,16.04478,17.04776,18.05075,19.05373,20.05672,21.0597,22.06269,23.06567,24.06866,25.07164,26.07463,27.07761,28.0806,29.08358,30.08657,31.08955,32.09254,33.09552,34.09851,35.10149,36.10448,37.10746,38.11045,39.11343,40.11642,41.1194,42.12239,43.12537,44.12836,45.13134,46.13433,47.13731,48.1403,49.14328,50.14627,51.14925,52.15224,53.15522,54.15821,55.16119,56.16418,57.16716,58.17015,59.17313,60.17612,61.1791,62.18209,63.18507,64.18806,65.19104,66.19403,67.19701,68.2,69.20299,70.20597,71.20896,72.21194,73.21493,74.21791,75.2209,76.22388,77.22687,78.22985,79.23284,80.23582,81.23881,82.24179,83.24478,84.24776,85.25075,86.25373,87.25672,88.2597,89.26269,90.26567,91.26866,92.27164,93.27463,94.27761,95.2806,96.28358,97.28657,98.28955,99.29254,100.2955,101.2985,102.3015,103.3045,104.3075,105.3104,106.3134,107.3164,108.3194,109.3224,110.3254,111.3284,112.3313,113.3343,114.3373,115.3403,116.3433,117.3463,118.3493,119.3522,120.3552,121.3582,122.3612,123.3642,124.3672,125.3701,126.3731,127.3761,128.3791,129.3821,130.3851,131.3881,132.391,133.394,134.397,135.4,136.403,137.406,138.409,139.4119,140.4149,141.4179,142.4209,143.4239,144.4269,145.4299,146.4328,147.4358,148.4388,149.4418,150.4448,151.4478,152.4507,153.4537,154.4567,155.4597,156.4627,157.4657,158.4687,159.4716,160.4746,161.4776,162.4806,163.4836,164.4866,165.4896,166.4925,167.4955,168.4985,169.5015,170.5045,171.5075,172.5104,173.5134,174.5164,175.5194,176.5224,177.5254,178.5284,179.5313,180.5343,181.5373,182.5403,183.5433,184.5463,185.5493,186.5522,187.5552,188.5582,189.5612,190.5642,191.5672,192.5701,193.5731,194.5761,195.5791,196.5821,197.5851,198.5881,199.591,200.594,201.597,202.6,203.603,204.606,205.609,206.6119,207.6149,208.6179,209.6209,210.6239,211.6269,212.6299,213.6328,214.6358,215.6388,216.6418,217.6448,218.6478,219.6507,220.6537,221.6567,222.6597,223.6627,224.6657,225.6687,226.6716,227.6746,228.6776,229.6806,230.6836,231.6866,232.6896,233.6925,234.6955,235.6985,236.7015,237.7045,238.7075,239.7104,240.7134,241.7164,242.7194,243.7224,244.7254,245.7284,246.7313,247.7343,248.7373,249.7403,250.7433,251.7463,252.7493,253.7522,254.7552,255.7582,256.7612,257.7642,258.7672,259.7701,260.7731,261.7761,262.7791,263.7821,264.7851,265.7881,266.791,267.794,268.797,269.8,270.803,271.806,272.809,273.8119,274.8149,275.8179,276.8209,277.8239,278.8269,279.8299,280.8328,281.8358,282.8388,283.8418,284.8448,285.8478,286.8507,287.8537,288.8567,289.8597,290.8627,291.8657,292.8687,293.8716,294.8746,295.8776,296.8806,297.8836,298.8866,299.8896,300.8925,301.8955,302.8985,303.9015,304.9045,305.9075,306.9104,307.9134,308.9164,309.9194,310.9224,311.9254,312.9284,313.9313,314.9343,315.9373,316.9403,317.9433,318.9463,319.9493,320.9522,321.9552,322.9582,323.9612,324.9642,325.9672,326.9701,327.9731,328.9761,329.9791,330.9821,331.9851,332.9881,333.991,334.994,335.997,337

Position pixel : 16.68,16.6818,16.6837,16.6855,16.6874,16.6892,16.6911,16.6929,16.6947,16.6966,16.6984,16.7003,16.7021,16.704,16.7058,16.7076,16.7095,16.7113,16.7132,16.715,16.7168,16.7187,16.7205,16.7224,16.7242,16.7261,16.7279,16.7297,16.7316,16.7334,16.7353,16.7371,16.739,16.7408,16.7426,16.7445,16.7463,16.7482,16.75,16.7519,16.7537,16.7555,16.7574,16.7592,16.7611,16.7629,16.7647,16.7666,16.7684,16.7703,16.7721,16.774,16.7758,16.7776,16.7795,16.7813,16.7832,16.785,16.7869,16.7887,16.7905,16.7924,16.7942,16.7961,16.7979,16.7998,16.8016,16.8034,16.8053,16.8071,16.809,16.8108,16.8126,16.8145,16.8163,16.8182,16.82,16.8219,16.8237,16.8255,16.8274,16.8292,16.8311,16.8329,16.8348,16.8366,16.8384,16.8403,16.8421,16.844,16.8458,16.8477,16.8495,16.8513,16.8532,16.855,16.8569,16.8587,16.8605,16.8624,16.8642,16.8661,16.8679,16.8698,16.8716,16.8734,16.8753,16.8771,16.879,16.8808,16.8827,16.8845,16.8863,16.8882,16.89,16.8919,16.8937,16.8956,16.8974,16.8992,16.9011,16.9029,16.9048,16.9066,16.9084,16.9103,16.9121,16.914,16.9158,16.9177,16.9195,16.9213,16.9232,16.925,16.9269,16.9287,16.9306,16.9324,16.9342,16.9361,16.9379,16.9398,16.9416,16.9435,16.9453,16.9471,16.949,16.9508,16.9527,16.9545,16.9563,16.9582,16.96,16.9619,16.9637,16.9656,16.9674,16.9692,16.9711,16.9729,16.9748,16.9766,16.9785,16.9803,16.9821,16.984,16.9858,16.9877,16.9895,16.9914,16.9932,16.995,16.9969,16.9987,17.0006,17.0024,17.0042,17.0061,17.0079,17.0098,17.0116,17.0135,17.0153,17.0171,17.019,17.0208,17.0227,17.0245,17.0264,17.0282,17.03,17.0319,17.0337,17.0356,17.0374,17.0393,17.0411,17.0429,17.0448,17.0466,17.0485,17.0503,17.0521,17.054,17.0558,17.0577,17.0595,17.0614,17.0632,17.065,17.0669,17.0687,17.0706,17.0724,17.0743,17.0761,17.0779,17.0798,17.0816,17.0835,17.0853,17.0872,17.089,17.0908,17.0927,17.0945,17.0964,17.0982,17.1,17.1019,17.1037,17.1056,17.1074,17.1093,17.1111,17.1129,17.1148,17.1166,17.1185,17.1203,17.1222,17.124,17.1258,17.1277,17.1295,17.1314,17.1332,17.1351,17.1369,17.1387,17.1406,17.1424,17.1443,17.1461,17.1479,17.1498,17.1516,17.1535,17.1553,17.1572,17.159,17.1608,17.1627,17.1645,17.1664,17.1682,17.1701,17.1719,17.1737,17.1756,17.1774,17.1793,17.1811,17.183,17.1848,17.1866,17.1885,17.1903,17.1922,17.194,17.1958,17.1977,17.1995,17.2014,17.2032,17.2051,17.2069,17.2087,17.2106,17.2124,17.2143,17.2161,17.218,17.2198,17.2216,17.2235,17.2253,17.2272,17.229,17.2309,17.2327,17.2345,17.2364,17.2382,17.2401,17.2419,17.2437,17.2456,17.2474,17.2493,17.2511,17.253,17.2548,17.2566,17.2585,17.2603,17.2622,17.264,17.2659,17.2677,17.2695,17.2714,17.2732,17.2751,17.2769,17.2788,17.2806,17.2824,17.2843,17.2861,17.288,17.2898,17.2916,17.2935,17.2953,17.2972

Pole type : Line
Start frame : 1
End frame : 337
Start time (s) : 0.000
End time (s) : 599.980
Time step (s) : 1.786

Feature Information :


Feature number : 1

Time (s) : 3.699903,5.490519,7.281135,9.071751,10.86237,12.65298,14.4436,16.23421,18.02483,19.81545,21.60606,23.39668,25.1873,26.97791,28.76853,30.55914,32.34976,34.14038,35.93099,37.72161,39.51222,41.30284,43.09346,44.88407,46.67469,48.4653,50.25592,52.04654,53.83715,55.62777,57.41838,59.209,60.99962,62.79023,64.58085,66.37146,68.16208,69.9527,71.74331,73.53393,75.32454,77.11516,78.90578,80.69639,82.48701,84.27762,86.06824,87.85886,89.64947,91.44009,93.2307,95.02132,96.81194,98.60255,100.3932,102.1838,103.9744,105.765,107.5556,109.3462,111.1369,112.9275,114.7181,116.5087,118.2993,120.0899,121.8806,123.6712,125.4618,127.2524,129.043,130.8336,132.6243,134.4149,136.2055,137.9961,139.7867,141.5773,143.368,145.1586,146.9492,148.7398,150.5304,152.321,154.1116,155.9023,157.6929,159.4835,161.2741,163.0647,164.8553,166.646,168.4366,170.2272,172.0178,173.8084,175.599,177.3897,179.1803,180.9709,182.7615,184.5521,186.3427,188.1334,189.924,191.7146,193.5052,195.2958,197.0864,198.877,200.6677,202.4583,204.2489,206.0395,207.8301,209.6207,211.4114,213.202,214.9926,216.7832,218.5738,220.3644,222.1551,223.9457,225.7363,227.5269,229.3175,231.1081,232.8988,234.6894,236.48,238.2706,240.0612,241.8518,243.6424,245.4331,247.2237,249.0143,250.8049,252.5955,254.3861,256.1768,257.9674,259.758,261.5486,263.3392,265.1298,266.9205,268.7111,270.5017,272.2923,274.0829,275.8735,277.6642,279.4548,281.2454,283.036,284.8266,286.6172,288.4079,290.1985,291.9891,293.7797,295.5703,297.3609,299.1515,300.9422,302.7328,304.5234,306.314,308.1046,309.8952,311.6859,313.4765,315.2671,317.0577,318.8483,320.6389,322.4296,324.2202,326.0108,327.8014,329.592,331.3826,333.1733,334.9639,336.7545,338.5451,340.3357,342.1263,343.9169,345.7076,347.4982,349.2888,351.0794,352.87,354.6606,356.4513,358.2419,360.0325,361.8231,363.6137,365.4043,367.195,368.9856,370.7762,372.5668,374.3574,376.148,377.9387,379.7293,381.5199,383.3105,385.1011,386.8917,388.6823,390.473,392.2636,394.0542,395.8448,397.6354,399.426,401.2167,403.0073,404.7979,406.5885,408.3791,410.1697,411.9604,413.751,415.5416,417.3322,419.1228,420.9134,422.7041,424.4947,426.2853,428.0759,429.8665,431.6571,433.4477,435.2384,437.029,438.8196,440.6102,442.4008,444.1914,445.9821,447.7727,449.5633,451.3539,453.1445,454.9351,456.7258,458.5164,460.307,462.0976,463.8882,465.6788,467.4695,469.2601,471.0507,472.8413,474.6319,476.4225,478.2131,480.0038,481.7944,483.585,485.3756,487.1662,488.9568,490.7475,492.5381,494.3287,496.1193,497.9099,499.7005,501.4912,503.2818,505.0724,506.863,508.6536,510.4442,512.2349,514.0255,515.8161,517.6067,519.3973,521.1879,522.9785,524.7692,526.5598,528.3504,530.141,531.9316,533.7222,535.5129,537.3035,539.0941,540.8847,542.6753,544.4659,546.2566,548.0472,549.8378,551.6284,553.419,555.2096,557.0003,558.7909,560.5815,562.3721,564.1627,565.9533,567.744,569.5346,571.3252,573.1158,574.9064,576.697,578.4876,580.2783,582.0689,583.8595,585.6501,587.4407,589.2313,591.022,592.8126,594.6032,596.3938,598.1844,599.975,601.7657

Position (um) : 1.7802,1.7804,1.7806,1.7808,1.781,1.7812,1.7814,1.7816,1.7818,1.782,1.7822,1.7824,1.7826,1.7828,1.783,1.7832,1.7834,1.7836,1.7838,1.784,1.7842,1.7844,1.7846,1.7847,1.7849,1.7851,1.7853,1.7855,1.7857,1.7859,1.7861,1.7863,1.7865,1.7867,1.7869,1.7871,1.7873,1.7875,1.7877,1.7879,1.7881,1.7883,1.7885,1.7887,1.7889,1.7891,1.7892,1.7894,1.7896,1.7898,1.79,1.7902,1.7904,1.7906,1.7908,1.791,1.7912,1.7914,1.7916,1.7918,1.792,1.7922,1.7924,1.7926,1.7928,1.793,1.7932,1.7934,1.7936,1.7937,1.7939,1.7941,1.7943,1.7945,1.7947,1.7949,1.7951,1.7953,1.7955,1.7957,1.7959,1.7961,1.7963,1.7965,1.7967,1.7969,1.7971,1.7973,1.7975,1.7977,1.7979,1.7981,1.7983,1.7984,1.7986,1.7988,1.799,1.7992,1.7994,1.7996,1.7998,1.8,1.8002,1.8004,1.8006,1.8008,1.801,1.8012,1.8014,1.8016,1.8018,1.802,1.8022,1.8024,1.8026,1.8028,1.8029,1.8031,1.8033,1.8035,1.8037,1.8039,1.8041,1.8043,1.8045,1.8047,1.8049,1.8051,1.8053,1.8055,1.8057,1.8059,1.8061,1.8063,1.8065,1.8067,1.8069,1.8071,1.8073,1.8074,1.8076,1.8078,1.808,1.8082,1.8084,1.8086,1.8088,1.809,1.8092,1.8094,1.8096,1.8098,1.81,1.8102,1.8104,1.8106,1.8108,1.811,1.8112,1.8114,1.8116,1.8118,1.8119,1.8121,1.8123,1.8125,1.8127,1.8129,1.8131,1.8133,1.8135,1.8137,1.8139,1.8141,1.8143,1.8145,1.8147,1.8149,1.8151,1.8153,1.8155,1.8157,1.8159,1.8161,1.8163,1.8164,1.8166,1.8168,1.817,1.8172,1.8174,1.8176,1.8178,1.818,1.8182,1.8184,1.8186,1.8188,1.819,1.8192,1.8194,1.8196,1.8198,1.82,1.8202,1.8204,1.8206,1.8208,1.821,1.8211,1.8213,1.8215,1.8217,1.8219,1.8221,1.8223,1.8225,1.8227,1.8229,1.8231,1.8233,1.8235,1.8237,1.8239,1.8241,1.8243,1.8245,1.8247,1.8249,1.8251,1.8253,1.8255,1.8256,1.8258,1.826,1.8262,1.8264,1.8266,1.8268,1.827,1.8272,1.8274,1.8276,1.8278,1.828,1.8282,1.8284,1.8286,1.8288,1.829,1.8292,1.8294,1.8296,1.8298,1.83,1.8301,1.8303,1.8305,1.8307,1.8309,1.8311,1.8313,1.8315,1.8317,1.8319,1.8321,1.8323,1.8325,1.8327,1.8329,1.8331,1.8333,1.8335,1.8337,1.8339,1.8341,1.8343,1.8345,1.8346,1.8348,1.835,1.8352,1.8354,1.8356,1.8358,1.836,1.8362,1.8364,1.8366,1.8368,1.837,1.8372,1.8374,1.8376,1.8378,1.838,1.8382,1.8384,1.8386,1.8388,1.839,1.8392,1.8393,1.8395,1.8397,1.8399,1.8401,1.8403,1.8405,1.8407,1.8409,1.8411,1.8413,1.8415,1.8417,1.8419,1.8421,1.8423,1.8425,1.8427,1.8429,1.8431,1.8433,1.8435,1.8437,1.8438,1.844,1.8442,1.8444,1.8446,1.8448,1.845,1.8452,1.8454,1.8456

Intensity : 719.632,728.149,759.0736,788.6969,797.2291,761.5784,743.7847,730.8281,735.4451,733.6672,720.0633,690.7044,687.1447,690.4746,703.0815,701.0704,699.692,692.6797,675.9715,685.0434,683.7905,692.4844,675.1145,673.703,662.0604,664.0834,690.9256,696.7543,690.8967,666.4486,686.7228,687.3981,682.4752,702.1843,708.0242,723.0838,683.421,683.1776,674.4718,709.9657,711.9138,730.3603,702.6939,713.1102,701.3675,682.8458,649.6811,616.1518,612.5617,628.0857,655.7799,695.2367,696.7332,700.7271,668.9685,663.5762,658.4481,668.1784,680.9798,667.2517,666.5154,654.6926,645.1934,635.1786,644.8702,668.3558,682.6239,659.4975,637.6115,617.5716,617.1156,620.5386,627.3917,645.2489,655.4409,650.3857,628.4375,624.8366,625.8726,655.9202,664.1277,677.4794,670.211,668.2858,650.1436,633.8617,614.209,612.7159,611.4186,615.2034,609.664,591.8435,586.3254,592.512,607.8596,619.8617,636.6962,644.3161,640.1555,629.5264,632.2308,630.7146,632.9155,628.9001,613.9692,587.6762,564.8448,564.5689,573.5444,585.1508,591.1629,596.9821,606.8223,613.6359,602.0699,584.3891,577.0459,585.1874,589.5149,583.551,578.7302,580.4201,592.85,610.213,614.5745,609.2661,604.9641,613.2316,620.8352,610.9558,593.2102,588.2915,613.6365,635.66,645.1373,640.1893,626.082,617.8251,620.4735,633.2592,629.7666,611.4154,600.1934,601.7504,613.8732,617.1295,628.9875,630.4625,633.3746,637.7447,632.5952,630.2549,624.2273,621.6044,622.0694,632.6654,645.8156,641.8811,625.4966,614.8513,615.3421,621.4472,629.3227,646.2538,647.9326,635.1459,622.5951,624.365,639.5033,646.1863,642.4573,643.9178,634.895,629.7303,617.986,622.0548,625.5301,620.0905,606.91,585.8822,567.1144,559.0418,550.0038,538.998,528.9566,535.5177,550.5816,552.411,548.5876,539.128,538.2266,537.5635,546.3358,568.6326,585.4198,590.2152,587.0486,570.4204,558.0522,532.7271,529.0902,535.1804,544.1295,538.2297,531.1514,537.6676,554.6538,552.3383,544.7449,530.0297,532.4186,538.428,555.3683,571.8089,580.9325,575.5237,568.0749,552.342,533.4594,522.4903,520.5759,540.6188,553.1855,553.1929,527.2346,502.6918,488.0831,490.6266,497.911,501.6394,492.8478,479.9868,476.372,485.6233,492.4905,505.7927,510.8511,511.666,505.8412,505.4705,484.9596,467.1961,445.2206,452.9022,455.437,459.7476,461.5155,456.2646,450.7766,448.9643,460.0894,465.9794,462.2272,459.8522,458.9339,464.7483,461.4318,452.4894,458.47,473.6187,482.8008,467.3157,451.1832,451.897,459.1504,449.8276,452.0363,456.2162,481.8229,487.0863,508.6223,512.5931,517.9181,500.4084,496.8862,505.574,521.271,531.4389,516.6581,499.1782,492.9213,512.1559,529.8775,510.9401,510.1031,514.9624,530.1403,505.4388,498.5368,494.1231,511.0608,505.3027,516.3287,513.2674,527.4345,533.0853,533.7772,517.3894,502.78,492.0123,473.0025,462.8604,445.1576,449.8344,446.5106,471.6178,477.9941,476.9208,468.6463,470.7497,485.1233,496.5924,483.4243,484.3476,466.9912,477.2837,465.2669,467.4104,469.5997,475.2073,485.1874,488.1549,502.0653,496.1203,482.3478,470.7433,477.6647,489.3959,493.7679,505.3171,519.6665,510.2463,518.1601,522.2216,547.9526

Time pixel : 2.072015,3.074793,4.077571,5.08035,6.083128,7.085907,8.088685,9.091463,10.09424,11.09702,12.0998,13.10258,14.10536,15.10813,16.11091,17.11369,18.11647,19.11925,20.12203,21.1248,22.12758,23.13036,24.13314,25.13592,26.1387,27.14147,28.14425,29.14703,30.14981,31.15259,32.15537,33.15814,34.16092,35.1637,36.16648,37.16926,38.17204,39.17482,40.17759,41.18037,42.18315,43.18593,44.18871,45.19149,46.19426,47.19704,48.19982,49.2026,50.20538,51.20816,52.21093,53.21371,54.21649,55.21927,56.22205,57.22483,58.2276,59.23038,60.23316,61.23594,62.23872,63.2415,64.24428,65.24705,66.24983,67.25261,68.25539,69.25817,70.26095,71.26372,72.2665,73.26928,74.27206,75.27484,76.27762,77.28039,78.28317,79.28595,80.28873,81.29151,82.29429,83.29706,84.29984,85.30262,86.3054,87.30818,88.31096,89.31374,90.31651,91.31929,92.32207,93.32485,94.32763,95.33041,96.33318,97.33596,98.33874,99.34152,100.3443,101.3471,102.3499,103.3526,104.3554,105.3582,106.361,107.3637,108.3665,109.3693,110.3721,111.3749,112.3776,113.3804,114.3832,115.386,116.3888,117.3915,118.3943,119.3971,120.3999,121.4026,122.4054,123.4082,124.411,125.4138,126.4165,127.4193,128.4221,129.4249,130.4276,131.4304,132.4332,133.436,134.4388,135.4415,136.4443,137.4471,138.4499,139.4527,140.4554,141.4582,142.461,143.4638,144.4665,145.4693,146.4721,147.4749,148.4777,149.4804,150.4832,151.486,152.4888,153.4916,154.4943,155.4971,156.4999,157.5027,158.5054,159.5082,160.511,161.5138,162.5166,163.5193,164.5221,165.5249,166.5277,167.5305,168.5332,169.536,170.5388,171.5416,172.5443,173.5471,174.5499,175.5527,176.5555,177.5582,178.561,179.5638,180.5666,181.5693,182.5721,183.5749,184.5777,185.5805,186.5832,187.586,188.5888,189.5916,190.5944,191.5971,192.5999,193.6027,194.6055,195.6082,196.611,197.6138,198.6166,199.6194,200.6221,201.6249,202.6277,203.6305,204.6333,205.636,206.6388,207.6416,208.6444,209.6471,210.6499,211.6527,212.6555,213.6583,214.661,215.6638,216.6666,217.6694,218.6721,219.6749,220.6777,221.6805,222.6833,223.686,224.6888,225.6916,226.6944,227.6972,228.6999,229.7027,230.7055,231.7083,232.711,233.7138,234.7166,235.7194,236.7222,237.7249,238.7277,239.7305,240.7333,241.7361,242.7388,243.7416,244.7444,245.7472,246.7499,247.7527,248.7555,249.7583,250.7611,251.7638,252.7666,253.7694,254.7722,255.7749,256.7777,257.7805,258.7833,259.7861,260.7888,261.7916,262.7944,263.7972,264.8,265.8027,266.8055,267.8083,268.8111,269.8138,270.8166,271.8194,272.8222,273.825,274.8277,275.8305,276.8333,277.8361,278.8389,279.8416,280.8444,281.8472,282.85,283.8527,284.8555,285.8583,286.8611,287.8639,288.8666,289.8694,290.8722,291.875,292.8778,293.8805,294.8833,295.8861,296.8889,297.8916,298.8944,299.8972,300.9,301.9028,302.9055,303.9083,304.9111,305.9139,306.9166,307.9194,308.9222,309.925,310.9278,311.9305,312.9333,313.9361,314.9389,315.9417,316.9444,317.9472,318.95,319.9528,320.9555,321.9583,322.9611,323.9639,324.9667,325.9694,326.9722,327.975,328.9778,329.9806,330.9833,331.9861,332.9889,333.9917,334.9944,335.9972,337

Position pixel : 16.6846,16.6864,16.6883,16.6901,16.6919,16.6938,16.6956,16.6974,16.6993,16.7011,16.7029,16.7048,16.7066,16.7084,16.7103,16.7121,16.7139,16.7158,16.7176,16.7194,16.7213,16.7231,16.7249,16.7268,16.7286,16.7304,16.7323,16.7341,16.7359,16.7378,16.7396,16.7415,16.7433,16.7451,16.747,16.7488,16.7506,16.7525,16.7543,16.7561,16.758,16.7598,16.7616,16.7635,16.7653,16.7671,16.769,16.7708,16.7726,16.7745,16.7763,16.7781,16.78,16.7818,16.7836,16.7855,16.7873,16.7891,16.791,16.7928,16.7946,16.7965,16.7983,16.8001,16.802,16.8038,16.8056,16.8075,16.8093,16.8111,16.813,16.8148,16.8166,16.8185,16.8203,16.8221,16.824,16.8258,16.8277,16.8295,16.8313,16.8332,16.835,16.8368,16.8387,16.8405,16.8423,16.8442,16.846,16.8478,16.8497,16.8515,16.8533,16.8552,16.857,16.8588,16.8607,16.8625,16.8643,16.8662,16.868,16.8698,16.8717,16.8735,16.8753,16.8772,16.879,16.8808,16.8827,16.8845,16.8863,16.8882,16.89,16.8918,16.8937,16.8955,16.8973,16.8992,16.901,16.9028,16.9047,16.9065,16.9084,16.9102,16.912,16.9139,16.9157,16.9175,16.9194,16.9212,16.923,16.9249,16.9267,16.9285,16.9304,16.9322,16.934,16.9359,16.9377,16.9395,16.9414,16.9432,16.945,16.9469,16.9487,16.9505,16.9524,16.9542,16.956,16.9579,16.9597,16.9615,16.9634,16.9652,16.967,16.9689,16.9707,16.9725,16.9744,16.9762,16.978,16.9799,16.9817,16.9835,16.9854,16.9872,16.9891,16.9909,16.9927,16.9946,16.9964,16.9982,17.0001,17.0019,17.0037,17.0056,17.0074,17.0092,17.0111,17.0129,17.0147,17.0166,17.0184,17.0202,17.0221,17.0239,17.0257,17.0276,17.0294,17.0312,17.0331,17.0349,17.0367,17.0386,17.0404,17.0422,17.0441,17.0459,17.0477,17.0496,17.0514,17.0532,17.0551,17.0569,17.0587,17.0606,17.0624,17.0642,17.0661,17.0679,17.0697,17.0716,17.0734,17.0753,17.0771,17.0789,17.0808,17.0826,17.0844,17.0863,17.0881,17.0899,17.0918,17.0936,17.0954,17.0973,17.0991,17.1009,17.1028,17.1046,17.1064,17.1083,17.1101,17.1119,17.1138,17.1156,17.1174,17.1193,17.1211,17.1229,17.1248,17.1266,17.1284,17.1303,17.1321,17.1339,17.1358,17.1376,17.1394,17.1413,17.1431,17.1449,17.1468,17.1486,17.1504,17.1523,17.1541,17.156,17.1578,17.1596,17.1615,17.1633,17.1651,17.167,17.1688,17.1706,17.1725,17.1743,17.1761,17.178,17.1798,17.1816,17.1835,17.1853,17.1871,17.189,17.1908,17.1926,17.1945,17.1963,17.1981,17.2,17.2018,17.2036,17.2055,17.2073,17.2091,17.211,17.2128,17.2146,17.2165,17.2183,17.2201,17.222,17.2238,17.2256,17.2275,17.2293,17.2311,17.233,17.2348,17.2366,17.2385,17.2403,17.2422,17.244,17.2458,17.2477,17.2495,17.2513,17.2532,17.255,17.2568,17.2587,17.2605,17.2623,17.2642,17.266,17.2678,17.2697,17.2715,17.2733,17.2752,17.277,17.2788,17.2807,17.2825,17.2843,17.2862,17.288,17.2898,17.2917,17.2935,17.2953,17.2972

Brightness max : 819.00
Brightness min : 206.00
Feature direction : Ambiguous
Feature speed : Slow
Feature type : Line
Start frame : 1
End frame : 337
Start time (s) : 0.000
End time (s) : 599.980
Time step (s) : 1.786

