KYMOANALYSIS DATA

General Information :

Tiff path : G:\My Drive\microtubule dynamics and cut7\21-15 screens and tests\cut11-7\19-06-12&20 (Cut7-3GFP and  mCh-mts, timeseries for modeling data)\
Spindle type : Monopolar
Start frame : 1
End frame : 155
Start time (s) : 0.000
End time (s) : 601.010
Time step (s) : 3.903
Num poles : 1
Num tracks : 1
Num tracks poleward : 0
Num tracks antipoleward : 0
Num tracks ambiguous : 1
Comments : {

}
Poles Information :


Pole number : 1

Time (s) : 3.902662,7.830832,11.759,15.68717,19.61534,23.54351,27.47168,31.39985,35.32802,39.25619,43.18436,47.11253,51.0407,54.96887,58.89704,62.82521,66.75338,70.68155,74.60972,78.53789,82.46606,86.39423,90.3224,94.25057,98.17874,102.1069,106.0351,109.9633,113.8914,117.8196,121.7478,125.6759,129.6041,133.5323,137.4604,141.3886,145.3168,149.2449,153.1731,157.1013,161.0295,164.9576,168.8858,172.814,176.7421,180.6703,184.5985,188.5266,192.4548,196.383,200.3112,204.2393,208.1675,212.0957,216.0238,219.952,223.8802,227.8083,231.7365,235.6647,239.5929,243.521,247.4492,251.3774,255.3055,259.2337,263.1619,267.09,271.0182,274.9464,278.8746,282.8027,286.7309,290.6591,294.5872,298.5154,302.4436,306.3717,310.2999,314.2281,318.1563,322.0844,326.0126,329.9408,333.8689,337.7971,341.7253,345.6534,349.5816,353.5098,357.438,361.3661,365.2943,369.2225,373.1506,377.0788,381.007,384.9351,388.8633,392.7915,396.7197,400.6478,404.576,408.5042,412.4323,416.3605,420.2887,424.2168,428.145,432.0732,436.0014,439.9295,443.8577,447.7859,451.714,455.6422,459.5704,463.4985,467.4267,471.3549,475.2831,479.2112,483.1394,487.0676,490.9957,494.9239,498.8521,502.7802,506.7084,510.6366,514.5648,518.4929,522.4211,526.3493,530.2774,534.2056,538.1338,542.0619,545.9901,549.9183,553.8465,557.7746,561.7028,565.631,569.5591,573.4873,577.4155,581.3436,585.2718,589.2,593.1282,597.0563,600.9845,604.9127

Position (um) : 1.2532,1.2531,1.253,1.2529,1.2528,1.2527,1.2526,1.2525,1.2524,1.2523,1.2522,1.2521,1.252,1.2519,1.2518,1.2517,1.2516,1.2516,1.2515,1.2514,1.2513,1.2512,1.2511,1.251,1.2509,1.2508,1.2507,1.2506,1.2505,1.2504,1.2503,1.2502,1.2501,1.25,1.2499,1.2498,1.2497,1.2496,1.2495,1.2494,1.2493,1.2492,1.2491,1.249,1.2489,1.2488,1.2487,1.2486,1.2485,1.2484,1.2483,1.2482,1.2481,1.248,1.2479,1.2478,1.2477,1.2476,1.2475,1.2474,1.2473,1.2472,1.2471,1.247,1.2469,1.2469,1.2468,1.2467,1.2466,1.2465,1.2464,1.2463,1.2462,1.2461,1.246,1.2459,1.2458,1.2457,1.2456,1.2455,1.2454,1.2453,1.2452,1.2451,1.245,1.2449,1.2448,1.2447,1.2446,1.2445,1.2444,1.2443,1.2442,1.2441,1.244,1.2439,1.2438,1.2437,1.2436,1.2435,1.2434,1.2433,1.2432,1.2431,1.243,1.2429,1.2428,1.2427,1.2426,1.2425,1.2424,1.2423,1.2422,1.2422,1.2421,1.242,1.2419,1.2418,1.2417,1.2416,1.2415,1.2414,1.2413,1.2412,1.2411,1.241,1.2409,1.2408,1.2407,1.2406,1.2405,1.2404,1.2403,1.2402,1.2401,1.24,1.2399,1.2398,1.2397,1.2396,1.2395,1.2394,1.2393,1.2392,1.2391,1.239,1.2389,1.2388,1.2387,1.2386,1.2385,1.2384,1.2383,1.2382

Intensity : 1419.7069,1416.4068,1413.8094,1372.8279,1381.9646,1394.1173,1359.5089,1363.8034,1334.9643,1358.4517,1322.9436,1327.1087,1328.5592,1313.6788,1290.1857,1232.6679,1222.0519,1225.2928,1233.3057,1244.938,1250.8666,1292.1478,1286.8872,1309.3898,1326.4965,1358.235,1351.4368,1385.8512,1427.7469,1447.8885,1444.2803,1448.0789,1489.7799,1521.5865,1515.2266,1483.5341,1421.0525,1401.3346,1390.1077,1391.165,1409.7674,1416.717,1462.7032,1449.2717,1418.3697,1331.9358,1257.1304,1217.0411,1208.5038,1237.7596,1270.1967,1286.7251,1272.9645,1250.0394,1228.7624,1185.6352,1134.2361,1118.4226,1134.4302,1167.7311,1185.5364,1200.8369,1212.4974,1216.7091,1197.1653,1176.0704,1172.7626,1201.4185,1218.1087,1182.6296,1153.8602,1151.4252,1201.2609,1236.2011,1243.9723,1261.2486,1279.9368,1293.4709,1267.2191,1238.562,1246.3016,1267.2793,1272.2776,1228.1898,1160.008,1111.2311,1095.8497,1096.3669,1104.118,1129.2028,1161.3017,1170.9459,1161.7175,1129.3916,1113.2322,1093.9286,1109.7673,1125.6589,1138.3702,1179.73,1211.2378,1266.2633,1293.4844,1341.0978,1332.6297,1286.5496,1204.2862,1171.5842,1143.4154,1144.6316,1130.7157,1123.8165,1109.2417,1096.956,1114.1634,1114.9834,1103.3607,1075.9499,1077.4335,1082.9877,1088.3046,1089.5368,1064.4418,1017.65,968.16187,948.18206,966.18273,984.77442,989.11297,1010.9949,1035.1856,1069.4668,1097.1512,1104.2017,1105.8992,1053.6554,1031.5058,1018.7136,1010.5419,984.11393,943.98644,945.4426,917.77036,908.16534,869.27158,855.48306,824.98861,824.83022,824.02861,874.47059,868.15339,851.01168,806.47429,795.20966

Time pixel : 1,2.006536,3.013072,4.019608,5.026144,6.03268,7.039216,8.045752,9.052288,10.05882,11.06536,12.0719,13.07843,14.08497,15.0915,16.09804,17.10458,18.11111,19.11765,20.12418,21.13072,22.13725,23.14379,24.15033,25.15686,26.1634,27.16993,28.17647,29.18301,30.18954,31.19608,32.20261,33.20915,34.21569,35.22222,36.22876,37.23529,38.24183,39.24837,40.2549,41.26144,42.26797,43.27451,44.28105,45.28758,46.29412,47.30065,48.30719,49.31373,50.32026,51.3268,52.33333,53.33987,54.34641,55.35294,56.35948,57.36601,58.37255,59.37908,60.38562,61.39216,62.39869,63.40523,64.41176,65.4183,66.42484,67.43137,68.43791,69.44444,70.45098,71.45752,72.46405,73.47059,74.47712,75.48366,76.4902,77.49673,78.50327,79.5098,80.51634,81.52288,82.52941,83.53595,84.54248,85.54902,86.55556,87.56209,88.56863,89.57516,90.5817,91.58824,92.59477,93.60131,94.60784,95.61438,96.62092,97.62745,98.63399,99.64052,100.6471,101.6536,102.6601,103.6667,104.6732,105.6797,106.6863,107.6928,108.6993,109.7059,110.7124,111.719,112.7255,113.732,114.7386,115.7451,116.7516,117.7582,118.7647,119.7712,120.7778,121.7843,122.7908,123.7974,124.8039,125.8105,126.817,127.8235,128.8301,129.8366,130.8431,131.8497,132.8562,133.8627,134.8693,135.8758,136.8824,137.8889,138.8954,139.902,140.9085,141.915,142.9216,143.9281,144.9346,145.9412,146.9477,147.9542,148.9608,149.9673,150.9739,151.9804,152.9869,153.9935,155

Position pixel : 11.7452,11.7443,11.7434,11.7425,11.7415,11.7406,11.7397,11.7388,11.7379,11.737,11.736,11.7351,11.7342,11.7333,11.7324,11.7315,11.7305,11.7296,11.7287,11.7278,11.7269,11.7259,11.725,11.7241,11.7232,11.7223,11.7214,11.7204,11.7195,11.7186,11.7177,11.7168,11.7159,11.7149,11.714,11.7131,11.7122,11.7113,11.7103,11.7094,11.7085,11.7076,11.7067,11.7058,11.7048,11.7039,11.703,11.7021,11.7012,11.7003,11.6993,11.6984,11.6975,11.6966,11.6957,11.6947,11.6938,11.6929,11.692,11.6911,11.6902,11.6892,11.6883,11.6874,11.6865,11.6856,11.6847,11.6837,11.6828,11.6819,11.681,11.6801,11.6792,11.6782,11.6773,11.6764,11.6755,11.6746,11.6736,11.6727,11.6718,11.6709,11.67,11.6691,11.6681,11.6672,11.6663,11.6654,11.6645,11.6636,11.6626,11.6617,11.6608,11.6599,11.659,11.658,11.6571,11.6562,11.6553,11.6544,11.6535,11.6525,11.6516,11.6507,11.6498,11.6489,11.648,11.647,11.6461,11.6452,11.6443,11.6434,11.6425,11.6415,11.6406,11.6397,11.6388,11.6379,11.6369,11.636,11.6351,11.6342,11.6333,11.6324,11.6314,11.6305,11.6296,11.6287,11.6278,11.6269,11.6259,11.625,11.6241,11.6232,11.6223,11.6213,11.6204,11.6195,11.6186,11.6177,11.6168,11.6158,11.6149,11.614,11.6131,11.6122,11.6113,11.6103,11.6094,11.6085,11.6076,11.6067,11.6057,11.6048

Pole type : Line
Start frame : 1
End frame : 155
Start time (s) : 0.000
End time (s) : 601.010
Time step (s) : 3.903

Feature Information :


Feature number : 1

Time (s) : 200.5064,200.8907,201.4087,201.9566,202.5044,203.0523,203.6002,204.148,204.6959,205.2139,205.628,205.9553,206.3693,206.8874,207.4352,207.9831,208.531,209.0788,209.6267,210.1746,210.7224,211.2703,211.8182,212.366,212.9139,213.4319,213.846,214.1733,214.5873,215.1054,215.6532,216.1712,216.5853,216.9126,217.2968,217.681,218.0083,218.3926,218.7768,219.0742,219.3545,219.6519,220.066,220.584,221.102,221.5161,221.8135,222.0938,222.3913,222.8053,223.3234,223.8712,224.3892,224.8033,225.1306,225.5148,225.8991,226.2263,226.6404,227.1584,227.7063,228.2542,228.802,229.3499,229.8679,230.282,230.5794,230.8597,231.1273,231.4076,231.6752,231.9256,232.0892,232.2529,232.5033,232.7709,233.0512,233.3188,233.5692,233.7328,233.8965,234.1469,234.4145,234.6948,234.9624,235.2426,235.5102,235.7905,236.0581,236.3384,236.606,236.8564,237.02,237.1837,237.4341,237.7017,237.982,238.2794,238.6935,239.1816,239.5957,239.8932,240.1734,240.441,240.7213,241.0187,241.403,241.7872,242.1145,242.4987,242.8829,243.2102,243.6243,244.1423,244.6902,245.238,245.7859,246.3338,246.8518,247.2659,247.5633,247.8436,248.141,248.5252,248.9095,249.2069,249.4872,249.7548,250.035,250.3026,250.5829,250.8505,251.1308,251.4282,251.8124,252.1967,252.4941,252.7744,253.0718,253.456,253.8403,254.1377,254.418,254.6856,254.9659,255.2334,255.5137,255.7813,256.0616,256.3292,256.5796,256.7432,256.9069,257.1573,257.4249,257.7052,257.9728,258.2531,258.5206,258.7711,258.9347,259.0984,259.3488,259.6164,259.8668,260.0304,260.1941,260.4445,260.7121,260.9625,261.1262,261.2898,261.5403,261.8078,262.0583,262.2219,262.3856,262.636,262.9036,263.154,263.2878,263.3176,263.3475,263.4813,263.7019,263.8357,263.8954,264.0292,264.2796,264.5472,264.7976,264.9612,265.1249,265.3753,265.6429,265.9232,266.1908,266.4711,266.7685,267.1826,267.6707,268.0848,268.3822,268.6327

Position (um) : 2.0771,2.0771,2.0771,2.0771,2.0771,2.0771,2.0771,2.0771,2.0771,2.0762,2.0726,2.0665,2.0629,2.0621,2.0621,2.0621,2.0621,2.0621,2.0621,2.0621,2.0621,2.0621,2.0621,2.0621,2.0621,2.0629,2.0665,2.0726,2.0762,2.0779,2.0815,2.0884,2.0957,2.1025,2.107,2.1115,2.1175,2.122,2.1265,2.1333,2.1406,2.1483,2.1564,2.1669,2.1774,2.1856,2.1932,2.2005,2.2074,2.211,2.2119,2.2119,2.211,2.2074,2.2014,2.1969,2.1924,2.1864,2.1827,2.1819,2.1819,2.1819,2.1819,2.1819,2.1827,2.1864,2.1932,2.2014,2.2127,2.226,2.2373,2.2463,2.2568,2.2673,2.2763,2.2876,2.3009,2.3122,2.3212,2.3317,2.3422,2.3503,2.358,2.3653,2.373,2.3803,2.3879,2.3953,2.4029,2.4102,2.4179,2.426,2.4365,2.447,2.4552,2.4628,2.4702,2.4778,2.4851,2.4928,2.5001,2.5078,2.5151,2.5228,2.5301,2.5369,2.5414,2.5459,2.5519,2.5564,2.5608,2.5669,2.5705,2.5714,2.5714,2.5714,2.5714,2.5714,2.5705,2.5669,2.56,2.5527,2.5459,2.5414,2.5369,2.5301,2.5228,2.5151,2.5078,2.5001,2.4928,2.4851,2.4778,2.471,2.4665,2.462,2.4552,2.4479,2.441,2.4365,2.4321,2.4252,2.4179,2.4102,2.4029,2.3953,2.3879,2.3803,2.373,2.3653,2.3572,2.3467,2.3362,2.328,2.3204,2.3131,2.3054,2.2981,2.2904,2.2823,2.2718,2.2613,2.2531,2.2455,2.2373,2.2268,2.2163,2.2082,2.2005,2.1924,2.1819,2.1714,2.1633,2.1556,2.1475,2.137,2.1265,2.1183,2.1107,2.1025,2.0912,2.0771,2.0629,2.0516,2.0426,2.0313,2.018,2.0066,1.9985,1.9908,1.9827,1.9722,1.9617,1.9527,1.9414,1.9281,1.9168,1.9086,1.901,1.8936,1.886,1.8787,1.8718,1.8682

Intensity : 271.8422,271.5734,271.211,270.8277,270.4445,270.0242,269.4626,268.9011,268.3396,267.954,268.1809,268.9194,269.1463,268.8756,269.6753,270.475,271.2747,272.0744,272.874,273.6737,274.4734,275.0382,275.5934,276.1487,276.704,277.0847,276.8842,276.235,276.1315,277.4782,278.71,279.2923,279.4226,279.3237,279.7934,280.2466,280.2301,280.6487,280.6464,279.7985,279.2484,278.6926,278.177,277.4216,276.5878,275.9003,275.1289,274.3588,273.6377,273.1791,273.0724,273.0837,273.2244,273.8332,274.857,275.6644,276.5048,277.6392,278.4902,278.9451,279.2688,279.5926,279.9163,280.2401,280.3596,279.8335,279.4638,278.6649,276.9803,274.7686,272.9304,272.0796,270.9461,269.7879,269.1517,268.1404,266.7812,265.6777,264.8917,263.5456,262.1747,261.6623,261.6655,261.707,261.6346,261.5973,261.4461,261.33,261.1,260.905,260.5962,260.1476,259.1556,258.1305,257.619,257.479,257.3456,257.4625,258.0522,258.7891,259.2865,259.3594,259.3878,259.312,259.2812,259.3217,259.8453,260.3442,260.2853,260.2399,260.1721,260.1031,260.3181,260.8878,261.562,262.2361,262.9103,262.6881,262.4,262.4167,262.8024,263.5782,264.2468,264.4954,264.7192,265.3014,265.9301,266.5856,267.0533,267.5564,267.9784,268.4421,268.8247,269.1048,268.948,268.7747,268.9971,269.6188,270.1816,270.1956,270.1658,270.6064,271.1066,271.6381,272.0398,272.4728,272.776,273.1104,273.315,273.551,273.8466,274.6505,275.4283,275.5813,275.5623,275.7856,276.4809,277.1199,277.7955,278.5241,279.5618,280.5912,281.291,281.9176,282.5923,283.5566,284.4962,285.0824,285.5746,286.102,286.9304,287.7341,288.0006,287.5915,287.2677,287.499,287.8091,287.5294,287.1175,286.8182,287.3432,288.6076,289.87,290.377,290.2472,290.7381,292.8255,294.5716,295.0533,295.3147,295.718,297.003,298.2549,298.7036,300.0421,301.7319,303.7146,305.7771,307.6214,308.9672,310.2158,311.5924,313.1835,313.7442

Time pixel : 51.3768,51.4753,51.608,51.7484,51.8888,52.0292,52.1696,52.3099,52.4503,52.5831,52.6892,52.773,52.8791,53.0119,53.1522,53.2926,53.433,53.5734,53.7138,53.8541,53.9945,54.1349,54.2753,54.4157,54.5561,54.6888,54.7949,54.8788,54.9849,55.1176,55.258,55.3907,55.4968,55.5807,55.6791,55.7776,55.8614,55.9599,56.0583,56.1346,56.2064,56.2826,56.3887,56.5214,56.6542,56.7603,56.8365,56.9083,56.9845,57.0906,57.2233,57.3637,57.4965,57.6026,57.6864,57.7849,57.8833,57.9672,58.0733,58.206,58.3464,58.4868,58.6272,58.7675,58.9003,59.0064,59.0826,59.1544,59.223,59.2948,59.3634,59.4275,59.4695,59.5114,59.5756,59.6441,59.7159,59.7845,59.8487,59.8906,59.9325,59.9967,60.0653,60.1371,60.2057,60.2775,60.346,60.4179,60.4864,60.5582,60.6268,60.691,60.7329,60.7748,60.839,60.9076,60.9794,61.0556,61.1617,61.2868,61.3929,61.4691,61.5409,61.6095,61.6813,61.7575,61.856,61.9544,62.0383,62.1367,62.2352,62.3191,62.4252,62.5579,62.6983,62.8387,62.979,63.1194,63.2522,63.3583,63.4345,63.5063,63.5825,63.6809,63.7794,63.8556,63.9274,63.996,64.0678,64.1364,64.2082,64.2768,64.3486,64.4248,64.5232,64.6217,64.6979,64.7697,64.8459,64.9444,65.0428,65.1191,65.1909,65.2594,65.3313,65.3998,65.4716,65.5402,65.612,65.6806,65.7448,65.7867,65.8286,65.8928,65.9614,66.0332,66.1017,66.1736,66.2421,66.3063,66.3482,66.3902,66.4543,66.5229,66.5871,66.629,66.6709,66.7351,66.8037,66.8678,66.9098,66.9517,67.0159,67.0844,67.1486,67.1905,67.2325,67.2966,67.3652,67.4294,67.4636,67.4713,67.4789,67.5132,67.5697,67.604,67.6193,67.6536,67.7178,67.7863,67.8505,67.8924,67.9344,67.9985,68.0671,68.1389,68.2075,68.2793,68.3555,68.4616,68.5867,68.6928,68.769,68.8332

Position pixel : 19.4663,19.4663,19.4663,19.4663,19.4663,19.4663,19.4663,19.4663,19.4663,19.4586,19.4243,19.3678,19.3335,19.3259,19.3259,19.3259,19.3259,19.3259,19.3259,19.3259,19.3259,19.3259,19.3259,19.3259,19.3259,19.3335,19.3678,19.4243,19.4586,19.4739,19.5082,19.5724,19.6409,19.7051,19.747,19.789,19.8455,19.8874,19.9294,19.9935,20.0621,20.1339,20.2101,20.3086,20.407,20.4832,20.5551,20.6236,20.6878,20.7221,20.7297,20.7297,20.7221,20.6878,20.6313,20.5893,20.5474,20.4909,20.4566,20.449,20.449,20.449,20.449,20.449,20.4566,20.4909,20.5551,20.6313,20.7374,20.8625,20.9686,21.0524,21.1509,21.2493,21.3332,21.4393,21.5644,21.6705,21.7543,21.8528,21.9512,22.0274,22.0993,22.1678,22.2396,22.3082,22.38,22.4486,22.5204,22.589,22.6608,22.737,22.8355,22.9339,23.0101,23.0819,23.1505,23.2223,23.2909,23.3627,23.4313,23.5031,23.5717,23.6435,23.712,23.7762,23.8181,23.8601,23.9166,23.9585,24.0005,24.057,24.0913,24.0989,24.0989,24.0989,24.0989,24.0989,24.0913,24.057,23.9928,23.9242,23.8601,23.8181,23.7762,23.712,23.6435,23.5717,23.5031,23.4313,23.3627,23.2909,23.2223,23.1582,23.1162,23.0743,23.0101,22.9416,22.8774,22.8355,22.7935,22.7294,22.6608,22.589,22.5204,22.4486,22.38,22.3082,22.2396,22.1678,22.0916,21.9932,21.8947,21.8185,21.7467,21.6781,21.6063,21.5377,21.4659,21.3897,21.2912,21.1928,21.1166,21.0448,20.9686,20.8701,20.7716,20.6954,20.6236,20.5474,20.449,20.3505,20.2743,20.2025,20.1263,20.0278,19.9294,19.8531,19.7813,19.7051,19.599,19.4663,19.3335,19.2274,19.1436,19.0375,18.9124,18.8063,18.7301,18.6583,18.582,18.4836,18.3851,18.3013,18.1952,18.0701,17.964,17.8878,17.816,17.7474,17.6756,17.607,17.5428,17.5086

Brightness max : 469.38
Brightness min : 227.00
Feature direction : Ambiguous
Feature speed : Slow
Feature type : Curve
Start frame : 1
End frame : 155
Start time (s) : 0.000
End time (s) : 601.010
Time step (s) : 3.903

