KYMOANALYSIS DATA

General Information :

Tiff path : G:\My Drive\microtubule dynamics and cut7\21-15 screens and tests\cut11-7\19-06-12&20 (Cut7-3GFP and  mCh-mts, timeseries for modeling data)\
Spindle type : Monopolar
Start frame : 1
End frame : 337
Start time (s) : 0.000
End time (s) : 599.980
Time step (s) : 1.786
Num poles : 1
Num tracks : 1
Num tracks poleward : 0
Num tracks antipoleward : 0
Num tracks ambiguous : 1
Comments : {

}
Poles Information :


Pole number : 1

Time (s) : 2.059119,3.849288,5.639456,7.429625,9.219794,11.00996,12.80013,14.5903,16.38047,18.17064,19.96081,21.75098,23.54114,25.33131,27.12148,28.91165,30.70182,32.49199,34.28216,36.07233,37.86249,39.65266,41.44283,43.233,45.02317,46.81334,48.60351,50.39368,52.18384,53.97401,55.76418,57.55435,59.34452,61.13469,62.92486,64.71503,66.50519,68.29536,70.08553,71.8757,73.66587,75.45604,77.24621,79.03638,80.82654,82.61671,84.40688,86.19705,87.98722,89.77739,91.56756,93.35773,95.14789,96.93806,98.72823,100.5184,102.3086,104.0987,105.8889,107.6791,109.4692,111.2594,113.0496,114.8398,116.6299,118.4201,120.2103,122.0004,123.7906,125.5808,127.3709,129.1611,130.9513,132.7414,134.5316,136.3218,138.1119,139.9021,141.6923,143.4825,145.2726,147.0628,148.853,150.6431,152.4333,154.2235,156.0136,157.8038,159.594,161.3841,163.1743,164.9645,166.7546,168.5448,170.335,172.1252,173.9153,175.7055,177.4957,179.2858,181.076,182.8662,184.6563,186.4465,188.2367,190.0268,191.817,193.6072,195.3973,197.1875,198.9777,200.7679,202.558,204.3482,206.1384,207.9285,209.7187,211.5089,213.299,215.0892,216.8794,218.6695,220.4597,222.2499,224.04,225.8302,227.6204,229.4106,231.2007,232.9909,234.7811,236.5712,238.3614,240.1516,241.9417,243.7319,245.5221,247.3122,249.1024,250.8926,252.6827,254.4729,256.2631,258.0533,259.8434,261.6336,263.4238,265.2139,267.0041,268.7943,270.5844,272.3746,274.1648,275.9549,277.7451,279.5353,281.3254,283.1156,284.9058,286.696,288.4861,290.2763,292.0665,293.8566,295.6468,297.437,299.2271,301.0173,302.8075,304.5976,306.3878,308.178,309.9681,311.7583,313.5485,315.3387,317.1288,318.919,320.7092,322.4993,324.2895,326.0797,327.8698,329.66,331.4502,333.2403,335.0305,336.8207,338.6108,340.401,342.1912,343.9814,345.7715,347.5617,349.3519,351.142,352.9322,354.7224,356.5125,358.3027,360.0929,361.883,363.6732,365.4634,367.2535,369.0437,370.8339,372.6241,374.4142,376.2044,377.9946,379.7847,381.5749,383.3651,385.1552,386.9454,388.7356,390.5257,392.3159,394.1061,395.8962,397.6864,399.4766,401.2668,403.0569,404.8471,406.6373,408.4274,410.2176,412.0078,413.7979,415.5881,417.3783,419.1684,420.9586,422.7488,424.5389,426.3291,428.1193,429.9095,431.6996,433.4898,435.28,437.0701,438.8603,440.6505,442.4406,444.2308,446.021,447.8111,449.6013,451.3915,453.1816,454.9718,456.762,458.5522,460.3423,462.1325,463.9227,465.7128,467.503,469.2932,471.0833,472.8735,474.6637,476.4538,478.244,480.0342,481.8243,483.6145,485.4047,487.1949,488.985,490.7752,492.5654,494.3555,496.1457,497.9359,499.726,501.5162,503.3064,505.0965,506.8867,508.6769,510.467,512.2572,514.0474,515.8376,517.6277,519.4179,521.2081,522.9982,524.7884,526.5786,528.3687,530.1589,531.9491,533.7392,535.5294,537.3196,539.1097,540.8999,542.6901,544.4803,546.2704,548.0606,549.8508,551.6409,553.4311,555.2213,557.0114,558.8016,560.5918,562.3819,564.1721,565.9623,567.7524,569.5426,571.3328,573.123,574.9131,576.7033,578.4935,580.2836,582.0738,583.864,585.6541,587.4443,589.2345,591.0246,592.8148,594.605,596.3951,598.1853,599.9755,601.7657

Position (um) : 1.3948,1.3948,1.3948,1.3948,1.3948,1.3948,1.3948,1.3948,1.3948,1.3948,1.3948,1.3948,1.3948,1.3948,1.3948,1.3948,1.3948,1.3948,1.3948,1.3948,1.3948,1.3948,1.3948,1.3948,1.3948,1.3948,1.3948,1.3948,1.3948,1.3948,1.3948,1.3948,1.3948,1.3948,1.3948,1.3948,1.3948,1.3948,1.3948,1.3948,1.3948,1.3948,1.3948,1.3948,1.3948,1.3948,1.3948,1.3948,1.3948,1.3948,1.3948,1.3948,1.3948,1.3948,1.3948,1.3948,1.3948,1.3948,1.3948,1.3948,1.3948,1.3948,1.3948,1.3948,1.3948,1.3948,1.3948,1.3948,1.3948,1.3948,1.3948,1.3948,1.3948,1.3948,1.3948,1.3948,1.3948,1.3948,1.3948,1.3948,1.3948,1.3948,1.3948,1.3948,1.3948,1.3948,1.3948,1.3948,1.3948,1.3948,1.3948,1.3948,1.3948,1.3948,1.3948,1.3948,1.3948,1.3948,1.3948,1.3948,1.3948,1.3948,1.3948,1.3948,1.3948,1.3948,1.3948,1.3948,1.3948,1.3948,1.3948,1.3948,1.3948,1.3948,1.3948,1.3948,1.3948,1.3948,1.3948,1.3948,1.3948,1.3948,1.3948,1.3948,1.3948,1.3948,1.3948,1.3948,1.3948,1.3948,1.3948,1.3948,1.3948,1.3948,1.3948,1.3948,1.3948,1.3948,1.3948,1.3948,1.3948,1.3948,1.3948,1.3948,1.3948,1.3948,1.3948,1.3948,1.3948,1.3948,1.3948,1.3948,1.3948,1.3948,1.3948,1.3948,1.3948,1.3948,1.3948,1.3948,1.3948,1.3948,1.3948,1.3948,1.3948,1.3948,1.3948,1.3948,1.3948,1.3948,1.3948,1.3948,1.3948,1.3948,1.3948,1.3948,1.3948,1.3948,1.3948,1.3948,1.3948,1.3948,1.3948,1.3948,1.3948,1.3948,1.3948,1.3948,1.3948,1.3948,1.3948,1.3948,1.3948,1.3948,1.3948,1.3948,1.3948,1.3948,1.3948,1.3948,1.3948,1.3948,1.3948,1.3948,1.3948,1.3948,1.3948,1.3948,1.3948,1.3948,1.3948,1.3948,1.3948,1.3948,1.3948,1.3948,1.3948,1.3948,1.3948,1.3948,1.3948,1.3948,1.3948,1.3948,1.3948,1.3948,1.3948,1.3948,1.3948,1.3948,1.3948,1.3948,1.3948,1.3948,1.3948,1.3948,1.3948,1.3948,1.3948,1.3948,1.3948,1.3948,1.3948,1.3948,1.3948,1.3948,1.3948,1.3948,1.3948,1.3948,1.3948,1.3948,1.3948,1.3948,1.3948,1.3948,1.3948,1.3948,1.3948,1.3948,1.3948,1.3948,1.3948,1.3948,1.3948,1.3948,1.3948,1.3948,1.3948,1.3948,1.3948,1.3948,1.3948,1.3948,1.3948,1.3948,1.3948,1.3948,1.3948,1.3948,1.3948,1.3948,1.3948,1.3948,1.3948,1.3948,1.3948,1.3948,1.3948,1.3948,1.3948,1.3948,1.3948,1.3948,1.3948,1.3948,1.3948,1.3948,1.3948,1.3948,1.3948,1.3948,1.3948,1.3948,1.3948,1.3948,1.3948,1.3948,1.3948,1.3948,1.3948,1.3948,1.3948,1.3948,1.3948,1.3948,1.3948,1.3948,1.3948,1.3948,1.3948,1.3948,1.3948,1.3948,1.3948,1.3948,1.3948,1.3948,1.3948,1.3948,1.3948,1.3948,1.3948,1.3948,1.3948,1.3948

Intensity : 1528.396,1485.387,1555.9995,1481.3163,1613.9015,1471.5703,1502.3874,1542.5894,1528.4678,1489.4669,1615.9692,1674.203,1646.3622,1606.2141,1556.2189,1711.1471,1614.3703,1508.7009,1499.3391,1483.6868,1462.096,1521.1295,1433.3294,1438.6276,1452.6582,1415.0491,1463.3168,1544.1826,1547.7344,1516.2346,1566.3183,1449.7289,1434.8481,1487.0347,1432.7822,1424.997,1460.049,1505.6579,1492.4882,1402.4456,1390.5064,1380.9148,1409.5131,1467.5408,1406.709,1339.645,1441.6697,1425.4228,1392.7327,1471.6005,1468.0245,1440.7743,1417.6155,1390.7951,1479.8759,1399.7062,1353.8502,1347.6841,1384.3773,1291.7528,1266.1034,1275.8773,1273.4266,1285.9022,1274.6144,1298.6324,1391.2347,1317.7475,1447.3272,1453.9758,1436.5374,1384.299,1495.9503,1456.4596,1441.7634,1384.9631,1252.8588,1238.9923,1231.4906,1307.4281,1340.0083,1290.5441,1318.916,1312.3385,1345.8764,1362.2775,1360.7528,1391.5647,1418.4014,1369.8834,1285.2454,1264.5131,1289.4169,1246.3893,1253.4658,1282.1286,1295.4929,1406.3676,1300.7038,1204.9682,1240.4131,1302.2578,1248.7045,1213.8214,1240.1951,1265.4221,1273.4273,1263.2908,1218.21,1200.5256,1253.316,1221.2707,1181.0616,1202.0968,1220.6679,1208.5572,1255.7264,1279.5124,1227.2739,1237.9568,1310.3888,1367.8816,1348.7252,1336.9189,1359.5531,1278.6757,1260.0607,1275.1656,1260.4298,1312.0896,1286.4562,1260.1938,1214.6297,1182.9489,1207.2545,1177.8396,1089.0698,1109.508,1205.0654,1208.9884,1170.0286,1185.779,1245.6658,1235.1803,1141.9457,1106.352,1142.6334,1137.7293,1123.6713,1176.8455,1145.9363,1155.214,1151.9667,1076.8919,1112.5848,1163.143,1171.8853,1215.9486,1252.2816,1210.0613,1130.4553,1131.645,1118.6445,1094.4723,1119.3357,1130.1399,1090.2953,1029.093,1059.8099,1100.7714,1148.8472,1176.9719,1090.5812,980.80091,1005.0311,1072.6314,1078.7929,1136.8433,1120.7159,1144.4023,1175.9097,1174.6983,1112.6445,1071.5891,1080.3437,1058.4524,1072.387,1089.4785,989.64174,936.76793,970.94322,1024.3061,1039.3996,1006.5816,961.46347,999.80961,1045.2307,957.29604,950.79121,951.11145,1049.1426,1014.216,974.4624,869.82435,896.78565,936.06414,889.48269,873.2602,810.55544,814.23337,856.00951,853.99096,810.07828,794.04616,854.88451,866.39631,826.35516,878.21667,900.69251,932.47584,902.83186,962.45271,968.26056,938.70122,938.52323,961.55212,952.48364,955.00193,885.72603,911.43468,810.4685,756.76258,791.92415,808.8448,794.38464,834.12843,756.05004,781.09205,808.43898,800.27829,770.87212,761.59749,766.65837,828.33816,841.73448,787.89115,783.96211,783.58929,738.73699,763.17961,773.06003,760.25773,741.75451,739.78025,732.25698,793.12965,858.24376,844.65333,818.16229,843.54161,775.26359,830.34132,828.55768,753.57496,778.47429,777.20706,838.22843,793.99362,847.27954,857.36303,770.17504,756.21652,723.48674,690.85151,664.56349,822.4344,771.45336,768.89535,763.6593,731.0625,711.29845,806.08188,800.98003,806.61127,735.34392,811.8892,802.81905,788.37742,775.422,751.80133,721.29398,739.19508,824.01397,848.06742,793.51521,783.55589,801.59192,709.73508,728.49773,763.98305,831.62872,748.77758,737.57601,693.1433,738.60258,724.51496,763.39614,813.24473,808.15207,837.87109,816.04663,765.66047,820.77001,841.24487,857.30572,841.88095,933.53786,826.07216,940.82927,884.68069,877.19902,798.68048,867.08042,826.77515,757.74301,869.6225,788.90684,799.4058,840.33747,823.77682,785.85668,921.67786,812.43614,764.6687,824.13492,779.86235

Time pixel : 1.153145,2.155673,3.158201,4.160729,5.163257,6.165785,7.168312,8.17084,9.173368,10.1759,11.17842,12.18095,13.18348,14.18601,15.18854,16.19106,17.19359,18.19612,19.19865,20.20118,21.2037,22.20623,23.20876,24.21129,25.21382,26.21634,27.21887,28.2214,29.22393,30.22645,31.22898,32.23151,33.23404,34.23657,35.23909,36.24162,37.24415,38.24668,39.24921,40.25173,41.25426,42.25679,43.25932,44.26185,45.26437,46.2669,47.26943,48.27196,49.27449,50.27701,51.27954,52.28207,53.2846,54.28712,55.28965,56.29218,57.29471,58.29724,59.29976,60.30229,61.30482,62.30735,63.30988,64.3124,65.31493,66.31746,67.31999,68.32252,69.32504,70.32757,71.3301,72.33263,73.33516,74.33768,75.34021,76.34274,77.34527,78.3478,79.35032,80.35285,81.35538,82.35791,83.36043,84.36296,85.36549,86.36802,87.37055,88.37307,89.3756,90.37813,91.38066,92.38319,93.38571,94.38824,95.39077,96.3933,97.39583,98.39835,99.40088,100.4034,101.4059,102.4085,103.411,104.4135,105.416,106.4186,107.4211,108.4236,109.4262,110.4287,111.4312,112.4337,113.4363,114.4388,115.4413,116.4439,117.4464,118.4489,119.4514,120.454,121.4565,122.459,123.4616,124.4641,125.4666,126.4691,127.4717,128.4742,129.4767,130.4792,131.4818,132.4843,133.4868,134.4894,135.4919,136.4944,137.4969,138.4995,139.502,140.5045,141.5071,142.5096,143.5121,144.5146,145.5172,146.5197,147.5222,148.5247,149.5273,150.5298,151.5323,152.5349,153.5374,154.5399,155.5424,156.545,157.5475,158.55,159.5526,160.5551,161.5576,162.5601,163.5627,164.5652,165.5677,166.5703,167.5728,168.5753,169.5778,170.5804,171.5829,172.5854,173.5879,174.5905,175.593,176.5955,177.5981,178.6006,179.6031,180.6056,181.6082,182.6107,183.6132,184.6158,185.6183,186.6208,187.6233,188.6259,189.6284,190.6309,191.6335,192.636,193.6385,194.641,195.6436,196.6461,197.6486,198.6511,199.6537,200.6562,201.6587,202.6613,203.6638,204.6663,205.6688,206.6714,207.6739,208.6764,209.679,210.6815,211.684,212.6865,213.6891,214.6916,215.6941,216.6966,217.6992,218.7017,219.7042,220.7068,221.7093,222.7118,223.7143,224.7169,225.7194,226.7219,227.7245,228.727,229.7295,230.732,231.7346,232.7371,233.7396,234.7422,235.7447,236.7472,237.7497,238.7523,239.7548,240.7573,241.7598,242.7624,243.7649,244.7674,245.77,246.7725,247.775,248.7775,249.7801,250.7826,251.7851,252.7877,253.7902,254.7927,255.7952,256.7978,257.8003,258.8028,259.8053,260.8079,261.8104,262.8129,263.8155,264.818,265.8205,266.823,267.8256,268.8281,269.8306,270.8332,271.8357,272.8382,273.8407,274.8433,275.8458,276.8483,277.8509,278.8534,279.8559,280.8584,281.861,282.8635,283.866,284.8685,285.8711,286.8736,287.8761,288.8787,289.8812,290.8837,291.8862,292.8888,293.8913,294.8938,295.8964,296.8989,297.9014,298.9039,299.9065,300.909,301.9115,302.9141,303.9166,304.9191,305.9216,306.9242,307.9267,308.9292,309.9317,310.9343,311.9368,312.9393,313.9419,314.9444,315.9469,316.9494,317.952,318.9545,319.957,320.9596,321.9621,322.9646,323.9671,324.9697,325.9722,326.9747,327.9772,328.9798,329.9823,330.9848,331.9874,332.9899,333.9924,334.9949,335.9975,337

Position pixel : 13.072,13.072,13.072,13.072,13.072,13.072,13.072,13.072,13.072,13.072,13.072,13.072,13.072,13.072,13.072,13.072,13.072,13.072,13.072,13.072,13.072,13.072,13.072,13.072,13.072,13.072,13.072,13.072,13.072,13.072,13.072,13.072,13.072,13.072,13.072,13.072,13.072,13.072,13.072,13.072,13.072,13.072,13.072,13.072,13.072,13.072,13.072,13.072,13.072,13.072,13.072,13.072,13.072,13.072,13.072,13.072,13.072,13.072,13.072,13.072,13.072,13.072,13.072,13.072,13.072,13.072,13.072,13.072,13.072,13.072,13.072,13.072,13.072,13.072,13.072,13.072,13.072,13.072,13.072,13.072,13.072,13.072,13.072,13.072,13.072,13.072,13.072,13.072,13.072,13.072,13.072,13.072,13.072,13.072,13.072,13.072,13.072,13.072,13.072,13.072,13.072,13.072,13.072,13.072,13.072,13.072,13.072,13.072,13.072,13.072,13.072,13.072,13.072,13.072,13.072,13.072,13.072,13.072,13.072,13.072,13.072,13.072,13.072,13.072,13.072,13.072,13.072,13.072,13.072,13.072,13.072,13.072,13.072,13.072,13.072,13.072,13.072,13.072,13.072,13.072,13.072,13.072,13.072,13.072,13.072,13.072,13.072,13.072,13.072,13.072,13.072,13.072,13.072,13.072,13.072,13.072,13.072,13.072,13.072,13.072,13.072,13.072,13.072,13.072,13.072,13.072,13.072,13.072,13.072,13.072,13.072,13.072,13.072,13.072,13.072,13.072,13.072,13.072,13.072,13.072,13.072,13.072,13.072,13.072,13.072,13.072,13.072,13.072,13.072,13.072,13.072,13.072,13.072,13.072,13.072,13.072,13.072,13.072,13.072,13.072,13.072,13.072,13.072,13.072,13.072,13.072,13.072,13.072,13.072,13.072,13.072,13.072,13.072,13.072,13.072,13.072,13.072,13.072,13.072,13.072,13.072,13.072,13.072,13.072,13.072,13.072,13.072,13.072,13.072,13.072,13.072,13.072,13.072,13.072,13.072,13.072,13.072,13.072,13.072,13.072,13.072,13.072,13.072,13.072,13.072,13.072,13.072,13.072,13.072,13.072,13.072,13.072,13.072,13.072,13.072,13.072,13.072,13.072,13.072,13.072,13.072,13.072,13.072,13.072,13.072,13.072,13.072,13.072,13.072,13.072,13.072,13.072,13.072,13.072,13.072,13.072,13.072,13.072,13.072,13.072,13.072,13.072,13.072,13.072,13.072,13.072,13.072,13.072,13.072,13.072,13.072,13.072,13.072,13.072,13.072,13.072,13.072,13.072,13.072,13.072,13.072,13.072,13.072,13.072,13.072,13.072,13.072,13.072,13.072,13.072,13.072,13.072,13.072,13.072,13.072,13.072,13.072,13.072,13.072,13.072,13.072,13.072,13.072,13.072,13.072,13.072,13.072,13.072,13.072,13.072,13.072,13.072,13.072,13.072,13.072,13.072

Pole type : Line
Start frame : 1
End frame : 337
Start time (s) : 0.000
End time (s) : 599.980
Time step (s) : 1.786

Feature Information :


Feature number : 1

Time (s) : 2.158808,3.951225,5.743642,7.536059,9.328476,11.12089,12.91331,14.70573,16.49814,18.29056,20.08298,21.8754,23.66781,25.46023,27.25265,29.04506,30.83748,32.6299,34.42232,36.21473,38.00715,39.79957,41.59198,43.3844,45.17682,46.96924,48.76165,50.55407,52.34649,54.1389,55.93132,57.72374,59.51615,61.30857,63.10099,64.89341,66.68582,68.47824,70.27066,72.06307,73.85549,75.64791,77.44033,79.23274,81.02516,82.81758,84.60999,86.40241,88.19483,89.98725,91.77966,93.57208,95.3645,97.15691,98.94933,100.7417,102.5342,104.3266,106.119,107.9114,109.7038,111.4963,113.2887,115.0811,116.8735,118.6659,120.4583,122.2508,124.0432,125.8356,127.628,129.4204,131.2128,133.0053,134.7977,136.5901,138.3825,140.1749,141.9673,143.7598,145.5522,147.3446,149.137,150.9294,152.7218,154.5143,156.3067,158.0991,159.8915,161.6839,163.4763,165.2688,167.0612,168.8536,170.646,172.4384,174.2308,176.0233,177.8157,179.6081,181.4005,183.1929,184.9854,186.7778,188.5702,190.3626,192.155,193.9474,195.7399,197.5323,199.3247,201.1171,202.9095,204.7019,206.4944,208.2868,210.0792,211.8716,213.664,215.4564,217.2489,219.0413,220.8337,222.6261,224.4185,226.2109,228.0034,229.7958,231.5882,233.3806,235.173,236.9654,238.7579,240.5503,242.3427,244.1351,245.9275,247.72,249.5124,251.3048,253.0972,254.8896,256.682,258.4745,260.2669,262.0593,263.8517,265.6441,267.4365,269.229,271.0214,272.8138,274.6062,276.3986,278.191,279.9835,281.7759,283.5683,285.3607,287.1531,288.9455,290.738,292.5304,294.3228,296.1152,297.9076,299.7,301.4925,303.2849,305.0773,306.8697,308.6621,310.4545,312.247,314.0394,315.8318,317.6242,319.4166,321.2091,323.0015,324.7939,326.5863,328.3787,330.1711,331.9636,333.756,335.5484,337.3408,339.1332,340.9256,342.7181,344.5105,346.3029,348.0953,349.8877,351.6801,353.4726,355.265,357.0574,358.8498,360.6422,362.4346,364.2271,366.0195,367.8119,369.6043,371.3967,373.1891,374.9816,376.774,378.5664,380.3588,382.1512,383.9436,385.7361,387.5285,389.3209,391.1133,392.9057,394.6982,396.4906,398.283,400.0754,401.8678,403.6602,405.4527,407.2451,409.0375,410.8299,412.6223,414.4147,416.2072,417.9996,419.792,421.5844,423.3768,425.1692,426.9617,428.7541,430.5465,432.3389,434.1313,435.9237,437.7162,439.5086,441.301,443.0934,444.8858,446.6782,448.4707,450.2631,452.0555,453.8479,455.6403,457.4328,459.2252,461.0176,462.81,464.6024,466.3948,468.1873,469.9797,471.7721,473.5645,475.3569,477.1493,478.9418,480.7342,482.5266,484.319,486.1114,487.9038,489.6963,491.4887,493.2811,495.0735,496.8659,498.6583,500.4508,502.2432,504.0356,505.828,507.6204,509.4128,511.2053,512.9977,514.7901,516.5825,518.3749,520.1673,521.9598,523.7522,525.5446,527.337,529.1294,530.9219,532.7143,534.5067,536.2991,538.0915,539.8839,541.6764,543.4688,545.2612,547.0536,548.846,550.6384,552.4309,554.2233,556.0157,557.8081,559.6005,561.3929,563.1854,564.9778,566.7702,568.5626,570.355,572.1474,573.9399,575.7323,577.5247,579.3171,581.1095,582.9019,584.6944,586.4868,588.2792,590.0716,591.864,593.6564,595.4489,597.2413,599.0337,600.8261

Position (um) : 1.4105,1.4104,1.4102,1.4101,1.41,1.4099,1.4098,1.4097,1.4096,1.4095,1.4094,1.4093,1.4092,1.4091,1.409,1.4089,1.4088,1.4087,1.4086,1.4085,1.4084,1.4083,1.4082,1.4081,1.408,1.4079,1.4078,1.4077,1.4076,1.4075,1.4074,1.4073,1.4072,1.4071,1.407,1.4069,1.4068,1.4067,1.4066,1.4065,1.4064,1.4063,1.4062,1.4061,1.406,1.4059,1.4058,1.4057,1.4056,1.4055,1.4054,1.4053,1.4052,1.4051,1.405,1.4049,1.4048,1.4047,1.4046,1.4045,1.4044,1.4043,1.4042,1.4041,1.404,1.4039,1.4038,1.4037,1.4036,1.4035,1.4034,1.4033,1.4032,1.4031,1.403,1.4029,1.4028,1.4026,1.4025,1.4024,1.4023,1.4022,1.4021,1.402,1.4019,1.4018,1.4017,1.4016,1.4015,1.4014,1.4013,1.4012,1.4011,1.401,1.4009,1.4008,1.4007,1.4006,1.4005,1.4004,1.4003,1.4002,1.4001,1.4,1.3999,1.3998,1.3997,1.3996,1.3995,1.3994,1.3993,1.3992,1.3991,1.399,1.3989,1.3988,1.3987,1.3986,1.3985,1.3984,1.3983,1.3982,1.3981,1.398,1.3979,1.3978,1.3977,1.3976,1.3975,1.3974,1.3973,1.3972,1.3971,1.397,1.3969,1.3968,1.3967,1.3966,1.3965,1.3964,1.3963,1.3962,1.3961,1.396,1.3959,1.3958,1.3957,1.3956,1.3955,1.3954,1.3953,1.3952,1.395,1.3949,1.3948,1.3947,1.3946,1.3945,1.3944,1.3943,1.3942,1.3941,1.394,1.3939,1.3938,1.3937,1.3936,1.3935,1.3934,1.3933,1.3932,1.3931,1.393,1.3929,1.3928,1.3927,1.3926,1.3925,1.3924,1.3923,1.3922,1.3921,1.392,1.3919,1.3918,1.3917,1.3916,1.3915,1.3914,1.3913,1.3912,1.3911,1.391,1.3909,1.3908,1.3907,1.3906,1.3905,1.3904,1.3903,1.3902,1.3901,1.39,1.3899,1.3898,1.3897,1.3896,1.3895,1.3894,1.3893,1.3892,1.3891,1.389,1.3889,1.3888,1.3887,1.3886,1.3885,1.3884,1.3883,1.3882,1.3881,1.388,1.3879,1.3878,1.3877,1.3876,1.3875,1.3873,1.3872,1.3871,1.387,1.3869,1.3868,1.3867,1.3866,1.3865,1.3864,1.3863,1.3862,1.3861,1.386,1.3859,1.3858,1.3857,1.3856,1.3855,1.3854,1.3853,1.3852,1.3851,1.385,1.3849,1.3848,1.3847,1.3846,1.3845,1.3844,1.3843,1.3842,1.3841,1.384,1.3839,1.3838,1.3837,1.3836,1.3835,1.3834,1.3833,1.3832,1.3831,1.383,1.3829,1.3828,1.3827,1.3826,1.3825,1.3824,1.3823,1.3822,1.3821,1.382,1.3819,1.3818,1.3817,1.3816,1.3815,1.3814,1.3813,1.3812,1.3811,1.381,1.3809,1.3808,1.3807,1.3806,1.3805,1.3804,1.3803,1.3802,1.3801,1.38,1.3799,1.3797,1.3796,1.3795,1.3794,1.3793,1.3792,1.3791,1.379,1.3789,1.3788,1.3787,1.3786,1.3785,1.3784,1.3783,1.3782,1.3781,1.378,1.3779,1.3778,1.3777,1.3776,1.3775,1.3774,1.3773,1.3772,1.3771,1.377,1.3769,1.3768,1.3767,1.3766

Intensity : 1501.4537,1471.8758,1527.7866,1475.9349,1581.5997,1455.702,1487.592,1522.1172,1501.4461,1476.7585,1598.8518,1646.1281,1623.5306,1577.9856,1553.1921,1684.063,1582.86,1486.9995,1479.7721,1456.0062,1448.7519,1491.3814,1419.192,1427.7288,1430.8637,1399.886,1456.1276,1529.5487,1526.5953,1511.4201,1536.4136,1430.7221,1426.5274,1463.7319,1416.4594,1412.1035,1448.9842,1489.9363,1464.701,1387.3132,1372.8044,1366.2236,1399.0736,1443.9831,1374.0155,1338.2438,1428.7598,1400.7662,1388.9063,1457.2389,1446.9314,1425.9395,1388.4948,1393.9826,1451.4856,1380.2982,1331.6238,1345.6199,1356.6475,1273.3372,1255.9734,1263.3452,1261.099,1272.2698,1251.9033,1317.845,1349.7714,1333.4004,1432.2664,1449.4038,1399.8422,1398.5705,1474.669,1440.1911,1433.6655,1342.8701,1242.6778,1224.5203,1231.0531,1312.9601,1313.9581,1290.9791,1303.5493,1306.3107,1339.4114,1349.9427,1352.8913,1389.9997,1404.8162,1344.812,1265.9163,1266.3025,1277.2228,1224.8719,1267.3883,1250.1757,1329.1077,1382.605,1266.423,1191.6244,1255.116,1288.0664,1227.4387,1211.4008,1238.6658,1264.0835,1263.4389,1256.0357,1191.8498,1212.6839,1246.6115,1202.3367,1174.2089,1206.4276,1209.6295,1202.8435,1270.2208,1259.716,1216.3605,1245.2836,1323.8415,1366.0358,1330.0364,1341.6171,1353.3853,1239.2945,1287.2968,1242.0498,1280.4781,1304.4608,1275.0735,1253.1469,1194.0294,1183.0924,1211.9781,1154.3616,1067.6617,1136.2969,1218.2226,1193.9439,1163.4416,1196.1888,1259.7636,1213.7849,1116.7784,1111.1945,1152.7365,1124.4727,1127.5251,1196.2284,1113.3441,1187.2665,1121.9373,1067.782,1136.5531,1166.1817,1173.6065,1235.3745,1254.006,1190.1305,1110.5709,1149.0677,1100.1954,1099.0675,1129.1151,1129.9622,1074.3882,1015.0369,1087.2671,1102.8987,1172.9636,1176.2133,1054.0068,958.34901,1034.7423,1086.7524,1075.416,1170.5907,1095.4171,1176.6943,1173.6734,1179.766,1085.0634,1075.0602,1087.6394,1048.6939,1089.5715,1092.3539,946.23592,942.50933,988.66604,1045.7215,1040.7775,996.76368,951.52909,1029.53,1057.0914,915.35365,975.45013,943.74781,1106.9961,974.92005,982.15502,822.03769,939.28867,939.22319,871.86143,879.44849,783.69906,834.44826,871.51309,850.4503,796.07535,799.35003,886.91893,862.83102,818.59843,910.78209,905.58903,950.51496,895.64437,999.25321,962.1245,939.65876,950.76857,974.11295,953.55601,960.56773,871.19077,928.00648,771.76475,762.50808,811.98196,810.99656,798.62594,842.27762,736.57972,805.81838,815.05042,797.33027,764.24352,765.55748,782.45562,850.56724,836.88855,779.23133,792.21773,778.90904,736.87603,775.76992,773.10369,756.00331,741.57764,743.16686,746.76437,825.51323,869.99623,838.43548,825.49366,836.60991,778.29161,848.17464,811.51612,750.92687,790.66749,795.17279,840.40505,802.27282,865.20663,839.71375,759.14881,751.72138,713.12557,683.64591,713.89913,834.0147,765.11959,773.73097,757.02315,725.14166,743.9091,817.73661,803.6255,788.24607,755.20565,818.09546,795.72163,784.1886,766.53103,739.63762,725.53735,771.35023,837.23284,829.75326,787.14568,790.601,768.6667,709.46282,743.73956,791.7548,803.24272,737.74657,720.4752,709.80312,739.58527,741.35966,786.21172,815.27716,822.78563,833.62866,798.20002,788.9917,831.53323,847.1141,851.77003,880.36103,890.37059,871.30875,917.53684,878.8602,842.58346,827.5918,851.12156,794.64724,804.63231,832.15986,791.20333,817.93778,833.38421,805.6615,847.49154,871.08468,790.42266,793.37862,804.44746

Time pixel : 1.208973,2.21276,3.216547,4.220334,5.224121,6.227908,7.231695,8.235482,9.239269,10.24306,11.24684,12.25063,13.25442,14.2582,15.26199,16.26578,17.26957,18.27335,19.27714,20.28093,21.28471,22.2885,23.29229,24.29607,25.29986,26.30365,27.30744,28.31122,29.31501,30.3188,31.32258,32.32637,33.33016,34.33394,35.33773,36.34152,37.34531,38.34909,39.35288,40.35667,41.36045,42.36424,43.36803,44.37182,45.3756,46.37939,47.38318,48.38696,49.39075,50.39454,51.39832,52.40211,53.4059,54.40969,55.41347,56.41726,57.42105,58.42483,59.42862,60.43241,61.43619,62.43998,63.44377,64.44756,65.45134,66.45513,67.45892,68.4627,69.46649,70.47028,71.47407,72.47785,73.48164,74.48543,75.48921,76.493,77.49679,78.50057,79.50436,80.50815,81.51194,82.51572,83.51951,84.5233,85.52708,86.53087,87.53466,88.53844,89.54223,90.54602,91.54981,92.55359,93.55738,94.56117,95.56495,96.56874,97.57253,98.57631,99.5801,100.5839,101.5877,102.5915,103.5953,104.599,105.6028,106.6066,107.6104,108.6142,109.618,110.6218,111.6255,112.6293,113.6331,114.6369,115.6407,116.6445,117.6483,118.6521,119.6558,120.6596,121.6634,122.6672,123.671,124.6748,125.6786,126.6824,127.6861,128.6899,129.6937,130.6975,131.7013,132.7051,133.7089,134.7126,135.7164,136.7202,137.724,138.7278,139.7316,140.7354,141.7392,142.7429,143.7467,144.7505,145.7543,146.7581,147.7619,148.7657,149.7695,150.7732,151.777,152.7808,153.7846,154.7884,155.7922,156.796,157.7997,158.8035,159.8073,160.8111,161.8149,162.8187,163.8225,164.8263,165.83,166.8338,167.8376,168.8414,169.8452,170.849,171.8528,172.8566,173.8603,174.8641,175.8679,176.8717,177.8755,178.8793,179.8831,180.8869,181.8906,182.8944,183.8982,184.902,185.9058,186.9096,187.9134,188.9171,189.9209,190.9247,191.9285,192.9323,193.9361,194.9399,195.9437,196.9474,197.9512,198.955,199.9588,200.9626,201.9664,202.9702,203.974,204.9777,205.9815,206.9853,207.9891,208.9929,209.9967,211.0005,212.0042,213.008,214.0118,215.0156,216.0194,217.0232,218.027,219.0308,220.0345,221.0383,222.0421,223.0459,224.0497,225.0535,226.0573,227.0611,228.0648,229.0686,230.0724,231.0762,232.08,233.0838,234.0876,235.0914,236.0951,237.0989,238.1027,239.1065,240.1103,241.1141,242.1179,243.1216,244.1254,245.1292,246.133,247.1368,248.1406,249.1444,250.1482,251.1519,252.1557,253.1595,254.1633,255.1671,256.1709,257.1747,258.1785,259.1822,260.186,261.1898,262.1936,263.1974,264.2012,265.205,266.2087,267.2125,268.2163,269.2201,270.2239,271.2277,272.2315,273.2353,274.239,275.2428,276.2466,277.2504,278.2542,279.258,280.2618,281.2656,282.2693,283.2731,284.2769,285.2807,286.2845,287.2883,288.2921,289.2959,290.2996,291.3034,292.3072,293.311,294.3148,295.3186,296.3224,297.3261,298.3299,299.3337,300.3375,301.3413,302.3451,303.3489,304.3527,305.3564,306.3602,307.364,308.3678,309.3716,310.3754,311.3792,312.383,313.3867,314.3905,315.3943,316.3981,317.4019,318.4057,319.4095,320.4132,321.417,322.4208,323.4246,324.4284,325.4322,326.436,327.4398,328.4435,329.4473,330.4511,331.4549,332.4587,333.4625,334.4663,335.4701,336.4738

Position pixel : 13.2189,13.2179,13.217,13.216,13.2151,13.2141,13.2132,13.2122,13.2113,13.2103,13.2094,13.2084,13.2075,13.2065,13.2056,13.2046,13.2037,13.2027,13.2018,13.2008,13.1999,13.1989,13.198,13.197,13.1961,13.1951,13.1942,13.1932,13.1923,13.1913,13.1904,13.1894,13.1885,13.1875,13.1866,13.1856,13.1847,13.1837,13.1828,13.1818,13.1809,13.1799,13.179,13.178,13.1771,13.1761,13.1752,13.1742,13.1733,13.1723,13.1714,13.1704,13.1695,13.1685,13.1676,13.1666,13.1657,13.1647,13.1638,13.1628,13.1619,13.1609,13.16,13.159,13.1581,13.1571,13.1562,13.1552,13.1543,13.1533,13.1524,13.1514,13.1505,13.1495,13.1486,13.1476,13.1467,13.1457,13.1448,13.1438,13.1429,13.1419,13.141,13.14,13.1391,13.1381,13.1372,13.1362,13.1353,13.1343,13.1334,13.1324,13.1315,13.1305,13.1296,13.1286,13.1277,13.1267,13.1258,13.1248,13.1239,13.1229,13.122,13.121,13.1201,13.1191,13.1182,13.1172,13.1163,13.1153,13.1144,13.1134,13.1125,13.1115,13.1106,13.1096,13.1087,13.1077,13.1068,13.1058,13.1049,13.1039,13.103,13.102,13.1011,13.1001,13.0992,13.0982,13.0973,13.0963,13.0954,13.0944,13.0935,13.0925,13.0916,13.0907,13.0897,13.0888,13.0878,13.0869,13.0859,13.085,13.084,13.0831,13.0821,13.0812,13.0802,13.0793,13.0783,13.0774,13.0764,13.0755,13.0745,13.0736,13.0726,13.0717,13.0707,13.0698,13.0688,13.0679,13.0669,13.066,13.065,13.0641,13.0631,13.0622,13.0612,13.0603,13.0593,13.0584,13.0574,13.0565,13.0555,13.0546,13.0536,13.0527,13.0517,13.0508,13.0498,13.0489,13.0479,13.047,13.046,13.0451,13.0441,13.0432,13.0422,13.0413,13.0403,13.0394,13.0384,13.0375,13.0365,13.0356,13.0346,13.0337,13.0327,13.0318,13.0308,13.0299,13.0289,13.028,13.027,13.0261,13.0251,13.0242,13.0232,13.0223,13.0213,13.0204,13.0194,13.0185,13.0175,13.0166,13.0156,13.0147,13.0137,13.0128,13.0118,13.0109,13.0099,13.009,13.008,13.0071,13.0061,13.0052,13.0042,13.0033,13.0023,13.0014,13.0004,12.9995,12.9985,12.9976,12.9966,12.9957,12.9947,12.9938,12.9928,12.9919,12.9909,12.99,12.989,12.9881,12.9871,12.9862,12.9852,12.9843,12.9833,12.9824,12.9814,12.9805,12.9795,12.9786,12.9776,12.9767,12.9757,12.9748,12.9738,12.9729,12.9719,12.971,12.97,12.9691,12.9681,12.9672,12.9662,12.9653,12.9643,12.9634,12.9624,12.9615,12.9605,12.9596,12.9586,12.9577,12.9567,12.9558,12.9548,12.9539,12.9529,12.952,12.9511,12.9501,12.9492,12.9482,12.9473,12.9463,12.9454,12.9444,12.9435,12.9425,12.9416,12.9406,12.9397,12.9387,12.9378,12.9368,12.9359,12.9349,12.934,12.933,12.9321,12.9311,12.9302,12.9292,12.9283,12.9273,12.9264,12.9254,12.9245,12.9235,12.9226,12.9216,12.9207,12.9197,12.9188,12.9178,12.9169,12.9159,12.915,12.914,12.9131,12.9121,12.9112,12.9102,12.9093,12.9083,12.9074,12.9064,12.9055,12.9045,12.9036,12.9026,12.9017

Brightness max : 645.62
Brightness min : 203.00
Feature direction : Ambiguous
Feature speed : Slow
Feature type : Line
Start frame : 1
End frame : 337
Start time (s) : 0.000
End time (s) : 599.980
Time step (s) : 1.786

