KYMOANALYSIS DATA

General Information :

Tiff path : E:\Google Drive\microtubule dynamics and cut7\19-15 screens and tests\cut11-7\19-06-12&20 (Cut7-3GFP and  mCh-mts, timeseries for modeling data)\
Spindle type : Monopolar
Start frame : 1
End frame : 166
Start time (s) : 0.000
End time (s) : 166.000
Time step (s) : 1.006
Num poles : 1
Num tracks : 7
Num tracks poleward : 1
Num tracks antipoleward : 1
Num tracks ambiguous : 5
Comments : {

}
Poles Information :


Pole number : 1

Time (s) : 1.317231,2.332224,3.347217,4.362211,5.377204,6.392197,7.40719,8.422183,9.437176,10.45217,11.46716,12.48216,13.49715,14.51214,15.52713,16.54213,17.55712,18.57211,19.58711,20.6021,21.61709,22.63209,23.64708,24.66207,25.67707,26.69206,27.70705,28.72205,29.73704,30.75203,31.76702,32.78202,33.79701,34.812,35.827,36.84199,37.85698,38.87198,39.88697,40.90196,41.91696,42.93195,43.94694,44.96194,45.97693,46.99192,48.00691,49.02191,50.0369,51.05189,52.06689,53.08188,54.09687,55.11187,56.12686,57.14185,58.15685,59.17184,60.18683,61.20182,62.21682,63.23181,64.2468,65.2618,66.27679,67.29178,68.30678,69.32177,70.33676,71.35176,72.36675,73.38174,74.39674,75.41173,76.42672,77.44171,78.45671,79.4717,80.48669,81.50169,82.51668,83.53167,84.54667,85.56166,86.57665,87.59165,88.60664,89.62163,90.63663,91.65162,92.66661,93.6816,94.6966,95.71159,96.72658,97.74158,98.75657,99.77156,100.7866,101.8015,102.8165,103.8315,104.8465,105.8615,106.8765,107.8915,108.9065,109.9215,110.9365,111.9515,112.9665,113.9815,114.9965,116.0115,117.0264,118.0414,119.0564,120.0714,121.0864,122.1014,123.1164,124.1314,125.1464,126.1614,127.1764,128.1914,129.2064,130.2214,131.2363,132.2513,133.2663,134.2813,135.2963,136.3113,137.3263,138.3413,139.3563,140.3713,141.3863,142.4013,143.4163,144.4313,145.4463,146.4612,147.4762,148.4912,149.5062,150.5212,151.5362,152.5512,153.5662,154.5812,155.5962,156.6112,157.6262,158.6412,159.6562,160.6711,161.6861,162.7011,163.7161,164.7311,165.7461,166.7611

Position (um) : 3.0476,3.0475,3.0475,3.0474,3.0473,3.0472,3.0472,3.0471,3.047,3.0469,3.0469,3.0468,3.0467,3.0466,3.0465,3.0465,3.0464,3.0463,3.0462,3.0462,3.0461,3.046,3.0459,3.0459,3.0458,3.0457,3.0456,3.0456,3.0455,3.0454,3.0453,3.0452,3.0452,3.0451,3.045,3.0449,3.0449,3.0448,3.0447,3.0446,3.0446,3.0445,3.0444,3.0443,3.0443,3.0442,3.0441,3.044,3.044,3.0439,3.0438,3.0437,3.0436,3.0436,3.0435,3.0434,3.0433,3.0433,3.0432,3.0431,3.043,3.043,3.0429,3.0428,3.0427,3.0427,3.0426,3.0425,3.0424,3.0423,3.0423,3.0422,3.0421,3.042,3.042,3.0419,3.0418,3.0417,3.0417,3.0416,3.0415,3.0414,3.0414,3.0413,3.0412,3.0411,3.041,3.041,3.0409,3.0408,3.0407,3.0407,3.0406,3.0405,3.0404,3.0404,3.0403,3.0402,3.0401,3.0401,3.04,3.0399,3.0398,3.0397,3.0397,3.0396,3.0395,3.0394,3.0394,3.0393,3.0392,3.0391,3.0391,3.039,3.0389,3.0388,3.0388,3.0387,3.0386,3.0385,3.0384,3.0384,3.0383,3.0382,3.0381,3.0381,3.038,3.0379,3.0378,3.0378,3.0377,3.0376,3.0375,3.0375,3.0374,3.0373,3.0372,3.0371,3.0371,3.037,3.0369,3.0368,3.0368,3.0367,3.0366,3.0365,3.0365,3.0364,3.0363,3.0362,3.0362,3.0361,3.036,3.0359,3.0358,3.0358,3.0357,3.0356,3.0355,3.0355,3.0354,3.0353,3.0352,3.0352

Intensity : 607.0846,610.6427,611.6718,602.8969,604.6215,609.0295,605.7725,593.3437,578.4991,576.5814,585.8084,596.6648,607.0544,617.8107,639.576,669.4734,695.7706,709.2412,710.627,702.0472,685.3371,664.8766,651.4118,646.5409,655.5156,665.4051,661.1947,652.5461,648.1064,652.4336,642.344,617.7555,596.9887,584.5914,582.6971,579.8338,572.4374,561.0901,555.3105,559.6088,563.1584,568.8021,575.546,581.0641,586.7924,586.9923,602.9708,603.6096,606.8846,597.7387,597.4238,598.3222,603.461,601.7183,587.985,572.4888,569.5139,574.3997,576.3416,570.7304,573.0136,578.2199,578.5838,579.4506,568.638,575.2302,573.5151,576.9155,570.3332,557.6314,557.0474,559.8801,558.1169,550.3248,546.5563,547.3843,553.312,556.9331,556.4735,559.3342,551.8774,567.2705,560.5965,562.1297,555.3361,561.5732,576.0277,576.3222,573.165,559.8857,554.5176,553.4807,545.1181,536.9404,523.1021,519.3152,529.0673,530.9298,525.2645,514.3123,521.1648,528.3631,531.9741,531.601,523.4646,515.0299,507.4256,519.6057,539.163,541.5108,541.3085,532.8762,539.2539,535.6793,541.3675,538.5401,545.5358,548.638,548.4894,539.3622,528.1339,531.5488,533.0453,537.0316,545.235,552.374,554.4315,550.2134,559.6273,571.2534,585.341,588.8241,584.6827,568.123,554.8218,552.6125,561.4357,572.8426,578.2105,573.2658,556.8817,536.3737,521.0461,510.2187,505.3988,505.6432,501.0789,502.335,502.2152,509.249,512.7836,517.3072,522.7447,518.9381,513.2924,510.696,510.1969,517.0077,525.4547,530.0991,522.3009,516.5762,514.9213,515.441

Time pixel : 1.309375,2.318314,3.327254,4.336193,5.345133,6.354072,7.363012,8.371951,9.380891,10.38983,11.39877,12.40771,13.41665,14.42559,15.43453,16.44347,17.45241,18.46135,19.47029,20.47923,21.48816,22.4971,23.50604,24.51498,25.52392,26.53286,27.5418,28.55074,29.55968,30.56862,31.57756,32.5865,33.59544,34.60438,35.61332,36.62226,37.6312,38.64014,39.64908,40.65801,41.66695,42.67589,43.68483,44.69377,45.70271,46.71165,47.72059,48.72953,49.73847,50.74741,51.75635,52.76529,53.77423,54.78317,55.79211,56.80105,57.80999,58.81893,59.82786,60.8368,61.84574,62.85468,63.86362,64.87256,65.8815,66.89044,67.89938,68.90832,69.91726,70.9262,71.93514,72.94408,73.95302,74.96196,75.9709,76.97984,77.98878,78.99771,80.00665,81.01559,82.02453,83.03347,84.04241,85.05135,86.06029,87.06923,88.07817,89.08711,90.09605,91.10499,92.11393,93.12287,94.13181,95.14075,96.14969,97.15863,98.16756,99.1765,100.1854,101.1944,102.2033,103.2123,104.2212,105.2301,106.2391,107.248,108.257,109.2659,110.2748,111.2838,112.2927,113.3017,114.3106,115.3195,116.3285,117.3374,118.3464,119.3553,120.3642,121.3732,122.3821,123.3911,124.4,125.4089,126.4179,127.4268,128.4357,129.4447,130.4536,131.4626,132.4715,133.4804,134.4894,135.4983,136.5073,137.5162,138.5251,139.5341,140.543,141.552,142.5609,143.5698,144.5788,145.5877,146.5967,147.6056,148.6145,149.6235,150.6324,151.6414,152.6503,153.6592,154.6682,155.6771,156.6861,157.695,158.7039,159.7129,160.7218,161.7308,162.7397,163.7486,164.7576,165.7665

Position pixel : 28.5625,28.5618,28.5611,28.5604,28.5596,28.5589,28.5582,28.5575,28.5568,28.5561,28.5553,28.5546,28.5539,28.5532,28.5525,28.5518,28.551,28.5503,28.5496,28.5489,28.5482,28.5475,28.5467,28.546,28.5453,28.5446,28.5439,28.5432,28.5424,28.5417,28.541,28.5403,28.5396,28.5389,28.5381,28.5374,28.5367,28.536,28.5353,28.5346,28.5339,28.5331,28.5324,28.5317,28.531,28.5303,28.5296,28.5288,28.5281,28.5274,28.5267,28.526,28.5253,28.5245,28.5238,28.5231,28.5224,28.5217,28.521,28.5202,28.5195,28.5188,28.5181,28.5174,28.5167,28.5159,28.5152,28.5145,28.5138,28.5131,28.5124,28.5116,28.5109,28.5102,28.5095,28.5088,28.5081,28.5074,28.5066,28.5059,28.5052,28.5045,28.5038,28.5031,28.5023,28.5016,28.5009,28.5002,28.4995,28.4988,28.498,28.4973,28.4966,28.4959,28.4952,28.4945,28.4937,28.493,28.4923,28.4916,28.4909,28.4902,28.4894,28.4887,28.488,28.4873,28.4866,28.4859,28.4851,28.4844,28.4837,28.483,28.4823,28.4816,28.4808,28.4801,28.4794,28.4787,28.478,28.4773,28.4766,28.4758,28.4751,28.4744,28.4737,28.473,28.4723,28.4715,28.4708,28.4701,28.4694,28.4687,28.468,28.4672,28.4665,28.4658,28.4651,28.4644,28.4637,28.4629,28.4622,28.4615,28.4608,28.4601,28.4594,28.4586,28.4579,28.4572,28.4565,28.4558,28.4551,28.4543,28.4536,28.4529,28.4522,28.4515,28.4508,28.4501,28.4493,28.4486,28.4479,28.4472,28.4465,28.4458

Pole type : Line
Start frame : 1
End frame : 166
Start time (s) : 0.000
End time (s) : 166.000
Time step (s) : 1.006

Feature Information :


Feature number : 1

Time (s) : 30.9939,31.568,32.1422,32.7163

Position (um) : 2.703,2.5646,2.4262,2.2878

Intensity : 386.5855,309.9865,289.0018,274.8178

Time pixel : 30.809,31.3797,31.9505,32.5212

Position pixel : 25.3325,24.0353,22.7382,21.441

Brightness max : 484.92
Brightness min : 223.00
Feature direction : Antipoleward
Feature speed : Slow
Feature type : Line
Start frame : 1
End frame : 166
Start time (s) : 0.000
End time (s) : 166.000
Time step (s) : 1.006

Feature number : 2

Time (s) : 33.1861,34.1257,35.0653,36.0048

Position (um) : 2.321,2.4317,2.5424,2.6532

Intensity : 280.734,292.1633,310.2591,349.6406

Time pixel : 32.9882,33.9222,34.8561,35.7901

Position pixel : 21.7524,22.7901,23.8279,24.8656

Brightness max : 484.92
Brightness min : 223.00
Feature direction : Poleward
Feature speed : Slow
Feature type : Line
Start frame : 1
End frame : 166
Start time (s) : 0.000
End time (s) : 166.000
Time step (s) : 1.006

Feature number : 3

Time (s) : 63.88304,63.99286,64.14092,64.28898,64.39881,64.44558,64.46265,64.50089,64.57246,64.64895,64.72906,64.81408,64.93243,65.07195,65.19031,65.27533,65.35543,65.44045,65.55881,65.69833,65.81668,65.91023,66.02006,66.12987,66.22342,66.34178,66.48131,66.59965,66.6932,66.80303,66.91285,67.00639,67.11622,67.22604,67.31958,67.43793,67.57747,67.70435,67.83614,68.0346,68.30592,68.63539,68.93151,69.14341,69.30854,69.46513,69.62173,69.77832,69.93492,70.09151,70.2481,70.4047,70.56129,70.70936,70.8277,70.92125,71.03961,71.17914,71.29749,71.39103,71.50939,71.64892,71.76728,71.86082,71.97917,72.1187,72.23706,72.33061,72.44895,72.59701,72.74508,72.86343,72.95698,73.07534,73.21486,73.33322,73.42676,73.53659,73.6464,73.73142,73.81153,73.88801,73.96812,74.05314,74.16296,74.27278,74.3578,74.43791,74.51439,74.59451,74.67951,74.79787,74.94593,75.10253,75.25912,75.41572,75.57231,75.7289,75.8855,76.04209,76.19869,76.36381,76.55865,76.76976,76.92636,77.02843,77.14679,77.29484,77.45144,77.60804,77.76463,77.92123,78.07782,78.23442,78.39101,78.5476,78.7042,78.86079,79.01739,79.17398,79.33057,79.47864,79.59699,79.69053,79.80889,79.94842,80.06678,80.16032,80.27867,80.4182,80.53656,80.63011,80.73992,80.84975,80.94329,81.06165,81.20117,81.31953,81.41308,81.53143,81.67948,81.82755,81.9459,82.03092,82.11103,82.19604,82.3144,82.46246,82.61906,82.77565,82.93225,83.08884,83.2369,83.35525,83.44027,83.52038,83.59686,83.66845,83.70668,83.72375,83.76198,83.82504,83.86328,83.87181,83.87181,83.87181,83.87181,83.87181,83.87181,83.88034,83.91858,83.98163,84.01987,84.03693,84.07517,84.13963,84.18918,84.23875,84.3046,84.34565,84.35699,84.35982,84.36265,84.3655,84.36835,84.37975,84.42088,84.48681,84.52795,84.54792,84.58909,84.65507,84.70479,84.76307,84.86733,84.98015,85.06818,85.15132,85.23085,85.31402,85.40212,85.52358,85.67476,85.8345,85.99428,86.14552,86.25857,86.31712,86.37569,86.48028,86.59342,86.68179,86.76529,86.85372,86.96699,87.08029,87.16882,87.25249,87.33255,87.41629,87.49642,87.57169,87.6222,87.67274,87.73961,87.78169,87.80264,87.84481,87.91183,87.95408,87.97519,88.01751,88.08469,88.13563,88.19514,88.30919,88.46153,88.62244,88.78338,88.94435,89.10536,89.2664,89.42746,89.58855,89.74967,89.91081,90.07197,90.23315,90.39435,90.55555,90.71677,90.87799,91.03921,91.20043,91.36164,91.52285,91.68404,91.84522,92.00638,92.16751,92.32009,92.44292,92.54089,92.65511,92.76928,92.87565,93.03648,93.25176,93.45069,93.61132,93.73363,93.83104,93.95318,94.09639,94.21833,94.30684,94.39032,94.47861,94.60011,94.7512,94.9107,95.06152,95.18251,95.27856,95.39074,95.50276,95.59837,95.71863,95.86845,96.02663,96.18466,96.33399,96.45345,96.54793,96.66705,96.81572,96.96421,97.08282,97.17646,97.28622,97.39591,97.48921,97.5987,97.70809,97.80112,97.91885,98.0662,98.23053,98.42447,98.64312,98.82835,98.9626,99.09313,99.27319,99.44953,99.5749,99.66686,99.78353,99.92984,100.0761,100.1925,100.284,100.4003,100.5463,100.7006,100.8464,100.9624,101.0536,101.1694,101.315,101.4775,101.6696,101.8866,102.0701,102.1942,102.2764,102.3535,102.4356,102.551,102.696,102.8495,103.003,103.1564,103.3013,103.4165,103.4982,103.575,103.6567,103.7633,103.8697,103.9599,104.0749,104.2196,104.3642,104.4792,104.5693,104.6842,104.8288,104.982,105.1266,105.233,105.2848,105.3282,105.3963,105.4778,105.5928,105.7289,105.8438,105.9254,106.0022,106.0752,106.1519,106.2336,106.3401,106.4466,106.5368,106.6518,106.7966,106.9414,107.0565,107.1553,107.3002,107.4699,107.5985,107.7136,107.8203,107.9108,108.026,108.171,108.316,108.4314,108.5134,108.5905,108.6726,108.7795,108.8863,108.9684,109.0458,109.1194,109.1882,109.2321,109.2846,109.3917,109.537,109.6908,109.8362,109.9519,110.0427,110.1585,110.3039,110.4579,110.6119,110.783,111.0391,111.4511,111.9473,112.3593,112.6154,112.7781,112.894,112.9851,113.101,113.2467,113.4009,113.5551,113.7264,113.9827,114.3863,114.8444,115.1936,115.4117,115.5745,115.7288,115.8831,116.0375,116.1919,116.3461,116.492,116.6082,116.708,116.8624,117.0712,117.2639,117.4269,117.5813,117.7272,117.8433,117.9347,118.0424,118.1501,118.2414,118.3492,118.4569,118.5483,118.6645,118.819,119.0032,119.1825,119.3122,119.437,119.5744,119.6907,119.7737,119.8431

Position (um) : 2.5481,2.5481,2.5481,2.5472,2.5422,2.5306,2.5149,2.4983,2.4826,2.47,2.4601,2.4475,2.4318,2.4152,2.3995,2.387,2.3771,2.3645,2.3497,2.3372,2.3281,2.3196,2.3106,2.299,2.2873,2.2783,2.2698,2.2617,2.2541,2.2491,2.2442,2.2375,2.2325,2.2276,2.2209,2.2168,2.215,2.211,2.2043,2.1993,2.1944,2.1877,2.1836,2.1827,2.1827,2.1827,2.1827,2.1827,2.1827,2.1827,2.1827,2.1827,2.1827,2.1836,2.1877,2.1944,2.1984,2.2002,2.2043,2.211,2.2159,2.2218,2.2325,2.2442,2.2532,2.2617,2.2698,2.2774,2.2824,2.2873,2.2949,2.303,2.3106,2.3156,2.3214,2.3322,2.3429,2.3488,2.3538,2.3614,2.3695,2.378,2.387,2.3986,2.4103,2.4193,2.4278,2.4359,2.4444,2.4525,2.4601,2.4642,2.4651,2.4651,2.4651,2.4651,2.4651,2.4651,2.4642,2.4601,2.4534,2.4485,2.4435,2.4359,2.4278,2.4202,2.4161,2.4143,2.4103,2.4036,2.3995,2.3977,2.3937,2.387,2.3829,2.382,2.382,2.382,2.382,2.382,2.382,2.3829,2.387,2.3946,2.4027,2.4112,2.4193,2.4278,2.4368,2.4494,2.4642,2.4767,2.4866,2.4983,2.5108,2.5239,2.5391,2.5522,2.5647,2.5764,2.5854,2.5939,2.602,2.6105,2.6186,2.6262,2.6302,2.6302,2.6262,2.6195,2.6154,2.6145,2.6136,2.6096,2.602,2.593,2.5804,2.5647,2.5481,2.5324,2.5198,2.5099,2.4974,2.4817,2.4651,2.4485,2.4318,2.4152,2.3986,2.3829,2.3704,2.3604,2.3479,2.3331,2.3205,2.3108,2.2995,2.2883,2.2787,2.2665,2.2512,2.235,2.2188,2.2025,2.1863,2.171,2.1588,2.1493,2.1371,2.1227,2.1105,2.101,2.0889,2.0736,2.0574,2.0411,2.024,2.0047,1.9858,1.9732,1.9651,1.9615,1.9601,1.9564,1.9502,1.9475,1.952,1.964,1.9793,1.9923,2.0017,2.0107,2.0202,2.0332,2.0493,2.0655,2.0785,2.088,2.0979,2.1115,2.1312,2.1515,2.1695,2.1866,2.2037,2.2208,2.2389,2.2601,2.2848,2.31,2.3339,2.351,2.3624,2.3746,2.3859,2.3915,2.393,2.3935,2.3941,2.3947,2.3953,2.3959,2.3965,2.3971,2.3977,2.3983,2.3989,2.3995,2.4002,2.4008,2.4014,2.4011,2.3977,2.3907,2.3832,2.3753,2.3679,2.3609,2.3565,2.3522,2.3452,2.3377,2.3307,2.3263,2.3219,2.3149,2.3074,2.2994,2.2919,2.2839,2.2763,2.2684,2.2608,2.2528,2.2451,2.2371,2.2294,2.2214,2.2128,2.2006,2.1853,2.1691,2.1537,2.1424,2.1369,2.1322,2.1258,2.122,2.1213,2.1216,2.1217,2.1228,2.127,2.1347,2.143,2.1506,2.1556,2.1606,2.1673,2.1723,2.1772,2.1839,2.1888,2.1946,2.2053,2.216,2.2217,2.2275,2.2381,2.2487,2.2544,2.2601,2.2707,2.2813,2.287,2.2917,2.2982,2.3029,2.3076,2.315,2.3229,2.3302,2.3339,2.3346,2.3352,2.3398,2.3503,2.3607,2.3653,2.3659,2.3655,2.3652,2.3648,2.3653,2.369,2.3762,2.3839,2.3911,2.3948,2.3953,2.3949,2.3944,2.394,2.3945,2.3981,2.4053,2.413,2.421,2.4296,2.4408,2.452,2.4605,2.4677,2.4722,2.4767,2.4829,2.4865,2.4869,2.4865,2.4851,2.4797,2.4685,2.4564,2.4469,2.4388,2.4343,2.432,2.4275,2.4195,2.4109,2.402,2.3934,2.3853,2.3799,2.3745,2.3674,2.362,2.3566,2.3486,2.34,2.332,2.3266,2.3212,2.3141,2.3087,2.3033,2.2953,2.2859,2.2738,2.2618,2.2523,2.2434,2.2349,2.226,2.2166,2.2046,2.1925,2.1822,2.1693,2.1532,2.1362,2.1202,2.1081,2.1028,2.1015,2.1003,2.0959,2.0888,2.0844,2.0831,2.0828,2.0824,2.0821,2.0799,2.0715,2.0578,2.0493,2.0472,2.0478,2.0515,2.0579,2.0625,2.0671,2.0735,2.0772,2.0787,2.0843,2.0988,2.1168,2.1304,2.1427,2.154,2.1627,2.17,2.1747,2.1793,2.1857,2.1904,2.195,2.2023,2.2111,2.2224,2.2328,2.2375,2.2381,2.2387,2.2425,2.2489,2.2536,2.2583,2.2646,2.2693,2.274,2.2804,2.2851,2.2898,2.2971,2.3049,2.3122,2.316,2.3175,2.3213,2.3277,2.3315

Intensity : 344.4477,345.321,346.4985,347.4209,346.8724,343.8901,339.5922,335.1867,331.2669,328.2818,326.0692,323.3686,320.2775,317.0674,313.9029,311.2894,309.2889,306.6958,303.9098,302.3683,301.4976,300.5461,299.6418,298.2328,296.707,295.9353,295.254,294.4293,293.5953,293.3983,293.2317,292.7364,292.7101,292.6838,292.2704,292.2437,292.1319,291.6128,290.6182,289.9325,289.2423,287.833,286.7786,286.398,286.2338,286.0273,285.716,285.4047,285.0934,284.7821,284.4707,284.1594,283.6435,283.3024,283.6394,284.5364,284.8535,284.6808,284.9817,285.835,286.672,287.8538,289.8848,292.1505,294.1272,296.0171,297.8089,299.4661,300.5393,301.1208,302.2435,303.5647,304.8499,305.52,306.3139,308.1764,310.1128,310.6402,311.0386,312.2271,313.5696,315.0274,316.585,318.721,320.6868,322.0351,323.4336,324.7786,326.0965,327.2798,328.6068,328.728,327.6946,326.3256,324.9567,323.5877,323.3754,323.4874,323.3016,322.0317,319.8291,318.5801,317.8048,316.8482,315.4476,313.9042,313.3395,313.4833,313.0444,310.7657,309.1116,308.0642,306.3897,303.9711,302.2661,301.787,301.8921,301.9973,302.1024,302.2076,302.3127,302.6311,303.1778,304.7682,306.347,307.8846,309.3878,311.0903,312.7578,315.163,319.5488,324.0193,327.6166,331.8396,336.3764,341.1637,346.7602,351.6063,356.6849,361.6405,363.692,365.4287,367.3728,369.9424,372.3747,374.4635,374.4062,372.0583,369.2213,365.5741,363.0964,361.9996,360.9436,358.6614,355.01,350.9847,345.9925,339.6839,334.9387,330.9539,327.9274,325.7538,322.7498,318.7389,314.4399,310.7009,308.054,305.4088,302.7619,300.3189,298.5857,297.4435,295.7104,294.2037,293.1024,292.4731,291.5669,290.6493,290.0152,288.9237,287.2913,285.6959,284.4541,283.2134,281.9746,280.8708,280.238,280.0138,279.2382,278.1492,277.223,276.4808,275.5317,274.3225,272.9942,271.6263,270.1815,268.5856,267.0617,266.0389,265.3819,265.0188,264.408,263.6116,262.6403,261.9599,261.8996,262.5233,263.3445,263.8321,263.7068,263.5915,263.5489,263.8088,264.2719,264.7352,265.1294,265.2648,265.4616,265.9401,266.967,269.577,272.1526,274.5161,276.7451,278.97,281.3534,285.7562,290.9122,296.2638,301.4009,305.2899,308.6138,312.3645,315.773,316.8433,316.2689,316.5482,317.6917,318.8405,319.9945,321.1538,322.3182,323.1913,323.4892,323.79,324.0937,324.4001,324.7091,325.0129,325.2455,325.1384,323.8514,321.2404,318.4291,315.4774,312.9436,310.6469,309.3371,308.026,305.9746,304.2612,302.5971,302.7182,302.9196,302.2692,302.035,302.2072,302.186,301.4825,300.3776,298.882,297.6987,296.5545,295.2916,293.8898,292.8814,291.7726,290.9189,289.9637,288.3296,286.3202,284.1175,282.5541,282.56,282.9167,282.6644,281.9252,281.6507,281.5098,281.3661,281.38,281.953,283.2168,284.8147,286.0159,286.548,287.2227,288.4531,289.1614,289.8669,291.088,291.6794,291.8717,293.4251,294.6178,294.1983,293.5152,293.5165,294.0415,294.704,295.5849,297.7886,299.6067,300.0428,300.5088,301.54,301.9001,302.0225,302.8068,303.9355,305.1019,305.1586,304.1735,303.6182,304.3676,306.8063,309.7957,310.9552,310.775,310.2609,308.9085,305.6643,303.1909,302.5466,303.5845,304.8189,305.7847,305.1422,303.6068,302.1099,300.6108,299.1116,297.959,298.0149,299.4311,301.0441,302.7009,304.2366,306.5335,308.9715,310.8392,312.056,312.3148,312.873,314.3283,315.3261,315.9242,316.2076,316.125,314.4086,310.3616,305.9532,303.2621,301.2334,300.3212,300.742,300.5495,299.014,297.2567,295.3339,293.5309,291.8964,291.2254,290.5337,289.173,288.4855,287.8609,286.4688,285.3732,284.3618,284.2036,284.1978,283.5301,283.1054,282.593,281.3825,279.9696,278.0954,276.1544,274.6035,272.9666,271.8509,270.8381,269.6378,268.1409,266.6728,265.4954,264.0156,262.1801,260.1893,259.4196,259.3573,259.8889,260.5042,260.5431,260.4026,260.1048,259.9438,259.9545,260.0156,260.0758,260.0811,259.9599,259.4847,257.3159,254.7935,253.3995,253.1304,253.3101,253.6288,253.838,254.0257,254.2834,254.3964,254.2898,253.9019,253.4686,254.0741,256.3484,258.5035,260.591,262.3748,263.7538,264.8245,265.882,267.1086,268.1077,268.9931,270.0524,271.0632,272.4235,273.7136,274.3767,274.5939,274.657,274.608,275.2163,275.3977,275.5324,275.9814,276.0174,276.0065,276.2983,276.1291,276.4786,277.5666,278.8031,279.9886,280.6859,281.0768,281.8099,282.6343,282.968

Time pixel : 63.50203,63.61119,63.75837,63.90555,64.01472,64.06121,64.07818,64.11619,64.18734,64.26337,64.343,64.42751,64.54516,64.68385,64.8015,64.88601,64.96564,65.05015,65.1678,65.30649,65.42414,65.51713,65.6263,65.73546,65.82845,65.9461,66.0848,66.20244,66.29543,66.4046,66.51377,66.60675,66.71592,66.82509,66.91807,67.03572,67.17442,67.30055,67.43155,67.62883,67.89853,68.22603,68.52039,68.73102,68.89517,69.05083,69.20649,69.36215,69.51781,69.67347,69.82913,69.98479,70.14045,70.28763,70.40527,70.49826,70.61591,70.75461,70.87226,70.96524,71.08289,71.22159,71.33924,71.43223,71.54987,71.68857,71.80622,71.89921,72.01685,72.16403,72.31121,72.42886,72.52185,72.6395,72.77819,72.89584,72.98883,73.098,73.20716,73.29167,73.3713,73.44733,73.52696,73.61147,73.72064,73.8298,73.91431,73.99395,74.06997,74.14961,74.23411,74.35176,74.49894,74.6546,74.81026,74.96592,75.12158,75.27724,75.4329,75.58856,75.74422,75.90836,76.10204,76.31189,76.46755,76.56902,76.68667,76.83384,76.9895,77.14517,77.30083,77.45649,77.61215,77.76781,77.92347,78.07913,78.23479,78.39045,78.54611,78.70177,78.85743,79.00461,79.12226,79.21524,79.33289,79.47159,79.58924,79.68223,79.79987,79.93857,80.05622,80.14921,80.25837,80.36754,80.46053,80.57818,80.71687,80.83452,80.92751,81.04516,81.19233,81.33951,81.45716,81.54167,81.6213,81.70581,81.82346,81.97064,82.1263,82.28196,82.43762,82.59328,82.74046,82.8581,82.94261,83.02225,83.09827,83.16943,83.20744,83.2244,83.26241,83.32509,83.3631,83.37158,83.37158,83.37158,83.37158,83.37158,83.37158,83.38006,83.41807,83.48075,83.51876,83.53572,83.57373,83.63781,83.68706,83.73634,83.80179,83.84259,83.85387,83.85668,83.8595,83.86233,83.86516,83.87649,83.91737,83.98291,84.0238,84.04366,84.08458,84.15017,84.19959,84.25752,84.36116,84.47331,84.56081,84.64346,84.72251,84.80519,84.89277,85.0135,85.16378,85.32257,85.48139,85.63173,85.7441,85.80231,85.86053,85.96449,86.07696,86.16481,86.2478,86.33571,86.4483,86.56092,86.64893,86.7321,86.81168,86.89492,86.97457,87.0494,87.0996,87.14984,87.21631,87.25814,87.27897,87.32088,87.38751,87.4295,87.45048,87.49256,87.55934,87.60997,87.66912,87.7825,87.93393,88.09388,88.25386,88.41387,88.57392,88.73399,88.8941,89.05423,89.21439,89.37456,89.53476,89.69498,89.85522,90.01546,90.17571,90.33597,90.49623,90.65649,90.81674,90.97699,91.13722,91.29744,91.45764,91.61781,91.76947,91.89157,91.98896,92.10249,92.21598,92.32172,92.48159,92.69559,92.89333,93.053,93.17458,93.27141,93.39282,93.53518,93.6564,93.74437,93.82736,93.91512,94.0359,94.18609,94.34463,94.49455,94.61482,94.7103,94.82181,94.93316,95.0282,95.14775,95.29667,95.45391,95.61099,95.75944,95.87818,95.9721,96.09051,96.23829,96.38589,96.5038,96.59688,96.70599,96.81502,96.90777,97.0166,97.12534,97.21781,97.33484,97.48131,97.64466,97.83744,98.05479,98.23891,98.37236,98.50212,98.6811,98.85639,98.98102,99.07242,99.1884,99.33383,99.47919,99.59492,99.68593,99.80153,99.94658,100.1,100.2449,100.3603,100.4509,100.566,100.7107,100.8723,101.0633,101.279,101.4613,101.5847,101.6664,101.7431,101.8246,101.9394,102.0835,102.2361,102.3887,102.5411,102.6852,102.7997,102.8809,102.9573,103.0385,103.1444,103.2502,103.3399,103.4542,103.598,103.7417,103.8561,103.9456,104.0598,104.2036,104.3559,104.4996,104.6053,104.6569,104.7,104.7677,104.8487,104.963,105.0983,105.2125,105.2936,105.3699,105.4426,105.5188,105.6,105.7058,105.8117,105.9014,106.0157,106.1596,106.3036,106.418,106.5162,106.6603,106.8289,106.9567,107.0712,107.1773,107.2672,107.3817,107.5259,107.67,107.7847,107.8662,107.9429,108.0244,108.1307,108.2369,108.3185,108.3954,108.4685,108.5369,108.5806,108.6328,108.7392,108.8837,109.0366,109.1811,109.2962,109.3864,109.5015,109.6461,109.7991,109.9522,110.1223,110.3768,110.7864,111.2796,111.6891,111.9438,112.1055,112.2207,112.3112,112.4264,112.5712,112.7246,112.8778,113.0481,113.3029,113.7041,114.1595,114.5066,114.7234,114.8852,115.0386,115.192,115.3454,115.4989,115.6522,115.7972,115.9127,116.0119,116.1654,116.373,116.5645,116.7265,116.88,117.025,117.1405,117.2313,117.3384,117.4454,117.5362,117.6433,117.7504,117.8413,117.9568,118.1104,118.2935,118.4717,118.6006,118.7246,118.8612,118.9769,119.0593,119.1283

Position pixel : 23.881,23.881,23.881,23.8725,23.826,23.7168,23.5696,23.414,23.2668,23.1492,23.0562,22.9385,22.7913,22.6357,22.4885,22.3709,22.2779,22.1602,22.0215,21.9039,21.8194,21.7397,21.6552,21.5461,21.4369,21.3524,21.2728,21.1967,21.1256,21.0791,21.0326,20.9699,20.9234,20.8769,20.8143,20.7762,20.7593,20.7213,20.6586,20.6121,20.5656,20.5029,20.4649,20.4564,20.4564,20.4564,20.4564,20.4564,20.4564,20.4564,20.4564,20.4564,20.4564,20.4649,20.5029,20.5656,20.6036,20.6206,20.6586,20.7213,20.7678,20.8227,20.9234,21.0326,21.1171,21.1967,21.2728,21.3439,21.3904,21.4369,21.508,21.5841,21.6552,21.7017,21.7567,21.8574,21.9581,22.013,22.0595,22.1307,22.2067,22.2863,22.3709,22.48,22.5892,22.6737,22.7533,22.8294,22.909,22.985,23.0562,23.0942,23.1027,23.1027,23.1027,23.1027,23.1027,23.1027,23.0942,23.0562,22.9935,22.947,22.9005,22.8294,22.7533,22.6822,22.6442,22.6272,22.5892,22.5265,22.4885,22.4715,22.4335,22.3709,22.3328,22.3244,22.3244,22.3244,22.3244,22.3244,22.3244,22.3328,22.3709,22.442,22.518,22.5977,22.6737,22.7533,22.8378,22.9555,23.0942,23.2118,23.3048,23.414,23.5316,23.6542,23.7965,23.919,24.0366,24.1458,24.2303,24.3099,24.386,24.4656,24.5416,24.6128,24.6508,24.6508,24.6128,24.5501,24.5121,24.5036,24.4951,24.4571,24.386,24.3015,24.1838,24.0366,23.881,23.7338,23.6161,23.5231,23.4055,23.2583,23.1027,22.947,22.7913,22.6357,22.48,22.3328,22.2152,22.1222,22.0046,21.8659,21.7482,21.657,21.5514,21.4457,21.3563,21.2422,21.0985,20.9464,20.7944,20.6422,20.4901,20.3467,20.2326,20.1432,20.0293,19.8942,19.7802,19.6909,19.577,19.4335,19.2817,19.1298,18.9695,18.7881,18.6115,18.4929,18.4171,18.3831,18.37,18.336,18.2772,18.2518,18.2938,18.4071,18.5499,18.6717,18.7604,18.8443,18.933,19.0549,19.2065,19.3581,19.4801,19.5691,19.6617,19.7888,19.9737,20.1636,20.3324,20.4928,20.6532,20.8138,20.9828,21.1814,21.4132,21.6499,21.8733,22.0342,22.1409,22.2552,22.3612,22.4131,22.4269,22.4324,22.4378,22.4434,22.4489,22.4545,22.4601,22.4658,22.4715,22.4772,22.483,22.4887,22.4945,22.5003,22.5061,22.5035,22.4713,22.406,22.3357,22.2619,22.1917,22.1263,22.0855,22.0448,21.9793,21.9089,21.8434,21.8024,21.7614,21.6957,21.6249,21.5505,21.4797,21.4051,21.3341,21.2593,21.188,21.113,21.0415,20.9662,20.8945,20.819,20.7385,20.6246,20.4811,20.3289,20.185,20.079,20.027,19.9833,19.9232,19.8876,19.8813,19.8833,19.8851,19.8952,19.9346,20.007,20.084,20.1558,20.2029,20.2497,20.3125,20.3589,20.4053,20.4677,20.5137,20.5681,20.6681,20.7681,20.8222,20.8762,20.9756,21.0751,21.1287,21.1823,21.2814,21.3803,21.4335,21.4781,21.5388,21.5832,21.6275,21.6962,21.7699,21.8385,21.8739,21.8797,21.8854,21.9291,22.0268,22.1244,22.1678,22.1731,22.1698,22.1665,22.163,22.1681,22.2025,22.2701,22.3424,22.4098,22.4441,22.4487,22.4448,22.4409,22.4369,22.4414,22.4754,22.5425,22.6144,22.6898,22.7702,22.8751,22.9801,23.0604,23.1272,23.1694,23.2116,23.27,23.3037,23.3078,23.3035,23.2907,23.2398,23.1348,23.0213,22.9325,22.857,22.8146,22.7933,22.751,22.6756,22.5952,22.5114,22.4311,22.3557,22.3049,22.2542,22.1875,22.1368,22.0862,22.0108,21.9307,21.8556,21.805,21.7545,21.6878,21.6373,21.5869,21.5119,21.4234,21.3104,21.1974,21.1091,21.0257,20.9458,20.8625,20.7743,20.6614,20.5487,20.4521,20.3308,20.1801,20.0209,19.8702,19.7575,19.7077,19.6957,19.6838,19.6425,19.5764,19.5351,19.5233,19.52,19.5168,19.5135,19.4933,19.4141,19.2857,19.2065,19.1864,19.1918,19.2267,19.2863,19.3298,19.3731,19.4328,19.4678,19.4819,19.5339,19.6696,19.8385,19.9666,20.0814,20.1876,20.2692,20.3376,20.3812,20.4249,20.4847,20.5283,20.572,20.6404,20.7222,20.8286,20.9264,20.9702,20.9759,20.9817,21.017,21.0769,21.1207,21.1645,21.2244,21.2682,21.3121,21.3721,21.4159,21.4598,21.5282,21.6017,21.6701,21.7055,21.7199,21.7552,21.8153,21.8507

Brightness max : 484.92
Brightness min : 223.00
Feature direction : Ambiguous
Feature speed : Slow
Feature type : Curve
Start frame : 1
End frame : 166
Start time (s) : 0.000
End time (s) : 166.000
Time step (s) : 1.006

Feature number : 4

Time (s) : 122.1785,122.2586,122.3819,122.5633,122.7496,122.9147,123.0713,123.2279,123.3845,123.5326,123.6509,123.7359,123.8161,123.9011,124.0194,124.1589,124.2773,124.3708,124.4892,124.6287,124.747,124.8406,124.959,125.107,125.255,125.3735,125.467,125.5768,125.6866,125.7802,125.8985,126.038,126.1564,126.25,126.3683,126.5078,126.6262,126.7197,126.8381,126.9862,127.1427,127.2993,127.456,127.6125,127.7691,127.9257,128.0823,128.2389,128.3955,128.5607,128.764,129.0304,129.3265,129.5929,129.7963,129.9614,130.1181,130.2746,130.4312,130.5879,130.7444,130.901,131.0576,131.2142,131.3708,131.5274,131.684,131.8405,131.9972,132.1538,132.3103,132.467,132.6235,132.7801,132.9368,133.0933,133.2499,133.398,133.5163,133.6099,133.7283,133.8677,133.9861,134.0797,134.1895,134.2993,134.3928,134.5113,134.6508,134.7691,134.8626,134.9725,135.0823,135.1758,135.2942,135.4422,135.5988,135.7555,135.912,136.0686,136.2252,136.3818,136.5384,136.695,136.8516,137.0081,137.1903,137.4873,137.9478,138.4082,138.7052,138.8874,139.0439,139.192,139.3103,139.4038,139.5222,139.6703,139.8269,139.9835,140.1316,140.2499,140.3349,140.4151,140.4915,140.5716,140.6481,140.7282,140.8132,140.923,141.0329,141.1264,141.2447,141.3928,141.5494,141.706,141.8626,142.0107,142.129,142.214,142.2856,142.3238,142.341,142.3792,142.4423,142.4805,142.489,142.4975,142.5443,142.6456,142.7469,142.7937,142.8108,142.849,142.912,142.9503,142.9587,142.9587,142.9673,143.0055,143.0686,143.1154,143.1621,143.2252,143.272,143.3187,143.3903,143.4753,143.5937,143.7333,143.8516,143.9451,144.0634,144.2115,144.3596,144.4779,144.5715,144.6728,144.7358,144.7281,144.7452,144.8464,144.9945,145.1511,145.3076,145.4643,145.6209,145.7774,145.9341,146.0906,146.2473,146.4039,146.5604,146.7171,146.8736,147.0302,147.1869,147.3434,147.5,147.6566,147.8132,147.9698,148.1264,148.283,148.4395,148.5962,148.7528,148.9093,149.066,149.214,149.3324,149.4259,149.5358,149.6455,149.7305,149.8107,149.8872,149.9672,150.0438,150.1239,150.2174,150.374,150.5766,150.7332,150.8352,150.9622,151.1399,151.3213,151.4531,151.58,151.728,151.8847,152.0412,152.1893,152.3077,152.3927,152.4728,152.5578,152.6676,152.7859,152.9092,153.0439,153.1289,153.1842,153.2558,153.3408,153.4592,153.5987,153.7085,153.7638,153.8191,153.9289,154.0769,154.225,154.3433,154.4369,154.5468,154.6566,154.7416,154.8217,154.8981,154.9698,155.0166,155.0633,155.1349,155.2114,155.2915,155.3679,155.448,155.5331,155.6514,155.791,155.9093,156.0028,156.1127,156.2225,156.3161,156.4344,156.5739,156.6923,156.7858,156.8957,156.997,157.0523,157.0991,157.162,157.2088,157.2556,157.3187,157.3655,157.4122,157.4753,157.5135,157.5305,157.5688,157.6319,157.6701,157.6872,157.734,157.8353,157.945,158.03,158.1102,158.1867,158.2667,158.3517,158.4702,158.6097,158.728,158.8215,158.94,159.088,159.2446,159.4012,159.5493,159.6676,159.7611,159.8795,160.0275,160.1842,160.3407,160.4973,160.654,160.8105,160.9671,161.1237,161.2803,161.4369,161.5849,161.7033,161.7969,161.9066,162.0165,162.1101,162.2284,162.3764,162.5331,162.6896,162.8463,163.0029,163.1594,163.3161,163.4641,163.5824,163.676,163.7859,163.8871

Position (um) : 3.5734,3.5783,3.59,3.6048,3.6173,3.6272,3.6389,3.6505,3.6596,3.6681,3.6762,3.6847,3.6928,3.7004,3.7044,3.7062,3.7103,3.7179,3.726,3.7345,3.7426,3.7511,3.7601,3.7718,3.7834,3.7924,3.8,3.805,3.8099,3.8175,3.8257,3.8341,3.8423,3.8499,3.8539,3.8557,3.8598,3.8665,3.8705,3.8714,3.8714,3.8714,3.8723,3.8764,3.8831,3.8871,3.888,3.888,3.888,3.888,3.888,3.888,3.888,3.888,3.888,3.888,3.888,3.888,3.888,3.888,3.888,3.888,3.888,3.888,3.888,3.888,3.888,3.888,3.888,3.888,3.888,3.888,3.888,3.888,3.888,3.888,3.888,3.8889,3.893,3.8997,3.9037,3.9056,3.9096,3.9163,3.9212,3.9262,3.9329,3.937,3.9388,3.9428,3.9495,3.9545,3.9594,3.9661,3.9702,3.972,3.976,3.9827,3.9868,3.9886,3.9926,3.9993,4.0043,4.0093,4.0159,4.02,4.0209,4.0209,4.0209,4.0209,4.0209,4.0209,4.0209,4.02,4.0159,4.0093,4.0052,4.0034,3.9984,3.9877,3.976,3.967,3.9585,3.9504,3.9419,3.9338,3.9253,3.9172,3.9096,3.9046,3.8997,3.893,3.8889,3.8871,3.8831,3.8764,3.8723,3.8723,3.8764,3.884,3.893,3.9056,3.9204,3.9329,3.9428,3.9554,3.9711,3.9877,4.0052,4.0259,4.0492,4.0698,4.0873,4.1039,4.1206,4.1372,4.1538,4.1704,4.1861,4.1986,4.2086,4.2202,4.2319,4.2418,4.2534,4.2651,4.2741,4.2826,4.2907,4.2992,4.3073,4.3149,4.319,4.3199,4.3208,4.3248,4.3315,4.3356,4.3374,4.3414,4.3481,4.3522,4.3531,4.3531,4.3531,4.3531,4.3531,4.3531,4.3531,4.3531,4.3531,4.3531,4.3531,4.3531,4.3531,4.3531,4.3531,4.3531,4.3531,4.3531,4.3531,4.3531,4.3531,4.3531,4.3531,4.3531,4.3531,4.3531,4.3531,4.3522,4.3481,4.3414,4.3365,4.3315,4.3239,4.3158,4.3073,4.2992,4.2907,4.2826,4.2732,4.261,4.2458,4.2337,4.2252,4.2202,4.2143,4.2036,4.1929,4.187,4.182,4.1753,4.1713,4.1695,4.1654,4.1578,4.1497,4.1412,4.1322,4.1206,4.1089,4.099,4.0873,4.0757,4.0658,4.0541,4.0425,4.0326,4.02,4.0052,3.9926,3.9836,3.976,3.9711,3.9661,3.9585,3.9495,3.9379,3.9262,3.9172,3.9087,3.8997,3.888,3.8764,3.8674,3.8589,3.8499,3.8373,3.8225,3.8109,3.8059,3.8041,3.8,3.7933,3.7884,3.7834,3.7758,3.7677,3.7592,3.7511,3.7435,3.7404,3.7444,3.7552,3.7668,3.7767,3.7884,3.8,3.8099,3.8216,3.8332,3.8432,3.8557,3.8705,3.8831,3.893,3.9056,3.9212,3.937,3.9495,3.9585,3.967,3.9751,3.9836,3.9917,4.0002,4.0093,4.0218,4.0366,4.0492,4.0582,4.0658,4.0698,4.0707,4.0716,4.0757,4.0824,4.0864,4.0873,4.0873,4.0873,4.0873,4.0873,4.0873,4.0873,4.0873,4.0873,4.0873,4.0864,4.0824,4.0757,4.0707,4.0658,4.0591,4.055,4.0541,4.0532,4.0492,4.0425,4.0384,4.0375,4.0375,4.0366,4.0326,4.0259,4.0218,4.0209

Intensity : 295.4946,294.6237,292.1925,289.252,287.069,286.5097,286.4427,286.3599,286.687,286.9535,286.8867,286.3149,285.8119,285.4449,286.15,287.5405,288.2145,287.8579,287.6734,287.6248,287.8135,287.4405,287.1928,286.7671,286.2782,285.8895,285.4787,285.6147,285.7313,285.0206,283.7702,282.4761,281.2595,280.3208,279.9013,279.8143,279.4111,278.6402,277.5897,276.4627,275.3942,274.325,273.1617,271.6958,270.1059,270.3694,270.9235,271.5653,272.2067,272.8836,273.7167,273.0971,272.3791,271.7333,271.44,272.5166,273.5382,274.5591,275.5807,276.6022,277.6231,276.9311,275.7356,274.5393,273.343,272.1475,270.9512,270.6599,272.0612,273.4625,274.8629,276.2642,277.6646,279.0659,278.7228,278.237,277.7509,277.208,276.4796,275.6101,274.9211,274.6414,274.4171,273.9467,273.6374,273.328,272.8567,272.6324,272.6181,272.3937,271.6318,270.7859,269.9506,269.0484,268.2742,267.5743,266.6746,265.5879,265.4534,265.8791,266.1225,266.1436,266.2857,266.413,266.3797,266.5536,267.076,268.0548,269.0791,268.79,268.6035,268.3308,267.8148,267.3917,267.2865,267.4395,267.3142,266.9255,266.7098,266.5535,266.4573,266.3393,266.365,266.3835,266.6955,267.0539,267.4746,267.8324,268.1075,268.6556,269.3912,270.2134,270.7986,271.2116,271.7905,272.5085,273.1094,274.4587,275.3135,275.7067,275.9467,275.7242,275.2033,275.0461,275.3327,275.2625,274.7232,274.1482,274.0169,274.4649,274.8508,274.5491,273.9582,273.6513,273.8117,273.5651,272.8603,271.7014,270.4605,269.8796,269.8364,269.4072,268.9567,268.8456,268.3535,267.8388,267.7891,267.8977,268.4058,269.0757,269.5071,268.4926,267.7446,267.2736,266.8102,266.1286,265.2862,264.6995,264.4093,264.0677,263.4483,262.9285,262.9531,263.1088,263.2644,263.4201,263.5758,263.7314,263.696,263.3848,263.0734,262.762,262.4508,262.1394,261.8282,262.3454,262.8756,263.4055,263.9356,264.4655,264.9957,265.0009,264.5952,264.1891,263.7834,263.3773,262.9713,262.5403,261.949,261.4608,261.336,261.5223,261.5215,261.5303,261.8558,262.2526,262.7073,262.9831,263.3086,263.595,263.9395,264.3621,265.1073,265.8511,266.4626,266.7268,267.1806,268.2606,269.4422,270.0309,270.4911,271.1816,270.9084,270.2798,270.0946,270.57,271.1722,271.758,272.2012,272.8587,273.4039,273.882,274.8675,276.0234,276.8946,277.9243,278.7155,279.2827,280.379,282.0356,283.4487,284.135,282.7055,280.9034,279.5669,278.9397,278.1825,277.7169,277.6881,277.441,277.2037,277.6266,278.7827,279.9286,280.6062,281.1803,281.7835,282.8063,284.0683,284.952,284.8715,284.3038,284.1324,284.5896,284.8021,284.9855,285.492,285.9144,286.2334,286.5419,286.8637,286.6449,286.4402,285.78,284.9937,284.4791,283.7142,282.9603,282.4804,281.7469,281.0245,280.5871,279.7938,278.6638,277.8714,277.4733,276.68,275.4751,274.4758,274.123,274.1156,273.7372,273.372,272.9587,272.5931,272.2147,271.925,271.4205,270.6426,269.9562,269.6,268.9875,268.7251,268.7873,268.841,268.5406,267.945,267.6435,267.8445,268.3116,268.7784,269.2455,269.7126,270.1794,270.635,270.8508,271.0666,271.2825,271.5893,272.2298,273.1602,273.9342,274.2583,274.3325,273.8658,272.79,271.6464,270.8576,270.3632,269.8865,270.3236,270.66,271.0841,271.8182,272.8197,273.5542,273.8961

Time pixel : 121.4498,121.5294,121.652,121.8323,122.0175,122.1816,122.3373,122.4929,122.6486,122.7958,122.9134,122.9979,123.0776,123.1621,123.2797,123.4184,123.5361,123.629,123.7467,123.8854,124.003,124.096,124.2137,124.3608,124.508,124.6257,124.7187,124.8278,124.937,125.03,125.1476,125.2863,125.404,125.497,125.6146,125.7533,125.871,125.9639,126.0816,126.2288,126.3844,126.5401,126.6958,126.8514,127.0071,127.1627,127.3184,127.4741,127.6297,127.7939,127.996,128.2608,128.5552,128.82,129.0222,129.1863,129.342,129.4976,129.6533,129.809,129.9646,130.1203,130.2759,130.4316,130.5873,130.7429,130.8986,131.0542,131.2099,131.3656,131.5212,131.6769,131.8325,131.9882,132.1439,132.2995,132.4552,132.6024,132.72,132.813,132.9307,133.0693,133.187,133.28,133.3892,133.4983,133.5913,133.709,133.8477,133.9653,134.0583,134.1675,134.2766,134.3696,134.4873,134.6344,134.7901,134.9458,135.1014,135.2571,135.4127,135.5684,135.7241,135.8797,136.0354,136.191,136.3721,136.6673,137.125,137.5827,137.8779,138.059,138.2146,138.3618,138.4794,138.5724,138.6901,138.8373,138.9929,139.1486,139.2958,139.4134,139.4979,139.5776,139.6536,139.7332,139.8092,139.8889,139.9734,140.0825,140.1917,140.2847,140.4023,140.5495,140.7052,140.8608,141.0165,141.1637,141.2813,141.3658,141.437,141.475,141.492,141.53,141.5927,141.6307,141.6392,141.6476,141.6941,141.7948,141.8955,141.942,141.959,141.997,142.0596,142.0977,142.1061,142.1061,142.1146,142.1526,142.2153,142.2618,142.3083,142.371,142.4175,142.4639,142.5351,142.6196,142.7373,142.876,142.9936,143.0866,143.2042,143.3514,143.4986,143.6162,143.7092,143.8099,143.8726,143.8649,143.8819,143.9825,144.1297,144.2854,144.441,144.5967,144.7524,144.908,145.0637,145.2193,145.375,145.5307,145.6863,145.842,145.9976,146.1533,146.309,146.4646,146.6203,146.7759,146.9316,147.0873,147.2429,147.3986,147.5542,147.7099,147.8656,148.0212,148.1769,148.3241,148.4417,148.5347,148.6439,148.753,148.8375,148.9172,148.9932,149.0728,149.1489,149.2285,149.3215,149.4771,149.6785,149.8342,149.9356,150.0618,150.2385,150.4188,150.5498,150.6759,150.8231,150.9788,151.1344,151.2816,151.3993,151.4838,151.5634,151.6479,151.7571,151.8747,151.9972,152.1311,152.2156,152.2706,152.3417,152.4262,152.5439,152.6826,152.7917,152.8467,152.9017,153.0108,153.158,153.3052,153.4228,153.5158,153.625,153.7342,153.8187,153.8983,153.9743,154.0455,154.092,154.1385,154.2096,154.2857,154.3653,154.4413,154.5209,154.6055,154.7231,154.8618,154.9794,155.0724,155.1816,155.2908,155.3838,155.5014,155.6401,155.7578,155.8507,155.9599,156.0606,156.1156,156.1621,156.2247,156.2712,156.3177,156.3804,156.4269,156.4734,156.5361,156.5741,156.591,156.629,156.6917,156.7297,156.7467,156.7932,156.8939,157.003,157.0875,157.1672,157.2432,157.3228,157.4073,157.525,157.6637,157.7813,157.8743,157.992,158.1392,158.2948,158.4505,158.5977,158.7153,158.8083,158.9259,159.0731,159.2288,159.3844,159.5401,159.6958,159.8514,160.0071,160.1627,160.3184,160.4741,160.6212,160.7389,160.8319,160.941,161.0502,161.1432,161.2608,161.408,161.5637,161.7193,161.875,162.0307,162.1863,162.342,162.4892,162.6068,162.6998,162.809,162.9096

Position pixel : 33.4898,33.5363,33.6455,33.7842,33.9019,33.9948,34.104,34.2132,34.2977,34.3773,34.4533,34.533,34.609,34.6802,34.7182,34.7351,34.7731,34.8443,34.9203,35,35.076,35.1556,35.2401,35.3493,35.4585,35.543,35.6141,35.6606,35.7071,35.7783,35.8543,35.9339,36.0099,36.0811,36.1191,36.1361,36.1741,36.2368,36.2748,36.2833,36.2833,36.2833,36.2917,36.3297,36.3924,36.4304,36.4389,36.4389,36.4389,36.4389,36.4389,36.4389,36.4389,36.4389,36.4389,36.4389,36.4389,36.4389,36.4389,36.4389,36.4389,36.4389,36.4389,36.4389,36.4389,36.4389,36.4389,36.4389,36.4389,36.4389,36.4389,36.4389,36.4389,36.4389,36.4389,36.4389,36.4389,36.4474,36.4854,36.5481,36.5861,36.6031,36.6411,36.7037,36.7502,36.7967,36.8594,36.8974,36.9144,36.9524,37.0151,37.0616,37.1081,37.1707,37.2087,37.2257,37.2637,37.3264,37.3644,37.3814,37.4194,37.482,37.5285,37.575,37.6377,37.6757,37.6842,37.6842,37.6842,37.6842,37.6842,37.6842,37.6842,37.6757,37.6377,37.575,37.537,37.5201,37.4736,37.3729,37.2637,37.1792,37.0996,37.0235,36.9439,36.8679,36.7882,36.7122,36.6411,36.5946,36.5481,36.4854,36.4474,36.4304,36.3924,36.3297,36.2917,36.2917,36.3297,36.4009,36.4854,36.6031,36.7418,36.8594,36.9524,37.07,37.2172,37.3729,37.537,37.7307,37.949,38.1427,38.3068,38.4625,38.6182,38.7738,38.9295,39.0851,39.2323,39.35,39.443,39.5521,39.6613,39.7543,39.8634,39.9726,40.0571,40.1368,40.2128,40.2924,40.3684,40.4396,40.4776,40.4861,40.4946,40.5326,40.5953,40.6333,40.6502,40.6882,40.7509,40.7889,40.7974,40.7974,40.7974,40.7974,40.7974,40.7974,40.7974,40.7974,40.7974,40.7974,40.7974,40.7974,40.7974,40.7974,40.7974,40.7974,40.7974,40.7974,40.7974,40.7974,40.7974,40.7974,40.7974,40.7974,40.7974,40.7974,40.7974,40.7889,40.7509,40.6882,40.6417,40.5953,40.5241,40.4481,40.3684,40.2924,40.2128,40.1368,40.0486,39.9346,39.7923,39.6783,39.5986,39.5521,39.4971,39.3965,39.2958,39.2408,39.1943,39.1316,39.0936,39.0767,39.0386,38.9675,38.8915,38.8118,38.7273,38.6182,38.509,38.416,38.3068,38.1977,38.1047,37.9955,37.8864,37.7934,37.6757,37.537,37.4194,37.3349,37.2637,37.2172,37.1707,37.0996,37.0151,36.9059,36.7967,36.7122,36.6326,36.5481,36.4389,36.3297,36.2452,36.1656,36.0811,35.9635,35.8248,35.7156,35.6691,35.6521,35.6141,35.5514,35.505,35.4585,35.3873,35.3113,35.2316,35.1556,35.0845,35.0549,35.0929,35.1936,35.3028,35.3958,35.505,35.6141,35.7071,35.8163,35.9254,36.0184,36.1361,36.2748,36.3924,36.4854,36.6031,36.7502,36.8974,37.0151,37.0996,37.1792,37.2552,37.3349,37.4109,37.4905,37.575,37.6927,37.8314,37.949,38.0335,38.1047,38.1427,38.1512,38.1597,38.1977,38.2603,38.2984,38.3068,38.3068,38.3068,38.3068,38.3068,38.3068,38.3068,38.3068,38.3068,38.3068,38.2984,38.2603,38.1977,38.1512,38.1047,38.042,38.004,37.9955,37.987,37.949,37.8864,37.8483,37.8399,37.8399,37.8314,37.7934,37.7307,37.6927,37.6842

Brightness max : 484.92
Brightness min : 223.00
Feature direction : Ambiguous
Feature speed : Slow
Feature type : Curve
Start frame : 1
End frame : 166
Start time (s) : 0.000
End time (s) : 166.000
Time step (s) : 1.006

Feature number : 5

Time (s) : 130.1701,130.1649,130.1595,130.1542,130.1489,130.1435,130.1382,130.1328,130.1274,130.122,130.125,130.1578,130.2239,130.2948,130.3695,130.4404,130.5149,130.5943,130.7071,130.8495,130.9918,131.1045,131.2009,131.3431,131.5102,131.6276,131.7104,131.7809,131.8551,131.9256,131.9996,132.0785,132.1908,132.3327,132.4745,132.5866,132.6738,132.7857,132.9188,133.0222,133.071,133.1196,133.2142,133.3088,133.3573,133.4057,133.5001,133.6028,133.6893,133.8005,133.9413,134.0906,134.2399,134.389,134.5381,134.687,134.8274,134.9381,135.0238,135.1257,135.2276,135.3046,135.3766,135.4534,135.5636,135.7034,135.843,135.953,136.0295,136.1011,136.1691,136.2406,136.3084,136.3797,136.4561,136.5571,136.6582,136.743,136.8525,136.9918,137.1396,137.2874,137.4267,137.5363,137.6211,137.7308,137.8703,138.0183,138.1664,138.306,138.416,138.5012,138.6114,138.7428,138.8533,138.939,139.0496,139.1901,139.3308,139.4419,139.5283,139.6399,139.7811,139.9312,140.0816,140.232,140.3828,140.5252,140.6381,140.7265,140.8315,140.9366,141.0172,141.0933,141.1659,141.2424,141.3157,141.3928,141.4752,141.5827,141.6904,141.7736,141.8524,141.9363,142.0453,142.1461,142.2012,142.2484,142.3213,142.3998,142.4743,142.5163,142.5292,142.543,142.5873,142.6571,142.7027,142.728,142.775,142.8559,142.9508,143.0712,143.192,143.2885,143.3805,143.4778,143.6003,143.7231,143.8384,144.0085,144.2333,144.442,144.6126,144.745,144.8527,144.9853,145.1391,145.2716,145.3707,145.4649,145.5555,145.6494,145.7397,145.8335,145.9234,146.0168,146.115,146.2378,146.3605,146.4581,146.542,146.601,146.6598,146.7347,146.7846,146.8132,146.8627,146.9368,146.986,147.0052,147.0159,147.0349,147.0919,147.2034,147.3233,147.4182,147.5081,147.5942,147.6754,147.7316,147.7878,147.8601,147.9076,147.9252,147.9428,147.99,148.0706,148.1644,148.2831,148.4017,148.4954,148.5842,148.6779,148.8048,148.9614,149.1208,149.2688,149.3872,149.4807,149.599,149.7471,149.9038,150.0603,150.2084,150.3268,150.4202,150.5301,150.6399,150.7335,150.8518,150.9913,151.1098,151.2032,151.3216,151.4697,151.6262,151.7829,151.9395,152.096,152.2527,152.4092,152.5658,152.7225,152.8705,152.9889,153.0824,153.2007,153.3488,153.5054,153.6534,153.7718,153.8654,153.9837,154.1232,154.2416,154.3352,154.4535,154.6016,154.7581,154.9147,155.0628,155.1811,155.2747,155.3845,155.4943,155.5879,155.7063,155.8543,156.0023,156.1207,156.2143,156.3326,156.4807,156.6373,156.7939,156.9505,157.0986,157.2169,157.3019,157.3821,157.4671,157.5768,157.6867,157.7802,157.89,157.9998,158.0934,158.2118,158.3598,158.5164,158.6731,158.8381,159.033,159.2526,159.4475,159.6126,159.7692,159.9257,160.0824,160.239,160.3955,160.5522,160.7087,160.8653,161.022,161.1785,161.3351,161.4832,161.6015,161.6951,161.8134,161.9615,162.1181,162.2746,162.4313,162.5879,162.7444,162.9011,163.0576,163.2142,163.3709,163.5274,163.684,163.8406,163.9972,164.1538,164.3104,164.467,164.6321,164.827,165.0381,165.1947,165.2882,165.3683,165.4448,165.5164,165.5546

Position (um) : 2.4808,2.4681,2.445,2.4158,2.3918,2.3741,2.3583,2.3424,2.3266,2.3108,2.2958,2.284,2.2758,2.2681,2.2608,2.253,2.2457,2.2389,2.2357,2.2356,2.2373,2.243,2.2555,2.272,2.2885,2.3019,2.3118,2.3211,2.3301,2.3394,2.3484,2.3568,2.3627,2.3685,2.377,2.386,2.3954,2.4044,2.4138,2.4237,2.4363,2.448,2.4548,2.4616,2.4733,2.4851,2.4919,2.4979,2.5055,2.5115,2.5175,2.5252,2.5303,2.5323,2.5334,2.5335,2.5297,2.52,2.5086,2.4957,2.4785,2.4639,2.4552,2.4478,2.44,2.4295,2.419,2.4112,2.4039,2.397,2.3897,2.3828,2.3756,2.3678,2.3574,2.3469,2.3392,2.3319,2.3251,2.3187,2.3159,2.3162,2.3166,2.3138,2.3083,2.3046,2.3008,2.2954,2.2925,2.2919,2.289,2.2835,2.2806,2.28,2.277,2.2714,2.2685,2.2686,2.2688,2.2658,2.2592,2.2511,2.2404,2.2297,2.2207,2.209,2.195,2.1833,2.175,2.1663,2.154,2.1363,2.1212,2.111,2.099,2.0847,2.0726,2.064,2.0559,2.0472,2.0358,2.0244,2.0147,2.0032,1.9917,1.9818,1.9693,1.9535,1.9376,1.9248,1.9145,1.9014,1.885,1.8686,1.8552,1.8443,1.8307,1.8138,1.796,1.7781,1.7609,1.7469,1.7363,1.7262,1.7164,1.7071,1.7003,1.6935,1.685,1.679,1.6761,1.6742,1.6731,1.6761,1.6848,1.6944,1.7024,1.712,1.7216,1.7287,1.7352,1.7413,1.7479,1.7549,1.7656,1.7794,1.7932,1.804,1.8112,1.8179,1.8251,1.8359,1.8499,1.8649,1.8807,1.9016,1.9332,1.9738,2.0112,2.0363,2.0532,2.0683,2.0844,2.1045,2.1313,2.1613,2.1882,2.2084,2.2246,2.2389,2.2501,2.2587,2.27,2.2844,2.2988,2.3101,2.3178,2.3251,2.3329,2.3433,2.3537,2.3615,2.3678,2.3707,2.3704,2.37,2.3691,2.365,2.3583,2.3534,2.3475,2.3368,2.326,2.3201,2.3152,2.3085,2.3035,2.2986,2.2919,2.2878,2.286,2.282,2.2753,2.2712,2.2703,2.2703,2.2703,2.2703,2.2703,2.2703,2.2703,2.2703,2.2703,2.2712,2.2753,2.2829,2.291,2.2995,2.3076,2.3161,2.3242,2.3327,2.3408,2.3493,2.3583,2.37,2.3816,2.3906,2.3991,2.4072,2.4157,2.4239,2.4314,2.4364,2.4414,2.449,2.4571,2.4647,2.4696,2.4746,2.4813,2.4853,2.4862,2.4853,2.4813,2.4746,2.4696,2.4647,2.4571,2.449,2.4414,2.4364,2.4305,2.4198,2.4082,2.3991,2.3906,2.3825,2.374,2.365,2.3534,2.3426,2.3368,2.3318,2.3251,2.3201,2.3152,2.3085,2.3035,2.2986,2.291,2.2829,2.2753,2.2703,2.2654,2.2587,2.2546,2.2528,2.2487,2.2421,2.238,2.2371,2.2362,2.2321,2.2255,2.2214,2.2205,2.2196,2.2155,2.2088,2.2048,2.2039,2.2039,2.2039,2.2039,2.2039,2.2039,2.2048,2.2107,2.2255,2.2438,2.2569,2.2663,2.2753,2.2878,2.3026,2.3143

Intensity : 300.8964,298.1156,293.7651,289.5459,286.0733,283.4982,281.178,279.0709,277.4364,275.7993,274.3394,273.5102,273.3908,273.3846,273.4671,273.4825,273.5845,273.8256,274.7847,276.1781,277.5853,279.1366,281.2689,284.3013,287.668,290.2888,292.2174,293.9904,295.6596,297.4174,299.281,301.4511,303.6007,306.1361,309.228,312.182,315.0023,318.1384,320.7437,323.3989,326.3952,329.2742,331.5657,334.3733,338.3321,342.3567,345.4041,348.3268,351.6996,354.8677,358.5901,363.1156,366.8431,369.5206,371.9,373.9562,374.1592,371.0237,367.0265,362.5167,356.2504,350.8617,347.6954,345.4819,343.283,340.2997,337.7696,337.0847,335.9143,334.7473,333.3403,332.0843,330.5827,328.9075,326.295,324.0094,323.2293,322.3099,322.2264,323.846,326.7287,330.5648,334.1889,336.0754,336.497,338.0701,339.7503,339.7679,340.5978,342.0511,342.3758,341.4793,341.7417,343.0075,342.9534,341.0125,340.0082,340.1404,340.2696,339.2108,336.8205,333.8744,329.923,327.3958,325.7084,323.2793,320.2365,317.809,316.2076,314.3394,311.5575,307.0409,304.1881,302.4737,300.3996,297.8901,295.8006,294.4153,293.1453,291.864,290.0562,288.332,287.4344,287.0743,287.0321,287.0812,286.1392,284.6429,283.4526,282.7287,282.3562,281.2611,279.3778,277.4832,276.32,275.7493,274.5263,272.6386,271.3256,270.3158,268.8829,267.9957,267.5703,267.1773,266.8749,266.7238,266.9792,267.2644,267.416,269.3543,272.4497,275.362,277.7755,279.9266,282.1558,283.2559,284.1586,285.0531,285.7522,286.3204,286.8655,287.4095,287.9781,288.596,289.0707,289.4763,289.8644,289.9782,289.8956,289.8852,289.9595,290.3331,290.8866,291.4286,292.1221,293.1808,295.595,299.8765,304.0263,308.402,313.1296,317.2453,321.1843,325.5515,331.4858,342.4549,352.2984,359.1982,364.361,369.1202,373.4213,376.2261,380.8096,387.5082,394.2063,398.8183,401.0881,402.8531,404.3919,407.1865,410.4463,412.4842,413.7032,412.5482,410.151,408.653,407.0384,404.3767,400.9211,398.1196,394.9125,389.5438,384.1247,380.8143,378.0946,374.8681,372.2653,369.693,366.5679,364.3648,362.9242,360.7357,357.6834,355.5147,354.3929,353.5717,352.75,351.6378,349.4594,347.2796,345.1012,342.9214,340.7416,339.0222,339.3033,341.3189,343.2855,345.084,346.6172,348.3265,350.1286,352.2722,353.4351,353.8396,354.9214,357.3575,359.1815,359.326,358.9893,358.393,359.4624,360.7645,362.1214,362.3834,362.606,363.8133,364.8057,365.2372,365.2564,365.8632,367.139,367.3891,366.4483,364.9142,362.5194,359.5946,358.5632,357.5428,355.8393,353.9429,352.2003,351.2993,350.2176,347.9001,345.538,343.8653,342.1982,340.7203,339.2545,337.6709,335.4008,333.3585,332.9814,333.4723,333.3317,333.389,333.3791,332.931,332.9962,333.0649,332.4432,331.6622,330.9954,330.9939,330.6887,329.5108,329.0455,329.1403,328.5658,327.2625,326.738,327.1058,327.35,326.8106,325.606,325.0394,325.2504,325.4592,325.0964,324.2856,324.1612,324.8264,325.7124,326.5977,327.3309,326.9712,326.6118,326.4539,327.3756,330.137,333.1458,334.2945,335.309,336.3888,338.128,340.3398,342.195

Time pixel : 129.3938,129.3885,129.3833,129.378,129.3727,129.3673,129.362,129.3566,129.3513,129.3459,129.3489,129.3815,129.4472,129.5177,129.5919,129.6624,129.7365,129.8154,129.9275,130.0691,130.2105,130.3226,130.4184,130.5597,130.7259,130.8425,130.9248,130.9949,131.0687,131.1387,131.2123,131.2908,131.4024,131.5435,131.6844,131.7958,131.8825,131.9938,132.1261,132.2288,132.2773,132.3256,132.4197,132.5137,132.5619,132.6101,132.7039,132.806,132.8919,133.0025,133.1424,133.2909,133.4393,133.5875,133.7357,133.8837,134.0233,134.1333,134.2184,134.3198,134.4211,134.4976,134.5692,134.6455,134.7551,134.894,135.0328,135.1421,135.2182,135.2894,135.3569,135.428,135.4954,135.5663,135.6423,135.7427,135.8432,135.9274,136.0363,136.1748,136.3217,136.4686,136.6071,136.716,136.8003,136.9094,137.048,137.1951,137.3423,137.4811,137.5904,137.6752,137.7847,137.9153,138.0251,138.1103,138.2203,138.36,138.4998,138.6102,138.6962,138.807,138.9474,139.0967,139.2461,139.3956,139.5455,139.6871,139.7993,139.8872,139.9915,140.096,140.1761,140.2517,140.3239,140.4,140.4729,140.5495,140.6314,140.7382,140.8453,140.9281,141.0064,141.0898,141.1982,141.2983,141.3531,141.4,141.4725,141.5505,141.6245,141.6663,141.6791,141.6929,141.7368,141.8062,141.8516,141.8767,141.9234,142.0038,142.0982,142.2179,142.338,142.4339,142.5253,142.6221,142.7438,142.8659,142.9805,143.1496,143.373,143.5805,143.7501,143.8817,143.9888,144.1206,144.2734,144.4051,144.5037,144.5973,144.6873,144.7807,144.8704,144.9637,145.0531,145.1459,145.2435,145.3656,145.4875,145.5846,145.668,145.7267,145.7851,145.8596,145.9092,145.9376,145.9868,146.0604,146.1094,146.1285,146.139,146.1579,146.2146,146.3254,146.4446,146.539,146.6283,146.7139,146.7946,146.8505,146.9063,146.9783,147.0254,147.0429,147.0604,147.1074,147.1874,147.2808,147.3987,147.5166,147.6097,147.6981,147.7911,147.9173,148.073,148.2314,148.3785,148.4962,148.5892,148.7068,148.854,149.0097,149.1653,149.3125,149.4302,149.5231,149.6323,149.7415,149.8345,149.9521,150.0908,150.2085,150.3014,150.4191,150.5663,150.7219,150.8776,151.0333,151.1889,151.3446,151.5002,151.6559,151.8116,151.9587,152.0764,152.1694,152.287,152.4342,152.5899,152.737,152.8547,152.9477,153.0653,153.204,153.3217,153.4147,153.5323,153.6795,153.8351,153.9908,154.138,154.2556,154.3486,154.4578,154.5669,154.6599,154.7776,154.9248,155.0719,155.1896,155.2826,155.4002,155.5474,155.7031,155.8587,156.0144,156.1616,156.2792,156.3637,156.4434,156.5279,156.637,156.7462,156.8392,156.9483,157.0575,157.1505,157.2682,157.4153,157.571,157.7267,157.8908,158.0845,158.3028,158.4965,158.6606,158.8163,158.9719,159.1276,159.2833,159.4389,159.5946,159.7502,159.9059,160.0616,160.2172,160.3729,160.5201,160.6377,160.7307,160.8483,160.9955,161.1512,161.3068,161.4625,161.6182,161.7738,161.9295,162.0851,162.2408,162.3965,162.5521,162.7078,162.8634,163.0191,163.1748,163.3304,163.4861,163.6502,163.8439,164.0538,164.2094,164.3024,164.382,164.4581,164.5292,164.5672

Position pixel : 23.2498,23.1308,22.9146,22.6407,22.416,22.2506,22.102,21.9534,21.805,21.6565,21.5165,21.4062,21.329,21.2566,21.1879,21.1157,21.0471,20.9833,20.9528,20.9518,20.9679,21.0219,21.1388,21.2935,21.4484,21.5739,21.6662,21.7536,21.8376,21.9252,22.0092,22.0884,22.1431,22.1978,22.2772,22.3616,22.4496,22.5342,22.6223,22.7154,22.8333,22.9428,23.0066,23.0706,23.1803,23.2901,23.3544,23.4102,23.4822,23.5382,23.5943,23.6667,23.7145,23.7329,23.7429,23.7444,23.7081,23.6177,23.5105,23.39,23.2286,23.0922,23.0099,22.9411,22.8675,22.7694,22.6713,22.598,22.5295,22.4648,22.3966,22.3321,22.2638,22.1909,22.0934,21.9958,21.9229,21.8549,21.7906,21.7311,21.7048,21.708,21.7111,21.6847,21.6336,21.5986,21.5636,21.5123,21.4856,21.4799,21.453,21.4013,21.3741,21.3679,21.3404,21.2881,21.2604,21.2619,21.2633,21.2348,21.1731,21.0978,20.9975,20.897,20.8124,20.7028,20.5719,20.4618,20.3845,20.3032,20.1872,20.0216,19.8802,19.7841,19.6716,19.5376,19.4242,19.3437,19.2676,19.1862,19.0798,18.973,18.8819,18.7741,18.666,18.5737,18.4562,18.3085,18.1596,18.0393,17.9425,17.82,17.6668,17.5126,17.387,17.2851,17.1575,16.9995,16.8323,16.6641,16.5037,16.3722,16.2731,16.1782,16.0863,15.9989,15.9356,15.8719,15.7916,15.7357,15.709,15.6906,15.6805,15.7083,15.7902,15.8804,15.9546,16.0449,16.1353,16.2011,16.2621,16.3197,16.3811,16.4475,16.5472,16.6767,16.8064,16.9068,16.9743,17.0372,17.1053,17.2066,17.3379,17.4778,17.6265,17.8218,18.1183,18.4985,18.8495,19.0839,19.2424,19.3842,19.5347,19.7233,19.9749,20.256,20.5079,20.6972,20.8487,20.9832,21.0885,21.1691,21.2745,21.4096,21.5447,21.6504,21.723,21.7909,21.8637,21.9612,22.0588,22.1318,22.1915,22.2181,22.2152,22.2116,22.2031,22.1651,22.1024,22.0559,22.0009,21.9002,21.7996,21.7446,21.6981,21.6354,21.5889,21.5424,21.4797,21.4417,21.4248,21.3868,21.3241,21.2861,21.2776,21.2776,21.2776,21.2776,21.2776,21.2776,21.2776,21.2776,21.2776,21.2861,21.3241,21.3952,21.4713,21.5509,21.6269,21.7066,21.7826,21.8622,21.9382,22.0179,22.1024,22.2116,22.3207,22.4052,22.4849,22.5609,22.6405,22.7166,22.7877,22.8342,22.8807,22.9518,23.0279,23.099,23.1455,23.192,23.2547,23.2927,23.3012,23.2927,23.2547,23.192,23.1455,23.099,23.0279,22.9518,22.8807,22.8342,22.7792,22.6785,22.5694,22.4849,22.4052,22.3292,22.2496,22.1651,22.0559,21.9552,21.9002,21.8537,21.7911,21.7446,21.6981,21.6354,21.5889,21.5424,21.4713,21.3952,21.3241,21.2776,21.2311,21.1684,21.1304,21.1135,21.0754,21.0128,20.9748,20.9663,20.9578,20.9198,20.8571,20.8191,20.8106,20.8021,20.7641,20.7014,20.6634,20.655,20.655,20.655,20.655,20.655,20.655,20.6634,20.7184,20.8571,21.0289,21.1515,21.2396,21.3241,21.4417,21.5804,21.6896

Brightness max : 484.92
Brightness min : 223.00
Feature direction : Ambiguous
Feature speed : Slow
Feature type : Curve
Start frame : 1
End frame : 166
Start time (s) : 0.000
End time (s) : 166.000
Time step (s) : 1.006

Feature number : 6

Time (s) : 47.8047,47.906,48.0158,48.1093,48.2192,48.329,48.4226,48.5324,48.6422,48.7358,48.8455,48.9468,49.0022,49.0489,49.1206,49.197,49.2771,49.3536,49.4337,49.5102,49.5903,49.6668,49.7469,49.8234,49.9035,49.9885,50.1068,50.2464,50.3648,50.4582,50.5681,50.678,50.7715,50.8813,50.9911,51.0847,51.203,51.3511,51.5077,51.6642,51.8123,51.9222,51.9775,52.0242,52.0958,52.1723,52.2439,52.2907,52.3459,52.4558,52.6038,52.7605,52.917,53.0651,53.1834,53.2684,53.3486,53.4336,53.5519,53.7,53.8566,54.0131,54.1698,54.3264,54.4829,54.6396,54.7961,54.9528,55.1094,55.2659,55.4226,55.5791,55.7443,55.9391,56.1587,56.3536,56.5101,56.6285,56.7136,56.7936,56.8701,56.9503,57.0353,57.1536,57.3017,57.4667,57.6531,57.8345,57.9663,58.0846,58.1945,58.288,58.3978,58.5077,58.5927,58.6643,58.711,58.7577,58.8294,58.9058,58.986,59.071,59.1893,59.3374,59.494,59.6506,59.8072,59.9637,60.1204,60.277,60.4335,60.5816,60.6999,60.7849,60.8651,60.9416,61.0216,61.1067,61.2251,61.3731,61.5297,61.6778,61.7876,61.8429,61.8897,61.9527,61.9995,62.0463,62.1093,62.1561,62.2114,62.3212,62.4607,62.5791,62.6727,62.7824,62.8923,62.9859,63.1042,63.2437,63.3621,63.4471,63.5186

Position (um) : 2.6316,2.624,2.6159,2.6083,2.6033,2.5975,2.5867,2.5751,2.5652,2.5526,2.5369,2.5203,2.5046,2.492,2.483,2.4745,2.4664,2.4579,2.4498,2.4413,2.4332,2.4247,2.4166,2.4081,2.4,2.3924,2.3883,2.3865,2.3825,2.3758,2.3708,2.3658,2.3592,2.3542,2.3492,2.3425,2.3385,2.3376,2.3376,2.3385,2.3435,2.3551,2.3699,2.3825,2.3915,2.4,2.409,2.4215,2.4372,2.4538,2.4696,2.4821,2.4911,2.4996,2.5077,2.5162,2.5243,2.5319,2.5369,2.5419,2.5485,2.5526,2.5535,2.5535,2.5535,2.5535,2.5535,2.5544,2.5585,2.5652,2.5692,2.5701,2.5701,2.5701,2.5692,2.5652,2.5576,2.5476,2.531,2.5095,2.4929,2.4821,2.4705,2.4588,2.4489,2.4363,2.4206,2.404,2.3874,2.3708,2.3542,2.3385,2.3259,2.3169,2.3084,2.2994,2.2878,2.2761,2.2671,2.2586,2.2505,2.242,2.2339,2.2254,2.2173,2.2097,2.2056,2.2047,2.2047,2.2056,2.2106,2.2222,2.237,2.2496,2.2586,2.2671,2.2761,2.2878,2.2994,2.3093,2.3219,2.3376,2.3542,2.3699,2.3825,2.3924,2.404,2.4157,2.4256,2.4372,2.4489,2.4588,2.4714,2.4862,2.4978,2.5037,2.5086,2.5153,2.5194,2.5212,2.5252,2.5319,2.536

Intensity : 335.5422,333.2806,330.8085,328.3603,327.1463,325.3252,321.0203,316.4381,312.6494,309.1834,305.8445,302.2713,298.6972,295.868,294.0557,292.4138,290.8989,289.294,288.095,287.0778,286.1236,285.0567,284.0539,282.9399,281.8873,280.9306,280.7547,281.0777,280.9776,280.3016,280.0434,279.7751,279.0679,278.7776,278.4778,278.053,278.2252,278.7934,279.0761,279.4837,280.4514,282.8296,286.0455,288.7953,290.8917,292.9152,295.062,297.9085,301.327,304.8016,309.7359,313.6247,316.3349,318.863,321.2894,323.8762,326.1702,327.9737,328.6769,329.1263,329.9948,330.0168,329.0745,327.889,328.5008,329.1129,329.7247,330.6057,332.4268,335.6576,337.6964,338.0815,338.0671,338.0502,337.6387,336.0511,334.7529,332.9233,328.7203,322.9577,318.6161,316.0557,313.2681,310.7613,309.3716,307.043,303.7714,300.267,296.6118,292.9164,289.1984,286.2397,284.6937,284.1814,283.468,282.4879,280.7427,278.97,277.8837,276.9013,275.9904,275.0056,274.6874,274.5751,273.6256,272.642,272.1897,272.2093,272.365,272.6567,273.1383,274.167,275.7717,277.5169,278.7593,279.9145,281.1312,282.7817,284.2314,285.1787,286.4331,288.1682,290.552,293.5538,295.8842,297.4718,299.5229,301.5311,302.9818,304.907,306.6975,307.797,311.2645,316.1849,320.1049,322.6519,324.9771,327.6483,329.8433,331.6281,333.8565,336.4316,338.1434

Time pixel : 47.5196,47.6203,47.7294,47.8224,47.9316,48.0408,48.1338,48.2429,48.3521,48.4451,48.5542,48.6549,48.7099,48.7564,48.8276,48.9036,48.9832,49.0592,49.1389,49.2149,49.2945,49.3706,49.4502,49.5262,49.6059,49.6904,49.808,49.9467,50.0644,50.1573,50.2665,50.3757,50.4687,50.5778,50.687,50.78,50.8976,51.0448,51.2005,51.3561,51.5033,51.6125,51.6675,51.7139,51.7851,51.8611,51.9323,51.9788,52.0337,52.1429,52.2901,52.4458,52.6014,52.7486,52.8662,52.9507,53.0304,53.1149,53.2325,53.3797,53.5354,53.691,53.8467,54.0024,54.158,54.3137,54.4693,54.625,54.7807,54.9363,55.092,55.2476,55.4118,55.6055,55.8238,56.0175,56.1731,56.2908,56.3753,56.4549,56.5309,56.6106,56.6951,56.8127,56.9599,57.124,57.3092,57.4896,57.6206,57.7382,57.8474,57.9404,58.0495,58.1587,58.2432,58.3144,58.3608,58.4073,58.4785,58.5545,58.6342,58.7187,58.8363,58.9835,59.1392,59.2948,59.4505,59.6061,59.7618,59.9175,60.0731,60.2203,60.3379,60.4224,60.5021,60.5781,60.6577,60.7422,60.8599,61.0071,61.1627,61.3099,61.4191,61.4741,61.5206,61.5832,61.6297,61.6762,61.7389,61.7854,61.8404,61.9495,62.0882,62.2059,62.2989,62.408,62.5172,62.6102,62.7278,62.8665,62.9842,63.0687,63.1398

Position pixel : 24.6634,24.5923,24.5162,24.4451,24.3986,24.3436,24.2429,24.1338,24.0408,23.9231,23.7759,23.6203,23.4731,23.3555,23.2709,23.1913,23.1153,23.0357,22.9596,22.88,22.804,22.7243,22.6483,22.5687,22.4926,22.4215,22.3835,22.3665,22.3285,22.2658,22.2193,22.1728,22.1102,22.0637,22.0172,21.9545,21.9165,21.908,21.908,21.9165,21.963,22.0722,22.2109,22.3285,22.413,22.4926,22.5772,22.6948,22.842,22.9976,23.1448,23.2625,23.347,23.4266,23.5026,23.5823,23.6583,23.7294,23.7759,23.8224,23.8851,23.9231,23.9316,23.9316,23.9316,23.9316,23.9316,23.9401,23.9781,24.0408,24.0788,24.0873,24.0873,24.0873,24.0788,24.0408,23.9696,23.8766,23.721,23.5196,23.3639,23.2625,23.1533,23.0441,22.9511,22.8335,22.6863,22.5307,22.375,22.2193,22.0637,21.9165,21.7989,21.7143,21.6347,21.5502,21.441,21.3319,21.2474,21.1677,21.0917,21.0121,20.936,20.8564,20.7804,20.7092,20.6712,20.6627,20.6627,20.6712,20.7177,20.8269,20.9656,21.0832,21.1677,21.2474,21.3319,21.441,21.5502,21.6432,21.7608,21.908,22.0637,22.2109,22.3285,22.4215,22.5307,22.6398,22.7328,22.842,22.9511,23.0441,23.1618,23.3005,23.4096,23.4646,23.5111,23.5738,23.6118,23.6288,23.6668,23.7294,23.7675

Brightness max : 484.92
Brightness min : 223.00
Feature direction : Ambiguous
Feature speed : Slow
Feature type : Curve
Start frame : 1
End frame : 166
Start time (s) : 0.000
End time (s) : 166.000
Time step (s) : 1.006

Feature number : 7

Time (s) : 38.5649,38.6578,38.7505,38.7971,38.8349,38.8973,38.9642,39.0343,39.1003,39.1693,39.2341,39.3019,39.3655,39.4236,39.4566,39.4981,39.5857,39.6825,39.7554,39.8249,39.8926,39.9663,40.0387,40.1167,40.1926,40.307,40.4553,40.615,40.7763,40.9291,41.0509,41.146,41.2552,41.3622,41.4518,41.5663,41.7118,41.8687,42.0298,42.1922,42.3073,42.3936,42.4567,42.5373,42.6185,42.6749,42.7258,42.7718,42.8195,42.8697,42.9505,43.058,43.1714,43.2825,43.3921,43.5012,43.611,43.7148,43.7929,43.8435,43.8966,43.955,44.0182,44.0589

Position (um) : 2.6355,2.6289,2.6156,2.5991,2.5848,2.5731,2.5587,2.541,2.5224,2.5046,2.4897,2.4774,2.4624,2.444,2.4257,2.4104,2.3979,2.3837,2.3697,2.3586,2.3484,2.3391,2.3298,2.3214,2.3143,2.3117,2.3132,2.3163,2.3198,2.3245,2.3322,2.3425,2.3508,2.3589,2.3693,2.381,2.3952,2.4092,2.4206,2.4314,2.4405,2.4521,2.4637,2.4736,2.4853,2.4969,2.5059,2.5144,2.5225,2.5301,2.5342,2.536,2.54,2.5475,2.5556,2.5641,2.5721,2.5806,2.5886,2.5971,2.6052,2.6137,2.6218,2.6295

Intensity : 331.6047,329.5332,325.0712,319.3391,314.3637,310.3773,305.7529,302.2207,298.4215,294.7516,291.683,289.6796,286.9868,284.1538,281.6114,279.6005,278.3459,276.8654,275.1905,273.9203,272.7508,272.1213,271.5178,271.0322,270.6618,270.8733,271.5537,272.4844,273.4977,274.6504,276.1495,277.9245,279.6486,280.9028,282.6617,284.5595,286.8054,288.9538,290.5363,291.975,293.133,294.7898,297.3822,299.5592,302.1844,304.9495,307.0362,309.0071,310.857,312.5439,313.0776,312.8269,313.1231,314.2298,315.0461,316.4805,318.5581,320.8222,323.2093,326.0801,328.735,331.4671,333.9512,336.5197

Time pixel : 38.3349,38.4272,38.5194,38.5657,38.6033,38.6653,38.7318,38.8015,38.8671,38.9357,39.0001,39.0675,39.1307,39.1885,39.2213,39.2625,39.3496,39.4458,39.5183,39.5874,39.6547,39.7279,39.7999,39.8774,39.9529,40.0666,40.214,40.3728,40.5331,40.685,40.8061,40.9006,41.0091,41.1155,41.2046,41.3184,41.463,41.619,41.7791,41.9406,42.055,42.1408,42.2035,42.2836,42.3643,42.4204,42.471,42.5167,42.5641,42.614,42.6943,42.8012,42.9139,43.0244,43.1333,43.2417,43.3509,43.4541,43.5317,43.582,43.6348,43.6928,43.7557,43.7961

Position pixel : 24.7,24.6382,24.5135,24.359,24.2251,24.1153,23.9803,23.8149,23.6402,23.4729,23.334,23.2186,23.0774,22.9058,22.7336,22.5908,22.473,22.3401,22.2091,22.1053,22.0097,21.9218,21.8348,21.7562,21.6894,21.6655,21.6796,21.7085,21.7416,21.785,21.858,21.9542,22.0322,22.1077,22.2056,22.315,22.4477,22.5795,22.6861,22.7875,22.8728,22.9816,23.0904,23.1832,23.2923,23.4014,23.4859,23.5655,23.6415,23.7126,23.7505,23.7672,23.8049,23.8757,23.9514,24.0305,24.1061,24.1853,24.261,24.3404,24.4162,24.4959,24.5721,24.6437

Brightness max : 484.92
Brightness min : 223.00
Feature direction : Ambiguous
Feature speed : Slow
Feature type : Curve
Start frame : 1
End frame : 166
Start time (s) : 0.000
End time (s) : 166.000
Time step (s) : 1.006

