KYMOANALYSIS DATA

General Information :

Tiff path : G:\My Drive\microtubule dynamics and cut7\21-15 screens and tests\cut11-7\19-06-12&20 (Cut7-3GFP and  mCh-mts, timeseries for modeling data)\
Spindle type : Monopolar
Start frame : 1
End frame : 329
Start time (s) : 0.000
End time (s) : 600.140
Time step (s) : 1.830
Num poles : 1
Num tracks : 1
Num tracks poleward : 0
Num tracks antipoleward : 0
Num tracks ambiguous : 1
Comments : {

}
Poles Information :


Pole number : 1

Time (s) : 2.650306,4.48787,6.325434,8.162998,10.00056,11.83813,13.67569,15.51325,17.35082,19.18838,21.02595,22.86351,24.70107,26.53864,28.3762,30.21377,32.05133,33.88889,35.72646,37.56402,39.40159,41.23915,43.07671,44.91428,46.75184,48.5894,50.42697,52.26453,54.1021,55.93966,57.77722,59.61479,61.45235,63.28992,65.12748,66.96504,68.80261,70.64017,72.47774,74.3153,76.15286,77.99043,79.82799,81.66556,83.50312,85.34068,87.17825,89.01581,90.85338,92.69094,94.5285,96.36607,98.20363,100.0412,101.8788,103.7163,105.5539,107.3915,109.229,111.0666,112.9041,114.7417,116.5793,118.4168,120.2544,122.092,123.9295,125.7671,127.6047,129.4422,131.2798,133.1173,134.9549,136.7925,138.63,140.4676,142.3052,144.1427,145.9803,147.8179,149.6554,151.493,153.3306,155.1681,157.0057,158.8432,160.6808,162.5184,164.3559,166.1935,168.0311,169.8686,171.7062,173.5438,175.3813,177.2189,179.0564,180.894,182.7316,184.5691,186.4067,188.2443,190.0818,191.9194,193.757,195.5945,197.4321,199.2697,201.1072,202.9448,204.7823,206.6199,208.4575,210.295,212.1326,213.9702,215.8077,217.6453,219.4829,221.3204,223.158,224.9955,226.8331,228.6707,230.5082,232.3458,234.1834,236.0209,237.8585,239.6961,241.5336,243.3712,245.2087,247.0463,248.8839,250.7214,252.559,254.3966,256.2341,258.0717,259.9093,261.7468,263.5844,265.422,267.2595,269.0971,270.9346,272.7722,274.6098,276.4473,278.2849,280.1225,281.96,283.7976,285.6352,287.4727,289.3103,291.1478,292.9854,294.823,296.6605,298.4981,300.3357,302.1732,304.0108,305.8484,307.6859,309.5235,311.3611,313.1986,315.0362,316.8737,318.7113,320.5489,322.3864,324.224,326.0616,327.8991,329.7367,331.5743,333.4118,335.2494,337.0869,338.9245,340.7621,342.5996,344.4372,346.2748,348.1123,349.9499,351.7875,353.625,355.4626,357.3002,359.1377,360.9753,362.8128,364.6504,366.488,368.3255,370.1631,372.0007,373.8382,375.6758,377.5134,379.3509,381.1885,383.026,384.8636,386.7012,388.5387,390.3763,392.2139,394.0514,395.889,397.7266,399.5641,401.4017,403.2393,405.0768,406.9144,408.7519,410.5895,412.4271,414.2646,416.1022,417.9398,419.7773,421.6149,423.4525,425.29,427.1276,428.9651,430.8027,432.6403,434.4778,436.3154,438.153,439.9905,441.8281,443.6657,445.5032,447.3408,449.1783,451.0159,452.8535,454.691,456.5286,458.3662,460.2037,462.0413,463.8789,465.7164,467.554,469.3916,471.2291,473.0667,474.9042,476.7418,478.5794,480.4169,482.2545,484.0921,485.9296,487.7672,489.6048,491.4423,493.2799,495.1174,496.955,498.7926,500.6301,502.4677,504.3053,506.1428,507.9804,509.818,511.6555,513.4931,515.3307,517.1682,519.0058,520.8433,522.6809,524.5185,526.356,528.1936,530.0312,531.8687,533.7063,535.5439,537.3814,539.219,541.0565,542.8941,544.7317,546.5692,548.4068,550.2444,552.0819,553.9195,555.7571,557.5946,559.4322,561.2698,563.1073,564.9449,566.7824,568.62,570.4576,572.2951,574.1327,575.9703,577.8078,579.6454,581.483,583.3205,585.1581,586.9956,588.8332,590.6708,592.5083,594.3459,596.1835,598.021,599.8586,601.6962

Position (um) : 1.6703,1.6704,1.6705,1.6706,1.6707,1.6708,1.6709,1.671,1.6711,1.6712,1.6713,1.6714,1.6715,1.6716,1.6717,1.6718,1.6719,1.672,1.6721,1.6722,1.6723,1.6724,1.6725,1.6726,1.6727,1.6728,1.6729,1.673,1.6731,1.6732,1.6733,1.6734,1.6735,1.6736,1.6737,1.6738,1.6739,1.674,1.6741,1.6742,1.6743,1.6743,1.6744,1.6745,1.6746,1.6747,1.6748,1.6749,1.675,1.6751,1.6752,1.6753,1.6754,1.6755,1.6756,1.6757,1.6758,1.6759,1.676,1.6761,1.6762,1.6763,1.6764,1.6765,1.6766,1.6767,1.6768,1.6769,1.677,1.6771,1.6772,1.6773,1.6774,1.6775,1.6776,1.6777,1.6778,1.6779,1.678,1.6781,1.6782,1.6783,1.6784,1.6785,1.6786,1.6787,1.6788,1.6789,1.6789,1.679,1.6791,1.6792,1.6793,1.6794,1.6795,1.6796,1.6797,1.6798,1.6799,1.68,1.6801,1.6802,1.6803,1.6804,1.6805,1.6806,1.6807,1.6808,1.6809,1.681,1.6811,1.6812,1.6813,1.6814,1.6815,1.6816,1.6817,1.6818,1.6819,1.682,1.6821,1.6822,1.6823,1.6824,1.6825,1.6826,1.6827,1.6828,1.6829,1.683,1.6831,1.6832,1.6833,1.6834,1.6834,1.6835,1.6836,1.6837,1.6838,1.6839,1.684,1.6841,1.6842,1.6843,1.6844,1.6845,1.6846,1.6847,1.6848,1.6849,1.685,1.6851,1.6852,1.6853,1.6854,1.6855,1.6856,1.6857,1.6858,1.6859,1.686,1.6861,1.6862,1.6863,1.6864,1.6865,1.6866,1.6867,1.6868,1.6869,1.687,1.6871,1.6872,1.6873,1.6874,1.6875,1.6876,1.6877,1.6878,1.6879,1.688,1.688,1.6881,1.6882,1.6883,1.6884,1.6885,1.6886,1.6887,1.6888,1.6889,1.689,1.6891,1.6892,1.6893,1.6894,1.6895,1.6896,1.6897,1.6898,1.6899,1.69,1.6901,1.6902,1.6903,1.6904,1.6905,1.6906,1.6907,1.6908,1.6909,1.691,1.6911,1.6912,1.6913,1.6914,1.6915,1.6916,1.6917,1.6918,1.6919,1.692,1.6921,1.6922,1.6923,1.6924,1.6925,1.6926,1.6926,1.6927,1.6928,1.6929,1.693,1.6931,1.6932,1.6933,1.6934,1.6935,1.6936,1.6937,1.6938,1.6939,1.694,1.6941,1.6942,1.6943,1.6944,1.6945,1.6946,1.6947,1.6948,1.6949,1.695,1.6951,1.6952,1.6953,1.6954,1.6955,1.6956,1.6957,1.6958,1.6959,1.696,1.6961,1.6962,1.6963,1.6964,1.6965,1.6966,1.6967,1.6968,1.6969,1.697,1.6971,1.6972,1.6972,1.6973,1.6974,1.6975,1.6976,1.6977,1.6978,1.6979,1.698,1.6981,1.6982,1.6983,1.6984,1.6985,1.6986,1.6987,1.6988,1.6989,1.699,1.6991,1.6992,1.6993,1.6994,1.6995,1.6996,1.6997,1.6998,1.6999,1.7,1.7001,1.7002,1.7003,1.7004,1.7005,1.7006,1.7007,1.7008,1.7009,1.701,1.7011,1.7012,1.7013,1.7014,1.7015,1.7016,1.7017,1.7018,1.7018,1.7019,1.702,1.7021,1.7022

Intensity : 2155.6718,2173.5986,2193.6611,2178.2861,2113.2891,2028.7166,1987.058,2020.1715,2060.0183,2065.709,2049.3363,2038.2946,2066.9069,2096.1865,2088.8631,2061.941,2044.6283,2061.2637,2063.2383,2040.543,2036.7845,2062.3573,2104.1284,2174.7395,2269.0044,2355.336,2390.2405,2353.8075,2293.3527,2243.4875,2229.7177,2235.6806,2251.3495,2250.9904,2237.5803,2211.8134,2180.874,2143.3393,2084.8717,2035.1558,2032.1231,2065.2904,2144.5816,2244.1348,2314.0043,2320.5502,2288.0745,2270.4067,2214.945,2156.0615,2105.3321,2166.8553,2217.2889,2278.3226,2299.0219,2296.2028,2281.5152,2221.4792,2140.1618,2064.584,1998.8087,1953.1317,1910.6191,1901.243,1921.0253,1950.0821,2010.6303,2053.5971,2070.104,2056.6397,2064.0053,2071.5658,2029.295,1949.3705,1870.7472,1837.4435,1881.503,1885.3208,1912.2107,1866.2629,1865.065,1811.3408,1795.7325,1770.8427,1770.9443,1751.829,1792.2695,1820.029,1842.9047,1836.8733,1824.6239,1849.335,1872.2275,1886.2536,1901.8702,1915.7715,1968.3948,1973.3672,1996.1782,2062.0106,2081.8225,2068.144,1981.7574,1965.3247,1948.1654,1966.1666,1973.4874,1954.6432,1922.0156,1912.5803,1942.8072,1941.1002,1928.713,1868.1694,1832.3964,1801.6183,1756.5884,1748.6117,1723.1178,1733.4226,1708.8513,1691.1528,1708.3793,1703.3232,1666.7941,1622.5328,1595.6433,1594.5014,1593.5426,1585.9839,1591.3472,1585.0954,1596.619,1601.9675,1558.0201,1484.8829,1444.7125,1408.7813,1432.5229,1407.7287,1421.6468,1384.0048,1389.4814,1389.9924,1445.5231,1518.4451,1577.5038,1580.4712,1523.3148,1505.7679,1504.139,1527.2546,1522.6317,1532.1779,1524.9672,1509.2999,1519.5942,1519.0271,1506.269,1500.8604,1515.3418,1583.3483,1602.9844,1601.3476,1573.9893,1541.903,1554.436,1554.7237,1547.775,1530.9252,1531.017,1567.6723,1553.5335,1551.8899,1549.2184,1568.8976,1563.8062,1551.8965,1577.4778,1609.2498,1606.8739,1581.2376,1537.5565,1554.6413,1560.6845,1578.9827,1595.6817,1626.6365,1656.7882,1678.5994,1698.3915,1680.6668,1682.6686,1671.0083,1655.5818,1586.1257,1564.264,1567.8838,1578.9853,1569.0249,1564.5984,1562.6619,1553.6217,1541.0386,1544.0194,1499.6753,1486.7714,1454.0975,1473.5928,1469.7011,1469.0594,1461.2216,1453.5543,1452.4918,1451.1198,1444.4519,1430.3629,1401.6467,1378.8689,1373.4694,1399.059,1433.4377,1444.1871,1454.8788,1460.0396,1500.9355,1519.2214,1539.5544,1540.5925,1531.2904,1528.9452,1521.1818,1533.2282,1545.0675,1545.2619,1537.5162,1524.5812,1504.4685,1472.7625,1444.4861,1438.3442,1431.4679,1421.8861,1406.6784,1383.2507,1359.3597,1344.9355,1341.3446,1304.1663,1248.326,1215.9015,1209.5613,1215.265,1223.6397,1234.389,1263.2428,1279.5043,1288.3636,1285.0666,1278.3236,1289.1639,1310.4272,1317.9674,1312.7604,1295.1587,1272.2109,1231.3973,1201.014,1228.4139,1274.4073,1326.1529,1315.5736,1305.0942,1270.2802,1282.7779,1291.8047,1322.705,1358.8629,1378.9146,1389.6281,1381.1911,1391.6329,1373.3666,1387.9383,1396.8277,1393.1753,1354.6162,1366.5659,1400.7092,1401.345,1356.6438,1346.574,1365.4165,1377.811,1358.1523,1333.66,1316.2431,1324.418,1328.2111,1301.2602,1252.1077,1221.3733,1201.7283,1177.8982,1141.0621,1134.7895,1133.1922,1127.9807,1093.489,1069.1743,1032.6949,1021.873,1004.6815,1009.9869,1010.0117,1008.6713,1007.6901,1006.8003,994.81713,983.39796,982.76869,981.21677,991.18002,988.46138,998.81845,999.03524,1004.2828

Time pixel : 1.448496,2.452797,3.457097,4.461398,5.465698,6.469999,7.4743,8.4786,9.482901,10.4872,11.4915,12.4958,13.5001,14.5044,15.5087,16.51301,17.51731,18.52161,19.52591,20.53021,21.53451,22.53881,23.54311,24.54741,25.55171,26.55601,27.56031,28.56461,29.56891,30.57321,31.57751,32.58182,33.58612,34.59042,35.59472,36.59902,37.60332,38.60762,39.61192,40.61622,41.62052,42.62482,43.62912,44.63342,45.63772,46.64202,47.64632,48.65063,49.65493,50.65923,51.66353,52.66783,53.67213,54.67643,55.68073,56.68503,57.68933,58.69363,59.69793,60.70223,61.70653,62.71083,63.71513,64.71944,65.72374,66.72804,67.73234,68.73664,69.74094,70.74524,71.74954,72.75384,73.75814,74.76244,75.76674,76.77104,77.77534,78.77964,79.78395,80.78825,81.79255,82.79685,83.80115,84.80545,85.80975,86.81405,87.81835,88.82265,89.82695,90.83125,91.83555,92.83985,93.84415,94.84845,95.85276,96.85706,97.86136,98.86566,99.86996,100.8743,101.8786,102.8829,103.8872,104.8915,105.8958,106.9001,107.9044,108.9087,109.913,110.9173,111.9216,112.9259,113.9302,114.9345,115.9388,116.9431,117.9474,118.9517,119.956,120.9603,121.9646,122.9689,123.9732,124.9775,125.9818,126.9861,127.9904,128.9947,129.999,131.0033,132.0076,133.0119,134.0162,135.0205,136.0248,137.0291,138.0334,139.0377,140.042,141.0463,142.0506,143.0549,144.0592,145.0635,146.0678,147.0721,148.0764,149.0807,150.085,151.0893,152.0936,153.0979,154.1022,155.1065,156.1108,157.1151,158.1194,159.1237,160.128,161.1323,162.1366,163.1409,164.1452,165.1495,166.1538,167.1581,168.1624,169.1667,170.171,171.1753,172.1796,173.1839,174.1882,175.1925,176.1968,177.2011,178.2054,179.2097,180.214,181.2183,182.2226,183.2269,184.2312,185.2355,186.2398,187.2441,188.2484,189.2527,190.257,191.2613,192.2656,193.2699,194.2742,195.2785,196.2828,197.2871,198.2914,199.2957,200.3,201.3043,202.3086,203.3129,204.3172,205.3215,206.3258,207.3301,208.3344,209.3387,210.343,211.3473,212.3516,213.3559,214.3602,215.3645,216.3688,217.3731,218.3774,219.3817,220.386,221.3903,222.3946,223.3989,224.4032,225.4075,226.4118,227.4161,228.4204,229.4247,230.429,231.4333,232.4376,233.4419,234.4462,235.4505,236.4548,237.4591,238.4634,239.4677,240.472,241.4763,242.4806,243.4849,244.4892,245.4935,246.4978,247.5022,248.5065,249.5108,250.5151,251.5194,252.5237,253.528,254.5323,255.5366,256.5409,257.5452,258.5495,259.5538,260.5581,261.5624,262.5667,263.571,264.5753,265.5796,266.5839,267.5882,268.5925,269.5968,270.6011,271.6054,272.6097,273.614,274.6183,275.6226,276.6269,277.6312,278.6355,279.6398,280.6441,281.6484,282.6527,283.657,284.6613,285.6656,286.6699,287.6742,288.6785,289.6828,290.6871,291.6914,292.6957,293.7,294.7043,295.7086,296.7129,297.7172,298.7215,299.7258,300.7301,301.7344,302.7387,303.743,304.7473,305.7516,306.7559,307.7602,308.7645,309.7688,310.7731,311.7774,312.7817,313.786,314.7903,315.7946,316.7989,317.8032,318.8075,319.8118,320.8161,321.8204,322.8247,323.829,324.8333,325.8376,326.8419,327.8462,328.8505

Position pixel : 15.6545,15.6554,15.6563,15.6573,15.6582,15.6591,15.66,15.6609,15.6618,15.6628,15.6637,15.6646,15.6655,15.6664,15.6674,15.6683,15.6692,15.6701,15.671,15.6719,15.6729,15.6738,15.6747,15.6756,15.6765,15.6774,15.6784,15.6793,15.6802,15.6811,15.682,15.6829,15.6839,15.6848,15.6857,15.6866,15.6875,15.6884,15.6894,15.6903,15.6912,15.6921,15.693,15.694,15.6949,15.6958,15.6967,15.6976,15.6985,15.6995,15.7004,15.7013,15.7022,15.7031,15.704,15.705,15.7059,15.7068,15.7077,15.7086,15.7095,15.7105,15.7114,15.7123,15.7132,15.7141,15.715,15.716,15.7169,15.7178,15.7187,15.7196,15.7205,15.7215,15.7224,15.7233,15.7242,15.7251,15.7261,15.727,15.7279,15.7288,15.7297,15.7306,15.7316,15.7325,15.7334,15.7343,15.7352,15.7361,15.7371,15.738,15.7389,15.7398,15.7407,15.7416,15.7426,15.7435,15.7444,15.7453,15.7462,15.7471,15.7481,15.749,15.7499,15.7508,15.7517,15.7526,15.7536,15.7545,15.7554,15.7563,15.7572,15.7582,15.7591,15.76,15.7609,15.7618,15.7627,15.7637,15.7646,15.7655,15.7664,15.7673,15.7682,15.7692,15.7701,15.771,15.7719,15.7728,15.7737,15.7747,15.7756,15.7765,15.7774,15.7783,15.7792,15.7802,15.7811,15.782,15.7829,15.7838,15.7848,15.7857,15.7866,15.7875,15.7884,15.7893,15.7903,15.7912,15.7921,15.793,15.7939,15.7948,15.7958,15.7967,15.7976,15.7985,15.7994,15.8003,15.8013,15.8022,15.8031,15.804,15.8049,15.8058,15.8068,15.8077,15.8086,15.8095,15.8104,15.8113,15.8123,15.8132,15.8141,15.815,15.8159,15.8169,15.8178,15.8187,15.8196,15.8205,15.8214,15.8224,15.8233,15.8242,15.8251,15.826,15.8269,15.8279,15.8288,15.8297,15.8306,15.8315,15.8324,15.8334,15.8343,15.8352,15.8361,15.837,15.8379,15.8389,15.8398,15.8407,15.8416,15.8425,15.8434,15.8444,15.8453,15.8462,15.8471,15.848,15.849,15.8499,15.8508,15.8517,15.8526,15.8535,15.8545,15.8554,15.8563,15.8572,15.8581,15.859,15.86,15.8609,15.8618,15.8627,15.8636,15.8645,15.8655,15.8664,15.8673,15.8682,15.8691,15.87,15.871,15.8719,15.8728,15.8737,15.8746,15.8756,15.8765,15.8774,15.8783,15.8792,15.8801,15.8811,15.882,15.8829,15.8838,15.8847,15.8856,15.8866,15.8875,15.8884,15.8893,15.8902,15.8911,15.8921,15.893,15.8939,15.8948,15.8957,15.8966,15.8976,15.8985,15.8994,15.9003,15.9012,15.9021,15.9031,15.904,15.9049,15.9058,15.9067,15.9077,15.9086,15.9095,15.9104,15.9113,15.9122,15.9132,15.9141,15.915,15.9159,15.9168,15.9177,15.9187,15.9196,15.9205,15.9214,15.9223,15.9232,15.9242,15.9251,15.926,15.9269,15.9278,15.9287,15.9297,15.9306,15.9315,15.9324,15.9333,15.9342,15.9352,15.9361,15.937,15.9379,15.9388,15.9398,15.9407,15.9416,15.9425,15.9434,15.9443,15.9453,15.9462,15.9471,15.948,15.9489,15.9498,15.9508,15.9517,15.9526,15.9535

Pole type : Line
Start frame : 1
End frame : 329
Start time (s) : 0.000
End time (s) : 600.140
Time step (s) : 1.830

Feature Information :


Feature number : 1

Time (s) : 378.0425,379.9195,382.886,384.909,385.8394,386.5987,387.5204,388.5462,389.5937,390.6411,391.6248,392.5526,393.4904,394.5039,395.582,396.6139,397.5696,398.4296,399.1575,399.808,400.4469,401.1117,401.8491,402.6479,403.3974,404.0863,404.7612,405.4409,406.144,406.9171,407.749,408.5291,409.2461,409.9469,410.6501,411.3554,412.0625,412.7712,413.4812,414.1922,414.9041,415.6166,416.3295,417.0426,417.7556,418.4686,419.1811,419.9121,420.7085,421.5782,422.4768,423.4294,424.3617,425.1903,425.9983,426.8598,427.7303,428.6068,429.473,430.326,431.1023,431.8098,432.5145,433.2822,434.1018,434.8628,435.5542,436.2227,436.8872,437.5475,438.2222,438.9774,439.8488,440.7342,441.5969,442.5943,443.7732,444.984,446.1335,447.2466,448.2979,449.3613,450.501,451.5674,452.45,453.3142,454.2648,455.1967,455.9442,456.6176,457.3662,458.1254,458.8402,459.6018,460.5085,461.4766,462.309,463.1033,463.8342,464.5572,465.3275,466.1202,466.9798,467.8797,468.726,469.511,470.3456,471.2411,472.1699,473.1607,474.2031,475.1684,476.0182,476.8582,477.7884,478.6819,479.5395,480.4702,481.3661,482.209,483.0987,484.0136,484.9955,485.9738,486.91,487.8325,488.761,489.6959,490.6374,491.586,492.5229,493.4013,494.2133,495.0033,495.7461,496.4968,497.3105,498.1427,498.9906,499.8376,500.6996,501.5789,502.5194,503.4652,504.3607,505.2494,506.1334,507.0089,507.812,508.5875,509.4949,510.5772,511.6398,512.6436,513.6679,514.6229,515.4937,516.2818,517.0791,517.9676,518.8438,519.604,520.3305,521.077,521.7512,522.3408,522.8919,523.4223,523.9502,524.5215,525.1435,525.7712,526.4291,527.0425,527.5085,527.8628,528.1713,528.4526,528.8649,529.5009,530.1606,530.8257,531.5436,532.3034,532.9949,533.6263,534.2922,535.0007,535.6418,536.2239,536.8414,537.5029,538.1173,538.7211,539.3511,539.9163,540.4062,540.8684,541.3224,541.7686,542.2077,542.6401,543.0664,543.4872,543.9219,544.4183,544.966,545.4552,545.8947,546.3982,547.0402,547.7664,548.5111,549.256,550.0016,550.7484,551.497,552.2479,553.0015,553.7394,554.415,555.0205,555.6007,556.1118,556.5621,556.999,557.461,557.9952,558.6101,559.2427,559.8903,560.5749,561.388,562.2826,563.1783,564.1919,565.2789,566.3562,567.4581,568.5012,569.4222,570.3283,571.2251,572.1255,572.95,573.7225,574.4735,575.2188,575.8948,576.5092,577.1084,577.7111,578.3167,578.9246,579.5342,580.145,580.7753,581.4716,582.2411,583.0201,583.8051,584.579,585.3574,586.1233,586.8733,587.5432,588.1405,588.7114,589.2742,589.828,590.3722,590.9061,591.4288,591.9396,592.4379,592.9418,593.4979,594.0946,594.6208,595.0841,595.5971,596.2333,596.9369,597.6226,598.1858,598.5238,598.7023,598.8974,599.129,599.3074,599.3527,599.2647,599.1038,598.9125,598.7002

Position (um) : 2.1201,2.1296,2.1466,2.161,2.171,2.1755,2.1762,2.177,2.1815,2.1894,2.194,2.1948,2.1945,2.1942,2.1939,2.1936,2.1934,2.1931,2.1929,2.1926,2.1924,2.1922,2.1919,2.1917,2.1915,2.1913,2.1911,2.1908,2.1906,2.1904,2.1902,2.1899,2.1897,2.1895,2.1892,2.189,2.1887,2.1884,2.1881,2.1878,2.1875,2.1872,2.1869,2.1865,2.1862,2.1858,2.1855,2.1851,2.1847,2.1843,2.1838,2.1834,2.183,2.1825,2.1821,2.1816,2.1811,2.1806,2.1801,2.1796,2.1791,2.1786,2.1781,2.1776,2.1771,2.1766,2.1761,2.1756,2.1751,2.1747,2.1742,2.1738,2.1733,2.174,2.1786,2.1864,2.1921,2.1978,2.2056,2.2114,2.2172,2.2251,2.231,2.2369,2.2449,2.2498,2.2508,2.2507,2.2507,2.2507,2.2508,2.2509,2.251,2.2512,2.2513,2.2521,2.2567,2.2645,2.2692,2.2701,2.27,2.2698,2.2686,2.2636,2.2555,2.2505,2.2484,2.2435,2.2355,2.2307,2.2287,2.224,2.216,2.2113,2.2094,2.2048,2.1969,2.1923,2.1915,2.1918,2.1922,2.1926,2.1929,2.1933,2.1936,2.1939,2.1943,2.1946,2.1949,2.1952,2.1955,2.1958,2.196,2.1963,2.1965,2.1967,2.1969,2.1971,2.1972,2.1985,2.2036,2.2118,2.2169,2.2181,2.2181,2.2181,2.2182,2.2182,2.2193,2.2243,2.2324,2.2374,2.2396,2.2445,2.2527,2.2576,2.2587,2.2587,2.2587,2.2598,2.2648,2.273,2.278,2.2792,2.2793,2.2805,2.2856,2.294,2.2991,2.3005,2.3007,2.3021,2.3074,2.3159,2.3212,2.3228,2.3243,2.3298,2.3387,2.3443,2.3458,2.3463,2.3468,2.3474,2.3479,2.3496,2.3552,2.3639,2.3695,2.3713,2.372,2.3727,2.3734,2.3741,2.3749,2.3756,2.3764,2.3772,2.3781,2.3789,2.3798,2.3806,2.3815,2.3824,2.3833,2.3843,2.3852,2.3861,2.3871,2.3881,2.388,2.384,2.3769,2.3729,2.3717,2.3678,2.3607,2.3568,2.3567,2.3578,2.3589,2.36,2.3611,2.3622,2.3633,2.3644,2.3655,2.3666,2.3678,2.3689,2.37,2.3712,2.3723,2.3735,2.3746,2.3757,2.3769,2.378,2.3792,2.3804,2.3815,2.3827,2.3849,2.391,2.4004,2.4065,2.4087,2.411,2.4171,2.4264,2.4325,2.4348,2.4359,2.437,2.4381,2.4404,2.4464,2.4557,2.4617,2.4639,2.465,2.4661,2.4671,2.4681,2.4692,2.4702,2.4712,2.4721,2.4731,2.474,2.475,2.4759,2.4768,2.4777,2.4785,2.4793,2.4801,2.4809,2.4817,2.4824,2.4831,2.4838,2.4845,2.4851,2.4846,2.4802,2.4726,2.4682,2.4676,2.4681,2.4685,2.4689,2.4693,2.4696,2.47

Intensity : 551.5808,527.1124,500.8853,479.6562,463.5973,460.6622,465.753,470.3825,469.6465,469.0929,471.3305,470.1733,470.6306,472.1328,472.2442,469.6703,470.4783,473.5773,476.6995,480.1667,483.5893,488.3674,494.4809,500.6844,504.3425,507.7432,510.7804,513.612,516.5212,521.8078,527.6565,529.2798,528.876,528.5208,528.3126,528.1244,527.583,526.7185,525.8448,527.7319,529.7629,533.4017,539.59,545.8258,550.4894,554.8327,558.8056,561.679,564.7733,560.6796,555.1833,546.3662,537.0643,535.3885,534.9248,538.2134,543.8503,550.3321,557.4873,564.7696,571.7544,578.223,584.6523,591.574,599.4054,607.0911,613.7444,617.5301,621.3018,625.8759,631.9033,638.5454,648.5508,657.1446,656.3205,650.1957,653.2593,652.9859,638.7542,631.6958,624.8967,603.5496,587.8819,576.5909,563.425,557.3947,556.5945,556.9336,559.8473,565.1584,571.0086,572.6121,573.7283,578.3642,589.0201,596.2893,592.9823,586.4003,588.0058,595.0546,596.6639,595.757,596.6005,603.3738,612.019,611.4727,608.0977,621.1105,639.301,647.6967,651.8543,660.3621,667.2033,656.3847,642.9756,645.0854,651.4704,652.7623,653.4775,672.9414,692.77,702.7383,714.6499,734.2595,747.4114,741.4105,736.6273,735.5535,734.3686,732.9647,732.0345,731.9358,729.6616,720.763,712.4247,698.1401,681.7061,675.6267,678.0385,676.9223,667.4807,656.2019,656.147,655.1328,642.9817,636.2671,642.8701,647.008,641.2515,631.413,629.0927,630.573,614.1902,598.9583,587.6459,577.2157,569.0553,566.2715,568.8884,570.1046,564.9194,556.3726,551.6696,551.0004,552.2213,553.0496,549.6028,542.2511,537.4507,536.789,537.3552,536.9392,532.4587,523.2956,512.1708,506.4091,501.1591,492.179,478.9231,471.7792,468.6968,467.4401,467.6704,467.8872,471.4418,474.2987,473.3492,464.0463,458.0276,456.094,456.2733,456.5017,456.3784,455.6008,454.7972,454.2996,454.4703,454.5642,454.6186,453.7037,451.4112,449.1373,446.8808,444.8264,443.7197,442.5527,441.3289,440.2952,439.5054,438.7585,439.0994,433.4681,429.6012,427.7047,429.1556,432.8101,444.0128,452.782,459.1489,464.9425,469.9302,467.406,464.9553,462.6909,458.1836,452.9768,447.5274,441.3749,440.3126,439.9051,439.4847,437.6313,435.6376,438.2254,443.4821,445.6176,445.5457,455.3472,464.0482,465.1114,463.1796,457.5823,451.7306,443.6564,434.2391,428.8951,426.6999,431.443,432.573,429.528,427.5785,429.1039,431.3361,432.5419,433.8219,433.7343,428.7743,422.0666,416.2529,410.3637,406.4652,409.3501,412.278,414.6373,416.7497,419.0743,422.1449,425.0382,427.3781,427.7221,428.0398,428.3318,429.432,430.6773,431.9045,432.5989,431.4281,430.2644,429.2276,429.1573,429.2058,429.3821,427.6744,424.9658,423.394,425.5307,430.3731,433.1385,433.3122,432.8041,432.4516,432.2615,432.1736,432.1436,432.1616

Time pixel : 206.615,207.6409,209.2622,210.3679,210.8763,211.2913,211.7951,212.3557,212.9282,213.5006,214.0383,214.5454,215.0579,215.6118,216.201,216.765,217.2873,217.7574,218.1552,218.5107,218.8599,219.2233,219.6263,220.0629,220.4725,220.849,221.2179,221.5893,221.9736,222.3961,222.8508,223.2771,223.669,224.052,224.4364,224.8218,225.2083,225.5956,225.9836,226.3723,226.7613,227.1507,227.5403,227.9301,228.3198,228.7094,229.0989,229.4984,229.9337,230.409,230.9001,231.4207,231.9303,232.3831,232.8248,233.2956,233.7713,234.2504,234.7238,235.19,235.6143,236.001,236.3861,236.8057,237.2536,237.6696,238.0474,238.4128,238.776,239.1368,239.5056,239.9183,240.3946,240.8785,241.35,241.8951,242.5394,243.2012,243.8294,244.4378,245.0123,245.5936,246.2164,246.7993,247.2816,247.7539,248.2735,248.7828,249.1914,249.5594,249.9685,250.3835,250.7741,251.1904,251.6859,252.215,252.67,253.1041,253.5036,253.8987,254.3197,254.7529,255.2228,255.7146,256.1771,256.6062,257.0623,257.5517,258.0593,258.6008,259.1705,259.6981,260.1626,260.6216,261.13,261.6184,262.0871,262.5958,263.0854,263.5461,264.0324,264.5324,265.069,265.6037,266.1153,266.6196,267.127,267.638,268.1525,268.671,269.183,269.6631,270.1069,270.5387,270.9446,271.3549,271.7996,272.2545,272.7179,273.1808,273.6519,274.1325,274.6465,275.1635,275.6529,276.1386,276.6217,277.1002,277.5391,277.963,278.4589,279.0504,279.6312,280.1798,280.7396,281.2616,281.7375,282.1682,282.604,283.0896,283.5684,283.9839,284.381,284.789,285.1574,285.4797,285.7809,286.0708,286.3593,286.6715,287.0115,287.3546,287.7141,288.0493,288.304,288.4977,288.6663,288.8201,289.0454,289.3929,289.7535,290.117,290.5094,290.9246,291.3026,291.6477,292.0116,292.3988,292.7492,293.0673,293.4049,293.7664,294.1022,294.4322,294.7765,295.0854,295.3531,295.6057,295.8539,296.0978,296.3377,296.5741,296.8071,297.037,297.2746,297.5459,297.8452,298.1126,298.3528,298.628,298.9789,299.3758,299.7828,300.1899,300.5974,301.0056,301.4147,301.8251,302.237,302.6403,303.0095,303.3404,303.6575,303.9368,304.183,304.4218,304.6742,304.9662,305.3023,305.648,306.002,306.3761,306.8205,307.3095,307.799,308.3529,308.9471,309.5359,310.1381,310.7082,311.2115,311.7068,312.1969,312.689,313.1396,313.5618,313.9722,314.3796,314.7491,315.0848,315.4123,315.7417,316.0727,316.4049,316.7381,317.072,317.4164,317.797,318.2176,318.6433,319.0723,319.4953,319.9207,320.3393,320.7492,321.1154,321.4418,321.7538,322.0614,322.3641,322.6615,322.9533,323.239,323.5182,323.7905,324.0659,324.3698,324.6959,324.9836,325.2368,325.5171,325.8648,326.2494,326.6241,326.9319,327.1167,327.2142,327.3209,327.4475,327.545,327.5697,327.5216,327.4337,327.3291,327.2131

Position pixel : 19.87,19.9585,20.1178,20.2531,20.3464,20.3891,20.3957,20.4026,20.4456,20.519,20.5623,20.5697,20.5668,20.564,20.5614,20.5588,20.5563,20.5539,20.5516,20.5493,20.5471,20.545,20.5429,20.5408,20.5388,20.5367,20.5347,20.5326,20.5306,20.5285,20.5264,20.5242,20.522,20.5197,20.5174,20.515,20.5125,20.51,20.5073,20.5045,20.5017,20.4987,20.4957,20.4925,20.4892,20.4858,20.4823,20.4787,20.4749,20.4711,20.4671,20.4631,20.4589,20.4547,20.4503,20.4459,20.4414,20.4369,20.4323,20.4276,20.4229,20.4182,20.4135,20.4088,20.4041,20.3994,20.3948,20.3902,20.3857,20.3812,20.3769,20.3727,20.3686,20.375,20.4177,20.4907,20.5442,20.5978,20.6714,20.7255,20.7799,20.8542,20.9091,20.9643,21.0395,21.0849,21.0945,21.094,21.0939,21.0941,21.0947,21.0956,21.0969,21.0985,21.0992,21.1066,21.1498,21.2235,21.2675,21.2759,21.2743,21.2731,21.2619,21.215,21.1384,21.0922,21.0721,21.0266,20.9513,20.9064,20.8875,20.8431,20.7688,20.7249,20.7068,20.6632,20.5895,20.5461,20.5389,20.5422,20.5454,20.5487,20.552,20.5553,20.5586,20.5618,20.5649,20.568,20.5709,20.5737,20.5764,20.579,20.5814,20.5837,20.5858,20.5878,20.5896,20.5912,20.5926,20.6043,20.6519,20.7294,20.7767,20.7877,20.7882,20.7886,20.7889,20.7891,20.7995,20.846,20.9225,20.9689,20.9894,21.0357,21.1122,21.1585,21.1688,21.1687,21.1687,21.1792,21.226,21.3029,21.35,21.361,21.3619,21.3734,21.4212,21.4994,21.5476,21.5601,21.5624,21.5755,21.6249,21.7048,21.7548,21.7691,21.7837,21.8348,21.9182,21.9706,21.9854,21.99,21.9947,21.9997,22.0049,22.0206,22.0727,22.155,22.2075,22.224,22.2303,22.2368,22.2435,22.2504,22.2575,22.2647,22.2721,22.2796,22.2873,22.2952,22.3032,22.3114,22.3197,22.3281,22.3367,22.3454,22.3542,22.3631,22.3722,22.3814,22.3803,22.3432,22.276,22.2391,22.2281,22.1913,22.1245,22.088,22.0876,22.0977,22.1078,22.118,22.1282,22.1385,22.1489,22.1593,22.1698,22.1803,22.1909,22.2014,22.2121,22.2227,22.2334,22.2441,22.2549,22.2657,22.2765,22.2873,22.2981,22.3089,22.3197,22.3306,22.3518,22.4091,22.4965,22.5538,22.5749,22.5961,22.6533,22.7406,22.7978,22.8188,22.8294,22.8399,22.8504,22.8712,22.928,23.015,23.0716,23.0921,23.1021,23.1121,23.1219,23.1316,23.1411,23.1506,23.1599,23.1691,23.1781,23.187,23.1957,23.2042,23.2126,23.2207,23.2287,23.2365,23.244,23.2514,23.2585,23.2654,23.2721,23.2786,23.2848,23.2907,23.2861,23.245,23.1736,23.1321,23.1264,23.1307,23.1349,23.1387,23.1423,23.1456,23.1486

Brightness max : 720.53
Brightness min : 228.00
Feature direction : Ambiguous
Feature speed : Slow
Feature type : Curve
Start frame : 1
End frame : 329
Start time (s) : 0.000
End time (s) : 600.140
Time step (s) : 1.830

