KYMOANALYSIS DATA

General Information :

Tiff path : E:\Google Drive\microtubule dynamics and cut7\20-15 screens and tests\wild type\18-11-09 (cut7-3GFP and sid4-mCh)\
Spindle type : Bipolar
Start frame : 1
End frame : 297
Start time (s) : 0.000
End time (s) : 2086.650
Time step (s) : 7.049
Num poles : 2
Num tracks : 6
Num tracks poleward : 2
Num tracks antipoleward : 2
Num tracks ambiguous : 2
Comments : {

}
Poles Information :


Pole number : 1

Time (s) : 16.854685,19.528559,24.435655,29.763454,33.402409,35.701411,37.677405,39.761069,42.434942,46.171592,50.221276,53.37769,56.051564,58.930802,62.087216,65.931535,69.98122,73.029964,75.221297,77.197292,79.173286,81.14928,83.125274,85.101269,87.077263,89.160927,91.619462,94.391031,96.957235,99.523439,102.29501,104.75354,106.83721,108.8132,110.89686,113.3554,116.12697,118.5855,120.66917,122.75283,125.21136,127.98293,130.44147,132.74047,135.78922,139.8389,143.57555,146.24942,148.33309,150.30908,152.28508,154.26107,156.34473,158.91094,162.27272,166.11704,169.96136,173.32313,175.88934,178.08067,180.64688,183.90098,187.15509,189.82897,192.39517,195.16674,197.62528,199.70894,201.68493,203.66093,205.63692,207.61292,209.69658,212.26278,215.51689,218.771,221.33721,223.52854,225.98708,228.75864,231.21718,233.30084,235.38451,237.84304,240.61461,243.07314,245.37215,248.52856,253.59913,261.08241,271.27541,283.72159,298.41096,313.98363,326.74284,336.43739,346.6304,356.86529,363.86603,367.56079,370.23466,373.00623,375.46476,377.54843,379.63209,382.1983,385.56007,389.40439,393.35638,397.41604,401.95824,407.08067,411.93591,416.27274,421.45098,428.12871,435.54017,441.73535,446.01035,449.16676,452.046,454.61221,457.17841,460.16532,463.80427,468.76717,474.85469,480.98804,485.90511,489.58989,492.74631,496.32343,500.65029,505.39785,510.04772,515.18012,521.42114,528.31421,535.41263,541.65365,546.5807,551.65127,557.47158,563.8821,570.71333,577.71406,585.02783,592.44927,599.93254,607.66701,615.04262,622.08918,628.98225,635.7058,641.52612,646.28366,650.93352,656.37897,662.57415,668.7075,673.83991,678.59744,684.04289,690.1304,695.99655,701.19079,706.5744,712.08168,718.11733,724.73322,731.03607,736.48151,740.91604,744.38549,746.9517,749.14303,751.70923,754.96334,758.64813,763.35983,769.91389,776.96648,783.53051,789.628,795.97668,802.17187,807.61731,812.15951,816.21917,820.06349,823.6406,827.27956,831.54458,835.76377,839.34089,842.60497,846.87997,852.96748,859.68107,864.92115,869.36565,874.31858,878.75311,882.71507,887.67797,893.87315,900.48904,906.20169,910.36901,913.6331,917.10255,921.05453,925.48906,930.23663,934.88649,940.0189,945.93691,951.38235,956.41707,962.55042,968.95097,974.08337,978.2507,982.31036,986.74489,991.49245,995.81931,999.61177,1003.6256,1008.3113,1012.7,1016.6978,1020.2291,1023.6986,1027.2757,1031.6125,1037.6382,1044.5771,1052.2299,1060.8576,1067.9102,1072.1852,1074.4842,1076.2548,1078.6515,1081.5926,1084.9544,1088.5315,1092.8683,1098.7864,1105.0274,1111.2425,1119.1365,1127.0205,1131.8399,1134.3543,1136.3302,1138.3062,1140.4976,1143.7617,1148.8841,1154.8021,1159.8268,1163.8865,1167.3559,1170.5124,1173.8741,1177.1282,1179.9098,1183.0662,1187.1159,1190.9602,1194.1166,1196.9959,1199.4544,1201.6457,1204.3196,1207.9486,1211.7311,1215.057,1219.1625,1224.2391,1229.2997,1232.831,1235.2376,1237.8038,1241.0579,1244.4197,1247.4685,1250.3477,1252.8062,1254.8899,1256.7582,1258.2517,1259.5398,1261.7311,1265.4678,1270.2153,1275.2401,1280.4702,1285.1101,1288.2665,1290.4578,1292.4338,1294.4098,1296.3858,1298.3618,1300.4454,1302.904,1305.7832,1308.832,1312.3014,1316.1457,1320.2054,1324.5322,1328.6896,1331.9537,1335.1101,1338.7849,1342.3162,1345.8933,1349.7376,1353.582,1357.1591,1361.0134,1366.1358,1371.6789,1376.3906,1380.9787,1385.8957,1391.1258,1396.1964,1401.4983,1408.0524,1414.8378,1421.4636,1428.0795,1434.0075,1439.3553,1445.2832,1452.0068,1458.8999,1466.0541,1474.1276,1483.515,1492.6971,1500.986,1509.526,1518.7699,1528.4804,1538.0473,1547.8196,1557.0994,1564.4231,1571.059,1579.1683,1588.1351,1596.5216,1603.8354,1609.7633,1614.6285,1619.8686,1626.3768,1633.2081,1639.8958,1647.04,1653.9331,1660.6666,1667.6574,1673.7907,1678.3429,1683.1004,1689.1261,1695.429,1701.357,1706.5871,1710.7544,1714.6087,1719.6792,1726.4646,1734.574,1742.8528,1750.7568,1758.0706,1764.4811,1769.9265,1774.3611,1778.0459,1781.7925,1786.6477,1792.5757,1799.5764,1808.0088,1817.8429,1828.9392,1840.4821,1852.8206,1865.6775,1877.5953,1888.7015,1899.3313,1909.1494,1917.7054,1925.5476,1932.4406,1938.5839,1944.5119,1950.2246,1955.0798,1958.8264,1962.4035,1966.3555,1970.7901,1975.6453,1980.5624,1985.6329,1990.9249,1996.0931,2000.43,2005.0798,2010.5153,2015.54,2020.1899,2024.8298,2028.7818,2031.9382,2034.8175,2037.3837,2039.9499,2043.0444,2047.1659,2052.9244,2059.4945,2065.8432,2071.2428,2075.5078,2077.9663,2078.7719,2078.8795

Position (um) : 4.0251,4.034,4.0534,4.0744,4.0922,4.1132,4.1325,4.1431,4.152,4.1641,4.1714,4.173,4.173,4.173,4.173,4.173,4.173,4.173,4.173,4.173,4.173,4.173,4.173,4.173,4.173,4.1714,4.1641,4.152,4.1447,4.1415,4.1342,4.1221,4.1148,4.1116,4.1043,4.0922,4.0849,4.0833,4.0817,4.0744,4.0623,4.055,4.0534,4.0518,4.0445,4.0324,4.0251,4.0218,4.0145,4.0025,3.9952,3.9936,3.9936,3.9936,3.9936,3.9936,3.9936,3.9936,3.9936,3.9936,3.9936,3.9936,3.9936,3.9936,3.9936,3.9936,3.9936,3.9936,3.9936,3.9936,3.9936,3.9936,3.9936,3.9919,3.9846,3.9726,3.9653,3.9637,3.9637,3.9637,3.9637,3.962,3.9547,3.9427,3.9354,3.9338,3.9338,3.9338,3.9338,3.9338,3.9338,3.9338,3.9338,3.9338,3.9338,3.9338,3.9338,3.9338,3.9338,3.9338,3.9338,3.9338,3.9338,3.9338,3.9321,3.9248,3.9128,3.9055,3.9038,3.9038,3.9022,3.8949,3.8829,3.8756,3.8723,3.865,3.853,3.844,3.8351,3.8231,3.8158,3.8125,3.8052,3.7931,3.7842,3.7736,3.7543,3.735,3.726,3.7244,3.7244,3.7244,3.7244,3.7244,3.7244,3.7244,3.7228,3.7155,3.7034,3.6961,3.6929,3.6856,3.6719,3.6573,3.6436,3.6347,3.6257,3.6121,3.5975,3.5838,3.5765,3.5732,3.5659,3.5539,3.5466,3.5433,3.536,3.524,3.515,3.5061,3.4941,3.4868,3.4851,3.4835,3.4762,3.4642,3.4569,3.4552,3.4552,3.4536,3.4463,3.4342,3.4269,3.4253,3.4253,3.4253,3.4237,3.4164,3.4043,3.397,3.3954,3.3954,3.3954,3.3938,3.3865,3.3744,3.3671,3.3655,3.3655,3.3655,3.3655,3.3655,3.3655,3.3655,3.3655,3.3655,3.3655,3.3671,3.3744,3.3865,3.3938,3.3954,3.3954,3.3954,3.3954,3.3954,3.3954,3.3954,3.3954,3.3954,3.3954,3.3954,3.3954,3.3954,3.3954,3.3938,3.3865,3.3744,3.3671,3.3655,3.3655,3.3655,3.3655,3.3639,3.3566,3.3445,3.3372,3.334,3.3267,3.3146,3.3073,3.3057,3.3057,3.3057,3.3057,3.304,3.2967,3.2847,3.2774,3.2758,3.2758,3.2741,3.2668,3.2548,3.2475,3.2459,3.2459,3.2459,3.2459,3.2459,3.2459,3.2442,3.2369,3.2249,3.2176,3.216,3.216,3.216,3.2143,3.207,3.1933,3.1787,3.1634,3.1472,3.1262,3.1053,3.0874,3.0664,3.0454,3.0276,3.0066,2.9856,2.9694,2.9541,2.9395,2.9258,2.9169,2.9063,2.8853,2.8571,2.8271,2.7972,2.769,2.748,2.7374,2.7269,2.7075,2.6865,2.6703,2.655,2.6404,2.6267,2.6178,2.6089,2.5968,2.583,2.5489,2.4796,2.3938,2.3083,2.2444,2.2113,2.2007,2.1991,2.1991,2.1991,2.1991,2.1991,2.1991,2.1991,2.1991,2.1974,2.1901,2.1765,2.1619,2.1482,2.1393,2.1303,2.1166,2.102,2.0867,2.0721,2.0585,2.0495,2.039,2.0196,1.9986,1.9808,1.9598,1.9388,1.9226,1.9089,1.9,1.8894,1.8701,1.8507,1.8418,1.8402,1.8385,1.8312,1.8176,1.803,1.7877,1.7731,1.7594,1.7504,1.7415,1.7262,1.7043,1.677,1.655,1.6397,1.6324,1.6292,1.6202,1.6009,1.5816,1.571,1.5621,1.55,1.5427,1.5411,1.5411,1.5411,1.5411,1.5411,1.5411,1.5411,1.5411,1.5411,1.5395,1.5322,1.5201,1.5128,1.5112,1.5112,1.5112,1.5112,1.5112,1.5112,1.5112,1.5112,1.5112,1.5112,1.5112,1.5112,1.5112,1.5112,1.5112,1.5112,1.5112,1.5112,1.5112,1.5112,1.5112,1.5112,1.5112,1.5112,1.5112,1.5112,1.5112,1.5112,1.5112,1.5112,1.5112,1.5112,1.5112,1.5112,1.5112,1.5112,1.5112,1.5112,1.5112,1.5112,1.5112,1.5112,1.5112,1.5112,1.5112,1.5112,1.5112,1.5112,1.5112,1.5112,1.5112,1.5112,1.5112,1.5112,1.5112,1.5112,1.5112,1.5112,1.5112,1.5112,1.5112,1.5128,1.5217,1.5411,1.5604

Intensity : 1652.2973,1640.7329,1645.3925,1628.9755,1645.2685,1641.6971,1639.3351,1651.0401,1671.5602,1663.5152,1659.3423,1674.6842,1691.5444,1714.6233,1740.6573,1767.3423,1792.5622,1814.3777,1830.4701,1844.9811,1854.2766,1862.4606,1870.6446,1877.5252,1880.633,1888.4873,1912.3132,1914.5537,1906.4157,1891.1024,1863.0793,1837.1105,1815.8256,1797.2546,1778.0662,1755.0809,1724.9995,1698.2748,1684.6931,1687.7905,1695.9609,1710.5527,1727.8301,1743.5453,1734.2286,1698.9152,1650.928,1611.9288,1582.1029,1560.0734,1539.9755,1520.5695,1512.8466,1513.6863,1514.1438,1497.0175,1480.5183,1468.2675,1458.9159,1460.1942,1463.7394,1468.3952,1473.7404,1478.1325,1462.2777,1439.8126,1417.4338,1379.2183,1342.9774,1306.7366,1269.0101,1230.3261,1189.5344,1140.7002,1082.8729,1032.7004,1008.149,980.249,950.38115,940.58346,931.89237,930.47433,945.31249,966.24212,980.48708,989.00916,995.13879,999.71394,1002.3922,975.18861,932.34959,927.09415,908.975,751.89354,638.76377,650.66107,683.48894,677.79829,661.42459,647.08406,637.98517,628.55383,624.17561,621.59715,621.78193,640.27471,676.73667,703.63684,716.43919,718.2475,717.15642,723.91902,724.04637,713.89193,702.50083,686.51659,696.50155,720.58749,740.30884,760.67328,771.93125,775.7117,786.80009,805.12752,816.75342,832.38117,861.12029,880.65225,894.69481,901.72285,905.11151,925.11378,953.29468,953.00387,937.3178,903.83178,854.52288,856.32612,895.93439,918.99472,933.494,949.03377,953.25964,942.98393,973.78684,1035.9571,1090.9186,1076.6802,1052.9041,1041.8038,1019.3789,987.86146,938.12444,920.45203,918.57036,933.20943,944.79923,950.85721,941.67004,922.11446,923.25344,936.10649,964.37213,955.38731,951.72657,930.31186,899.27095,895.2203,854.42839,828.09157,828.27428,843.22888,855.85642,863.70205,867.55742,875.02005,887.67008,914.99319,947.24545,972.16692,969.40007,923.75157,922.61925,940.04916,1008.059,1092.2889,1162.8766,1198.2774,1192.0147,1189.5431,1189.3528,1186.5849,1181.9465,1197.5338,1207.8589,1190.862,1174.2674,1178.2249,1181.6746,1218.4362,1230.3118,1226.8011,1228.7907,1222.2794,1197.5911,1167.0786,1122.8284,1091.4489,1069.5638,1046.5266,1029.4617,1045.4496,1057.7937,1063.7529,1082.8455,1097.2282,1112.7886,1141.3323,1182.9992,1213.5363,1224.58,1220.3397,1212.1867,1208.9014,1221.6514,1279.5179,1317.1686,1333.5157,1352.4837,1377.9482,1366.6409,1330.7037,1285.9788,1236.1258,1176.9277,1114.0355,1041.2417,979.90071,974.90501,951.97209,926.72674,900.33525,895.61535,896.96389,890.63295,879.65703,865.62694,869.70727,879.9067,892.81392,900.2412,880.10252,858.37253,855.87813,864.38409,868.54594,867.97516,866.1309,865.43958,848.78945,796.92387,745.86417,697.10416,665.46406,669.37292,670.50764,657.07939,643.71902,650.19158,654.48231,648.75051,637.54511,632.40174,628.08114,627.90616,632.33383,636.28411,638.83473,640.05595,624.23138,604.02683,559.6937,528.78411,517.40928,510.67448,503.91983,499.55871,492.42953,482.28319,481.65449,484.66341,489.49827,493.99422,499.50767,508.4531,518.5437,539.78057,585.32212,614.6247,594.80891,581.34465,569.57069,568.55733,573.05102,578.32157,583.59211,592.83597,604.99043,619.33159,634.117,648.13483,661.9092,672.68493,680.40168,684.99847,675.69018,666.21242,672.76877,678.71061,675.99555,671.459,674.08547,679.13655,657.47983,641.6206,666.92185,681.98802,700.69188,727.76317,712.66712,711.42432,730.70391,753.06792,830.26429,893.61387,929.21739,956.36398,977.19721,993.93376,1012.0592,974.56332,935.55598,932.89605,969.03311,1020.1987,1078.5668,1102.538,1060.02,1043.2731,1017.4864,1027.8206,1100.0731,1144.1084,1120.8464,1070.8405,1038.4932,986.97903,938.17809,888.8365,847.66474,821.37244,803.48678,803.93182,808.28615,798.14187,789.0147,775.40788,777.63816,775.94096,763.915,755.27074,734.00687,719.36841,706.93503,691.44908,675.26631,666.9633,661.96048,660.43746,682.50992,672.48222,663.24258,640.87675,634.85958,624.11307,617.16859,617.88581,622.25024,631.82885,639.93178,639.11082,624.27063,626.04204,640.97473,638.55971,643.0052,610.30119,570.25642,558.48168,582.48399,555.46936,529.24899,532.12461,543.65897,547.19886,542.13187,534.03036,540.98108,542.07945,536.48086,532.56642,528.79931,516.61178,510.21786,517.54961,510.25429,500.65614,493.61322,497.104,505.42528,520.30012,540.04197,538.17214,537.81662,544.73926,548.87378,551.53323,553.95033,557.81949,562.4853,566.70433,571.37261,579.88975,600.83596,581.42011,560.90728,544.93612,533.7536,526.04461

Time pixel : 2.390907,2.770207,3.466299,4.22207,4.738271,5.064394,5.344697,5.640273,6.019573,6.549633,7.124097,7.571848,7.951148,8.35958,8.80733,9.352663,9.927128,10.3596,10.67045,10.95076,11.23106,11.51136,11.79167,12.07197,12.35227,12.64785,12.9966,13.38976,13.75379,14.11781,14.51097,14.85973,15.1553,15.43561,15.73118,16.07994,16.47309,16.82185,17.11742,17.413,17.76175,18.15491,18.50367,18.82979,19.26227,19.83673,20.36679,20.74609,21.04167,21.32197,21.60227,21.88258,22.17815,22.54218,23.01906,23.56439,24.10973,24.58661,24.95064,25.26149,25.62551,26.08712,26.54873,26.92803,27.29206,27.68522,28.03397,28.32955,28.60985,28.89015,29.17045,29.45076,29.74633,30.11036,30.57197,31.03358,31.39761,31.70846,32.05721,32.45037,32.79912,33.0947,33.39027,33.73903,34.13219,34.48094,34.80706,35.25481,35.97409,37.03563,38.48155,40.24709,42.33084,44.53989,46.34983,47.72505,49.17097,50.62283,51.61591,52.14003,52.51933,52.91249,53.26124,53.55682,53.85239,54.21642,54.6933,55.23864,55.79924,56.37512,57.01945,57.74609,58.43483,59.05002,59.78458,60.73184,61.78319,62.662,63.26843,63.71618,64.12461,64.48864,64.85266,65.27637,65.79257,66.49658,67.36012,68.23016,68.92766,69.45037,69.89812,70.40555,71.01933,71.69279,72.35239,73.08045,73.96576,74.94357,75.95051,76.83583,77.53475,78.25403,79.07967,79.98903,80.95806,81.95115,82.98864,84.0414,85.10293,86.2001,87.24636,88.24594,89.22375,90.17752,91.00315,91.67803,92.33763,93.11009,93.9889,94.85895,95.587,96.26188,97.03433,97.89787,98.73001,99.46684,100.2305,101.0118,101.8679,102.8064,103.7005,104.473,105.102,105.5942,105.9582,106.2691,106.6331,107.0947,107.6174,108.2858,109.2155,110.2159,111.1471,112.012,112.9126,113.7914,114.5639,115.2082,115.7841,116.3294,116.8369,117.3531,117.9581,118.5566,119.064,119.527,120.1335,120.997,121.9493,122.6927,123.3231,124.0257,124.6548,125.2168,125.9208,126.7996,127.7381,128.5485,129.1396,129.6027,130.0948,130.6554,131.2845,131.9579,132.6175,133.3456,134.1851,134.9576,135.6717,136.5418,137.4497,138.1778,138.7689,139.3448,139.9739,140.6473,141.2611,141.7991,142.3685,143.0332,143.6557,144.2228,144.7238,145.2159,145.7233,146.3385,147.1933,148.1776,149.2632,150.4871,151.4875,152.0939,152.4201,152.6712,153.0112,153.4284,153.9053,154.4127,155.0279,155.8674,156.7527,157.6344,158.7542,159.8726,160.5562,160.9129,161.1932,161.4735,161.7843,162.2474,162.974,163.8135,164.5263,165.1022,165.5943,166.0421,166.5189,166.9805,167.3751,167.8229,168.3973,168.9427,169.3904,169.7989,170.1476,170.4585,170.8378,171.3525,171.8891,172.3609,172.9433,173.6634,174.3813,174.8822,175.2236,175.5876,176.0492,176.5261,176.9586,177.367,177.7158,178.0114,178.2764,178.4882,178.671,178.9818,179.5119,180.1853,180.8981,181.64,182.2982,182.746,183.0568,183.3371,183.6174,183.8977,184.178,184.4736,184.8224,185.2308,185.6633,186.1554,186.7008,187.2766,187.8904,188.4802,188.9432,189.3909,189.9122,190.4131,190.9206,191.4659,192.0112,192.5187,193.0654,193.7921,194.5784,195.2467,195.8976,196.5951,197.337,198.0563,198.8084,199.7381,200.7006,201.6405,202.579,203.4199,204.1785,205.0195,205.9732,206.951,207.9659,209.1111,210.4428,211.7453,212.9211,214.1326,215.4438,216.8213,218.1784,219.5647,220.881,221.9199,222.8613,224.0116,225.2836,226.4732,227.5107,228.3516,229.0418,229.7851,230.7083,231.6774,232.626,233.6395,234.6173,235.5725,236.5642,237.4342,238.0799,238.7548,239.6096,240.5037,241.3446,242.0865,242.6776,243.2244,243.9437,244.9062,246.0565,247.2309,248.3522,249.3896,250.299,251.0715,251.7005,252.2232,252.7547,253.4434,254.2843,255.2774,256.4736,257.8686,259.4426,261.0801,262.8303,264.6541,266.3447,267.9202,269.4281,270.8208,272.0345,273.1469,274.1248,274.9962,275.8371,276.6475,277.3362,277.8677,278.3751,278.9357,279.5648,280.2535,280.951,281.6703,282.421,283.1541,283.7693,284.4289,285.2,285.9128,286.5724,287.2305,287.7912,288.2389,288.6473,289.0114,289.3754,289.8144,290.399,291.2159,292.1479,293.0485,293.8144,294.4194,294.7682,294.8825,294.8977

Position pixel : 37.7236,37.8073,37.9886,38.1852,38.3527,38.5492,38.7305,38.8295,38.9133,39.0261,39.0946,39.1098,39.1098,39.1098,39.1098,39.1098,39.1098,39.1098,39.1098,39.1098,39.1098,39.1098,39.1098,39.1098,39.1098,39.0946,39.0261,38.9133,38.8448,38.8143,38.7458,38.633,38.5645,38.534,38.4655,38.3527,38.2842,38.2689,38.2537,38.1852,38.0724,38.0039,37.9886,37.9734,37.9049,37.7921,37.7236,37.6931,37.6246,37.5118,37.4433,37.428,37.428,37.428,37.428,37.428,37.428,37.428,37.428,37.428,37.428,37.428,37.428,37.428,37.428,37.428,37.428,37.428,37.428,37.428,37.428,37.428,37.428,37.4128,37.3443,37.2315,37.163,37.1477,37.1477,37.1477,37.1477,37.1325,37.064,36.9511,36.8827,36.8674,36.8674,36.8674,36.8674,36.8674,36.8674,36.8674,36.8674,36.8674,36.8674,36.8674,36.8674,36.8674,36.8674,36.8674,36.8674,36.8674,36.8674,36.8674,36.8522,36.7837,36.6708,36.6024,36.5871,36.5871,36.5718,36.5034,36.3905,36.3221,36.2915,36.2231,36.1102,36.0265,35.9428,35.8299,35.7615,35.7309,35.6625,35.5496,35.4659,35.3669,35.1856,35.0043,34.9206,34.9053,34.9053,34.9053,34.9053,34.9053,34.9053,34.9053,34.89,34.8216,34.7087,34.6403,34.6097,34.5413,34.4131,34.2762,34.1481,34.0644,33.9807,33.8525,33.7156,33.5875,33.5191,33.4885,33.4201,33.3072,33.2388,33.2082,33.1398,33.0269,32.9432,32.8595,32.7466,32.6782,32.6629,32.6476,32.5792,32.4663,32.3978,32.3826,32.3826,32.3673,32.2989,32.186,32.1175,32.1023,32.1023,32.1023,32.087,32.0185,31.9057,31.8372,31.822,31.822,31.822,31.8067,31.7382,31.6254,31.5569,31.5417,31.5417,31.5417,31.5417,31.5417,31.5417,31.5417,31.5417,31.5417,31.5417,31.5569,31.6254,31.7382,31.8067,31.822,31.822,31.822,31.822,31.822,31.822,31.822,31.822,31.822,31.822,31.822,31.822,31.822,31.822,31.8067,31.7382,31.6254,31.5569,31.5417,31.5417,31.5417,31.5417,31.5264,31.4579,31.3451,31.2766,31.2461,31.1776,31.0648,30.9963,30.9811,30.9811,30.9811,30.9811,30.9658,30.8973,30.7845,30.716,30.7008,30.7008,30.6855,30.617,30.5042,30.4357,30.4205,30.4205,30.4205,30.4205,30.4205,30.4205,30.4052,30.3367,30.2239,30.1554,30.1402,30.1402,30.1402,30.1249,30.0564,29.9283,29.7914,29.648,29.4958,29.2992,29.1027,28.9352,28.7386,28.5421,28.3746,28.178,27.9815,27.8293,27.6859,27.549,27.4208,27.3371,27.2381,27.0415,26.7765,26.4962,26.2159,25.9509,25.7543,25.6553,25.5563,25.375,25.1784,25.0262,24.8828,24.7459,24.6178,24.5341,24.4504,24.3375,24.208,23.8883,23.2389,22.4351,21.6335,21.035,20.7241,20.6251,20.6098,20.6098,20.6098,20.6098,20.6098,20.6098,20.6098,20.6098,20.5946,20.5261,20.398,20.2611,20.133,20.0492,19.9655,19.8374,19.7005,19.5571,19.4202,19.2921,19.2083,19.1093,18.928,18.7315,18.564,18.3674,18.1708,18.0187,17.8905,17.8068,17.7078,17.5265,17.3452,17.2615,17.2462,17.2309,17.1625,17.0344,16.8975,16.7541,16.6172,16.489,16.4053,16.3216,16.1782,15.9728,15.7166,15.5112,15.3678,15.2994,15.2688,15.1851,15.0038,14.8225,14.7235,14.6398,14.5269,14.4585,14.4432,14.4432,14.4432,14.4432,14.4432,14.4432,14.4432,14.4432,14.4432,14.4279,14.3595,14.2466,14.1782,14.1629,14.1629,14.1629,14.1629,14.1629,14.1629,14.1629,14.1629,14.1629,14.1629,14.1629,14.1629,14.1629,14.1629,14.1629,14.1629,14.1629,14.1629,14.1629,14.1629,14.1629,14.1629,14.1629,14.1629,14.1629,14.1629,14.1629,14.1629,14.1629,14.1629,14.1629,14.1629,14.1629,14.1629,14.1629,14.1629,14.1629,14.1629,14.1629,14.1629,14.1629,14.1629,14.1629,14.1629,14.1629,14.1629,14.1629,14.1629,14.1629,14.1629,14.1629,14.1629,14.1629,14.1629,14.1629,14.1629,14.1629,14.1629,14.1629,14.1629,14.1629,14.1782,14.2619,14.4432,14.6245

Pole type : Curve
Start frame : 1
End frame : 297
Start time (s) : 0.000
End time (s) : 2086.650
Time step (s) : 7.049

Pole number : 2

Time (s) : 26.564292,28.121386,30.751369,34.659606,39.25589,43.164412,45.902632,48.050791,50.091431,52.132223,54.173172,56.214281,58.255553,60.296992,62.338603,64.380389,66.422357,68.572179,71.204732,74.525388,77.846246,80.479407,82.737911,85.263839,88.103029,90.629421,92.781184,94.825529,96.870132,98.915002,101.06782,103.59579,106.43708,108.96565,111.11965,113.16631,115.21329,117.26062,119.41596,121.94654,125.00586,128.50228,132.25028,135.37261,138.12049,140.96649,143.60756,146.24907,149.20408,152.32906,155.87522,159.68907,163.23623,166.36318,169.42883,172.44917,175.40822,177.94711,180.1117,182.16918,184.22725,186.17823,187.75493,189.12688,191.18734,193.93632,196.3729,198.06036,199.32775,200.90881,202.86539,204.82262,206.51329,208.26645,210.754,213.57124,216.27543,219.10394,223.19521,228.79658,236.20508,244.67698,252.56928,258.96874,263.43865,266.00497,268.40238,271.6478,275.00145,277.77542,280.76525,285.08557,290.03246,293.77352,296.76529,300.12239,303.4799,306.14988,308.33768,310.5258,313.08909,315.96569,318.42181,320.12839,321.41443,323.01363,324.9878,327.06968,329.25925,331.93133,335.29124,338.7587,342.02064,345.38006,348.25668,350.23973,352.42779,355.19568,357.75774,360.0521,362.82843,366.77459,371.62332,376.64083,381.59571,386.12905,390.17895,393.63768,396.29982,398.47835,400.54807,402.50893,404.09367,405.57941,408.12655,411.6732,414.69997,416.97544,419.14165,421.78873,425.22968,429.15139,433.2866,437.90248,443.09665,448.02163,452.3185,456.7568,461.14713,465.26806,469.27909,473.28783,477.29425,481.40596,485.9978,491.16742,495.95969,499.74849,503.25756,506.65637,509.84719,513.3484,517.22181,521.30786,525.87373,531.23243,536.85558,541.83389,545.96801,549.86799,553.4063,557.0953,561.3159,565.47036,568.51045,570.68736,572.6432,574.59334,576.53782,578.4767,580.41005,582.33792,584.2604,586.17759,588.08957,589.99646,591.89836,593.7954,595.6877,597.57539,599.45862,601.33752,603.21225,605.08297,606.94982,608.81298,610.67261,612.52887,614.38194,616.23198,618.07917,619.92369,621.98105,624.78581,628.2145,631.1228,633.76208,636.87229,639.98101,642.40052,644.33634,646.16348,647.98978,649.81539,651.64045,653.57276,655.98734,659.08968,662.40734,665.78694,669.52562,673.28063,676.91239,679.81094,682.33524,685.0656,687.85857,690.59057,693.01046,695.43134,698.27396,701.66205,705.67736,709.38082,712.50525,715.94398,720.24138,725.44333,731.12913,737.0316,743.41794,750.49352,757.67811,764.33566,770.0753,774.76948,779.50082,784.12579,788.34131,793.29182,799.2605,805.3839,810.88242,816.21258,821.54388,827.04578,833.2825,840.06463,847.26847,854.36562,860.88349,867.18692,873.21407,878.13345,882.19624,886.04448,889.89348,893.7432,897.59361,901.4447,905.40409,909.73896,914.38746,918.83114,923.27537,928.14081,933.55111,939.58795,945.20454,949.75878,953.61555,956.8825,959.46193,961.93406,964.6119,967.08472,969.7732,973.63244,978.87778,984.98084,991.13002,996.43809,1000.9349,1004.9037,1008.7939,1012.2175,1015.3121,1018.3608,1021.8302,1025.6746,1029.6266,1033.5785,1037.4229,1040.7846,1043.4585,1046.1324,1049.4942,1053.2308,1056.9156,1061.0371,1065.99,1070.3169,1073.6886,1077.1581,1081.1101,1085.7599,1091.5803,1098.0885,1103.9088,1108.5587,1112.6183,1116.5703,1120.5223,1124.3666,1127.7284,1130.2946,1132.3783,1134.4619,1136.9205,1139.7997,1142.7408,1145.7277,1148.6688,1151.6557,1154.7044,1158.1739,1161.8028,1164.7897,1167.1506,1170.3528,1175.0546,1180.5977,1185.4071,1189.1996,1192.8385,1197.1035,1201.4304,1205.49,1209.442,1213.394,1217.2383,1220.8155,1224.5621,1229.202,1233.8419,1237.6962,1241.7558,1246.288,1250.24,1253.3965,1256.2757,1258.8419,1261.5158,1264.9852,1269.3121,1274.0596,1278.4942,1282.5538,1286.5058,1290.4578,1294.3021,1297.7716,1300.8203,1303.9149,1307.5538,1312.5167,1318.7119,1325.2202,1330.7733,1335.5926,1340.6532,1344.9801,1348.2442,1351.1234,1353.4743,1355.1831,1356.846,1359.2427,1362.0761,1365.063,1368.1118,1371.5812,1375.3179,1378.7873,1381.9438,1385.3055,1388.8826,1393.0041,1397.9571,1402.2839,1405.548,1408.5349,1411.3683,1413.765,1415.3203,1416.4389,1417.5116,1419.0051,1420.8734,1422.8494,1424.9331,1427.4993,1430.7534,1434.0075,1436.466,1438.0672,1439.2476,1440.741,1442.717,1445.0679,1447.4646,1449.7178,1452.597,1455.9588,1459.4901,1463.1649,1466.106,1468.1896,1469.5754

Position (um) : 4.17341,4.17397,4.17452,4.17671,4.18457,4.19717,4.20503,4.20722,4.20779,4.20835,4.20892,4.20948,4.21005,4.21062,4.21119,4.21177,4.21234,4.21292,4.21349,4.21407,4.21465,4.21524,4.21582,4.21641,4.217,4.21759,4.21818,4.21878,4.21937,4.21997,4.22057,4.22118,4.22341,4.23133,4.24398,4.2519,4.25578,4.2637,4.27637,4.2843,4.28819,4.29613,4.31044,4.32568,4.34,4.34958,4.35916,4.37186,4.37983,4.38212,4.38442,4.39239,4.40511,4.41309,4.41541,4.4161,4.41679,4.41912,4.42713,4.43988,4.4479,4.45188,4.45991,4.47268,4.48072,4.48309,4.48546,4.49352,4.50632,4.51439,4.51678,4.51919,4.52727,4.5401,4.54819,4.55225,4.56198,4.58377,4.61123,4.63628,4.66228,4.69775,4.73254,4.75762,4.7747,4.79085,4.80632,4.82085,4.83065,4.84208,4.86393,4.89146,4.91332,4.92478,4.9346,4.94754,4.95737,4.96721,4.98179,4.9973,5.01189,5.02011,5.02428,5.0325,5.04546,5.05532,5.06517,5.07977,5.09692,5.11882,5.13909,5.15057,5.16042,5.17501,5.19053,5.20512,5.21333,5.21586,5.21839,5.22659,5.24116,5.25665,5.27283,5.28831,5.30448,5.31995,5.33447,5.34425,5.35402,5.36689,5.37501,5.37907,5.38717,5.40163,5.417,5.43143,5.44111,5.45078,5.46354,5.47318,5.4828,5.49714,5.51241,5.52672,5.53465,5.53852,5.54641,5.56065,5.57581,5.59002,5.59946,5.60889,5.62304,5.6381,5.65383,5.66885,5.68454,5.69951,5.71353,5.72278,5.73202,5.74434,5.75352,5.76269,5.77656,5.79135,5.80681,5.82155,5.83533,5.84272,5.84441,5.84445,5.84609,5.85337,5.86534,5.87252,5.87397,5.87375,5.87347,5.87315,5.87441,5.88129,5.89287,5.89966,5.90073,5.90013,5.89948,5.8988,5.89807,5.8973,5.89649,5.89565,5.89477,5.89385,5.8929,5.89192,5.8909,5.88986,5.88879,5.88769,5.88657,5.88543,5.88426,5.88308,5.88187,5.88065,5.87941,5.87816,5.87689,5.87561,5.87433,5.87303,5.87173,5.87042,5.86911,5.86779,5.86647,5.86515,5.86383,5.86251,5.86119,5.85987,5.85856,5.85725,5.85595,5.85465,5.85336,5.85208,5.85081,5.84954,5.84829,5.84704,5.8458,5.84458,5.84336,5.84216,5.84096,5.83978,5.83861,5.83745,5.8363,5.83517,5.83404,5.83293,5.83183,5.83074,5.82966,5.82859,5.82754,5.82649,5.82546,5.82443,5.82342,5.82242,5.82142,5.82044,5.81946,5.82013,5.82647,5.83757,5.84556,5.85356,5.86631,5.88,5.89276,5.90079,5.90883,5.91998,5.92803,5.93608,5.94888,5.96262,5.97706,5.99081,6.00526,6.02065,6.04078,6.06091,6.07794,6.09808,6.1166,6.12471,6.12715,6.13363,6.14649,6.16028,6.17314,6.1829,6.19996,6.23054,6.25802,6.27509,6.2896,6.30382,6.31749,6.32642,6.33698,6.35633,6.37567,6.38624,6.39517,6.40721,6.41615,6.42671,6.44605,6.46703,6.48327,6.49694,6.50587,6.51643,6.53578,6.55675,6.57462,6.5956,6.61657,6.63607,6.66598,6.70467,6.73457,6.75407,6.77668,6.80332,6.82593,6.8438,6.8664,6.89305,6.91565,6.93352,6.9545,6.97547,6.99334,7.01431,7.03529,7.05315,7.07576,7.10241,7.12501,7.14125,7.15818,7.18172,7.21637,7.25195,7.28186,7.30609,7.33126,7.36591,7.40149,7.43303,7.46294,7.49285,7.52275,7.55266,7.5842,7.61978,7.65606,7.69016,7.73374,7.77974,7.81127,7.83077,7.85338,7.88165,7.91319,7.9504,7.99398,8.0385,8.08208,8.12092,8.15813,8.19441,8.22688,8.26316,8.29874,8.33191,8.37075,8.42326,8.48875,8.55898,8.62043,8.67551,8.7295,8.76834,8.79677,8.82979,8.85807,8.87593,8.89123,8.9091,8.93738,8.9704,8.9972,9.02873,9.06905,9.1079,9.14837,9.19762,9.25013,9.30521,9.36977,9.43526,9.49507,9.54596,9.5848,9.61471,9.63731,9.65355,9.66885,9.68509,9.70769,9.73434,9.75695,9.77481,9.79579,9.81513,9.8257,9.83626,9.8556,9.87658,9.89445,9.91705,9.94533,9.97687,10.0124,10.0504,10.0885,10.1295,10.1604,10.1846,10.2039

Intensity : 1461.242,1458.6768,1482.2242,1514.0662,1547.6405,1553.1017,1542.8155,1547.2173,1556.6923,1567.5031,1578.2957,1589.0699,1601.5154,1614.0453,1626.4916,1637.7352,1647.6064,1658.0559,1672.655,1696.4727,1719.573,1731.6255,1741.776,1751.6476,1757.5555,1762.698,1764.2134,1763.4267,1762.7833,1760.5577,1743.4927,1723.803,1697.2838,1658.4042,1614.4377,1579.0149,1540.9213,1495.0321,1431.1581,1392.4209,1366.9482,1339.2778,1307.6706,1273.4187,1244.2613,1229.6259,1213.1552,1195.6518,1184.9078,1175.9616,1163.4888,1132.5009,1094.7725,1050.3407,1010.7745,969.25675,928.72632,894.091,865.21364,838.97882,819.98091,809.41772,801.25187,794.45372,787.81124,788.2286,789.17302,798.57139,816.66442,836.2153,856.03068,876.0811,899.04259,929.62586,963.87927,985.86443,1012.7911,1053.4622,1057.6615,1017.4056,942.25549,870.44574,814.57548,767.98976,753.16766,757.45946,766.16049,783.22504,795.57632,806.18254,828.14709,855.83026,876.06563,903.06601,918.90588,910.00537,900.1455,905.07989,918.44199,934.2982,934.31976,925.32529,921.45058,930.53889,947.50641,960.94968,973.81863,991.16969,1012.2329,1038.6855,1047.7684,1048.631,1062.684,1084.4919,1113.5011,1141.074,1162.6126,1164.2295,1166.081,1176.2381,1177.3913,1176.4975,1167.1548,1183.807,1223.4227,1281.1567,1309.4328,1300.5889,1279.531,1254.7203,1233.2805,1213.5073,1196.9497,1182.5442,1159.9033,1164.966,1179.8783,1170.9278,1148.2623,1126.8523,1102.7554,1077.5193,1021.0228,961.88035,923.26299,876.0122,841.34884,811.1068,787.68527,768.56336,752.45335,738.52046,725.75046,723.82334,735.68218,742.10788,752.37589,763.04601,779.23507,800.22731,810.43656,820.5322,828.42748,835.8341,808.08918,791.67118,799.17715,814.53712,826.36856,842.40071,848.01943,855.67059,888.125,926.17708,962.02541,982.63752,999.29114,1016.9792,1034.6921,1049.3721,1051.1565,1046.9988,1038.4287,1030.5917,1024.9897,1020.9795,1016.943,1014.8882,1013.0348,1011.0452,1009.3059,1010.0962,1010.9039,1011.7286,1017.8593,1032.9323,1047.9997,1063.0627,1077.9405,1092.6897,1107.4438,1122.2039,1147.9798,1186.2293,1228.8996,1254.4402,1277.4913,1301.8503,1325.3269,1335.1634,1331.6567,1328.3359,1325.0042,1321.4628,1317.8536,1312.6608,1304.1808,1286.2181,1267.4982,1271.156,1277.5639,1268.4875,1259.2848,1257.4109,1255.4615,1251.3072,1244.3932,1237.3807,1244.676,1253.5494,1263.3648,1268.2709,1272.1225,1266.3015,1257.6519,1230.8904,1195.9313,1147.4416,1090.6687,1046.9709,1026.234,1022.9037,1024.0396,1024.578,1009.4669,977.46012,946.39826,926.6283,926.13469,948.27531,984.64858,1009.5357,1001.3637,1005.257,987.61039,956.92951,911.7055,848.91173,808.95545,809.53473,809.61666,812.65096,811.64269,820.95152,838.9698,864.6444,885.82507,905.76432,919.29888,931.39245,932.36148,927.19191,930.25083,929.71979,934.62836,958.26294,989.98488,1023.9677,1049.7918,1018.8914,1003.1328,995.01992,983.28964,967.36477,953.51862,949.78306,954.41556,951.8097,911.82368,875.85826,828.16371,795.277,790.57664,760.70977,732.45514,726.34489,721.74888,705.38753,691.81988,691.55036,691.36014,681.02393,665.22111,645.53208,630.78151,629.53077,633.05879,638.35465,643.42211,655.44342,665.70791,668.49805,675.6818,688.38231,702.38023,708.53408,728.73283,755.77281,747.85145,716.09262,675.9617,648.00368,628.19108,624.16065,625.56685,625.73886,627.29071,629.62881,622.42077,616.18581,608.93419,588.75068,570.34327,561.34596,551.92504,542.14886,535.26491,536.3124,540.86674,548.6403,561.22024,579.80796,577.24566,552.77693,533.83498,512.56307,491.38343,478.3347,479.11084,477.91714,489.03976,499.34422,508.68662,506.96327,503.5919,488.16051,475.68542,464.12591,445.32759,426.09332,409.20932,394.57147,378.54391,367.54148,358.76838,358.31182,346.56525,327.40047,319.64945,315.348,313.4457,314.73229,320.33567,326.56781,333.68227,347.62689,358.35613,362.64434,366.47144,381.18646,402.33084,413.90784,422.55712,432.12876,441.65699,433.43236,426.60932,418.71824,415.34799,417.26454,417.54026,415.41036,422.46921,428.72594,439.84597,423.56263,404.56067,389.67902,368.41143,348.46018,345.35548,341.41377,342.72765,348.61193,351.56221,353.80258,354.89421,356.19635,358.73607,359.8665,363.12735,370.97229,382.4697,384.95172,386.16057,386.91334,384.84516,383.1996,382.64704,383.06358,379.25259,376.8209,377.53112,372.97234,370.6406,378.1058,385.52841,386.79867,388.17291

Time pixel : 3.768256,3.989136,4.36221,4.91661,5.568612,6.123052,6.51148,6.816205,7.105678,7.395173,7.68469,7.97423,8.263793,8.55338,8.842991,9.132627,9.422288,9.727249,10.10069,10.57174,11.04281,11.41634,11.73672,12.09503,12.49778,12.85616,13.1614,13.4514,13.74143,14.03151,14.33689,14.69549,15.09854,15.45723,15.76279,16.05311,16.34349,16.63391,16.93965,17.29863,17.7326,18.22858,18.76025,19.20317,19.59297,19.99668,20.37133,20.74604,21.16522,21.60851,22.11155,22.65256,23.15574,23.59931,24.03419,24.46263,24.88239,25.24254,25.5496,25.84146,26.1334,26.41016,26.63382,26.82844,27.12072,27.51068,27.85631,28.09569,28.27547,28.49975,28.7773,29.05494,29.29477,29.54346,29.89633,30.29597,30.67957,31.08081,31.66117,32.45575,33.50667,34.70845,35.82801,36.7358,37.36987,37.73391,38.074,38.53437,39.0101,39.4036,39.82772,40.44058,41.14231,41.673,42.09739,42.57361,43.04989,43.42864,43.73899,44.04938,44.41299,44.82105,45.16946,45.41155,45.59398,45.82083,46.10087,46.3962,46.7068,47.08584,47.56246,48.05433,48.51705,48.9936,49.40166,49.68297,49.99335,50.38599,50.74943,51.07489,51.46873,52.0285,52.71632,53.42807,54.13094,54.77402,55.34851,55.83915,56.21678,56.52581,56.81941,57.09757,57.32237,57.53313,57.89445,58.39756,58.82692,59.1497,59.45699,59.83249,60.3206,60.87691,61.46351,62.11829,62.85511,63.55374,64.16326,64.79286,65.41564,66.00021,66.5692,67.13785,67.70618,68.28944,68.94081,69.67415,70.35395,70.89141,71.38918,71.87132,72.32395,72.82061,73.37007,73.94969,74.59738,75.35753,76.1552,76.8614,77.44784,78.00107,78.50299,79.02629,79.625,80.21433,80.64558,80.95438,81.23182,81.50846,81.78429,82.05933,82.33358,82.60706,82.87977,83.15173,83.42296,83.69346,83.96325,84.23235,84.50078,84.76856,85.0357,85.30223,85.56817,85.83354,86.09836,86.36266,86.62645,86.88977,87.15264,87.41507,87.67711,87.93876,88.2306,88.62847,89.11484,89.5274,89.90179,90.34299,90.78397,91.12719,91.40179,91.66098,91.92005,92.17902,92.43791,92.71202,93.05454,93.49462,93.96524,94.44465,94.975,95.50766,96.02284,96.43402,96.7921,97.17941,97.57561,97.96315,98.30642,98.64983,99.05307,99.53369,100.1033,100.6286,101.0718,101.5596,102.1692,102.9072,103.7137,104.551,105.4569,106.4606,107.4798,108.4242,109.2384,109.9043,110.5754,111.2315,111.8295,112.5318,113.3784,114.2471,115.0271,115.7832,116.5394,117.3199,118.2046,119.1667,120.1886,121.1953,122.1199,123.0141,123.8691,124.5669,125.1432,125.6891,126.2351,126.7812,127.3274,127.8737,128.4353,129.0503,129.7097,130.34,130.9705,131.6606,132.4281,133.2845,134.0812,134.7272,135.2743,135.7378,136.1037,136.4544,136.8342,137.185,137.5664,138.1138,138.8579,139.7236,140.5959,141.3489,141.9868,142.5498,143.1016,143.5873,144.0262,144.4587,144.9509,145.4962,146.0568,146.6174,147.1628,147.6396,148.0189,148.3982,148.8751,149.4052,149.9279,150.5125,151.2151,151.8289,152.3072,152.7994,153.36,154.0196,154.8452,155.7684,156.5941,157.2537,157.8295,158.3902,158.9508,159.4961,159.973,160.337,160.6326,160.9282,161.2769,161.6853,162.1025,162.5262,162.9435,163.3672,163.7996,164.2918,164.8066,165.2303,165.5652,166.0194,166.6864,167.4727,168.1549,168.6929,169.2091,169.8141,170.4279,171.0038,171.5644,172.125,172.6703,173.1778,173.7092,174.3674,175.0256,175.5724,176.1482,176.7912,177.3518,177.7995,178.2079,178.572,178.9513,179.4434,180.0572,180.7307,181.3597,181.9356,182.4962,183.0568,183.6022,184.0943,184.5268,184.9658,185.482,186.186,187.0648,187.988,188.7757,189.4594,190.1772,190.791,191.2541,191.6625,191.996,192.2384,192.4743,192.8142,193.2162,193.6399,194.0724,194.5645,195.0946,195.5867,196.0345,196.5114,197.0188,197.6034,198.306,198.9198,199.3828,199.8065,200.2085,200.5485,200.7691,200.9278,201.0799,201.2918,201.5568,201.8371,202.1327,202.4967,202.9583,203.4199,203.7687,203.9958,204.1633,204.3751,204.6554,204.9889,205.3289,205.6485,206.0569,206.5338,207.0347,207.556,207.9732,208.2688,208.4654

Position pixel : 39.1135,39.1187,39.1239,39.1444,39.2181,39.3362,39.4099,39.4304,39.4357,39.441,39.4463,39.4516,39.4569,39.4622,39.4676,39.473,39.4783,39.4837,39.4892,39.4946,39.5,39.5055,39.511,39.5165,39.522,39.5275,39.5331,39.5387,39.5443,39.5499,39.5555,39.5612,39.5821,39.6563,39.7749,39.8491,39.8855,39.9597,40.0784,40.1528,40.1892,40.2636,40.3977,40.5406,40.6748,40.7646,40.8544,40.9734,41.048,41.0695,41.0911,41.1658,41.285,41.3598,41.3815,41.388,41.3945,41.4163,41.4914,41.6109,41.686,41.7233,41.7986,41.9183,41.9936,42.0158,42.0381,42.1136,42.2335,42.3091,42.3316,42.3541,42.4299,42.5501,42.626,42.664,42.7552,42.9594,43.2168,43.4516,43.6952,44.0277,44.3537,44.5887,44.7488,44.9002,45.0451,45.1813,45.2732,45.3804,45.5851,45.8431,46.048,46.1553,46.2474,46.3687,46.4609,46.553,46.6897,46.8351,46.9718,47.0488,47.0879,47.165,47.2864,47.3788,47.4712,47.6079,47.7687,47.974,48.1639,48.2715,48.3638,48.5006,48.646,48.7827,48.8597,48.8834,48.9072,48.984,49.1205,49.2657,49.4174,49.5625,49.714,49.859,49.9951,50.0867,50.1783,50.2989,50.375,50.413,50.4889,50.6244,50.7685,50.9038,50.9945,51.0851,51.2047,51.295,51.3852,51.5196,51.6627,51.7968,51.8711,51.9074,51.9813,52.1148,52.2569,52.39,52.4786,52.5669,52.6995,52.8406,52.9881,53.1288,53.2759,53.4162,53.5476,53.6343,53.7209,53.8363,53.9224,54.0083,54.1384,54.277,54.4219,54.56,54.6892,54.7584,54.7743,54.7746,54.79,54.8582,54.9704,55.0376,55.0513,55.0492,55.0466,55.0436,55.0554,55.1199,55.2284,55.292,55.3021,55.2964,55.2904,55.2839,55.2771,55.2699,55.2623,55.2544,55.2462,55.2376,55.2287,55.2195,55.21,55.2002,55.1902,55.1799,55.1694,55.1587,55.1477,55.1366,55.1253,55.1139,55.1022,55.0905,55.0786,55.0667,55.0546,55.0425,55.0303,55.018,55.0057,54.9933,54.981,54.9686,54.9562,54.9438,54.9315,54.9191,54.9068,54.8946,54.8824,54.8702,54.8581,54.8461,54.8342,54.8223,54.8106,54.7989,54.7873,54.7758,54.7644,54.7531,54.7419,54.7308,54.7199,54.709,54.6983,54.6876,54.6771,54.6666,54.6563,54.6461,54.636,54.626,54.6161,54.6063,54.5966,54.587,54.5775,54.5681,54.5588,54.5496,54.5404,54.5467,54.6061,54.7101,54.785,54.86,54.9795,55.1078,55.2274,55.3026,55.378,55.4825,55.5579,55.6334,55.7533,55.8821,56.0174,56.1463,56.2817,56.4259,56.6146,56.8033,56.9629,57.1517,57.3252,57.4012,57.4241,57.4848,57.6053,57.7346,57.8551,57.9466,58.1065,58.3931,58.6506,58.8106,58.9466,59.0798,59.2079,59.2917,59.3907,59.572,59.7533,59.8523,59.936,60.0489,60.1326,60.2316,60.4129,60.6095,60.7616,60.8898,60.9735,61.0725,61.2538,61.4504,61.6178,61.8144,62.011,62.1937,62.474,62.8366,63.1169,63.2996,63.5115,63.7612,63.9731,64.1405,64.3524,64.6022,64.814,64.9815,65.178,65.3746,65.5421,65.7386,65.9352,66.1027,66.3145,66.5643,66.7761,66.9283,67.087,67.3076,67.6323,67.9658,68.2461,68.4732,68.7091,69.0338,69.3673,69.6629,69.9432,70.2235,70.5038,70.7841,71.0797,71.4131,71.7531,72.0728,72.4812,72.9122,73.2078,73.3905,73.6024,73.8674,74.163,74.5118,74.9202,75.3374,75.7458,76.1098,76.4586,76.7986,77.1029,77.4429,77.7764,78.0872,78.4513,78.9434,79.5572,80.2154,80.7913,81.3075,81.8135,82.1775,82.444,82.7534,83.0184,83.1859,83.3293,83.4967,83.7618,84.0712,84.3224,84.6179,84.9958,85.3598,85.7391,86.2008,86.6929,87.2091,87.8141,88.4279,88.9885,89.4654,89.8294,90.1097,90.3216,90.4738,90.6172,90.7693,90.9812,91.2309,91.4428,91.6102,91.8068,91.9881,92.0871,92.1861,92.3674,92.564,92.7315,92.9433,93.2083,93.5039,93.8374,94.1926,94.5502,94.9346,95.2236,95.4508,95.6321

Pole type : Curve
Start frame : 1
End frame : 297
Start time (s) : 0.000
End time (s) : 2086.650
Time step (s) : 7.049

Feature Information :


Feature number : 1

Time (s) : 1220.0199,1221.4057,1223.274,1225.25,1227.226,1229.3096,1231.8759,1235.13,1238.3841,1240.9503,1243.0339,1245.1176,1247.5761,1250.3477,1252.6986,1254.2997,1255.4801,1256.9736,1258.8419,1260.9256,1263.5994,1267.3361,1271.3858,1274.5422,1277.1084,1279.3974,1281.0604,1282.6615,1284.5298,1286.5058,1288.4818,1290.4578,1292.4338,1294.4098,1296.3858,1298.4694,1300.928,1303.6996,1306.1581,1308.2333,1310.1532,1312.0725,1313.9911,1315.9091,1317.8262,1319.7424,1321.5498,1322.9812,1324.098,1325.6339,1327.9177,1330.6202,1333.0073,1335.0173,1336.9169,1338.814,1340.7084,1342.6002,1344.4896,1346.3768,1348.2621,1350.146,1352.0292,1353.9123,1355.6886,1357.0916,1358.1844,1359.594,1361.3834,1363.2864,1365.1966,1367.1149,1369.0423,1371.0872,1373.6253,1376.8623,1380.326,1383.9718,1388.58,1394.603,1401.9524,1408.5175,1412.9215,1416.0923,1418.6347,1420.8084,1422.8792,1424.9533,1427.0296,1429.1067,1431.1835,1433.2593,1435.5487,1438.693,1442.8356,1446.662,1449.5303,1452.1801,1455.0322,1457.5684,1459.7271,1461.6681,1463.1244,1463.8909,1464.5481,1465.4093,1466.064,1466.8253,1468.2736,1470.0961,1471.5429

Position (um) : 3.844,3.844,3.844,3.844,3.844,3.844,3.844,3.844,3.844,3.8457,3.853,3.8666,3.8812,3.8949,3.9038,3.9128,3.9248,3.9321,3.9354,3.9427,3.9547,3.962,3.9637,3.9637,3.9653,3.9726,3.9846,3.9919,3.9936,3.9936,3.9936,3.9936,3.9952,4.0025,4.0145,4.0218,4.0235,4.0235,4.0235,4.0256,4.0363,4.0518,4.0642,4.0766,4.0922,4.1032,4.1101,4.1212,4.1371,4.1499,4.1629,4.1792,4.1924,4.2058,4.2225,4.2345,4.2411,4.2462,4.2514,4.2568,4.2623,4.2679,4.2735,4.2791,4.2863,4.2991,4.3164,4.3304,4.3441,4.3606,4.3719,4.377,4.3799,4.3823,4.384,4.385,4.3854,4.385,4.3837,4.3817,4.379,4.3755,4.3715,4.3669,4.3618,4.3563,4.3506,4.3447,4.3386,4.3325,4.3264,4.3203,4.3144,4.3086,4.303,4.2976,4.2923,4.2873,4.2824,4.2777,4.2748,4.2793,4.296,4.3185,4.3371,4.351,4.368,4.3835,4.3887,4.3866,4.3829

Intensity : 546.0898,549.2299,553.4633,557.9407,562.6772,568.2775,575.1747,579.1512,577.3292,576.6929,582.5169,588.7117,596.3408,612.2008,626.0782,635.7768,641.5289,646.707,652.8645,660.3149,663.1962,663.3602,666.2557,669.4052,669.467,666.7739,664.9745,663.6724,673.2969,686.1091,698.9212,710.4671,717.2924,725.3768,735.1676,741.349,744.7551,748.1133,739.7216,731.2312,726.9497,724.6616,717.2619,709.5889,703.1033,708.3311,715.9356,722.6227,728.6894,734.4172,733.6464,726.6231,721.0696,716.2203,709.3727,703.4931,701.5503,700.9357,699.9904,698.7115,709.1341,719.7883,728.1976,734.7457,734.5295,727.4544,714.7331,706.4789,700.7097,693.5973,691.5043,695.0366,683.0626,665.2568,644.7615,624.2384,605.149,579.0564,541.3318,544.5794,516.2212,485.4587,457.1579,434.6075,424.3467,419.0868,414.1513,408.2407,401.0233,393.4817,385.8956,382.2511,377.8754,370.9574,360.3175,353.8259,353.1493,352.4808,351.7198,350.9571,351.3948,355.1316,356.7725,356.4627,356.2976,357.0208,357.0404,353.4155,347.2616,341.0515,336.3932

Time pixel : 173.0649,173.2615,173.5265,173.8068,174.0871,174.3827,174.7467,175.2083,175.6699,176.034,176.3295,176.6251,176.9739,177.367,177.7005,177.9276,178.0951,178.3069,178.572,178.8675,179.2468,179.7769,180.3514,180.7991,181.1631,181.4879,181.7238,181.9509,182.2159,182.4962,182.7765,183.0568,183.3371,183.6174,183.8977,184.1933,184.5421,184.9352,185.284,185.5783,185.8507,186.1229,186.3951,186.6672,186.9391,187.211,187.4674,187.6704,187.8288,188.0467,188.3707,188.754,189.0926,189.3778,189.6472,189.9163,190.1851,190.4534,190.7215,190.9892,191.2566,191.5238,191.791,192.0581,192.3101,192.5091,192.6641,192.8641,193.1179,193.3879,193.6588,193.9309,194.2044,194.4944,194.8545,195.3137,195.805,196.3222,196.9759,197.8303,198.8728,199.8041,200.4288,200.8786,201.2392,201.5476,201.8413,202.1356,202.4301,202.7247,203.0194,203.3138,203.6386,204.0846,204.6722,205.215,205.6219,205.9978,206.4024,206.7622,207.0684,207.3437,207.5503,207.659,207.7523,207.8744,207.9673,208.0753,208.2807,208.5393,208.7445

Position pixel : 36.0265,36.0265,36.0265,36.0265,36.0265,36.0265,36.0265,36.0265,36.0265,36.0418,36.1102,36.2384,36.3753,36.5034,36.5871,36.6708,36.7837,36.8522,36.8827,36.9511,37.064,37.1325,37.1477,37.1477,37.163,37.2315,37.3443,37.4128,37.428,37.428,37.428,37.428,37.4433,37.5118,37.6246,37.6931,37.7083,37.7083,37.7083,37.7284,37.8287,37.9737,38.0899,38.2065,38.3528,38.4551,38.5202,38.6239,38.7728,38.8935,39.0153,39.1673,39.2915,39.4171,39.5732,39.6864,39.7479,39.7957,39.8448,39.8952,39.9466,39.9988,40.0514,40.1041,40.1716,40.2913,40.4538,40.5851,40.7136,40.8678,40.9736,41.0216,41.0491,41.0711,41.0871,41.0968,41.1,41.0962,41.0847,41.0659,41.04,41.0078,40.9696,40.9264,40.8789,40.8278,40.7741,40.7184,40.6616,40.6043,40.547,40.4905,40.4349,40.3807,40.328,40.2771,40.2279,40.1805,40.1348,40.0908,40.0635,40.106,40.2626,40.4735,40.6473,40.7775,40.9376,41.0829,41.1312,41.1114,41.0768

Brightness max : 717.28
Brightness min : 232.00
Feature direction : Antipoleward
Feature speed : Slow
Feature type : Curve
Start frame : 1
End frame : 297
Start time (s) : 0.000
End time (s) : 2086.650
Time step (s) : 7.049

Feature number : 2

Time (s) : 442.8639,443.4541,444.8399,446.7082,448.6842,450.6602,452.6362,454.6122,456.4805,457.974,459.1544,460.6479,462.5162,464.4922,466.4682,468.4442,470.4202,472.3962,474.2645,475.7579,476.8307,477.7339

Position (um) : 4.5409,4.5545,4.5691,4.5828,4.5901,4.5917,4.5917,4.5934,4.6023,4.6216,4.641,4.6499,4.6516,4.6516,4.6516,4.6516,4.6516,4.6516,4.6499,4.6426,4.6306,4.6233

Intensity : 544.8453,551.3742,560.3746,567.2969,572.5389,576.6379,574.0767,569.1473,564.7736,562.3553,560.5831,557.1603,552.3599,547.2083,545.3689,545.6641,545.9592,545.9675,539.6873,535.1836,532.5755,530.1793

Time pixel : 62.8221,62.9058,63.1024,63.3674,63.6477,63.928,64.2083,64.4886,64.7537,64.9655,65.133,65.3448,65.6098,65.8902,66.1705,66.4508,66.7311,67.0114,67.2764,67.4882,67.6404,67.7685

Position pixel : 42.5572,42.6853,42.8222,42.9504,43.0188,43.0341,43.0341,43.0494,43.1331,43.3144,43.4957,43.5794,43.5947,43.5947,43.5947,43.5947,43.5947,43.5947,43.5794,43.511,43.3981,43.3297

Brightness max : 541.60
Brightness min : 232.00
Feature direction : Ambiguous
Feature speed : Slow
Feature type : Curve
Start frame : 1
End frame : 297
Start time (s) : 0.000
End time (s) : 2086.650
Time step (s) : 7.049

Feature number : 3

Time (s) : 1245.7078,1247.0936,1248.9619,1250.8302,1252.216,1252.9139,1253.5041,1254.2997,1254.8899,1255.4801,1256.3834,1257.3484,1258.2517,1258.7342,1258.9496,1259.4321,1260.3353,1261.3004,1262.3113,1263.2764,1264.2873,1265.2524,1266.2633,1267.2284,1268.1317,1268.7219,1269.3121,1270.1076,1270.6979,1271.3957,1272.6739,1274.0596,1275.1324,1276.1433,1277.1084,1278.0116

Position (um) : 5.1883,5.1793,5.1584,5.1301,5.1002,5.0719,5.0477,5.0225,4.9895,4.9612,4.9417,4.9191,4.8908,4.8609,4.8326,4.81,4.7922,4.7696,4.7429,4.7203,4.7024,4.6798,4.6532,4.6306,4.6127,4.5917,4.5708,4.5529,4.5303,4.5036,4.481,4.4648,4.4495,4.4333,4.4123,4.3929

Intensity : 384.5231,388.2,391.033,393.1532,397.1492,402.4998,407.2237,411.9605,419.4337,426.3958,430.7433,435.3755,439.7791,443.6959,447.4824,449.6712,449.219,448.1676,447.9452,448.5127,448.8237,449.8453,451.5812,453.2387,454.6746,456.6551,460.0687,463.1566,467.019,471.4809,475.0426,479.7024,484.2943,489.9849,500.2942,510.2358

Time pixel : 176.7088,176.9054,177.1705,177.4355,177.6321,177.7311,177.8148,177.9276,178.0114,178.0951,178.2232,178.3601,178.4882,178.5567,178.5872,178.6557,178.7838,178.9207,179.0641,179.201,179.3444,179.4813,179.6247,179.7616,179.8898,179.9735,180.0572,180.1701,180.2538,180.3528,180.5341,180.7307,180.8828,181.0262,181.1631,181.2913

Position pixel : 48.6249,48.5412,48.3446,48.0795,47.7992,47.5342,47.3071,47.0712,46.7618,46.4967,46.314,46.1022,45.8371,45.5568,45.2918,45.0799,44.9125,44.7006,44.4509,44.239,44.0716,43.8597,43.61,43.3981,43.2307,43.0341,42.8375,42.6701,42.4582,42.2085,41.9966,41.8444,41.701,41.5489,41.3523,41.171

Brightness max : 541.60
Brightness min : 232.00
Feature direction : Poleward
Feature speed : Slow
Feature type : Curve
Start frame : 1
End frame : 297
Start time (s) : 0.000
End time (s) : 2086.650
Time step (s) : 7.049

Feature number : 4

Time (s) : 1244.3485,1245.024,1246.2649,1248.0191,1249.7993,1251.2631,1252.3459,1253.225,1254.0588,1254.8925,1255.7262,1256.56,1257.3483,1257.9784,1258.5219,1259.3556,1260.4796,1261.5169,1262.3961,1263.2298,1264.0635,1264.8518,1265.5274,1266.2291,1267.1494,1267.9377,1268.4812,1269.0659,1269.6052,1269.8542,1269.8997,1269.8997,1269.8997,1269.8997,1269.8997,1269.8997,1269.8997,1269.8997,1269.9451,1270.1941,1270.7334,1271.2727,1271.5671,1271.8162,1272.1973,1272.6499,1273.28,1274.0683,1274.902,1275.7358,1276.5695,1277.4032,1278.237,1279.0707,1279.9044,1280.7382,1281.5265,1282.1566,1282.6092,1283.0358,1283.4884,1284.1185,1284.8614,1285.4915,1285.9896,1286.6197,1287.408,1288.2417,1289.03,1289.6602,1290.1582,1290.7884,1291.5312,1292.1614,1292.6594,1293.2896,1294.0779,1294.9116,1295.7453,1296.6245,1297.6618,1298.7858,1299.6649,1300.412,1301.3324,1302.1207,1302.6642,1303.2943,1304.0826,1304.9164,1305.7501,1306.6293,1307.6666,1308.836,1309.8733,1310.7525,1311.5862,1312.4199,1313.2537,1314.0874,1314.9211,1315.7549,1316.5886,1317.4223,1318.2561,1319.0898,1319.9235,1320.7572,1321.591,1322.4247,1323.2584,1324.0922,1324.9259,1325.7596,1326.5934,1327.4271,1328.2608,1329.0946,1329.9283,1330.7166,1331.3467,1331.8448,1332.4749,1333.2632,1334.0969,1334.9307,1335.719,1336.3037,1336.5981,1336.8472,1337.1828,1337.3864

Position (um) : 6.6857,6.6826,6.6776,6.6745,6.6738,6.6738,6.6738,6.6738,6.6738,6.6738,6.6738,6.6745,6.6782,6.6864,6.6953,6.7028,6.7123,6.7236,6.7324,6.7369,6.7407,6.7464,6.754,6.7666,6.7836,6.8,6.8164,6.8341,6.8498,6.8631,6.8757,6.8883,6.9016,6.9173,6.935,6.9507,6.964,6.9767,6.9893,7.0012,7.0107,7.0183,7.0271,7.036,7.0428,7.0493,7.0554,7.0612,7.0643,7.065,7.065,7.065,7.065,7.065,7.065,7.065,7.0643,7.0612,7.0554,7.0493,7.0421,7.0329,7.0214,7.0114,7.0012,6.9893,6.9773,6.9671,6.9565,6.9426,6.9306,6.9224,6.9129,6.9009,6.8883,6.8764,6.8668,6.8586,6.8467,6.8328,6.8221,6.8119,6.8,6.7881,6.7785,6.7717,6.7652,6.759,6.7533,6.7502,6.7495,6.7495,6.7488,6.7457,6.7407,6.7376,6.7369,6.7369,6.7369,6.7369,6.7369,6.7369,6.7369,6.7369,6.7369,6.7369,6.7369,6.7369,6.7369,6.7369,6.7369,6.7369,6.7369,6.7369,6.7369,6.7369,6.7369,6.7369,6.7369,6.7376,6.7413,6.7502,6.7621,6.7747,6.7881,6.8031,6.8177,6.8283,6.8378,6.8467,6.8535,6.8593

Intensity : 370.6735,371.8178,373.9781,377.1925,380.0761,382.4739,384.2475,385.6876,387.0532,388.3326,388.828,389.3685,390.1026,391.0885,392.1203,393.3171,394.9822,396.6775,396.9882,397.2194,397.4951,397.7802,398.065,398.4396,399.0782,399.7822,400.4314,400.4401,398.7916,397.7547,397.0119,396.317,395.5843,394.7197,393.7451,391.5962,389.7411,387.9818,386.2355,384.6812,383.66,382.9976,382.0965,381.2151,380.6801,379.8642,379.2968,378.9922,379.2489,379.9397,380.2613,380.4048,380.5483,380.6918,380.8354,380.9789,381.2255,381.8279,382.8256,383.851,384.6618,384.6481,384.6618,384.6804,384.8063,384.9184,384.9184,384.8063,384.7448,384.9507,384.3518,382.247,379.9356,377.8807,376.2141,374.5053,372.8162,371.2744,369.8364,368.5702,367.6153,367.2028,366.6871,366.2169,366.0873,366.1265,366.0921,366.1669,366.4104,365.7148,365.0314,364.3404,363.5121,362.5699,361.7794,361.1681,361.3231,362.3348,363.3465,364.3582,365.3699,366.3816,367.3933,368.405,369.4165,370.1589,370.9012,371.6436,372.386,373.1284,373.8708,374.6132,375.3556,376.3293,377.4956,378.6618,379.8281,380.9944,382.1607,383.2907,384.318,385.3495,386.1966,384.6543,382.9642,381.2674,379.6139,378.3419,376.8164,375.4275,373.9847,372.9859

Time pixel : 176.516,176.6118,176.7879,177.0367,177.2892,177.4969,177.6505,177.7752,177.8935,178.0117,178.13,178.2483,178.3601,178.4495,178.5266,178.6448,178.8043,178.9514,179.0761,179.1944,179.3127,179.4245,179.5203,179.6199,179.7504,179.8623,179.9393,180.0223,180.0988,180.1341,180.1406,180.1406,180.1406,180.1406,180.1406,180.1406,180.1406,180.1406,180.147,180.1823,180.2588,180.3353,180.3771,180.4124,180.4665,180.5307,180.6201,180.7319,180.8502,180.9684,181.0867,181.205,181.3232,181.4415,181.5598,181.678,181.7899,181.8793,181.9435,182.004,182.0682,182.1576,182.2629,182.3523,182.423,182.5124,182.6242,182.7425,182.8543,182.9437,183.0143,183.1037,183.2091,183.2985,183.3691,183.4585,183.5703,183.6886,183.8069,183.9316,184.0787,184.2382,184.3629,184.4689,184.5994,184.7113,184.7883,184.8777,184.9896,185.1078,185.2261,185.3508,185.498,185.6638,185.811,185.9357,186.054,186.1722,186.2905,186.4088,186.527,186.6453,186.7636,186.8818,187.0001,187.1184,187.2367,187.3549,187.4732,187.5915,187.7097,187.828,187.9463,188.0645,188.1828,188.3011,188.4193,188.5376,188.6559,188.7677,188.8571,188.9277,189.0171,189.1289,189.2472,189.3655,189.4773,189.5602,189.602,189.6373,189.685,189.7138

Position pixel : 62.6591,62.6302,62.5826,62.5537,62.5472,62.5472,62.5472,62.5472,62.5472,62.5472,62.5472,62.5537,62.589,62.6655,62.7484,62.8191,62.9085,63.0139,63.0968,63.1386,63.1739,63.228,63.2986,63.4169,63.5763,63.7299,63.8835,64.0494,64.1965,64.3213,64.4395,64.5578,64.6825,64.8297,64.9955,65.1427,65.2674,65.3857,65.5039,65.6158,65.7052,65.7758,65.8587,65.9417,66.0059,66.0664,66.1242,66.1782,66.2071,66.2136,66.2136,66.2136,66.2136,66.2136,66.2136,66.2136,66.2071,66.1782,66.1242,66.0664,65.9995,65.9128,65.8047,65.7116,65.6158,65.5039,65.3921,65.2963,65.1968,65.0662,64.9544,64.8773,64.7879,64.6761,64.5578,64.446,64.3566,64.2795,64.1677,64.0371,63.9376,63.8417,63.7299,63.6181,63.5287,63.4645,63.404,63.3462,63.2922,63.2633,63.2568,63.2568,63.2504,63.2215,63.1739,63.145,63.1386,63.1386,63.1386,63.1386,63.1386,63.1386,63.1386,63.1386,63.1386,63.1386,63.1386,63.1386,63.1386,63.1386,63.1386,63.1386,63.1386,63.1386,63.1386,63.1386,63.1386,63.1386,63.1386,63.145,63.1803,63.2633,63.3751,63.4934,63.6181,63.7588,63.8958,63.9953,64.0847,64.1677,64.2319,64.2859

Brightness max : 423.52
Brightness min : 232.00
Feature direction : Ambiguous
Feature speed : Slow
Feature type : Curve
Start frame : 1
End frame : 297
Start time (s) : 0.000
End time (s) : 2086.650
Time step (s) : 7.049

Feature number : 5

Time (s) : 727.4071,727.8896,728.7929,729.9733,731.9493,734.6132,736.9641,738.5652,739.7456,741.1314,742.5172,743.5899,744.4932,745.0834,745.7813,747.167,748.9277,750.4211,751.6016,752.9873,754.3731,755.4459,756.3491,756.8317

Position (um) : 4.81,4.8253,4.8489,4.8851,4.9264,4.9627,4.9878,5.0121,5.0387,5.0613,5.0792,5.1018,5.1301,5.16,5.1899,5.2182,5.2424,5.2676,5.3006,5.3289,5.3467,5.3621,5.3767,5.3903

Intensity : 381.057,380.4262,379.7181,378.8856,379.3209,384.5817,393.0799,401.2009,407.5999,410.2229,410.78,412.7195,415.0734,415.7238,417.1114,420.2988,419.8614,420.7867,424.1113,428.6535,434.5707,437.3011,440.5735,444.5672

Time pixel : 103.1857,103.2542,103.3823,103.5498,103.8301,104.2079,104.5414,104.7685,104.936,105.1326,105.3292,105.4813,105.6095,105.6932,105.7922,105.9888,106.2385,106.4504,106.6178,106.8144,107.011,107.1631,107.2913,107.3597

Position pixel : 45.0799,45.2233,45.444,45.7839,46.1706,46.5106,46.7465,46.9736,47.2234,47.4352,47.6027,47.8145,48.0795,48.3598,48.6402,48.9052,49.1323,49.3682,49.6776,49.9427,50.1101,50.2535,50.3904,50.5185

Brightness max : 446.56
Brightness min : 232.00
Feature direction : Poleward
Feature speed : Slow
Feature type : Curve
Start frame : 1
End frame : 297
Start time (s) : 0.000
End time (s) : 2086.650
Time step (s) : 7.049

Feature number : 6

Time (s) : 1212.0082,1212.9115,1214.0919,1215.9602,1218.1416,1219.6969,1220.8155,1221.8882,1223.3817,1225.25,1227.0847,1227.5305,1227.4769,1227.218,1226.7061,1226.0571,1225.4895,1225.628,1226.4356

Position (um) : 3.0381,3.0454,3.0591,3.0753,3.0963,3.1173,3.1352,3.1578,3.186,3.216,3.2453,3.2551,3.2578,3.2533,3.2498,3.2472,3.2409,3.2351,3.2405

Intensity : 619.4177,616.1892,606.669,593.6848,579.4842,568.3214,554.6533,542.7143,529.1854,515.6878,504.9861,502.5425,503.2523,504.7468,508.3838,512.0451,515.0164,513.9352,509.3775

Time pixel : 171.9284,172.0565,172.224,172.489,172.7985,173.0191,173.1778,173.3299,173.5418,173.8068,174.0671,174.1303,174.1227,174.086,174.0134,173.9213,173.8408,173.8604,173.975

Position pixel : 28.4736,28.5421,28.6702,28.8224,29.0189,29.2155,29.383,29.5948,29.8598,30.1402,30.4149,30.5067,30.5324,30.4899,30.4576,30.433,30.3737,30.3197,30.37

Brightness max : 786.40
Brightness min : 232.00
Feature direction : Antipoleward
Feature speed : Slow
Feature type : Curve
Start frame : 1
End frame : 297
Start time (s) : 0.000
End time (s) : 2086.650
Time step (s) : 7.049

