KYMOANALYSIS DATA

General Information :

Tiff path : E:\Google Drive\microtubule dynamics and cut7\20-15 screens and tests\wild type\19-03-15&21 (Cut7-3GFP and cdc7mCh-int_mono_bipole _25 deg)\
Spindle type : Bipolar
Start frame : 1
End frame : 304
Start time (s) : 0.000
End time (s) : 2274.660
Time step (s) : 7.507
Num poles : 2
Num tracks : 8
Num tracks poleward : 2
Num tracks antipoleward : 5
Num tracks ambiguous : 1
Comments : {

}
Poles Information :


Pole number : 1

Time (s) : 17.200282,17.435023,18.7218,21.743091,25.581678,28.720339,30.650505,32.278521,33.789166,35.075943,36.703959,38.740623,40.894657,43.048691,45.202725,47.356759,49.393423,51.021439,52.308216,53.936232,55.972896,58.12693,60.398334,63.195757,66.860437,70.933764,74.598444,77.395866,79.667271,81.821305,83.975339,86.129373,88.283407,90.554812,93.352234,96.899543,100.44685,103.36165,106.15907,109.18036,111.86041,114.13182,116.28585,118.43988,120.71129,123.39134,126.53,129.73607,132.87473,135.55479,137.82619,139.98023,142.369,145.57507,149.58099,153.31308,156.56911,159.24916,161.52057,163.6746,165.82863,168.10004,170.89746,174.56214,178.63547,182.41752,185.9757,190.40114,195.98511,201.80383,207.2813,212.574,217.29071,221.3075,225.3917,230.91914,238.31591,247.27328,256.70671,265.78146,274.05636,282.0291,289.24109,294.95331,300.02214,305.08009,309.27079,312.18558,314.45699,317.31524,322.62539,330.80456,339.79682,348.84325,355.20543,359.04831,361.84574,364.76053,368.30784,372.20726,376.70011,382.45141,388.86355,395.54952,401.25087,405.33507,408.70847,412.03191,415.81396,419.88729,423.78671,427.75354,432.40284,437.11956,441.545,445.7357,449.51775,452.95856,456.74061,460.9313,465.23937,469.54744,474.09025,479.56773,486.37107,493.76783,501.33193,508.84607,516.2928,523.39829,530.73853,539.23729,548.60331,557.39336,564.43144,570.2719,577.66867,586.66513,595.54433,606.5992,620.79931,637.33823,655.25298,672.84394,689.36542,703.39819,713.80968,721.22819,728.90966,737.28018,744.15093,748.92848,753.01268,757.54462,761.61795,764.65011,767.44753,770.46883,773.14888,775.65502,778.86109,782.98438,787.47723,793.00467,799.87542,807.73079,815.4688,821.81353,826.23897,829.27113,832.06856,835.32459,839.17405,843.94073,849.4182,855.76293,862.4489,868.33503,873.21907,877.06853,880.32456,883.00462,885.39339,888.30818,892.61625,898.43497,905.42309,913.27846,921.13384,928.23933,934.70143,940.52015,945.4716,949.89704,954.20511,958.74792,964.34277,971.67213,980.05352,988.66966,997.28579,1006.1367,1015.5701,1024.7513,1032.0416,1038.4472,1045.2006,1051.8865,1057.364,1061.9068,1066.3323,1071.1663,1076.459,1081.8191,1087.2292,1092.8241,1099.1688,1105.8548,1112.093,1118.7898,1126.6452,1135.0266,1142.882,1149.4615,1155.291,1161.8705,1169.6085,1177.5813,1185.2128,1192.6595,1199.6476,1206.3445,1213.2152,1220.1359,1226.9002,1234.4643,1242.8457,1251.3444,1259.3172,1266.4227,1273.1195,1280.1076,1287.3196,1293.6644,1298.6158,1302.3979,1305.3127,1308.1101,1311.2488,1314.6896,1318.9976,1324.0556,1329.1244,1334.6019,1340.6445,1346.0046,1350.5474,1354.8555,1359.0462,1362.7108,1365.6256,1368.423,1371.4443,1374.1244,1376.2784,1377.7891

Position (um) : 4.7578,4.7347,4.6982,4.6553,4.6172,4.5866,4.5634,4.5452,4.5237,4.5022,4.4856,4.4716,4.4625,4.4533,4.441,4.4335,4.4302,4.4227,4.4087,4.3937,4.3781,4.3631,4.3475,4.3292,4.3002,4.2664,4.2423,4.225,4.2101,4.1961,4.1869,4.1778,4.1654,4.1563,4.1472,4.1332,4.1182,4.1042,4.0967,4.0951,4.0951,4.0951,4.0951,4.0951,4.0951,4.0951,4.0951,4.0951,4.0951,4.0951,4.0951,4.0951,4.0934,4.0859,4.0736,4.0661,4.0645,4.0645,4.0645,4.0628,4.0553,4.043,4.0355,4.0338,4.0338,4.0338,4.0338,4.0338,4.0338,4.0338,4.0338,4.0338,4.0322,4.0247,4.0124,4.0049,4.0032,4.0016,3.9924,3.9726,3.9528,3.9437,3.942,3.942,3.942,3.942,3.942,3.942,3.942,3.942,3.9437,3.9511,3.9651,3.9801,3.9941,4.0016,4.0032,4.0032,4.0032,4.0032,4.0032,4.0032,4.0032,4.0032,4.0032,4.0032,4.0032,4.0032,4.0032,4.0032,4.0032,4.0032,4.0032,4.0032,4.0032,4.0032,4.0032,4.0032,4.0032,4.0032,4.0032,4.0032,4.0032,4.0032,4.0016,3.9941,3.9801,3.9651,3.9495,3.9345,3.9188,3.9022,3.8808,3.861,3.8518,3.8468,3.8319,3.8072,3.7906,3.7781,3.7566,3.7293,3.7062,3.6879,3.6664,3.645,3.6284,3.6144,3.6052,3.5961,3.5837,3.5763,3.5729,3.5655,3.5531,3.5457,3.544,3.544,3.544,3.544,3.544,3.544,3.5423,3.5348,3.5208,3.5042,3.4828,3.4613,3.4447,3.429,3.414,3.3967,3.371,3.328,3.2776,3.2304,3.1841,3.1385,3.0956,3.0649,3.045,3.0235,3.002,2.9838,2.959,2.9209,2.8688,2.8092,2.7496,2.6959,2.6503,2.6115,2.5799,2.5503,2.5262,2.5014,2.4724,2.4418,2.4112,2.3789,2.3408,2.2962,2.2507,2.206,2.1696,2.1448,2.1265,2.1034,2.0761,2.053,2.0347,2.0115,1.9843,1.9611,1.9428,1.9197,1.8907,1.8585,1.8204,1.7758,1.7302,1.6856,1.6492,1.6243,1.6044,1.5738,1.5325,1.4927,1.453,1.41,1.3719,1.3397,1.309,1.2784,1.2461,1.2081,1.1651,1.1254,1.0856,1.0426,1.0046,0.97227,0.94166,0.91104,0.88209,0.86062,0.85148,0.84814,0.84067,0.82667,0.81005,0.78858,0.76711,0.75049,0.73649,0.72735,0.7182,0.70588,0.6984,0.69673,0.69673,0.69673,0.69673,0.69673,0.69673,0.69673

Intensity : 716.98573,722.36939,725.13479,727.40139,738.74326,756.7483,766.47556,773.0429,783.64396,796.38794,807.14231,809.33606,809.21034,811.15026,816.02973,812.83424,808.49978,808.39801,814.30679,827.80101,846.48959,856.92826,868.42348,894.73366,934.66549,976.2722,982.81059,968.27214,952.68593,938.54826,921.33971,900.75427,878.79714,855.98505,831.01483,800.3337,785.97793,778.20945,780.50978,792.45999,804.31557,816.45037,828.92702,841.40366,856.4585,880.50079,908.65718,933.65873,956.23564,973.5274,979.28691,984.7488,990.4034,981.39616,969.60806,954.83612,941.77975,933.18224,927.14939,921.95757,918.40254,904.70148,893.28549,880.0166,862.89712,850.46009,840.98331,852.30821,880.15544,880.02552,874.82819,853.30555,817.9613,838.92227,870.60816,899.40041,906.02906,864.02546,867.5012,964.34019,1029.4147,1015.438,985.12781,970.96426,988.21835,964.30976,945.65184,936.52804,929.41816,918.2934,896.44641,820.26499,744.65997,703.52223,696.9323,692.43718,691.27909,690.66084,689.22067,682.54483,673.45445,657.62182,664.18329,706.43478,740.70313,760.24849,762.53666,764.58605,758.74476,749.86208,761.6137,776.68235,781.47766,782.43125,777.58464,760.12079,738.68233,729.46669,723.40326,719.93684,717.70578,723.81922,731.61769,744.31896,751.38072,800.26974,860.51943,918.74461,940.51491,930.32293,939.00964,949.228,971.56766,974.23721,968.41614,988.04836,1003.4591,1031.7979,1020.0422,1045.8551,1045.9391,1003.3315,930.1195,849.81466,756.36948,669.25339,668.18881,677.43388,653.40277,599.17829,566.32432,557.8911,556.10955,556.59839,558.86732,561.61157,561.20077,558.41273,555.93958,563.62142,573.89961,577.94176,574.28075,575.51714,570.07576,555.74025,535.21183,515.29624,503.7964,501.39955,499.29093,497.05087,495.84932,489.98784,475.96579,460.37294,460.40015,462.17711,474.78935,490.61248,500.62997,509.86488,521.58656,529.36252,534.83886,531.09089,541.08048,562.13763,600.14105,641.06294,669.87756,675.93729,684.51332,666.50515,644.84447,616.46226,595.39096,583.72555,586.92711,562.47121,546.68284,550.65918,617.97218,682.09011,758.73644,816.82695,847.2581,857.52867,846.34278,852.36762,860.87238,834.61278,835.55325,867.83316,884.62008,910.57509,889.16392,864.47189,890.38869,884.21894,892.50565,870.64006,854.02952,823.49061,797.31788,769.77071,751.92942,764.6642,728.43584,730.62173,703.16523,689.52833,688.83324,706.98486,721.66148,728.96642,729.66185,726.62906,756.87746,760.24076,750.79054,747.29825,725.79995,703.03729,699.01867,680.63694,670.47677,665.56917,660.48462,651.8755,640.10707,635.54088,635.15864,638.49085,632.63168,629.93648,631.63595,620.42733,612.83113,615.98066,619.31294,620.16342,620.28061,620.34704,620.1779,620.05928

Time pixel : 2.291193,2.322462,2.49387,2.896326,3.407651,3.825742,4.082853,4.299716,4.500944,4.672351,4.889214,5.160511,5.447443,5.734375,6.021307,6.308239,6.579536,6.796399,6.967806,7.184669,7.455966,7.742898,8.045464,8.4181,8.90626,9.448854,9.937014,10.30965,10.61222,10.89915,11.18608,11.47301,11.75994,12.06251,12.43515,12.90767,13.3802,13.76847,14.1411,14.54356,14.90056,15.20312,15.49006,15.77699,16.07955,16.43656,16.85465,17.28172,17.69981,18.05681,18.35937,18.64631,18.96451,19.39158,19.92519,20.42233,20.85606,21.21306,21.51562,21.80256,22.08949,22.39205,22.76469,23.25285,23.79545,24.29924,24.77321,25.36271,26.10653,26.88163,27.61126,28.31628,28.94458,29.47965,30.02369,30.75998,31.74528,32.93846,34.19506,35.40388,36.50615,37.56817,38.52886,39.28976,39.96497,40.63872,41.19695,41.58522,41.88778,42.26852,42.97587,44.06539,45.26322,46.46827,47.31575,47.82765,48.20028,48.58855,49.06108,49.58051,50.17899,50.9451,51.79924,52.68985,53.44931,53.99336,54.44271,54.88542,55.38921,55.93181,56.45124,56.97965,57.59896,58.22726,58.81676,59.37499,59.87878,60.33712,60.84092,61.39915,61.97301,62.54687,63.15201,63.88164,64.78789,65.77319,66.78078,67.78172,68.77367,69.72017,70.69794,71.83003,73.07765,74.24854,75.18606,75.96405,76.94935,78.14774,79.33051,80.80309,82.69464,84.89774,87.2841,89.62734,91.82811,93.69737,95.08425,96.07244,97.09567,98.21068,99.12591,99.76231,100.3064,100.91,101.4526,101.8565,102.2292,102.6316,102.9886,103.3225,103.7495,104.2988,104.8973,105.6336,106.5488,107.5952,108.6259,109.4711,110.0606,110.4645,110.8371,111.2708,111.7836,112.4186,113.1482,113.9934,114.884,115.6681,116.3186,116.8314,117.2651,117.6221,117.9404,118.3286,118.9025,119.6776,120.6084,121.6548,122.7012,123.6477,124.5085,125.2836,125.9432,126.5327,127.1065,127.7117,128.4569,129.4333,130.5497,131.6974,132.8452,134.0242,135.2808,136.5038,137.4749,138.3281,139.2277,140.1184,140.848,141.4531,142.0426,142.6866,143.3916,144.1056,144.8262,145.5715,146.4167,147.3073,148.1383,149.0303,150.0767,151.1932,152.2396,153.116,153.8925,154.769,155.7997,156.8617,157.8783,158.8703,159.8011,160.6932,161.6084,162.5303,163.4314,164.4389,165.5554,166.6875,167.7495,168.696,169.5881,170.5189,171.4796,172.3248,172.9844,173.4882,173.8764,174.2491,174.6671,175.1255,175.6993,176.3731,177.0483,177.7779,178.5829,179.2969,179.902,180.4759,181.0341,181.5222,181.9105,182.2831,182.6856,183.0426,183.3295,183.5308

Position pixel : 44.5904,44.3736,44.0322,43.6297,43.2727,42.9858,42.7689,42.5975,42.3963,42.1951,42.0393,41.9081,41.8224,41.7367,41.6212,41.5511,41.5199,41.4498,41.3186,41.1785,41.0317,40.8916,40.7448,40.5734,40.3021,39.9853,39.7595,39.5971,39.4569,39.3258,39.2401,39.1544,39.0388,38.9531,38.8674,38.7363,38.5961,38.465,38.3949,38.3793,38.3793,38.3793,38.3793,38.3793,38.3793,38.3793,38.3793,38.3793,38.3793,38.3793,38.3793,38.3793,38.3636,38.2936,38.178,38.108,38.0923,38.0923,38.0923,38.0767,38.0066,37.8911,37.821,37.8054,37.8054,37.8054,37.8054,37.8054,37.8054,37.8054,37.8054,37.8054,37.7898,37.7197,37.6042,37.5341,37.5185,37.5028,37.4171,37.2315,37.0459,36.9602,36.9446,36.9446,36.9446,36.9446,36.9446,36.9446,36.9446,36.9446,36.9602,37.0303,37.1615,37.3016,37.4328,37.5028,37.5185,37.5185,37.5185,37.5185,37.5185,37.5185,37.5185,37.5185,37.5185,37.5185,37.5185,37.5185,37.5185,37.5185,37.5185,37.5185,37.5185,37.5185,37.5185,37.5185,37.5185,37.5185,37.5185,37.5185,37.5185,37.5185,37.5185,37.5185,37.5028,37.4328,37.3016,37.1615,37.0147,36.8745,36.7277,36.572,36.3707,36.1851,36.0994,36.0525,35.9124,35.6814,35.5256,35.4086,35.2074,34.9517,34.7349,34.5634,34.3622,34.161,34.0052,33.8741,33.7884,33.7026,33.5871,33.5171,33.4858,33.4157,33.3002,33.2301,33.2145,33.2145,33.2145,33.2145,33.2145,33.2145,33.1989,33.1288,32.9976,32.8419,32.6406,32.4394,32.2836,32.1368,31.9967,31.8343,31.5928,31.1903,30.7178,30.2751,29.8414,29.4143,29.0118,28.7249,28.5379,28.3366,28.1354,27.964,27.7315,27.3745,26.8864,26.3281,25.7699,25.2661,24.839,24.4754,24.1795,23.9015,23.6757,23.4432,23.1719,22.8849,22.598,22.2954,21.9384,21.5204,21.0933,20.6752,20.3338,20.1013,19.9299,19.7131,19.4574,19.2405,19.0691,18.8523,18.5966,18.3797,18.2083,17.9915,17.7202,17.4176,17.0606,16.6425,16.2154,15.7974,15.456,15.2235,15.0364,14.7495,14.3627,13.9901,13.6174,13.215,12.858,12.5554,12.2685,11.9815,11.679,11.322,10.9195,10.5469,10.1742,9.77178,9.41478,9.11222,8.82528,8.53835,8.26705,8.06583,7.98012,7.94885,7.87878,7.74763,7.59185,7.39063,7.1894,7.03362,6.90247,6.81676,6.73106,6.61553,6.54546,6.52983,6.52983,6.52983,6.52983,6.52983,6.52983,6.52983

Pole type : Curve
Start frame : 1
End frame : 304
Start time (s) : 0.000
End time (s) : 2274.660
Time step (s) : 7.507

Pole number : 2

Time (s) : 20.232446,22.50385,26.459807,30.874373,34.197814,36.469218,38.097235,39.384012,41.012028,43.048691,45.202725,47.239389,48.867405,50.036812,51.13881,52.308216,54.053603,56.616284,59.520205,61.674239,62.961016,64.063014,65.349791,67.503825,70.407746,73.087798,75.476573,78.156625,81.177916,83.857968,86.246744,88.926796,91.948087,94.628139,96.899543,99.053578,101.44235,104.64842,108.65434,112.38643,115.75983,118.9659,122.10456,124.78462,127.17339,129.97081,133.51812,137.06543,139.86285,142.13426,144.28829,146.44233,148.71373,151.51115,155.05846,158.60577,161.75531,165.83951,171.76472,177.87471,182.82617,186.60822,189.64038,193.08119,197.61313,202.32984,206.75528,211.18072,216.01481,221.19013,226.02422,230.6844,236.16187,242.96521,250.12724,256.52193,261.5408,265.78146,269.1049,272.25443,276.5625,282.26385,288.49121,294.42729,299.90477,305.31483,310.55757,315.20687,318.53031,320.91909,323.07312,325.34453,328.61143,335.31915,347.42176,361.82399,372.5442,378.7259,382.74269,386.30087,390.72631,396.31028,402.01163,407.08045,411.91454,416.68122,421.29143,426.58413,432.05073,436.47617,440.03435,443.8164,447.88973,451.67178,454.99522,458.13388,460.81393,463.08534,465.35674,468.15417,471.70148,475.24878,478.28095,481.72176,486.2537,491.08778,496.03924,501.09719,505.40526,508.84607,511.98473,514.66479,516.93619,519.09023,521.12689,522.87228,524.68507,527.18034,529.8604,532.77519,536.43987,540.5132,544.29525,547.85343,552.1615,557.33682,562.69693,568.22436,574.11048,580.50518,586.79995,592.55125,596.92673,600.30013,602.98018,605.25159,607.40562,609.55966,611.71369,613.86773,616.02176,618.17579,620.32983,622.48386,624.6379,626.79193,628.94596,631.1,633.25403,635.40807,637.67947,640.35952,643.38081,646.06087,648.44964,651.12969,654.15098,656.83104,658.98507,660.61309,661.89986,663.52788,665.68191,668.36197,671.50063,674.7067,677.96273,681.1688,684.30746,687.22225,690.5457,694.55161,698.16633,701.13109,704.11329,708.23658,712.71855,716.61797,720.05878,723.84083,728.1489,733.10036,738.8017,744.62042,750.09789,755.39059,760.1073,764.00672,767.44753,771.22958,775.53765,780.37174,785.54706,790.49852,795.56735,801.38606,807.61342,813.66688,819.553,825.06956,828.80165,830.78178,832.06856,833.5792,835.08985,836.37663,838.00464,840.0413,842.19534,844.34937,846.50341,848.77481,851.45486,854.59353,857.7996,861.05563,864.37907,868.16112,872.23445,875.78175,878.05316,879.45731,880.96795,882.4786,883.648,884.75,885.91941,887.54743,889.58409,891.97286,895.2963,899.71087,903.90157,907.45975,911.12443,914.67174,917.46916,919.74057,921.8946,924.166,926.84606,929.86735,932.66477,935.46219,938.48348,941.28091,944.07833,947.21699,950.6578,954.8485,959.49781,964.2254,970.39622,978.66025,987.9089,996.17292,1002.2264,1006.4279,1010.21,1013.6399,1015.9113,1017.1981,1018.3001,1019.3522,1020.4542,1021.6236,1023.1342,1024.6448,1025.9316,1027.5596,1029.5963,1031.7503,1033.9044,1036.0584,1038.3298,1041.2446,1045.3179,1049.8499,1053.6993,1057.0727,1060.1614,1062.8914,1065.3476,1068.6037,1072.7944,1077.6284,1082.6864,1086.8771,1089.7919,1091.9459,1093.4566,1094.1

Position (um) : 5.1054,5.1054,5.1054,5.1054,5.1054,5.1071,5.1145,5.1285,5.1451,5.1683,5.1956,5.2187,5.2353,5.251,5.2659,5.2799,5.2891,5.2982,5.3122,5.3272,5.3428,5.3578,5.3734,5.3901,5.4115,5.433,5.4496,5.4653,5.4802,5.4942,5.5034,5.5125,5.5249,5.5323,5.534,5.534,5.534,5.534,5.534,5.534,5.534,5.534,5.534,5.534,5.534,5.534,5.534,5.534,5.534,5.534,5.534,5.534,5.534,5.534,5.5357,5.5431,5.5571,5.5738,5.5952,5.6167,5.6333,5.6473,5.6565,5.6673,5.6871,5.7069,5.716,5.7194,5.7268,5.7408,5.7558,5.7698,5.7773,5.7789,5.7789,5.7806,5.7881,5.8004,5.8079,5.8095,5.8095,5.8095,5.8095,5.8095,5.8095,5.8095,5.8095,5.8095,5.8095,5.8112,5.8187,5.831,5.8385,5.8402,5.8402,5.8402,5.8402,5.8402,5.8402,5.8402,5.8402,5.8418,5.8493,5.8616,5.8691,5.8708,5.8708,5.8708,5.8708,5.8724,5.8799,5.8922,5.8997,5.9014,5.9014,5.9014,5.9014,5.9014,5.9031,5.9105,5.9229,5.9303,5.932,5.932,5.9337,5.9411,5.9551,5.9701,5.9841,5.9916,5.9932,5.9932,5.9932,5.9932,5.9949,6.0024,6.0147,6.0239,6.033,6.0453,6.0528,6.0545,6.0545,6.0545,6.0545,6.0545,6.0561,6.0636,6.0759,6.0834,6.0868,6.0942,6.1066,6.1157,6.1248,6.1388,6.1538,6.1678,6.1769,6.1861,6.1984,6.2075,6.2167,6.229,6.2365,6.2382,6.2398,6.2473,6.2596,6.2671,6.2688,6.2704,6.2779,6.2902,6.2977,6.3011,6.3085,6.3209,6.33,6.3392,6.3515,6.3606,6.3698,6.3838,6.3987,6.416,6.4385,6.4665,6.4906,6.5137,6.5352,6.5535,6.5766,6.6039,6.627,6.6436,6.6593,6.6759,6.6991,6.728,6.7586,6.7909,6.8273,6.8628,6.8886,6.9134,6.9407,6.9638,6.9821,7.0052,7.0358,7.0739,7.1169,7.1566,7.1964,7.2427,7.2957,7.3526,7.3982,7.4305,7.4536,7.4703,7.4843,7.4934,7.5025,7.5149,7.5223,7.524,7.524,7.5257,7.5332,7.5455,7.553,7.5546,7.5546,7.5546,7.5563,7.5638,7.5761,7.5852,7.5944,7.6067,7.6159,7.625,7.639,7.6556,7.6804,7.7152,7.7507,7.7764,7.8029,7.8376,7.8731,7.8989,7.9237,7.951,7.9741,7.9924,8.0139,8.0353,8.0536,8.0768,8.1057,8.1363,8.1669,8.1976,8.2282,8.2588,8.2911,8.3275,8.3646,8.4012,8.455,8.5252,8.5939,8.6535,8.6981,8.7272,8.7578,8.7916,8.8157,8.833,8.848,8.8636,8.8802,8.9051,8.9415,8.9861,9.0317,9.0763,9.116,9.1575,9.2095,9.2674,9.3212,9.3701,9.4222,9.4743,9.5198,9.557,9.5827,9.6059,9.629,9.6531,9.6844,9.7235,9.7746,9.8243,9.8615,9.8798,9.8906,9.9029

Intensity : 776.4299,763.802,736.869,708.0654,690.4352,679.3129,676.3212,678.8347,680.2438,685.227,695.0117,707.4324,713.8548,715.1048,716.9127,719.4444,715.3519,707.9023,700.9271,690.9337,678.9632,663.0662,646.1883,624.4462,613.9245,605.3163,597.1612,592.1539,588.6777,593.7306,610.2124,629.7594,639.4722,646.3775,656.639,663.283,668.3236,675.0887,664.3466,652.0678,648.4824,645.5742,640.2692,634.5288,629.4123,636.8193,649.4499,654.7511,654.127,653.6203,656.0561,659.3762,662.8772,658.7538,642.4374,635.7807,647.8111,663.0969,692.1711,740.8837,761.4796,762.8572,756.6665,737.4692,706.9667,676.2914,671.1923,675.5799,693.7801,686.9743,668.4377,639.9861,618.6883,619.2975,641.4784,651.5617,655.9163,661.3492,667.7124,685.7331,718.9862,724.8509,721.7842,709.9567,674.1672,702.6602,729.2794,748.3798,786.9047,814.2943,833.2854,831.6865,834.1406,841.3861,836.3136,866.1571,906.0081,932.7836,944.2791,959.2984,976.1715,969.0473,972.6622,971.7911,953.2169,937.3383,922.6659,894.0745,877.735,865.964,851.253,833.9037,817.9425,801.6226,776.8104,753.3506,732.9772,715.7103,699.191,688.2681,675.2976,662.0036,649.5907,625.2207,571.5441,524.2131,487.3905,490.554,503.5969,520.5697,541.2328,563.1909,581.8008,591.9381,594.3751,595.3171,595.4704,605.2133,621.513,641.6179,655.8089,670.4586,681.2694,691.4403,689.2073,681.0961,665.2644,650.0715,628.0436,601.6573,593.3302,607.531,606.1586,605.1983,608.4281,612.2375,615.9268,610.8719,600.7825,590.0537,574.3834,564.2623,553.6986,540.5968,535.8376,537.2123,538.7127,539.4631,545.2609,553.8728,566.2059,586.2654,608.7679,626.5079,631.9537,638.9504,637.2283,622.7891,615.1749,611.3176,601.502,591.1801,579.6966,570.4524,570.8878,571.249,563.5957,552.3669,548.1877,555.5012,555.6576,551.7975,548.6448,555.8156,562.9411,564.5218,562.5972,556.2434,554.0607,551.5124,539.5216,522.6622,526.5791,529.3058,527.3038,522.8554,502.3934,468.6795,451.5712,445.4798,448.1172,459.2027,473.1787,486.193,494.9489,497.576,488.0141,473.1775,458.8496,466.6983,468.3001,468.831,465.9801,465.9247,467.0093,466.2748,468.3131,473.6719,481.0165,488.333,493.6776,497.5851,502.7761,511.183,520.6148,530.328,534.6957,526.4676,517.3779,508.447,503.4159,498.1303,494.0002,491.1118,489.9542,490.4917,493.5939,487.0888,482.2069,480.7017,471.7625,457.2854,444.1684,436.3781,436.1896,443.3323,450.8687,456.8129,461.7182,463.4814,462.0174,462.5114,464.1671,459.1928,458.0395,445.6388,433.8251,418.7831,401.874,385.0272,370.4602,368.576,370.2011,362.2389,340.1574,336.1558,340.0413,342.4,337.5096,334.9268,334.0718,334.0429,333.7337,333.7067,333.9489,336.6602,341.4919,347.7932,355.0187,360.4626,362.5431,366.9551,368.6637,368.6021,361.3887,354.3153,343.9336,332.0817,321.783,314.1366,312.0661,312.7416,312.7906,315.3616,321.111,324.0926,321.4073,316.9512,309.8822,304.7474,301.8101,299.7188

Time pixel : 2.695098,2.997664,3.524624,4.112674,4.555379,4.857945,5.074808,5.246215,5.463078,5.734375,6.021307,6.292604,6.509467,6.66524,6.812033,6.967806,7.200303,7.54167,7.928491,8.215423,8.38683,8.533624,8.705031,8.991963,9.378785,9.735786,10.05399,10.41099,10.81344,11.17045,11.48865,11.84565,12.2481,12.6051,12.90767,13.1946,13.5128,13.93987,14.47349,14.97063,15.41999,15.84706,16.26515,16.62215,16.94035,17.31299,17.78551,18.25804,18.63067,18.93324,19.22017,19.5071,19.80967,20.1823,20.65483,21.12735,21.54689,22.09094,22.88021,23.69411,24.35367,24.85747,25.26137,25.71971,26.3234,26.9517,27.54119,28.13069,28.77462,29.46401,30.10795,30.72871,31.45835,32.3646,33.31863,34.17045,34.83899,35.40388,35.84658,36.26612,36.83998,37.59944,38.42897,39.21969,39.94933,40.66999,41.36836,41.98767,42.43038,42.74858,43.03551,43.33808,43.77325,44.66676,46.27891,48.19739,49.62539,50.44884,50.9839,51.45787,52.04737,52.79119,53.55065,54.22585,54.86979,55.50474,56.11885,56.82387,57.55206,58.14156,58.61553,59.11933,59.66192,60.16572,60.60842,61.02651,61.38351,61.68608,61.98865,62.36128,62.83381,63.30633,63.71024,64.16858,64.77226,65.41619,66.07576,66.74951,67.32338,67.78172,68.19981,68.55681,68.85937,69.14631,69.4176,69.6501,69.89158,70.22396,70.58097,70.96924,71.4574,71.99999,72.50378,72.97776,73.55162,74.24101,74.95501,75.6913,76.47538,77.32719,78.1657,78.93181,79.51465,79.96401,80.32101,80.62358,80.91051,81.19744,81.48437,81.77131,82.05824,82.34517,82.6321,82.91903,83.20597,83.4929,83.77983,84.06676,84.35369,84.64062,84.94319,85.30019,85.70265,86.05965,86.37785,86.73485,87.13731,87.49431,87.78124,87.9981,88.16951,88.38637,88.6733,89.03031,89.4484,89.87547,90.30919,90.73626,91.15435,91.54262,91.98533,92.51894,93.00045,93.39537,93.79262,94.34187,94.9389,95.45833,95.91667,96.42046,96.99433,97.6539,98.41335,99.18844,99.91808,100.6231,101.2514,101.7708,102.2292,102.733,103.3068,103.9508,104.6401,105.2997,105.9749,106.75,107.5795,108.3859,109.17,109.9048,110.402,110.6657,110.8371,111.0384,111.2396,111.411,111.6279,111.8991,112.1861,112.473,112.7599,113.0625,113.4195,113.8376,114.2647,114.6984,115.1411,115.6449,116.1875,116.66,116.9626,117.1496,117.3509,117.5521,117.7079,117.8546,118.0104,118.2273,118.4986,118.8168,119.2595,119.8475,120.4058,120.8797,121.3679,121.8404,122.2131,122.5156,122.8026,123.1051,123.4621,123.8646,124.2372,124.6099,125.0123,125.3849,125.7576,126.1757,126.634,127.1922,127.8116,128.4413,129.2633,130.3641,131.5961,132.6969,133.5033,134.063,134.5668,135.0237,135.3262,135.4976,135.6444,135.7846,135.9314,136.0871,136.2884,136.4896,136.661,136.8779,137.1491,137.4361,137.723,138.0099,138.3125,138.7008,139.2434,139.8471,140.3598,140.8092,141.2206,141.5843,141.9115,142.3452,142.9034,143.5474,144.2211,144.7793,145.1676,145.4545,145.6558,145.7415

Position pixel : 47.848,47.848,47.848,47.848,47.848,47.8636,47.9337,48.0649,48.2206,48.4375,48.6932,48.91,49.0658,49.2126,49.3527,49.4839,49.5696,49.6553,49.7865,49.9266,50.0734,50.2135,50.3603,50.5161,50.7173,50.9186,51.0743,51.2211,51.3613,51.4924,51.5781,51.6638,51.7794,51.8494,51.8651,51.8651,51.8651,51.8651,51.8651,51.8651,51.8651,51.8651,51.8651,51.8651,51.8651,51.8651,51.8651,51.8651,51.8651,51.8651,51.8651,51.8651,51.8651,51.8651,51.8807,51.9508,52.0819,52.2377,52.4389,52.6401,52.7959,52.9271,53.0128,53.1141,53.2997,53.4853,53.571,53.6023,53.6724,53.8035,53.9436,54.0748,54.1449,54.1605,54.1605,54.1761,54.2462,54.3617,54.4318,54.4474,54.4474,54.4474,54.4474,54.4474,54.4474,54.4474,54.4474,54.4474,54.4474,54.4631,54.5331,54.6487,54.7187,54.7344,54.7344,54.7344,54.7344,54.7344,54.7344,54.7344,54.7344,54.75,54.8201,54.9356,55.0057,55.0213,55.0213,55.0213,55.0213,55.0369,55.107,55.2225,55.2926,55.3082,55.3082,55.3082,55.3082,55.3082,55.3239,55.3939,55.5095,55.5795,55.5952,55.5952,55.6108,55.6809,55.812,55.9522,56.0833,56.1534,56.169,56.169,56.169,56.169,56.1847,56.2547,56.3703,56.456,56.5417,56.6572,56.7273,56.7429,56.7429,56.7429,56.7429,56.7429,56.7585,56.8286,56.9441,57.0142,57.0455,57.1155,57.2311,57.3168,57.4025,57.5336,57.6738,57.8049,57.8906,57.9763,58.0919,58.1776,58.2633,58.3788,58.4489,58.4645,58.4801,58.5502,58.6657,58.7358,58.7514,58.7671,58.8371,58.9526,59.0227,59.054,59.1241,59.2396,59.3253,59.411,59.5265,59.6122,59.6979,59.8291,59.9692,60.1316,60.3419,60.6042,60.83,61.0469,61.2481,61.4195,61.6364,61.892,62.1089,62.2647,62.4115,62.5672,62.7841,63.0554,63.3423,63.6449,63.9863,64.3186,64.5601,64.7926,65.0483,65.2651,65.4366,65.6534,65.9404,66.2974,66.6998,67.0724,67.4451,67.8788,68.3759,68.9096,69.3366,69.6392,69.8561,70.0118,70.143,70.2287,70.3144,70.4299,70.5,70.5156,70.5156,70.5313,70.6013,70.7169,70.7869,70.8026,70.8026,70.8026,70.8182,70.8883,71.0038,71.0895,71.1752,71.2907,71.3764,71.4621,71.5933,71.7491,71.9816,72.3073,72.6397,72.8811,73.1293,73.455,73.7874,74.0289,74.2614,74.517,74.7339,74.9053,75.1065,75.3078,75.4792,75.696,75.9673,76.2543,76.5412,76.8281,77.1151,77.402,77.7046,78.0459,78.3939,78.7368,79.2406,79.8987,80.5426,81.1008,81.5189,81.7917,82.0786,82.3954,82.6212,82.7836,82.9238,83.0706,83.2263,83.4588,83.8002,84.2183,84.6454,85.0634,85.4361,85.8243,86.3125,86.8551,87.3589,87.8172,88.3054,88.7936,89.2206,89.5686,89.8101,90.027,90.2439,90.4697,90.7633,91.1293,91.6084,92.0743,92.4223,92.5937,92.6951,92.8106

Pole type : Curve
Start frame : 1
End frame : 304
Start time (s) : 0.000
End time (s) : 2274.660
Time step (s) : 7.507

Feature Information :


Feature number : 1

Time (s) : 814.7783,816.2926,818.9299,822.1859,825.8825,830.1384,833.5553,835.655,837.091,838.1764,839.0342,840.1196,841.3991,842.4844,843.264,844.0769,845.2072,846.8707,848.5792,850.0152,851.1006,851.8802,852.6148,853.3944,854.4798,855.8376,857.2736,858.7096,860.1456,861.5816,863.0177,864.4537,865.8897,867.3257,868.7618,870.1195,871.2049,871.9845,872.7191,873.4205,874.1552,874.9348,876.0201,877.3779,878.7357,879.821,880.6789,881.7642,883.0437,884.1291,884.9869,885.994,886.9229,887.4301,887.9372,888.8661,889.9514,891.16,892.8235,894.5319,896.0462,897.404,898.4893,899.2689,900.0036,900.7832,901.7903,902.7974,903.6552,904.6623,905.6694,906.449,907.1837,907.8851,908.6197,909.3993,910.4847,911.8424,913.2785,914.7145,916.0723,917.1576,918.0155,919.179,920.8093,922.4728,923.6031,924.3377,924.7666,925.2738,926.2809,927.6387,929.0747,930.4325,931.5178,932.3757,933.3828,934.3116,934.8188,935.2477,935.9041,936.6055,937.3402,938.1198,939.1269,940.134,940.9918,942.0772,943.4349,944.871,946.307,947.743,949.179,950.6151,952.0511,953.4871,954.9231,956.3591,957.7952,959.1529,960.2383,961.0179,961.6743,962.025,962.1815,962.6104,963.5393,964.5464,965.326,966.0606,966.762,967.4966,968.2763,969.3616,970.7194,972.0771,973.1625,974.0203,975.1057,976.3852,977.4706,978.3284,979.492,981.1222,982.7857,983.9943,985.1578,986.4374,987.4445,987.8734,987.9516

Position (um) : 4.1257,4.1246,4.1185,4.103,4.0788,4.0501,4.0247,4.0043,3.9889,3.9778,3.9685,3.9624,3.9552,3.942,3.9277,3.9155,3.9001,3.8808,3.8615,3.846,3.835,3.8245,3.8145,3.8052,3.7991,3.793,3.7848,3.7798,3.7787,3.7787,3.7787,3.7809,3.792,3.8145,3.8399,3.8664,3.8951,3.9205,3.9409,3.9563,3.9685,3.9828,3.9982,4.0143,4.033,4.049,4.0656,4.0849,4.1053,4.1257,4.1461,4.1665,4.1869,4.2062,4.2216,4.2338,4.2493,4.2674,4.2818,4.2879,4.289,4.2879,4.2818,4.2674,4.2493,4.2338,4.2216,4.2073,4.1941,4.1869,4.1808,4.1715,4.1615,4.1511,4.1411,4.1318,4.1268,4.1257,4.1257,4.1257,4.1268,4.1329,4.1483,4.1737,4.2073,4.2398,4.2613,4.2747,4.2901,4.3094,4.3298,4.3502,4.3706,4.391,4.4114,4.4307,4.4462,4.4583,4.4738,4.4931,4.5124,4.5278,4.54,4.5543,4.5686,4.5797,4.5901,4.6012,4.6155,4.6298,4.642,4.6575,4.6757,4.69,4.6961,4.6972,4.6972,4.6972,4.6972,4.6961,4.69,4.6734,4.6442,4.6073,4.5769,4.5532,4.5278,4.4981,4.4677,4.4379,4.4125,4.3921,4.3778,4.3706,4.3645,4.3552,4.3452,4.3359,4.3309,4.3287,4.3237,4.3155,4.3094,4.3022,4.289,4.2758,4.2697,4.2674,4.2613,4.2481,4.2349

Intensity : 485.7067,487.1828,491.4983,500.4368,511.6431,503.6257,493.4257,493.1614,493.7489,494.4921,495.3652,495.9486,495.9609,495.6664,495.072,494.6556,494.4366,494.7013,496.1615,499.2617,500.7512,501.2507,501.7733,502.4225,503.5807,505.1044,505.4572,505.9594,506.5189,507.0791,507.6392,503.3674,497.9313,493.1431,489.2769,482.083,476.9941,474.614,473.1363,470.8463,468.2972,465.363,462.6297,460.2816,456.9718,453.3593,449.2745,444.523,440.2328,436.4444,432.9483,430.0299,426.4738,422.887,420.113,418.3337,416.0533,413.362,411.6059,410.0603,408.9725,408.4588,409.2069,411.959,415.2984,418.0805,419.2108,420.8831,422.6752,423.0533,423.2592,424.5829,426.2024,427.3945,428.6069,429.8047,429.9629,429.2037,428.1834,427.1631,425.2841,419.707,413.8912,405.5316,394.9139,386.1245,380.9024,377.2963,374.8771,372.2747,368.8983,365.6638,363.3569,361.5094,358.8365,356.0522,352.9044,350.1038,348.7947,346.9182,343.8815,341.1108,338.5622,335.9501,335.131,335.3844,335.5544,335.3463,335.1338,335.0787,334.9283,333.6394,332.0771,330.7626,330.0654,329.8544,330.8151,331.7758,332.7365,333.7307,334.8762,336.037,335.6836,336.8863,338.0249,337.545,335.7846,334.3973,333.7408,333.2634,333.154,333.1234,332.9629,331.4647,329.3255,327.3886,326.0379,325.1145,323.7052,322.9905,324.2809,325.6756,327.3175,329.6697,332.8805,336.0918,338.7942,341.2439,343.4815,345.3206,346.5514

Time pixel : 108.5339,108.7357,109.087,109.5207,110.0131,110.58,111.0352,111.3149,111.5061,111.6507,111.765,111.9096,112.08,112.2246,112.3284,112.4367,112.5873,112.8089,113.0365,113.2277,113.3723,113.4762,113.574,113.6779,113.8224,114.0033,114.1946,114.3859,114.5772,114.7685,114.9598,115.151,115.3423,115.5336,115.7249,115.9058,116.0503,116.1542,116.2521,116.3455,116.4433,116.5472,116.6918,116.8726,117.0535,117.1981,117.3123,117.4569,117.6274,117.7719,117.8862,118.0204,118.1441,118.2116,118.2792,118.4029,118.5475,118.7085,118.9301,119.1577,119.3594,119.5402,119.6848,119.7887,119.8865,119.9904,120.1245,120.2587,120.373,120.5071,120.6413,120.7451,120.843,120.9364,121.0343,121.1381,121.2827,121.4635,121.6548,121.8461,122.027,122.1716,122.2858,122.4408,122.658,122.8796,123.0301,123.128,123.1851,123.2527,123.3868,123.5677,123.759,123.9399,124.0844,124.1987,124.3329,124.4566,124.5241,124.5813,124.6687,124.7621,124.86,124.9639,125.098,125.2322,125.3464,125.491,125.6719,125.8632,126.0545,126.2457,126.437,126.6283,126.8196,127.0109,127.2022,127.3935,127.5848,127.7656,127.9102,128.014,128.1015,128.1482,128.169,128.2262,128.3499,128.4841,128.5879,128.6858,128.7792,128.8771,128.9809,129.1255,129.3063,129.4872,129.6318,129.7461,129.8906,130.0611,130.2056,130.3199,130.4749,130.6921,130.9137,131.0746,131.2296,131.4001,131.5342,131.5914,131.6018

Position pixel : 38.6662,38.6558,38.5986,38.4541,38.2265,37.9582,37.7202,37.5289,37.3843,37.2805,37.193,37.1359,37.0683,36.9446,36.8105,36.6962,36.5516,36.3707,36.1899,36.0453,35.9415,35.8436,35.7502,35.6627,35.6056,35.5485,35.4714,35.4247,35.4143,35.4143,35.4143,35.4351,35.539,35.7502,35.9882,36.2366,36.5049,36.7429,36.9342,37.0788,37.193,37.3272,37.4718,37.6223,37.7972,37.9478,38.1028,38.2836,38.4749,38.6662,38.8575,39.0488,39.2401,39.4209,39.5655,39.6798,39.8243,39.9948,40.1289,40.1861,40.1965,40.1861,40.1289,39.9948,39.8243,39.6798,39.5655,39.4313,39.3076,39.2401,39.1829,39.0955,39.0021,38.9042,38.8108,38.7233,38.6766,38.6662,38.6662,38.6662,38.6766,38.7338,38.8783,39.1163,39.4313,39.7359,39.9376,40.0623,40.2069,40.3878,40.5791,40.7704,40.9616,41.1529,41.3442,41.5251,41.6697,41.7839,41.9285,42.1094,42.2902,42.4348,42.5491,42.6832,42.8174,42.9212,43.0191,43.123,43.2571,43.3913,43.5055,43.6501,43.8205,43.9547,44.0118,44.0223,44.0223,44.0223,44.0223,44.0118,43.9547,43.7997,43.5254,43.1801,42.8954,42.6728,42.4348,42.1561,41.8714,41.5926,41.3546,41.1634,41.0292,40.9616,40.9045,40.8171,40.7236,40.6362,40.5895,40.5686,40.5219,40.4449,40.3878,40.3202,40.1965,40.0728,40.0156,39.9948,39.9376,39.8139,39.6902

Brightness max : 497.23
Brightness min : 222.00
Feature direction : Ambiguous
Feature speed : Slow
Feature type : Curve
Start frame : 1
End frame : 304
Start time (s) : 0.000
End time (s) : 2274.660
Time step (s) : 7.507

Feature number : 2

Time (s) : 702.1831,702.3005,702.9439,704.3372,705.7304,706.3738,706.4912,706.4912,706.4912,706.4912,706.6086,707.1346,708.0018,708.5279,708.6452,708.6452,708.6452,708.6452,708.7626,709.2886,710.1559,710.6819,710.9166,711.4426,712.4273,713.4793,714.5813,715.7507,717.2614,718.772,719.9414,721.0434,722.0954,723.0801,723.7235,724.3669,725.2341

Position (um) : 4.3202,4.3467,4.3997,4.4748,4.5402,4.5832,4.6155,4.6461,4.6768,4.7074,4.738,4.7703,4.8084,4.8513,4.8894,4.9217,4.9523,4.9829,5.0119,5.035,5.0533,5.0764,5.1054,5.136,5.1649,5.1881,5.2064,5.2278,5.2493,5.2659,5.2816,5.2966,5.3122,5.3288,5.3503,5.3701,5.3793

Intensity : 427.4769,414.7768,393.9152,370.9726,359.2085,348.7163,345.4963,343.295,341.0937,340.3072,341.396,342.0977,342.8084,344.2438,345.9336,346.5297,345.891,345.2524,344.7079,342.8348,341.6424,339.9065,337.4792,334.7379,332.2325,330.0094,326.8597,323.6782,320.5848,318.222,316.2522,314.1384,311.3634,308.6686,306.0961,303.7788,302.152

Time pixel : 93.5355,93.5511,93.6368,93.8224,94.008,94.0937,94.1094,94.1094,94.1094,94.1094,94.125,94.1951,94.3106,94.3807,94.3963,94.3963,94.3963,94.3963,94.4119,94.482,94.5975,94.6676,94.6989,94.7689,94.9001,95.0402,95.187,95.3428,95.544,95.7453,95.901,96.0478,96.188,96.3191,96.4048,96.4905,96.6061

Position pixel : 40.4891,40.7373,41.2344,41.938,42.5506,42.9545,43.2571,43.544,43.831,44.1179,44.4048,44.7074,45.0644,45.4669,45.8239,46.1264,46.4134,46.7003,46.9716,47.1884,47.3599,47.5767,47.848,48.1349,48.4062,48.6231,48.7945,48.9957,49.197,49.3527,49.4995,49.6397,49.7865,49.9422,50.1435,50.3291,50.4148

Brightness max : 497.23
Brightness min : 222.00
Feature direction : Antipoleward
Feature speed : Slow
Feature type : Curve
Start frame : 1
End frame : 304
Start time (s) : 0.000
End time (s) : 2274.660
Time step (s) : 7.507

Feature number : 3

Time (s) : 1003.2219,1002.998,1004.1,1006.5453,1009.4492,1011.4859,1012.364,1013.0074,1013.992,1015.1615,1016.6721,1018.1827,1019.4695,1021.0975,1023.0168,1024.6448,1025.9316,1027.4423,1028.9529,1030.2397,1031.8677,1033.9044,1035.941,1037.4517,1038.0951,1038.3298,1038.8558,1039.8405,1040.8925,1041.9945,1043.1639,1044.6745,1046.1852,1047.472,1049.1,1051.1366,1053.2907,1055.3273,1056.9554,1058.1248,1059.2268,1060.3962,1061.9068,1063.4175,1064.7042,1066.2149,1067.6082

Position (um) : 7.0069,7.0252,7.0698,7.1335,7.1979,7.2451,7.2791,7.3097,7.3387,7.3601,7.3709,7.3818,7.4016,7.423,7.4413,7.4628,7.4826,7.4934,7.5025,7.5165,7.5315,7.5455,7.5546,7.5654,7.5869,7.6142,7.6373,7.6556,7.6788,7.706,7.7292,7.7475,7.7689,7.7887,7.7996,7.8087,7.821,7.8302,7.8393,7.8533,7.8699,7.8931,7.922,7.951,7.9741,7.9907,8.0047

Intensity : 285.038,285.6078,286.7643,288.0914,288.937,289.3082,288.9006,288.2969,287.9314,287.9618,288.3864,288.7859,288.7292,288.8135,289.6638,290.546,291.1995,292.4521,293.6485,294.0739,294.558,295.1448,295.7705,294.1736,292.8756,291.6593,290.4793,289.3267,288.1419,286.6233,285.3387,283.5877,281.7578,280.3565,278.871,277.4692,277.6506,278.1771,278.829,279.6225,280.3718,281.4014,281.7719,282.13,282.5236,282.7001,280.5663

Time pixel : 133.6359,133.6061,133.7529,134.0786,134.4654,134.7367,134.8537,134.9394,135.0706,135.2263,135.4276,135.6288,135.8002,136.0171,136.2727,136.4896,136.661,136.8622,137.0634,137.2349,137.4517,137.723,137.9943,138.1955,138.2812,138.3125,138.3826,138.5137,138.6539,138.8007,138.9564,139.1577,139.3589,139.5303,139.7472,140.0185,140.3054,140.5767,140.7936,140.9493,141.0961,141.2519,141.4531,141.6544,141.8258,142.027,142.2126

Position pixel : 65.6691,65.8405,66.2586,66.8556,67.4593,67.902,68.2202,68.5071,68.7784,68.9796,69.081,69.1823,69.3679,69.5691,69.7405,69.9418,70.1274,70.2287,70.3144,70.4456,70.5857,70.7169,70.8026,70.9039,71.1051,71.3608,71.5776,71.7491,71.9659,72.2216,72.4384,72.6099,72.8111,72.9967,73.098,73.1837,73.2992,73.3849,73.4706,73.6018,73.7576,73.9744,74.2457,74.517,74.7339,74.8897,75.0208

Brightness max : 497.23
Brightness min : 222.00
Feature direction : Poleward
Feature speed : Slow
Feature type : Curve
Start frame : 1
End frame : 304
Start time (s) : 0.000
End time (s) : 2274.660
Time step (s) : 7.507

Feature number : 4

Time (s) : 1053.4081,1054.2862,1056.7315,1059.9767,1062.4328,1064.7042,1067.0821,1068.7776,1069.9969,1071.1663,1072.677,1074.1876,1075.4744,1076.9851,1078.3783,1079.1391,1079.7825,1080.6497,1081.2931,1081.9365,1082.8038

Position (um) : 3.7997,3.8212,3.8501,3.8808,3.9097,3.9328,3.9495,3.9651,3.9817,4.0032,4.0247,4.043,4.0661,4.0951,4.1257,4.1546,4.1778,4.1961,4.2175,4.2373,4.2465

Intensity : 293.0479,295.3419,300.0612,303.0213,303.4044,303.7926,305.4943,307.4995,309.1139,310.933,313.92,314.8036,312.2834,308.5348,305.0983,302.7957,300.1913,297.521,294.9768,292.7201,291.204

Time pixel : 140.321,140.438,140.7637,141.196,141.5232,141.8258,142.1425,142.3684,142.5308,142.6866,142.8878,143.089,143.2604,143.4616,143.6472,143.7486,143.8343,143.9498,144.0355,144.1212,144.2367

Position pixel : 35.6113,35.8125,36.0838,36.3707,36.642,36.8589,37.0147,37.1615,37.3172,37.5185,37.7197,37.8911,38.108,38.3793,38.6662,38.9375,39.1544,39.3258,39.527,39.7126,39.7983

Brightness max : 410.31
Brightness min : 222.00
Feature direction : Antipoleward
Feature speed : Slow
Feature type : Curve
Start frame : 1
End frame : 304
Start time (s) : 0.000
End time (s) : 2274.660
Time step (s) : 7.507

Feature number : 5

Time (s) : 751.8433,752.3693,753.2366,753.9973,755.1667,757.0186,758.5967,759.6987,760.342,760.9854,761.8527,762.4961,763.1395,764.0067,764.6501,765.2935,766.1608,766.6868,766.8041,766.9215,767.4475,768.3148,768.8408,768.9582,769.0756,769.6016,770.5862,771.6382,772.7402,773.7923,774.8943,775.9463,776.9309,777.4569

Position (um) : 4.3558,4.3997,4.4656,4.5203,4.5634,4.6047,4.6353,4.6553,4.6768,4.6982,4.7165,4.7397,4.7686,4.7992,4.8282,4.8513,4.8696,4.8927,4.9217,4.9506,4.9738,4.9921,5.0152,5.0442,5.0764,5.1145,5.1575,5.1956,5.2262,5.2493,5.2676,5.2907,5.318,5.3395

Intensity : 411.2417,392.1073,366.2625,350.1755,338.85,329.5481,325.6512,323.9725,322.0208,320.1023,318.8485,317.2644,315.3361,313.4714,312.0338,310.9986,309.6825,307.9004,306.5807,305.6118,304.6417,303.7978,303.1724,303.337,303.5602,303.9616,304.5121,305.1206,305.784,305.479,305.4342,305.3771,305.3559,305.0616

Time pixel : 100.1506,100.2206,100.3362,100.4375,100.5933,100.84,101.0502,101.197,101.2827,101.3684,101.4839,101.5696,101.6553,101.7708,101.8565,101.9422,102.0578,102.1278,102.1435,102.1591,102.2292,102.3447,102.4148,102.4304,102.446,102.5161,102.6473,102.7874,102.9342,103.0743,103.2211,103.3613,103.4924,103.5625

Position pixel : 40.823,41.2344,41.8523,42.365,42.7689,43.1558,43.4427,43.6297,43.831,44.0322,44.2036,44.4205,44.6918,44.9787,45.25,45.4669,45.6383,45.8551,46.1264,46.3977,46.6146,46.786,47.0029,47.2741,47.5767,47.9337,48.3362,48.6932,48.9801,49.197,49.3684,49.5852,49.8409,50.0421

Brightness max : 410.31
Brightness min : 222.00
Feature direction : Antipoleward
Feature speed : Slow
Feature type : Curve
Start frame : 1
End frame : 304
Start time (s) : 0.000
End time (s) : 2274.660
Time step (s) : 7.507

Feature number : 6

Time (s) : 796.3172,795.5673,795.8021,797.7214,800.6253,803.188,804.816,805.4594,805.6941,806.2201,807.0874,807.7308,808.3742,809.2414,809.7675,810.0022,810.5282,811.3955,811.9215,812.0389,812.1562,812.7996,814.3103,816.2296,817.7402

Position (um) : 6.148,6.1605,6.2002,6.2704,6.3481,6.4094,6.4508,6.4831,6.5137,6.5443,6.5749,6.6039,6.627,6.6453,6.6684,6.6957,6.7189,6.7372,6.7603,6.7892,6.8182,6.8397,6.8488,6.8505,6.8505

Intensity : 328.8874,330.0254,333.335,336.1656,338.5679,340.9289,339.3448,338.6592,338.4697,338.3745,338.1892,338.3623,339.5231,341.2821,343.9634,347.3328,350.4547,352.8425,356.5193,362.2019,367.876,371.6726,370.9023,367.1621,363.8607

Time pixel : 106.0748,105.9749,106.0062,106.2618,106.6487,106.99,107.2069,107.2926,107.3239,107.3939,107.5095,107.5952,107.6809,107.7964,107.8665,107.8977,107.9678,108.0833,108.1534,108.169,108.1847,108.2704,108.4716,108.7273,108.9285

Position pixel : 57.6193,57.7363,58.1089,58.7671,59.4952,60.0691,60.4574,60.7599,61.0469,61.3338,61.6207,61.892,62.1089,62.2803,62.4972,62.7528,62.9697,63.1411,63.358,63.6293,63.9006,64.1018,64.1875,64.2031,64.2031

Brightness max : 404.80
Brightness min : 222.00
Feature direction : Poleward
Feature speed : Slow
Feature type : Curve
Start frame : 1
End frame : 304
Start time (s) : 0.000
End time (s) : 2274.660
Time step (s) : 7.507

Feature number : 7

Time (s) : 842.9134,843.3046,845.2927,849.3139,853.2307,855.6028,856.7664,857.1953,857.2736,857.2736,857.2736,857.2736,857.2736,857.3518,857.7808,858.7096,859.7167,860.4963,861.231,861.9323,862.5887,862.9394

Position (um) : 4.2962,4.3149,4.3575,4.4269,4.4968,4.5449,4.5736,4.5951,4.6155,4.6359,4.6564,4.6768,4.6972,4.7176,4.738,4.7584,4.7799,4.8053,4.834,4.8593,4.8798,4.8941

Intensity : 400.4468,394.0436,376.7473,354.2382,341.7118,334.7449,330.1403,327.2368,325.2614,323.3485,321.4356,319.5227,317.7211,316.7021,315.4029,313.7041,311.8906,310.0999,308.3683,306.8402,305.5792,304.7898

Time pixel : 112.2817,112.3338,112.5987,113.1343,113.6561,113.972,114.127,114.1842,114.1946,114.1946,114.1946,114.1946,114.1946,114.205,114.2622,114.3859,114.52,114.6239,114.7218,114.8152,114.9026,114.9493

Position pixel : 40.2641,40.4399,40.8389,41.4888,42.1447,42.5948,42.8641,43.0658,43.2571,43.4484,43.6397,43.831,44.0223,44.2135,44.4048,44.5961,44.7978,45.0358,45.3041,45.5421,45.7334,45.8676

Brightness max : 431.01
Brightness min : 222.00
Feature direction : Antipoleward
Feature speed : Slow
Feature type : Curve
Start frame : 1
End frame : 304
Start time (s) : 0.000
End time (s) : 2274.660
Time step (s) : 7.507

Feature number : 8

Time (s) : 986.30478,987.39012,989.09858,991.11277,992.89947,994.3355,995.42084,996.20045,996.85686,997.28579,997.71472,998.29289,998.72181,999.15074,999.80716,1000.5085,1001.1649,1001.5156,1001.6721,1002.101,1003.0299,1004.037,1004.8166,1005.473,1005.8237,1005.9019,1005.9019

Position (um) : 3.7175,3.7186,3.7247,3.7379,3.7533,3.7716,3.7991,3.8277,3.851,3.8758,3.9001,3.9216,3.942,3.9624,3.9839,4.0093,4.0379,4.0633,4.0849,4.1042,4.1196,4.1318,4.1472,4.1665,4.1869,4.2062,4.2205

Intensity : 357.1712,361.4252,368.9941,378.3873,381.3822,384.6997,388.946,393.3071,395.7704,395.9837,396.3135,397.1416,396.5518,393.9908,390.3555,386.2919,382.0555,378.4744,375.2028,371.7195,367.7956,364.1182,360.3486,356.0432,351.7102,348.115,345.568

Time pixel : 131.3824,131.527,131.7546,132.0229,132.2609,132.4522,132.5967,132.7006,132.788,132.8452,132.9023,132.9793,133.0365,133.0936,133.181,133.2745,133.3619,133.4086,133.4295,133.4866,133.6103,133.7445,133.8483,133.9358,133.9825,133.9929,133.9929

Position pixel : 34.8404,34.8509,34.908,35.0317,35.1763,35.3477,35.6056,35.8739,36.092,36.324,36.5516,36.7533,36.9446,37.1359,37.3376,37.5756,37.8439,38.0819,38.2836,38.4645,38.6091,38.7233,38.8679,39.0488,39.2401,39.4209,39.5551

Brightness max : 459.98
Brightness min : 222.00
Feature direction : Antipoleward
Feature speed : Slow
Feature type : Curve
Start frame : 1
End frame : 304
Start time (s) : 0.000
End time (s) : 2274.660
Time step (s) : 7.507

