KYMOANALYSIS DATA

General Information :

Tiff path : E:\Google Drive\microtubule dynamics and cut7\20-15 screens and tests\wild type\19-03-28&04-04 (cut7-3GFP and pkl1-mCh__int_mono_bipole_25 deg)\
Spindle type : Bipolar
Start frame : 1
End frame : 83
Start time (s) : 0.000
End time (s) : 802.170
Time step (s) : 9.783
Num poles : 2
Num tracks : 2
Num tracks poleward : 0
Num tracks antipoleward : 0
Num tracks ambiguous : 2
Comments : {

}
Poles Information :


Pole number : 1

Time (s) : 154.0423,154.9261,156.8577,159.9752,163.8761,168.0414,171.6502,174.0356,175.4936,176.4801,177.2811,178.0408,178.8004,179.6428,180.7734,182.1861,183.5023,184.6919,185.8226,186.9708,188.1015,189.2083,190.2362,191.4083,192.821,194.2199,195.7805,197.6057,199.4959,201.3624,203.0672,204.6278,206.1885,207.8932,209.7597,211.7328,214.0531,216.8233,219.8618,222.9617,225.7082,227.8705,230.315,233.618,237.3947,241.0249,244.6276,249.3885,255.379,261.9512,269.2003,277.2642,285.7052,294.1577,302.1074,309.5772,316.7059,323.9312,331.1351,337.7863,343.743,349.2221,354.3579,359.7818,365.7899,371.7052,377.6833,384.4372,391.8856,399.5057,407.3879,415.7676,424.9008,434.6756,444.4189,452.4414,458.3683,464.0957,470.54,477.2939,483.7795,489.6511,495.5327,502.3617,509.1707,515.303,521.8238,528.3708,534.2662,540.0588,546.4854,553.2094,559.567,565.7306,570.9967,576.3831,582.6909,588.8829,594.8036,600.2161,605.6063,610.2039,613.2225,614.9311,616.1208,617.2729,619.3325,623.271,628.6022,634.4822,640.918,647.5815,654.7768,661.8864,668.4877,674.7879,682.1473,689.5942,695.7578,701.0791,706.4141,712.0236,718.4279,725.9238,734.3349,743.0029,751.6823,759.9792,767.82,775.1718,781.9847,787.92,792.4915,795.1039,796.3387,797.1398,797.8994,798.7418,799.9966,802.0072,804.4678,806.7467,808.699,810.39,811.488

Position (um) : 2.218,2.218,2.218,2.218,2.218,2.2175,2.2155,2.2117,2.2077,2.2039,2.2014,2.1985,2.1931,2.1873,2.1828,2.1786,2.1745,2.1703,2.1662,2.1624,2.16,2.1575,2.1537,2.1497,2.1454,2.1409,2.1347,2.1268,2.119,2.1132,2.1103,2.1078,2.1044,2.1024,2.1015,2.0995,2.0957,2.0917,2.0874,2.0834,2.0796,2.0776,2.0767,2.0746,2.0709,2.0668,2.0621,2.0556,2.046,2.0357,2.0249,2.0129,2.0005,1.988,1.9757,1.9631,1.9513,1.9412,1.9342,1.9275,1.9197,1.9114,1.9027,1.8924,1.8807,1.87,1.8588,1.8451,1.831,1.8182,1.8057,1.7929,1.7779,1.7598,1.7408,1.7262,1.7163,1.7058,1.6935,1.6794,1.6662,1.6575,1.6516,1.6438,1.6347,1.6277,1.621,1.6131,1.6048,1.5966,1.5883,1.5795,1.5692,1.5581,1.5493,1.5419,1.5323,1.5224,1.5137,1.5054,1.4976,1.4913,1.4868,1.483,1.481,1.4801,1.4776,1.4723,1.466,1.459,1.449,1.4371,1.4246,1.4127,1.4022,1.3932,1.3836,1.3753,1.3679,1.3583,1.3484,1.3397,1.331,1.3207,1.3086,1.2958,1.2813,1.2656,1.2515,1.2407,1.2315,1.2217,1.2125,1.208,1.2071,1.2071,1.2071,1.2071,1.2071,1.2071,1.2067,1.2047,1.2013,1.1993,1.1989

Intensity : 1045.1548,1068.4935,1115.5169,1160.9364,1217.7696,1270.2724,1304.9144,1325.7321,1337.0891,1338.2298,1332.8162,1327.398,1320.3673,1313.1021,1306.2242,1299.1043,1292.9149,1287.4652,1282.7081,1284.7363,1287.7048,1290.7659,1293.3413,1296.6451,1301.155,1305.9465,1310.795,1296.6245,1282.6189,1272.4199,1266.7284,1262.109,1255.9171,1250.145,1245.3671,1239.6225,1232.3509,1221.4173,1207.9088,1195.4992,1191.0413,1200.7521,1212.091,1227.8375,1251.949,1278.0188,1304.7874,1342.6061,1378.6743,1355.5165,1317.11,1283.6156,1291.2423,1336.5127,1416.2685,1443.2943,1456.4696,1449.0239,1380.2535,1304.8644,1226.4075,1123.785,1043.2564,980.37237,934.43244,902.68747,905.78756,919.60544,952.92486,1025.5374,1088.5223,1111.8544,1074.2479,1033.4071,1027.1147,984.33483,932.44255,875.23584,821.86055,890.14349,986.81991,1084.7935,1124.5426,1129.4466,1098.603,1098.79,1105.9041,1122.5519,1128.1118,1133.3845,1139.5194,1196.6479,1249.4623,1271.9206,1273.4376,1265.7921,1196.0734,1147.4573,1157.0744,1196.8622,1255.2881,1308.0417,1338.0201,1353.8565,1365.2209,1364.8914,1359.3399,1347.0188,1298.9332,1208.6127,1118.3603,1022.2966,912.47692,851.81759,817.93363,803.70536,823.8467,837.16572,834.95021,792.54113,765.35591,758.45459,768.35723,823.43905,983.72402,1070.3726,1190.3624,1191.6687,1187.9262,1184.1023,1164.4764,1124.8605,1092.2647,1073.698,1064.4513,1058.2282,1052.3267,1045.7821,1036.0335,1020.4133,1001.4029,984.3019,970.06247,957.35757,948.82629

Time pixel : 15.7466,15.837,16.0344,16.3531,16.7519,17.1776,17.5466,17.7904,17.9394,18.0403,18.1222,18.1998,18.2775,18.3636,18.4792,18.6236,18.7581,18.8797,18.9953,19.1127,19.2282,19.3414,19.4465,19.5663,19.7107,19.8537,20.0132,20.1998,20.393,20.5838,20.7581,20.9176,21.0771,21.2514,21.4422,21.6439,21.8811,22.1643,22.4749,22.7918,23.0725,23.2935,23.5434,23.8811,24.2671,24.6382,25.0065,25.4932,26.1055,26.7774,27.5184,28.3427,29.2056,30.0696,30.8822,31.6458,32.3745,33.1131,33.8495,34.5294,35.1383,35.6984,36.2234,36.7779,37.392,37.9967,38.6078,39.2982,40.0596,40.8386,41.6443,42.5009,43.4345,44.4337,45.4297,46.2498,46.8556,47.4411,48.0999,48.7903,49.4533,50.0535,50.6547,51.3528,52.0488,52.6757,53.3423,54.0115,54.6141,55.2063,55.8632,56.5506,57.2005,57.8305,58.3688,58.9195,59.5642,60.1972,60.8024,61.3557,61.9067,62.3767,62.6853,62.8599,62.9815,63.0993,63.3099,63.7125,64.2574,64.8585,65.5164,66.1975,66.9331,67.6598,68.3346,68.9787,69.731,70.4922,71.1223,71.6662,72.2116,72.785,73.4397,74.2059,75.0657,75.9518,76.839,77.6871,78.4887,79.2402,79.9366,80.5433,81.0106,81.2777,81.4039,81.4858,81.5634,81.6496,81.7778,81.9834,82.2349,82.4678,82.6674,82.8403,82.9525

Position pixel : 20.7869,20.7869,20.7869,20.7869,20.7869,20.7827,20.7637,20.7282,20.6903,20.6548,20.6316,20.6042,20.554,20.4995,20.4574,20.4176,20.3797,20.34,20.3021,20.2666,20.2434,20.2202,20.1847,20.1468,20.107,20.0649,20.0062,19.9328,19.8593,19.8049,19.7775,19.7543,19.723,19.704,19.6956,19.6766,19.6411,19.6032,19.5635,19.5255,19.49,19.4711,19.4626,19.4437,19.4082,19.3702,19.3263,19.2652,19.1752,19.0786,18.9778,18.8646,18.749,18.6317,18.5161,18.3987,18.2874,18.1932,18.1278,18.0649,17.9915,17.9138,17.8319,17.7353,17.6264,17.5256,17.4205,17.2926,17.1605,17.0407,16.9233,16.8035,16.6629,16.4929,16.3148,16.1785,16.0857,15.9873,15.8717,15.7396,15.6159,15.5341,15.4792,15.4058,15.3201,15.2547,15.1918,15.1184,15.0407,14.9631,14.8854,14.8035,14.7069,14.6022,14.5204,14.4508,14.3608,14.2684,14.1866,14.1089,14.0355,13.9768,13.9346,13.8991,13.8802,13.8717,13.8485,13.7983,13.7396,13.6743,13.5801,13.4687,13.3513,13.24,13.1416,13.0573,12.9673,12.8897,12.8201,12.7301,12.6378,12.5559,12.474,12.3774,12.2642,12.1444,12.0081,11.8612,11.7291,11.6283,11.5422,11.4498,11.3641,11.3219,11.3134,11.3134,11.3134,11.3134,11.3134,11.3134,11.3092,11.2903,11.259,11.24,11.2358

Pole type : Curve
Start frame : 1
End frame : 83
Start time (s) : 0.000
End time (s) : 802.170
Time step (s) : 9.783

Pole number : 2

Time (s) : 158.6828,159.979,162.6251,165.8828,168.4913,170.1348,171.1627,172.0051,172.9916,174.2426,175.4936,176.4801,177.2811,178.0821,179.0273,180.1341,181.3476,182.9082,184.8774,186.888,188.8825,191.5976,195.2616,198.7562,201.6269,204.1579,207.6978,212.5024,216.575,219.8856,223.0996,225.8799,228.4822,230.7197,232.8622,236.0034,240.0384,244.3808,250.2371,257.6065,264.4379,270.7509,276.6747,282.0373,285.6186,288.2738,291.494,295.1028,298.3506,301.2213,303.9164,307.099,310.8082,314.6363,318.5862,321.8992,324.9592,328.3863,332.3937,336.9653,341.3399,345.1357,348.7998,353.103,357.227,360.3721,362.8755,365.4289,368.3746,370.7386,372.2793,373.6997,376.0851,379.6901,383.2315,386.0939,389.5559,394.4735,399.0908,401.9702,403.7003,405.2775,406.7743,408.4176,410.6256,412.8315,414.6758,417.173,421.216,426.899,433.5021,438.0466,440.6798,443.7895,449.2191,457.8417,468.2885,479.9804,489.1327,495.0446,500.2578,506.6106,514.7566,525.2151,535.6318,544.3062,551.9106,558.7681,564.6301,569.4796,573.7969,578.1803,582.6882,586.6177,589.2052,590.9912,593.0671,596.2302,600.2296,603.8045,606.1514,607.393,608.038,608.4813,609.0048,609.5709,610.2032,611.6981,615.9175,624.1274,633.5384,640.8613,646.03,651.4244,656.8491,660.7601,664.462,669.5238,675.5405,682.1489,689.0215,695.6945,702.075,707.7154,711.816,714.3016,716.4593,719.2793,722.2112,724.9544,727.5549,729.9453,731.8672,733.4171,734.6978,735.6717,736.4592,737.2043,738.0313,739.2284,740.9536,742.9264,745.3997,749.0067,753.0516,756.7441,760.2016,764.1776,768.0943,771.1761,773.4505,775.0957,776.6757,778.4377,780.0797,781.4753,782.8952,784.742,786.8779,788.9947,791.095,793.2516,795.0861,796.4483,797.4234,798.2146,798.9662,799.7197,800.4751,801.2325,801.9921,802.7539,803.5179,804.3257,805.28,806.3572,807.2957,807.9793,808.3783,808.5342

Position (um) : 2.2598,2.2628,2.2702,2.2788,2.2838,2.2867,2.2901,2.2921,2.2925,2.2925,2.2925,2.2925,2.2925,2.2925,2.2925,2.293,2.295,2.2988,2.3028,2.3066,2.3096,2.3145,2.3232,2.331,2.336,2.3411,2.3497,2.3626,2.3745,2.3832,2.3895,2.3944,2.4002,2.4061,2.4115,2.4193,2.4284,2.4363,2.4466,2.4596,2.4701,2.4791,2.4871,2.4952,2.5012,2.5064,2.5125,2.5205,2.529,2.5391,2.5494,2.5601,2.5727,2.5866,2.6004,2.6119,2.6249,2.6405,2.6571,2.6737,2.6893,2.7023,2.7142,2.7292,2.7424,2.7498,2.7554,2.7635,2.7744,2.7829,2.7901,2.7988,2.8116,2.8286,2.8447,2.8599,2.8766,2.8983,2.9184,2.9315,2.9419,2.9526,2.9622,2.9711,2.9825,2.9953,3.0065,3.0191,3.0366,3.0612,3.0905,3.1118,3.1252,3.1397,3.1612,3.1927,3.2307,3.2737,3.3083,3.3312,3.35,3.3672,3.3834,3.4028,3.4217,3.4365,3.45,3.4638,3.4756,3.4853,3.4943,3.5032,3.5103,3.5156,3.5201,3.5228,3.5247,3.5301,3.5411,3.5525,3.5597,3.5644,3.569,3.5747,3.5804,3.5851,3.5911,3.5981,3.6036,3.6056,3.6056,3.6051,3.6045,3.6039,3.6033,3.6027,3.6016,3.5989,3.5949,3.5923,3.5911,3.5905,3.5899,3.5892,3.5886,3.5885,3.5904,3.5957,3.603,3.6108,3.6191,3.629,3.6408,3.6528,3.6645,3.6742,3.6807,3.6855,3.6916,3.6993,3.7071,3.7134,3.7184,3.7242,3.7297,3.7322,3.7328,3.733,3.7332,3.7334,3.7336,3.7338,3.734,3.7346,3.7369,3.7404,3.7431,3.7457,3.7492,3.7513,3.7519,3.7519,3.7519,3.7519,3.7518,3.7517,3.7515,3.7512,3.7509,3.7505,3.7501,3.7496,3.749,3.7483,3.7475,3.7467,3.7458,3.7448,3.7437,3.7425

Intensity : 1144.7813,1161.7173,1195.1548,1236.9785,1257.478,1268.4232,1273.5802,1278.401,1285.9884,1296.2111,1306.4337,1308.7243,1303.5376,1298.3508,1292.2309,1284.5156,1274.1702,1259.3149,1241.3183,1230.774,1228.6103,1224.387,1216.0005,1198.2575,1185.0835,1173.0116,1152.2407,1117.8034,1080.875,1039.6037,1004.1806,983.121,978.53911,973.96734,969.99254,970.13419,982.26889,997.03346,1009.4227,1036.1143,1075.0117,1042.764,1037.1287,1055.6627,1052.3008,1040.4705,1028.7448,1033.4962,1056.4953,1077.9091,1091.9932,1082.0505,1060.2282,1032.4012,996.2121,969.01627,946.83523,926.39512,908.74315,878.5879,845.23089,809.23389,773.35964,732.5192,692.95845,665.43032,642.33603,615.37174,585.20508,558.73731,543.54554,532.28157,514.76464,490.53752,473.64348,466.7836,462.771,475.20322,497.96435,516.7254,532.7551,548.23607,563.48276,580.50948,604.20568,612.6902,617.48562,626.60066,646.95031,689.20666,755.92703,804.25529,833.1608,868.51571,937.52743,1018.2585,1001.9485,900.33791,900.32154,896.68014,901.79785,935.16929,959.86001,972.87882,953.81202,924.21061,909.31898,893.60682,841.57886,809.37081,791.64957,770.16081,736.18953,707.01584,720.61441,732.2107,745.51174,765.59049,745.99697,724.45135,711.4452,712.81978,715.29351,717.02704,719.00356,721.07004,723.33619,728.47836,742.62056,712.75101,793.89441,807.52461,799.53039,878.05001,943.37314,962.9615,981.6351,1021.2879,1063.1239,1018.8351,986.83675,969.36935,975.4603,985.1805,994.17954,1000.9531,1022.5255,1054.7717,1091.4297,1115.1689,1118.933,1122.186,1110.7976,1099.6362,1080.3683,1063.4923,1050.3686,1038.5549,1024.9952,1005.8218,979.69679,950.99313,911.78372,854.87164,793.4124,783.14809,776.2714,772.36152,778.32165,783.04746,790.03783,801.70121,812.924,825.50807,835.58519,843.13585,851.7837,864.80479,879.46815,894.79286,911.0625,931.7372,953.94989,970.47378,982.34359,992.02358,1001.263,1010.5667,1019.9379,1029.3797,1038.8948,1046.1673,1052.8068,1059.86,1068.1659,1077.5341,1085.8386,1092.1306,1096.1687,1098.2887

Time pixel : 16.221,16.3535,16.624,16.957,17.2236,17.3916,17.4967,17.5828,17.6837,17.8116,17.9394,18.0403,18.1222,18.204,18.3007,18.4138,18.5378,18.6974,18.8987,19.1042,19.3081,19.5856,19.9602,20.3174,20.6108,20.8696,21.2314,21.7226,22.1389,22.4773,22.8059,23.0901,23.3561,23.5848,23.8038,24.1249,24.5374,24.9813,25.5799,26.3332,27.0316,27.6769,28.2824,28.8306,29.1967,29.4681,29.7973,30.1662,30.4982,30.7917,31.0672,31.3925,31.7717,32.163,32.5668,32.9054,33.2182,33.5685,33.9782,34.4455,34.8927,35.2807,35.6553,36.0952,36.5167,36.8382,37.0941,37.3551,37.6563,37.8979,38.0554,38.2006,38.4444,38.813,39.175,39.4676,39.8215,40.3242,40.7961,41.0905,41.2673,41.4286,41.5816,41.7496,41.9753,42.2008,42.3893,42.6446,43.0578,43.6388,44.3138,44.7783,45.0475,45.3654,45.9204,46.8018,47.8697,49.0649,50.0005,50.6048,51.1377,51.7871,52.6198,53.6889,54.7537,55.6405,56.4178,57.1188,57.718,58.2138,58.6551,59.1032,59.564,59.9657,60.2302,60.4127,60.6249,60.9483,61.3571,61.7225,61.9624,62.0894,62.1553,62.2006,62.2541,62.312,62.3766,62.5294,62.9608,63.8,64.762,65.5106,66.0389,66.5904,67.1449,67.5447,67.9231,68.4405,69.0556,69.7311,70.4337,71.1158,71.768,72.3446,72.7638,73.0179,73.2384,73.5267,73.8264,74.1068,74.3726,74.617,74.8135,74.9719,75.1028,75.2024,75.2829,75.359,75.4436,75.5659,75.7423,75.944,76.1968,76.5655,76.979,77.3564,77.7099,78.1163,78.5167,78.8317,79.0642,79.2324,79.3939,79.574,79.7419,79.8845,80.0297,80.2185,80.4368,80.6532,80.8679,81.0883,81.2759,81.4151,81.5148,81.5957,81.6725,81.7495,81.8267,81.9042,81.9818,82.0597,82.1378,82.2204,82.3179,82.428,82.524,82.5938,82.6346,82.6506

Position pixel : 21.1794,21.2068,21.276,21.3575,21.4039,21.4313,21.4626,21.4816,21.4858,21.4858,21.4858,21.4858,21.4858,21.4858,21.4858,21.49,21.509,21.5445,21.5824,21.6179,21.6453,21.6917,21.7732,21.8466,21.893,21.9412,22.0213,22.1425,22.2538,22.3357,22.3944,22.4408,22.4953,22.5497,22.6003,22.6738,22.7595,22.8333,22.9299,23.0511,23.1502,23.2339,23.3097,23.3849,23.4418,23.49,23.5469,23.6221,23.7022,23.7964,23.893,23.9938,24.1112,24.2415,24.3712,24.4787,24.6003,24.7472,24.9025,25.0578,25.2046,25.3262,25.438,25.5781,25.7018,25.7714,25.8238,25.8996,26.0019,26.082,26.1491,26.231,26.3508,26.51,26.661,26.8029,26.9599,27.1629,27.3514,27.4741,27.5716,27.6718,27.7621,27.8451,27.9518,28.0717,28.1767,28.2951,28.4588,28.6894,28.9639,29.1636,29.2891,29.4258,29.6272,29.9224,30.2788,30.6814,31.0054,31.2199,31.3969,31.5573,31.7096,31.8917,32.0683,32.2075,32.3336,32.4626,32.5739,32.6646,32.7489,32.8318,32.8991,32.9489,32.9911,33.0159,33.0335,33.0839,33.1876,33.2946,33.3615,33.4063,33.4485,33.5023,33.5554,33.5998,33.656,33.7221,33.7729,33.7921,33.7918,33.787,33.7818,33.7763,33.7706,33.7648,33.7545,33.7294,33.692,33.6668,33.6564,33.6503,33.6443,33.6385,33.6328,33.6315,33.6495,33.699,33.7677,33.8409,33.9187,34.0116,34.1214,34.2339,34.3444,34.4345,34.4955,34.5404,34.5979,34.6705,34.7435,34.8021,34.8487,34.9036,34.9546,34.9789,34.9844,34.9859,34.9875,34.9893,34.9912,34.9931,34.9951,35.0013,35.0222,35.0554,35.0803,35.105,35.1376,35.1577,35.1627,35.1632,35.1633,35.163,35.1622,35.1609,35.1591,35.1568,35.1538,35.1502,35.146,35.1411,35.1355,35.1291,35.122,35.1141,35.1055,35.0961,35.0858,35.0748

Pole type : Curve
Start frame : 1
End frame : 83
Start time (s) : 0.000
End time (s) : 802.170
Time step (s) : 9.783

Feature Information :


Feature number : 1

Time (s) : 639.8962,639.979,640.4328,641.4569,642.6664,643.653,644.454,645.1722,645.7464,646.1588,646.5474,646.9598,647.4925,648.0253,648.4377,648.8263,649.2387,649.8128,650.531,651.2493,651.8234,652.2358,652.6244,653.0368,653.611,654.2878,654.8619,655.3157,655.8898,656.5667,657.1408,657.5532,657.9005,658.1273,658.437,659.1139,659.9111,660.3648,660.6331,660.939,661.1659,661.3928,661.6986,661.9255,662.1938,662.6851,663.2179,663.6717,664.2458,664.9226,665.4968,665.9092,666.2564,666.4833,666.7102,667.016,667.2429,667.4698,667.817,668.188,668.5767,668.9891,669.5632,670.24,670.8142,671.268,671.8421,672.5603,673.32,674.0796,674.8392,675.5989,676.3585,677.1181,677.8364,678.4105,678.8229,679.2115,679.5825,679.9297,680.1566,680.4249,680.9163,681.449,681.8614,682.2914,682.8479,683.501,683.9134,684.1817,684.4875,684.673,684.7144

Position (um) : 3.2424,3.2348,3.2175,3.1889,3.158,3.1332,3.1157,3.1025,3.0904,3.0801,3.0714,3.0631,3.0543,3.044,3.032,3.0192,3.0046,2.989,2.974,2.9592,2.9433,2.9289,2.916,2.9032,2.8877,2.8676,2.8448,2.8253,2.8071,2.7854,2.7628,2.7404,2.7205,2.7048,2.6893,2.6712,2.6517,2.6352,2.6215,2.6065,2.5888,2.5709,2.5556,2.5406,2.5245,2.5075,2.4885,2.4656,2.4387,2.4085,2.3792,2.3568,2.3431,2.334,2.3257,2.3174,2.3087,2.2979,2.2847,2.2726,2.2632,2.2527,2.2403,2.2263,2.2122,2.1989,2.1848,2.1703,2.155,2.1376,2.1215,2.1069,2.0887,2.068,2.0511,2.0382,2.0279,2.0191,2.0108,2.0025,1.9943,1.986,1.9777,1.969,1.9586,1.9461,1.9318,1.9164,1.904,1.8948,1.8865,1.8787,1.8729

Intensity : 635.7408,628.2372,611.1602,586.0507,563.7157,546.213,534.2189,525.3669,517.8602,511.8872,506.7772,501.8737,496.5472,490.5023,483.8808,477.0074,469.2946,460.8387,455.0509,449.8853,444.9007,440.7086,437.0671,433.6206,429.6629,426.6267,424.6175,423.2032,421.4211,419.1892,417.1702,415.4392,413.967,412.859,411.771,410.4717,409.2155,408.3363,407.6873,407.0527,406.3424,405.6931,405.0382,403.9419,402.8543,402.0312,401.2584,400.2785,400.0144,400.5672,400.6197,400.2938,400.4165,400.9055,401.355,401.8264,402.3057,402.888,403.6266,404.3249,404.9053,405.553,406.376,408.2247,409.9645,411.5184,413.1137,414.6749,416.2041,417.8356,419.22,420.4794,422.0061,423.6518,424.8643,425.7283,426.3918,427.6573,428.9033,430.1591,431.464,432.752,433.9489,435.2049,436.7753,438.7123,440.9065,444.2681,449.1763,452.8546,456.1514,459.3113,461.6919

Time pixel : 65.4119,65.4204,65.4668,65.5715,65.6951,65.796,65.8778,65.9513,66.01,66.0521,66.0918,66.134,66.1884,66.2429,66.2851,66.3248,66.3669,66.4256,66.4991,66.5725,66.6312,66.6733,66.713,66.7552,66.8139,66.8831,66.9418,66.9882,67.0468,67.116,67.1747,67.2169,67.2524,67.2756,67.3072,67.3764,67.4579,67.5043,67.5317,67.563,67.5862,67.6094,67.6406,67.6638,67.6913,67.7415,67.7959,67.8423,67.901,67.9702,68.0289,68.071,68.1065,68.1297,68.1529,68.1842,68.2074,68.2306,68.2661,68.304,68.3437,68.3859,68.4446,68.5138,68.5725,68.6188,68.6775,68.7509,68.8286,68.9063,68.9839,69.0616,69.1392,69.2169,69.2903,69.349,69.3911,69.4308,69.4688,69.5043,69.5275,69.5549,69.6051,69.6596,69.7017,69.7457,69.8026,69.8693,69.9115,69.9389,69.9702,69.9891,69.9934

Position pixel : 30.3883,30.3169,30.1549,29.8869,29.5974,29.3645,29.2007,29.0767,28.9635,28.8669,28.785,28.7074,28.6255,28.5289,28.4157,28.2959,28.1596,28.0128,27.8722,27.7334,27.5848,27.4502,27.3286,27.2088,27.064,26.875,26.6614,26.4787,26.3083,26.1052,25.893,25.6832,25.4966,25.3494,25.2046,25.0346,24.8522,24.6969,24.5687,24.4281,24.2623,24.0947,23.9517,23.8111,23.66,23.5005,23.322,23.108,22.8561,22.5729,22.2982,22.0884,21.9602,21.8741,21.7964,21.7188,21.6369,21.536,21.4124,21.2992,21.2107,21.1123,20.9967,20.8646,20.7325,20.6084,20.4763,20.34,20.197,20.0336,19.8825,19.7458,19.5758,19.3811,19.2234,19.1018,19.0052,18.9233,18.8456,18.768,18.6903,18.6127,18.535,18.4532,18.3565,18.2392,18.1046,17.9602,17.8446,17.7585,17.6809,17.6075,17.553

Brightness max : 628.40
Brightness min : 242.00
Feature direction : Ambiguous
Feature speed : Slow
Feature type : Curve
Start frame : 1
End frame : 83
Start time (s) : 0.000
End time (s) : 802.170
Time step (s) : 9.783

Feature number : 2

Time (s) : 686.7532,687.0858,687.6506,688.6238,689.7242,690.5856,691.2056,691.5857,691.6901,691.7433,691.8676,691.8652,691.714,691.5594,691.5468,691.695,691.8669,692.0159,692.0047,691.8929,691.928,692.2308,692.6203,693.038,693.5574,693.9859,694.3972,694.733,694.8123,694.7564,694.8126,695.0407,695.3033,695.5531,695.6939,695.9185,696.2923,696.7064,697.1533,697.5957,698.0253,698.3016,698.4398,698.5403,698.6836,698.9707,699.4178,699.8857,700.3261,700.6422,700.9542,701.3825,701.8308,702.2935,702.7357,703.1516,703.4039,703.5104,703.5742,703.6783,703.9344,704.0863,704.2668,704.3196,704.3809,704.5986,705.0427,705.3903,705.6382,706.0619,706.4423,706.5912,706.6977,707.0657,707.6705,708.6186,709.8402,710.9243,711.6175,712.005,712.3382,712.4391,712.3547,712.2982

Position (um) : 2.2454,2.2505,2.2621,2.282,2.3053,2.3267,2.3456,2.3584,2.3651,2.368,2.3673,2.3662,2.366,2.3663,2.3672,2.3704,2.3772,2.386,2.3937,2.3989,2.4046,2.4135,2.4253,2.4394,2.4545,2.4669,2.4764,2.4863,2.4956,2.5018,2.5062,2.5117,2.5201,2.5297,2.5377,2.5495,2.5621,2.5734,2.5819,2.5908,2.6013,2.6091,2.6155,2.6237,2.6318,2.638,2.6453,2.655,2.6627,2.6704,2.6848,2.7077,2.7328,2.7532,2.7664,2.7738,2.7794,2.7871,2.8006,2.8216,2.8472,2.8703,2.8875,2.9014,2.9179,2.9389,2.9596,2.9767,2.9927,3.01,3.0225,3.0305,3.0383,3.0483,3.0619,3.0855,3.1162,3.1418,3.1585,3.1722,3.1851,3.1946,3.2013,3.2064

Intensity : 407.2897,406.1549,404.3358,401.6122,399.1805,397.8857,397.4294,397.4353,397.6521,397.7364,397.4845,397.415,397.6655,397.9505,398.0254,397.9645,398.1057,398.4355,398.9457,399.4326,399.7439,399.9528,400.332,400.9667,401.7588,402.7713,403.5885,404.5457,405.5613,406.2852,406.7509,407.2852,408.1431,409.1416,410.0033,411.2815,412.6526,414.0665,415.0706,416.1162,417.3632,418.3035,419.1001,420.1464,421.1597,421.8434,422.6057,423.6495,424.4339,425.1289,426.1397,427.7929,429.6381,431.1094,432.0088,432.4573,432.7065,433.1436,433.9698,435.2615,436.8396,438.3136,439.4283,440.3429,441.3212,442.0681,442.1454,442.2789,443.1392,444.7929,445.7391,446.6284,447.5925,448.128,448.5442,449.4867,454.9719,460.565,464.1344,467.5712,470.914,473.8259,476.5679,481.0798

Time pixel : 70.2018,70.2358,70.2935,70.393,70.5055,70.5935,70.6569,70.6958,70.7064,70.7119,70.7246,70.7243,70.7089,70.6931,70.6918,70.7069,70.7245,70.7397,70.7386,70.7272,70.7308,70.7617,70.8015,70.8442,70.8973,70.9411,70.9832,71.0175,71.0256,71.0199,71.0256,71.049,71.0758,71.1013,71.1157,71.1387,71.1769,71.2192,71.2649,71.3101,71.354,71.3823,71.3964,71.4067,71.4213,71.4507,71.4964,71.5442,71.5892,71.6216,71.6534,71.6972,71.7431,71.7904,71.8356,71.8781,71.9039,71.9147,71.9213,71.9319,71.9581,71.9736,71.9921,71.9975,72.0037,72.026,72.0714,72.1069,72.1323,72.1756,72.2145,72.2297,72.2406,72.2782,72.34,72.4369,72.5618,72.6726,72.7435,72.7831,72.8171,72.8275,72.8188,72.8131

Position pixel : 21.0437,21.0923,21.2003,21.387,21.605,21.8058,21.9828,22.1032,22.1659,22.1929,22.187,22.176,22.1743,22.1772,22.1856,22.2154,22.2796,22.3622,22.4341,22.483,22.536,22.6198,22.73,22.8618,23.0037,23.1197,23.2091,23.3019,23.3891,23.4472,23.4878,23.5398,23.619,23.7087,23.7834,23.8939,24.0125,24.1184,24.198,24.2814,24.3796,24.4531,24.5131,24.5897,24.6656,24.7232,24.7921,24.8829,24.9552,25.0275,25.1626,25.377,25.6123,25.8033,25.9265,25.9966,26.0487,26.1205,26.2475,26.4443,26.6838,26.9004,27.0614,27.1921,27.3469,27.544,27.7376,27.8976,28.0475,28.2101,28.3269,28.4024,28.4754,28.5685,28.6966,28.9179,29.2049,29.4449,29.6019,29.7298,29.8514,29.94,30.0025,30.0504

Brightness max : 628.40
Brightness min : 242.00
Feature direction : Ambiguous
Feature speed : Slow
Feature type : Curve
Start frame : 1
End frame : 83
Start time (s) : 0.000
End time (s) : 802.170
Time step (s) : 9.783

