KYMOANALYSIS DATA

General Information :

Tiff path : E:\Google Drive\microtubule dynamics and cut7\20-15 screens and tests\wild type\19-03-01&06&07 (Cut73GFP and cdc7mCh_int_mono_bipole_25 deg)\
Spindle type : Bipolar
Start frame : 1
End frame : 210
Start time (s) : 0.000
End time (s) : 1570.000
Time step (s) : 7.512
Num poles : 2
Num tracks : 10
Num tracks poleward : 3
Num tracks antipoleward : 2
Num tracks ambiguous : 4
Comments : {

}
Poles Information :


Pole number : 1

Time (s) : 14.72739,15.85107,17.78188,20.67436,24.0034,26.53281,27.94605,29.15074,30.47546,31.59914,32.48729,33.61096,35.0167,36.50344,38.07119,39.83999,41.56226,42.81347,44.01816,45.42389,46.99165,48.84145,50.84578,52.33252,53.30168,54.34435,55.38702,56.19416,57.03578,58.12497,59.48418,60.65438,61.85907,63.34581,65.19562,67.28095,69.13076,70.69851,72.18526,73.672,75.15874,76.64548,78.13223,79.61897,81.10571,82.59245,83.99819,85.12186,86.01001,87.2147,89.06451,91.67493,95.09249,99.47171,104.6925,110.9291,118.9614,128.3184,138.127,148.2912,157.8027,164.9199,169.6232,172.6776,174.6895,176.2572,177.825,179.6748,181.9221,184.5791,187.8691,191.4067,194.7777,197.9598,201.6129,205.386,208.3595,210.3713,211.858,212.9817,213.7889,214.6305,215.8007,217.523,219.2917,220.8595,222.3462,223.752,224.8757,225.9258,227.7756,230.3785,232.5914,234.3212,236.171,238.2563,240.1061,241.7549,243.6047,245.69,247.5399,249.1076,250.5943,252.1621,254.0119,256.0972,258.0281,259.9589,261.9632,263.4499,264.3381,265.0987,265.9058,266.9485,267.9912,268.8793,270.003,271.4087,272.8955,274.4632,276.313,278.4794,280.6923,282.8586,284.7084,286.2762,287.7629,289.3307,291.2615,293.7909,296.7644,300.1819,304.1171,308.0522,311.3888,313.9992,315.849,317.0537,317.9418,319.0655,320.5523,322.4021,324.5684,326.8623,329.4727,332.2842,334.9756,337.7136,340.8416,343.734,346.2709,349.3254,353.2606,357.4778,361.1309,364.0308,367.0043,370.1323,372.7893,375.0366,376.8864,378.4542,379.9409,381.4277,382.9144,384.4822,386.413,388.9424,391.8349,394.7274,397.2568,399.1876,400.7553,402.1611,403.2847,404.1729,405.2966,406.6213,407.745,408.6331,409.9188,412.0507,414.7346,417.2715,420.6156,425.7479,431.4518,436.6382,440.9709,444.1529,446.8443,449.2927,451.2236,452.7913,454.2781,455.7648,457.2515,458.7383,460.306,462.2369,464.6853,467.1337,469.1455,471.0763,473.1616,475.0114,476.6602,478.591,481.0394,483.4878,485.4186,486.9864,488.4731,489.9599,491.4466,493.0144,494.9452,497.3936,500.004,502.661,505.4259,507.6388,509.2875,510.7743,512.261,513.7478,515.2345,516.7212,518.208,519.6947,521.1815,522.6682,524.155,525.7227,527.5725,529.6578,531.5887,533.5195,535.6048,537.4546,539.0224,540.4281,541.5518,542.3589,543.1195,543.9267,544.9693,546.012,546.9002,547.9428,548.9855,549.8737,550.9973,552.322,553.3647

Position (um) : 4.1507,4.1496,4.1421,4.1199,4.0811,4.0378,4.0041,3.9755,3.9459,3.9196,3.8973,3.8762,3.8551,3.834,3.8117,3.7854,3.7558,3.7295,3.7073,3.685,3.6576,3.6228,3.588,3.5617,3.5446,3.532,3.5172,3.5024,3.4909,3.4801,3.4698,3.459,3.4487,3.4379,3.4264,3.4105,3.3917,3.3757,3.3642,3.3534,3.3431,3.3323,3.322,3.3112,3.3009,3.2912,3.2849,3.2786,3.269,3.2575,3.2404,3.2153,3.1845,3.1531,3.12,3.0799,3.0229,2.9533,2.8837,2.8152,2.7508,2.7034,2.6748,2.6577,2.6451,2.6303,2.6143,2.5977,2.5772,2.5543,2.5224,2.4847,2.454,2.4339,2.4116,2.3832,2.358,2.3421,2.3346,2.3283,2.3187,2.3072,2.2924,2.2776,2.2661,2.2553,2.245,2.2342,2.2227,2.2068,2.1879,2.172,2.1605,2.1486,2.1319,2.1086,2.0887,2.076,2.0652,2.0549,2.0441,2.0327,2.0179,2.003,1.9916,1.9808,1.9693,1.9545,1.9397,1.9282,1.9174,1.9071,1.8963,1.8848,1.87,1.8552,1.8438,1.833,1.8226,1.8107,1.7952,1.7759,1.7604,1.7485,1.7382,1.7274,1.717,1.7062,1.6959,1.6851,1.6737,1.6577,1.6389,1.6218,1.6052,1.587,1.5755,1.5681,1.5584,1.5481,1.5373,1.5258,1.5099,1.4911,1.4739,1.4573,1.4369,1.4151,1.3895,1.3655,1.3472,1.3295,1.305,1.2799,1.2576,1.2365,1.2165,1.2006,1.188,1.1731,1.1583,1.1469,1.1361,1.1258,1.1149,1.1035,1.0875,1.0676,1.0464,1.0265,1.0105,0.99905,0.98939,0.98308,0.97678,0.96827,0.96312,0.96082,0.95566,0.94716,0.94085,0.93339,0.91858,0.89746,0.87004,0.83526,0.80048,0.77306,0.75079,0.72967,0.70971,0.6949,0.68859,0.68744,0.68744,0.68744,0.68744,0.68744,0.68744,0.68744,0.68744,0.68744,0.68744,0.68744,0.68744,0.68744,0.68744,0.68744,0.68744,0.68744,0.68744,0.68744,0.68744,0.68744,0.68744,0.68744,0.68744,0.68744,0.68744,0.68744,0.68744,0.68744,0.68744,0.68629,0.68113,0.67263,0.66747,0.66632,0.66632,0.66632,0.66632,0.66632,0.66632,0.66517,0.66001,0.65151,0.64635,0.6452,0.6452,0.6452,0.6452,0.6475,0.65782,0.67597,0.69259,0.70855,0.72452,0.74114,0.75929,0.77076,0.77822,0.78787,0.79818,0.80784,0.81299

Intensity : 674.8112,671.6621,667.7251,665.0725,664.4532,660.5411,653.8504,648.6177,642.9076,632.1019,622.9687,612.9754,601.5633,589.0562,575.5589,563.4458,557.5086,558.1414,564.5775,576.7354,599.0073,635.2459,673.1434,707.3581,726.4649,743.1383,759.4678,765.3069,773.0789,784.7602,800.9448,809.6401,812.6048,817.9878,826.8607,838.0002,828.2099,822.3812,820.8963,822.2108,825.7811,819.7213,815.9741,814.9071,809.7286,804.3768,795.2465,789.1359,786.2068,784.2424,785.9486,790.97,788.9984,793.7411,821.1068,840.4428,870.9645,864.4987,840.8398,799.4478,807.5317,824.5758,816.482,811.7151,790.8913,782.5875,778.772,774.786,780.3173,787.2635,804.6411,844.8701,885.202,896.3373,916.2343,925.8045,932.2574,932.5757,913.3907,900.3942,897.4519,896.9171,896.3854,889.3833,869.4774,850.3603,831.8122,809.1398,789.791,778.4901,762.0257,737.1675,717.3158,721.0895,734.3467,748.6555,769.5065,778.5636,785.6589,794.0944,805.4644,807.9038,804.1547,797.1309,788.6105,778.1199,767.1029,760.3279,754.9146,755.1385,759.4553,758.184,757.9469,758.7772,762.1851,767.4813,773.5404,778.0567,782.7848,787.7097,786.9991,791.1785,797.2066,807.3175,819.5471,826.2616,828.4009,832.161,828.6233,822.4709,805.3774,794.3221,770.0887,748.1123,727.8653,717.1936,712.2878,712.1343,717.9557,723.5757,728.2112,732.6039,748.1392,768.5436,781.3855,790.0126,802.0383,815.4514,833.7823,840.1788,846.1661,853.3072,870.1998,894.2502,893.4257,881.2849,869.019,856.1875,848.0038,844.8169,833.1625,827.0054,823.7026,822.8523,824.3839,826.2069,833.3054,850.6013,849.15,840.0375,837.1839,831.5422,824.6167,818.6845,815.3327,815.3229,812.8268,805.6237,797.2209,790.2565,781.8712,769.7516,754.4624,746.0112,747.0274,764.48,794.6018,825.8913,841.782,833.0201,812.4697,794.0477,782.9725,778.3643,774.7307,771.0971,767.4635,764.1053,761.1226,757.4491,752.791,749.1135,746.7031,744.3898,741.8914,733.1266,725.0091,715.5029,704.6533,703.37,702.3579,701.5361,700.4328,697.1909,693.949,690.5304,686.3202,689.0536,696.4978,704.0746,702.3394,698.6295,695.8654,693.899,700.4038,709.3688,717.1116,722.765,727.7376,727.2188,726.2292,725.2396,724.25,723.9937,723.1261,723.4682,721.7874,717.0683,706.8013,697.694,689.9753,682.5048,673.8448,666.3982,660.9621,656.847,653.6258,652.3676,645.9075,640.574,641.7941,644.9293,650.9386,660.3238,669.0552

Time pixel : 1.96052,2.11011,2.36714,2.75219,3.19536,3.53208,3.72021,3.88058,4.05692,4.20651,4.32474,4.47433,4.66146,4.85937,5.06808,5.30354,5.53281,5.69937,5.85974,6.04687,6.25558,6.50182,6.76864,6.96656,7.09557,7.23437,7.37318,7.48062,7.59266,7.73766,7.91859,8.07437,8.23474,8.43266,8.67891,8.95651,9.20276,9.41146,9.60937,9.80729,10.0052,10.2031,10.401,10.599,10.7969,10.9948,11.1819,11.3315,11.4497,11.6101,11.8564,12.2039,12.6588,13.2418,13.9368,14.767,15.8363,17.0819,18.3876,19.7407,21.0069,21.9543,22.5804,22.987,23.2548,23.4635,23.6722,23.9185,24.2177,24.5714,25.0093,25.4803,25.929,26.3526,26.8389,27.3412,27.737,28.0048,28.2028,28.3523,28.4598,28.5718,28.7276,28.9569,29.1923,29.401,29.599,29.7861,29.9357,30.0755,30.3217,30.6682,30.9628,31.1931,31.4393,31.7169,31.9632,32.1827,32.4289,32.7065,32.9528,33.1615,33.3594,33.5681,33.8143,34.0919,34.349,34.606,34.8728,35.0707,35.189,35.2902,35.3977,35.5365,35.6753,35.7935,35.9431,36.1302,36.3281,36.5368,36.7831,37.0715,37.366,37.6544,37.9007,38.1094,38.3073,38.516,38.773,39.1097,39.5056,39.9605,40.4844,41.0082,41.4524,41.7999,42.0461,42.2065,42.3247,42.4743,42.6722,42.9185,43.2069,43.5122,43.8597,44.234,44.5923,44.9568,45.3732,45.7582,46.0959,46.5026,47.0264,47.5878,48.0741,48.4602,48.856,49.2724,49.6261,49.9253,50.1715,50.3802,50.5781,50.776,50.974,51.1827,51.4397,51.7764,52.1615,52.5465,52.8832,53.1403,53.349,53.5361,53.6857,53.8039,53.9535,54.1298,54.2794,54.3977,54.5688,54.8526,55.2099,55.5476,55.9928,56.676,57.4353,58.1257,58.7025,59.1261,59.4844,59.8103,60.0673,60.276,60.474,60.6719,60.8698,61.0677,61.2764,61.5334,61.8594,62.1853,62.4531,62.7102,62.9878,63.234,63.4535,63.7105,64.0365,64.3624,64.6194,64.8281,65.026,65.224,65.4219,65.6306,65.8876,66.2135,66.561,66.9147,67.2828,67.5774,67.7969,67.9948,68.1927,68.3906,68.5885,68.7865,68.9844,69.1823,69.3802,69.5781,69.776,69.9847,70.231,70.5086,70.7656,71.0227,71.3003,71.5465,71.7552,71.9423,72.0919,72.1994,72.3006,72.4081,72.5469,72.6857,72.8039,72.9427,73.0815,73.1997,73.3493,73.5257,73.6645

Position pixel : 38.901,38.8903,38.8204,38.6117,38.2482,37.8426,37.5264,37.2586,36.981,36.7347,36.526,36.3281,36.1302,35.9323,35.7236,35.4773,35.1997,34.9535,34.7448,34.5361,34.2791,33.9531,33.6272,33.3809,33.2206,33.1023,32.9635,32.8247,32.7173,32.616,32.5194,32.4181,32.3215,32.2202,32.1128,31.9632,31.7868,31.6372,31.5298,31.4285,31.3319,31.2306,31.134,31.0327,30.936,30.8456,30.7865,30.7273,30.6369,30.5294,30.3691,30.1336,29.8452,29.5506,29.2407,28.8654,28.3308,27.6789,27.026,26.384,25.7804,25.3363,25.0684,24.9081,24.7898,24.651,24.5015,24.3457,24.154,23.9391,23.6399,23.2872,22.9988,22.8107,22.602,22.3352,22.0997,21.9501,21.8802,21.8211,21.7306,21.6232,21.4844,21.3456,21.2381,21.1369,21.0402,20.939,20.8315,20.6819,20.5056,20.356,20.2485,20.1365,19.9807,19.7622,19.5751,19.4569,19.3556,19.259,19.1577,19.0503,18.9115,18.7727,18.6652,18.564,18.4565,18.3177,18.1789,18.0715,17.9702,17.8735,17.7723,17.6648,17.526,17.3872,17.2798,17.1785,17.0819,16.9698,16.8248,16.6439,16.4989,16.3869,16.2902,16.189,16.0923,15.991,15.8944,15.7931,15.6857,15.5361,15.3597,15.1994,15.0436,14.8734,14.766,14.6961,14.6056,14.509,14.4077,14.3003,14.1507,13.9743,13.814,13.6582,13.4665,13.2623,13.0223,12.7976,12.6265,12.4599,12.2306,11.9952,11.7865,11.5885,11.4014,11.2518,11.1336,10.9948,10.856,10.7485,10.6473,10.5506,10.4494,10.3419,10.1923,10.0052,9.80729,9.62016,9.47057,9.36313,9.27266,9.21354,9.15443,9.07474,9.02641,9.00484,8.95651,8.87682,8.81771,8.74781,8.60901,8.41109,8.15406,7.82812,7.50219,7.24516,7.03646,6.83854,6.65141,6.51261,6.45349,6.44271,6.44271,6.44271,6.44271,6.44271,6.44271,6.44271,6.44271,6.44271,6.44271,6.44271,6.44271,6.44271,6.44271,6.44271,6.44271,6.44271,6.44271,6.44271,6.44271,6.44271,6.44271,6.44271,6.44271,6.44271,6.44271,6.44271,6.44271,6.44271,6.44271,6.43192,6.38359,6.30391,6.25558,6.24479,6.24479,6.24479,6.24479,6.24479,6.24479,6.23401,6.18568,6.10599,6.05766,6.04687,6.04687,6.04687,6.04687,6.06844,6.16511,6.33526,6.49104,6.64062,6.79021,6.94599,7.11614,7.22359,7.29349,7.38396,7.48062,7.57109,7.61942

Pole type : Curve
Start frame : 1
End frame : 210
Start time (s) : 0.000
End time (s) : 1570.000
Time step (s) : 7.512

Pole number : 2

Time (s) : 11.25013,14.04337,20.17861,27.74132,33.12739,36.47534,38.6988,40.35545,41.84931,43.26177,44.39082,45.28322,46.33088,47.37853,48.27093,49.39999,50.81245,52.3063,53.80016,55.29401,56.78787,58.28173,59.69418,60.82324,61.63424,62.39849,63.20949,64.33855,65.75101,67.24486,68.73872,70.23257,71.72643,73.22029,74.71414,76.208,77.70185,79.19571,80.68957,82.18342,83.67728,85.17113,86.66499,88.15885,89.6527,91.14656,92.64041,94.13427,95.62813,97.12198,98.61584,100.0283,101.1574,102.0498,103.1788,104.7541,106.9775,109.7557,112.3439,114.6021,116.4607,118.036,119.5298,121.1051,122.8823,124.6942,126.3162,128.2096,130.3516,132.5283,134.387,135.8808,137.0099,137.9023,139.0313,140.4438,141.8563,143.0667,144.4053,146.582,149.4069,152.3947,155.301,157.9239,160.2287,162.4054,164.2641,165.9208,167.8608,170.3209,172.781,174.7211,176.2964,177.7902,179.2841,180.7779,182.2718,183.7656,185.2595,186.7533,188.2472,189.8225,191.5997,193.3302,194.5874,195.7979,197.1289,198.258,199.1504,200.2794,201.6105,202.6582,203.1858,203.7134,204.6796,205.8087,206.9845,208.4316,209.9722,211.7841,213.5614,215.1366,216.7933,219.0981,222.1597,224.9846,227.0061,228.5813,230.238,232.4614,235.0768,236.9355,237.9906,239.1197,240.4508,241.5798,242.4722,243.5199,244.5675,245.3785,246.1428,246.8724,247.6366,248.3662,249.0491,249.4953,250.0229,251.0706,252.4016,253.5307,254.4231,255.6335,257.4108,259.5875,261.8923,264.4339,266.8126,268.3878,269.3616,270.4907,271.9845,273.8432,275.9385,277.7972,279.3724,280.9477,282.8063,284.9016,286.7603,288.417,290.2756,292.2895,293.7834,294.7572,295.8862,297.3801,299.2387,301.3341,303.1927,304.768,306.2618,307.7557,309.2495,310.7434,312.2372,313.8125,315.7526,318.2941,321.119,323.7419,326.1282,328.7511,331.576,334.1989,336.4223,338.3157,340.1005,342.642,345.7035,348.4546,351.0775,353.5376,355.4777,357.0529,358.4654,359.5944,360.4054,361.1697,361.9807,363.0284,364.076,364.9684,366.0975,367.4285,368.5576,369.5314,371.0252,373.1205,375.344,377.5207,379.4608,381.3194,383.0499,384.3071,385.4362,386.4839,387.3763,388.5053,389.9178,391.4116,392.9055,394.4807,396.4208,398.9623,401.7872,404.2473,405.8226,406.7964,407.844,408.8917,409.7841,410.9131,412.3256,413.8195,415.3133,416.8072,418.3824,420.3225,423.0268,426.7441,431.2995,435.5369,438.606,440.6275,442.2027,443.6966,445.3532,447.5767,450.5177,454.0797,458.7979,463.9202,467.9555,470.4232,472.0798,473.5737,475.0676,476.5614,478.0553,479.5491,481.043,482.5368,484.2749,486.9445,490.6076,493.7973,495.9001,497.5568,499.4155,501.5108,503.3694,504.9447,506.3571,507.649,509.5152,512.9416,516.888,519.639,521.2957,522.4247,523.2358,524,524.7296,525.4939,526.3049,527.3525,528.3188

Position (um) : 9.10618,9.10849,9.11885,9.1371,9.15264,9.1635,9.16868,9.16983,9.16983,9.17099,9.17617,9.18472,9.19105,9.19739,9.20593,9.21112,9.21343,9.21861,9.22831,9.23867,9.24953,9.25989,9.27075,9.28111,9.29197,9.30348,9.31952,9.33843,9.35447,9.36714,9.38202,9.3969,9.40842,9.41928,9.42964,9.43934,9.44452,9.44568,9.44568,9.44683,9.45202,9.46056,9.4669,9.47323,9.48178,9.48696,9.48812,9.48927,9.49445,9.503,9.50818,9.51049,9.51567,9.52422,9.53055,9.53805,9.55177,9.56781,9.58567,9.60909,9.62915,9.64298,9.65787,9.67275,9.68542,9.70146,9.72152,9.74274,9.76396,9.78518,9.80524,9.82128,9.8328,9.84365,9.85517,9.87005,9.88493,9.89645,9.90731,9.91883,9.93371,9.94975,9.96645,9.98585,10.0025,10.0186,10.0323,10.0398,10.0473,10.061,10.0759,10.0886,10.1035,10.1172,10.1247,10.131,10.1407,10.1522,10.1683,10.1872,10.2032,10.2159,10.2319,10.2508,10.2669,10.2784,10.2892,10.3008,10.3168,10.3357,10.3517,10.3644,10.3793,10.3942,10.4069,10.4229,10.443,10.4642,10.4854,10.5055,10.5215,10.5342,10.5502,10.5703,10.5915,10.6116,10.6264,10.6339,10.6403,10.6488,10.6551,10.6615,10.67,10.6752,10.6775,10.6827,10.6912,10.6976,10.7039,10.7136,10.724,10.7348,10.7452,10.7561,10.7676,10.7825,10.7962,10.8037,10.8112,10.8249,10.8386,10.8461,10.8536,10.8685,10.8886,10.9086,10.9247,10.9362,10.9459,10.9522,10.9597,10.9746,10.9935,11.0084,11.0159,11.0234,11.0382,11.0571,11.072,11.0795,11.0859,11.0956,11.1059,11.1168,11.1271,11.138,11.1484,11.1592,11.1696,11.1793,11.1856,11.192,11.2005,11.2068,11.2143,11.2292,11.2493,11.2705,11.2906,11.3066,11.3181,11.3301,11.3457,11.3651,11.3818,11.3978,11.4127,11.4254,11.4414,11.4615,11.4827,11.5039,11.524,11.5388,11.5463,11.5527,11.5624,11.5727,11.5824,11.5888,11.5963,11.61,11.6249,11.6375,11.6536,11.6736,11.696,11.7224,11.7522,11.7786,11.7998,11.8158,11.8274,11.8371,11.8434,11.8497,11.8594,11.8698,11.8807,11.891,11.9019,11.9122,11.9242,11.9409,11.9644,11.9844,11.9971,12.0068,12.0131,12.0195,12.028,12.0332,12.0344,12.0344,12.0344,12.0355,12.0407,12.0504,12.0608,12.0705,12.0768,12.0831,12.0917,12.0969,12.098,12.098,12.0992,12.1044,12.1141,12.1244,12.1341,12.1405,12.1468,12.1553,12.1605,12.1617,12.1617,12.1617,12.1617,12.1617,12.1617,12.1617,12.1617,12.1617,12.1617,12.1617,12.1617,12.1617,12.1605,12.1553,12.1468,12.1416,12.1393,12.1341,12.1244,12.1141,12.1044,12.098,12.0905,12.0756,12.0556,12.0344,12.0131,11.9931,11.9782,11.9719,11.9707

Intensity : 995.94021,984.89023,963.92994,921.26341,893.8126,881.52831,876.29914,875.04232,874.74006,873.92099,871.82921,859.91834,850.6514,842.26257,832.08356,826.89725,825.73866,822.47144,811.71015,802.02399,794.94463,791.04351,789.72706,789.58204,781.74182,773.15983,762.76747,755.1849,756.27139,764.28632,775.75012,785.32676,794.32729,805.91779,819.79079,831.8007,846.68949,864.54093,883.08045,901.24219,902.91231,898.07603,894.75177,892.39611,891.13969,891.8411,893.05185,894.47379,897.79614,895.3815,893.16636,892.92741,891.81231,890.22761,891.15514,894.68004,896.95925,907.68851,930.03608,935.80303,931.55718,934.20654,943.21115,958.93079,980.19062,1012.4899,1040.2007,1057.9848,1057.4319,1063.8455,1076.5475,1079.3535,1067.014,1057.8651,1050.3106,1044.2627,1042.3581,1039.1978,1025.0102,1007.7665,978.9932,950.42972,933.63786,930.65927,938.49948,953.77186,969.51938,976.18974,987.37165,1005.1714,1028.3624,1023.204,1023.8748,1027.1856,1028.7165,1027.3099,1017.0722,1001.3256,989.28954,983.50916,978.93899,965.30476,956.40737,947.80217,936.97186,929.94013,923.13313,920.9873,924.54805,933.59965,944.56129,943.45215,936.33102,928.75458,921.41439,916.89377,917.82759,916.81149,907.20568,895.78415,891.67489,894.41691,903.93855,899.08939,869.02787,856.47736,853.95242,853.52014,854.51695,859.22529,843.19377,831.39335,830.24985,820.27196,808.47764,801.94497,798.93523,794.87536,791.56106,792.10952,794.15123,797.53307,801.35438,803.52337,806.15947,809.30798,805.43722,801.27766,798.52694,801.83356,809.21884,815.06503,816.96328,830.43394,855.68259,867.25264,873.93313,883.81504,895.74225,903.25561,902.79039,912.86016,926.17002,924.86221,924.30808,925.07663,933.92969,949.4123,953.94493,948.20031,939.74111,935.1458,923.83503,916.21339,908.11536,898.24055,886.8718,877.93719,874.90213,874.31566,873.01232,872.58309,879.67687,882.62243,882.60162,882.60055,885.61532,897.32308,915.39656,936.92175,952.59365,970.3797,975.56328,958.99911,953.98714,956.65591,961.35799,959.4159,956.43518,900.27146,856.96515,829.2305,822.27051,801.77274,785.27493,772.49165,763.20026,751.95983,740.27003,726.14069,713.14618,704.71486,695.70464,681.23037,672.20025,671.60521,675.41532,686.98341,695.46546,688.81199,687.16744,690.4579,696.68901,686.68669,677.67843,665.32007,651.93129,637.23419,621.42511,606.00254,590.9166,576.76831,561.25293,548.89784,546.69535,545.91178,549.42828,561.08396,575.19116,589.24865,599.89724,615.61381,637.44338,664.74828,696.72295,728.21528,759.78294,797.31956,822.32663,848.14319,858.69533,856.14684,815.209,788.53648,771.65997,759.86369,752.02624,738.38784,719.80277,709.27396,702.25101,705.46353,688.50683,667.33225,653.55765,641.14917,627.01008,612.87099,598.7319,584.59281,570.95292,559.50188,546.17898,525.71491,520.0309,526.23732,530.97192,543.81998,558.90948,578.39917,598.46483,612.62146,623.74691,635.73917,654.16817,679.80259,704.62158,716.54091,722.28794,730.39821,739.05762,733.4754,728.03986,723.20692,721.10039,723.3635,726.86016

Time pixel : 1.49763,1.86947,2.6862,3.69295,4.40995,4.85563,5.15162,5.37216,5.57102,5.75905,5.90935,6.02815,6.16761,6.30708,6.42588,6.57618,6.7642,6.96307,7.16193,7.3608,7.55966,7.75852,7.94655,8.09685,8.20481,8.30655,8.41451,8.56481,8.75284,8.9517,9.15057,9.34943,9.5483,9.74716,9.94602,10.1449,10.3438,10.5426,10.7415,10.9403,11.1392,11.3381,11.5369,11.7358,11.9347,12.1335,12.3324,12.5313,12.7301,12.929,13.1278,13.3159,13.4662,13.585,13.7353,13.945,14.241,14.6108,14.9553,15.2559,15.5034,15.7131,15.9119,16.1216,16.3582,16.5994,16.8153,17.0674,17.3525,17.6423,17.8897,18.0886,18.2389,18.3577,18.508,18.696,18.8841,19.0452,19.2234,19.5131,19.8892,20.2869,20.6738,21.023,21.3298,21.6196,21.867,22.0875,22.3458,22.6733,23.0008,23.2591,23.4688,23.6676,23.8665,24.0653,24.2642,24.4631,24.6619,24.8608,25.0597,25.2694,25.5059,25.7363,25.9037,26.0648,26.242,26.3923,26.5111,26.6614,26.8386,26.9781,27.0483,27.1185,27.2472,27.3975,27.554,27.7466,27.9517,28.1929,28.4295,28.6392,28.8597,29.1666,29.5741,29.9502,30.2193,30.429,30.6495,30.9455,31.2937,31.5411,31.6816,31.8319,32.0091,32.1594,32.2781,32.4176,32.5571,32.665,32.7668,32.8639,32.9656,33.0628,33.1537,33.2131,33.2833,33.4228,33.6,33.7503,33.8691,34.0302,34.2668,34.5566,34.8634,35.2017,35.5184,35.7281,35.8577,36.008,36.2069,36.4543,36.7332,36.9806,37.1903,37.4,37.6475,37.9264,38.1738,38.3944,38.6418,38.9099,39.1087,39.2384,39.3887,39.5875,39.835,40.1139,40.3613,40.571,40.7699,40.9688,41.1676,41.3665,41.5653,41.775,42.0333,42.3716,42.7477,43.0969,43.4145,43.7637,44.1397,44.4889,44.7849,45.0369,45.2745,45.6128,46.0204,46.3866,46.7358,47.0633,47.3216,47.5313,47.7193,47.8696,47.9775,48.0793,48.1872,48.3267,48.4662,48.585,48.7353,48.9125,49.0628,49.1924,49.3913,49.6702,49.9662,50.2559,50.5142,50.7616,50.992,51.1594,51.3097,51.4491,51.5679,51.7182,51.9063,52.1051,52.304,52.5137,52.7719,53.1103,53.4863,53.8138,54.0235,54.1531,54.2926,54.4321,54.5509,54.7012,54.8892,55.0881,55.2869,55.4858,55.6955,55.9538,56.3138,56.8086,57.415,57.9791,58.3877,58.6568,58.8665,59.0653,59.2859,59.5819,59.9734,60.4476,61.0756,61.7575,62.2947,62.6232,62.8438,63.0426,63.2415,63.4403,63.6392,63.8381,64.0369,64.2358,64.4672,64.8226,65.3102,65.7348,66.0147,66.2353,66.4827,66.7616,67.0091,67.2188,67.4068,67.5788,67.8272,68.2833,68.8087,69.1749,69.3954,69.5457,69.6537,69.7554,69.8525,69.9543,70.0622,70.2017,70.3303

Position pixel : 85.34375,85.36542,85.46255,85.63352,85.7792,85.88094,85.92951,85.94034,85.94034,85.95118,85.99974,86.07981,86.1392,86.1986,86.27867,86.32723,86.3489,86.39747,86.48837,86.58549,86.68723,86.78436,86.8861,86.98322,87.08496,87.19292,87.34322,87.52041,87.67072,87.78951,87.92898,88.06844,88.1764,88.27814,88.37527,88.46617,88.51473,88.52557,88.52557,88.5364,88.58497,88.66503,88.72443,88.78383,88.8639,88.91246,88.9233,88.93413,88.98269,89.06276,89.11132,89.13299,89.18156,89.26162,89.32102,89.39126,89.51989,89.67019,89.83755,90.05708,90.24511,90.37474,90.5142,90.65367,90.77247,90.92277,91.1108,91.30966,91.50852,91.70739,91.89541,92.04572,92.15368,92.25541,92.36338,92.50284,92.64231,92.75027,92.85201,92.95997,93.09943,93.24973,93.40626,93.58806,93.74459,93.89489,94.02352,94.09375,94.16398,94.29261,94.43208,94.55088,94.69034,94.81897,94.8892,94.9486,95.03951,95.14747,95.29777,95.47496,95.62526,95.74406,95.89436,96.07155,96.22185,96.32981,96.43155,96.53951,96.68981,96.86701,97.01731,97.1361,97.27557,97.41503,97.53383,97.68413,97.87216,98.07102,98.26989,98.45791,98.60822,98.72701,98.87731,99.06534,99.2642,99.45223,99.5917,99.66193,99.72133,99.8014,99.8608,99.92019,100.0003,100.0488,100.0705,100.1191,100.1991,100.2585,100.3179,100.4088,100.5059,100.6077,100.7048,100.8066,100.9145,101.054,101.1826,101.2528,101.3231,101.4517,101.5803,101.6506,101.7208,101.8603,102.0483,102.2363,102.3866,102.4946,102.5855,102.6449,102.7151,102.8546,103.0318,103.1712,103.2415,103.3117,103.4512,103.6284,103.7678,103.8381,103.8975,103.9884,104.0855,104.1872,104.2844,104.3861,104.4832,104.585,104.6821,104.773,104.8324,104.8918,104.9719,105.0313,105.1015,105.2409,105.429,105.6278,105.8159,105.9662,106.0741,106.1867,106.3324,106.5142,106.6707,106.821,106.9605,107.0793,107.2296,107.4176,107.6165,107.8153,108.0034,108.1428,108.2131,108.2725,108.3634,108.4605,108.5514,108.6108,108.681,108.8097,108.9491,109.0679,109.2182,109.4063,109.6159,109.8634,110.1423,110.3897,110.5886,110.7389,110.8469,110.9378,110.9972,111.0566,111.1475,111.2446,111.3463,111.4434,111.5452,111.6423,111.7549,111.9114,112.1309,112.319,112.4378,112.5287,112.5881,112.6475,112.7275,112.7761,112.7869,112.7869,112.7869,112.7978,112.8463,112.9372,113.0344,113.1253,113.1847,113.2441,113.3241,113.3727,113.3835,113.3835,113.3944,113.4429,113.5338,113.6309,113.7219,113.7813,113.8406,113.9207,113.9693,113.9801,113.9801,113.9801,113.9801,113.9801,113.9801,113.9801,113.9801,113.9801,113.9801,113.9801,113.9801,113.9801,113.9693,113.9207,113.8406,113.7921,113.7704,113.7219,113.6309,113.5338,113.4429,113.3835,113.3133,113.1738,112.9858,112.7869,112.5881,112.4,112.2606,112.2012,112.1903

Pole type : Curve
Start frame : 1
End frame : 210
Start time (s) : 0.000
End time (s) : 1570.000
Time step (s) : 7.512

Feature Information :


Feature number : 1

Time (s) : 14.28331,14.72739,15.77006,17.09478,18.13744,18.66253,19.18762,20.14927,21.19194,21.99908,22.75969,23.48582,24.24644,25.05357,26.09624,27.13891,27.94605,28.70666,29.43279,30.1934,31.00054,32.04321,33.08588,33.89302,34.65363,35.46077,36.50344,37.54611,38.43426,39.47692,40.51959,41.40774,42.45041,43.49308,44.38123,45.5049,46.91064,48.39738,49.88412,51.28985,52.33252,52.85761,53.30168,53.98128,54.78842,55.83109,56.87376,57.6809,58.3605,58.80458,59.32966,60.29132,61.33399,62.14112,62.90174,63.70888,64.75155,65.79421,66.60135,67.28095,67.72503,68.16911,68.7677,69.21177,69.73686,70.69851,71.66017,72.18526,72.62933,73.22792,73.672,74.19709,75.23975,76.64548,78.13223,79.61897,81.10571,82.51144,83.63512,84.52327,85.64695,87.05268,88.45841,89.58209,90.38923,91.14984,91.87597,92.63659,93.44373,94.5674,95.97314,97.45988,98.86561,99.98929,100.8774,101.9201,102.8818

Position (um) : 5.1992,5.1821,5.1506,5.1073,5.0674,5.04,5.0229,5.0103,4.9943,4.9743,4.9544,4.9384,4.9269,4.9173,4.911,4.9047,4.895,4.8847,4.8739,4.8636,4.8539,4.8476,4.8413,4.8317,4.8214,4.8117,4.8054,4.7991,4.7906,4.7843,4.778,4.7695,4.7632,4.7568,4.7483,4.7432,4.742,4.742,4.742,4.7432,4.7495,4.7632,4.778,4.7906,4.8065,4.8265,4.8476,4.8687,4.8899,4.9098,4.9258,4.9384,4.9532,4.968,4.9795,4.9903,5.0018,5.0189,5.044,5.0736,5.0987,5.1158,5.1285,5.1444,5.1632,5.1792,5.1918,5.2066,5.2214,5.2341,5.2489,5.2625,5.27,5.2763,5.2848,5.2899,5.2911,5.2899,5.2848,5.2751,5.2637,5.2477,5.2277,5.2078,5.1918,5.1804,5.1695,5.1581,5.1421,5.1233,5.1062,5.0896,5.0703,5.0548,5.044,5.0388,5.0377

Intensity : 370.9794,372.7683,375.9042,379.519,381.1286,382.5801,383.6358,384.0959,383.7175,383.4448,383.4163,383.4838,383.8409,384.4018,385.3094,386.2381,386.9032,387.593,388.3216,388.9017,388.4369,387.9306,387.5391,387.4752,387.5884,387.7973,387.9213,388.1829,387.992,387.464,386.9196,386.6626,386.0837,385.4885,385.1765,384.3428,382.8305,381.1565,379.4824,377.8955,376.7768,376.1798,375.558,374.4981,372.99,370.5123,368.155,366.3108,364.7728,363.6315,362.1923,360.9193,360.7993,360.826,361.0745,361.5129,362.2968,363.2473,363.8066,364.528,364.7455,363.8547,362.4415,361.0928,359.682,357.9059,356.4576,355.7598,355.2982,354.4385,353.281,352.2617,351.2393,348.6722,345.8575,343.1554,340.6143,338.3124,336.2075,334.8068,333.0552,331.0481,329.3839,327.9966,327.4927,327.416,327.4161,327.509,327.943,328.5267,329.0012,329.7587,328.4302,327.0426,325.8258,323.7623,321.5551

Time pixel : 1.90141,1.96052,2.09933,2.27567,2.41448,2.48437,2.55427,2.68229,2.82109,2.92854,3.02979,3.12646,3.22771,3.33516,3.47396,3.61276,3.72021,3.82146,3.91812,4.01938,4.12682,4.26562,4.40443,4.51187,4.61313,4.72057,4.85937,4.99818,5.11641,5.25521,5.39401,5.51224,5.65104,5.78984,5.90807,6.05766,6.24479,6.44271,6.64062,6.82776,6.96656,7.03646,7.09557,7.18604,7.29349,7.43229,7.57109,7.67854,7.76901,7.82812,7.89802,8.02604,8.16484,8.27229,8.37354,8.48099,8.61979,8.75859,8.86604,8.95651,9.01562,9.07474,9.15443,9.21354,9.28344,9.41146,9.53948,9.60937,9.66849,9.74818,9.80729,9.87719,10.016,10.2031,10.401,10.599,10.7969,10.984,11.1336,11.2518,11.4014,11.5885,11.7757,11.9253,12.0327,12.134,12.2306,12.3319,12.4393,12.5889,12.776,12.974,13.1611,13.3107,13.4289,13.5677,13.6957

Position pixel : 48.727,48.5666,48.272,47.8664,47.4921,47.2351,47.0747,46.9565,46.8069,46.6198,46.4327,46.2831,46.1756,46.0852,46.026,45.9669,45.8765,45.7798,45.6785,45.5819,45.4914,45.4323,45.3732,45.2827,45.186,45.0956,45.0365,44.9773,44.8977,44.8385,44.7794,44.6997,44.6406,44.5815,44.5018,44.4535,44.4427,44.4427,44.4427,44.4535,44.5126,44.6406,44.7794,44.8977,45.0472,45.2344,45.4323,45.6302,45.8281,46.0153,46.1648,46.2831,46.4219,46.5607,46.6681,46.7694,46.8768,47.0372,47.2727,47.5503,47.7857,47.9461,48.0643,48.2139,48.3903,48.5398,48.6581,48.7969,48.9357,49.0539,49.1927,49.3207,49.3906,49.4497,49.5294,49.5778,49.5885,49.5778,49.5294,49.439,49.3315,49.1819,48.9948,48.8077,48.6581,48.5506,48.4494,48.3419,48.1923,48.016,47.8556,47.6998,47.5189,47.3739,47.2727,47.2243,47.2135

Brightness max : 460.95
Brightness min : 239.00
Feature direction : Ambiguous
Feature speed : Slow
Feature type : Curve
Start frame : 1
End frame : 210
Start time (s) : 0.000
End time (s) : 1570.000
Time step (s) : 7.512

Feature number : 2

Time (s) : 144.236,146.0048,148.6077,150.8206,152.4693,153.9561,155.3618,156.4855,157.3737,158.4973,159.9031,161.3088,162.4325,163.3206,164.4443,165.85,167.3368,168.8235,170.2292,171.3529,172.2411,173.3648,174.7705,176.1762,177.2999,178.188,179.3117,180.7175,182.2042,183.6909,185.1777,186.7454,188.5952,190.6806,192.5304,194.0981,195.5849,197.0716,198.5584,200.0451,201.5318,203.0186,204.4243,205.548,206.3551,207.1158,207.8419,208.5215,208.9656,209.4906,210.5333,211.939,213.4258,214.9125,216.3993,217.805,218.9287,219.8168,220.9405,222.3462,223.752,224.8757,225.7638,226.8875,228.2932,229.78,231.2667,232.7534,234.3212,236.171,238.3373,240.5502,242.7166,244.5664,246.0531,247.1768,248.0649,249.1886,250.5943,252.0811,253.5678,255.1356,256.9044,258.6267,259.8779,261.0826,262.4883,263.975,265.4618,266.9485,268.5163,270.3661,272.4514,274.3012,275.869,277.3557,278.8425,280.3292,281.8159,283.3837,285.2335,287.3188,289.1686,290.7364,292.2231,293.7099,295.1966,296.6834,298.1701,299.6568,301.1436,302.6303,304.1171,305.6038,307.0906,308.5773,310.064,311.5508,313.0375,314.5243,316.011,317.4978,318.9035,320.0272,320.8343,321.5949,322.4021,323.5257,324.8505,325.9741,326.7813,327.5419,328.349,329.3917,330.4344,331.2415,331.9211

Position (um) : 7.3395,7.3395,7.3384,7.3332,7.3236,7.3132,7.3024,7.2921,7.2825,7.2762,7.2699,7.2602,7.2499,7.2391,7.2288,7.218,7.2077,7.198,7.1917,7.1854,7.1769,7.1717,7.1706,7.1694,7.1643,7.1558,7.1506,7.1495,7.1483,7.1431,7.1335,7.1232,7.1135,7.1084,7.1072,7.1072,7.1072,7.1072,7.1072,7.1072,7.1084,7.1135,7.1232,7.1358,7.1569,7.1865,7.218,7.2487,7.275,7.2984,7.3247,7.3543,7.3806,7.4029,7.424,7.4451,7.4651,7.481,7.4936,7.5085,7.5233,7.5347,7.5455,7.5558,7.5667,7.577,7.5878,7.5981,7.61,7.6255,7.646,7.6666,7.6871,7.7037,7.7208,7.7396,7.7556,7.7682,7.7841,7.803,7.8201,7.8378,7.8623,7.8863,7.9034,7.916,7.9308,7.9445,7.9519,7.9594,7.9742,7.993,8.0078,8.0141,8.0153,8.0153,8.0153,8.0153,8.0141,8.009,8.0005,7.9953,7.9942,7.9942,7.9942,7.993,7.9879,7.9794,7.9742,7.973,7.9719,7.9667,7.9582,7.9531,7.9519,7.9519,7.9519,7.9519,7.9519,7.9519,7.9531,7.9582,7.9679,7.9782,7.989,7.9993,8.0101,8.0204,8.0312,8.0416,8.0524,8.0627,8.0723,8.0786,8.0849,8.0934,8.0986

Intensity : 373.1946,374.6074,376.8374,380.7027,387.4509,393.9548,400.4518,406.067,410.8714,413.8771,416.0657,418.9609,420.6925,421.2589,421.9253,422.0142,421.2172,420.574,420.0805,419.7644,419.6212,418.838,417.1409,415.4881,414.5414,414.3175,413.7238,412.474,410.8915,408.7719,406.2907,403.8175,402.2647,402.3873,402.7736,403.2008,402.7753,398.6716,394.568,390.4643,386.5741,383.5697,382.1601,382.1205,383.289,382.8977,383.1017,383.7823,381.738,379.0379,375.8202,371.7249,366.7212,362.707,360.1341,358.767,357.9457,356.239,355.1596,354.4441,354.248,354.5057,354.4121,354.4236,355.0509,356.0706,356.0342,356.2766,354.6332,353.002,351.8931,352.0011,353.0046,354.042,355.6276,357.4156,359.301,361.5937,365.218,367.488,369.2594,371.2929,371.5446,372.2483,371.9604,371.0894,370.0521,365.08,360.0038,355.1767,349.1654,342.5411,335.0007,329.2777,325.3539,321.8625,319.4924,317.8534,316.4075,315.4706,314.4018,311.7415,309.1082,306.8125,304.6354,303.1276,302.4763,302.0445,301.3933,300.4792,298.9075,296.8142,295.0089,293.0045,290.7094,289.43,289.8465,290.2629,290.6794,291.0958,291.3936,291.4303,291.3927,291.3969,291.4026,291.4854,291.458,291.3841,291.1011,290.7856,290.398,290.007,289.6277,289.389,289.1339,287.9236,286.8809

Time pixel : 19.2008,19.4363,19.7828,20.0774,20.2969,20.4948,20.6819,20.8315,20.9497,21.0993,21.2865,21.4736,21.6232,21.7414,21.891,22.0781,22.276,22.474,22.6611,22.8107,22.9289,23.0785,23.2656,23.4528,23.6023,23.7206,23.8702,24.0573,24.2552,24.4531,24.651,24.8597,25.106,25.3836,25.6298,25.8385,26.0365,26.2344,26.4323,26.6302,26.8281,27.026,27.2132,27.3628,27.4702,27.5715,27.6681,27.7586,27.8177,27.8876,28.0264,28.2135,28.4115,28.6094,28.8073,28.9944,29.144,29.2622,29.4118,29.599,29.7861,29.9357,30.0539,30.2035,30.3906,30.5885,30.7865,30.9844,31.1931,31.4393,31.7277,32.0223,32.3107,32.5569,32.7548,32.9044,33.0227,33.1722,33.3594,33.5573,33.7552,33.9639,34.1994,34.4286,34.5952,34.7556,34.9427,35.1406,35.3385,35.5365,35.7452,35.9914,36.269,36.5153,36.724,36.9219,37.1198,37.3177,37.5156,37.7243,37.9706,38.2482,38.4944,38.7031,38.901,39.099,39.2969,39.4948,39.6927,39.8906,40.0885,40.2865,40.4844,40.6823,40.8802,41.0781,41.276,41.474,41.6719,41.8698,42.0677,42.2656,42.4528,42.6023,42.7098,42.811,42.9185,43.0681,43.2444,43.394,43.5015,43.6027,43.7102,43.849,43.9878,44.0952,44.1857

Position pixel : 68.7865,68.7865,68.7757,68.7273,68.6369,68.5402,68.439,68.3423,68.2518,68.1927,68.1336,68.0431,67.9465,67.8452,67.7485,67.6473,67.5506,67.4602,67.401,67.3419,67.2622,67.2139,67.2031,67.1923,67.144,67.0643,67.016,67.0052,66.9944,66.9461,66.8556,66.759,66.6685,66.6202,66.6094,66.6094,66.6094,66.6094,66.6094,66.6094,66.6202,66.6685,66.759,66.8772,67.0751,67.3527,67.6473,67.9357,68.1819,68.4014,68.6477,68.9253,69.1715,69.3802,69.5781,69.776,69.9632,70.1128,70.231,70.3698,70.5086,70.616,70.7173,70.814,70.9152,71.0119,71.1131,71.2098,71.3218,71.4668,71.6585,71.8519,72.0436,72.1994,72.3597,72.5361,72.6857,72.8039,72.9535,73.1298,73.2902,73.4568,73.686,73.9107,74.0711,74.1893,74.3281,74.4561,74.526,74.5959,74.7347,74.9111,75.0499,75.109,75.1198,75.1198,75.1198,75.1198,75.109,75.0607,74.981,74.9327,74.9219,74.9219,74.9219,74.9111,74.8628,74.7831,74.7347,74.724,74.7132,74.6648,74.5852,74.5368,74.526,74.526,74.526,74.526,74.526,74.526,74.5368,74.5852,74.6756,74.7723,74.8735,74.9702,75.0715,75.1681,75.2694,75.366,75.4673,75.564,75.6544,75.7135,75.7727,75.8523,75.9007

Brightness max : 460.95
Brightness min : 239.00
Feature direction : Ambiguous
Feature speed : Slow
Feature type : Curve
Start frame : 1
End frame : 210
Start time (s) : 0.000
End time (s) : 1570.000
Time step (s) : 7.512

Feature number : 3

Time (s) : 370.0588,371.3445,373.8395,377.122,379.6979,381.4277,382.9144,384.3202,385.4438,386.332,387.4557,388.8614,390.3481,391.8349,393.3216,394.8084,396.3761,398.2259,400.3237,402.3771,404.1546,405.8595,407.5762,409.309,410.9812,412.3943,413.5943,415.0468,416.7055,418.1505,419.4059,421.0386,422.8261,424.0469,424.8626,425.5125,426.1505,426.7142,427.3614,428.314,429.8042,431.3345,432.5833,433.3938,433.696,433.9285,434.4086,435.0277,435.9738,437.2108,438.536,439.867,441.1215,442.0164,442.3155

Position (um) : 8.2476,8.2476,8.2476,8.2476,8.2476,8.2476,8.2476,8.2464,8.2413,8.2328,8.2265,8.2202,8.2116,8.2065,8.2053,8.2053,8.2042,8.199,8.1901,8.1783,8.1691,8.1568,8.1408,8.1264,8.1102,8.0871,8.0632,8.045,8.0266,8.0013,7.9719,7.9422,7.9123,7.885,7.8641,7.8461,7.8347,7.8281,7.8218,7.8078,7.7858,7.7633,7.7455,7.7353,7.7267,7.7188,7.7139,7.7092,7.7047,7.6995,7.6933,7.6836,7.6737,7.6671,7.6622

Intensity : 278.9011,279.9975,282.1252,284.4967,285.9701,286.9596,287.81,287.2613,286.841,286.659,286.1226,285.2799,284.1391,284.6737,285.7056,286.754,287.8627,289.1272,288.5783,288.255,288.088,288.4136,290.6144,292.7678,294.9327,295.8952,295.7816,294.339,292.877,291.6458,290.3136,289.4841,289.4417,289.046,288.3699,287.7832,287.4387,287.265,287.117,286.7339,286.2464,285.3902,284.7207,284.3647,283.9582,283.5769,283.4275,283.3311,283.2244,282.8298,282.4574,282.0414,281.6066,281.3578,281.1747

Time pixel : 49.2626,49.4338,49.7659,50.2029,50.5458,50.776,50.974,51.1611,51.3107,51.4289,51.5785,51.7656,51.9635,52.1615,52.3594,52.5573,52.766,53.0122,53.2915,53.5649,53.8015,54.0284,54.257,54.4876,54.7102,54.8983,55.0581,55.2515,55.4723,55.6646,55.8317,56.0491,56.287,56.4496,56.5581,56.6447,56.7296,56.8046,56.8908,57.0176,57.216,57.4197,57.5859,57.6938,57.7341,57.765,57.8289,57.9113,58.0373,58.2019,58.3784,58.5555,58.7225,58.8417,58.8815

Position pixel : 77.2969,77.2969,77.2969,77.2969,77.2969,77.2969,77.2969,77.2861,77.2378,77.1581,77.099,77.0398,76.9602,76.9118,76.901,76.901,76.8903,76.8419,76.7584,76.6476,76.5616,76.4463,76.2961,76.1614,76.0097,75.7929,75.5691,75.3983,75.2258,74.9884,74.7134,74.435,74.1547,73.8991,73.703,73.5346,73.4273,73.3651,73.3066,73.1754,72.9691,72.7585,72.5915,72.4962,72.415,72.3411,72.295,72.2514,72.2093,72.1598,72.1019,72.0109,71.9186,71.8565,71.8105

Brightness max : 460.95
Brightness min : 239.00
Feature direction : Antipoleward
Feature speed : Slow
Feature type : Curve
Start frame : 1
End frame : 210
Start time (s) : 0.000
End time (s) : 1570.000
Time step (s) : 7.512

Feature number : 4

Time (s) : 472.7251,474.1308,476.1351,477.9849,479.5527,481.0394,482.5262,483.9319,485.0556,485.8627,486.6233,487.4305,488.5541,489.9599,491.4466,492.9334,494.4201,495.9068,497.3936,498.8803,500.3671,501.9348,503.7846,505.87,507.7198,509.2875,510.7743,512.261,513.8288,515.6786,517.7639,519.5327,520.7374,521.6255,522.7492,524.155,525.6417,527.1284,528.5342,529.6578,530.546,531.5887,532.6313,533.4385,534.1991,534.9252,535.6048

Position (um) : 8.2265,8.2265,8.2265,8.2265,8.2265,8.2265,8.2253,8.219,8.2042,8.1842,8.1643,8.1483,8.1368,8.126,8.1157,8.1061,8.1009,8.0998,8.0998,8.0998,8.0998,8.0986,8.0934,8.0838,8.0735,8.0638,8.0587,8.0564,8.0501,8.0364,8.0227,8.0153,8.009,8.0005,7.9953,7.9942,7.9942,7.9942,7.993,7.9879,7.9794,7.973,7.9667,7.9571,7.9468,7.9371,7.932

Intensity : 282.223,282.8259,283.7848,284.6697,285.4198,286.2336,287.5166,288.8771,290.3737,291.9584,293.7231,295.5836,297.2348,296.7453,296.1282,295.3542,294.3481,293.2788,292.3243,291.3697,290.4152,289.4694,288.6213,288.2077,288.2494,288.6005,288.6943,288.8446,289.4724,290.9817,292.5482,293.462,294.2307,295.1498,295.5507,295.6681,295.6991,295.2009,294.7551,294.7792,295.2078,295.3988,295.6063,296.1173,295.8553,295.5155,294.8143

Time pixel : 62.9296,63.1168,63.3836,63.6298,63.8385,64.0365,64.2344,64.4215,64.5711,64.6785,64.7798,64.8872,65.0368,65.224,65.4219,65.6198,65.8177,66.0156,66.2135,66.4115,66.6094,66.8181,67.0643,67.3419,67.5882,67.7969,67.9948,68.1927,68.4014,68.6477,68.9253,69.1607,69.3211,69.4393,69.5889,69.776,69.974,70.1719,70.359,70.5086,70.6268,70.7656,70.9044,71.0119,71.1131,71.2098,71.3003

Position pixel : 77.099,77.099,77.099,77.099,77.099,77.099,77.0882,77.0291,76.8903,76.7031,76.516,76.3664,76.259,76.1577,76.061,75.9706,75.9222,75.9115,75.9115,75.9115,75.9115,75.9007,75.8523,75.7619,75.6652,75.5747,75.5264,75.5048,75.4457,75.3177,75.1897,75.1198,75.0607,74.981,74.9327,74.9219,74.9219,74.9219,74.9111,74.8628,74.7831,74.724,74.6648,74.5744,74.4777,74.3872,74.3389

Brightness max : 460.95
Brightness min : 239.00
Feature direction : Antipoleward
Feature speed : Slow
Feature type : Curve
Start frame : 1
End frame : 210
Start time (s) : 0.000
End time (s) : 1570.000
Time step (s) : 7.512

Feature number : 5

Time (s) : 138.127,139.1697,140.6564,142.4252,144.0665,144.9546,145.4797,146.0783,146.4414,146.6034,147.0475,148.0091,149.0518,149.8589,150.6195,151.4267,152.4693,153.512,154.3192,155.0798,155.8059,156.5665,157.2926,158.0533,158.7794,159.54,160.2661,161.0267,161.7529,162.4325,162.7955,162.8765,162.8765,162.8765,162.8765,162.8765,162.9576,163.3206,164.0002,164.7264,165.406,165.769

Position (um) : 7.5964,7.6153,7.6586,7.7122,7.7596,7.7955,7.8178,7.8315,7.8475,7.8663,7.8823,7.8949,7.9108,7.9308,7.9508,7.9667,7.9794,7.9942,8.009,8.0204,8.0312,8.0427,8.0587,8.0775,8.0934,8.1061,8.122,8.142,8.1631,8.1842,8.2053,8.2265,8.2476,8.2687,8.2898,8.3109,8.3309,8.3469,8.3583,8.3691,8.3794,8.3891

Intensity : 337.6049,334.3339,327.966,321.8835,319.0563,317.134,316.3453,316.1564,315.7237,315.0083,314.772,315.3641,316.2062,316.8217,316.6949,315.9312,315.2212,314.679,314.3481,314.0556,313.837,313.6717,313.6131,313.3376,312.7528,312.2546,311.8174,311.4837,311.3476,311.3905,311.7197,311.7552,311.3594,310.9635,310.5677,310.1719,309.3526,308.1256,307.1046,306.1309,305.0872,304.0473

Time pixel : 18.3876,18.5264,18.7243,18.9598,19.1783,19.2965,19.3664,19.4461,19.4944,19.516,19.5751,19.7031,19.8419,19.9494,20.0506,20.1581,20.2969,20.4357,20.5431,20.6444,20.741,20.8423,20.939,21.0402,21.1369,21.2381,21.3348,21.436,21.5327,21.6232,21.6715,21.6823,21.6823,21.6823,21.6823,21.6823,21.6931,21.7414,21.8319,21.9285,22.019,22.0673

Position pixel : 71.1938,71.3712,71.7768,72.2791,72.7232,73.0599,73.2686,73.3977,73.5472,73.7236,73.8732,73.9914,74.141,74.3281,74.5153,74.6648,74.7831,74.9219,75.0607,75.1681,75.2694,75.3768,75.5264,75.7028,75.8523,75.9706,76.1202,76.3073,76.5052,76.7031,76.901,77.099,77.2969,77.4948,77.6927,77.8906,78.0778,78.2273,78.3348,78.436,78.5327,78.6232

Brightness max : 460.95
Brightness min : 239.00
Feature direction : Poleward
Feature speed : Slow
Feature type : Curve
Start frame : 1
End frame : 210
Start time (s) : 0.000
End time (s) : 1570.000
Time step (s) : 7.512

Feature number : 6

Time (s) : 255.0546,255.2166,256.0237,257.584,258.9087,259.5148,259.9589,260.7195,261.8897,263.531,264.9367,265.8248,266.5855,267.3116,267.9912,268.4353,268.8793,269.5589,270.2851,271.0457,271.7718,272.4514,272.8955,273.3396,274.0192,274.7453,275.5059,276.232,276.9926,277.7188,278.3984,278.7614

Position (um) : 7.9172,7.94,7.9995,8.0956,8.1807,8.2356,8.2772,8.3086,8.3309,8.3469,8.3595,8.3754,8.3942,8.4102,8.4228,8.4376,8.4524,8.4651,8.481,8.4998,8.5158,8.5284,8.5432,8.558,8.5695,8.5803,8.5906,8.6014,8.6117,8.6225,8.6329,8.6425

Intensity : 360.1067,355.1863,342.7627,323.4259,312.131,306.263,303.5703,301.7839,300.8652,300.3568,299.6007,298.9095,298.2899,297.9638,297.8799,297.5212,297.0823,297.0008,296.9366,296.1336,295.4869,295.1314,294.4562,293.4147,292.7603,292.2788,291.9563,291.7098,291.6223,291.6108,290.9939,290.3529

Time pixel : 33.9531,33.9747,34.0821,34.2898,34.4662,34.5469,34.606,34.7072,34.863,35.0815,35.2686,35.3869,35.4881,35.5848,35.6753,35.7344,35.7935,35.884,35.9806,36.0819,36.1785,36.269,36.3281,36.3872,36.4777,36.5744,36.6756,36.7723,36.8735,36.9702,37.0607,37.109

Position pixel : 74.2001,74.4144,74.9722,75.8729,76.6698,77.1848,77.5745,77.8691,78.0778,78.2273,78.3456,78.4952,78.6715,78.8211,78.9393,79.0781,79.2169,79.3352,79.4847,79.6611,79.8107,79.9289,80.0677,80.2065,80.314,80.4152,80.5119,80.6131,80.7098,80.811,80.9077,80.9982

Brightness max : 
Brightness min : 
Feature direction : 
Feature speed : 
Feature type : Curve
Start frame : 1
End frame : 210
Start time (s) : 0.000
End time (s) : 1570.000
Time step (s) : 7.512

Feature number : 7

Time (s) : 87.05268,86.97167,86.60861,86.01001,85.72796,86.09102,87.05268,88.09535,88.9835,90.02617,91.06883,91.87597,92.55558,92.99965,93.52474,94.48639,95.52906,96.3362,97.09681,97.82294,98.58356,99.30969,100.0703,100.7964,101.557,102.2832,103.0438,103.8509,104.8936,105.9363,106.7434,107.504,108.2301,108.9908,109.7169,110.4775,111.2036,111.8832

Position (um) : 7.7916,7.8162,7.8676,7.9393,8.0055,8.0552,8.0923,8.1197,8.142,8.1631,8.1831,8.199,8.2116,8.2265,8.2413,8.2539,8.2687,8.2835,8.2961,8.3121,8.332,8.3532,8.3731,8.3891,8.4017,8.4177,8.4376,8.4576,8.4736,8.4862,8.5021,8.521,8.5369,8.5484,8.5592,8.5695,8.5792,8.5843

Intensity : 330.5597,330.2564,329.4913,328.2682,327.027,326.0451,326.6588,327.5644,327.9468,328.7421,327.9975,327.0943,326.2902,325.3825,324.5497,323.9197,323.2459,322.6095,322.129,321.3325,319.6586,318.0552,316.6694,315.6369,314.8413,314.0862,313.1306,311.9313,310.9685,308.9767,307.0228,305.2875,303.8768,302.3344,300.9491,299.6213,298.4335,297.5097

Time pixel : 11.5885,11.5778,11.5294,11.4497,11.4122,11.4605,11.5885,11.7273,11.8456,11.9844,12.1232,12.2306,12.3211,12.3802,12.4501,12.5781,12.7169,12.8244,12.9256,13.0223,13.1235,13.2202,13.3215,13.4181,13.5194,13.616,13.7173,13.8247,13.9635,14.1023,14.2098,14.311,14.4077,14.509,14.6056,14.7069,14.8035,14.894

Position pixel : 73.0234,73.2537,73.7354,74.4078,75.0283,75.4941,75.8416,76.0986,76.3073,76.5052,76.6923,76.8419,76.9602,77.099,77.2378,77.356,77.4948,77.6336,77.7518,77.9014,78.0885,78.2865,78.4736,78.6232,78.7414,78.891,79.0781,79.2653,79.4148,79.5331,79.6827,79.859,80.0086,80.116,80.2173,80.314,80.4044,80.4528

Brightness max : 460.95
Brightness min : 239.00
Feature direction : Poleward
Feature speed : Slow
Feature type : Curve
Start frame : 1
End frame : 210
Start time (s) : 0.000
End time (s) : 1570.000
Time step (s) : 7.512

Feature number : 8

Time (s) : 36.1699,37.112,39.4394,42.5419,45.1654,46.8026,47.9018,48.839,49.5881,50.1262,50.6332,51.1713,51.8664,52.5616,53.1537,53.9028,54.7859,55.535,56.1271,56.8223,57.4634,57.8134,58.1095,58.6165,59.3967,60.4908,61.374,61.7781,62.0741,62.4732,62.7152,62.8232,63.0653,63.5183,64.0024,64.4555

Position (um) : 7.6495,7.672,7.7141,7.7624,7.8004,7.8229,7.8351,7.8435,7.8534,7.8633,7.8717,7.8815,7.8914,7.8998,7.9105,7.9238,7.9379,7.9519,7.9652,7.9759,7.9843,7.9942,8.004,8.014,8.0323,8.0604,8.087,8.106,8.1209,8.1349,8.149,8.1623,8.173,8.1814,8.1913,8.2004

Intensity : 455.0701,454.222,448.8417,441.5349,435.6404,432.1564,430.5996,429.6821,428.9452,428.4213,428.0934,427.8461,427.7979,427.4252,422.6529,416.5718,409.7673,403.856,399.0181,394.0332,389.672,386.7489,384.0471,379.7669,372.9321,364.1481,357.653,353.753,350.374,346.8206,343.7496,341.1825,338.7999,336.3819,333.7274,331.34

Time pixel : 4.815,4.9404,5.2502,5.6632,6.0125,6.2304,6.3767,6.5015,6.6012,6.6728,6.7403,6.812,6.9045,6.997,7.0759,7.1756,7.2932,7.3929,7.4717,7.5642,7.6496,7.6962,7.7356,7.8031,7.9069,8.0526,8.1702,8.224,8.2634,8.3165,8.3487,8.3631,8.3953,8.4556,8.5201,8.5804

Position pixel : 71.6914,71.9022,72.2974,72.7498,73.1062,73.317,73.4311,73.5099,73.6024,73.695,73.7738,73.8663,73.9589,74.0377,74.1374,74.2622,74.3941,74.526,74.6508,74.7505,74.8293,74.9219,75.0144,75.1076,75.279,75.5422,75.7917,75.9702,76.1094,76.2413,76.3733,76.498,76.5977,76.6766,76.7691,76.8544

Brightness max : 460.95
Brightness min : 239.00
Feature direction : Poleward
Feature speed : Slow
Feature type : Curve
Start frame : 1
End frame : 210
Start time (s) : 0.000
End time (s) : 1570.000
Time step (s) : 7.512

Feature number : 9

Time (s) : 161.8339,162.6755,164.4518,167.8619,171.7085,174.0834,175.1335,175.8942,176.6203,177.3809,178.107,178.8676,179.5938,180.2734,180.7175,181.1615,181.8411,182.5673,183.3279,184.054,184.7336,185.0967

Position (um) : 6.726,6.7196,6.7014,6.6671,6.6256,6.5975,6.5781,6.5593,6.5433,6.5307,6.5136,6.4896,6.4652,6.4474,6.4303,6.4103,6.3904,6.3744,6.3618,6.3458,6.327,6.3122

Intensity : 325.9376,325.0025,324.1089,323.4737,322.4023,319.5238,317.2792,315.4191,313.6523,311.9021,309.9767,308.2878,307.0116,306.0185,305.2973,304.594,303.2581,301.8172,300.4696,299.1952,298.0366,297.4087

Time pixel : 21.5435,21.6555,21.892,22.3459,22.858,23.1742,23.314,23.4152,23.5119,23.6131,23.7098,23.811,23.9077,23.9982,24.0573,24.1164,24.2069,24.3035,24.4048,24.5015,24.5919,24.6403

Position pixel : 63.0361,62.977,62.8058,62.4845,62.0958,61.8326,61.6507,61.4743,61.3247,61.2065,61.0461,60.8215,60.5922,60.4256,60.2653,60.0781,59.891,59.7414,59.6232,59.4736,59.2972,59.1584

Brightness max : 460.95
Brightness min : 239.00
Feature direction : Ambiguous
Feature speed : Slow
Feature type : Curve
Start frame : 1
End frame : 210
Start time (s) : 0.000
End time (s) : 1570.000
Time step (s) : 7.512

Feature number : 10

Time (s) : 143.6299,144.155,145.4797,147.04,147.8471,148.0091,148.0091,148.0091,148.0091,148.0901,148.4532,149.1328,149.8589,150.5385,150.9826,151.4267,152.1063,152.8324,153.512,153.8751,153.9561,153.9561,153.9561,154.0371,154.4002,154.9988,155.3618,155.4428,155.4428,155.4428,155.4428,155.4428,155.5238,155.8869,156.5665,157.2926,157.9722,158.3353

Position (um) : 5.5731,5.589,5.6199,5.6765,5.7504,5.807,5.839,5.8613,5.8824,5.9024,5.9183,5.9309,5.9469,5.9669,5.988,6.0091,6.0314,6.0576,6.0873,6.1135,6.1358,6.1569,6.178,6.198,6.214,6.2266,6.2425,6.2625,6.2836,6.3059,6.3322,6.3618,6.3881,6.4103,6.4303,6.4463,6.4577,6.4674

Intensity : 294.9899,296.3108,298.9122,302.8312,305.8979,307.2994,307.9326,308.3728,308.8289,309.34,309.9899,310.8466,311.8767,312.5235,312.7419,312.9042,312.8263,312.7133,312.6499,312.8834,313.3126,313.8105,314.3083,314.7022,314.5947,314.0033,313.8316,314.1914,314.7088,315.6596,317.3076,319.1655,320.6828,321.3294,321.0372,320.4425,319.9433,320.0798

Time pixel : 19.1202,19.1901,19.3664,19.5741,19.6816,19.7031,19.7031,19.7031,19.7031,19.7139,19.7622,19.8527,19.9494,20.0398,20.099,20.1581,20.2485,20.3452,20.4357,20.484,20.4948,20.4948,20.4948,20.5056,20.5539,20.6336,20.6819,20.6927,20.6927,20.6927,20.6927,20.6927,20.7035,20.7518,20.8423,20.939,21.0294,21.0778

Position pixel : 52.2314,52.3809,52.6703,53.2004,53.8934,54.4234,54.7236,54.9323,55.1302,55.3173,55.4669,55.5852,55.7347,55.9219,56.1198,56.3177,56.5264,56.7727,57.0503,57.2965,57.5052,57.7031,57.901,58.0882,58.2378,58.356,58.5056,58.6927,58.8906,59.0993,59.3456,59.6232,59.8694,60.0781,60.2653,60.4148,60.5223,60.6128

Brightness max : 460.95
Brightness min : 239.00
Feature direction : Ambiguous
Feature speed : Slow
Feature type : Curve
Start frame : 1
End frame : 210
Start time (s) : 0.000
End time (s) : 1570.000
Time step (s) : 7.512

