KYMOANALYSIS DATA

General Information :

Tiff path : E:\Google Drive\microtubule dynamics and cut7\20-15 screens and tests\wild type\19-03-15&21 (Cut7-3GFP and cdc7mCh-int_mono_bipole _25 deg)\
Spindle type : Bipolar
Start frame : 1
End frame : 332
Start time (s) : 0.000
End time (s) : 2501.980
Time step (s) : 7.559
Num poles : 2
Num tracks : 4
Num tracks poleward : 0
Num tracks antipoleward : 0
Num tracks ambiguous : 4
Comments : {

}
Poles Information :


Pole number : 1

Time (s) : 331.80498,333.7248,337.63857,344.61737,353.8244,362.20662,367.782,371.24629,374.32327,377.6465,380.72348,383.92957,387.83138,391.86229,395.64696,399.67788,403.57969,406.65667,409.02597,410.94579,412.93974,415.68439,418.37407,420.29388,421.70926,423.62907,426.44785,429.77108,432.71897,435.21737,437.71576,440.79275,444.69456,448.59637,451.93156,455.71623,460.57197,465.05237,468.38755,471.59364,475.49545,479.52636,483.18194,486.76336,490.41893,494.44985,498.48076,502.00723,505.01007,507.71171,511.29314,515.77354,520.64124,525.82932,530.94326,535.30652,539.46653,543.36834,546.44533,548.94373,551.44213,554.64821,559.12861,564.11345,568.47671,572.89492,577.95391,583.06785,587.5602,592.2988,597.15454,600.93921,604.2744,608.30531,612.65661,616.23803,618.93968,622.07162,626.17668,631.16152,635.64191,639.1062,643.14907,649.29108,656.25792,661.70421,665.74708,670.03619,675.35337,681.62449,687.8956,693.21278,697.631,702.12335,707.94498,714.66558,720.93669,725.67529,729.13957,732.92424,738.03818,743.67575,748.91879,753.28205,757.57116,762.30976,767.62695,773.31947,778.63666,783.50435,788.24295,793.11065,798.55694,805.08625,812.64363,820.70546,828.26284,834.79215,840.36754,845.81382,851.50635,856.82353,861.69123,866.42983,871.42663,877.4515,884.67654,891.78443,898.77519,906.57881,913.67475,918.42531,922.46818,927.84032,934.89326,943.71773,953.58946,964.20464,974.78405,985.14103,993.72649,999.93541,1004.4278,1008.7169,1013.1973,1017.4864,1021.7206,1026.2559,1030.6192,1035.616,1041.758,1047.9,1052.8968,1057.26,1061.7954,1065.9004,1069.7401,1073.9742,1078.9591,1083.5686,1087.4823,1091.6424,1096.1228,1100.1537,1103.4889,1107.1444,1111.5507,1115.6557,1119.3663,1123.0218,1127.0527,1131.471,1137.2496,1145.4286,1153.8108,1160.6724,1166.494,1171.4908,1176.5618,1182.7588,1189.104,1195.0547,1200.3719,1205.1105,1209.2705,1212.9261,1216.3784,1219.4554,1222.7906,1227.271,1232.3849,1237.4559,1243.5357,1250.964,1259.284,1268.2568,1278.1093,1287.6487,1295.5192,1302.1346,1309.747,1318.1292,1325.9448,1333.1818,1340.4188,1348.1053,1356.1671,1363.9827,1371.7983,1379.9892,1388.3833,1397.1529,1405.7933,1413.6089,1420.8459,1427.9537,1435.0616,1442.1695,1449.2774,1456.2562,1462.9147,1469.5181,1476.2937,1482.3185,1487.7648,1492.7497,1496.4052,1499.0327,1501.402,1503.7713,1506.2697,1509.3467,1513.2485,1517.4085,1521.7718,1526.8857,1531.9447,1536.1047,1539.1817,1541.6801,1544.0494,1546.4187,1548.788,1551.2864,1554.2343,1557.5575,1560.5054,1563.0038,1565.3731,1567.7424,1569.9826,1571.6442

Position (um) : 3.7067,3.7067,3.7067,3.7067,3.7067,3.7067,3.7067,3.7067,3.7067,3.7067,3.7048,3.6949,3.6714,3.6398,3.6082,3.5829,3.5647,3.5494,3.5394,3.5276,3.506,3.4844,3.4725,3.4626,3.4491,3.4391,3.4291,3.4156,3.4057,3.3957,3.3822,3.374,3.3722,3.3722,3.3722,3.3722,3.3722,3.3722,3.3722,3.3722,3.3722,3.3722,3.3722,3.3722,3.3722,3.3722,3.3722,3.3704,3.3622,3.3488,3.3406,3.3388,3.3369,3.3288,3.3153,3.3071,3.3053,3.3035,3.2953,3.2819,3.2737,3.2701,3.2619,3.2484,3.2384,3.2284,3.215,3.205,3.195,3.1815,3.1734,3.1697,3.1616,3.1481,3.1381,3.1281,3.1146,3.1065,3.1028,3.0947,3.0812,3.073,3.0712,3.0712,3.0694,3.0612,3.0478,3.0396,3.0378,3.0359,3.0278,3.0143,3.0043,2.9943,2.979,2.9627,2.9474,2.9393,2.9356,2.9274,2.914,2.904,2.894,2.8805,2.8705,2.8569,2.8271,2.7884,2.7539,2.7215,2.6952,2.6681,2.6364,2.6012,2.5614,2.5226,2.4945,2.4692,2.4458,2.4276,2.4105,2.3941,2.3789,2.3689,2.3589,2.3454,2.3372,2.3354,2.3354,2.3354,2.3354,2.3354,2.3354,2.3354,2.3354,2.3354,2.3354,2.3354,2.3354,2.3354,2.3354,2.3354,2.3354,2.3336,2.3254,2.312,2.3038,2.302,2.3002,2.292,2.2785,2.2685,2.2585,2.2451,2.2351,2.2251,2.2098,2.1935,2.1782,2.1682,2.1582,2.1447,2.1366,2.1348,2.1348,2.1348,2.1348,2.1348,2.1348,2.1348,2.1348,2.1348,2.1329,2.1248,2.1113,2.1031,2.1013,2.1013,2.1013,2.1013,2.1013,2.1013,2.1013,2.1013,2.1013,2.1013,2.1013,2.1013,2.1013,2.1013,2.1013,2.1013,2.1013,2.1013,2.0995,2.0913,2.0779,2.0697,2.0679,2.0679,2.066,2.0579,2.0426,2.0263,2.011,2.001,1.991,1.9775,1.9694,1.9675,1.9675,1.9675,1.9675,1.9675,1.9675,1.9675,1.9675,1.9675,1.9675,1.9675,1.9675,1.9675,1.9675,1.9675,1.9675,1.9675,1.9675,1.9675,1.9675,1.9675,1.9675,1.9675,1.9675,1.9675,1.9675,1.9657,1.9575,1.9441,1.9359,1.9341,1.9341,1.9341,1.9341,1.9341,1.9323,1.9241,1.9106,1.9025,1.9006,1.9006,1.9006,1.9006

Intensity : 689.61973,708.04814,749.42514,799.37682,847.34069,901.69747,955.85638,988.98171,1013.5653,1040.1163,1062.8816,1099.8561,1155.9849,1221.154,1236.7296,1223.0258,1217.3897,1215.6731,1214.6051,1216.4702,1203.8797,1182.8023,1182.0143,1180.4959,1174.6677,1170.911,1152.3676,1129.9153,1122.969,1123.1442,1118.8776,1110.5976,1106.676,1106.5561,1107.0283,1091.7857,1057.4104,1039.3339,1027.2053,1010.5812,989.81357,955.37114,921.6081,915.19455,913.95735,903.33614,890.02937,878.28775,869.37327,856.34153,827.43871,789.16852,745.67703,715.32414,687.84452,665.14503,652.91258,645.89721,641.33983,640.40397,638.38446,641.22449,648.99587,655.27771,660.75663,665.37494,659.31903,652.77596,680.81599,699.66545,701.64341,709.18553,719.27562,715.62064,708.14339,715.45906,728.35698,726.21597,710.73609,682.12682,654.9822,625.44324,589.62661,581.85266,641.26343,693.88822,738.19496,776.54388,775.68595,726.46034,690.423,663.34883,660.43964,679.7145,734.90554,776.45451,775.38231,749.41231,725.34485,702.32729,702.14655,696.30616,689.0693,686.81715,687.11241,698.79433,725.18106,739.09747,720.20187,687.73963,656.84006,637.17025,644.05628,667.42773,722.15237,762.90788,754.01046,741.91016,749.68346,776.74503,861.18974,919.43949,947.11714,993.22666,1020.2148,1023.4165,1081.2338,1115.6137,1140.8857,1095.7789,1039.2536,997.35113,960.88728,911.8484,862.15573,828.0881,802.19233,746.90453,749.24537,776.93749,771.23029,754.64781,752.19203,739.2828,729.33752,732.1864,726.20875,701.03781,681.12007,669.50399,669.47075,659.93132,660.3809,675.66694,675.67322,672.65597,667.86124,666.34815,678.74362,679.1362,676.27859,681.29018,681.22745,670.20605,659.63222,664.47641,670.89987,676.95088,683.18682,692.84537,699.35674,687.69979,691.87403,673.75431,645.61165,619.04138,598.25654,597.48845,592.02861,600.51268,619.89113,633.77585,627.44491,628.51446,632.14411,629.70277,627.17629,635.98022,648.40608,655.53774,657.1578,665.82468,646.60359,608.02367,589.03133,629.72806,690.19188,765.43956,817.80049,853.34455,874.12782,877.65262,869.47444,842.9759,827.87478,813.43363,819.73594,822.30421,827.30367,842.15203,848.13996,894.78774,946.90467,975.15225,936.2829,931.90296,931.52403,944.79078,919.21238,878.33232,860.38335,853.20685,859.19491,887.89599,871.26712,873.92218,880.63462,878.15458,875.23337,872.31217,878.26035,887.96432,888.5917,868.8453,849.72321,829.56153,816.93985,816.73089,822.96697,825.57862,817.36119,807.59759,797.83398,775.15962,743.17589,711.94158,685.88651,661.71629,638.34201,616.61726,596.07626,580.84047

Time pixel : 43.89621,44.1502,44.66797,45.59123,46.80928,47.9182,48.6558,49.11411,49.52118,49.96083,50.3679,50.79205,51.30824,51.84151,52.3422,52.87547,53.39166,53.79874,54.11218,54.36616,54.62996,54.99306,55.34889,55.60287,55.79012,56.0441,56.41701,56.85666,57.24665,57.57718,57.9077,58.31477,58.83097,59.34716,59.78839,60.28908,60.93147,61.52421,61.96544,62.38959,62.90578,63.43905,63.92266,64.39647,64.88008,65.41335,65.94662,66.41316,66.81042,67.16783,67.64164,68.23437,68.87835,69.56471,70.24126,70.81849,71.36884,71.88504,72.29211,72.62263,72.95316,73.37731,73.97004,74.62951,75.20675,75.79126,76.46054,77.13709,77.73141,78.3583,79.00069,79.50139,79.94262,80.47589,81.05154,81.52535,81.88276,82.2971,82.84018,83.49965,84.09239,84.5507,85.08555,85.89811,86.81979,87.54031,88.07516,88.64259,89.34602,90.17566,91.0053,91.70874,92.29325,92.88756,93.65774,94.54684,95.37648,96.00337,96.46168,96.96238,97.63893,98.38475,99.07838,99.65562,100.223,100.8499,101.5534,102.3065,103.0099,103.6539,104.2808,104.9247,105.6453,106.5091,107.5089,108.5754,109.5752,110.439,111.1766,111.8971,112.6502,113.3537,113.9976,114.6245,115.2856,116.0826,117.0385,117.9788,118.9037,119.936,120.8748,121.5033,122.0381,122.7488,123.6819,124.8493,126.1553,127.5597,128.9593,130.3295,131.4653,132.2867,132.881,133.4484,134.0412,134.6086,135.1687,135.7688,136.346,137.007,137.8196,138.6322,139.2932,139.8705,140.4705,141.0135,141.5215,142.0817,142.7411,143.3509,143.8687,144.4191,145.0118,145.5451,145.9863,146.4699,147.0528,147.5959,148.0868,148.5704,149.1037,149.6882,150.4527,151.5347,152.6437,153.5514,154.3216,154.9826,155.6535,156.4733,157.3128,158.1,158.8035,159.4304,159.9807,160.4643,160.9211,161.3281,161.7694,162.3621,163.0386,163.7095,164.5138,165.4966,166.5973,167.7843,169.0878,170.3498,171.391,172.2662,173.2733,174.3822,175.4162,176.3736,177.331,178.3479,179.4144,180.4484,181.4824,182.566,183.6765,184.8366,185.9797,187.0137,187.9711,188.9115,189.8518,190.7921,191.7325,192.6557,193.5366,194.4102,195.3066,196.1037,196.8242,197.4836,197.9673,198.3149,198.6283,198.9418,199.2723,199.6794,200.1955,200.7459,201.3231,201.9997,202.669,203.2193,203.6264,203.9569,204.2704,204.5838,204.8973,205.2278,205.6178,206.0574,206.4474,206.7779,207.0914,207.4048,207.7012,207.921

Position pixel : 34.7391,34.7391,34.7391,34.7391,34.7391,34.7391,34.7391,34.7391,34.7391,34.7391,34.722,34.6284,34.4086,34.1122,33.8158,33.5789,33.4088,33.2655,33.1719,33.0612,32.8584,32.6557,32.545,32.4514,32.3252,32.2315,32.1379,32.0117,31.9181,31.8245,31.6983,31.6217,31.6046,31.6046,31.6046,31.6046,31.6046,31.6046,31.6046,31.6046,31.6046,31.6046,31.6046,31.6046,31.6046,31.6046,31.6046,31.5876,31.511,31.3848,31.3083,31.2912,31.2741,31.1976,31.0714,30.9948,30.9777,30.9607,30.8841,30.7579,30.6814,30.6472,30.5707,30.4445,30.3509,30.2572,30.131,30.0374,29.9438,29.8176,29.741,29.7069,29.6303,29.5041,29.4105,29.3169,29.1907,29.1141,29.08,29.0034,28.8772,28.8007,28.7836,28.7836,28.7665,28.69,28.5638,28.4872,28.4702,28.4531,28.3765,28.2503,28.1567,28.0631,27.9198,27.7667,27.6235,27.5469,27.5128,27.4362,27.31,27.2164,27.1228,26.9966,26.9029,26.7752,26.4959,26.1328,25.8095,25.5059,25.2592,25.0052,24.7088,24.3783,24.0054,23.6423,23.3785,23.1416,22.9217,22.7516,22.5912,22.4381,22.2949,22.2012,22.1076,21.9814,21.9049,21.8878,21.8878,21.8878,21.8878,21.8878,21.8878,21.8878,21.8878,21.8878,21.8878,21.8878,21.8878,21.8878,21.8878,21.8878,21.8878,21.8707,21.7942,21.668,21.5914,21.5743,21.5573,21.4807,21.3545,21.2609,21.1673,21.0411,20.9474,20.8538,20.7105,20.5575,20.4142,20.3205,20.2269,20.1007,20.0242,20.0071,20.0071,20.0071,20.0071,20.0071,20.0071,20.0071,20.0071,20.0071,19.99,19.9135,19.7873,19.7107,19.6937,19.6937,19.6937,19.6937,19.6937,19.6937,19.6937,19.6937,19.6937,19.6937,19.6937,19.6937,19.6937,19.6937,19.6937,19.6937,19.6937,19.6937,19.6766,19.6,19.4738,19.3973,19.3802,19.3802,19.3631,19.2866,19.1433,18.9902,18.8469,18.7533,18.6597,18.5335,18.4569,18.4399,18.4399,18.4399,18.4399,18.4399,18.4399,18.4399,18.4399,18.4399,18.4399,18.4399,18.4399,18.4399,18.4399,18.4399,18.4399,18.4399,18.4399,18.4399,18.4399,18.4399,18.4399,18.4399,18.4399,18.4399,18.4399,18.4228,18.3462,18.22,18.1435,18.1264,18.1264,18.1264,18.1264,18.1264,18.1093,18.0328,17.9066,17.8301,17.813,17.813,17.813,17.813

Pole type : Curve
Start frame : 1
End frame : 332
Start time (s) : 0.000
End time (s) : 2501.980
Time step (s) : 7.559

Pole number : 2

Time (s) : 343.52238,344.73451,346.72847,350.30989,355.23978,360.22462,363.88019,366.50769,368.87699,371.24629,373.61558,375.98488,378.35418,380.72348,383.09278,385.46208,387.83138,390.20068,392.56998,394.93928,397.30858,399.67788,402.04718,404.41648,406.78577,409.15507,411.65347,414.73046,418.89047,423.94946,429.06339,433.42665,437.71576,442.19616,446.22708,449.43316,452.51015,455.96247,459.48894,462.94127,466.01826,469.22434,473.25525,477.86475,482.47425,486.50516,489.71125,492.78823,496.24056,500.02523,504.76383,510.19815,514.93675,518.72142,522.30285,525.95842,530.11843,534.72793,539.59563,544.91282,550.60534,555.92253,560.79023,565.39972,569.43064,572.50762,575.00602,577.50442,580.45231,583.90463,587.5602,591.72022,596.20061,600.36063,604.1453,608.30531,612.91481,617.52431,621.55522,624.6322,627.1306,629.4999,631.9983,635.07529,639.1062,643.5866,647.61751,650.6945,653.1929,655.69129,658.63918,661.96241,665.03939,668.11638,671.4396,674.64569,678.30126,682.70751,686.94167,691.23078,695.84028,700.57888,705.18838,709.34839,713.26216,718.12986,724.27187,730.54298,736.11837,741.69375,747.83577,753.39919,757.18386,759.81136,762.30976,765.51585,769.99624,774.98108,779.47344,784.34114,789.77547,794.51406,798.42784,802.45875,806.61876,810.85292,815.38827,819.49333,823.07475,826.02264,828.52104,831.01944,834.09642,838.12734,842.60773,846.63865,849.97383,853.6294,858.03566,862.26981,866.55893,871.16843,876.16522,882.31919,890.51012,900.4368,911.44651,922.19802,931.09663,938.08739,944.4876,950.18013,954.54339,958.25391,962.03858,966.90628,973.17739,980.41439,988.67946,997.82431,1006.668,1014.988,1022.5454,1029.2038,1035.2287,1041.0503,1046.4966,1051.8138,1057.0568,1061.9986,1067.1126,1071.8512,1076.3435,1081.7157,1088.3191,1096.381,1105.0214,1113.5446,1122.5723,1132.499,1142.9302,1152.5986,1160.4692,1166.9555,1174.5056,1184.1192,1194.5933,1202.9325,1209.2705,1214.8459,1220.9999,1228.354,1235.9114,1243.1484,1249.9981,1255.9488,1261.278,1267.9364,1276.3186,1284.959,1292.9037,1300.7193,1308.652,1315.889,1322.6216,1329.5262,1336.0006,1341.9513,1347.2685,1352.1362,1356.8748,1361.6134,1366.2229,1370.2538,1373.589,1377.7609,1384.8688,1394.9127,1405.9224,1416.944,1428.6614,1440.496,1450.4227,1457.6597,1462.3983,1464.8966,1465.8625,1466.8284,1469.0686,1472.3918,1476.0474,1480.2074,1484.6878,1488.8478,1492.5034,1496.2139,1500.319,1504.7253,1508.3808,1511.5869,1515.0392,1518.6948,1522.7257,1526.6275,1529.7045,1532.2029,1534.5722,1536.9415,1539.3108,1541.6801,1544.0494,1546.5478,1549.6248,1553.5266,1557.5575,1561.2131,1564.6654,1567.6133,1569.9826,1571.6442

Position (um) : 3.9055,3.8973,3.8839,3.8739,3.8639,3.8504,3.8423,3.8404,3.8386,3.8305,3.817,3.8088,3.807,3.807,3.807,3.807,3.807,3.807,3.807,3.807,3.807,3.807,3.807,3.807,3.807,3.807,3.807,3.807,3.807,3.807,3.807,3.807,3.807,3.807,3.807,3.807,3.807,3.807,3.807,3.807,3.807,3.807,3.807,3.807,3.807,3.807,3.8052,3.797,3.7835,3.7754,3.7736,3.7736,3.7736,3.7736,3.7736,3.7736,3.7736,3.7736,3.7736,3.7736,3.7736,3.7736,3.7736,3.7736,3.7736,3.7736,3.7736,3.7754,3.7854,3.807,3.8305,3.8504,3.8739,3.8973,3.9173,3.9408,3.9661,3.9924,4.0211,4.0375,4.0429,4.0511,4.0646,4.0727,4.0746,4.0746,4.0746,4.0746,4.0746,4.0746,4.0746,4.0746,4.0746,4.0746,4.0764,4.0845,4.098,4.108,4.118,4.1315,4.1414,4.1514,4.1649,4.1749,4.1849,4.2002,4.2165,4.2336,4.2499,4.2652,4.2752,4.2852,4.2987,4.3068,4.3087,4.3087,4.3105,4.3187,4.3321,4.3403,4.3421,4.3439,4.3521,4.3656,4.3737,4.3774,4.3855,4.4008,4.4172,4.4325,4.4424,4.4524,4.4677,4.4841,4.4993,4.5075,4.5093,4.5112,4.5193,4.5346,4.551,4.5662,4.5762,4.5862,4.6015,4.6178,4.6331,4.6413,4.6431,4.6431,4.6431,4.6431,4.6431,4.6431,4.6431,4.6431,4.6431,4.6449,4.6531,4.6684,4.6847,4.7018,4.7182,4.7335,4.7435,4.7534,4.7669,4.7751,4.7769,4.7769,4.7769,4.7769,4.7769,4.7769,4.7769,4.7769,4.7769,4.7769,4.7769,4.7769,4.7769,4.7769,4.7769,4.7769,4.7769,4.7769,4.7769,4.7769,4.7769,4.7769,4.7769,4.7769,4.7769,4.7769,4.7769,4.7769,4.7769,4.7769,4.7769,4.7769,4.7769,4.7769,4.7769,4.7769,4.7769,4.7769,4.7769,4.7769,4.7769,4.7769,4.7769,4.7769,4.7769,4.7769,4.7769,4.7769,4.7769,4.7769,4.7769,4.7769,4.7769,4.7769,4.7769,4.7787,4.7887,4.8122,4.842,4.8672,4.8854,4.9007,4.9089,4.9107,4.9107,4.9107,4.9107,4.9107,4.9107,4.9107,4.9107,4.9107,4.9107,4.9125,4.9207,4.9341,4.9423,4.9459,4.9541,4.9676,4.9776,4.9876,5.0028,5.0192,5.0363,5.0544,5.0779,5.0995,5.1095,5.1132,5.1213,5.1348

Intensity : 516.76198,531.33936,555.94899,582.21774,614.65577,647.22512,675.58399,699.67727,722.0407,755.11932,796.17076,827.43659,845.7087,858.52396,871.33922,884.15448,887.3907,890.46507,893.53943,886.83609,877.58124,868.3264,865.69101,867.41883,869.14664,870.60107,871.72395,873.10687,886.62637,903.19098,889.98064,884.24989,882.40924,862.24581,842.902,849.00859,854.86929,856.5046,856.05596,853.49099,849.56639,846.09206,845.25782,838.33975,820.79545,826.95064,842.41308,848.94367,838.11814,820.99223,806.23301,774.75157,746.94018,739.23348,730.23128,714.3668,693.96059,663.09912,628.96525,591.28202,556.30987,549.68603,547.33561,537.93719,535.44392,536.17017,533.41131,518.43282,502.13889,501.65564,517.02453,520.19843,508.03782,516.92869,528.4019,534.7391,537.59977,553.26101,557.79085,561.53291,569.52285,565.12966,553.57212,543.98964,530.0587,523.87127,540.23777,555.32806,575.7185,596.10893,615.92057,629.1922,641.48045,647.72159,652.7572,635.64448,602.42532,578.57704,564.65574,544.28325,524.93554,514.07509,500.98765,485.71778,463.0256,431.01176,402.954,391.43369,411.08262,451.43409,487.87057,550.83356,580.35415,590.98344,606.17764,647.31558,718.76476,809.35535,895.56675,992.63988,1038.7902,1041.6145,1006.0527,973.3693,936.89261,893.64186,844.4227,820.01079,809.92389,800.42619,793.15059,788.41248,806.56609,832.3296,820.44424,807.18528,792.39311,776.31387,763.61992,753.02681,737.04118,731.43267,737.39174,727.63603,715.82325,732.56087,778.77207,813.0348,836.76063,829.72464,852.69185,848.3813,845.77808,845.3639,839.3726,825.69823,816.47031,798.48406,762.26146,728.67478,703.25774,719.85649,738.92414,773.7793,808.21758,826.35544,851.0688,868.2664,857.07357,850.64437,844.69818,836.64592,839.22351,846.69648,843.47133,824.96966,827.45098,847.77181,885.3375,916.01831,932.35729,880.05194,841.59505,841.9127,872.59952,898.20917,914.38617,938.98545,941.04912,926.28586,902.12759,874.04113,864.50005,891.86352,921.31568,922.02548,924.13888,893.39276,869.32977,804.16459,731.04356,702.04062,696.12178,681.18449,653.50409,644.96968,648.14119,680.54452,710.79847,719.41863,736.7602,746.74905,722.96628,703.36589,688.05783,672.64315,656.44932,670.72039,681.09997,674.8544,653.23443,628.17531,611.99488,577.83606,557.62401,553.39039,554.56059,554.91825,546.05008,530.86231,514.0445,493.94046,471.88135,451.13405,449.01552,448.04514,443.59884,438.99685,438.97441,438.95472,428.67508,417.30283,420.27048,425.89554,422.11127,418.37415,415.45643,416.81906,418.03739,419.37309,412.63697,404.03003,393.31561,389.27579,385.86906,377.83923,368.91683,366.91376,365.76963,363.62747

Time pixel : 45.44637,45.60673,45.87052,46.34433,46.99653,47.656,48.13961,48.48722,48.80066,49.11411,49.42756,49.741,50.05445,50.3679,50.68134,50.99479,51.30824,51.62169,51.93513,52.24858,52.56203,52.87547,53.18892,53.50237,53.81581,54.12926,54.45979,54.86686,55.41721,56.08649,56.76304,57.34028,57.9077,58.50044,59.03371,59.45786,59.86493,60.32166,60.78819,61.24492,61.65199,62.07614,62.60941,63.21922,63.82904,64.36231,64.78646,65.19353,65.65026,66.15095,66.77784,67.49678,68.12367,68.62437,69.09817,69.58179,70.13214,70.74195,71.38592,72.08936,72.84246,73.54589,74.18987,74.79968,75.33295,75.74002,76.07055,76.40108,76.79107,77.24779,77.73141,78.28176,78.87449,79.42484,79.92554,80.47589,81.0857,81.69552,82.22879,82.63586,82.96638,83.27983,83.61036,84.01743,84.5507,85.14343,85.6767,86.08377,86.4143,86.74483,87.13482,87.57446,87.98153,88.3886,88.82825,89.2524,89.73602,90.31894,90.8791,91.44653,92.05634,92.68324,93.29305,93.8434,94.36118,95.00515,95.81771,96.64735,97.38494,98.12254,98.9351,99.67111,100.1718,100.5194,100.8499,101.2741,101.8668,102.5263,103.1206,103.7646,104.4835,105.1104,105.6282,106.1615,106.7118,107.272,107.872,108.4151,108.8889,109.2788,109.6094,109.9399,110.347,110.8802,111.473,112.0062,112.4475,112.9311,113.514,114.0742,114.6416,115.2514,115.9125,116.7266,117.8102,119.1235,120.58,122.0024,123.1796,124.1045,124.9512,125.7043,126.2815,126.7724,127.2731,127.9171,128.7467,129.7041,130.7976,132.0074,133.1774,134.2781,135.2779,136.1587,136.9558,137.726,138.4465,139.1499,139.8436,140.4973,141.1739,141.8008,142.3951,143.1058,143.9794,145.046,146.189,147.3166,148.511,149.8242,151.2042,152.4833,153.5245,154.3826,155.3815,156.6533,158.039,159.1422,159.9807,160.7183,161.5325,162.5054,163.5052,164.4626,165.3688,166.156,166.861,167.7419,168.8509,169.9939,171.045,172.0789,173.1284,174.0858,174.9765,175.89,176.7465,177.5337,178.2372,178.8812,179.508,180.1349,180.7448,181.278,181.7193,182.2712,183.2115,184.5403,185.9968,187.4549,189.0051,190.5707,191.884,192.8414,193.4683,193.7988,193.9266,194.0544,194.3508,194.7904,195.274,195.8244,196.4171,196.9675,197.4511,197.942,198.485,199.068,199.5516,199.9757,200.4325,200.9161,201.4493,201.9655,202.3726,202.7031,203.0166,203.33,203.6435,203.9569,204.2704,204.6009,205.008,205.5241,206.0574,206.541,206.9978,207.3878,207.7012,207.921

Position pixel : 36.6027,36.5262,36.4,36.3063,36.2127,36.0865,36.01,35.9929,35.9758,35.8993,35.7731,35.6965,35.6795,35.6795,35.6795,35.6795,35.6795,35.6795,35.6795,35.6795,35.6795,35.6795,35.6795,35.6795,35.6795,35.6795,35.6795,35.6795,35.6795,35.6795,35.6795,35.6795,35.6795,35.6795,35.6795,35.6795,35.6795,35.6795,35.6795,35.6795,35.6795,35.6795,35.6795,35.6795,35.6795,35.6795,35.6624,35.5858,35.4596,35.3831,35.366,35.366,35.366,35.366,35.366,35.366,35.366,35.366,35.366,35.366,35.366,35.366,35.366,35.366,35.366,35.366,35.366,35.3831,35.4767,35.6795,35.8993,36.0865,36.3063,36.5262,36.7134,36.9332,37.1701,37.4169,37.6863,37.8394,37.8907,37.9672,38.0934,38.1699,38.187,38.187,38.187,38.187,38.187,38.187,38.187,38.187,38.187,38.187,38.2041,38.2806,38.4069,38.5005,38.5941,38.7203,38.8139,38.9075,39.0337,39.1274,39.221,39.3643,39.5174,39.6777,39.8308,39.9741,40.0677,40.1613,40.2875,40.3641,40.3812,40.3812,40.3982,40.4748,40.601,40.6775,40.6946,40.7117,40.7882,40.9144,40.991,41.0251,41.1017,41.245,41.398,41.5413,41.6349,41.7286,41.8718,42.0249,42.1682,42.2448,42.2618,42.2789,42.3555,42.4987,42.6518,42.7951,42.8887,42.9824,43.1256,43.2787,43.422,43.4985,43.5156,43.5156,43.5156,43.5156,43.5156,43.5156,43.5156,43.5156,43.5156,43.5327,43.6092,43.7525,43.9056,44.066,44.2191,44.3623,44.456,44.5496,44.6758,44.7523,44.7694,44.7694,44.7694,44.7694,44.7694,44.7694,44.7694,44.7694,44.7694,44.7694,44.7694,44.7694,44.7694,44.7694,44.7694,44.7694,44.7694,44.7694,44.7694,44.7694,44.7694,44.7694,44.7694,44.7694,44.7694,44.7694,44.7694,44.7694,44.7694,44.7694,44.7694,44.7694,44.7694,44.7694,44.7694,44.7694,44.7694,44.7694,44.7694,44.7694,44.7694,44.7694,44.7694,44.7694,44.7694,44.7694,44.7694,44.7694,44.7694,44.7694,44.7694,44.7694,44.7694,44.7694,44.7694,44.7865,44.8801,45.0999,45.3792,45.6161,45.7863,45.9296,46.0061,46.0232,46.0232,46.0232,46.0232,46.0232,46.0232,46.0232,46.0232,46.0232,46.0232,46.0403,46.1168,46.243,46.3196,46.3537,46.4303,46.5565,46.6501,46.7437,46.887,47.0401,47.2004,47.3706,47.5904,47.7932,47.8868,47.921,47.9975,48.1237

Pole type : Curve
Start frame : 1
End frame : 332
Start time (s) : 0.000
End time (s) : 2501.980
Time step (s) : 7.559

Feature Information :


Feature number : 1

Time (s) : 712.5545,713.3913,715.7606,719.5333,723.306,725.9335,728.0565,730.8012,733.4909,735.4107,736.697,737.9091,739.0663,740.1493,740.857,741.5647,742.6477,743.8049,745.017,746.1742,747.3863,748.5435,749.7556,750.9128,752.1249,753.282,754.4942,755.6513,756.7344

Position (um) : 4.0962,4.0691,4.0193,3.9508,3.8875,3.8423,3.807,3.7736,3.7401,3.7085,3.6832,3.6651,3.6479,3.6298,3.6063,3.5829,3.5629,3.5376,3.506,3.4725,3.4391,3.4057,3.374,3.3488,3.3288,3.3035,3.2737,3.2502,3.2403

Intensity : 495.8696,497.3498,483.2268,459.6312,436.0854,423.7413,420.2604,417.0588,415.3831,416.5968,416.2324,415.4935,414.2479,412.37,412.8143,413.6287,414.0228,414.1467,416.8306,422.7575,428.2491,434.8518,444.6014,452.0869,457.5664,465.3969,477.7127,487.215,487.0387

Time pixel : 94.26755,94.37826,94.6917,95.19081,95.68993,96.03753,96.3184,96.68151,97.03734,97.29132,97.46149,97.62185,97.77493,97.91821,98.01184,98.10546,98.24874,98.40183,98.56219,98.71528,98.87563,99.02872,99.18908,99.34217,99.50253,99.65562,99.81597,99.96906,100.1123

Position pixel : 38.3898,38.1358,37.6693,37.0269,36.4341,36.01,35.6795,35.366,35.0526,34.7562,34.5193,34.3491,34.1888,34.0186,33.7988,33.5789,33.3917,33.1548,32.8584,32.545,32.2315,31.9181,31.6217,31.3848,31.1976,30.9607,30.6814,30.4616,30.3679

Brightness max : 540.72
Brightness min : 231.00
Feature direction : Ambiguous
Feature speed : Slow
Feature type : Curve
Start frame : 1
End frame : 332
Start time (s) : 0.000
End time (s) : 2501.980
Time step (s) : 7.559

Feature number : 2

Time (s) : 683.9938,683.7356,682.4493,679.9629,677.7227,676.3073,675.0952,673.938,672.855,672.1473,671.4396,670.3566,669.0703,667.4087,665.7471,664.4608,663.3778,662.7992

Position (um) : 3.2168,3.2439,3.2937,3.3622,3.4236,3.4607,3.4807,3.4978,3.516,3.5413,3.5729,3.6045,3.6316,3.6598,3.6967,3.7283,3.7483,3.7636

Intensity : 552.8473,535.1354,506.1119,480.0616,463.3818,464.4918,467.6232,471.0839,474.134,479.7193,488.7476,498.883,510.0645,530.5343,556.1571,577.1614,590.2346,599.61

Time pixel : 90.4891,90.455,90.2848,89.9558,89.6595,89.4722,89.3119,89.1588,89.0155,88.9219,88.8283,88.685,88.5148,88.295,88.0752,87.905,87.7617,87.6852

Position pixel : 30.1481,30.4021,30.8686,31.511,32.0867,32.4343,32.6215,32.7819,32.9521,33.189,33.4853,33.7817,34.0357,34.2995,34.6455,34.9419,35.1291,35.2724

Brightness max : 638.53
Brightness min : 231.00
Feature direction : Ambiguous
Feature speed : Slow
Feature type : Curve
Start frame : 1
End frame : 332
Start time (s) : 0.000
End time (s) : 2501.980
Time step (s) : 7.559

Feature number : 3

Time (s) : 610.5216,609.3024,607.9982,606.7811,605.9174,605.8069,607.0966,609.5886,612.3314,614.9127,617.2018,619.4202,620.6013,621.6843,622.392,623.0997,624.0536,624.6322,624.7613

Position (um) : 3.4165,3.3886,3.3599,3.3178,3.2747,3.2719,3.3217,3.3991,3.483,3.5569,3.6217,3.6804,3.6985,3.7167,3.7401,3.7636,3.7835,3.807,3.8286

Intensity : 522.828,539.3381,558.5741,586.8708,623.1237,625.8881,583.4201,533.0767,509.0578,509.961,526.1188,553.7458,559.2718,562.5121,569.3575,575.0133,579.5529,587.1087,595.2458

Time pixel : 80.7691,80.6078,80.4353,80.2742,80.16,80.1454,80.316,80.6457,81.0085,81.35,81.6529,81.9463,82.1026,82.2459,82.3395,82.4331,82.5593,82.6359,82.6529

Position pixel : 32.0193,31.7582,31.4892,31.0943,30.6907,30.6643,31.1308,31.8568,32.6427,33.3358,33.9427,34.4928,34.6626,34.8327,35.0526,35.2724,35.4596,35.6795,35.8822

Brightness max : 638.53
Brightness min : 231.00
Feature direction : Ambiguous
Feature speed : Slow
Feature type : Curve
Start frame : 1
End frame : 332
Start time (s) : 0.000
End time (s) : 2501.980
Time step (s) : 7.559

Feature number : 4

Time (s) : 1048.8953,1050.0763,1051.9354,1054.9362,1058.7558,1062.6747,1065.8266,1067.8203,1070.3508,1072.3407,1073.4198,1074.5232,1076.535,1078.946,1081.2693,1083.7382,1085.7815,1086.804,1088.774,1090.2774,1091.7903,1093.0714,1093.7909,1094.6529,1096.1565,1097.851,1099.4642,1100.6052,1101.0362

Position (um) : 4.3294,4.2738,4.2089,4.1373,4.0464,3.9376,3.8534,3.807,3.761,3.7312,3.7049,3.6783,3.6494,3.6094,3.5665,3.5357,3.5163,3.5051,3.5114,3.5349,3.5789,3.6374,3.6953,3.7484,3.8,3.8531,3.9042,3.944,3.973

Intensity : 379.5706,349.9289,338.3735,332.0392,327.5903,318.0028,315.4632,313.9548,313.505,314.0271,313.6124,312.3685,311.0142,309.3101,307.4071,304.5279,302.5848,301.472,300.2271,298.8996,298.3436,299.5015,302.6083,306.4661,312.3276,317.5955,321.9717,324.7999,326.669

Time pixel : 138.7638,138.9201,139.166,139.563,140.0683,140.5868,141.0038,141.2675,141.6023,141.8655,142.0083,142.1543,142.4204,142.7394,143.0468,143.3734,143.6437,143.779,144.0396,144.2385,144.4386,144.6081,144.7033,144.8174,145.0163,145.2404,145.4539,145.6048,145.6618

Position pixel : 40.5755,40.0547,39.446,38.7747,37.923,36.9037,36.1145,35.6795,35.2482,34.9692,34.7225,34.4737,34.2028,33.8275,33.4251,33.1371,32.9549,32.85,32.9094,33.1297,33.5418,34.0897,34.633,35.1301,35.6137,36.1116,36.5902,36.9638,37.2351

Brightness max : 331.00
Brightness min : 231.00
Feature direction : Ambiguous
Feature speed : Slow
Feature type : Curve
Start frame : 1
End frame : 332
Start time (s) : 0.000
End time (s) : 2501.980
Time step (s) : 7.559

