KYMOANALYSIS DATA

General Information :

Tiff path : E:\Google Drive\microtubule dynamics and cut7\20-15 screens and tests\wild type\19-03-28&04-04 (cut7-3GFP and pkl1-mCh__int_mono_bipole_25 deg)\
Spindle type : Bipolar
Start frame : 1
End frame : 157
Start time (s) : 0.000
End time (s) : 1170.620
Time step (s) : 7.504
Num poles : 2
Num tracks : 3
Num tracks poleward : 0
Num tracks antipoleward : 1
Num tracks ambiguous : 2
Comments : {

}
Poles Information :


Pole number : 1

Time (s) : 684.25297,691.12689,701.58805,709.00898,712.69923,714.91632,716.74748,718.63345,720.57983,722.6213,724.95359,727.04987,728.54993,729.71887,730.82741,731.93595,733.0445,734.15304,735.26158,736.37012,737.47866,738.5872,739.69575,740.80429,741.91283,743.02137,744.12991,745.23845,746.4074,747.78665,749.40191,751.05187,752.72754,754.4379,756.32387,758.14944,759.58909,760.75804,761.86658,762.97512,764.08366,765.1922,766.30075,767.40929,768.51783,769.62637,770.73491,771.84345,772.952,774.12094,775.50019,777.05505,778.4343,779.60325,780.71179,781.88073,783.32038,785.20636,787.30263,789.18861,790.62826,791.7972,792.90575,794.01429,795.12283,796.23137,797.33991,798.44845,799.557,800.72594,802.10519,803.72045,805.37041,806.98568,808.36493,809.53387,810.70281,812.20287,814.35955,817.02295,819.84186,822.83637,825.89129,828.9809,832.21143,835.30104,838.35595,841.22966,843.50715,845.33831,847.28469,849.44137,851.65845,853.93594,856.42373,859.08713,861.63533,864.18352,866.84693,869.33472,871.5518,873.49818,875.26894,877.15491,879.04088,880.81165,882.75802,884.9147,887.19219,889.74038,892.61409,895.3379,897.71048,900.16358,902.59097,904.86845,907.08554,909.36302,911.85081,914.51422,916.94161,918.94838,920.65874,922.27401,923.65326,924.8222,925.93075,927.09969,928.47894,930.0942,931.74416,933.41983,935.19059,937.40768,939.95027,942.10695,943.60701,944.77595,945.8845,947.05344,948.43269,950.04795,951.75831,953.70469,955.80097,957.68694,959.12659,960.29554,961.40408,962.57302,964.01268,965.95905,968.38644,971.04984,973.59804,976.20663,979.20115,982.40597,985.40048,987.88827,989.89505,991.54501,992.94997,994.1536,995.49816,996.93781,998.64817,1000.7098,1002.6304,1004.3665,1006.0165,1007.6317,1008.9506,1009.8488,1010.4506,1011.0177,1011.6196,1012.397,1013.1744,1013.8366,1014.6141,1015.3915,1016.0537,1016.952,1018.2708,1019.8861,1021.5964,1023.5428,1025.6995,1027.977,1030.4648,1033.1282,1035.616,1037.8935,1040.1105,1042.388,1044.9362,1047.8703,1050.8648,1053.7441,1056.7387,1059.6124,1061.8295,1063.3899,1064.8296,1066.4448,1068.0344,1069.4393,1070.7638,1072.7102,1075.3132,1078.1321,1081.1266,1084.0607,1086.5485,1088.5553,1090.2656,1091.8809,1093.3205,1094.8206,1096.7066,1098.8632,1101.0199,1102.9059,1104.3456,1105.5749,1106.9541,1108.509,1109.8883,1111.1176,1112.4969,1114.1121,1115.7621,1117.3773,1118.7566,1119.9255,1121.0341,1122.1426,1123.3116,1124.6908,1126.3061,1128.0164,1129.9024,1131.728,1133.228,1134.7281,1136.5537,1138.4396,1140.2708,1142.4879,1145.0909,1147.5183,1149.5251,1151.2354,1152.9111,1154.561,1156.2971,1158.2178,1160.2794,1161.9897,1163.4898,1165.0446,1166.4239,1167.5928,1168.7014,1169.8099,1170.9185,1172.027,1173.0751,1173.8526

Position (um) : 2.0355,2.0586,2.0967,2.1198,2.1249,2.1249,2.1249,2.1249,2.1249,2.1249,2.1249,2.1249,2.1249,2.1249,2.1249,2.1249,2.1249,2.1249,2.1249,2.1249,2.1249,2.1249,2.1249,2.1249,2.1249,2.1249,2.1249,2.1249,2.1249,2.1249,2.1249,2.124,2.1202,2.1139,2.1091,2.1044,2.0981,2.0942,2.0934,2.0934,2.0934,2.0934,2.0934,2.0934,2.0934,2.0934,2.0934,2.0934,2.0934,2.0934,2.0934,2.0934,2.0934,2.0934,2.0934,2.0934,2.0934,2.0934,2.0934,2.0934,2.0934,2.0934,2.0934,2.0934,2.0925,2.0887,2.0823,2.0785,2.0776,2.0776,2.0776,2.0776,2.0776,2.0776,2.0776,2.0776,2.0776,2.0776,2.0776,2.0776,2.0776,2.0776,2.0768,2.0729,2.0666,2.0627,2.0619,2.0619,2.0619,2.0619,2.0619,2.0619,2.0619,2.0619,2.0619,2.0619,2.0619,2.0619,2.0619,2.0619,2.0619,2.0619,2.0619,2.0619,2.0619,2.0619,2.0619,2.0619,2.0619,2.0619,2.0619,2.0619,2.0619,2.061,2.0571,2.0499,2.0422,2.0342,2.0265,2.0184,2.0107,2.0035,1.9988,1.9941,1.9878,1.9839,1.983,1.9822,1.9783,1.972,1.9673,1.9626,1.9554,1.9468,1.9358,1.9256,1.92,1.9153,1.9089,1.9051,1.9034,1.8995,1.8923,1.8846,1.8766,1.8689,1.8608,1.8531,1.845,1.8373,1.8293,1.8207,1.8088,1.7939,1.7781,1.7632,1.7513,1.7419,1.73,1.7159,1.7049,1.6993,1.6938,1.6836,1.6725,1.6639,1.6567,1.652,1.6465,1.6363,1.6252,1.6167,1.6086,1.6009,1.5928,1.5851,1.5779,1.5732,1.5685,1.5622,1.5575,1.5527,1.5464,1.5417,1.5361,1.5251,1.511,1.4991,1.4897,1.4778,1.4629,1.4471,1.4314,1.4156,1.3998,1.3832,1.3636,1.3415,1.3219,1.3053,1.2895,1.2746,1.2635,1.258,1.2533,1.2469,1.2422,1.2375,1.2303,1.2226,1.2145,1.2051,1.1902,1.1728,1.1604,1.1515,1.1438,1.1357,1.128,1.12,1.1114,1.0995,1.0854,1.0735,1.065,1.0569,1.0483,1.0373,1.0262,1.0177,1.0096,1.0011,0.99001,0.97981,0.97424,0.96954,0.96233,0.95463,0.94657,0.93887,0.93081,0.92311,0.9159,0.91205,0.91119,0.91119,0.91119,0.91119,0.91119,0.91119,0.91119,0.91119,0.91119,0.91119,0.91119,0.91119,0.91033,0.90649,0.90014,0.89629,0.89457,0.89072,0.88438,0.88053,0.87967,0.87967,0.87967,0.87967,0.87967,0.87967

Intensity : 553.6147,621.6301,638.1489,614.6997,605.3445,605.5028,605.9492,606.409,607.095,609.7691,612.8242,615.5702,615.0182,612.1213,609.3741,606.6268,603.8796,601.1324,598.3852,595.2682,592.103,588.9377,585.7725,582.6073,579.4421,576.5739,575.983,575.392,574.7689,574.0337,573.1727,577.3254,589.8972,603.6909,618.3661,632.5005,643.2933,651.7378,658.6514,665.2001,671.7488,678.2975,680.75,682.2273,683.7045,685.1818,686.6591,688.1364,689.395,684.9589,679.7247,673.8241,668.5899,664.1538,659.8656,655.1108,649.255,641.5837,633.057,629.9273,629.2144,628.6355,628.0866,627.5376,627.4697,632.6353,640.4799,646.904,651.6562,656.1649,661.4847,668.5367,676.606,684.5056,691.2509,696.9677,702.0414,705.8509,711.3279,718.0918,715.2297,707.1125,699.4412,693.9131,688.507,682.6971,675.9178,669.2228,663.7339,659.3206,654.6297,644.875,632.7614,620.3177,608.1552,597.5274,587.3593,576.8068,565.3441,554.6372,547.554,543.5646,539.9351,536.0695,529.1164,520.4054,510.8305,500.221,489.5443,477.7883,464.5306,456.1725,449.4483,442.7271,443.7563,447.2038,451.3761,460.0339,472.4617,487.5196,499.6609,509.3784,516.8149,524.1619,529.9664,531.6289,531.1123,530.5278,531.9189,534.8602,534.4773,533.266,533.409,533.0033,529.9571,526.6857,523.0942,519.7023,517.1996,512.9355,506.6274,499.9056,493.8354,487.725,483.3215,479.4058,477.0929,475.5401,474.7923,473.7001,471.6793,467.9149,461.9346,452.1867,443.1188,435.1404,429.6066,423.1692,420.2382,419.3213,418.9613,421.7973,426.1679,430.9079,436.2147,441.3735,444.924,444.0124,443.3558,443.6663,443.3094,440.5281,438.449,437.4259,436.7722,436.2311,435.6304,434.3654,432.876,430.8106,428.0324,425.2908,423.3478,420.155,415.3193,410.2371,410.4724,413.6341,416.5717,420.2634,415.3538,409.4766,404.0961,406.0721,407.9816,409.6002,406.2934,401.653,398.1051,400.1098,402.4407,401.3579,398.0774,395.882,393.9695,395.0879,398.5701,401.7588,405.1494,409.8865,411.2992,412.2821,414.3862,417.4592,417.9188,418.1984,417.5219,416.8299,416.1613,415.4057,413.5001,411.2141,409.8721,409.4022,405.795,401.3702,396.7818,392.0026,388.1931,386.3816,386.574,387.3251,388.9742,391.2426,393.017,394.6118,396.9053,398.2395,399.4361,401.1662,403.23,405.2958,407.8449,410.2289,411.9258,413.1218,414.5774,416.0811,417.5411,414.9099,410.9069,407.1741,408.1435,410.4086,412.6277,414.8127,415.9888,415.7041,415.9475,415.9381,415.6654,416.0465,417.0686,417.5994,417.4659,417.1343,416.566,415.3548,414.2096,413.3601

Time pixel : 91.18541,92.10145,93.49553,94.48446,94.97623,95.27169,95.51572,95.76705,96.02642,96.29848,96.60928,96.88864,97.08854,97.24432,97.39205,97.53977,97.6875,97.83523,97.98295,98.13068,98.27841,98.42614,98.57386,98.72159,98.86932,99.01705,99.16477,99.3125,99.46828,99.65208,99.86733,100.0872,100.3105,100.5384,100.7898,101.0331,101.2249,101.3807,101.5284,101.6761,101.8239,101.9716,102.1193,102.267,102.4148,102.5625,102.7102,102.858,103.0057,103.1615,103.3453,103.5525,103.7363,103.892,104.0398,104.1955,104.3874,104.6387,104.9181,105.1694,105.3613,105.517,105.6648,105.8125,105.9602,106.108,106.2557,106.4034,106.5511,106.7069,106.8907,107.106,107.3258,107.5411,107.7249,107.8807,108.0365,108.2364,108.5238,108.8787,109.2544,109.6534,110.0605,110.4722,110.9028,111.3145,111.7216,112.1045,112.4081,112.6521,112.9115,113.1989,113.4943,113.7978,114.1294,114.4843,114.8239,115.1634,115.5184,115.8499,116.1454,116.4047,116.6407,116.892,117.1434,117.3794,117.6387,117.9261,118.2296,118.5692,118.9522,119.3152,119.6313,119.9582,120.2817,120.5852,120.8807,121.1842,121.5157,121.8706,122.1941,122.4616,122.6895,122.9047,123.0885,123.2443,123.392,123.5478,123.7316,123.9469,124.1668,124.3901,124.626,124.9215,125.2603,125.5477,125.7476,125.9034,126.0511,126.2069,126.3907,126.606,126.8339,127.0933,127.3726,127.624,127.8158,127.9716,128.1193,128.2751,128.4669,128.7263,129.0498,129.4047,129.7443,130.0919,130.491,130.9181,131.3171,131.6487,131.9161,132.136,132.3232,132.4836,132.6628,132.8546,133.0826,133.3573,133.6133,133.8446,134.0645,134.2797,134.4555,134.5752,134.6554,134.731,134.8112,134.9148,135.0184,135.1066,135.2102,135.3138,135.4021,135.5218,135.6975,135.9128,136.1407,136.4001,136.6875,136.991,137.3225,137.6775,138.009,138.3125,138.608,138.9115,139.251,139.642,140.0411,140.4248,140.8239,141.2068,141.5023,141.7102,141.9021,142.1173,142.3292,142.5164,142.6929,142.9523,143.2992,143.6748,144.0739,144.4649,144.7964,145.0638,145.2918,145.507,145.6989,145.8988,146.1501,146.4375,146.7249,146.9762,147.1681,147.3319,147.5157,147.7229,147.9067,148.0705,148.2544,148.4696,148.6895,148.9047,149.0885,149.2443,149.392,149.5398,149.6955,149.8794,150.0946,150.3225,150.5739,150.8171,151.017,151.2169,151.4602,151.7116,151.9556,152.251,152.5979,152.9214,153.1888,153.4168,153.6401,153.8599,154.0913,154.3472,154.622,154.8499,155.0498,155.257,155.4408,155.5966,155.7443,155.892,156.0398,156.1875,156.3272,156.4308

Position pixel : 19.0767,19.2932,19.65,19.8665,19.9148,19.9148,19.9148,19.9148,19.9148,19.9148,19.9148,19.9148,19.9148,19.9148,19.9148,19.9148,19.9148,19.9148,19.9148,19.9148,19.9148,19.9148,19.9148,19.9148,19.9148,19.9148,19.9148,19.9148,19.9148,19.9148,19.9148,19.9067,19.8706,19.8112,19.767,19.7229,19.6634,19.6274,19.6193,19.6193,19.6193,19.6193,19.6193,19.6193,19.6193,19.6193,19.6193,19.6193,19.6193,19.6193,19.6193,19.6193,19.6193,19.6193,19.6193,19.6193,19.6193,19.6193,19.6193,19.6193,19.6193,19.6193,19.6193,19.6193,19.6113,19.5752,19.5157,19.4796,19.4716,19.4716,19.4716,19.4716,19.4716,19.4716,19.4716,19.4716,19.4716,19.4716,19.4716,19.4716,19.4716,19.4716,19.4635,19.4275,19.368,19.3319,19.3239,19.3239,19.3239,19.3239,19.3239,19.3239,19.3239,19.3239,19.3239,19.3239,19.3239,19.3239,19.3239,19.3239,19.3239,19.3239,19.3239,19.3239,19.3239,19.3239,19.3239,19.3239,19.3239,19.3239,19.3239,19.3239,19.3239,19.3158,19.2797,19.2122,19.1401,19.0645,18.9923,18.9168,18.8446,18.7771,18.733,18.6888,18.6294,18.5933,18.5852,18.5772,18.5411,18.4816,18.4375,18.3934,18.3258,18.2456,18.142,18.0465,17.9943,17.9502,17.8907,17.8546,17.8385,17.8025,17.7349,17.6628,17.5872,17.5151,17.4395,17.3673,17.2918,17.2196,17.144,17.0638,16.9522,16.8125,16.6648,16.5251,16.4134,16.3252,16.2135,16.0819,15.9783,15.9261,15.874,15.7784,15.6748,15.5946,15.5271,15.483,15.4308,15.3352,15.2316,15.1514,15.0758,15.0037,14.9281,14.856,14.7884,14.7443,14.7002,14.6407,14.5966,14.5525,14.493,14.4489,14.3967,14.2931,14.1615,14.0498,13.9616,13.8499,13.7102,13.5625,13.4148,13.267,13.1193,12.9635,12.7797,12.5725,12.3887,12.233,12.0852,11.9455,11.8419,11.7898,11.7456,11.6862,11.642,11.5979,11.5304,11.4582,11.3827,11.2944,11.1547,10.9917,10.8754,10.7918,10.7196,10.644,10.5719,10.4963,10.4161,10.3045,10.1728,10.0612,9.98097,9.90539,9.82519,9.72159,9.61799,9.53779,9.46221,9.38201,9.27841,9.18286,9.13068,9.08656,9.01903,8.94688,8.8713,8.79915,8.72358,8.65142,8.5839,8.54782,8.53977,8.53977,8.53977,8.53977,8.53977,8.53977,8.53977,8.53977,8.53977,8.53977,8.53977,8.53977,8.53172,8.49565,8.43617,8.40009,8.384,8.34792,8.28844,8.25237,8.24432,8.24432,8.24432,8.24432,8.24432,8.24432

Pole type : Curve
Start frame : 1
End frame : 157
Start time (s) : 0.000
End time (s) : 1170.620
Time step (s) : 7.504

Pole number : 2

Time (s) : 689.20217,690.60374,692.85102,694.98123,696.50556,697.7548,699.15638,700.7364,702.19936,703.78507,706.09942,709.29473,712.85263,716.32872,719.948,723.4184,726.24767,728.32218,730.02497,731.42655,732.55303,733.40442,734.07736,734.92876,735.93248,736.78387,737.45681,738.30821,739.37331,740.49979,741.62628,742.75276,744.00201,745.67867,747.71224,749.3889,750.76091,752.43757,754.53252,756.48427,758.18706,759.58863,760.7765,761.90298,763.02946,764.15595,765.28243,766.40891,767.5354,768.66188,769.78836,770.97623,772.3778,773.95783,775.42078,776.88373,778.46376,779.92672,781.45105,783.30617,785.22266,787.02209,788.93858,790.85508,792.59312,794.29591,795.97257,797.67536,799.35202,800.99343,802.395,803.64425,805.1072,806.96232,808.87882,810.67824,812.59474,814.44985,815.91281,817.10067,818.22715,819.35364,820.48012,821.6066,822.73309,823.85957,824.98605,826.11254,827.23902,828.3655,829.61475,831.41417,833.99792,836.70443,839.11541,841.6696,844.41136,847.11787,849.30946,850.83379,852.02166,853.20952,854.67247,856.58897,858.78056,861.03352,863.22511,865.14161,866.60456,867.79242,868.98029,870.38186,871.96189,873.36346,874.61271,876.01428,877.59431,879.05726,880.58159,882.55947,885.02615,887.73266,890.32209,892.85015,895.28157,897.35608,899.33396,901.18908,902.65203,903.90128,905.30285,906.88288,908.28445,909.47231,910.5988,911.6639,912.51529,913.24961,914.3761,915.89474,917.3577,918.88203,920.73715,922.65364,924.39169,926.03309,927.43467,928.62253,929.74901,930.8755,932.00198,933.12846,934.25495,935.44281,936.84438,938.42441,939.88737,941.35032,942.93035,944.33192,945.51978,946.64627,947.77275,948.89923,950.02572,951.1522,952.27868,953.40517,954.53165,955.71951,957.12109,958.7625,960.43916,962.08057,963.48214,964.60862,965.46002,966.13295,966.98435,968.04945,969.17594,970.3638,971.88813,974.01834,976.327,978.06504,979.31429,980.44077,981.69001,983.42806,985.98224,989.39694,993.86762,999.01468,1004.1526,1008.296,1011.1866,1012.986,1014.2967,1015.6982,1017.2783,1018.6798,1019.9291,1021.3306,1022.9721,1024.6487,1026.2901,1027.8145,1029.6753,1032.3818,1035.6998,1039.3544,1043.1874,1046.9033,1050.6192,1054.4522,1058.0454,1061.1497,1063.7392,1065.9921,1067.97,1069.7694,1071.7473,1074.0003,1076.5897,1079.6327,1082.828,1085.6573,1088.0683,1090.6224,1093.3028,1095.7956,1097.8701,1099.9094,1102.101,1104.4153,1106.9434,1109.6499,1112.178,1114.4923,1116.6839,1118.6004,1120.0633,1121.2512,1122.3777,1123.6269,1125.365,1127.8578,1130.8746,1134.0961,1136.8992,1139.2749,1141.4665,1143.383,1144.846,1146.0338,1147.2831,1148.9597,1150.9933,1152.7314,1154.2557,1155.8357,1157.2987,1158.8844,1161.0146,1163.3233,1165.0613,1166.3105,1167.437,1168.5635,1169.69,1170.8165,1172.0043,1173.4059,1174.9246,1175.9897

Position (um) : 2.2223,2.2184,2.2119,2.208,2.2072,2.2072,2.2072,2.2072,2.2072,2.2072,2.208,2.2128,2.2241,2.2401,2.2591,2.2768,2.2864,2.292,2.2985,2.3024,2.3024,2.2985,2.2912,2.2833,2.2751,2.2673,2.26,2.2561,2.2552,2.2552,2.2543,2.2504,2.244,2.2401,2.2392,2.2392,2.2392,2.2392,2.2392,2.2392,2.2392,2.2392,2.2392,2.2392,2.2392,2.2392,2.2392,2.2392,2.2392,2.2392,2.2392,2.2392,2.2392,2.2392,2.2392,2.2392,2.2392,2.2392,2.2392,2.2392,2.2392,2.2392,2.2392,2.2392,2.2392,2.2401,2.244,2.2504,2.2543,2.2552,2.2552,2.2552,2.2552,2.2552,2.2552,2.2552,2.2552,2.2552,2.2552,2.2543,2.2504,2.2431,2.2353,2.228,2.2232,2.2184,2.2119,2.208,2.2072,2.2072,2.2072,2.2072,2.2072,2.2072,2.2072,2.2072,2.2072,2.2072,2.2072,2.2072,2.2072,2.2063,2.2024,2.1959,2.192,2.1911,2.1911,2.1911,2.1911,2.1911,2.1911,2.1911,2.1911,2.1911,2.1911,2.1911,2.1911,2.1911,2.1911,2.1911,2.1903,2.1864,2.1799,2.176,2.1751,2.1751,2.1751,2.1751,2.1751,2.1751,2.1751,2.1751,2.1751,2.1751,2.1751,2.1786,2.1943,2.2201,2.2357,2.2392,2.2401,2.244,2.2504,2.2543,2.2552,2.2552,2.2552,2.2552,2.2552,2.2552,2.2552,2.2552,2.2552,2.2552,2.2552,2.2552,2.2552,2.2552,2.2552,2.2552,2.2552,2.2552,2.2552,2.2552,2.2552,2.2596,2.2791,2.3114,2.3309,2.3353,2.3362,2.3401,2.3465,2.3513,2.3561,2.3634,2.3713,2.3786,2.3834,2.3881,2.3946,2.3985,2.4002,2.4042,2.4106,2.4145,2.4163,2.4202,2.4266,2.4305,2.4332,2.441,2.4548,2.4674,2.4795,2.4898,2.4946,2.4955,2.4955,2.4955,2.4955,2.4955,2.4964,2.5003,2.5067,2.5106,2.5115,2.5115,2.5124,2.5163,2.5227,2.5275,2.5323,2.5388,2.5427,2.5435,2.5435,2.5444,2.5483,2.5548,2.5587,2.5604,2.5643,2.5708,2.5756,2.5804,2.5868,2.5916,2.5964,2.6028,2.6067,2.6076,2.6076,2.6076,2.6076,2.6076,2.6076,2.6085,2.6124,2.6188,2.6228,2.6236,2.6236,2.6236,2.6245,2.6284,2.6349,2.6388,2.6405,2.6444,2.6509,2.6548,2.6565,2.6604,2.6669,2.6708,2.6725,2.6765,2.6829,2.6868,2.6877,2.6877,2.6886,2.6925,2.6989,2.7028,2.7046,2.7085,2.7149,2.7197,2.7245,2.731,2.7349,2.7357,2.7357,2.7357

Intensity : 499.1014,511.3755,525.8624,537.7388,544.352,549.0276,546.5863,543.061,539.7968,536.2588,530.9157,522.1248,506.4949,487.8341,465.082,448.216,439.7147,434.3392,426.7009,422.164,422.1711,426.6069,434.8379,443.5161,452.4043,460.7015,468.3674,472.118,472.4172,471.7412,471.9638,475.241,481.6931,485.5138,486.2144,486.2019,487.7566,494.963,503.9674,512.3562,519.1812,522.7825,525.8346,528.729,531.6235,534.5179,537.4123,539.0656,540.5668,542.0679,543.5691,545.1521,547.0199,544.0876,539.0078,533.9279,528.4416,523.3617,518.8888,513.9132,508.7729,503.9467,499.7897,496.4947,493.5064,489.6304,485.6334,485.1831,487.2036,492.3503,497.5635,501.4045,505.2068,510.0284,515.0095,519.561,523.5779,527.4661,530.5323,534.1163,540.9179,550.5683,560.4193,569.2271,574.8041,580.1522,587.0816,591.8287,593.769,594.7855,595.9128,597.5365,601.4694,608.0131,613.8423,616.1062,613.9765,611.8743,605.2877,598.6306,593.443,588.6609,583.9848,579.2956,573.0444,565.256,557.209,549.2276,543.1351,538.1881,533.2412,527.4042,525.6385,524.2976,523.1023,521.7613,520.2496,513.6359,504.901,493.5672,479.5715,467.9704,457.4482,446.5763,437.5993,429.9852,422.7257,417.5006,415.3843,413.5773,411.5498,409.2643,407.9679,409.1105,410.194,410.356,407.004,400.3074,395.782,394.1023,392.4658,390.2152,387.2759,384.7549,384.1171,383.9282,383.7668,383.63,383.5004,383.0067,381.8058,380.6049,379.4039,378.1375,376.6433,375.8004,377.1201,378.4397,379.865,381.1292,382.2612,386.8598,391.4583,396.0568,400.6554,405.3782,410.9373,416.5057,419.5467,421.8928,424.3566,427.7004,431.726,436.3158,440.1446,443.0783,445.2417,446.9544,449.4061,452.4857,452.7108,453.1346,453.8094,454.8524,454.7373,452.6665,451.1699,449.9622,448.7989,445.4694,433.1782,416.9085,398.5665,382.6063,390.6639,397.357,402.4347,405.7427,408.681,411.8449,415.4116,418.5754,421.4085,425.0938,429.9418,434.9117,439.6948,444.1008,450.7692,460.831,473.1983,488.4751,503.9269,504.0674,503.9895,494.258,485.0966,473.851,464.8981,457.2741,449.1291,441.4569,432.6028,426.2836,425.3693,424.3341,422.6523,421.0422,419.6704,425.2034,431.0124,436.2962,438.6487,440.9611,443.4463,443.8643,442.5406,441.1653,440.4634,440.3146,440.1209,439.5733,438.6678,437.9325,437.3357,437.0426,436.8471,440.499,445.1804,451.1255,458.1532,464.0927,468.0326,470.7847,474.1762,475.0372,475.8989,478.268,482.5101,486.2371,489.733,492.6781,491.0272,489.0106,486.3407,484.0677,484.4552,484.6761,484.8683,485.1951,485.6027,485.763,484.3977,482.8058,481.0645,479.8433

Time pixel : 91.84495,92.03173,92.33121,92.61509,92.81822,92.9847,93.17148,93.38204,93.57699,93.78831,94.09673,94.52254,94.99668,95.45991,95.94223,96.4047,96.78174,97.05819,97.28511,97.47189,97.62201,97.73547,97.82514,97.9386,98.07236,98.18582,98.2755,98.38896,98.5309,98.68101,98.83113,98.98125,99.14773,99.37116,99.64216,99.8656,100.0484,100.2719,100.5511,100.8111,101.0381,101.2248,101.3831,101.5333,101.6834,101.8335,101.9836,102.1337,102.2839,102.434,102.5841,102.7424,102.9292,103.1397,103.3347,103.5296,103.7402,103.9352,104.1383,104.3855,104.6409,104.8807,105.1361,105.3915,105.6231,105.85,106.0735,106.3004,106.5238,106.7426,106.9293,107.0958,107.2908,107.538,107.7934,108.0332,108.2886,108.5358,108.7308,108.8891,109.0392,109.1893,109.3394,109.4895,109.6396,109.7898,109.9399,110.09,110.2401,110.3902,110.5567,110.7965,111.1408,111.5015,111.8228,112.1632,112.5286,112.8892,113.1813,113.3844,113.5427,113.701,113.896,114.1514,114.4434,114.7437,115.0357,115.2911,115.4861,115.6444,115.8027,115.9895,116.2,116.3868,116.5533,116.74,116.9506,117.1456,117.3487,117.6123,117.941,118.3017,118.6467,118.9836,119.3077,119.5841,119.8477,120.0949,120.2899,120.4563,120.6431,120.8537,121.0405,121.1987,121.3489,121.4908,121.6043,121.7021,121.8522,122.0546,122.2496,122.4527,122.6999,122.9553,123.1869,123.4057,123.5925,123.7508,123.9009,124.051,124.2011,124.3512,124.5014,124.6596,124.8464,125.057,125.2519,125.4469,125.6575,125.8442,126.0025,126.1527,126.3028,126.4529,126.603,126.7531,126.9032,127.0534,127.2035,127.3618,127.5486,127.7673,127.9907,128.2095,128.3962,128.5464,128.6598,128.7495,128.863,129.0049,129.155,129.3133,129.5165,129.8003,130.108,130.3396,130.5061,130.6562,130.8227,131.0543,131.3947,131.8497,132.4455,133.1314,133.8161,134.3683,134.7535,134.9933,135.1679,135.3547,135.5653,135.752,135.9185,136.1053,136.324,136.5475,136.7662,136.9693,137.2173,137.578,138.0202,138.5072,139.018,139.5132,140.0084,140.5192,140.998,141.4117,141.7568,142.057,142.3206,142.5604,142.824,143.1242,143.4693,143.8748,144.3006,144.6776,144.9989,145.3393,145.6965,146.0287,146.3052,146.5769,146.869,147.1774,147.5143,147.875,148.2119,148.5203,148.8123,149.0677,149.2627,149.421,149.5711,149.7376,149.9692,150.3014,150.7034,151.1327,151.5063,151.8229,152.1149,152.3703,152.5653,152.7236,152.8901,153.1135,153.3845,153.6161,153.8192,154.0298,154.2248,154.4361,154.72,155.0276,155.2592,155.4257,155.5758,155.7259,155.8761,156.0262,156.1845,156.3713,156.5736,156.7156

Position pixel : 20.8277,20.791,20.7306,20.6939,20.6857,20.6857,20.6857,20.6857,20.6857,20.6857,20.6939,20.7387,20.844,20.9941,21.1727,21.3384,21.4281,21.4811,21.5416,21.5782,21.5782,21.5416,21.473,21.3996,21.3228,21.2495,21.1809,21.1442,21.1361,21.1361,21.1279,21.0912,21.0308,20.9941,20.9859,20.9859,20.9859,20.9859,20.9859,20.9859,20.9859,20.9859,20.9859,20.9859,20.9859,20.9859,20.9859,20.9859,20.9859,20.9859,20.9859,20.9859,20.9859,20.9859,20.9859,20.9859,20.9859,20.9859,20.9859,20.9859,20.9859,20.9859,20.9859,20.9859,20.9859,20.9941,21.0308,21.0912,21.1279,21.1361,21.1361,21.1361,21.1361,21.1361,21.1361,21.1361,21.1361,21.1361,21.1361,21.1279,21.0912,21.0226,20.9493,20.8807,20.8358,20.791,20.7306,20.6939,20.6857,20.6857,20.6857,20.6857,20.6857,20.6857,20.6857,20.6857,20.6857,20.6857,20.6857,20.6857,20.6857,20.6775,20.6409,20.5804,20.5438,20.5356,20.5356,20.5356,20.5356,20.5356,20.5356,20.5356,20.5356,20.5356,20.5356,20.5356,20.5356,20.5356,20.5356,20.5356,20.5274,20.4908,20.4303,20.3937,20.3855,20.3855,20.3855,20.3855,20.3855,20.3855,20.3855,20.3855,20.3855,20.3855,20.3855,20.4182,20.5648,20.8066,20.9532,20.9859,20.9941,21.0308,21.0912,21.1279,21.1361,21.1361,21.1361,21.1361,21.1361,21.1361,21.1361,21.1361,21.1361,21.1361,21.1361,21.1361,21.1361,21.1361,21.1361,21.1361,21.1361,21.1361,21.1361,21.1361,21.1361,21.177,21.3603,21.6625,21.8458,21.8867,21.8948,21.9315,21.9919,22.0368,22.0816,22.1502,22.2236,22.2922,22.337,22.3819,22.4423,22.479,22.4953,22.532,22.5924,22.6291,22.6454,22.6821,22.7425,22.7792,22.8037,22.877,23.0061,23.1243,23.2377,23.3348,23.3797,23.3878,23.3878,23.3878,23.3878,23.3878,23.396,23.4327,23.4931,23.5298,23.538,23.538,23.5461,23.5828,23.6432,23.6881,23.7329,23.7934,23.83,23.8382,23.8382,23.8464,23.883,23.9435,23.9801,23.9965,24.0332,24.0936,24.1384,24.1833,24.2437,24.2886,24.3334,24.3938,24.4305,24.4387,24.4387,24.4387,24.4387,24.4387,24.4387,24.4468,24.4835,24.5439,24.5806,24.5888,24.5888,24.5888,24.597,24.6336,24.6941,24.7307,24.7471,24.7837,24.8442,24.8808,24.8972,24.9339,24.9943,25.031,25.0473,25.084,25.1444,25.1811,25.1893,25.1893,25.1974,25.2341,25.2945,25.3312,25.3476,25.3842,25.4447,25.4895,25.5343,25.5948,25.6314,25.6396,25.6396,25.6396

Pole type : Curve
Start frame : 1
End frame : 157
Start time (s) : 0.000
End time (s) : 1170.620
Time step (s) : 7.504

Feature Information :


Feature number : 1

Time (s) : 1058.9557,1059.0766,1059.7388,1061.2332,1062.9984,1064.3776,1065.2759,1065.9381,1066.7155,1067.493,1068.0948,1068.6619,1069.2637,1070.1016,1071.1497,1072.1978,1073.0357,1073.6979,1074.4753,1075.2528,1075.915,1076.7528,1077.8614,1079.2406,1080.7955,1082.1747,1083.3437,1084.4522,1085.5607,1086.6089,1087.3863

Position (um) : 2.1982,2.1862,2.1666,2.139,2.1062,2.0768,2.0589,2.0452,2.0303,2.0154,2.0035,1.995,1.9869,1.9792,1.9711,1.9626,1.9515,1.9413,1.9358,1.931,1.9238,1.9153,1.9034,1.8893,1.8774,1.868,1.8569,1.8467,1.842,1.8412,1.8412

Intensity : 398.6827,396.5672,392.8837,387.8986,384.7678,382.4816,381.1207,380.1427,379.3087,378.6242,378.2304,378.1139,378.1436,378.4513,379.0594,379.8573,380.6781,380.1044,379.359,378.6648,378.2334,377.486,376.3987,375.2753,374.1789,372.8899,371.8624,370.9137,369.9075,368.9075,368.1558

Time pixel : 141.1193,141.1354,141.2237,141.4228,141.6581,141.8419,141.9616,142.0498,142.1534,142.257,142.3372,142.4128,142.493,142.6046,142.7443,142.884,142.9956,143.0839,143.1875,143.2911,143.3794,143.491,143.6387,143.8225,144.0297,144.2135,144.3693,144.517,144.6648,144.8045,144.9081

Position pixel : 20.6012,20.4896,20.3058,20.0464,19.739,19.4643,19.2958,19.1681,19.0284,18.8887,18.7771,18.6969,18.6213,18.5492,18.4736,18.3934,18.2898,18.1942,18.142,18.0979,18.0304,17.9502,17.8385,17.7069,17.5953,17.507,17.4034,17.3079,17.2637,17.2557,17.2557

Brightness max : 406.65
Brightness min : 231.00
Feature direction : Antipoleward
Feature speed : Slow
Feature type : Curve
Start frame : 1
End frame : 157
Start time (s) : 0.000
End time (s) : 1170.620
Time step (s) : 7.504

Feature number : 2

Time (s) : 1126.5768,1127.0677,1128.2082,1129.5426,1130.708,1131.7766,1132.8096,1134.0299,1135.3733,1136.2226,1136.8848,1137.7226,1138.7103,1139.5482,1140.15,1140.7171,1141.3189,1142.0964,1142.8738,1143.536,1144.3739,1145.3616,1146.1994,1146.8616,1147.6391,1148.4165,1149.0183,1149.5251

Position (um) : 1.5417,1.5539,1.5733,1.5955,1.6122,1.6224,1.6303,1.6357,1.6418,1.652,1.6631,1.6725,1.6844,1.6985,1.7104,1.7189,1.7261,1.7308,1.7356,1.7419,1.7457,1.7475,1.7513,1.7577,1.7624,1.7671,1.7734,1.7773

Intensity : 334.0132,334.211,334.4509,334.7824,334.1999,333.5312,332.9592,332.5987,332.2655,331.853,331.4453,331.1005,330.6945,330.2573,329.7044,328.8002,327.6092,326.5242,325.4667,324.3942,323.4152,322.5061,321.5709,320.6166,319.7212,318.6708,317.501,316.633

Time pixel : 150.1307,150.1961,150.3481,150.5259,150.6812,150.8236,150.9613,151.1239,151.3029,151.4161,151.5044,151.616,151.7476,151.8593,151.9395,152.0151,152.0953,152.1989,152.3025,152.3907,152.5024,152.634,152.7456,152.8339,152.9375,153.0411,153.1213,153.1888

Position pixel : 14.4489,14.563,14.7453,14.953,15.1094,15.2054,15.2796,15.3296,15.3872,15.483,15.5866,15.6748,15.7865,15.9181,16.0297,16.1099,16.1775,16.2216,16.2657,16.3252,16.3613,16.3774,16.4134,16.4729,16.517,16.5612,16.6206,16.6567

Brightness max : 406.65
Brightness min : 231.00
Feature direction : Ambiguous
Feature speed : Slow
Feature type : Curve
Start frame : 1
End frame : 157
Start time (s) : 0.000
End time (s) : 1170.620
Time step (s) : 7.504

Feature number : 3

Time (s) : 1100.6547,1101.1103,1101.9472,1103.1301,1104.3,1105.1499,1105.6537,1106.1093,1106.6102,1107.0352,1107.3404,1107.6281,1107.9333,1108.3276,1108.7219,1109.0272,1109.2842,1109.4215,1109.4828,1109.6201,1109.8771,1110.1823,1110.5766,1110.9403,1111.1389,1111.3068,1111.5638,1111.8384,1112.1261,1112.4313,1112.8563,1113.3572,1113.7822,1114.0874,1114.3444,1114.5124,1114.7109,1115.1053,1115.6369,1116.1991,1116.7614,1117.3236,1117.8859,1118.4481,1119.0104,1119.5726,1120.1349,1120.6971,1121.2594,1121.8216,1122.3839,1122.9461,1123.5084,1124.04,1124.4649,1124.7702,1125.0578,1125.3324,1125.62,1125.9253,1126.3502,1126.8512,1127.2762,1127.612,1128.037,1128.5686,1129.1308,1129.6931,1130.2553,1130.8482,1131.5478,1132.367,1133.2039,1134.0538,1134.8906,1135.7405,1136.5467,1137.2287,1137.7325,1138.3254,1139.0527,1139.615,1139.9815,1140.3758,1140.7701,1141.0754,1141.363,1141.6683,1142.0626,1142.4569,1142.7621,1143.0498,1143.3244,1143.612,1143.9173,1144.3422,1144.8738,1145.4361,1145.9983,1146.5606,1147.1228,1147.6851,1148.2473,1148.8096,1149.3718,1149.9341,1150.4657,1150.8906,1151.2265,1151.6208,1152.0457,1152.4883,1153.0023,1153.4142,1153.7325,1154.0071,1154.2947,1154.5693,1154.857,1155.1622,1155.5872,1156.1188,1156.681,1157.3046,1158.1721,1159.355,1160.5555,1161.5427,1162.2729,1162.8658,1163.4587,1164.1582,1164.9468,1165.677,1166.4072,1167.1958,1167.8954,1168.4883,1169.0505,1169.6128,1170.175,1170.7373,1171.2995,1171.8311,1172.2561,1172.5613,1172.849,1173.1542,1173.5485,1173.9428,1174.2481,1174.5051,1174.6424

Position (um) : 2.3335,2.3326,2.3278,2.3171,2.3043,2.2939,2.2859,2.2799,2.2751,2.2695,2.2639,2.2591,2.2531,2.2455,2.238,2.2319,2.2272,2.2211,2.214,2.2079,2.2027,2.1947,2.184,2.174,2.166,2.16,2.1556,2.1516,2.1472,2.1412,2.1336,2.1256,2.1181,2.112,2.1072,2.1016,2.096,2.0912,2.0856,2.0805,2.0781,2.0776,2.0776,2.0776,2.0776,2.0776,2.0776,2.0776,2.0781,2.08,2.0837,2.088,2.0941,2.1016,2.1092,2.1152,2.1196,2.1237,2.128,2.134,2.1416,2.1496,2.1576,2.1652,2.1712,2.176,2.182,2.1896,2.198,2.2084,2.222,2.2375,2.2531,2.2667,2.2771,2.2855,2.2935,2.3015,2.3099,2.3199,2.3311,2.3406,2.3466,2.3495,2.3519,2.3555,2.3598,2.3655,2.3711,2.3754,2.3795,2.3834,2.3875,2.3914,2.3955,2.3994,2.403,2.405,2.4054,2.4054,2.4054,2.4054,2.4054,2.4054,2.4054,2.4054,2.405,2.403,2.3994,2.395,2.389,2.3814,2.3734,2.3655,2.3575,2.3495,2.3419,2.3359,2.3315,2.3274,2.3231,2.3175,2.3119,2.3071,2.3006,2.2911,2.2803,2.2728,2.27,2.2695,2.2695,2.2695,2.2695,2.2695,2.2695,2.2695,2.2695,2.2695,2.2695,2.2695,2.27,2.2719,2.2751,2.2775,2.2799,2.2836,2.2875,2.2911,2.2935,2.2959,2.2995,2.3034,2.3071

Intensity : 370.4614,369.8708,367.9845,364.3446,361.8808,359.9877,358.514,357.511,356.8789,356.0355,355.1146,354.3824,353.4265,352.2904,351.4935,351.2581,351.0839,350.6386,349.9944,349.5416,349.3008,348.8219,348.1387,347.0845,346.2206,345.5568,345.05,344.5583,344.0281,343.2972,342.3716,341.724,341.0835,340.5566,340.1169,339.644,339.1438,338.5867,337.8636,337.1204,336.5787,336.1937,335.846,335.6459,335.5314,335.4169,335.3024,335.1879,335.116,335.1939,335.4431,335.766,336.2659,336.9332,337.6279,338.1945,338.594,338.9727,339.319,339.1285,338.9591,338.6037,338.4199,338.4008,337.9212,336.9613,336.031,335.2347,334.49,333.8101,333.0658,332.0369,332.3705,332.8694,332.7547,332.2131,331.7318,331.6282,332.1424,332.7807,333.376,334.0596,334.4829,334.5322,334.8088,336.1059,337.7485,339.9657,342.1105,343.6986,345.2809,346.8098,348.4516,350.0085,351.6508,353.1164,354.3928,354.851,354.5895,354.1189,353.6483,353.1777,353.0867,354.1488,355.2109,356.273,357.0557,356.8607,355.619,354.1199,351.7804,348.6599,345.4027,341.932,338.2739,334.5201,332.3271,331.008,330.1658,329.3935,328.6772,327.1909,325.7268,324.5664,323.061,320.934,318.6163,317.1742,316.8824,317.1373,317.201,317.0146,316.8044,316.6098,316.4152,316.205,316.0185,315.8605,315.7106,315.5608,315.5212,315.8692,316.5358,316.9813,317.439,318.2209,319.0514,319.7998,320.2026,320.5914,321.2906,322.0516,322.8016

Time pixel : 146.6762,146.7369,146.8485,147.0061,147.162,147.2753,147.3424,147.4031,147.4699,147.5265,147.5672,147.6055,147.6462,147.6987,147.7513,147.792,147.8262,147.8445,147.8527,147.871,147.9052,147.9459,147.9985,148.0469,148.0734,148.0958,148.13,148.1666,148.2049,148.2456,148.3022,148.369,148.4256,148.4663,148.5006,148.5229,148.5494,148.602,148.6728,148.7477,148.8227,148.8976,148.9725,149.0474,149.1224,149.1973,149.2722,149.3471,149.4221,149.497,149.5719,149.6468,149.7218,149.7926,149.8492,149.8899,149.9283,149.9649,150.0032,150.0439,150.1005,150.1673,150.2239,150.2686,150.3253,150.3961,150.471,150.546,150.6209,150.6999,150.7931,150.9023,151.0138,151.1271,151.2386,151.3519,151.4593,151.5502,151.6173,151.6963,151.7933,151.8682,151.917,151.9696,152.0221,152.0628,152.1011,152.1418,152.1944,152.2469,152.2876,152.3259,152.3625,152.4008,152.4415,152.4981,152.569,152.6439,152.7188,152.7938,152.8687,152.9436,153.0186,153.0935,153.1684,153.2433,153.3142,153.3708,153.4156,153.4681,153.5247,153.5837,153.6522,153.7071,153.7495,153.7861,153.8245,153.861,153.8994,153.9401,153.9967,154.0675,154.1425,154.2255,154.3412,154.4988,154.6588,154.7903,154.8876,154.9667,155.0457,155.1389,155.244,155.3413,155.4386,155.5437,155.6369,155.7159,155.7908,155.8658,155.9407,156.0156,156.0906,156.1614,156.218,156.2587,156.297,156.3377,156.3903,156.4428,156.4835,156.5177,156.536

Position pixel : 21.8695,21.8613,21.8166,21.7156,21.5963,21.4989,21.424,21.3674,21.3226,21.2701,21.2175,21.1728,21.1162,21.0453,20.9745,20.9178,20.8731,20.8164,20.7497,20.6931,20.6442,20.5693,20.4683,20.375,20.3001,20.2435,20.2028,20.1645,20.1238,20.0672,19.9963,19.9214,19.8506,19.7939,19.7492,19.6966,19.6441,19.5993,19.5468,19.4983,19.4759,19.4718,19.4718,19.4718,19.4718,19.4718,19.4718,19.4718,19.4759,19.4942,19.5285,19.5691,19.6258,19.6966,19.7675,19.8241,19.8648,19.9031,19.9438,20.0004,20.0713,20.1462,20.2211,20.292,20.3486,20.3933,20.45,20.5208,20.5998,20.6971,20.8246,20.9704,21.1162,21.2436,21.3409,21.4199,21.4949,21.5698,21.6488,21.742,21.8471,21.9363,21.9929,22.0194,22.0417,22.076,22.1167,22.1692,22.2218,22.2624,22.3008,22.3374,22.3757,22.4123,22.4506,22.4872,22.5215,22.5398,22.5438,22.5438,22.5438,22.5438,22.5438,22.5438,22.5438,22.5438,22.5398,22.5215,22.4872,22.4465,22.3899,22.3191,22.2441,22.1692,22.0943,22.0194,21.9485,21.8919,21.8512,21.8129,21.7722,21.7196,21.6671,21.6223,21.5616,21.4725,21.3715,21.3006,21.2742,21.2701,21.2701,21.2701,21.2701,21.2701,21.2701,21.2701,21.2701,21.2701,21.2701,21.2701,21.2742,21.2925,21.3226,21.345,21.3674,21.4016,21.4382,21.4725,21.4949,21.5172,21.5515,21.5881,21.6223

Brightness max : 406.65
Brightness min : 231.00
Feature direction : Ambiguous
Feature speed : Slow
Feature type : Curve
Start frame : 1
End frame : 157
Start time (s) : 0.000
End time (s) : 1170.620
Time step (s) : 7.504

