KYMOANALYSIS DATA

General Information :

Tiff path : E:\Google Drive\microtubule dynamics and cut7\20-15 screens and tests\wild type\19-03-28&04-04 (cut7-3GFP and pkl1-mCh__int_mono_bipole_25 deg)\
Spindle type : Bipolar
Start frame : 1
End frame : 120
Start time (s) : 0.000
End time (s) : 1142.450
Time step (s) : 9.600
Num poles : 2
Num tracks : 4
Num tracks poleward : 1
Num tracks antipoleward : 0
Num tracks ambiguous : 2
Comments : {

}
Poles Information :


Pole number : 1

Time (s) : 15.60963,15.93277,16.75044,18.03755,19.555,20.90106,22.04187,23.12374,24.2056,25.28747,26.36934,27.4512,28.53307,29.67388,31.01994,32.53739,33.94239,35.3474,36.86485,38.15196,39.02858,39.67486,40.49254,41.51545,42.65627,44.00233,45.51977,46.80688,47.6835,48.32979,49.14746,50.17038,51.25224,52.33411,53.41597,54.43889,55.25656,55.90285,56.72052,57.74344,58.8253,59.90717,60.98903,62.0709,63.15276,64.23463,65.31649,66.39836,67.53918,68.88523,70.40268,71.74874,72.88955,73.97142,75.05328,76.13515,77.21702,78.29888,79.4397,80.8447,82.68529,84.73113,86.57171,87.97672,89.11754,90.1994,91.28127,92.42208,93.82709,95.66768,97.71351,99.5541,101.0181,102.4231,103.9995,105.6097,107.1861,108.5322,109.7319,111.1369,112.9186,114.7592,116.4873,118.3869,120.4327,122.3322,124.0604,125.9599,128.0647,130.1695,132.0101,133.474,134.938,136.7196,138.6192,140.5526,142.6235,144.5569,146.5154,148.5612,150.4607,152.1889,154.2063,156.8984,160.2565,163.7663,167.335,171.0162,174.467,177.5074,180.2584,182.8577,185.0215,186.8675,189.0902,191.8948,194.8172,197.5093,199.9624,202.1599,204.4077,206.9284,210.0223,213.2089,216.401,220.0822,224.0276,227.9784,232.3059,237.1279,242.189,247.0644,250.8384,253.5021,255.7838,258.2707,261.1342,264.0566,266.7487,269.2017,271.5762,274.5576,278.0619,281.1896,283.5302,285.5815,287.9166,290.2856,292.5083,294.613,296.5715,298.6228,301.2221,304.1446,307.2777,310.9589,314.9043,318.6783,322.2132,325.4926,328.7043,331.6607,334.4958,337.57,341.1922,344.8734,348.2707,351.8646,355.9027,360.4605,365.2574,370.0794,374.6121,378.6165,381.8621,384.3489,386.2485,387.7124,389.1764,390.958,392.8576,395.1318,398.653,402.4204,406.2791,410.1794,414.2592,418.2889,421.9515,425.4191,429.0443,432.971,437.2681,442.1278,447.0624,451.7305,456.5548,461.5795,466.7101,471.9567,477.7816,484.4788,491.5214,497.9237,504.0776,511.7692,520.6508,528.5242,535.5699,544.3258,554.8285,564.2235,570.6579,575.4725,580.6423,587.0987,593.7971,599.9702,605.3255,610.7313,616.0479,620.577,624.8044,629.7626,635.9061,643.1025,649.3944,653.9155,657.5887,661.1557,664.2459,666.9014,669.5531,672.2775,674.7836,677.1771,679.6234,682.0383,684.5547,687.0845,689.2731,690.8289,691.7166

Position (um) : 3.1039,3.1081,3.1081,3.1039,3.101,3.0997,3.0967,3.0919,3.0883,3.0847,3.0799,3.0769,3.0756,3.0727,3.0678,3.0649,3.0642,3.0636,3.0606,3.0552,3.0493,3.0438,3.0408,3.0402,3.0395,3.0366,3.0318,3.0282,3.0246,3.0197,3.0168,3.0161,3.0161,3.0161,3.0161,3.0155,3.0126,3.0077,3.0048,3.0041,3.0041,3.0041,3.0041,3.0041,3.0041,3.0041,3.0041,3.0041,3.0041,3.0041,3.0041,3.0041,3.0041,3.0041,3.0041,3.0041,3.0041,3.0041,3.0041,3.0041,3.0041,3.0041,3.0041,3.0048,3.0077,3.0126,3.0155,3.0161,3.0161,3.0161,3.0161,3.0161,3.0161,3.0161,3.0161,3.0161,3.0161,3.0161,3.0161,3.0161,3.0161,3.0161,3.0161,3.0161,3.0161,3.0161,3.0155,3.0119,3.0041,2.9957,2.9892,2.983,2.9765,2.9674,2.956,2.944,2.932,2.92,2.9079,2.8959,2.8845,2.8748,2.8647,2.8501,2.8328,2.8153,2.7997,2.7841,2.7672,2.7523,2.7396,2.7282,2.7191,2.712,2.7022,2.6879,2.671,2.6561,2.6434,2.6314,2.6194,2.6067,2.5917,2.5742,2.5563,2.5381,2.5202,2.5027,2.4877,2.4744,2.4601,2.4468,2.4396,2.4354,2.4299,2.424,2.4185,2.4143,2.4078,2.3981,2.3916,2.3873,2.3825,2.3795,2.3782,2.3753,2.3698,2.3639,2.3584,2.3548,2.3506,2.3428,2.3344,2.3272,2.3181,2.3067,2.2954,2.2863,2.2791,2.2707,2.2622,2.2557,2.2495,2.243,2.2346,2.2268,2.2226,2.2183,2.2099,2.1985,2.1865,2.1745,2.1631,2.154,2.1475,2.142,2.1384,2.1348,2.1293,2.1234,2.1173,2.1113,2.1047,2.0976,2.0881,2.0762,2.0637,2.0518,2.0429,2.0381,2.0333,2.0244,2.0125,2.0006,1.9916,1.9868,1.982,1.9737,1.9647,1.9576,1.9508,1.9437,1.9346,1.9256,1.9177,1.9073,1.893,1.8784,1.8676,1.8565,1.8421,1.8281,1.8208,1.8181,1.8144,1.8087,1.805,1.8036,1.8028,1.8019,1.8011,1.7997,1.7959,1.7903,1.7866,1.7852,1.7844,1.7837,1.783,1.7823,1.7817,1.7811,1.7805,1.7794,1.776,1.7707,1.7674,1.7664,1.7661,1.7659,1.7658,1.7657,1.7657

Intensity : 1152.9407,1154.4329,1160.5542,1171.1265,1185.084,1202.8257,1218.366,1230.9562,1241.8256,1252.6115,1262.1754,1273.3845,1286.0444,1292.3501,1296.5757,1303.7567,1312.3161,1320.8918,1328.241,1331.9661,1328.0961,1322.9531,1319.89,1318.6064,1317.2514,1313.9449,1309.1105,1305.5192,1302.2519,1296.6913,1290.2854,1284.5677,1279.0287,1273.4897,1267.9507,1262.3108,1256.3857,1250.3127,1244.6268,1239.9224,1239.4797,1239.0369,1238.5942,1238.1514,1237.7087,1237.2659,1236.8232,1236.3804,1235.5624,1233.6059,1231.4002,1229.4437,1227.7854,1226.2129,1224.6404,1223.0679,1221.9596,1221.6012,1221.2232,1220.7578,1220.148,1219.4703,1217.2175,1202.9295,1190.9167,1178.9387,1167.0476,1154.9203,1140.1643,1120.8336,1111.0053,1104.2279,1098.8374,1093.6639,1087.8593,1081.9144,1071.2508,1062.1453,1054.0294,1044.5251,1032.4731,1020.0223,1010.4147,1000.6502,990.13376,980.3693,972.03508,962.42784,953.09939,944.57745,936.5605,928.39028,919.11293,907.34241,896.22025,886.01457,875.71552,867.79151,860.95567,853.62697,847.0183,836.54335,822.47802,804.11385,782.21657,763.04346,760.30987,761.35809,761.14952,757.62303,757.07126,759.73008,768.0137,776.40264,788.52543,807.66856,813.06141,810.96278,809.55295,810.63051,813.79682,819.63839,829.98277,843.32462,854.75194,857.2678,847.96104,840.46868,845.66314,866.70906,892.12218,909.85232,920.93802,928.84133,935.56876,943.67938,943.46324,938.76575,934.88403,932.77206,934.75417,937.83568,942.4818,940.81597,938.80455,937.92327,938.18132,934.39019,931.23125,927.73186,925.41622,915.69738,893.86943,871.13545,847.85376,840.91706,836.52685,843.39564,858.84202,873.96431,893.24615,912.85967,932.26831,949.29334,957.07493,962.80123,957.21485,948.4417,935.56236,910.04127,886.53492,862.14199,844.95974,845.48285,846.59985,847.71305,845.9149,845.052,840.55261,834.72598,828.83309,822.31117,813.60173,805.01799,789.4217,773.76805,759.95674,747.72696,737.87203,738.98488,742.88258,746.21139,740.61636,739.33721,749.80403,760.63424,768.9892,781.8967,794.28315,811.8181,847.27948,879.54018,920.62175,984.71451,1047.4857,1113.6981,1158.9544,1138.0907,1076.1452,1016.6941,1003.8164,1034.3866,1035.0329,1025.1782,1011.2765,992.90056,989.95094,1001.6027,1018.153,1061.8531,1104.7222,1140.7849,1174.6228,1216.1406,1258.3694,1288.7368,1311.4423,1326.6902,1336.6777,1346.3413,1339.0692,1323.4161,1307.8114,1291.5215,1275.2982,1259.4918,1244.2069,1230.8063,1222.1289,1213.4154,1205.8822,1200.5301,1201.8051

Time pixel : 1.62593,1.65959,1.74476,1.87883,2.03689,2.1771,2.29593,2.40862,2.52131,2.634,2.74669,2.85938,2.97206,3.09089,3.2311,3.38916,3.53551,3.68186,3.83992,3.97399,4.0653,4.13262,4.21779,4.32434,4.44317,4.58338,4.74144,4.8755,4.96681,5.03413,5.1193,5.22585,5.33854,5.45123,5.56392,5.67047,5.75564,5.82296,5.90813,6.01468,6.12737,6.24006,6.35275,6.46544,6.57813,6.69081,6.8035,6.91619,7.03502,7.17523,7.33329,7.4735,7.59233,7.70502,7.81771,7.9304,8.04309,8.15578,8.27461,8.42095,8.61267,8.82577,9.01749,9.16384,9.28267,9.39536,9.50805,9.62688,9.77323,9.96495,10.178,10.3698,10.5223,10.6686,10.8328,11.0005,11.1647,11.3049,11.4299,11.5763,11.7618,11.9536,12.1336,12.3314,12.5445,12.7424,12.9224,13.1203,13.3395,13.5587,13.7504,13.9029,14.0554,14.241,14.4389,14.6403,14.856,15.0573,15.2613,15.4744,15.6723,15.8523,16.0625,16.3429,16.6927,17.0582,17.43,17.8134,18.1729,18.4895,18.7761,19.0468,19.2722,19.4645,19.696,19.9882,20.2926,20.573,20.8285,21.0574,21.2915,21.5541,21.8764,22.2083,22.5408,22.9242,23.3352,23.7467,24.1975,24.6997,25.2269,25.7348,26.1279,26.4053,26.643,26.902,27.2003,27.5047,27.7851,28.0406,28.2879,28.5985,28.9635,29.2893,29.5331,29.7468,29.99,30.2368,30.4683,30.6875,30.8915,31.1052,31.3759,31.6803,32.0067,32.3901,32.8011,33.1942,33.5624,33.904,34.2385,34.5465,34.8418,35.162,35.5393,35.9227,36.2766,36.651,37.0716,37.5463,38.046,38.5483,39.0204,39.4375,39.7756,40.0346,40.2325,40.3849,40.5374,40.723,40.9209,41.1578,41.5245,41.917,42.3189,42.7251,43.1501,43.5699,43.9514,44.3126,44.6902,45.0992,45.5468,46.053,46.567,47.0532,47.5557,48.0791,48.6135,49.16,49.7667,50.4643,51.1979,51.8648,52.5058,53.307,54.2321,55.0522,55.7861,56.6981,57.7921,58.7707,59.4409,59.9424,60.4809,61.1534,61.8512,62.4942,63.052,63.6151,64.1688,64.6406,65.0809,65.5974,66.2373,66.9869,67.6423,68.1132,68.4958,68.8674,69.1893,69.4659,69.7421,70.0258,70.2869,70.5362,70.791,71.0425,71.3047,71.5682,71.7961,71.9582,72.0507

Position pixel : 29.09,29.1292,29.1292,29.09,29.0625,29.0502,29.0227,28.9773,28.9437,28.91,28.8646,28.8371,28.8248,28.7973,28.7519,28.7244,28.7183,28.7121,28.6846,28.6331,28.5781,28.5266,28.499,28.4929,28.4868,28.4592,28.4139,28.3802,28.3465,28.3012,28.2737,28.2675,28.2675,28.2675,28.2675,28.2614,28.2339,28.1885,28.161,28.1548,28.1548,28.1548,28.1548,28.1548,28.1548,28.1548,28.1548,28.1548,28.1548,28.1548,28.1548,28.1548,28.1548,28.1548,28.1548,28.1548,28.1548,28.1548,28.1548,28.1548,28.1548,28.1548,28.1548,28.161,28.1885,28.2339,28.2614,28.2675,28.2675,28.2675,28.2675,28.2675,28.2675,28.2675,28.2675,28.2675,28.2675,28.2675,28.2675,28.2675,28.2675,28.2675,28.2675,28.2675,28.2675,28.2675,28.2614,28.2277,28.1548,28.0758,28.0146,27.957,27.8958,27.8106,27.7041,27.5914,27.4787,27.366,27.2533,27.1406,27.0341,26.9428,26.8479,26.7112,26.5497,26.3855,26.2391,26.0928,25.9347,25.7945,25.6757,25.5691,25.4839,25.4166,25.3253,25.1912,25.0332,24.893,24.7741,24.6615,24.5488,24.4299,24.2897,24.1255,23.9578,23.7875,23.6197,23.4555,23.3153,23.1904,23.0563,22.9319,22.8646,22.8248,22.7733,22.7182,22.6667,22.6269,22.5657,22.475,22.4138,22.374,22.3286,22.3011,22.2888,22.2613,22.2098,22.1548,22.1033,22.0696,22.0298,21.9569,21.8779,21.8106,21.7254,21.6188,21.5123,21.4271,21.3598,21.2808,21.2017,21.1406,21.0829,21.0217,20.9427,20.8698,20.83,20.7902,20.7112,20.6046,20.492,20.3793,20.2727,20.1875,20.1264,20.0749,20.0412,20.0075,19.956,19.901,19.8433,19.7872,19.725,19.6592,19.5694,19.4582,19.3409,19.2296,19.1458,19.1012,19.0566,18.9727,18.8612,18.7496,18.6655,18.6206,18.5756,18.4974,18.413,18.3464,18.2831,18.2163,18.1315,18.0465,17.9732,17.8757,17.7415,17.6045,17.5032,17.399,17.2643,17.133,17.0647,17.0392,17.0044,16.9517,16.9167,16.9031,16.8955,16.888,16.8804,16.8668,16.8317,16.779,16.7442,16.7308,16.7239,16.7171,16.7105,16.7042,16.6983,16.6926,16.6873,16.6763,16.6444,16.595,16.564,16.5548,16.5523,16.5504,16.549,16.5481,16.5478

Pole type : Curve
Start frame : 1
End frame : 120
Start time (s) : 0.000
End time (s) : 1142.450
Time step (s) : 9.600

Pole number : 2

Time (s) : 19.29627,20.64233,22.8006,24.84643,26.31039,27.4512,28.53307,29.61493,30.75575,32.10181,33.61925,34.96531,36.10613,37.18799,38.32881,39.67486,41.25126,42.92046,44.76105,46.60164,48.32979,50.22933,52.33411,54.49784,56.60262,58.50216,60.23031,62.12985,64.17568,66.07522,67.74442,69.43871,71.31316,73.38408,75.31748,77.21702,79.0576,80.72681,82.36215,84.03135,85.93089,87.97672,89.87626,91.54546,93.12186,94.46791,95.60873,96.6906,97.77246,98.85433,99.93619,101.0181,102.0999,103.1818,104.3226,105.7276,107.5682,109.673,111.8367,114.0004,116.2231,118.71,121.6325,124.8191,128.0647,131.4282,135.2022,139.201,142.3877,144.4979,146.1922,147.8614,149.702,151.4836,152.8887,154.0295,155.1113,156.1932,157.2751,158.3569,159.4388,160.5796,161.9257,163.5021,165.1123,166.7477,168.4758,170.5806,172.9157,175.1722,177.5074,179.5532,181.0761,182.4811,183.9396,185.0215,185.7857,186.9265,188.7081,190.9308,193.6229,196.7757,200.0552,203.59,207.364,211.3683,215.4316,219.5287,223.8223,228.1247,232.4183,236.5154,240.5198,244.2009,247.2162,249.7282,251.9847,254.4377,257.1298,260.0523,262.9747,265.8437,269.1483,273.0347,277.039,280.9309,284.9941,289.2627,293.5312,297.5355,301.1632,304.7319,308.3541,311.5408,314.1456,316.5735,318.8497,320.5778,322.1007,323.9413,325.9871,328.0046,330.379,333.6781,337.3003,340.7566,344.5557,348.7063,352.8285,357.0436,361.9245,367.3622,372.7966,378.1863,384.4384,391.5454,398.9667,406.1041,413.1237,420.0166,426.3703,432.6224,438.8243,445.0513,450.9835,455.8055,459.4387,463.1253,467.6242,472.7442,478.3249,483.9985,489.7309,495.4579,500.5441,504.7591,508.7351,513.0374,517.7077,522.01,525.8681,529.3779,533.0361,538.1027,545.0185,551.7095,557.1887,563.039,569.9604,576.9799,583.7943,590.6337,597.6871,605.0746,612.0691,618.7622,625.4925,632.2675,638.1463,642.9148,646.9191,650.2237,653.0337,655.7509,658.443,661.1013,663.5292,665.6929,667.5925,669.3206,671.1612,672.9428,674.3478,675.4887,676.5705,677.7703,679.3805,681.3925,683.267,684.9023,686.2484,687.3302,688.0889

Position (um) : 3.1725,3.1725,3.1725,3.1725,3.1725,3.1725,3.1725,3.1725,3.1725,3.1725,3.1725,3.1725,3.1725,3.1725,3.1718,3.1689,3.164,3.1611,3.1604,3.1598,3.1568,3.1513,3.1455,3.14,3.1364,3.1321,3.1244,3.1166,3.113,3.1123,3.1117,3.1087,3.1039,3.101,3.1003,3.0997,3.0967,3.0919,3.0889,3.0883,3.0883,3.0883,3.0883,3.0883,3.0883,3.0883,3.0883,3.0883,3.0883,3.0883,3.0883,3.0883,3.0883,3.0883,3.0889,3.0925,3.101,3.113,3.128,3.1448,3.1604,3.1754,3.1893,3.1994,3.2092,3.2206,3.2326,3.2439,3.253,3.2602,3.2693,3.2807,3.2927,3.3041,3.3132,3.3203,3.3294,3.3401,3.3492,3.3564,3.3655,3.3769,3.3889,3.4009,3.4136,3.4286,3.4461,3.464,3.4815,3.4971,3.5127,3.5296,3.5445,3.5566,3.5657,3.5728,3.5819,3.5939,3.6089,3.6264,3.645,3.6661,3.6888,3.7099,3.7298,3.7539,3.7821,3.8097,3.8374,3.8663,3.8932,3.9179,3.9413,3.9618,3.9774,3.9907,4.005,4.019,4.0291,4.0388,4.0502,4.0622,4.0743,4.0863,4.099,4.1139,4.1308,4.1457,4.1578,4.1669,4.174,4.1831,4.1945,4.2059,4.2143,4.2185,4.2221,4.2276,4.2335,4.239,4.2426,4.2468,4.2546,4.263,4.2709,4.2823,4.2962,4.3092,4.3238,4.3381,4.3508,4.3628,4.3749,4.3869,4.4002,4.4175,4.4369,4.4529,4.4681,4.4831,4.498,4.5126,4.5257,4.5403,4.5539,4.5636,4.5708,4.5793,4.5877,4.5949,4.6033,4.6117,4.6189,4.6274,4.6351,4.6387,4.64,4.643,4.6478,4.6507,4.6514,4.6514,4.6514,4.6514,4.6514,4.6514,4.6514,4.6514,4.6514,4.6521,4.655,4.6598,4.6634,4.667,4.6719,4.6755,4.679,4.6845,4.6904,4.6966,4.7024,4.7086,4.7145,4.7206,4.7265,4.7326,4.7385,4.744,4.7469,4.7482,4.7512,4.756,4.759,4.7596,4.7596,4.7596,4.7603,4.7632,4.7681,4.771,4.7716,4.7716,4.7716

Intensity : 1165.5756,1181.8692,1207.9944,1232.7586,1250.4794,1264.2886,1277.3843,1284.4122,1289.7141,1295.9699,1303.0223,1309.2781,1314.58,1319.608,1325.2589,1325.205,1325.4157,1324.4952,1322.0808,1319.6758,1316.7731,1305.7123,1293.5837,1281.0453,1267.9281,1262.6909,1266.4067,1269.9168,1270.4653,1269.1851,1266.138,1260.4711,1255.5299,1248.5849,1240.6396,1233.5297,1230.8642,1228.1711,1223.7264,1219.4435,1214.6002,1193.219,1168.8544,1147.4442,1127.2244,1109.9591,1095.3263,1086.7595,1081.2521,1075.7446,1070.2371,1064.7296,1059.2221,1053.7147,1047.5551,1038.0599,1017.0906,991.30232,964.08154,937.10682,911.59725,884.07973,854.16944,825.01782,797.40877,770.00552,739.7687,708.94072,685.39269,673.70406,673.75986,674.59593,676.07621,678.07407,683.35274,690.27031,700.08734,711.50165,721.75986,730.56109,741.21948,754.29401,768.80826,782.84738,790.89775,805.91514,823.68923,840.21495,854.61609,862.61342,869.04287,876.6607,884.16583,889.508,898.31397,906.03317,916.54139,931.3937,951.88671,978.8752,1004.2531,1037.8436,1080.7854,1126.3391,1173.7865,1208.6202,1214.6207,1229.478,1230.6241,1182.6847,1145.1099,1123.0604,1106.337,1054.3726,1009.297,974.2271,938.76731,905.45233,878.81267,852.00294,821.45301,788.00182,754.9591,749.80885,747.77372,747.78614,751.29927,759.54709,769.07215,779.48307,770.36962,760.78648,746.71874,726.58594,712.45787,702.39737,699.10359,695.96183,692.88749,690.0467,688.09821,689.02262,690.85261,695.57707,702.03552,705.35677,709.82805,725.54291,746.0551,766.494,790.69205,824.16563,861.60763,873.53232,883.31264,890.65827,898.21855,905.16605,912.53255,904.33454,905.32672,919.80994,926.97293,931.9283,936.0017,944.39745,953.76199,969.31699,990.79215,1016.5476,1057.5883,1051.0957,1025.1014,999.62199,971.57919,936.10583,903.89472,904.1285,904.15477,881.31454,857.72804,843.26962,839.29133,833.03887,814.79837,810.58894,812.70364,817.22845,825.19103,830.10274,799.58973,770.51673,732.57412,680.00586,674.9844,663.60498,650.36268,643.81258,657.65894,673.22256,674.24691,674.25793,673.9135,671.36525,668.72707,665.973,650.58784,623.1829,599.3123,577.71117,554.62863,536.09691,524.50985,515.1995,506.39393,496.62876,483.5233,467.20723,447.87242,430.46464,416.10139,404.544,396.43869

Time pixel : 2.00994,2.15015,2.37496,2.58806,2.74055,2.85938,2.97206,3.08475,3.20358,3.34379,3.50185,3.64206,3.76089,3.87358,3.99241,4.13262,4.29682,4.47069,4.66241,4.85412,5.03413,5.23199,5.45123,5.67661,5.89585,6.09371,6.27372,6.47158,6.68467,6.88253,7.0564,7.23288,7.42813,7.64384,7.84523,8.04309,8.23481,8.40867,8.57902,8.75288,8.95074,9.16384,9.3617,9.53557,9.69977,9.83998,9.95881,10.0715,10.1842,10.2969,10.4096,10.5223,10.6349,10.7476,10.8665,11.0128,11.2045,11.4238,11.6491,11.8745,12.106,12.3651,12.6695,13.0014,13.3395,13.6898,14.0829,14.4995,14.8314,15.0512,15.2277,15.4016,15.5933,15.7789,15.9252,16.044,16.1567,16.2694,16.3821,16.4948,16.6075,16.7263,16.8665,17.0307,17.1984,17.3688,17.5488,17.768,18.0113,18.2463,18.4895,18.7026,18.8613,19.0076,19.1595,19.2722,19.3518,19.4707,19.6562,19.8878,20.1682,20.4966,20.8382,21.2064,21.5995,22.0166,22.4398,22.8666,23.3138,23.762,24.2092,24.6359,25.053,25.4365,25.7506,26.0122,26.2473,26.5028,26.7832,27.0876,27.392,27.6908,28.035,28.4399,28.857,29.2624,29.6856,30.1302,30.5748,30.9919,31.3698,31.7415,32.1188,32.4507,32.7221,32.975,33.2121,33.3921,33.5507,33.7424,33.9555,34.1656,34.413,34.7566,35.1339,35.4939,35.8896,36.322,36.7514,37.1904,37.6988,38.2652,38.8313,39.3927,40.0439,40.7842,41.5572,42.3007,43.0318,43.7498,44.4116,45.0629,45.7089,46.3575,46.9754,47.4777,47.8561,48.2401,48.7087,49.242,49.8233,50.4143,51.0114,51.6079,52.1377,52.5768,52.9909,53.4391,53.9255,54.3737,54.7755,55.1411,55.5222,56.0499,56.7703,57.4672,58.0379,58.6473,59.3683,60.0994,60.8092,61.5217,62.2564,63.0258,63.7544,64.4516,65.1526,65.8583,66.4707,66.9674,67.3845,67.7287,68.0214,68.3044,68.5848,68.8617,69.1146,69.34,69.5378,69.7178,69.9096,70.0951,70.2415,70.3603,70.473,70.598,70.7657,70.9753,71.1705,71.3409,71.4811,71.5938,71.6728

Position pixel : 29.7325,29.7325,29.7325,29.7325,29.7325,29.7325,29.7325,29.7325,29.7325,29.7325,29.7325,29.7325,29.7325,29.7325,29.7263,29.6988,29.6535,29.6259,29.6198,29.6137,29.5861,29.5346,29.4796,29.4281,29.3944,29.3546,29.2817,29.2088,29.1752,29.169,29.1629,29.1354,29.09,29.0625,29.0563,29.0502,29.0227,28.9773,28.9498,28.9437,28.9437,28.9437,28.9437,28.9437,28.9437,28.9437,28.9437,28.9437,28.9437,28.9437,28.9437,28.9437,28.9437,28.9437,28.9498,28.9835,29.0625,29.1752,29.3154,29.4734,29.6198,29.76,29.8905,29.9854,30.0767,30.1832,30.2959,30.4025,30.4876,30.555,30.6401,30.7467,30.8594,30.9659,31.0511,31.1184,31.2036,31.304,31.3892,31.4565,31.5417,31.6482,31.7609,31.8736,31.9924,32.1326,32.2968,32.4645,32.6287,32.7751,32.9214,33.0795,33.2197,33.3324,33.4176,33.4849,33.5701,33.6828,33.823,33.9872,34.161,34.3589,34.572,34.7698,34.956,35.1814,35.446,35.705,35.9641,36.2348,36.4877,36.7192,36.9385,37.1302,37.2765,37.4015,37.5356,37.6661,37.7609,37.8523,37.9588,38.0715,38.1842,38.2969,38.4157,38.5559,38.714,38.8542,38.9669,39.052,39.1194,39.2045,39.3111,39.4176,39.4967,39.5365,39.5701,39.6216,39.6767,39.7282,39.7618,39.8016,39.8745,39.9536,40.027,40.1336,40.2641,40.3865,40.5231,40.6572,40.776,40.8887,41.0014,41.1141,41.2391,41.4007,41.5827,41.7326,41.8754,42.0156,42.1558,42.2925,42.4149,42.5516,42.6795,42.7708,42.8381,42.9171,42.9962,43.0635,43.1425,43.2215,43.2889,43.3679,43.4408,43.4744,43.4867,43.5142,43.5596,43.5871,43.5933,43.5933,43.5933,43.5933,43.5933,43.5933,43.5933,43.5933,43.5933,43.5994,43.6269,43.6723,43.706,43.7396,43.785,43.8187,43.8523,43.9038,43.9589,44.0165,44.0716,44.1292,44.1842,44.2419,44.2969,44.3546,44.4096,44.4611,44.4887,44.5009,44.5285,44.5738,44.6013,44.6075,44.6075,44.6075,44.6136,44.6411,44.6865,44.714,44.7202,44.7202,44.7202

Pole type : Curve
Start frame : 1
End frame : 120
Start time (s) : 0.000
End time (s) : 1142.450
Time step (s) : 9.600

Feature Information :


Feature number : 1

Time (s) : 479.8478,480.8173,483.0345,485.7211,487.8849,489.4078,490.8128,492.3302,493.7352,495.1403,496.6577,498.0038,499.0856,499.9033,500.5496,501.3673,502.3902,503.472,504.495,505.3126,505.9,506.3945,506.7176,507.0408,507.5353,508.0637,508.6172,509.1456,509.6401,509.9043,510.0222,510.2864,510.722,511.0451,511.3682,511.8628,512.4501,513.2088,513.9086,514.2907,514.6138,515.1084,515.6957,516.4544,517.2131,517.8594,518.6771,519.6411,520.4587,521.105,521.9227,522.8867,523.7043,524.2917,524.8452,525.4325,526.2502,527.2731,528.3549,529.4368,530.4597,531.2774,531.8647,532.4182,533.0055,533.7643,534.464,534.8461,535.2282,535.928,536.6867,537.333,538.1507,539.1736,540.1965,541.0142,541.6015,542.155,542.6834,543.1779,543.5011,543.8832,544.5829,545.3416,545.9879,546.7467,547.5054,548.0927,548.6462,549.2335,549.9923,550.751,551.3973,552.156,552.8558,553.2378,553.561,554.0555,554.5839,555.1374,555.7247,556.4834,557.2422,557.8295,558.383,558.9703,559.729,560.4878,561.1341,561.9517,562.9746,564.0565,565.1384,566.2202,567.3021,568.384,569.4069,570.2246,570.8708,571.6296,572.3883,572.9756,573.4702,573.7933,574.1164,574.611,575.1394,575.6928,576.2802,577.0978,578.0618,578.8795,579.4668,579.9613,580.2845,580.6076,581.1022,581.6895,582.5072,583.5301,584.6119,585.6349,586.4525,587.0399,587.5934,588.1807,588.9394,589.6981,590.2855,590.8389,591.3673,591.9208,592.4492,593.0027,593.5311,594.0845,594.6129,595.1075,595.4306,595.7537,596.2483,596.8356,597.5943,598.3531,598.9993,599.7581,600.5168,601.1631,601.9807,603.0037,604.0855,605.1674,606.2493,607.2722,608.1488,609.0593,610.3125,611.5996,612.7994,614.1455,615.7219,617.3911,619.2316,621.0722,622.8004,624.7589,627.1278,629.6682,631.773,633.2959,634.7009,636.1594,637.2413,637.9465,638.7642,639.7871,640.81,641.6277,642.274,643.0916,644.1146,645.1964,646.2193,647.037,647.6243,648.1189,648.442,648.7652,649.2007,649.5239,649.847,650.3416,650.8699,651.3645,651.6287

Position (um) : 2.3851,2.4043,2.4396,2.4779,2.5049,2.5202,2.5339,2.5527,2.5699,2.5839,2.5996,2.6194,2.6392,2.6548,2.6681,2.6837,2.7042,2.7269,2.7474,2.763,2.7757,2.7883,2.8033,2.8202,2.8351,2.8485,2.8634,2.8803,2.8952,2.9079,2.9193,2.9284,2.9356,2.9453,2.9596,2.9765,2.9921,3.0077,3.0246,3.0389,3.0486,3.0558,3.0642,3.0727,3.0799,3.0883,3.0961,3.1003,3.1046,3.1123,3.1201,3.1244,3.128,3.1334,3.1393,3.1448,3.1478,3.1484,3.1484,3.1484,3.1478,3.1448,3.1393,3.1334,3.1273,3.1208,3.1117,3.1003,3.0883,3.0763,3.0642,3.0516,3.0366,3.0191,3.0012,2.9843,2.9723,2.9651,2.959,2.9524,2.9433,2.932,2.92,2.9079,2.8959,2.8839,2.8719,2.8598,2.8478,2.8351,2.8202,2.8033,2.7883,2.7757,2.7636,2.7523,2.7432,2.736,2.7269,2.7162,2.7071,2.6999,2.6908,2.6795,2.6674,2.6554,2.6434,2.632,2.6236,2.62,2.6194,2.6194,2.6194,2.6194,2.62,2.6229,2.6284,2.6343,2.6411,2.6506,2.6639,2.6752,2.6831,2.6922,2.7035,2.7155,2.7276,2.7396,2.7516,2.7636,2.7763,2.7906,2.8046,2.8147,2.8244,2.8358,2.8478,2.8598,2.8719,2.8839,2.8952,2.9043,2.9109,2.917,2.9235,2.9326,2.944,2.9554,2.9645,2.9716,2.9807,2.9921,3.0041,3.0161,3.0282,3.0395,3.0486,3.0558,3.0642,3.0727,3.0799,3.0883,3.0967,3.1039,3.113,3.1244,3.1357,3.1442,3.1478,3.1484,3.1484,3.1484,3.1484,3.1478,3.1442,3.1351,3.1214,3.1068,3.0925,3.0714,3.0438,3.0168,2.9928,2.9716,2.9518,2.9271,2.8959,2.8641,2.8371,2.8153,2.7968,2.7793,2.7643,2.7523,2.7432,2.736,2.7269,2.7155,2.7035,2.6915,2.6795,2.6674,2.6554,2.6441,2.635,2.6278,2.6194,2.6109,2.6037,2.5953,2.5869,2.5803,2.5742,2.5683,2.5628

Intensity : 384.3683,378.6394,368.1415,359.7645,354.9416,352.1358,349.479,345.8948,343.5421,342.5597,341.7299,340.4905,339.2812,337.2162,335.4021,334.0097,332.4938,331.1898,330.3552,329.9502,329.7341,329.5557,329.2786,328.9964,328.939,329.0169,329.1528,329.078,327.9829,327.0027,326.1012,325.4354,324.9873,324.3096,323.2821,322.1387,321.0377,319.738,318.3278,317.0585,316.24,315.7853,315.273,314.8799,314.6319,314.218,313.9492,313.9933,313.9416,313.3959,312.8971,312.8329,312.761,312.3479,311.8568,311.4058,311.3407,311.6288,312.1936,313.1491,314.1431,315.2801,316.588,317.9376,319.3789,321.0622,323.1006,325.198,327.1248,329.0933,331.1232,333.1035,334.5982,335.8044,337.1572,338.4005,338.7397,338.8809,339.0043,339.1883,339.6136,340.1848,340.7498,341.3682,342.0762,342.8318,342.9319,342.8715,342.9231,343.0904,343.4479,344.0352,344.7125,345.5122,346.1587,346.6742,347.1552,347.7767,348.5613,349.5232,350.5516,351.7764,353.3511,355.0126,356.7639,358.7811,361.1553,363.5267,365.4769,367.3532,369.3677,371.4359,373.5042,375.5725,375.2458,374.1805,372.9882,371.9764,371.0656,369.9737,368.7424,367.6027,366.7717,365.9366,364.9623,363.9729,363.0646,362.2451,361.2185,359.6994,358.1632,356.7229,355.7151,355.1041,354.6676,354.2666,353.9782,353.8836,354.0975,354.5796,354.9697,355.5457,354.1086,353.0658,352.0851,351.0302,349.7028,348.4091,347.4279,346.5343,345.6788,344.4407,342.6559,340.8346,339.0499,337.2838,335.7467,334.4197,333.6087,333.0218,332.6155,332.1588,331.6803,331.1014,330.2574,329.2101,328.1965,327.5094,327.5058,327.9627,328.5278,328.4546,326.9945,325.6782,324.8257,324.3709,323.6781,322.7991,321.8037,320.5565,320.6856,321.2277,321.7084,321.795,322.0182,322.0515,321.254,320.2676,319.7261,319.8709,320.4832,321.1758,321.4798,321.6756,321.8427,321.9936,322.2731,322.7154,323.2475,323.8598,322.3671,320.2843,317.7913,315.8296,314.4423,313.2902,312.5479,311.8162,310.8373,310.1279,309.4293,308.3518,307.21,306.1536,305.6104

Time pixel : 49.982,50.0829,50.3139,50.5937,50.8191,50.9777,51.1241,51.2822,51.4285,51.5749,51.7329,51.8731,51.9858,52.071,52.1383,52.2235,52.33,52.4427,52.5493,52.6344,52.6956,52.7471,52.7808,52.8144,52.8659,52.921,52.9786,53.0337,53.0852,53.1127,53.125,53.1525,53.1979,53.2315,53.2652,53.3167,53.3779,53.4569,53.5298,53.5696,53.6033,53.6548,53.716,53.795,53.874,53.9413,54.0265,54.1269,54.2121,54.2794,54.3646,54.465,54.5501,54.6113,54.669,54.7302,54.8153,54.9219,55.0346,55.1473,55.2538,55.339,55.4002,55.4578,55.519,55.598,55.6709,55.7107,55.7505,55.8234,55.9024,55.9697,56.0549,56.1615,56.268,56.3532,56.4144,56.472,56.527,56.5786,56.6122,56.652,56.7249,56.8039,56.8713,56.9503,57.0293,57.0905,57.1481,57.2093,57.2884,57.3674,57.4347,57.5137,57.5866,57.6264,57.6601,57.7116,57.7666,57.8243,57.8855,57.9645,58.0435,58.1047,58.1623,58.2235,58.3026,58.3816,58.4489,58.5341,58.6406,58.7533,58.866,58.9787,59.0914,59.2041,59.3106,59.3958,59.4631,59.5421,59.6212,59.6823,59.7339,59.7675,59.8012,59.8527,59.9077,59.9654,60.0266,60.1117,60.2121,60.2973,60.3585,60.41,60.4437,60.4773,60.5288,60.59,60.6752,60.7817,60.8944,61.001,61.0861,61.1473,61.205,61.2661,61.3452,61.4242,61.4854,61.543,61.5981,61.6557,61.7108,61.7684,61.8234,61.8811,61.9361,61.9876,62.0213,62.055,62.1065,62.1677,62.2467,62.3257,62.393,62.4721,62.5511,62.6184,62.7036,62.8101,62.9228,63.0355,63.1482,63.2547,63.3461,63.4409,63.5714,63.7055,63.8305,63.9707,64.1349,64.3088,64.5005,64.6922,64.8722,65.0762,65.323,65.5876,65.8068,65.9654,66.1118,66.2637,66.3764,66.4499,66.535,66.6416,66.7481,66.8333,66.9006,66.9858,67.0923,67.205,67.3116,67.3967,67.4579,67.5094,67.5431,67.5767,67.6221,67.6558,67.6894,67.7409,67.796,67.8475,67.875

Position pixel : 22.3532,22.5332,22.8646,23.2234,23.4763,23.6197,23.7482,23.9241,24.0857,24.2168,24.3632,24.5488,24.7343,24.8807,25.0057,25.152,25.3437,25.5568,25.7486,25.8949,26.0137,26.1326,26.2728,26.4308,26.571,26.696,26.8362,26.9943,27.1345,27.2533,27.3599,27.445,27.5124,27.6037,27.7377,27.8958,28.0421,28.1885,28.3465,28.4806,28.5719,28.6392,28.7183,28.7973,28.8646,28.9437,29.0165,29.0563,29.0961,29.169,29.2419,29.2817,29.3154,29.3669,29.4219,29.4734,29.501,29.5071,29.5071,29.5071,29.501,29.4734,29.4219,29.3669,29.3092,29.2481,29.1629,29.0563,28.9437,28.831,28.7183,28.5994,28.4592,28.295,28.1273,27.9693,27.8566,27.7892,27.7316,27.6704,27.5852,27.4787,27.366,27.2533,27.1406,27.0279,26.9152,26.8026,26.6899,26.571,26.4308,26.2728,26.1326,26.0137,25.901,25.7945,25.7093,25.642,25.5568,25.4564,25.3713,25.3039,25.2188,25.1122,24.9995,24.8868,24.7741,24.6676,24.5886,24.5549,24.5488,24.5488,24.5488,24.5488,24.5549,24.5824,24.6339,24.689,24.7528,24.8415,24.9659,25.0724,25.1459,25.231,25.3376,25.4503,25.563,25.6757,25.7884,25.901,26.0199,26.1539,26.2845,26.3793,26.4706,26.5772,26.6899,26.8026,26.9152,27.0279,27.1345,27.2197,27.2808,27.3385,27.3997,27.4848,27.5914,27.6979,27.7831,27.8504,27.9356,28.0421,28.1548,28.2675,28.3802,28.4868,28.5719,28.6392,28.7183,28.7973,28.8646,28.9437,29.0227,29.09,29.1752,29.2817,29.3883,29.4673,29.501,29.5071,29.5071,29.5071,29.5071,29.501,29.4673,29.3821,29.2542,29.1175,28.9829,28.785,28.5266,28.2737,28.0483,27.8504,27.6643,27.4328,27.1406,26.8424,26.5895,26.3855,26.2116,26.0474,25.9072,25.7945,25.7093,25.642,25.5568,25.4503,25.3376,25.2249,25.1122,24.9995,24.8868,24.7803,24.6951,24.6278,24.5488,24.4697,24.4024,24.3234,24.2444,24.1832,24.1255,24.0705,24.019

Brightness max : 497.51
Brightness min : 225.00
Feature direction : Ambiguous
Feature speed : Slow
Feature type : Curve
Start frame : 1
End frame : 120
Start time (s) : 0.000
End time (s) : 1142.450
Time step (s) : 9.600

Feature number : 2

Time (s) : 415.8409,415.8999,416.282,417.3638,419.1455,421.1913,422.9729,424.1138,424.819,425.5777,426.3364,426.9827,427.8004,428.8233,429.8462,430.6639,431.3102,432.0689,432.8276,433.4739,434.2326,434.9324,435.3145,435.6966,436.3964,437.1551,437.8014,438.6191,439.642,440.7828,442.0699,443.3231,444.2336,445.1102,446.1332,447.1561,447.9738,448.62,449.3788,450.0785,450.4606,450.7838,451.3372,452.1888,453.442,454.7881,456.252,458.0337,459.7564,460.8972,461.5435,462.097,462.6253,463.1199

Position (um) : 3.8175,3.8071,3.7856,3.7512,3.7113,3.6739,3.6469,3.63,3.6173,3.6053,3.5939,3.5842,3.5741,3.5602,3.5452,3.5296,3.5127,3.4978,3.4844,3.4695,3.4519,3.434,3.4165,3.4016,3.3882,3.3726,3.3522,3.3288,3.3041,3.2764,3.2453,3.2164,3.1936,3.1711,3.1448,3.1166,3.0925,3.0733,3.0558,3.0408,3.0282,3.0155,2.9999,2.9788,2.9524,2.9229,2.8923,2.8592,2.8251,2.7962,2.777,2.7636,2.7523,2.7438

Intensity : 410.7243,408.1337,403.0337,395.162,388.648,384.0499,379.9413,376.4918,374.7207,373.1756,371.7287,370.5172,369.2241,367.5368,365.8138,364.1614,363.0238,362.5885,362.7337,362.7899,362.8566,362.8856,362.7562,363.2301,363.9038,364.6403,365.4102,366.2933,367.2032,367.919,367.5527,364.9516,363.0344,361.2292,359.3676,357.8024,356.7141,355.321,353.9981,352.9858,352.5229,352.2088,351.7014,349.9396,346.5259,343.0811,339.7586,336.0238,332.7781,330.7486,329.4221,328.6578,328.0513,327.5477

Time pixel : 43.3149,43.321,43.3608,43.4735,43.6591,43.8722,44.0578,44.1766,44.25,44.3291,44.4081,44.4754,44.5606,44.6671,44.7737,44.8589,44.9262,45.0052,45.0842,45.1516,45.2306,45.3035,45.3433,45.3831,45.456,45.535,45.6023,45.6875,45.794,45.9129,46.0469,46.1775,46.2723,46.3636,46.4702,46.5767,46.6619,46.7292,46.8082,46.8811,46.9209,46.9546,47.0122,47.1009,47.2315,47.3717,47.5242,47.7098,47.8892,48.008,48.0753,48.133,48.188,48.2395

Position pixel : 35.7779,35.6805,35.4791,35.1568,34.7821,34.4323,34.1794,34.0208,33.902,33.7893,33.6828,33.5914,33.4966,33.3661,33.2259,33.0795,32.9214,32.7812,32.6563,32.5161,32.3519,32.1841,32.0199,31.8797,31.7547,31.6084,31.4167,31.1974,30.9659,30.7069,30.4148,30.144,29.9303,29.7202,29.4734,29.2088,28.9835,28.8034,28.6392,28.499,28.3802,28.2614,28.115,27.9172,27.6704,27.3935,27.107,26.7964,26.4768,26.206,26.026,25.901,25.7945,25.7155

Brightness max : 611.95
Brightness min : 225.00
Feature direction : Ambiguous
Feature speed : Slow
Feature type : Curve
Start frame : 1
End frame : 120
Start time (s) : 0.000
End time (s) : 1142.450
Time step (s) : 9.600

Feature number : 3

Time (s) : 281.8075,282.3948,284.2376,289.0793,298.2123,308.3716,315.4502,318.996,320.901,322.4773,323.8234,324.9642,326.0461,327.128,328.2688,329.6148,331.1912,332.8604,334.701,336.5416,338.2698,340.1693,342.2741,344.3789,346.2784,347.9476,349.524,350.87,352.0109,353.0927,354.2335,355.5796,357.097,358.5021,360.025,362.0708,364.288,366.0162,367.4801,368.9976,370.2847,371.1023

Position (um) : 3.345,3.3535,3.3642,3.3726,3.3762,3.3769,3.3769,3.3769,3.3769,3.3769,3.3769,3.3769,3.3769,3.3769,3.3769,3.3769,3.3769,3.3769,3.3762,3.3733,3.3678,3.3619,3.3558,3.3492,3.3408,3.333,3.3294,3.3281,3.3252,3.3203,3.3174,3.3167,3.3167,3.3167,3.3167,3.3167,3.3167,3.3167,3.3167,3.3167,3.3167,3.3167

Intensity : 471.2779,471.8349,473.1932,474.5649,466.3472,469.6902,484.7775,491.0262,493.9438,496.3581,498.4197,500.1669,501.8239,501.4173,499.8659,498.0354,495.8917,493.6218,491.2319,488.6799,485.4196,481.7038,477.4102,473.0384,468.8694,464.4995,459.8974,455.7542,452.437,449.4997,446.1525,442.6949,441.1411,439.7024,438.143,436.0482,433.7778,429.7474,425.4906,421.0783,417.3358,414.9582

Time pixel : 29.3537,29.4148,29.6068,30.1111,31.0624,32.1206,32.858,33.2273,33.4257,33.5899,33.7301,33.849,33.9616,34.0743,34.1932,34.3334,34.4976,34.6714,34.8632,35.0549,35.2349,35.4328,35.652,35.8712,36.0691,36.243,36.4072,36.5474,36.6662,36.7789,36.8977,37.0379,37.196,37.3423,37.501,37.7141,37.945,38.125,38.2775,38.4356,38.5696,38.6548

Position pixel : 31.3499,31.429,31.5294,31.6084,31.6421,31.6482,31.6482,31.6482,31.6482,31.6482,31.6482,31.6482,31.6482,31.6482,31.6482,31.6482,31.6482,31.6482,31.6421,31.6145,31.563,31.508,31.4503,31.3892,31.3101,31.2372,31.2036,31.1913,31.1638,31.1184,31.0909,31.0848,31.0848,31.0848,31.0848,31.0848,31.0848,31.0848,31.0848,31.0848,31.0848,31.0848

Brightness max : 
Brightness min : 
Feature direction : 
Feature speed : 
Feature type : Curve
Start frame : 1
End frame : 120
Start time (s) : 0.000
End time (s) : 1142.450
Time step (s) : 9.600

Feature number : 4

Time (s) : 644.4079,645.0368,646.3181,648.08,650.5482,653.1616,655.0869,656.3756,657.5162,658.589,659.4393,660.1455,660.9732,661.9901,663.121,664.282,665.2108,665.917,666.6437,667.4488,668.254,669.0032,669.8105,670.951,672.4152,673.9244,675.3347,676.801,678.4209,680.0668,681.7318,683.3551,684.874,686.1285,687.1905,688.1419,689.0707,689.9414,690.6025,691.14,691.6194,691.9677,692.2805,692.5482,692.6718

Position (um) : 3.5934,3.5823,3.5573,3.5231,3.4783,3.4342,3.4028,3.3823,3.365,3.3501,3.3402,3.3325,3.3212,3.3056,3.287,3.2668,3.2498,3.2362,3.2203,3.2019,3.1847,3.1692,3.1524,3.1283,3.097,3.0654,3.0363,3.01,2.9855,2.9623,2.9395,2.918,2.8983,2.8812,2.8661,2.8528,2.839,2.8252,2.8147,2.8071,2.8004,2.7946,2.7898,2.7854,2.7822

Intensity : 299.0134,300.8285,304.9401,310.7864,315.7192,320.4187,320.0607,318.9656,318.083,317.3204,316.7538,316.3051,315.8215,315.1731,312.9179,310.3943,308.6184,307.4205,306.3179,305.3011,304.1473,303.1634,302.2034,301.0231,299.6183,297.5878,296.2365,295.4086,295.0093,294.7693,294.843,294.3444,293.9284,293.6509,293.082,292.5146,291.9088,291.2896,290.7874,290.3681,290.0227,289.7781,289.5672,289.39,289.3018

Time pixel : 67.1229,67.1884,67.3219,67.5054,67.7625,68.0347,68.2352,68.3695,68.4883,68.6,68.6886,68.7621,68.8484,68.9543,69.0721,69.193,69.2898,69.3633,69.439,69.5229,69.6067,69.6848,69.7689,69.8877,70.0402,70.1974,70.3443,70.497,70.6658,70.8372,71.0106,71.1797,71.3379,71.4686,71.5792,71.6783,71.7751,71.8658,71.9346,71.9906,72.0405,72.0768,72.1094,72.1373,72.1502

Position pixel : 33.6772,33.574,33.3397,33.0183,32.5985,32.1853,31.8915,31.699,31.5371,31.3974,31.3042,31.2327,31.1268,30.9801,30.8063,30.6168,30.4572,30.3298,30.1808,30.0085,29.8476,29.7021,29.5444,29.3184,29.0252,28.7292,28.4566,28.2095,27.9801,27.7632,27.549,27.3473,27.1634,27.0025,26.8616,26.7368,26.6074,26.4783,26.3792,26.308,26.2452,26.1916,26.1461,26.1054,26.0751

Brightness max : 435.45
Brightness min : 225.00
Feature direction : Poleward
Feature speed : Slow
Feature type : Curve
Start frame : 1
End frame : 120
Start time (s) : 0.000
End time (s) : 1142.450
Time step (s) : 9.600

