KYMOANALYSIS DATA

General Information :

Tiff path : E:\Google Drive\microtubule dynamics and cut7\20-15 screens and tests\wild type\18-11-09 (cut7-3GFP and sid4-mCh)\
Spindle type : Bipolar
Start frame : 1
End frame : 208
Start time (s) : 0.000
End time (s) : 1482.400
Time step (s) : 7.161
Num poles : 2
Num tracks : 1
Num tracks poleward : 0
Num tracks antipoleward : 0
Num tracks ambiguous : 1
Comments : {

}
Poles Information :


Pole number : 1

Time (s) : 131.89237,133.18282,136.03433,140.53748,145.1285,148.65425,150.89663,152.4534,153.93368,155.68027,157.64925,159.47234,161.29542,163.2644,165.011,166.56777,168.39085,170.70264,173.01443,174.83751,176.31779,177.79807,179.54467,181.59014,183.67954,185.8015,188.04388,190.77497,193.72844,196.39012,199.35068,203.14274,207.62042,212.62645,218.28553,224.76475,231.33184,237.58867,243.05084,247.2622,250.14627,252.12234,253.94542,255.9144,257.58451,258.72198,259.56057,260.62156,261.94885,263.35264,264.83292,266.57951,268.54849,270.29509,271.77537,273.33214,275.42154,278.0322,280.38792,282.24357,283.84427,285.96623,288.62082,291.4284,294.31246,297.38636,300.41632,303.00151,305.54277,308.27385,311.00494,313.39322,315.2163,316.69658,318.10037,319.58065,321.32724,323.29622,325.1958,327.36169,329.97235,332.48105,335.02231,337.67691,340.14168,342.38406,344.84883,347.50342,349.8917,351.71479,353.19506,354.59885,356.00264,357.48292,359.306,361.77077,364.76817,367.72165,369.88754,371.44431,372.8481,374.25188,375.65567,377.21244,379.45482,382.82759,386.80948,390.67804,394.17123,397.27768,399.78638,401.90834,403.73143,405.55451,407.59999,409.76588,412.15416,414.54243,416.70833,418.83029,420.91969,422.96516,424.71176,426.26853,428.09161,430.47989,433.13448,435.59925,437.91813,440.80219,444.51777,448.57615,452.5212,456.51017,461.02042,465.8409,470.61746,474.75233,478.0557,480.93976,483.74734,486.47842,488.94319,491.18557,493.65034,496.38143,499.11251,501.65377,504.23896,507.34542,510.68562,513.86857,516.79656,519.82652,522.48112,524.45719,526.50974,529.58364,533.5216,537.58706,542.14124,547.06369,551.24249,554.50192,557.01062,559.13259,560.95567,562.85525,565.16703,567.55531,569.7212,571.76668,573.66625,575.98513,579.35789,583.41628,587.55115,591.26673,594.15079,596.39317,598.43865,600.18524,601.74201,603.4886,605.53408,607.62348,609.74544,611.83484,613.9568,616.1227,618.51097,620.89925,623.14163,625.52991,627.8417,629.89426,632.55594,636.41741,640.62877,644.96056,649.61669,653.7955,657.39774,660.54812,663.43219,666.31625,669.46663,672.8394,676.06628,679.36964,683.08522,686.80079,689.95117,692.49243,694.73482,697.1231,699.51137,701.90674,705.05712,709.07157,713.25038,717.34132,720.98749,724.63366,728.7246,733.05639,737.90943,742.87582,747.24016,751.30563,755.81587,760.71285,765.83221,770.53228,774.17845,777.06251,779.45079,781.27388,782.75416,784.15794,785.63822,787.46131,789.84959,792.58067,795.46474,798.53863,801.56859,804.15378,806.69504,809.34963,811.73791,813.561,815.11777,816.86436,818.90983,821.15222,824.18926,828.66694,834.42799,840.57578,846.33682,850.96748,854.76663,858.5587,862.35077,866.07343,870.13181,874.22275,878.3718,884.17678,891.13761,896.91712,901.65683,905.7917,909.51436,913.30643,917.09849,920.74467,924.46024,927.9095,931.14346,935.43131,941.11587,947.56962,954.77838,962.08911,968.091,972.67773,975.9046,978.22348,980.34544,982.58782,985.3954,988.76817,992.18487,995.29132,997.953,1000.8371,1004.1333,1007.3602,1010.5871,1014.0363,1017.606,1021.5511,1026.1052,1031.2246,1036.191,1040.136,1043.2935,1046.8193,1050.8776,1055.089,1059.3769,1063.931,1068.7841,1073.6046,1078.1913,1082.4466,1086.614,1090.5265,1094.548,1099.0257,1103.8788,1108.6993,1113.133,1116.6262,1119.2439,1121.4863,1123.8746,1126.3394,1129.0011,1132.5268,1137.0045,1142.2003,1147.586,1152.5156,1157.0003,1161.7769,1166.4769,1170.3894,1173.6489,1176.8063,1181.0942,1186.7787,1193.0795,1199.7556,1206.8511,1214.5556,1222.552,1229.4944,1235.1167,1240.389,1245.7378,1251.3969,1257.6098,1264.031,1271.006,1278.1383,1285.1204,1292.6026,1300.8978,1308.4494,1314.6368,1319.9091,1324.6163,1329.1704,1333.7572,1338.4318,1343.6602,1349.3193,1355.7291,1362.8614,1370.1027,1376.8227,1383.2326,1389.4568,1395.2944,1400.1149,1403.6406,1406.1125,1408.7741,1412.2928,1415.786,1419.0894,1422.5386,1426.0318,1429.5576,1433.2037,1437.4151,1441.9622,1445.7542,1448.6454,1452.1017,1456.9916,1462.3334,1466.9315,1470.6796,1473.1883,1474.8216,1476.2254,1477.6292,1479.0329,1480.4367,1481.764,1482.7485

Position (um) : 3.0851,3.0851,3.0851,3.0851,3.0851,3.0851,3.0851,3.0851,3.0851,3.0851,3.0851,3.0851,3.0851,3.0851,3.0851,3.0851,3.0851,3.0851,3.0851,3.0851,3.0851,3.0851,3.0851,3.0839,3.0788,3.0704,3.0641,3.0579,3.0495,3.0444,3.0432,3.0432,3.0432,3.0432,3.0432,3.0432,3.0432,3.0432,3.0432,3.0432,3.0432,3.0421,3.037,3.0286,3.0223,3.0161,3.0076,3.0025,3.0003,2.9951,2.9856,2.9754,2.9658,2.9596,2.9533,2.9438,2.9335,2.924,2.9177,2.9115,2.9019,2.8917,2.8821,2.8759,2.8685,2.855,2.8415,2.8352,2.8341,2.8341,2.8341,2.8341,2.8341,2.8341,2.8329,2.8278,2.8183,2.808,2.7985,2.7934,2.7911,2.786,2.7776,2.7713,2.7651,2.7567,2.7515,2.7504,2.7493,2.7442,2.7357,2.7306,2.7295,2.7295,2.7295,2.7295,2.7283,2.7232,2.7148,2.7097,2.7086,2.7086,2.7086,2.7074,2.7023,2.6928,2.6826,2.6718,2.6616,2.6521,2.6458,2.6396,2.6312,2.6249,2.6187,2.6102,2.6051,2.604,2.6029,2.5977,2.5893,2.5842,2.5819,2.5768,2.5684,2.5622,2.5559,2.5464,2.5361,2.5254,2.5152,2.5045,2.4943,2.4836,2.4723,2.4576,2.4429,2.4316,2.422,2.4169,2.4158,2.4158,2.4158,2.4158,2.4146,2.4095,2.4011,2.396,2.3937,2.3875,2.3728,2.3541,2.3383,2.327,2.3174,2.3112,2.3038,2.2891,2.2693,2.2496,2.2338,2.2224,2.2117,2.2015,2.1919,2.1868,2.1857,2.1845,2.1794,2.171,2.1659,2.1636,2.1585,2.149,2.1387,2.128,2.1167,2.102,2.0874,2.076,2.0664,2.0613,2.059,2.0539,2.0455,2.0393,2.033,2.0246,2.0195,2.0184,2.0184,2.0184,2.0184,2.0184,2.0184,2.0172,2.0121,2.0025,1.9912,1.9765,1.9619,1.9505,1.9409,1.9358,1.9336,1.9284,1.92,1.9138,1.9075,1.8991,1.8929,1.8866,1.8782,1.8731,1.8719,1.8719,1.8719,1.8708,1.8657,1.8561,1.8459,1.8352,1.825,1.8143,1.8041,1.7945,1.7894,1.7883,1.7871,1.782,1.7725,1.7623,1.7527,1.7476,1.7453,1.7402,1.7318,1.7267,1.7255,1.7255,1.7255,1.7255,1.7255,1.7255,1.7255,1.7255,1.7255,1.7244,1.7193,1.7109,1.7058,1.7046,1.7046,1.7046,1.7046,1.7046,1.7035,1.6984,1.69,1.6848,1.6837,1.6837,1.6837,1.6837,1.6837,1.6826,1.6775,1.669,1.6628,1.6565,1.6481,1.643,1.6419,1.6419,1.6419,1.6407,1.6345,1.621,1.6074,1.6012,1.5989,1.5938,1.5854,1.5791,1.5729,1.5633,1.5531,1.5435,1.5384,1.5373,1.5373,1.5373,1.5373,1.5373,1.5373,1.5373,1.5373,1.5373,1.5373,1.5373,1.5362,1.5311,1.5226,1.5175,1.5152,1.5101,1.5017,1.4966,1.4955,1.4955,1.4943,1.4892,1.4808,1.4746,1.4683,1.4599,1.4548,1.4536,1.4525,1.4474,1.439,1.4339,1.4316,1.4265,1.4169,1.4067,1.3971,1.392,1.3909,1.3909,1.3909,1.3897,1.3846,1.3762,1.37,1.3637,1.3542,1.344,1.3344,1.3293,1.327,1.3219,1.3135,1.3072,1.2998,1.2863,1.2716,1.2603,1.2507,1.2445,1.2382,1.2287,1.2185,1.2089,1.2026,1.1964,1.1868,1.1766,1.1671,1.1608,1.1546,1.1461,1.1399,1.1337,1.1252,1.1201,1.119,1.119,1.119,1.119,1.119,1.1178,1.1127,1.1043,1.0992,1.0981,1.0981,1.0981,1.0981,1.0981,1.0981,1.0981,1.0981,1.0981,1.0981,1.0981,1.0981,1.0981,1.0981,1.0981,1.0981,1.0981,1.0981,1.0981,1.0981,1.0981,1.0981,1.0981,1.0981,1.0981,1.0981,1.0981,1.0981,1.0981,1.0981

Intensity : 1496.0693,1524.4551,1587.1792,1639.0728,1664.3022,1653.9793,1646.3344,1638.4693,1630.9907,1622.1666,1611.723,1593.426,1575.1289,1555.3676,1542.8307,1553.1231,1565.1763,1580.4604,1603.1979,1627.1498,1646.5978,1666.0459,1686.2664,1701.5566,1715.0385,1727.3026,1736.5596,1747.8627,1758.782,1759.6573,1762.2984,1767.473,1774.3038,1733.3042,1704.2244,1651.428,1557.405,1479.6275,1425.3839,1428.832,1434.7659,1452.0875,1472.573,1493.89,1510.7623,1517.9439,1522.3337,1528.0132,1535.2454,1542.6776,1548.0893,1552.6248,1560.3905,1569.6607,1576.46,1567.5948,1553.6436,1539.9091,1525.6298,1509.7246,1493.3978,1475.785,1442.651,1406.389,1372.3503,1345.5412,1324.3862,1295.7558,1266.7377,1241.7931,1259.5483,1275.0747,1285.5403,1277.5893,1270.4769,1264.7338,1260.2533,1256.6683,1254.3822,1249.1528,1237.1333,1214.2809,1193.7262,1179.4214,1178.7985,1180.1397,1190.0667,1211.2068,1230.5357,1247.0575,1263.4181,1277.6464,1288.5365,1298.8282,1301.5101,1298.7567,1296.8075,1292.059,1293.6811,1293.861,1291.9446,1293.3299,1294.7151,1297.9589,1308.393,1329.7176,1357.0648,1377.9737,1385.08,1348.2259,1318.7369,1298.7811,1288.3639,1277.0583,1264.1975,1241.3562,1209.9846,1176.3613,1149.5769,1128.7971,1111.7177,1088.7799,1054.9226,1027.4171,997.22432,960.81818,930.48661,900.46077,874.70329,847.3731,821.73813,842.77848,855.95274,853.34338,840.34501,819.09785,770.93579,734.11033,710.63848,696.0101,688.30859,680.96733,684.29849,689.59711,696.01814,699.35882,705.41848,710.85365,715.95943,726.58734,738.79741,748.49604,756.03309,769.6965,781.59249,779.29836,775.37155,771.1953,784.24571,803.97946,784.96357,771.50487,770.47776,759.27859,752.48461,746.734,745.07901,743.16927,744.00721,741.26392,734.46042,725.70213,721.72627,722.92185,721.53152,704.82632,682.71719,666.27993,656.78433,652.50049,649.06096,645.50676,643.33209,655.22761,671.59266,688.57278,708.98583,730.95851,748.63667,769.07929,806.29671,843.51414,876.5347,869.56493,862.81838,857.31354,845.75469,831.88423,818.27315,817.9458,879.24964,925.30897,957.89539,985.71484,1010.8157,1036.3313,1030.6063,1011.5311,994.27533,976.80568,964.91825,957.14674,958.80962,961.98564,964.02617,970.53549,977.04481,983.79754,970.5496,957.14262,965.56842,974.31789,978.3157,987.633,990.64292,1003.3101,1020.128,1030.3683,1029.7469,1025.9036,1017.6316,1012.7649,1013.6947,1015.3109,1013.1114,1009.2467,1011.7882,1013.5609,1013.0762,1011.1313,1009.0804,1006.5546,1006.7338,1007.4846,1005.6118,991.68179,977.9509,975.93455,981.20648,989.08314,970.39031,952.27114,937.11936,926.24473,932.98251,940.36891,942.69103,905.46267,887.32913,858.54144,815.53882,826.79218,834.77242,842.13678,844.51664,845.55705,838.77392,831.06503,834.11517,857.28461,883.03595,879.53275,861.8641,859.95416,860.71471,869.46467,884.44996,904.68952,923.5327,908.82199,888.69079,899.16852,877.28555,837.1937,859.18309,925.6165,986.99357,1028.6366,1022.3257,1001.5921,983.00222,983.32164,996.53368,1004.7594,968.7456,936.00198,936.2614,938.20352,941.54624,946.06627,967.8899,1045.4373,1121.2219,1173.2599,1220.3323,1258.5124,1240.8387,1210.3955,1165.2551,1126.1097,1110.227,1091.4242,1070.0788,1109.8387,1130.3634,1099.0938,1094.81,1085.0765,1047.6667,1025.9657,1016.8998,985.88053,949.72494,938.63405,948.13084,964.68469,977.1722,984.03418,987.18923,999.59216,1015.5081,1026.9224,1009.1203,996.91697,982.43141,953.98127,950.20578,944.51097,931.17405,908.29198,887.17486,877.94351,872.17465,869.65192,885.9809,916.14877,947.99343,924.81498,847.45795,769.68597,728.77828,714.03027,715.42052,712.13114,714.76443,745.53688,811.78393,910.59982,998.89927,1087.1713,1171.706,1176.8399,1129.5834,1085.999,1061.4886,1095.6519,1121.8409,1130.9628,1086.684,1037.7602,998.73412,992.95698,1022.191,1022.2662,1029.8761,1047.7239,989.06471,980.16,982.79854,967.19596,950.39519,948.05314,972.07786,1001.0217,1043.5525,1092.8565,1160.1435,1222.4642,1270.0526,1273.6287,1244.8339,1229.7828,1215.1631,1209.1902,1213.7819,1224.6725,1219.7093,1212.3085,1207.4903,1195.2652,1179.6232,1163.9812,1148.3392,1133.5495,1124.0113

Time pixel : 18.41724,18.59744,18.99562,19.62443,20.26551,20.75784,21.07097,21.28835,21.49506,21.73895,22.01389,22.26847,22.52304,22.79798,23.04188,23.25926,23.51383,23.83665,24.15946,24.41403,24.62074,24.82744,25.07133,25.35696,25.64872,25.94503,26.25815,26.63952,27.05193,27.42361,27.83701,28.36653,28.99179,29.69082,30.48105,31.3858,32.30281,33.17651,33.93924,34.5273,34.93003,35.20597,35.46054,35.73548,35.96869,36.12753,36.24463,36.39278,36.57813,36.77415,36.98085,37.22474,37.49969,37.74358,37.95028,38.16767,38.45943,38.82398,39.15293,39.41205,39.63557,39.93187,40.30256,40.6946,41.09733,41.52656,41.94966,42.31065,42.66551,43.04688,43.42824,43.76173,44.01631,44.22301,44.41903,44.62574,44.86963,45.14457,45.40983,45.71227,46.07682,46.42713,46.78199,47.15267,47.49685,47.80997,48.15415,48.52483,48.85833,49.1129,49.3196,49.51563,49.71165,49.91835,50.17292,50.5171,50.93565,51.34807,51.65051,51.8679,52.06392,52.25994,52.45597,52.67335,52.98647,53.45744,54.01347,54.55367,55.04145,55.47523,55.82554,56.12185,56.37642,56.63099,56.91662,57.21906,57.55256,57.88605,58.18849,58.4848,58.77656,59.06219,59.30608,59.52347,59.77804,60.11153,60.48222,60.82639,61.1502,61.55292,62.07176,62.63847,63.18935,63.74636,64.37616,65.04929,65.71628,66.29367,66.75494,67.15767,67.54972,67.93108,68.27526,68.58838,68.93256,69.31392,69.69528,70.05014,70.41113,70.84491,71.31134,71.7558,72.16466,72.58776,72.95844,73.23438,73.52099,73.95022,74.50012,75.06781,75.70375,76.39111,76.97463,77.42977,77.78009,78.07639,78.33097,78.59622,78.91903,79.25253,79.55497,79.8406,80.10585,80.42966,80.90062,81.46733,82.04472,82.56355,82.96628,83.2794,83.56503,83.80892,84.02631,84.2702,84.55582,84.84758,85.14389,85.43565,85.73196,86.0344,86.3679,86.70139,87.01452,87.34801,87.67083,87.95744,88.32911,88.86832,89.45639,90.06128,90.71145,91.29497,91.79798,92.2379,92.64063,93.04335,93.48327,93.95423,94.40483,94.86611,95.38494,95.90378,96.34369,96.69855,97.01168,97.34517,97.67867,98.01315,98.45307,99.01364,99.59716,100.1684,100.6776,101.1867,101.758,102.3628,103.0405,103.734,104.3434,104.9111,105.5409,106.2247,106.9396,107.5959,108.1051,108.5078,108.8413,109.0959,109.3026,109.4986,109.7053,109.9599,110.2934,110.6747,111.0774,111.5067,111.9298,112.2908,112.6456,113.0163,113.3498,113.6044,113.8218,114.0657,114.3513,114.6644,115.0885,115.7137,116.5182,117.3767,118.1811,118.8278,119.3583,119.8878,120.4173,120.9371,121.5038,122.0751,122.6545,123.4651,124.4371,125.2441,125.9059,126.4833,127.0032,127.5327,128.0622,128.5713,129.0902,129.5718,130.0234,130.6222,131.4159,132.3171,133.3237,134.3446,135.1827,135.8232,136.2738,136.5976,136.8939,137.207,137.5991,138.07,138.5471,138.9809,139.3526,139.7553,140.2156,140.6662,141.1168,141.5984,142.0969,142.6478,143.2837,143.9986,144.6921,145.243,145.6839,146.1762,146.7429,147.331,147.9297,148.5657,149.2433,149.9164,150.5569,151.1511,151.7331,152.2794,152.841,153.4662,154.1439,154.817,155.4361,155.9239,156.2895,156.6026,156.9361,157.2803,157.6519,158.1443,158.7695,159.4951,160.2471,160.9355,161.5617,162.2287,162.885,163.4313,163.8865,164.3274,164.9261,165.7199,166.5997,167.532,168.5228,169.5986,170.7152,171.6847,172.4697,173.206,173.9529,174.7431,175.6107,176.5073,177.4813,178.4772,179.4522,180.497,181.6553,182.7098,183.5738,184.31,184.9673,185.6033,186.2438,186.8965,187.6266,188.4168,189.3119,190.3078,191.319,192.2574,193.1524,194.0216,194.8367,195.5098,196.0022,196.3473,196.719,197.2103,197.6981,198.1594,198.6411,199.1288,199.6212,200.1303,200.7184,201.3533,201.8828,202.2866,202.7692,203.452,204.1979,204.84,205.3634,205.7137,205.9418,206.1378,206.3338,206.5298,206.7259,206.9112,207.0487

Position pixel : 28.9134,28.9134,28.9134,28.9134,28.9134,28.9134,28.9134,28.9134,28.9134,28.9134,28.9134,28.9134,28.9134,28.9134,28.9134,28.9134,28.9134,28.9134,28.9134,28.9134,28.9134,28.9134,28.9134,28.9027,28.8548,28.7759,28.7173,28.6588,28.5799,28.532,28.5213,28.5213,28.5213,28.5213,28.5213,28.5213,28.5213,28.5213,28.5213,28.5213,28.5213,28.5106,28.4628,28.3838,28.3253,28.2667,28.1878,28.1399,28.1186,28.0707,27.9811,27.8854,27.7958,27.7372,27.6787,27.5891,27.4933,27.4037,27.3452,27.2866,27.197,27.1013,27.0117,26.9531,26.8839,26.7571,26.6303,26.5718,26.5611,26.5611,26.5611,26.5611,26.5611,26.5611,26.5504,26.5025,26.4129,26.3172,26.2276,26.1797,26.1584,26.1105,26.0316,25.973,25.9145,25.8355,25.7877,25.777,25.7663,25.7184,25.6395,25.5916,25.581,25.581,25.581,25.581,25.5703,25.5224,25.4435,25.3956,25.3849,25.3849,25.3849,25.3743,25.3264,25.2368,25.1411,25.0408,24.945,24.8554,24.7969,24.7383,24.6594,24.6009,24.5423,24.4634,24.4155,24.4048,24.3941,24.3463,24.2674,24.2195,24.1981,24.1503,24.0713,24.0128,23.9542,23.8646,23.7689,23.6686,23.5729,23.4726,23.3768,23.2766,23.1701,23.0327,22.8952,22.7888,22.6992,22.6513,22.6406,22.6406,22.6406,22.6406,22.6299,22.5821,22.5032,22.4553,22.4339,22.3754,22.2379,22.0632,21.9151,21.8087,21.7191,21.6605,21.5913,21.4538,21.2685,21.0831,20.935,20.8286,20.7283,20.6325,20.5429,20.4951,20.4844,20.4737,20.4258,20.3469,20.299,20.2777,20.2298,20.1402,20.0445,19.9442,19.8378,19.7003,19.5628,19.4564,19.3668,19.3189,19.2976,19.2497,19.1708,19.1122,19.0537,18.9747,18.9269,18.9162,18.9162,18.9162,18.9162,18.9162,18.9162,18.9055,18.8576,18.768,18.6616,18.5241,18.3867,18.2803,18.1907,18.1428,18.1214,18.0736,17.9946,17.9361,17.8775,17.7986,17.7401,17.6815,17.6026,17.5547,17.544,17.544,17.544,17.5334,17.4855,17.3959,17.3001,17.1999,17.1041,17.0038,16.9081,16.8185,16.7706,16.7599,16.7493,16.7014,16.6118,16.5161,16.4264,16.3786,16.3572,16.3093,16.2304,16.1826,16.1719,16.1719,16.1719,16.1719,16.1719,16.1719,16.1719,16.1719,16.1719,16.1612,16.1133,16.0344,15.9865,15.9759,15.9759,15.9759,15.9759,15.9759,15.9652,15.9173,15.8384,15.7905,15.7798,15.7798,15.7798,15.7798,15.7798,15.7691,15.7213,15.6424,15.5838,15.5253,15.4463,15.3985,15.3878,15.3878,15.3878,15.3771,15.3186,15.1918,15.065,15.0064,14.9851,14.9372,14.8583,14.7997,14.7412,14.6516,14.5558,14.4662,14.4184,14.4077,14.4077,14.4077,14.4077,14.4077,14.4077,14.4077,14.4077,14.4077,14.4077,14.4077,14.397,14.3491,14.2702,14.2223,14.201,14.1531,14.0742,14.0263,14.0156,14.0156,14.0049,13.9571,13.8782,13.8196,13.7611,13.6821,13.6343,13.6236,13.6129,13.565,13.4861,13.4382,13.4169,13.369,13.2794,13.1837,13.0941,13.0462,13.0355,13.0355,13.0355,13.0248,12.977,12.898,12.8395,12.7809,12.6913,12.5956,12.506,12.4581,12.4368,12.3889,12.31,12.2514,12.1822,12.0554,11.9179,11.8115,11.7219,11.6634,11.6048,11.5152,11.4195,11.3299,11.2713,11.2128,11.1232,11.0274,10.9378,10.8793,10.8207,10.7418,10.6832,10.6247,10.5458,10.4979,10.4872,10.4872,10.4872,10.4872,10.4872,10.4765,10.4287,10.3497,10.3019,10.2912,10.2912,10.2912,10.2912,10.2912,10.2912,10.2912,10.2912,10.2912,10.2912,10.2912,10.2912,10.2912,10.2912,10.2912,10.2912,10.2912,10.2912,10.2912,10.2912,10.2912,10.2912,10.2912,10.2912,10.2912,10.2912,10.2912,10.2912,10.2912,10.2912

Pole type : Curve
Start frame : 1
End frame : 208
Start time (s) : 0.000
End time (s) : 1482.400
Time step (s) : 7.161

Pole number : 2

Time (s) : 136.25671,138.0798,141.37608,145.28148,148.65425,150.89663,152.37691,153.43789,154.35297,155.75676,157.72574,159.81514,161.78413,163.18791,164.103,165.16398,166.41479,167.47577,168.39085,169.79464,171.68713,173.43373,174.914,176.31779,177.72158,179.12537,180.52916,181.93294,183.33673,184.74052,186.14431,187.5481,188.95188,190.35567,191.75946,193.16325,194.56703,195.97082,197.37461,198.7784,200.18219,201.58597,202.98976,204.39355,205.79734,207.20113,208.60491,210.0087,211.41249,212.89277,214.71585,217.02764,219.33943,221.16251,222.64279,224.04658,225.52686,227.34994,229.73822,232.39282,234.78109,236.60418,238.08446,239.48825,240.96853,242.79161,245.1034,247.49168,249.65757,251.70304,253.52613,255.34921,257.39468,259.40759,261.11026,262.36815,263.92492,266.23671,269.04428,272.11817,275.07165,277.23754,278.79431,280.1981,281.60188,283.00567,284.40946,285.81325,287.21703,288.62082,290.02461,291.4284,292.90868,294.65527,296.62425,298.37085,299.85113,301.3314,303.078,305.12347,307.21287,309.25834,311.08143,312.90451,314.87349,316.69658,318.51967,320.48865,322.31173,324.13482,326.25678,328.91846,332.78702,337.98287,344.28364,351.219,357.47583,362.87568,368.63673,374.09182,377.73799,379.79054,381.19433,382.25531,383.01742,383.73559,384.4977,385.55868,386.80948,387.87046,388.70906,389.77004,391.25032,393.41621,396.29319,399.02428,401.34315,403.73143,406.04322,407.8663,409.34658,410.75037,412.15416,413.55794,415.03822,416.86131,419.24959,422.05716,425.20754,428.58031,431.6542,434.19546,436.36136,438.40683,440.22991,442.12949,444.51777,447.32534,450.47573,453.92499,457.34168,460.44814,462.88035,464.73599,466.33669,468.38216,470.61746,472.59353,474.9124,478.13219,481.58145,484.85225,488.18109,490.9561,493.15456,494.97764,496.80073,498.8462,501.01209,503.47686,506.28443,509.51131,513.15039,516.52316,519.10835,521.38329,523.89199,526.99845,530.33865,533.67458,537.36468,541.86783,545.92622,549.16017,552.68592,556.66782,560.45988,563.68676,566.49433,568.9591,571.12499,573.32345,575.90864,579.2814,582.92049,586.22385,589.45073,592.747,595.55458,597.87345,600.41471,603.4886,607.01435,610.85035,614.8648,618.35799,621.31855,624.20262,627.353,630.72577,633.95264,637.33249,641.46737,646.24392,651.21739,656.41325,661.53261,666.16327,670.45113,674.586,678.37806,681.68143,684.98479,688.77686,692.91173,697.19959,701.75376,706.6068,711.58027,716.77613,721.89549,726.52615,730.814,734.94888,738.89392,742.80641,746.97384,751.15265,755.1671,758.39397,761.13214,764.16211,767.31249,770.69234,774.75073,779.10799,783.09696,786.88903,790.2618,792.84699,794.96895,796.79203,798.69161,801.15638,804.30676,807.94585,811.39511,814.3231,817.08675,819.74843,823.05179,827.33256,831.73375,835.60231,838.98216,842.62833,846.9091,851.04397,854.61365,857.87309,861.0674,864.39624,867.32424,870.2083,873.08528,875.25117,876.80794,878.28822,880.11131,882.57608,885.72646,889.51853,893.6534,897.86476,902.07613,906.28749,910.42236,914.21443,917.4413,920.40186,923.47575,926.50571,929.01441,931.21286,933.30227,935.34774,937.09433,938.57461,939.9784,941.45868,943.35825,946.16583,949.80491,953.59698,957.09017,960.19662,962.70532,964.90377,967.06967,969.53443,972.26552,975.14959,978.22348,981.17695,983.34284,984.89961,986.3034,987.70719,989.11097,990.59125,992.41434,994.72613,997.03791,998.93749,1000.7606,1002.7296,1004.5526,1006.4522,1008.8405,1011.5716,1014.3027,1016.6909,1018.667,1020.9094,1023.7864,1026.441,1028.417,1030.2401,1032.2091,1033.9557,1035.5125,1037.2591,1039.228,1040.9746,1042.5314,1044.3545,1046.7428,1049.4739,1052.4344,1055.9276,1059.7891,1063.0159,1065.6776,1068.4413,1071.2163,1073.9034,1075.9928,1077.5496,1079.0299,1080.9295,1083.5841,1086.461,1088.7799,1091.0988,1094.1287,1097.6219,1101.3375,1104.7103,1107.4485,1110.3325,1113.4758,1115.9406,1117.6178,1119.3204,1120.9905,1122.4708,1123.8746,1125.4314,1127.5208,1130.055,1132.0679,1133.2053

Position (um) : 3.1269,3.1269,3.128,3.1331,3.1416,3.1467,3.1489,3.154,3.1625,3.1687,3.175,3.1834,3.1896,3.1959,3.2043,3.2094,3.2117,3.2168,3.2252,3.2303,3.2315,3.2326,3.2377,3.2461,3.2512,3.2524,3.2524,3.2524,3.2524,3.2524,3.2524,3.2524,3.2524,3.2524,3.2524,3.2524,3.2524,3.2524,3.2524,3.2524,3.2524,3.2524,3.2524,3.2524,3.2524,3.2524,3.2524,3.2512,3.2461,3.2377,3.2326,3.2315,3.2315,3.2315,3.2315,3.2315,3.2315,3.2315,3.2315,3.2315,3.2315,3.2315,3.2315,3.2315,3.2315,3.2315,3.2315,3.2315,3.2315,3.2326,3.2377,3.2461,3.2512,3.2535,3.2586,3.267,3.2722,3.2744,3.2795,3.288,3.2931,3.2942,3.2942,3.2942,3.2942,3.2942,3.2942,3.2942,3.2942,3.2942,3.2942,3.2942,3.2942,3.2942,3.2942,3.2942,3.2942,3.2942,3.2942,3.2954,3.3005,3.3089,3.3151,3.3214,3.3298,3.336,3.3423,3.3507,3.3558,3.357,3.3581,3.3632,3.3716,3.3779,3.3841,3.3937,3.405,3.4208,3.4395,3.4541,3.4615,3.4689,3.4836,3.5022,3.518,3.5305,3.5452,3.5587,3.5661,3.5724,3.5808,3.587,3.5933,3.6017,3.6068,3.6091,3.6142,3.6226,3.6277,3.6289,3.63,3.6351,3.6435,3.6486,3.6498,3.6498,3.6509,3.656,3.6656,3.6758,3.6854,3.6916,3.6979,3.7063,3.7114,3.7137,3.7188,3.7283,3.7385,3.7492,3.7595,3.769,3.7753,3.7815,3.7899,3.795,3.7962,3.7973,3.8024,3.8109,3.8171,3.8233,3.8318,3.8369,3.838,3.838,3.838,3.838,3.8392,3.8443,3.8527,3.8578,3.8589,3.8589,3.8589,3.8589,3.8589,3.8589,3.8589,3.8601,3.8652,3.8747,3.885,3.8945,3.8996,3.9008,3.9019,3.907,3.9154,3.9205,3.9217,3.9217,3.9228,3.9279,3.9363,3.9415,3.9426,3.9426,3.9426,3.9426,3.9426,3.9426,3.9426,3.9437,3.9488,3.9573,3.9624,3.9635,3.9647,3.9698,3.9782,3.9844,3.9907,3.9991,4.0053,4.0116,4.02,4.0263,4.0325,4.0409,4.046,4.0472,4.0472,4.0483,4.0534,4.0618,4.0669,4.0681,4.0692,4.0743,4.0839,4.0941,4.1037,4.1088,4.1111,4.1162,4.1246,4.1297,4.132,4.1371,4.1455,4.1506,4.1518,4.1518,4.1518,4.1518,4.1518,4.1518,4.1518,4.1518,4.1518,4.1518,4.1518,4.1518,4.1518,4.1518,4.1518,4.1518,4.1518,4.1518,4.1518,4.1518,4.1518,4.1518,4.1518,4.1518,4.1518,4.1518,4.1518,4.1518,4.1518,4.1518,4.1529,4.158,4.1664,4.1715,4.1727,4.1727,4.1727,4.1727,4.1738,4.1789,4.1873,4.1924,4.1936,4.1936,4.1947,4.1998,4.2083,4.2145,4.2207,4.2292,4.2343,4.2354,4.2354,4.2354,4.2354,4.2354,4.2354,4.2354,4.2354,4.2354,4.2354,4.2354,4.2354,4.2354,4.2354,4.2354,4.2354,4.2366,4.2417,4.2501,4.2563,4.2626,4.271,4.2761,4.2772,4.2772,4.2772,4.2784,4.2835,4.2919,4.297,4.2993,4.3044,4.3128,4.3179,4.3202,4.3253,4.3349,4.3451,4.3547,4.3598,4.362,4.3672,4.3767,4.3869,4.3976,4.4078,4.4185,4.431,4.4508,4.4739,4.4904,4.5022,4.5124,4.5231,4.5333,4.544,4.5543,4.565,4.5752,4.5859,4.5961,4.6056,4.6108,4.6119,4.613,4.6181,4.6277,4.6379,4.6475,4.6537,4.66,4.6695,4.6809,4.6967,4.7153,4.7311,4.7425,4.7532,4.7634,4.773,4.7781,4.7804,4.7855,4.795,4.8098,4.8398,4.8797,4.9064,4.9194

Intensity : 1540.9284,1560.093,1592.4335,1594.3186,1565.4945,1546.8118,1535.6105,1520.605,1499.7267,1481.4784,1460.6122,1428.2206,1401.7245,1380.0451,1353.3358,1334.8902,1334.8221,1324.2283,1301.7442,1293.1185,1300.5454,1312.9597,1309.762,1293.8109,1288.7388,1297.0298,1304.6093,1312.1887,1319.7682,1327.3476,1334.9271,1336.3701,1337.5824,1338.7948,1340.0071,1341.2194,1346.2886,1351.9735,1357.6585,1363.3434,1369.0283,1373.4483,1377.4706,1381.493,1385.5154,1389.5377,1390.3574,1393.0868,1407.7539,1431.4081,1443.5716,1441.0496,1435.1472,1430.4926,1422.8005,1410.6457,1397.8286,1382.0433,1359.7471,1329.2958,1301.8994,1281.717,1268.6045,1256.1696,1243.0571,1226.908,1223.0163,1226.3522,1229.3774,1239.61,1247.5801,1246.9517,1255.0576,1259.3646,1252.729,1235.7805,1227.8706,1236.0923,1246.6524,1250.9395,1239.9094,1238.5391,1239.6511,1244.8984,1252.4825,1260.0667,1267.6509,1275.2351,1277.5477,1275.4321,1273.3165,1271.2009,1268.97,1268.4708,1269.5424,1270.4931,1271.2987,1268.0239,1256.1238,1241.0467,1222.2114,1210.4921,1202.0651,1194.9199,1186.0958,1178.6073,1171.9224,1164.079,1161.3519,1160.8099,1160.6399,1158.0873,1151.8915,1144.0029,1119.5906,1046.8803,932.61361,828.36723,754.02456,725.81904,730.05891,734.37678,743.96154,753.13343,760.68316,762.09664,760.92402,761.60693,765.44382,767.60506,768.03664,770.52096,775.15727,782.58026,792.18012,802.31214,810.15346,810.29174,811.67181,811.38856,823.652,837.18051,850.1507,865.07508,882.43544,905.33524,935.48007,970.69505,1027.9185,1093.0909,1111.4299,1107.4679,1104.0825,1098.2094,1092.8816,1087.4904,1075.9994,1039.4192,993.79726,975.2961,967.38908,958.5614,952.06364,945.97701,935.10969,922.11841,911.46442,901.96106,896.81616,889.1365,881.61686,872.88084,871.07787,883.87489,896.19623,901.72931,901.08348,900.35886,899.04995,901.14266,899.36349,897.5051,885.40578,874.70471,864.65488,855.81112,845.04799,830.15159,817.26921,826.62032,834.79236,846.19397,856.46415,863.79403,869.95502,869.10881,874.57487,883.34559,885.40353,877.41429,871.46812,868.48616,878.22808,889.68483,871.63834,849.08719,837.34182,829.84254,813.98411,789.81335,763.32455,751.29193,750.99821,762.14651,783.11502,832.14893,887.26767,939.61972,990.24866,1034.205,1038.2377,1045.99,1012.997,982.29781,961.81672,959.26633,980.88529,1019.1751,1007.0114,1005.9963,1023.9634,1035.8177,1040.9356,1048.8565,1063.0079,1086.1613,1128.3483,1109.8638,1093.8015,1071.1167,1005.1027,988.39303,991.68737,988.78494,983.20959,973.77996,958.32821,937.69399,930.25812,928.61661,947.29557,972.66143,994.80787,1013.0526,1036.368,1064.5196,1056.5105,1029.9647,1026.214,1028.5471,1030.5346,1034.4255,1038.4797,1043.7401,1075.6247,1124.3543,1170.8169,1210.3968,1247.0609,1280.3726,1321.7151,1339.5286,1343.7607,1320.6289,1295.9765,1259.5003,1211.8364,1159.7682,1137.184,1126.3563,1117.2086,1109.008,1105.3879,1111.8695,1111.6871,1110.8778,1113.5617,1117.1333,1121.5319,1130.7929,1143.4583,1150.6919,1149.7579,1131.4227,1103.9169,1068.1047,1028.8625,982.74619,945.07201,907.93949,870.33118,871.17771,874.15663,875.63108,881.62005,887.4831,892.48947,896.94243,901.64002,906.59357,912.95024,911.45316,877.92713,857.23902,868.82596,877.22205,877.22404,877.22578,876.79762,873.54057,871.88053,864.08921,841.21064,818.61416,816.24381,810.34111,809.04836,809.03917,811.79824,815.43099,816.04374,814.98266,821.97797,830.96031,835.54638,835.31266,833.89505,836.74876,838.15818,840.21119,845.71698,852.19143,844.86768,838.42351,833.04769,821.52726,805.52948,792.96779,773.80378,751.0897,733.92871,720.19853,712.46503,698.34691,682.68406,667.96064,655.55245,648.02811,641.61144,643.85842,647.28261,653.64082,659.33649,660.82322,664.22295,672.42659,669.73333,666.3206,661.70814,656.06422,643.38248,630.99087,623.59059,623.0173,623.62533,621.05027,614.11542,593.56881,577.62761,564.32193,542.94197,528.65479,522.10538,519.12996,515.92008,514.19072,514.53977,509.86925,495.12717,477.12064,463.15755,450.0145

Time pixel : 19.02667,19.28125,19.74153,20.28688,20.75784,21.07097,21.27767,21.42582,21.55361,21.74963,22.02457,22.31633,22.59128,22.7873,22.91508,23.06324,23.2379,23.38605,23.51383,23.70986,23.97412,24.21801,24.42472,24.62074,24.81676,25.01278,25.20881,25.40483,25.60085,25.79688,25.9929,26.18892,26.38494,26.58097,26.77699,26.97301,27.16903,27.36506,27.56108,27.7571,27.95313,28.14915,28.34517,28.54119,28.73722,28.93324,29.12926,29.32528,29.52131,29.72801,29.98258,30.3054,30.62821,30.88278,31.08949,31.28551,31.49222,31.74679,32.08028,32.45097,32.78446,33.03903,33.24574,33.44176,33.64847,33.90304,34.22585,34.55935,34.86179,35.14742,35.40199,35.65656,35.94219,36.22327,36.46102,36.63668,36.85406,37.17687,37.56892,37.99815,38.41057,38.71301,38.9304,39.12642,39.32244,39.51847,39.71449,39.91051,40.10653,40.30256,40.49858,40.6946,40.90131,41.1452,41.42014,41.66403,41.87074,42.07744,42.32133,42.60696,42.89872,43.18435,43.43892,43.69349,43.96844,44.22301,44.47758,44.75253,45.0071,45.26168,45.55798,45.92966,46.46985,47.1954,48.07522,49.04367,49.91736,50.67139,51.47585,52.23759,52.74674,53.03335,53.22938,53.37753,53.48395,53.58423,53.69065,53.83881,54.01347,54.16162,54.27872,54.42687,54.63358,54.93602,55.33776,55.71912,56.04293,56.37642,56.69923,56.95381,57.16051,57.35653,57.55256,57.74858,57.95528,58.20986,58.54335,58.9354,59.37531,59.84628,60.27551,60.63037,60.93281,61.21844,61.47301,61.73827,62.07176,62.46381,62.90372,63.38537,63.86247,64.29625,64.63588,64.895,65.11852,65.40415,65.71628,65.99222,66.31602,66.76562,67.24727,67.704,68.16884,68.55634,68.86332,69.1179,69.37247,69.6581,69.96054,70.30472,70.69676,71.14736,71.65551,72.12648,72.48747,72.80514,73.15545,73.58923,74.05565,74.52148,75.03676,75.66557,76.23228,76.68386,77.17619,77.73222,78.26173,78.71233,79.10438,79.44855,79.75099,80.05798,80.41897,80.88994,81.3981,81.85938,82.30997,82.77026,83.1623,83.48611,83.84096,84.2702,84.76253,85.29818,85.85875,86.34654,86.75994,87.16267,87.60258,88.07355,88.52415,88.99611,89.57349,90.24048,90.93497,91.66051,92.37537,93.02199,93.62074,94.19813,94.72764,95.18892,95.6502,96.17972,96.7571,97.35585,97.99179,98.66946,99.36395,100.0895,100.8043,101.451,102.0497,102.6271,103.178,103.7243,104.3063,104.8898,105.4503,105.9009,106.2833,106.7064,107.1463,107.6183,108.185,108.7934,109.3504,109.8799,110.3509,110.7119,111.0082,111.2628,111.528,111.8722,112.3121,112.8203,113.3019,113.7108,114.0967,114.4684,114.9297,115.5274,116.142,116.6822,117.1541,117.6633,118.2611,118.8384,119.3369,119.792,120.2381,120.7029,121.1118,121.5145,121.9163,122.2187,122.4361,122.6428,122.8974,123.2415,123.6814,124.211,124.7884,125.3764,125.9645,126.5526,127.1299,127.6595,128.1101,128.5235,128.9527,129.3758,129.7261,130.0331,130.3249,130.6105,130.8544,131.0611,131.2571,131.4638,131.7291,132.1211,132.6293,133.1588,133.6466,134.0803,134.4307,134.7376,135.0401,135.3843,135.7656,136.1684,136.5976,137.01,137.3124,137.5298,137.7259,137.9219,138.1179,138.3246,138.5792,138.902,139.2248,139.4901,139.7446,140.0196,140.2741,140.5394,140.8729,141.2543,141.6356,141.9691,142.2451,142.5582,142.9599,143.3306,143.6065,143.8611,144.1361,144.3799,144.5973,144.8412,145.1162,145.3601,145.5774,145.832,146.1655,146.5469,146.9603,147.4481,147.9873,148.4379,148.8095,149.1955,149.583,149.9582,150.2499,150.4673,150.674,150.9393,151.31,151.7117,152.0355,152.3593,152.7824,153.2702,153.789,154.26,154.6424,155.0451,155.484,155.8282,156.0624,156.3001,156.5334,156.7401,156.9361,157.1535,157.4452,157.7991,158.0802,158.239

Position pixel : 29.3054,29.3054,29.3161,29.3639,29.4429,29.4907,29.5121,29.56,29.6389,29.6974,29.756,29.8349,29.8935,29.952,30.0309,30.0788,30.1002,30.148,30.227,30.2748,30.2855,30.2962,30.3441,30.423,30.4709,30.4815,30.4815,30.4815,30.4815,30.4815,30.4815,30.4815,30.4815,30.4815,30.4815,30.4815,30.4815,30.4815,30.4815,30.4815,30.4815,30.4815,30.4815,30.4815,30.4815,30.4815,30.4815,30.4709,30.423,30.3441,30.2962,30.2855,30.2855,30.2855,30.2855,30.2855,30.2855,30.2855,30.2855,30.2855,30.2855,30.2855,30.2855,30.2855,30.2855,30.2855,30.2855,30.2855,30.2855,30.2962,30.3441,30.423,30.4709,30.4922,30.5401,30.619,30.6669,30.6882,30.7361,30.815,30.8629,30.8736,30.8736,30.8736,30.8736,30.8736,30.8736,30.8736,30.8736,30.8736,30.8736,30.8736,30.8736,30.8736,30.8736,30.8736,30.8736,30.8736,30.8736,30.8843,30.9321,31.0111,31.0696,31.1282,31.2071,31.2656,31.3242,31.4031,31.451,31.4616,31.4723,31.5202,31.5991,31.6577,31.7162,31.8058,31.9122,32.0604,32.2351,32.3725,32.4418,32.511,32.6485,32.8231,32.9713,33.0884,33.2259,33.3526,33.4219,33.4804,33.5593,33.6179,33.6764,33.7554,33.8032,33.8246,33.8725,33.9514,33.9993,34.0099,34.0206,34.0685,34.1474,34.1953,34.206,34.206,34.2166,34.2645,34.3541,34.4499,34.5395,34.598,34.6566,34.7355,34.7834,34.8047,34.8526,34.9422,35.0379,35.1382,35.2339,35.3236,35.3821,35.4407,35.5196,35.5674,35.5781,35.5888,35.6367,35.7156,35.7741,35.8327,35.9116,35.9595,35.9702,35.9702,35.9702,35.9702,35.9809,36.0287,36.1076,36.1555,36.1662,36.1662,36.1662,36.1662,36.1662,36.1662,36.1662,36.1769,36.2247,36.3143,36.4101,36.4997,36.5476,36.5582,36.5689,36.6168,36.6957,36.7436,36.7543,36.7543,36.7649,36.8128,36.8917,36.9396,36.9503,36.9503,36.9503,36.9503,36.9503,36.9503,36.9503,36.961,37.0088,37.0878,37.1356,37.1463,37.157,37.2049,37.2838,37.3423,37.4009,37.4798,37.5384,37.5969,37.6758,37.7344,37.7929,37.8718,37.9197,37.9304,37.9304,37.9411,37.9889,38.0679,38.1157,38.1264,38.1371,38.185,38.2746,38.3703,38.4599,38.5078,38.5291,38.577,38.6559,38.7038,38.7252,38.773,38.852,38.8998,38.9105,38.9105,38.9105,38.9105,38.9105,38.9105,38.9105,38.9105,38.9105,38.9105,38.9105,38.9105,38.9105,38.9105,38.9105,38.9105,38.9105,38.9105,38.9105,38.9105,38.9105,38.9105,38.9105,38.9105,38.9105,38.9105,38.9105,38.9105,38.9105,38.9105,38.9212,38.9691,39.048,39.0959,39.1065,39.1065,39.1065,39.1065,39.1172,39.1651,39.244,39.2919,39.3026,39.3026,39.3132,39.3611,39.44,39.4986,39.5571,39.6361,39.6839,39.6946,39.6946,39.6946,39.6946,39.6946,39.6946,39.6946,39.6946,39.6946,39.6946,39.6946,39.6946,39.6946,39.6946,39.6946,39.6946,39.7053,39.7532,39.8321,39.8906,39.9492,40.0281,40.076,40.0866,40.0866,40.0866,40.0973,40.1452,40.2241,40.272,40.2934,40.3412,40.4201,40.468,40.4894,40.5372,40.6268,40.7226,40.8122,40.8601,40.8814,40.9293,41.0189,41.1146,41.2149,41.3107,41.4109,41.528,41.7134,41.9298,42.0841,42.195,42.2908,42.3911,42.4868,42.5871,42.6828,42.7831,42.8788,42.9791,43.0749,43.1645,43.2123,43.223,43.2337,43.2816,43.3712,43.4669,43.5565,43.6151,43.6736,43.7632,43.8696,44.0178,44.1924,44.3406,44.447,44.5473,44.643,44.7326,44.7805,44.8019,44.8497,44.9393,45.0778,45.3589,45.7331,45.9832,46.1048

Pole type : Curve
Start frame : 1
End frame : 208
Start time (s) : 0.000
End time (s) : 1482.400
Time step (s) : 7.161

Feature Information :


Feature number : 1

Time (s) : 603.5651,604.6261,606.2197,607.8459,609.0273,610.1647,611.492,612.8958,614.2996,615.7034,617.1072,618.511,619.9148,621.3185,622.7223,624.0496,625.1106,625.9492,627.0102,628.261,629.322,630.1606,631.2216,632.5489,633.9526,635.3564,636.7602,638.0875,639.1485,639.9871,641.0481,642.3754,643.7792,645.1829,646.5102,647.4947

Position (um) : 2.8561,2.8612,2.8708,2.881,2.8906,2.8957,2.8968,2.8968,2.8968,2.8968,2.8968,2.8968,2.8968,2.8968,2.8968,2.8957,2.8906,2.8821,2.877,2.8748,2.8697,2.8612,2.8561,2.855,2.855,2.8561,2.8612,2.8708,2.881,2.8906,2.8957,2.8968,2.8968,2.8968,2.8968,2.8968

Intensity : 422.3763,420.1816,416.4417,412.0547,408.3329,405.0337,401.627,398.1484,394.6699,391.1913,387.0328,382.7788,378.5247,374.2707,370.0167,369.0195,369.4803,370.4322,370.6545,370.5632,370.5958,370.7467,370.5107,369.9965,369.414,368.8196,368.2294,367.4293,366.4857,364.2742,362.4768,361.0389,359.7165,355.5126,348.4778,343.2599

Time pixel : 84.2809,84.429,84.6516,84.8786,85.0436,85.2024,85.3878,85.5838,85.7798,85.9759,86.1719,86.3679,86.5639,86.7599,86.956,87.1413,87.2895,87.4066,87.5547,87.7294,87.8775,87.9946,88.1428,88.3281,88.5241,88.7202,88.9162,89.1015,89.2497,89.3668,89.5149,89.7003,89.8963,90.0923,90.2777,90.4151

Position pixel : 26.7678,26.8157,26.9053,27.001,27.0906,27.1385,27.1491,27.1491,27.1491,27.1491,27.1491,27.1491,27.1491,27.1491,27.1491,27.1385,27.0906,27.0117,26.9638,26.9424,26.8946,26.8157,26.7678,26.7571,26.7571,26.7678,26.8157,26.9053,27.001,27.0906,27.1385,27.1491,27.1491,27.1491,27.1491,27.1491

Brightness max : 656.68
Brightness min : 221.00
Feature direction : Ambiguous
Feature speed : Slow
Feature type : Curve
Start frame : 1
End frame : 208
Start time (s) : 0.000
End time (s) : 1482.400
Time step (s) : 7.161

