KYMOANALYSIS DATA

General Information :

Tiff path : E:\Google Drive\microtubule dynamics and cut7\20-15 screens and tests\wild type\19-03-28&04-04 (cut7-3GFP and pkl1-mCh__int_mono_bipole_25 deg)\
Spindle type : Bipolar
Start frame : 1
End frame : 53
Start time (s) : 0.000
End time (s) : 516.860
Time step (s) : 9.940
Num poles : 2
Num tracks : 2
Num tracks poleward : 0
Num tracks antipoleward : 0
Num tracks ambiguous : 2
Comments : {

}
Poles Information :


Pole number : 1

Time (s) : 12.77779,13.05486,13.63964,14.86894,16.72006,18.9016,21.1113,22.98513,24.1942,25.14493,26.13915,27.36846,28.7568,30.1323,31.52311,33.09567,34.7764,36.44182,37.91017,39.15479,40.2379,41.16593,42.1715,43.34747,44.59209,45.99425,47.755,50.00272,52.36749,54.20577,55.55954,57.28076,59.79173,62.5531,65.05616,67.74494,71.03378,74.4881,77.72607,80.38571,82.39685,83.94521,85.33603,86.78906,88.2994,90.04482,92.06881,94.19701,96.10147,97.64983,99.06732,100.6665,102.5468,104.9012,107.6512,110.3069,112.8277,116.1344,120.0554,123.2159,125.4201,127.7859,130.6159,133.7255,137.0983,140.5753,143.9239,147.2572,150.6567,154.1095,157.6552,161.2251,164.5317,167.5104,170.2056,172.3096,173.98,175.8449,178.066,180.3937,182.7901,185.4344,188.1982,190.9645,193.9546,197.3807,201.2963,205.6214,209.9173,213.5543,216.7237,220.0634,223.0396,225.5718,228.5885,232.4217,236.321,239.5219,242.4013,245.9939,250.0814,254.1546,258.0855,262.0658,266.2357,270.6497,274.9505,279.2385,283.7873,288.1761,291.6669,294.4802,297.7981,301.8041,306.0783,310.4681,314.9418,319.6634,324.4359,328.9363,333.3947,337.9168,342.2557,346.559,351.1853,355.7874,360.2903,365.2623,370.6438,376.0698,381.4513,386.3966,390.6733,394.5736,398.0659,400.976,403.2375,405.2002,407.8075,411.5098,415.7242,419.7237,423.7307,427.9782,432.3541,436.3206,439.6717,442.8855,446.1654,449.434,452.6058,455.5732,458.5059,461.3271,464.1289,466.7352,468.9434,470.7308,472.372,474.0108,475.5058,476.9233,478.4959,480.1499,481.7758,483.4324,485.4015,487.6912,490.216,492.7561,495.2834,497.9964,501.0639,504.4787,508.1262,511.3656,513.6272,515.0205,516.1302,517.0291,517.5719,517.891,518.3142,519.0427,520.0992,521.2905,522.4664,523.4187,524.081,524.5971,525.0865,525.576,526.0388,526.382

Position (um) : 2.2709,2.2691,2.2635,2.253,2.2375,2.2184,2.1985,2.1816,2.1694,2.1598,2.1512,2.1409,2.1296,2.1188,2.1083,2.0973,2.0842,2.0694,2.0564,2.0456,2.0366,2.0295,2.0221,2.0119,1.9999,1.9888,1.977,1.9609,1.9445,1.9331,1.9247,1.9128,1.8969,1.8809,1.8682,1.8567,1.8429,1.8289,1.816,1.8057,1.7983,1.7915,1.7841,1.7773,1.7702,1.761,1.7498,1.7387,1.7306,1.7248,1.7192,1.7124,1.7029,1.6895,1.6725,1.6559,1.6407,1.6212,1.599,1.5814,1.5677,1.5527,1.5375,1.5233,1.5075,1.4896,1.4713,1.4531,1.4361,1.42,1.4043,1.3888,1.3743,1.3612,1.3499,1.3418,1.3357,1.3286,1.3186,1.307,1.2948,1.281,1.268,1.255,1.2393,1.2201,1.1991,1.1768,1.1545,1.1361,1.1214,1.1064,1.0925,1.0806,1.0672,1.051,1.0352,1.0244,1.0176,1.0099,1.0016,0.99474,0.9892,0.98394,0.97898,0.975,0.97187,0.96818,0.96478,0.96321,0.96293,0.96264,0.96136,0.95924,0.95767,0.95582,0.95213,0.94745,0.94348,0.94063,0.93794,0.93509,0.9314,0.92772,0.92486,0.92218,0.91961,0.91721,0.91564,0.91378,0.91039,0.9067,0.90385,0.90145,0.90016,0.89988,0.89988,0.89988,0.90159,0.90958,0.92384,0.93522,0.9422,0.94845,0.95425,0.95739,0.95924,0.96164,0.96421,0.9669,0.96975,0.97344,0.97683,0.9784,0.97898,0.98026,0.98237,0.98394,0.9858,0.98948,0.99417,0.99814,1.0016,1.0065,1.0123,1.0168,1.0213,1.0275,1.0349,1.0415,1.0473,1.0541,1.063,1.0736,1.0851,1.0961,1.1042,1.11,1.115,1.1193,1.1237,1.1295,1.1347,1.1395,1.1455,1.1515,1.1558,1.1586,1.161,1.1623,1.1626,1.1626,1.1626,1.1626

Intensity : 550.4695,551.1845,553.3258,557.9047,563.7279,562.6191,560.3214,558.0525,557.4382,557.5235,558.1448,559.5477,559.2126,554.8012,548.8272,543.6296,538.9854,535.3718,533.5872,533.1808,532.5034,531.3929,528.283,523.2529,518.3517,515.2784,513.8675,514.4867,519.9235,525.7983,530.8241,533.5687,535.4482,536.1373,539.1436,544.6491,553.3451,565.462,579.381,586.6748,591.9064,595.9241,599.4268,604.4187,610.3913,615.9457,619.7147,626.2616,634.3479,642.0962,649.9639,653.8517,655.0816,653.2583,654.6064,655.341,651.676,652.016,657.9679,653.2971,652.6709,655.1276,656.5438,655.7271,659.8046,664.5627,660.0064,659.7413,660.8709,663.0396,670.0074,679.2631,680.4803,683.3391,690.118,698.1248,704.9727,713.0974,723.5304,729.9331,735.1993,743.5857,740.5226,730.5214,719.3084,710.9918,702.1866,700.255,692.0092,683.7406,682.6042,681.2378,676.0535,673.3591,671.9828,658.2889,649.1682,645.9683,646.0638,647.1638,659.6644,689.3363,719.2011,747.0335,776.1781,795.4918,803.866,808.2023,794.7303,780.6643,767.1435,756.2503,743.9375,738.1599,732.3268,733.6096,740.8708,742.3305,732.0829,725.1667,727.2321,729.2372,719.8602,710.5036,700.6247,690.9219,690.2658,697.6767,704.2687,709.3276,724.0082,741.36,735.4449,722.2872,711.0721,703.6532,697.9266,692.9566,685.6116,664.4179,640.2161,623.4806,611.7905,598.824,581.98,566.6709,565.6708,569.0489,571.7822,562.3897,547.1559,532.5353,524.2394,524.3642,524.9115,525.0876,516.7302,508.5415,500.9336,492.7761,485.037,478.0158,478.283,479.4146,480.5688,482.3647,484.9307,486.7166,485.6749,485.9243,487.2549,489.0131,490.2101,488.2983,481.014,469.1778,461.1305,456.0961,452.0923,448.5741,445.2874,442.5807,439.5866,435.4906,429.7405,423.4863,417.7143,413.1887,409.945,407.5586,405.5161,403.5412,401.674,400.289

Time pixel : 1.28554,1.31342,1.37225,1.49593,1.68216,1.90164,2.12396,2.31248,2.43412,2.52977,2.6298,2.75347,2.89315,3.03154,3.17146,3.32967,3.49877,3.66632,3.81405,3.93927,4.04824,4.1416,4.24277,4.36108,4.4863,4.62737,4.80451,5.03065,5.26856,5.45351,5.58971,5.76288,6.0155,6.29331,6.54514,6.81565,7.14653,7.49406,7.81983,8.08741,8.28974,8.44552,8.58545,8.73163,8.88358,9.05919,9.26281,9.47693,9.66853,9.82431,9.96692,10.1278,10.317,10.5538,10.8305,11.0977,11.3513,11.684,12.0785,12.3964,12.6182,12.8562,13.1409,13.4538,13.7931,14.1429,14.4798,14.8152,15.1572,15.5046,15.8613,16.2205,16.5531,16.8528,17.124,17.3356,17.5037,17.6913,17.9148,18.149,18.3901,18.6561,18.9342,19.2125,19.5133,19.858,20.2519,20.6871,21.1193,21.4852,21.804,22.14,22.4395,22.6942,22.9977,23.3834,23.7757,24.0977,24.3874,24.7488,25.1601,25.5699,25.9653,26.3658,26.7853,27.2294,27.6621,28.0935,28.5511,28.9927,29.3439,29.6269,29.9607,30.3638,30.7938,31.2354,31.6855,32.1605,32.6407,33.0935,33.542,33.997,34.4335,34.8664,35.3319,35.7949,36.2479,36.7481,37.2896,37.8354,38.3769,38.8744,39.3047,39.6971,40.0484,40.3412,40.5687,40.7662,41.0285,41.401,41.825,42.2274,42.6305,43.0578,43.4981,43.8971,44.2343,44.5576,44.8876,45.2164,45.5355,45.8341,46.1291,46.413,46.6949,46.9571,47.1792,47.3591,47.5242,47.689,47.8395,47.9821,48.1403,48.3067,48.4703,48.6369,48.835,49.0654,49.3194,49.575,49.8292,50.1022,50.4108,50.7544,51.1213,51.4472,51.6748,51.8149,51.9266,52.017,52.0716,52.1037,52.1463,52.2196,52.3259,52.4457,52.564,52.6598,52.7265,52.7784,52.8277,52.8769,52.9235,52.958

Position pixel : 21.2833,21.2659,21.214,21.1155,20.9705,20.7909,20.6046,20.4464,20.3317,20.2414,20.1612,20.0643,19.9591,19.858,19.7595,19.6556,19.5331,19.3949,19.2724,19.1712,19.0875,19.0208,18.9515,18.8557,18.7428,18.6389,18.5282,18.378,18.2239,18.1173,18.0384,17.9268,17.7777,17.6276,17.509,17.401,17.2722,17.1403,17.0193,16.9235,16.8542,16.7902,16.7211,16.6572,16.5906,16.5041,16.399,16.2954,16.2194,16.1648,16.1128,16.0489,15.9598,15.8345,15.675,15.5195,15.3766,15.1944,14.9859,14.8208,14.6926,14.5518,14.4094,14.2762,14.1284,13.9609,13.7891,13.6189,13.4591,13.3087,13.161,13.0159,12.8802,12.7577,12.6514,12.5754,12.5182,12.4515,12.3584,12.2494,12.1347,12.0059,11.8834,11.7621,11.6144,11.4348,11.2378,11.0289,10.8201,10.6472,10.5097,10.3689,10.2385,10.1278,10.0014,9.84972,9.70224,9.60107,9.53687,9.46512,9.38671,9.32276,9.27083,9.22159,9.17503,9.13781,9.1084,9.07386,9.04201,9.0273,9.02462,9.02194,9.00991,8.99009,8.97538,8.95799,8.92345,8.87958,8.84236,8.81563,8.79043,8.7637,8.72917,8.69463,8.6679,8.64271,8.61866,8.59615,8.58144,8.56405,8.5322,8.49766,8.47093,8.44842,8.4364,8.43371,8.43371,8.43371,8.44981,8.52464,8.65831,8.76499,8.83033,8.88892,8.94328,8.9727,8.99009,9.0126,9.03665,9.06184,9.08857,9.12311,9.15496,9.16967,9.17503,9.18706,9.20688,9.22159,9.23898,9.27352,9.31739,9.35461,9.38671,9.43327,9.48763,9.52907,9.57165,9.63024,9.69931,9.76057,9.81518,9.87913,9.96291,10.0614,10.1692,10.2728,10.3488,10.4034,10.45,10.4899,10.5313,10.5857,10.6349,10.679,10.7361,10.792,10.8319,10.8586,10.8811,10.8932,10.8958,10.8958,10.8958,10.8958

Pole type : Curve
Start frame : 1
End frame : 53
Start time (s) : 0.000
End time (s) : 516.860
Time step (s) : 9.940

Pole number : 2

Time (s) : 12.83113,13.50727,15.36333,18.6512,22.06994,24.33792,25.84677,27.16892,28.38687,29.49665,30.51754,31.60065,32.67241,33.70465,34.7764,35.85951,36.93374,38.28257,39.92131,41.68205,43.66653,45.91425,48.24198,50.63836,53.25601,55.76698,57.63192,58.95902,60.50738,62.58224,64.8833,67.25302,69.80448,72.51745,75.53416,79.0265,82.82012,86.48532,89.91148,93.12525,96.30348,99.86051,103.8156,107.9283,111.9101,115.56,118.8424,122.0448,125.1761,127.7429,129.7299,131.5948,133.4459,134.9651,135.8932,136.4626,136.9521,137.4149,137.7581

Position (um) : 8.55948,8.57285,8.60585,8.66028,8.715,8.75042,8.77162,8.78907,8.80628,8.82399,8.83992,8.85497,8.87016,8.88464,8.898,8.9112,8.92513,8.94246,8.96403,8.9879,9.01445,9.04326,9.07094,9.0974,9.12691,9.15614,9.17856,9.19466,9.21471,9.24407,9.27713,9.30968,9.34418,9.38196,9.42357,9.47102,9.52437,9.57733,9.6259,9.66963,9.71057,9.75372,9.79858,9.84247,9.88521,9.92551,9.9622,9.9991,10.0357,10.0678,10.0925,10.1124,10.1279,10.1351,10.1365,10.1365,10.1365,10.1365,10.1365

Intensity : 292.5342,292.8202,295.3263,303.9965,315.8849,326.4353,331.5413,336.6858,341.9161,347.1403,350.2369,353.2387,355.7086,359.0419,363.5051,369.0006,375.5508,385.2246,398.4092,404.0634,413.5356,428.0061,446.2285,453.8777,457.5201,466.7918,476.4133,478.3926,477.7504,476.8611,483.5992,487.0429,494.0852,492.352,485.4183,485.9659,470.0621,459.965,456.4333,442.5571,440.4479,437.0049,436.4862,443.0687,445.9241,452.1272,452.6649,446.6115,445.3794,445.4708,445.4629,439.3704,434.4861,430.8447,428.5313,427.0417,425.7614,424.5508,423.6529

Time pixel : 1.29091,1.35893,1.54567,1.87645,2.2204,2.44858,2.60038,2.7334,2.85593,2.96758,3.07029,3.17926,3.28709,3.39094,3.49877,3.60774,3.71581,3.85151,4.01638,4.19353,4.39318,4.61932,4.85351,5.0946,5.35795,5.61058,5.7982,5.93172,6.0875,6.29624,6.52775,6.76616,7.02286,7.2958,7.5993,7.95066,8.33233,8.70107,9.04577,9.3691,9.68885,10.0467,10.4446,10.8584,11.259,11.6262,11.9564,12.2786,12.5937,12.8519,13.0518,13.2394,13.4257,13.5785,13.6719,13.7292,13.7784,13.825,13.8595

Position pixel : 80.2201,80.3454,80.6547,81.1648,81.6776,82.0096,82.2082,82.3718,82.5331,82.6991,82.8484,82.9894,83.1318,83.2675,83.3927,83.5164,83.647,83.8094,84.0115,84.2352,84.4841,84.7541,85.0135,85.2615,85.538,85.812,86.0221,86.173,86.3609,86.636,86.946,87.251,87.5743,87.9284,88.3183,88.7631,89.263,89.7594,90.2146,90.6244,91.0081,91.4126,91.833,92.2443,92.6449,93.0226,93.3664,93.7122,94.0556,94.3561,94.5878,94.7738,94.919,94.9867,95,95,95,95,95

Pole type : Curve
Start frame : 1
End frame : 53
Start time (s) : 0.000
End time (s) : 516.860
Time step (s) : 9.940

Feature Information :


Feature number : 1

Time (s) : 16.5739,16.8001,17.6353,19.3935,21.7583,23.9793,25.6472,26.9719,28.3207,29.6824,30.7921,31.6693,32.7791,34.1408,35.4629,36.6147,37.7131,38.7429,39.5247,40.187,40.8469,41.363,41.8016,42.3686,42.9775,43.6399,44.4726,45.3981,46.2575,47.066,48.0182,49.048,49.976,50.9816,52.1843,53.5751,55.2138,56.8259,58.0705,58.9832,59.7651,60.6244,61.55,62.436,63.3374,64.4205,65.6385,66.9606,68.2561,69.3545,70.2139,70.8496,71.3924,71.9747,72.515

Position (um) : 4.6653,4.661,4.6523,4.6368,4.6161,4.596,4.5799,4.5673,4.5552,4.5429,4.5321,4.5215,4.5073,4.4903,4.4743,4.4593,4.4443,4.4315,4.4215,4.4121,4.4023,4.3942,4.3868,4.3778,4.3679,4.3584,4.3487,4.3374,4.3259,4.3151,4.3046,4.2944,4.2848,4.2749,4.2617,4.2449,4.2258,4.2066,4.1898,4.1766,4.1667,4.1575,4.1485,4.1401,4.1309,4.1207,4.1102,4.0994,4.0879,4.0768,4.0687,4.0629,4.0576,4.0527,4.049

Intensity : 303.6975,303.9055,304.8875,307.2767,310.6273,314.3562,317.334,319.7505,322.4497,325.4293,326.9498,328.239,330.0942,332.6284,334.8033,336.291,337.8681,339.4698,340.7754,340.821,340.3274,340.0051,339.7837,339.5311,338.6552,337.5545,336.4518,335.3806,334.5316,333.9037,333.4103,333.0961,332.5776,331.1338,328.9804,326.0407,323.3366,321.4197,320.4385,320.0451,319.6996,317.8438,315.5017,313.3428,311.179,308.7279,306.1423,303.497,301.0037,298.9618,297.2016,295.8793,294.7724,293.4989,292.2311

Time pixel : 1.6675,1.6902,1.7742,1.9511,2.189,2.4125,2.5803,2.7136,2.8493,2.9863,3.0979,3.1862,3.2978,3.4348,3.5678,3.6837,3.7942,3.8978,3.9765,4.0431,4.1095,4.1614,4.2056,4.2626,4.3239,4.3905,4.4743,4.5674,4.6539,4.7352,4.831,4.9346,5.028,5.1291,5.2501,5.3901,5.5549,5.7171,5.8423,5.9342,6.0128,6.0993,6.1924,6.2815,6.3722,6.4812,6.6037,6.7367,6.8671,6.9776,7.064,7.128,7.1826,7.2412,7.2956

Position pixel : 43.7231,43.6832,43.6019,43.4569,43.2628,43.0739,42.9235,42.8049,42.6917,42.5761,42.4749,42.3762,42.2432,42.0837,41.9333,41.7933,41.6525,41.5327,41.4382,41.3502,41.2586,41.1826,41.1133,41.0295,40.9364,40.8473,40.7566,40.6503,40.5425,40.4413,40.3428,40.247,40.1579,40.0645,39.9408,39.7837,39.6042,39.4246,39.2675,39.1438,39.0505,38.964,38.8802,38.8016,38.7151,38.6193,38.5208,38.4197,38.3118,38.2082,38.1323,38.0777,38.0284,37.9818,37.9473

Brightness max : 399.53
Brightness min : 220.00
Feature direction : Ambiguous
Feature speed : Slow
Feature type : Curve
Start frame : 1
End frame : 53
Start time (s) : 0.000
End time (s) : 516.860
Time step (s) : 9.940

Feature number : 2

Time (s) : 25.8734,26.1263,27.1077,29.2625,32.3558,35.5533,37.9739,39.4714,40.5036,41.363,42.1182,42.8313,43.4403,43.9831,44.5921,45.2786,45.8876,46.4304,47.066,47.872,48.6781,49.3671,50.1756,51.2915,52.1283,52.8118,53.3903,54.0191,54.6779,55.1129,55.2788,55.4738,55.8774,56.2856,56.624,56.9855,57.3891,57.8537,58.5458,59.3617,60.3391,61.5843,63.2065,65.138,67.0637,68.8407,70.3623,71.7353,73.1352,74.644,76.1689,77.5591,78.9177,80.251,81.5008,82.7235,83.9458,85.2006,86.3164,87.1382,87.8067,88.4202,89.03,89.6154,90.2278,90.9394,91.8519,92.8665,93.8605,94.6264

Position (um) : 6.8859,6.8889,6.8952,6.9087,6.9295,6.9527,6.9707,6.9821,6.9892,6.9947,7,7.0049,7.0089,7.012,7.016,7.021,7.0262,7.0318,7.0386,7.0473,7.0562,7.0646,7.0741,7.0857,7.0996,7.1124,7.1232,7.1333,7.1447,7.1559,7.1651,7.1751,7.1868,7.1996,7.2131,7.2265,7.2388,7.2526,7.2676,7.2806,7.2939,7.3086,7.324,7.3416,7.359,7.3741,7.3862,7.3952,7.4041,7.4156,7.4296,7.4438,7.4582,7.4729,7.4897,7.5071,7.5237,7.5404,7.556,7.5657,7.5707,7.5736,7.5754,7.5771,7.5789,7.5819,7.586,7.59,7.5928,7.5935

Intensity : 268.5626,268.848,269.7938,272.0583,274.9698,276.5632,277.4426,277.9829,277.0576,275.8989,274.8983,273.9739,273.2027,272.5295,271.7835,270.9574,270.2395,269.615,268.9059,267.9387,266.9439,266.1286,265.3068,264.3814,263.8062,263.4459,263.2184,263.0256,262.9161,262.9046,262.9621,263.0401,263.1282,263.2875,263.525,263.8126,264.1325,264.5592,264.7433,264.9249,265.076,265.2921,265.6904,266.3377,267.1713,266.7798,266.7196,267.3638,268.1777,269.1083,270.1397,271.2309,272.4962,272.4192,270.6191,268.9201,267.4534,266.1242,265.0261,264.4136,264.1455,264.0228,263.9752,263.7172,262.9827,262.0659,260.9106,259.7114,258.6743,258.0047

Time pixel : 2.6031,2.6285,2.7272,2.944,3.2552,3.5769,3.8205,3.9711,4.075,4.1614,4.2374,4.3092,4.3704,4.425,4.4863,4.5554,4.6166,4.6712,4.7352,4.8163,4.8974,4.9667,5.048,5.1603,5.2445,5.3133,5.3715,5.4347,5.501,5.5448,5.5615,5.5811,5.6217,5.6627,5.6968,5.7332,5.7738,5.8205,5.8901,5.9722,6.0706,6.1958,6.3591,6.5534,6.7471,6.9259,7.079,7.2171,7.358,7.5098,7.6632,7.803,7.9397,8.0739,8.1996,8.3226,8.4456,8.5718,8.6841,8.7668,8.834,8.8957,8.9571,9.016,9.0776,9.1492,9.241,9.3431,9.4431,9.5201

Position pixel : 64.5355,64.5634,64.6222,64.7486,64.9442,65.1607,65.3298,65.4364,65.503,65.5549,65.6042,65.6507,65.6879,65.7174,65.7546,65.8011,65.8504,65.9023,65.9663,66.0473,66.1311,66.2098,66.2989,66.4077,66.5378,66.6578,66.7594,66.8536,66.9602,67.066,67.1519,67.2452,67.3555,67.4748,67.6017,67.7275,67.8429,67.972,68.1123,68.2347,68.3588,68.4971,68.6409,68.8058,68.9688,69.1109,69.2243,69.3083,69.392,69.4998,69.6305,69.7636,69.8988,70.037,70.1937,70.3573,70.5123,70.6691,70.8152,70.9067,70.9533,70.9802,70.9971,71.0127,71.0303,71.0585,71.0963,71.1343,71.1604,71.1668

Brightness max : 349.90
Brightness min : 220.00
Feature direction : Ambiguous
Feature speed : Slow
Feature type : Curve
Start frame : 1
End frame : 53
Start time (s) : 0.000
End time (s) : 516.860
Time step (s) : 9.940

