KYMOANALYSIS DATA

General Information :

Tiff path : E:\Google Drive\microtubule dynamics and cut7\20-15 screens and tests\wild type\18-11-09 (cut7-3GFP and sid4-mCh)\
Spindle type : Bipolar
Start frame : 1
End frame : 208
Start time (s) : 0.000
End time (s) : 1482.400
Time step (s) : 7.161
Num poles : 2
Num tracks : 12
Num tracks poleward : 7
Num tracks antipoleward : 0
Num tracks ambiguous : 4
Comments : {

}
Poles Information :


Pole number : 1

Time (s) : 68.72191,70.16535,73.77896,79.60232,84.83502,87.99249,89.92463,91.44884,93.1515,94.8216,96.30188,97.70567,99.10946,100.5132,101.917,103.3208,104.7246,106.2814,108.5238,111.82,115.3826,118.2667,120.5856,122.9739,125.2856,127.1852,129.0848,131.4731,134.1277,136.5159,138.339,139.8193,141.2231,142.7034,144.45,146.4189,148.242,150.1416,152.4534,154.8417,157.0841,159.5488,162.2799,165.011,167.3993,169.2989,171.1984,173.5102,175.975,178.6367,182.0859,186.4503,192.1094,199.0008,205.3384,209.9251,212.5868,214.1436,215.2046,216.0432,217.1806,218.9272,221.3155,224.0466,226.8542,229.7382,232.8886,236.2614,239.4882,242.6386,245.6686,248.2538,250.795,253.5261,256.2572,258.722,260.9644,263.3526,265.7409,267.9068,270.0288,272.1182,274.2401,276.4825,279.2002,282.0142,284.1932,286.1053,288.4292,291.1717,294.2565,297.6395,301.0656,304.5235,307.9479,311.4038,314.8261,318.2031,321.28,324.0126,326.3243,328.2221,330.3079,332.8366,335.2613,337.793,340.7788,344.1378,347.4621,350.4741,352.8864,354.9865,356.9759,358.9963,361.0594,363.65,367.6111,373.4575,379.9458,385.5014,389.986,393.4553,396.3945,399.603,403.7233,408.8323,414.5555,420.3933,425.9059,430.8416,434.4317,437.1982,440.1881,443.2304,446.0153,448.4663,450.8571,454.163,458.7941,463.7731,468.2315,472.6622,477.6118,482.1213,485.9567,489.7128,493.1303,495.8405,498.3575,500.725,502.6069,504.149,505.6174,507.1646,508.9803,511.1733,513.6782,516.5159,519.3662,522.206,524.7151,526.9908,529.1578,531.3574,533.7538,537.2874,542.6733,548.9228,554.2381,558.2579,561.2923,564.1034,567.6244,571.8301,576.5303,581.7182,586.9813,591.8679,596.1003,599.4349,602.3377,604.8314,607.0139,608.8199,610.4351,612.3921,615.1798,618.5317,621.737,624.6752,627.5361,630.3199,632.8368,635.0541,637.1506,639.1006,641.393,644.396,647.519,650.3754,652.7356,654.264,655.2269,656.3354,657.6334,658.6649,659.1309

Position (um) : 5.6938,5.6853,5.6581,5.6113,5.5645,5.5362,5.5214,5.5067,5.4932,5.4858,5.4796,5.47,5.4598,5.4502,5.444,5.4366,5.4231,5.4072,5.3896,5.3654,5.3417,5.3247,5.3134,5.3027,5.2925,5.2818,5.2715,5.2608,5.2495,5.2348,5.2201,5.2077,5.193,5.1772,5.1607,5.1416,5.1251,5.107,5.0822,5.0528,5.0268,5.0036,4.9776,4.9482,4.9234,4.9053,4.8877,4.8646,4.8448,4.83,4.808,4.7735,4.7328,4.691,4.6515,4.621,4.6034,4.5915,4.5813,4.5706,4.5593,4.5435,4.5237,4.5016,4.4756,4.4463,4.4191,4.3919,4.3615,4.3303,4.2987,4.2676,4.236,4.2037,4.1681,4.1325,4.1003,4.0698,4.0438,4.0217,4.0008,3.9799,3.959,3.938,3.917,3.8966,3.879,3.8608,3.8359,3.8104,3.7865,3.7598,3.7298,3.702,3.673,3.6367,3.5965,3.559,3.526,3.4948,3.4692,3.4503,3.4319,3.4069,3.38,3.3508,3.3132,3.2665,3.2154,3.1686,3.131,3.1017,3.0735,3.0432,3.0161,2.9908,2.9552,2.8999,2.8362,2.7831,2.7443,2.715,2.6857,2.6492,2.6076,2.5637,2.5171,2.4701,2.4269,2.3874,2.3596,2.3393,2.3147,2.2895,2.2672,2.245,2.2166,2.1748,2.1207,2.0666,2.0227,1.9832,1.9383,1.8929,1.8503,1.81,1.7748,1.747,1.7215,1.6978,1.6808,1.6645,1.6453,1.6228,1.5935,1.5604,1.5333,1.5064,1.4772,1.4475,1.4222,1.4009,1.3808,1.3606,1.3382,1.3067,1.2623,1.2133,1.1689,1.1374,1.1138,1.0885,1.0576,1.0198,0.97023,0.91555,0.86303,0.81344,0.77339,0.74458,0.71804,0.68932,0.66276,0.63733,0.61254,0.58926,0.55707,0.5141,0.46951,0.43153,0.39533,0.36141,0.33477,0.31323,0.29396,0.27865,0.26665,0.25134,0.23205,0.21276,0.19744,0.18656,0.17747,0.17284,0.17103,0.16639,0.15843

Intensity : 516.7228,537.7877,573.8903,604.1959,604.1956,603.5033,602.8507,604.8394,606.9287,596.1922,586.4811,578.9213,571.5937,562.8383,547.517,531.3874,516.2003,499.5392,481.4585,465.8105,460.4001,487.2345,508.5654,526.0677,539.1894,551.1625,563.7784,583.4706,605.7653,625.3252,628.8335,629.8314,631.5116,634.1231,640.1316,648.5883,656.8035,658.4826,639.6843,620.2504,605.8136,580.4691,553.3861,537.0321,533.8044,534.4575,534.2962,534.0929,535.4904,539.2866,523.1611,491.2876,448.639,422.486,408.3205,408.5002,411.4091,414.3596,414.2881,411.6999,407.7835,402.0736,395.0515,385.4425,374.6069,362.5104,348.7533,334.0366,328.6153,326.2463,330.7092,337.7608,342.4242,343.5139,345.9209,342.424,336.119,330.1556,324.7498,321.7146,318.8902,316.2105,311.4036,305.7235,298.945,300.0583,302.0534,304.591,309.045,314.8365,322.5226,326.3527,330.4618,327.6004,326.9957,328.2464,330.7128,338.6563,350.2506,356.1644,363.0564,371.2729,381.29,394.2847,408.0587,416.2075,416.292,407.8086,394.0415,375.3651,360.1995,352.2194,346.1215,345.6264,351.5699,362.0622,382.5601,422.8412,436.9446,443.2302,433.6843,430.7669,449.3585,475.5929,506.6886,558.5753,582.8212,590.1491,598.5686,615.2884,627.4359,634.4154,627.9443,628.713,625.1008,625.9101,624.4431,627.9036,649.6142,652.1585,661.9418,662.6719,639.3603,627.2961,631.2493,638.3594,642.2523,654.8929,670.767,687.6259,694.5514,702.6693,716.2462,735.556,759.086,774.8755,798.1388,821.4374,812.6603,806.8725,808.9824,814.3331,818.0386,804.2297,789.6728,779.7525,778.9491,785.668,805.9766,802.7842,802.5787,814.6324,813.0646,790.2732,790.9747,782.546,788.661,745.8814,741.401,753.3757,755.4743,751.4924,758.3561,772.2793,771.2283,772.6083,784.2515,771.9231,758.798,771.3746,777.5119,800.2121,801.8234,805.7651,807.3339,791.6268,772.4641,754.9891,758.1422,771.1743,777.2799,780.8996,786.3492,785.5296,780.0632,780.0658,786.9989

Time pixel : 9.59622,9.79778,10.3024,11.1155,11.8462,12.2871,12.5569,12.7698,13.0075,13.2407,13.4474,13.6435,13.8395,14.0355,14.2315,14.4276,14.6236,14.841,15.1541,15.6144,16.1118,16.5146,16.8384,17.1719,17.4947,17.7599,18.0252,18.3587,18.7294,19.0629,19.3174,19.5241,19.7202,19.9269,20.1708,20.4457,20.7003,20.9655,21.2884,21.6218,21.935,22.2791,22.6605,23.0419,23.3754,23.6406,23.9059,24.2287,24.5729,24.9445,25.4262,26.0356,26.8258,27.7882,28.6731,29.3136,29.6853,29.9027,30.0508,30.1679,30.3268,30.5707,30.9041,31.2855,31.6776,32.0803,32.5202,32.9912,33.4418,33.8817,34.3048,34.6658,35.0206,35.402,35.7834,36.1275,36.4407,36.7741,37.1076,37.4101,37.7064,37.9982,38.2945,38.6076,38.9871,39.38,39.6843,39.9513,40.2758,40.6588,41.0895,41.5619,42.0403,42.5232,43.0014,43.4839,43.9618,44.4334,44.863,45.2446,45.5674,45.8324,46.1237,46.4768,46.8154,47.1689,47.5858,48.0549,48.5191,48.9397,49.2765,49.5698,49.8476,50.1297,50.4178,50.7795,51.3326,52.149,53.055,53.8308,54.457,54.9415,55.3519,55.7999,56.3753,57.0887,57.8879,58.7031,59.4728,60.162,60.6634,61.0497,61.4672,61.892,62.2809,62.6231,62.957,63.4186,64.0653,64.7605,65.3831,66.0018,66.693,67.3227,67.8582,68.3827,68.8599,69.2384,69.5899,69.9204,70.1832,70.3986,70.6036,70.8197,71.0732,71.3794,71.7292,72.1255,72.5235,72.92,73.2704,73.5882,73.8908,74.1979,74.5325,75.026,75.7781,76.6507,77.3929,77.9543,78.378,78.7705,79.2622,79.8494,80.5058,81.2302,81.9651,82.6475,83.2385,83.7041,84.1095,84.4577,84.7625,85.0147,85.2402,85.5135,85.9027,86.3708,86.8184,87.2287,87.6282,88.0169,88.3683,88.678,88.9707,89.243,89.5631,89.9824,90.4185,90.8174,91.147,91.3604,91.4948,91.6496,91.8309,91.9749,92.04

Position pixel : 53.3629,53.283,53.0284,52.5895,52.1506,51.8853,51.7468,51.6094,51.4826,51.4134,51.3548,51.2652,51.1695,51.0799,51.0213,50.9521,50.8253,50.6771,50.5122,50.2851,50.0626,49.9037,49.7973,49.697,49.6013,49.501,49.4053,49.305,49.1986,49.0611,48.9236,48.8065,48.669,48.5209,48.3666,48.1874,48.0331,47.8636,47.6304,47.3554,47.1115,46.8941,46.6503,46.3753,46.1421,45.9726,45.8076,45.5912,45.4059,45.2674,45.0607,44.7379,44.3565,43.9645,43.5938,43.3082,43.1432,43.0322,42.9365,42.8362,42.7298,42.5816,42.3963,42.1896,41.9457,41.6708,41.4162,41.1616,40.876,40.5842,40.2879,39.9962,39.6999,39.3974,39.0639,38.7304,38.428,38.1424,37.8985,37.6918,37.4957,37.2997,37.1037,36.9077,36.7104,36.5192,36.3544,36.1835,35.9504,35.7111,35.4876,35.2376,34.9564,34.6955,34.4238,34.0838,33.7065,33.3556,33.0463,32.7537,32.5133,32.3365,32.1641,31.9293,31.6776,31.4043,31.0519,30.6143,30.1347,29.6967,29.3435,29.0691,28.8052,28.5208,28.2673,28.0295,27.696,27.1781,26.5813,26.0839,25.7195,25.4449,25.1705,24.8282,24.4383,24.0275,23.5906,23.1497,22.745,22.3746,22.1148,21.9239,21.6931,21.457,21.2481,21.0402,20.7745,20.3827,19.8752,19.3682,18.9565,18.5869,18.1663,17.7401,17.3407,16.9631,16.6338,16.3731,16.1341,15.9122,15.7527,15.5996,15.4203,15.2092,14.9345,14.6245,14.3705,14.1183,13.8443,13.5657,13.329,13.1295,12.9407,12.752,12.5418,12.2466,11.8306,11.3713,10.9553,10.6598,10.4386,10.2015,9.9119,9.55751,9.09303,8.58058,8.08839,7.62359,7.24828,6.9783,6.72957,6.46036,6.21143,5.97308,5.74077,5.52261,5.2209,4.81822,4.40024,4.04429,3.70509,3.38719,3.13748,2.93558,2.75499,2.61154,2.4991,2.35557,2.17481,1.99402,1.85038,1.74845,1.6633,1.61986,1.60291,1.55942,1.48486

Pole type : Curve
Start frame : 1
End frame : 208
Start time (s) : 0.000
End time (s) : 1482.400
Time step (s) : 7.161

Pole number : 2

Time (s) : 70.1257,71.64563,75.52555,81.72429,87.34372,91.02245,92.99852,94.3329,95.95908,97.62918,99.10946,100.5132,101.917,103.3208,104.7246,106.1284,107.5322,108.936,110.3398,111.7435,113.1473,114.5511,116.0314,117.8545,120.1663,122.5546,124.7204,126.7659,128.589,130.4886,132.8004,135.1886,137.3545,139.4,141.1466,142.6269,144.1072,145.8538,147.8227,149.6458,151.4689,153.5144,155.7568,158.5643,161.8606,165.011,167.9716,171.1219,174.4947,177.6451,180.5292,183.2602,185.725,187.8909,190.0129,192.1023,194.2242,196.3901,198.8549,201.5095,203.8978,205.7973,207.6969,210.1617,213.1591,216.1126,218.2784,219.9117,221.6583,223.7803,226.289,229.2424,231.897,233.7966,235.3534,237.1765,239.4882,241.8,243.6231,245.1799,247.003,249.4677,252.5416,255.8379,258.6455,260.8879,263.0098,265.0992,267.2212,269.3871,271.7754,274.1636,276.3295,278.6045,281.456,285.1276,288.8106,291.9171,294.083,295.7927,297.9586,300.9121,303.986,306.8701,309.6011,312.0659,314.2318,316.2773,318.0239,319.5042,320.9844,322.8075,325.1193,327.5076,329.6735,331.7954,333.9613,336.4261,339.0807,341.469,343.445,345.6109,348.2216,350.6538,352.7758,354.5224,356.0026,357.4064,358.8102,360.214,361.6178,363.0216,364.4254,365.8292,367.3094,369.1325,371.4443,373.7561,375.5792,376.983,378.1204,379.3018,380.928,382.5981,384.0784,385.4822,386.886,388.2898,389.6935,391.0973,392.4246,393.4856,394.3242,395.3852,396.7125,398.0398,399.1008,399.9394,401.0003,402.3276,403.7314,405.1352,406.539,407.9428,409.4996,411.589,414.2761,417.2041,420.6534,424.4454,428.5874,433.6303,438.8955,443.1508,446.3338,448.4997,450.0564,451.5367,453.2068,454.9095,456.4337,458.0599,459.3872,460.3022,461.4397,463.1098,465.1553,467.2447,469.2902,471.1897,473.3556,476.0428,478.8943,481.9243,484.5788,486.4019,487.6159,488.7973,490.5765,492.9322,495.6193,498.128,500.5928,502.9811,505.147,507.1924,508.939,510.4193,511.8231,513.3034,515.1265,517.4382,519.75,521.6496,523.5492,525.861,528.1728,529.9958,531.4761,532.8799,534.2837,535.6875,537.0913,538.4951,539.8989,541.3791,543.2022,545.667,548.8174,552.7624,557.7359,563.7632,569.7141,574.3448,577.5717,579.6936,580.9515,582.089,583.4163,584.8201,586.2239,587.6276,588.9549,590.0159,590.8545,591.9155,593.2428,594.6466,596.1269,597.8735,599.8424,601.589,603.2223,605.3117,607.7694,609.516,610.5075,611.5685,613.4313,617.8466,625.9492,634.2742,638.8794,640.4758

Position (um) : 8.9578,8.9578,8.9578,8.96008,8.97143,8.99452,9.01941,9.04146,9.06238,9.08215,9.09682,9.10307,9.10421,9.10421,9.10535,9.11046,9.11888,9.12398,9.12512,9.12512,9.12512,9.12512,9.12512,9.12512,9.12512,9.12626,9.13137,9.13979,9.14604,9.15343,9.16695,9.18162,9.19298,9.20368,9.21389,9.22459,9.23481,9.24437,9.25062,9.25686,9.26529,9.27153,9.27778,9.28734,9.29756,9.30826,9.31961,9.33428,9.34781,9.3552,9.36144,9.371,9.38122,9.39078,9.39589,9.39703,9.39703,9.39817,9.40327,9.41283,9.42305,9.43261,9.43772,9.44,9.44511,9.45467,9.46488,9.47558,9.48694,9.5016,9.51741,9.53388,9.55186,9.56321,9.57174,9.58527,9.59994,9.61243,9.6271,9.64063,9.64801,9.6554,9.67007,9.68871,9.70451,9.71587,9.72657,9.73678,9.74748,9.75884,9.77351,9.78704,9.79442,9.80295,9.82273,9.85092,9.87581,9.89161,9.899,9.90639,9.92106,9.94083,9.96175,9.98152,9.99733,10.0087,10.0182,10.0245,10.0307,10.0392,10.0454,10.0517,10.0601,10.0652,10.0675,10.0726,10.0821,10.0935,10.1082,10.1217,10.1291,10.1353,10.1437,10.15,10.1562,10.1647,10.1709,10.1772,10.1856,10.1907,10.193,10.1981,10.2065,10.2116,10.2139,10.219,10.2274,10.2337,10.2399,10.2495,10.2597,10.2692,10.2755,10.2817,10.2913,10.3015,10.3111,10.3162,10.3185,10.3236,10.3331,10.3433,10.3529,10.358,10.3591,10.3603,10.3654,10.3738,10.3789,10.3801,10.3812,10.3863,10.3959,10.4061,10.4168,10.427,10.4388,10.4553,10.4784,10.4982,10.5107,10.5214,10.5316,10.5411,10.5474,10.5536,10.5621,10.5672,10.5694,10.5757,10.5892,10.6039,10.6152,10.6259,10.6362,10.6457,10.652,10.6582,10.6678,10.678,10.6887,10.7,10.7147,10.7294,10.7407,10.7514,10.7616,10.7724,10.7837,10.7995,10.8193,10.8402,10.86,10.8758,10.8871,10.8978,10.9081,10.9176,10.9239,10.9301,10.9397,10.951,10.9657,10.9804,10.9929,11.0075,11.0222,11.0336,11.0443,11.0545,11.064,11.0703,11.0777,11.0912,11.1059,11.1184,11.133,11.1488,11.1676,11.198,11.2387,11.2845,11.3285,11.3608,11.384,11.4038,11.4196,11.4309,11.4417,11.453,11.4688,11.4886,11.5095,11.5293,11.5451,11.5576,11.5734,11.592,11.6078,11.6203,11.6361,11.6559,11.6768,11.6977,11.7187,11.7396,11.7594,11.7763,11.7985,11.8488,11.9318,12.0103,12.0476,12.056

Intensity : 1133.5522,1180.6682,1217.9922,1238.1831,1196.7896,1138.1316,1113.2757,1110.7942,1113.0522,1104.4518,1094.2342,1090.0629,1081.9587,1074.6395,1066.7991,1057.6256,1047.9555,1036.9452,1027.2594,1017.8651,1008.4707,999.07638,986.55768,971.07214,951.43548,934.69551,925.66218,916.84689,908.77935,900.19452,889.87652,876.00535,870.43388,872.60023,874.54039,875.67528,871.57279,863.98627,858.30543,853.56093,842.9338,828.38821,813.78011,788.97236,749.93548,723.79029,729.25186,744.64176,768.57148,786.92686,796.32793,803.24264,810.71817,807.30365,791.75597,774.76766,759.03281,746.50871,734.32302,727.92696,730.14653,733.6361,734.87529,744.00358,757.58727,764.06242,760.61232,761.11267,761.86591,755.22851,736.5499,716.49563,686.12483,665.30564,648.72919,636.97471,632.07036,621.66728,611.43217,601.79126,593.70561,584.38592,579.4564,580.89566,583.60155,580.87913,576.8875,574.97537,578.21761,582.3824,587.8779,585.49492,583.12765,581.49797,568.33026,541.72695,524.15845,514.72751,508.26272,498.86827,488.27758,470.28975,465.09093,462.9493,460.77099,458.92578,458.37,467.36054,480.73466,489.03363,498.01387,506.84306,510.19183,515.12778,520.82353,528.58487,535.98629,545.12343,563.56553,583.35393,601.28543,614.37724,624.54929,635.1436,636.65528,636.7751,637.88876,639.49268,638.32002,635.50104,633.28058,631.46407,630.5871,630.607,631.2056,632.86343,636.51054,641.99696,648.79502,652.43625,653.7005,656.39081,660.04444,664.93746,671.5661,680.23567,690.33757,696.63767,702.02454,709.71516,721.33381,733.76223,742.01333,744.98252,749.44921,754.03467,758.05665,761.96429,766.93073,770.01675,773.2424,777.33158,782.65684,788.56666,792.1148,796.0927,802.60348,814.6205,813.15146,817.63708,828.61113,849.40703,861.14559,856.36887,850.93476,849.78795,854.61167,851.43534,840.39056,832.06882,831.70349,835.14107,842.6015,851.83054,861.49879,871.7851,879.97417,881.32077,887.20451,890.30129,891.25122,884.55787,885.28375,868.92609,847.24786,838.46941,836.56196,833.9466,818.18818,798.63853,792.38867,799.78778,809.22288,815.05925,813.95008,811.81824,810.87678,808.72437,803.68932,798.74108,796.93269,785.33545,776.93825,774.60024,776.21394,795.9691,820.96089,843.32622,852.84548,860.54052,865.26057,861.19808,858.70829,875.10712,887.26154,891.3923,894.04983,885.27109,865.79826,872.04652,950.33847,1008.3434,1030.8815,1020.0192,1001.3241,1002.6907,1019.1302,1023.4554,1029.0885,1037.7949,1054.3706,1076.0216,1094.2789,1106.8493,1101.5781,1099.2557,1100.8283,1104.874,1095.0068,1084.4453,1068.5381,1041.378,1015.6029,995.311,983.94163,978.60425,956.47199,940.36468,925.2473,922.72536,898.03083,902.8348,916.33464,918.45209

Time pixel : 9.79224,10.0045,10.5463,11.4119,12.1965,12.7102,12.9862,13.1725,13.3996,13.6328,13.8395,14.0355,14.2315,14.4276,14.6236,14.8196,15.0156,15.2116,15.4077,15.6037,15.7997,15.9957,16.2024,16.457,16.7798,17.1133,17.4158,17.7014,17.956,18.2212,18.544,18.8775,19.18,19.4656,19.7095,19.9162,20.1229,20.3668,20.6417,20.8963,21.1509,21.4365,21.7496,22.1417,22.602,23.0419,23.4553,23.8952,24.3662,24.8061,25.2088,25.5902,25.9343,26.2368,26.5331,26.8249,27.1212,27.4236,27.7678,28.1385,28.472,28.7372,29.0025,29.3466,29.7652,30.1776,30.4801,30.7081,30.952,31.2483,31.5986,32.0111,32.3817,32.647,32.8644,33.1189,33.4418,33.7646,34.0191,34.2365,34.4911,34.8353,35.2645,35.7248,36.1168,36.43,36.7263,37.018,37.3143,37.6168,37.9503,38.2838,38.5862,38.9039,39.3021,39.8148,40.3291,40.7628,41.0653,41.304,41.6065,42.0189,42.4481,42.8509,43.2322,43.5764,43.8788,44.1645,44.4084,44.6151,44.8218,45.0763,45.3991,45.7326,46.0351,46.3314,46.6338,46.978,47.3487,47.6822,47.9581,48.2606,48.6251,48.9647,49.2611,49.5049,49.7116,49.9077,50.1037,50.2997,50.4957,50.6918,50.8878,51.0838,51.2905,51.5451,51.8679,52.1907,52.4453,52.6413,52.8001,52.9651,53.1922,53.4254,53.6321,53.8281,54.0241,54.2202,54.4162,54.6122,54.7976,54.9457,55.0628,55.211,55.3963,55.5816,55.7298,55.8469,55.9951,56.1804,56.3764,56.5724,56.7685,56.9645,57.1819,57.4736,57.8489,58.2577,58.7394,59.2689,59.8473,60.5514,61.2867,61.8809,62.3253,62.6278,62.8452,63.0519,63.2851,63.5228,63.7357,63.9628,64.1481,64.2759,64.4347,64.6679,64.9536,65.2453,65.5309,65.7962,66.0986,66.4739,66.872,67.2951,67.6658,67.9204,68.0899,68.2549,68.5033,68.8323,69.2075,69.5578,69.902,70.2355,70.5379,70.8236,71.0674,71.2741,71.4702,71.6769,71.9314,72.2543,72.5771,72.8423,73.1076,73.4304,73.7532,74.0078,74.2145,74.4105,74.6065,74.8026,74.9986,75.1946,75.3906,75.5973,75.8519,76.1961,76.636,77.1869,77.8814,78.723,79.554,80.2006,80.6512,80.9475,81.1232,81.282,81.4673,81.6634,81.8594,82.0554,82.2407,82.3889,82.506,82.6541,82.8395,83.0355,83.2422,83.4861,83.7611,84.0049,84.233,84.5248,84.868,85.1118,85.2503,85.3985,85.6586,86.2751,87.4066,88.569,89.2121,89.435

Position pixel : 83.95313,83.95313,83.95313,83.97449,84.08091,84.2973,84.53051,84.73722,84.93324,85.11858,85.25605,85.3146,85.32528,85.32528,85.33597,85.38383,85.46276,85.51063,85.52131,85.52131,85.52131,85.52131,85.52131,85.52131,85.52131,85.53199,85.57986,85.65878,85.71733,85.78656,85.91335,86.05082,86.15724,86.25753,86.35327,86.45355,86.54929,86.63889,86.69744,86.75599,86.83492,86.89347,86.95202,87.04162,87.13736,87.23764,87.34406,87.48153,87.60833,87.67756,87.73611,87.82571,87.92145,88.01105,88.05892,88.0696,88.0696,88.08028,88.12815,88.21776,88.31349,88.4031,88.45097,88.47233,88.5202,88.6098,88.70554,88.80582,88.91224,89.04972,89.19787,89.35216,89.52068,89.6271,89.70702,89.83381,89.97128,90.08838,90.22585,90.35264,90.42188,90.49111,90.62858,90.80324,90.95139,91.05781,91.1581,91.25383,91.35412,91.46054,91.59801,91.7248,91.79403,91.87395,92.05929,92.32355,92.55676,92.70492,92.77415,92.84338,92.98085,93.16619,93.36222,93.54756,93.69571,93.80213,93.89173,93.95028,94.00883,94.08776,94.14631,94.20486,94.28378,94.33165,94.35301,94.40088,94.49048,94.5969,94.73438,94.86117,94.9304,94.98895,95.06787,95.12642,95.18497,95.26389,95.32244,95.38099,95.45992,95.50778,95.52915,95.57702,95.65594,95.70381,95.72517,95.77304,95.85196,95.91051,95.96906,96.05867,96.1544,96.24401,96.30256,96.36111,96.45071,96.54645,96.63605,96.68392,96.70528,96.75315,96.84276,96.93849,97.0281,97.07597,97.08665,97.09733,97.1452,97.22412,97.27199,97.28267,97.29335,97.34122,97.43082,97.52656,97.62685,97.72258,97.83355,97.98784,98.20423,98.38958,98.50668,98.60696,98.7027,98.7923,98.85085,98.9094,98.98832,99.03619,99.05756,99.11611,99.2429,99.38037,99.48679,99.58707,99.68281,99.77242,99.83097,99.88952,99.97912,100.0749,100.1751,100.2816,100.419,100.5565,100.6629,100.7632,100.8589,100.9592,101.0657,101.2138,101.3991,101.5952,101.7805,101.9287,102.0351,102.1354,102.2311,102.3207,102.3793,102.4378,102.5274,102.6338,102.7713,102.9088,103.0259,103.1634,103.3008,103.4072,103.5075,103.6033,103.6929,103.7514,103.8207,103.9474,104.0849,104.202,104.3395,104.4876,104.6633,104.9489,105.3303,105.7595,106.1719,106.4744,106.6918,106.8771,107.0253,107.1317,107.232,107.3384,107.4865,107.6719,107.8679,108.0532,108.2014,108.3185,108.4666,108.6413,108.7895,108.9066,109.0547,109.2401,109.4361,109.6321,109.8281,110.0241,110.2095,110.3683,110.576,111.048,111.8255,112.5617,112.911,112.9894

Pole type : Curve
Start frame : 1
End frame : 208
Start time (s) : 0.000
End time (s) : 1482.400
Time step (s) : 7.161

Feature Information :


Feature number : 1

Time (s) : 264.8329,265.1757,265.8174,266.503,267.1447,267.4875,267.6405,267.9833,268.625,269.3106,269.9523,270.2951,270.3716,270.4481,270.7909,271.3561,271.7754,272.1947,272.8363,273.5985,274.6594,275.9867,277.3905,278.7943,280.1216,281.1826,281.9447,282.6629,283.425,284.4859,285.7368,286.7977,287.5598,288.278,289.0401,290.0246,290.9326,291.4284,291.8477,292.4894,293.175,293.8167

Position (um) : 6.3325,6.3014,6.2513,6.2066,6.1772,6.1551,6.133,6.1059,6.0703,6.0296,5.9878,5.9471,5.9115,5.8843,5.8623,5.8414,5.8205,5.7984,5.7724,5.743,5.7159,5.6876,5.6531,5.6187,5.5915,5.5706,5.5548,5.5434,5.5316,5.5163,5.4972,5.4807,5.4637,5.444,5.4242,5.4084,5.3959,5.3812,5.3666,5.3541,5.3394,5.3259

Intensity : 420.4373,425.9071,432.1777,437.5565,440.4564,441.8288,443.2097,444.8023,446.4465,447.7288,449.014,451.6465,454.6115,456.89,458.7297,460.6574,462.8014,465.2195,468.236,469.3698,470.1832,472.8143,477.1426,476.9117,472.2843,466.6588,463.0625,459.4023,454.7425,449.1911,443.4539,439.3715,435.9703,432.5147,428.4285,424.8888,422.1105,419.3773,416.7648,414.4428,411.8537,408.7978

Time pixel : 36.9809,37.0287,37.1183,37.2141,37.3037,37.3515,37.3729,37.4208,37.5104,37.6061,37.6957,37.7436,37.7543,37.7649,37.8128,37.8917,37.9503,38.0088,38.0984,38.2049,38.353,38.5384,38.7344,38.9304,39.1157,39.2639,39.3703,39.4706,39.577,39.7252,39.8998,40.048,40.1544,40.2547,40.3611,40.4986,40.6254,40.6946,40.7532,40.8428,40.9385,41.0281

Position pixel : 59.349,59.0572,58.5873,58.1687,57.8928,57.6861,57.4794,57.2248,56.8913,56.5099,56.1179,55.7365,55.403,55.1485,54.9418,54.7457,54.5497,54.343,54.0991,53.8242,53.5696,53.3043,52.9815,52.6587,52.4041,52.2081,52.06,51.9536,51.8426,51.699,51.5198,51.3655,51.2066,51.0213,50.836,50.6878,50.5707,50.4332,50.2958,50.1787,50.0412,49.9144

Brightness max : 451.08
Brightness min :  0.00
Feature direction : Poleward
Feature speed : Slow
Feature type : Curve
Start frame : 1
End frame : 208
Start time (s) : 0.000
End time (s) : 1482.400
Time step (s) : 7.161

Feature number : 2

Time (s) : 304.0625,304.2155,304.9776,306.5273,308.1974,309.6011,310.6621,311.4242,312.1424,312.828,313.5462,314.2318,314.8735,315.2928,315.7121,316.3538,317.1159,318.1004,319.0849,319.9235,320.9844,322.3117,323.639,324.7,325.4621,326.1803,326.9424,328.0034,329.3307,330.8109,332.5575,334.5265,336.2731,337.7534,339.1572,340.561,342.1177,344.2071,346.7413,348.9072,350.7303,352.3565,353.5379,354.7518,356.4219,358.3909,360.061,361.122

Position (um) : 6.2941,6.2726,6.2199,6.1337,6.0403,5.9482,5.8686,5.8125,5.7679,5.7266,5.6854,5.6492,5.6175,5.5904,5.5632,5.5316,5.4942,5.4502,5.4095,5.375,5.3383,5.2987,5.2631,5.236,5.2139,5.1941,5.1783,5.1647,5.1426,5.1082,5.0675,5.0279,4.9963,4.9713,4.9409,4.9064,4.873,4.8374,4.803,4.7747,4.7475,4.7182,4.6922,4.6701,4.648,4.6232,4.6001,4.5887

Intensity : 407.0976,408.956,414.629,424.9733,432.383,428.3449,420.0601,417.2217,415.0983,415.3578,416.1095,417.0697,418.7607,419.9497,421.0609,420.4571,417.8192,415.3205,408.8198,402.6323,396.8466,389.048,377.8106,370.1092,364.1103,358.9426,355.1099,352.1706,348.0896,342.7325,336.5052,331.3899,328.0337,324.6944,320.8354,317.2806,314.5551,311.8107,307.1438,305.1814,304.3706,304.8792,305.8643,306.4447,308.2157,309.5771,304.9637,302.1964

Time pixel : 42.4588,42.4802,42.5866,42.803,43.0362,43.2322,43.3804,43.4868,43.5871,43.6828,43.7831,43.8788,43.9684,44.027,44.0855,44.1751,44.2816,44.419,44.5565,44.6736,44.8218,45.0071,45.1924,45.3406,45.447,45.5473,45.6537,45.8019,45.9872,46.1939,46.4378,46.7128,46.9566,47.1634,47.3594,47.5554,47.7728,48.0645,48.4184,48.7209,48.9754,49.2025,49.3675,49.537,49.7702,50.0451,50.2784,50.4265

Position pixel : 58.989,58.7874,58.2935,57.4855,56.6102,55.7472,55.0013,54.4753,54.0574,53.6699,53.284,52.9443,52.648,52.3935,52.1389,51.8426,51.4923,51.0799,50.6985,50.3747,50.0305,49.6598,49.3263,49.0718,48.8651,48.6797,48.5316,48.4038,48.1971,47.8743,47.4929,47.1222,46.8259,46.5917,46.3061,45.9833,45.6701,45.3366,45.0138,44.7486,44.494,44.2191,43.9752,43.7685,43.5618,43.3286,43.1122,43.0057

Brightness max : 
Brightness min : 
Feature direction : 
Feature speed : 
Feature type : Curve
Start frame : 1
End frame : 208
Start time (s) : 0.000
End time (s) : 1482.400
Time step (s) : 7.161

Feature number : 3

Time (s) : 328.2082,328.9727,330.5201,332.2151,333.1815,333.6516,334.0858,334.6496,335.3883,336.2329,337.1249,338.0756,339.0127,339.7886,340.4449,340.9614,341.3132,341.5725,341.9243,342.4882,343.3328,344.376,345.48,346.6528,347.8256,348.906,349.8431,350.5366,351.1241,351.733,352.2969,352.908,353.729,354.6661,355.5954,356.6858,357.9173,359.1138,360.2414,361.4143,362.5871,363.6674,364.6045,365.2507,365.6262,365.8855,366.19,366.4708

Position (um) : 6.2659,6.2518,6.2207,6.1829,6.1575,6.1424,6.1265,6.1075,6.0862,6.0626,6.0386,6.0157,5.9937,5.9746,5.9598,5.9484,5.94,5.9332,5.926,5.916,5.9024,5.8883,5.875,5.862,5.8491,5.8358,5.8216,5.8077,5.7958,5.7837,5.7692,5.7514,5.7307,5.7087,5.6874,5.666,5.6444,5.625,5.6078,5.5903,5.5732,5.5584,5.5458,5.5363,5.5309,5.5272,5.5241,5.5211

Intensity : 418.3703,420.4469,420.6257,419.1198,417.6192,416.902,416.2515,415.5144,414.7275,413.599,412.6506,412.1312,412.0672,412.317,411.8832,411.5228,411.2266,410.9666,410.7061,410.3413,409.8137,408.8502,408.1288,407.7518,407.7612,408.3835,409.5265,410.9197,411.9239,412.3209,413.2021,413.2271,412.3709,411.8209,411.6597,411.9808,411.3674,408.8254,406.7226,404.8478,403.2803,402.1627,401.0601,399.1874,396.2768,394.3583,392.4024,390.6416

Time pixel : 45.8305,45.9372,46.1533,46.39,46.5249,46.5906,46.6512,46.7299,46.8331,46.951,47.0756,47.2083,47.3392,47.4475,47.5392,47.6113,47.6604,47.6967,47.7458,47.8245,47.9425,48.0881,48.2423,48.406,48.5698,48.7207,48.8515,48.9484,49.0304,49.1154,49.1942,49.2795,49.3942,49.525,49.6548,49.807,49.979,50.1461,50.3035,50.4673,50.6311,50.7819,50.9128,51.003,51.0555,51.0917,51.1342,51.1734

Position pixel : 58.7242,58.5927,58.3012,57.9469,57.7088,57.5674,57.4185,57.2399,57.0399,56.8188,56.5944,56.3796,56.1733,55.9948,55.8554,55.749,55.6702,55.6063,55.5391,55.4455,55.318,55.1852,55.0607,54.9394,54.8182,54.6936,54.5609,54.43,54.3184,54.2053,54.0692,53.9022,53.7088,53.5025,53.3025,53.1025,52.8996,52.7177,52.5569,52.3931,52.2327,52.0933,51.9754,51.887,51.836,51.8017,51.7721,51.7444

Brightness max : 451.08
Brightness min :  0.00
Feature direction : Poleward
Feature speed : Slow
Feature type : Curve
Start frame : 1
End frame : 208
Start time (s) : 0.000
End time (s) : 1482.400
Time step (s) : 7.161

Feature number : 4

Time (s) : 329.1423,329.723,330.9677,333.136,335.5403,337.6113,339.0042,339.8135,340.3726,341.0289,341.6852,342.2443,342.9516,343.8365,344.7723,345.7082,346.6441,347.5289,348.2362,348.7953,349.5026,350.3875,351.3234,352.2592,353.1951,354.1309,355.0668,356.0026,356.9385,357.8744,358.8102,359.7461,360.6819,361.6178,362.5537,363.4385,364.1458,364.7049,365.3612,366.0176,366.5766,367.2329,367.8893,368.3973,368.8761,369.3332,369.812,370.2691,370.7478,371.2049,371.6837,372.1918,372.8481,373.5044,374.0125,374.4913,374.9484,375.4271,375.9352,376.6425,377.5274,378.4632,379.3991,380.335,381.2708,382.2067,383.0915,383.7479,384.0784,384.3579,384.7857,385.2428,385.7216,386.1787,386.6574,387.1655,387.8218,388.4782,388.9862,389.414,389.6936,390.0241,390.6804,391.5653,392.5011,393.437,394.3219,395.0292,395.5882,396.2956,397.1294,397.8367,398.3448,398.8236,399.2807,399.7595,400.2675,400.9748,401.8597,402.7956,403.7824,404.9468,406.2595,407.4239,408.4107,409.3466,410.2824,411.2183,412.2561,413.5981,415.11,416.4057,417.8203,419.3105,420.5259,421.5127,422.4486,423.3845,424.3713,425.5357,426.8484,428.0128,428.9996,429.9355,430.8713,431.8072,432.743,433.6789,434.6148,435.5506,436.4355,437.1428,437.7019,438.3582,439.0145,439.5736,440.2809,441.1658,442.1526,443.317,444.6297,445.7431,446.5014,447.0605,447.8188,448.9322,450.2448,451.4092,452.3451,453.0524,453.6115,454.3188,455.1527,455.86,456.3681,456.8468,457.3039,457.7827,458.2398,458.6676

Position (um) : 7.737,7.7313,7.7147,7.6895,7.6654,7.645,7.6311,7.6228,7.6164,7.6122,7.6081,7.6017,7.5949,7.5877,7.5809,7.5738,7.567,7.5599,7.553,7.5459,7.5391,7.5327,7.5293,7.5286,7.5278,7.5244,7.5188,7.5154,7.5146,7.5146,7.5146,7.5146,7.5146,7.5154,7.5188,7.5252,7.5327,7.5433,7.5565,7.5712,7.5893,7.6122,7.6344,7.6491,7.6582,7.6688,7.6812,7.6917,7.6993,7.7064,7.714,7.7245,7.7377,7.7509,7.7614,7.769,7.7761,7.783,7.7901,7.7969,7.8033,7.8067,7.8067,7.8025,7.7927,7.7803,7.7698,7.7614,7.7517,7.7419,7.7343,7.7272,7.7196,7.7091,7.6959,7.6819,7.668,7.6548,7.6443,7.6359,7.6254,7.6122,7.5983,7.5843,7.5704,7.5557,7.5383,7.5188,7.5014,7.4875,7.477,7.4686,7.4581,7.4457,7.4351,7.4276,7.4204,7.4128,7.4023,7.3891,7.3744,7.3571,7.3383,7.3243,7.316,7.3096,7.3062,7.3085,7.3259,7.3662,7.412,7.4419,7.4596,7.4762,7.4923,7.5033,7.5112,7.518,7.5252,7.532,7.5391,7.5459,7.5523,7.5565,7.5606,7.5662,7.5704,7.5746,7.5809,7.5877,7.5949,7.6017,7.6081,7.6122,7.6172,7.6262,7.6352,7.6394,7.6409,7.6443,7.6499,7.6541,7.6582,7.6638,7.668,7.6729,7.6827,7.6951,7.7057,7.714,7.7245,7.737,7.7475,7.7551,7.7622,7.769,7.7761,7.783,7.7893,7.7927

Intensity : 412.9629,414.0406,418.3647,426.255,432.3496,434.1277,433.9865,434.0947,434.2649,434.4676,434.7276,435.1087,435.6378,436.406,437.842,439.3496,440.2743,441.3775,442.4395,443.4262,444.8753,446.8949,447.9985,447.642,447.2856,447.0531,446.9241,446.6917,446.3352,445.9432,446.1733,446.5653,446.9574,447.3138,447.5463,447.6183,447.5599,447.3002,446.7999,445.817,442.0599,436.4783,431.5815,428.6726,427.1638,425.4856,423.635,421.4616,420.0915,418.853,417.5753,415.6106,411.8153,407.456,404.0429,401.4652,399.0544,396.7224,394.2849,391.6502,388.9977,387.0988,386.0518,383.4932,381.8974,381.1508,380.3262,379.9648,381.3606,383.0073,383.5368,383.8948,384.3622,385.8474,388.14,390.4937,390.486,390.4238,390.4783,390.4643,391.3419,392.5339,392.8623,392.5527,391.3318,388.9907,387.0759,385.9517,385.3729,384.4286,383.1583,382.1116,380.027,377.9383,376.154,374.6478,373.1874,371.421,369.8051,368.1002,366.3633,363.9441,360.1243,357.2335,354.9039,351.4624,348.4608,346.2159,345.563,346.1977,341.7933,339.3864,337.6639,335.5219,333.1432,331.6171,330.4754,328.8895,327.1868,325.2554,323.1203,321.2323,319.6309,319.0709,320.9422,322.8582,324.8625,326.9281,328.3512,329.5537,330.5845,329.8977,327.7866,325.7543,323.6408,321.2554,318.5676,316.1055,313.749,310.7944,307.8312,305.9714,304.6456,303.5059,302.3153,300.7594,298.8681,296.3162,293.5276,291.476,289.6016,287.407,285.2454,283.5883,282.34,281.2021,280.1217,279.0692,278.106,277.3854

Time pixel : 45.9609,46.042,46.2158,46.5186,46.8543,47.1435,47.338,47.451,47.5291,47.6207,47.7124,47.7905,47.8892,48.0128,48.1435,48.2741,48.4048,48.5284,48.6272,48.7052,48.804,48.9276,49.0582,49.1889,49.3196,49.4503,49.581,49.7116,49.8423,49.973,50.1037,50.2344,50.3651,50.4957,50.6264,50.75,50.8488,50.9268,51.0185,51.1101,51.1882,51.2798,51.3715,51.4424,51.5093,51.5731,51.64,51.7038,51.7706,51.8345,51.9013,51.9723,52.0639,52.1556,52.2265,52.2934,52.3572,52.4241,52.495,52.5938,52.7173,52.848,52.9787,53.1094,53.2401,53.3707,53.4943,53.5859,53.6321,53.6711,53.7309,53.7947,53.8616,53.9254,53.9922,54.0632,54.1548,54.2465,54.3174,54.3772,54.4162,54.4623,54.554,54.6776,54.8082,54.9389,55.0625,55.1613,55.2393,55.3381,55.4545,55.5533,55.6242,55.6911,55.7549,55.8218,55.8927,55.9915,56.1151,56.2457,56.3835,56.5461,56.7294,56.892,57.0298,57.1605,57.2912,57.4219,57.5668,57.7542,57.9653,58.1462,58.3438,58.5519,58.7216,58.8594,58.9901,59.1207,59.2585,59.4211,59.6044,59.767,59.9048,60.0355,60.1662,60.2969,60.4276,60.5582,60.6889,60.8196,60.9432,61.0419,61.12,61.2116,61.3033,61.3814,61.4801,61.6037,61.7415,61.9041,62.0874,62.2429,62.3488,62.4268,62.5327,62.6882,62.8715,63.0341,63.1648,63.2635,63.3416,63.4404,63.5568,63.6556,63.7265,63.7934,63.8572,63.9241,63.9879,64.0476

Position pixel : 72.5113,72.4581,72.3026,72.0667,71.8403,71.6498,71.5192,71.4411,71.3814,71.3423,71.3033,71.2436,71.1797,71.1129,71.0491,70.9822,70.9184,70.8515,70.7877,70.7208,70.657,70.5973,70.5654,70.5582,70.5511,70.5192,70.4666,70.4347,70.4276,70.4276,70.4276,70.4276,70.4276,70.4347,70.4666,70.5263,70.5973,70.696,70.8196,70.9574,71.1271,71.3423,71.5504,71.6882,71.7734,71.8722,71.9886,72.0874,72.1583,72.2252,72.2961,72.3949,72.5185,72.642,72.7408,72.8117,72.8786,72.9424,73.0093,73.0731,73.1328,73.1648,73.1648,73.1257,73.0341,72.9176,72.8189,72.7408,72.6491,72.5575,72.4866,72.4197,72.3488,72.25,72.1264,71.9957,71.8651,71.7415,71.6427,71.5647,71.4659,71.3423,71.2116,71.081,70.9503,70.8125,70.6499,70.4666,70.304,70.1733,70.0745,69.9965,69.8977,69.7813,69.6825,69.6116,69.5447,69.4738,69.375,69.2514,69.1136,68.951,68.7748,68.6442,68.5661,68.5064,68.4745,68.4958,68.6591,69.0362,69.466,69.7457,69.912,70.0674,70.2188,70.3217,70.3956,70.4595,70.5263,70.5902,70.657,70.7208,70.7806,70.8196,70.8586,70.9113,70.9503,70.9893,71.0491,71.1129,71.1797,71.2436,71.3033,71.3423,71.3885,71.473,71.5575,71.5966,71.6108,71.6427,71.6953,71.7344,71.7734,71.826,71.8651,71.9112,72.0029,72.1193,72.2181,72.2961,72.3949,72.5113,72.6101,72.6811,72.7479,72.8117,72.8786,72.9424,73.0022,73.0341

Brightness max : 475.63
Brightness min :  0.00
Feature direction : Ambiguous
Feature speed : Slow
Feature type : Curve
Start frame : 1
End frame : 208
Start time (s) : 0.000
End time (s) : 1482.400
Time step (s) : 7.161

Feature number : 5

Time (s) : 340.2182,340.1488,341.1333,343.0257,345.1151,347.1606,348.9072,350.311,351.372,352.1341,352.7758,353.1951,353.6144,354.1796,354.5224,354.5989,354.5989,354.5989,354.5989,354.5989,354.5989,354.5989,354.5989,354.5989,354.6753,355.0182,355.5833,356.0026,356.4219,356.9871

Position (um) : 6.7001,6.7097,6.7397,6.787,6.8346,6.882,6.9267,6.9634,6.9917,7.0189,7.0482,7.0743,7.0963,7.1172,7.1381,7.1591,7.18,7.2009,7.2218,7.2427,7.2636,7.2845,7.3066,7.3326,7.3608,7.3817,7.3965,7.4163,7.4382,7.4496

Intensity : 427.6635,429.0619,434.5885,443.522,446.2576,439.8257,435.8931,432.3485,429.082,426.146,423.9467,422.5804,421.4499,420.2597,419.5534,419.7921,420.6834,421.5747,422.466,423.3573,425.0014,427.8529,430.8598,434.4077,438.2194,440.2816,441.5679,443.431,445.5182,446.452

Time pixel : 47.5075,47.4978,47.6353,47.8996,48.1913,48.477,48.7209,48.9169,49.065,49.1714,49.2611,49.3196,49.3782,49.4571,49.5049,49.5156,49.5156,49.5156,49.5156,49.5156,49.5156,49.5156,49.5156,49.5156,49.5263,49.5742,49.6531,49.7116,49.7702,49.8491

Position pixel : 62.7934,62.8839,63.165,63.6085,64.0545,64.499,64.9176,65.2617,65.527,65.7816,66.0565,66.3004,66.5071,66.7031,66.8991,67.0952,67.2912,67.4872,67.6832,67.8793,68.0753,68.2713,68.478,68.7219,68.9862,69.1822,69.3207,69.506,69.7117,69.8181

Brightness max : 475.63
Brightness min :  0.00
Feature direction : Ambiguous
Feature speed : Slow
Feature type : Curve
Start frame : 1
End frame : 208
Start time (s) : 0.000
End time (s) : 1482.400
Time step (s) : 7.161

Feature number : 6

Time (s) : 359.1162,360.6404,363.6633,366.5842,368.6367,370.4598,372.4288,374.0989,375.2364,375.9985,376.6402,377.0595,377.5552,378.5397,379.8569,380.9551,381.7766,382.2827,382.7196,383.0908,383.4603,383.851,384.5472,385.4837,386.2534,386.5962

Position (um) : 6.8368,6.817,6.79,6.769,6.7543,6.7334,6.7063,6.6854,6.6729,6.6622,6.6508,6.6362,6.6215,6.609,6.5949,6.5927,6.5933,6.5915,6.5882,6.5895,6.5961,6.6005,6.6007,6.5969,6.5888,6.5784

Intensity : 399.5579,394.5545,387.4163,384.2561,383.649,384.0015,383.5666,383.7809,384.2968,384.7997,385.3643,385.9116,386.6527,387.468,387.2341,384.2799,382.1478,380.811,379.6763,378.7275,377.7203,376.6161,374.7204,372.3178,370.6653,370.3635

Time pixel : 50.1464,50.3593,50.7814,51.1892,51.4759,51.7304,52.0054,52.2386,52.3974,52.5038,52.5934,52.652,52.7212,52.8587,53.0426,53.196,53.3107,53.3813,53.4424,53.4942,53.5458,53.6004,53.6976,53.8283,53.9358,53.9837

Position pixel : 64.0749,63.8896,63.636,63.44,63.3015,63.1055,62.8519,62.6559,62.5388,62.4385,62.3321,62.1946,62.0571,61.94,61.8078,61.7874,61.7928,61.7757,61.7449,61.7575,61.8188,61.8606,61.8619,61.8266,61.7512,61.6528

Brightness max : 475.63
Brightness min :  0.00
Feature direction : Ambiguous
Feature speed : Slow
Feature type : Curve
Start frame : 1
End frame : 208
Start time (s) : 0.000
End time (s) : 1482.400
Time step (s) : 7.161

Feature number : 7

Time (s) : 235.8492,237.3294,239.984,243.3568,246.7735,249.8035,251.8929,253.1068,253.9454,255.0064,256.3337,257.7375,259.1413,260.5451,261.9489,263.3526,264.7564,266.1602,267.4875,268.472,268.9678,269.3871,269.9523,270.2951,270.4481,270.7909,271.4326,272.1182,272.8363,273.522,274.2401,275.0022,276.0632,277.3905,278.7178,279.7788,280.5409,281.2591,282.0212,283.0057,283.9902,284.7523,285.4704,286.1561,286.8742,287.5598,288.3545,289.3829,290.5898,291.3519,291.8477,292.4894,293.175,293.8932,294.5788,295.297,295.9826,296.7007,297.3864,298.1045,298.8666,299.9276,301.4079,303.5738,306.5273,309.4482,311.4936,312.4087,312.981,313.889,314.797,315.2163,315.2928,315.3693,315.7121,316.3538,317.0394,317.6811,318.0239

Position (um) : 7.4015,7.3806,7.3462,7.3032,7.2523,7.1999,7.1625,7.1393,7.1235,7.1121,7.1026,7.0974,7.0963,7.0963,7.0963,7.0963,7.0963,7.0963,7.0974,7.1037,7.1172,7.1319,7.1444,7.1602,7.1788,7.1946,7.206,7.2167,7.2269,7.2376,7.2478,7.2574,7.2625,7.2636,7.2648,7.2699,7.2794,7.2908,7.3089,7.34,7.3829,7.4224,7.4507,7.4728,7.4926,7.5084,7.5209,7.5367,7.5565,7.5762,7.592,7.6034,7.6141,7.6243,7.635,7.6452,7.6559,7.6661,7.6768,7.6882,7.7029,7.7164,7.7204,7.7067,7.666,7.6057,7.5514,7.5169,7.4937,7.4728,7.4519,7.431,7.41,7.388,7.3597,7.3201,7.2773,7.2461,7.2292

Intensity : 396.3779,403.4948,414.1207,427.0044,440.8996,448.9742,458.4207,464.0525,466.6282,470.6194,476.0829,482.201,486.137,489.9608,493.7846,497.6085,501.4323,500.9422,499.7943,499.2354,499.5714,500.1426,500.6223,499.1516,496.4483,494.159,492.5405,491.1045,487.4855,484.0209,480.6648,477.2002,473.1225,469.1889,465.3068,462.2101,459.811,457.479,454.6493,450.9049,447.2468,445.0436,444.3083,444.2744,443.7398,443.4664,443.805,444.7503,446.571,448.2117,447.9233,448.4983,449.3818,449.8358,449.154,448.4497,447.6526,446.8331,445.9207,444.1318,440.984,438.2401,437.7548,440.7126,444.8688,440.9784,436.4433,435.7351,435.652,434.759,434.9397,436.7772,439.3494,442.0437,444.7091,445.5121,446.1101,445.0431,443.3334

Time pixel : 32.9336,33.1403,33.511,33.982,34.4591,34.8822,35.1739,35.3434,35.4605,35.6087,35.794,35.9901,36.1861,36.3821,36.5781,36.7741,36.9702,37.1662,37.3515,37.489,37.5582,37.6168,37.6957,37.7436,37.7649,37.8128,37.9024,37.9982,38.0984,38.1942,38.2945,38.4009,38.549,38.7344,38.9197,39.0679,39.1743,39.2746,39.381,39.5185,39.6559,39.7624,39.8626,39.9584,40.0587,40.1544,40.2654,40.409,40.5775,40.6839,40.7532,40.8428,40.9385,41.0388,41.1345,41.2348,41.3305,41.4308,41.5266,41.6268,41.7333,41.8814,42.0881,42.3906,42.803,43.2109,43.4965,43.6243,43.7042,43.831,43.9578,44.0163,44.027,44.0377,44.0855,44.1751,44.2709,44.3605,44.4084

Position pixel : 69.3675,69.1715,68.8487,68.446,67.9689,67.4775,67.1272,66.9098,66.7617,66.6553,66.5657,66.5178,66.5071,66.5071,66.5071,66.5071,66.5071,66.5071,66.5178,66.5763,66.7031,66.8406,66.9577,67.1059,67.2805,67.4287,67.5351,67.6354,67.7311,67.8314,67.9271,68.0167,68.0646,68.0753,68.086,68.1338,68.2234,68.3299,68.4994,68.7911,69.1929,69.5636,69.8288,70.0355,70.2209,70.369,70.4861,70.6343,70.8196,71.0049,71.1531,71.2595,71.3598,71.4555,71.5558,71.6516,71.7518,71.8476,71.9479,72.0543,72.1918,72.3186,72.3557,72.228,71.8466,71.2809,70.7727,70.4489,70.2315,70.0355,69.8395,69.6435,69.4474,69.2407,68.9755,68.6048,68.2031,67.9113,67.7525

Brightness max : 475.63
Brightness min :  0.00
Feature direction : Ambiguous
Feature speed : Slow
Feature type : Curve
Start frame : 1
End frame : 208
Start time (s) : 0.000
End time (s) : 1482.400
Time step (s) : 7.161

Feature number : 8

Time (s) : 226.9306,227.3499,228.2579,229.1659,229.6617,230.081,230.6462,231.0655,231.5613,232.4693,233.4538,234.2159,234.9341,235.6197,236.3379,237.1,238.0845,239.0689,239.8311,240.5492,241.3113,242.2958,243.2803,244.0424,244.7606,245.4462,246.0879,246.5072,246.9265,247.4917,247.8345,247.9875,248.3303,248.8955,249.3148,249.7341,250.3757,251.0614,251.703,252.0458

Position (um) : 6.1059,6.0878,6.0504,5.9929,5.9336,5.8855,5.8488,5.8216,5.7995,5.7775,5.7526,5.7284,5.7108,5.6938,5.674,5.6531,5.6322,5.6102,5.5841,5.5548,5.5288,5.5067,5.4869,5.47,5.4535,5.4344,5.418,5.401,5.3812,5.3603,5.3394,5.3196,5.3038,5.2913,5.2744,5.2495,5.2213,5.2004,5.1879,5.1783

Intensity : 416.9022,420.0207,424.8481,432.014,440.302,447.207,454.1223,460.2901,465.4209,470.8596,476.4093,480.798,484.2665,487.7248,491.7736,493.1201,490.6006,488.5131,487.2862,486.5877,481.473,476.3609,472.6099,468.2466,463.7733,458.5222,453.1164,448.3165,443.0974,437.7275,432.8996,428.5829,425.1183,422.443,419.0765,414.3881,408.8315,402.1609,397.3769,394.218

Time pixel : 31.6882,31.7468,31.8736,32.0004,32.0696,32.1282,32.2071,32.2656,32.3349,32.4616,32.5991,32.7055,32.8058,32.9016,33.0018,33.1083,33.2457,33.3832,33.4896,33.5899,33.6963,33.8338,33.9713,34.0777,34.178,34.2737,34.3633,34.4219,34.4804,34.5593,34.6072,34.6286,34.6764,34.7554,34.8139,34.8725,34.9621,35.0578,35.1474,35.1953

Position pixel : 57.2248,57.0553,56.705,56.1658,55.6097,55.1591,54.815,54.5604,54.3537,54.147,53.9138,53.6867,53.5217,53.3629,53.1776,52.9815,52.7855,52.5788,52.3349,52.06,51.8161,51.6094,51.424,51.2652,51.1109,50.9317,50.7774,50.6186,50.4332,50.2372,50.0412,49.8559,49.7077,49.5906,49.4318,49.1986,48.9343,48.7383,48.6212,48.5316

Brightness max : 475.63
Brightness min :  0.00
Feature direction : Poleward
Feature speed : Slow
Feature type : Curve
Start frame : 1
End frame : 208
Start time (s) : 0.000
End time (s) : 1482.400
Time step (s) : 7.161

Feature number : 9

Time (s) : 174.8961,174.0586,173.4034,172.9653,172.5107,172.3931,172.8855,173.6624,174.4102,175.2437,176.3504,177.5194,178.637,179.5077,180.3458,181.2966,181.9955,182.4048,182.797,183.4433,184.3033,184.664,184.817,185.1598,185.8015,186.4871,187.1288,187.4716,187.6246,187.9674,188.5326,188.9519,189.3712,189.9364,190.2792,190.3557,190.3557

Position (um) : 6.244,6.23,6.1887,6.1609,6.1304,6.0819,6.0344,5.9945,5.9466,5.899,5.8597,5.8213,5.7805,5.7396,5.7001,5.6621,5.6254,5.5898,5.5538,5.5143,5.4708,5.4389,5.4084,5.3824,5.3592,5.3331,5.3038,5.2778,5.2557,5.2348,5.2128,5.1867,5.1574,5.1314,5.1093,5.0895,5.0749

Intensity : 362.6152,363.4615,367.908,368.5705,369.1769,370.9451,371.902,373.454,376.5057,381.1295,387.3116,397.3352,408.8162,417.8475,423.9947,429.1679,430.7296,431.3839,431.9283,430.4767,428.7063,427.7526,429.7404,431.523,433.2618,434.6463,438.2106,441.6425,444.8336,447.0155,447.1392,447.2758,447.1697,445.4967,443.9587,443.5233,443.5625

Time pixel : 24.4222,24.3053,24.2138,24.1526,24.0891,24.0727,24.1415,24.2499,24.3544,24.4708,24.6253,24.7885,24.9446,25.0662,25.1832,25.316,25.4136,25.4707,25.5255,25.6157,25.7358,25.7862,25.8076,25.8554,25.945,26.0408,26.1304,26.1782,26.1996,26.2475,26.3264,26.3849,26.4435,26.5224,26.5703,26.581,26.581

Position pixel : 58.519,58.3884,58.0012,57.7403,57.4549,57,56.5553,56.1808,55.7324,55.2856,54.9171,54.5577,54.1749,53.7917,53.4219,53.0659,52.7221,52.388,52.0504,51.6805,51.2726,50.9734,50.6878,50.4439,50.2265,49.9826,49.7077,49.4638,49.2571,49.0611,48.8544,48.6105,48.3355,48.0916,47.8849,47.6996,47.5621

Brightness max : 475.63
Brightness min :  0.00
Feature direction : Poleward
Feature speed : Slow
Feature type : Curve
Start frame : 1
End frame : 208
Start time (s) : 0.000
End time (s) : 1482.400
Time step (s) : 7.161

Feature number : 10

Time (s) : 203.4855,204.5465,206.2166,208.1856,209.9322,211.4125,212.8163,214.2201,215.6239,217.0276,218.4314,219.8352,221.239,222.6428,224.0466,225.4504,226.8542,228.2579,229.6617,230.989,232.05,232.8886,233.8731,234.8576,235.6197,236.3379,237.0235,237.7417,238.4273,239.1454,239.8311,240.5492,241.2348,241.8765,242.2958,242.7151,243.3568,244.0424,244.7606,245.4462,246.1644,246.85,247.4917,247.911,248.3303,248.972,249.7341,250.7185,251.703,252.4651,253.1833,253.8689,254.5106

Position (um) : 8.0793,8.0793,8.0793,8.0793,8.0793,8.0793,8.0793,8.0793,8.0793,8.0793,8.0793,8.0793,8.0805,8.0856,8.094,8.0991,8.1003,8.1014,8.1065,8.1161,8.1263,8.1358,8.1421,8.1483,8.1579,8.1693,8.1851,8.2037,8.2195,8.232,8.2478,8.2676,8.2885,8.3094,8.3303,8.3512,8.371,8.388,8.4044,8.4236,8.44,8.457,8.4767,8.4977,8.5186,8.5383,8.553,8.5604,8.5678,8.5825,8.6011,8.6158,8.622

Intensity : 372.3152,373.5004,375.3661,377.6873,380.058,382.0672,383.9726,385.8779,386.5802,386.3293,386.0784,385.8276,385.5969,386.1054,387.7565,389.5533,391.1922,392.8855,394.8229,395.9276,396.7566,397.5896,398.4976,399.5021,400.6299,401.9455,403.3107,404.9456,405.9538,405.6657,405.2983,404.9134,404.632,404.4869,403.5023,401.3967,399.8972,396.4915,392.7673,389.1732,385.0817,380.739,376.3115,372.3377,368.5934,364.9293,361.5117,359.4759,355.686,351.1584,346.0348,341.6995,338.9742

Time pixel : 28.4144,28.5626,28.7958,29.0707,29.3146,29.5213,29.7173,29.9134,30.1094,30.3054,30.5014,30.6974,30.8935,31.0895,31.2855,31.4815,31.6776,31.8736,32.0696,32.2549,32.4031,32.5202,32.6577,32.7951,32.9016,33.0018,33.0976,33.1979,33.2936,33.3939,33.4896,33.5899,33.6857,33.7753,33.8338,33.8924,33.982,34.0777,34.178,34.2737,34.374,34.4697,34.5593,34.6179,34.6764,34.7661,34.8725,35.0099,35.1474,35.2538,35.3541,35.4499,35.5395

Position pixel : 75.7202,75.7202,75.7202,75.7202,75.7202,75.7202,75.7202,75.7202,75.7202,75.7202,75.7202,75.7202,75.7309,75.7787,75.8576,75.9055,75.9162,75.9269,75.9747,76.0643,76.1601,76.2497,76.3082,76.3668,76.4564,76.5628,76.711,76.8856,77.0338,77.1509,77.299,77.4844,77.6804,77.8764,78.0724,78.2685,78.4538,78.6126,78.7669,78.9461,79.1004,79.2593,79.4446,79.6406,79.8366,80.022,80.1595,80.2287,80.2979,80.4354,80.6101,80.7475,80.8061

Brightness max : 381.53
Brightness min :  0.00
Feature direction : Poleward
Feature speed : Slow
Feature type : Curve
Start frame : 1
End frame : 208
Start time (s) : 0.000
End time (s) : 1482.400
Time step (s) : 7.161

Feature number : 11

Time (s) : 372.5053,372.3594,373.0776,374.5947,376.2209,377.3258,378.0439,378.4632,378.959,379.867,380.8515,381.6136,382.3318,383.0174,383.6591,384.0784,384.5742,385.4822,386.4667,387.3053,388.2898,389.1978

Position (um) : 5.518,5.4897,5.4366,5.3751,5.3293,5.305,5.2913,5.2755,5.2557,5.2348,5.2139,5.193,5.1721,5.1512,5.1302,5.1093,5.0884,5.0675,5.0466,5.0245,4.9996,4.9765

Intensity : 365.4212,365.5504,363.8961,363.8122,362.5975,360.9338,359.9172,359.5463,359.2029,359.1196,359.8287,360.0728,360.4278,360.8952,361.4472,360.8938,359.9797,360.0367,360.5546,358.4287,353.1027,347.3427

Time pixel : 52.0161,51.9957,52.096,52.3078,52.5349,52.6892,52.7895,52.848,52.9172,53.044,53.1815,53.2879,53.3882,53.4839,53.5736,53.6321,53.7013,53.8281,53.9656,54.0827,54.2202,54.347

Position pixel : 51.7148,51.4496,50.9521,50.3757,49.9464,49.7184,49.5906,49.4424,49.2571,49.0611,48.8651,48.669,48.473,48.277,48.081,47.8849,47.6889,47.4929,47.2969,47.0902,46.857,46.6406

Brightness max : 381.53
Brightness min :  0.00
Feature direction : Poleward
Feature speed : Slow
Feature type : Curve
Start frame : 1
End frame : 208
Start time (s) : 0.000
End time (s) : 1482.400
Time step (s) : 7.161

Feature number : 12

Time (s) : 440.8022,442.2825,445.0136,448.6526,452.3682,455.4421,457.5641,458.7455,459.5401,460.2258,461.0204,462.0488,463.3322,464.3606,465.1553,465.9174,466.9019,467.8864,468.725,469.7859,471.1132,472.517,473.9208,475.3246,476.7284,478.1322,479.4595,480.5205,481.4355,482.8393,484.7318,486.4784,487.9587,489.3625,490.7663,492.1701,493.5739,494.9776,496.3049,497.2894

Position (um) : 5.4219,5.4134,5.3862,5.3383,5.2829,5.2308,5.1857,5.1534,5.1314,5.1156,5.1031,5.0873,5.0675,5.0466,5.0257,5.0059,4.9901,4.9776,4.9629,4.9471,4.9306,4.9115,4.8962,4.8844,4.8741,4.8646,4.8583,4.8521,4.8425,4.8323,4.8228,4.8165,4.8091,4.7956,4.7821,4.7747,4.7684,4.7589,4.7487,4.7391

Intensity : 285.3453,282.7467,278.0702,272.539,267.9999,267.3696,267.6499,267.8009,267.1066,266.2834,265.1747,264.0077,262.9701,262.6119,262.7687,263.0896,263.2786,263.4669,263.7074,264.0167,264.4099,264.9198,264.2874,263.8701,263.788,263.9725,264.356,263.9312,263.2541,262.1737,260.6777,259.2729,259.5585,260.6321,261.5635,262.5603,263.5852,262.7502,260.8146,259.4099

Time pixel : 61.5529,61.7596,62.141,62.6491,63.168,63.5972,63.8935,64.0585,64.1695,64.2652,64.3762,64.5198,64.699,64.8426,64.9536,65.06,65.1974,65.3349,65.452,65.6002,65.7855,65.9815,66.1776,66.3736,66.5696,66.7656,66.951,67.0991,67.2269,67.4229,67.6872,67.9311,68.1378,68.3338,68.5298,68.7259,68.9219,69.1179,69.3032,69.4407

Position pixel : 50.8146,50.7347,50.4801,50.0305,49.5117,49.0239,48.6008,48.2984,48.0916,47.9435,47.8264,47.6782,47.4929,47.2969,47.1009,46.9155,46.7674,46.6503,46.5128,46.3646,46.2103,46.0311,45.8875,45.7766,45.6808,45.5912,45.5327,45.4741,45.3845,45.2888,45.1992,45.1406,45.0714,44.9446,44.8178,44.7486,44.69,44.6004,44.5047,44.4151

Brightness max : 438.81
Brightness min :  0.00
Feature direction : Poleward
Feature speed : Slow
Feature type : Curve
Start frame : 1
End frame : 208
Start time (s) : 0.000
End time (s) : 1482.400
Time step (s) : 7.161

