KYMOANALYSIS DATA

General Information :

Tiff path : E:\Google Drive\microtubule dynamics and cut7\20-15 screens and tests\wild type\19-03-28&04-04 (cut7-3GFP and pkl1-mCh__int_mono_bipole_25 deg)\
Spindle type : Bipolar
Start frame : 1
End frame : 196
Start time (s) : 0.000
End time (s) : 1842.930
Time step (s) : 9.451
Num poles : 2
Num tracks : 4
Num tracks poleward : 2
Num tracks antipoleward : 1
Num tracks ambiguous : 1
Comments : {

}
Poles Information :


Pole number : 1

Time (s) : 19.2397,20.18716,22.20883,24.80639,27.8706,31.17082,34.13994,36.50151,38.76798,41.21583,43.38721,45.32259,47.58907,50.55819,53.95349,57.53899,61.36047,65.22243,68.76744,72.10813,74.80079,77.25745,80.13148,83.19569,86.50471,90.79286,95.74317,100.5526,105.1806,110.4162,116.2594,121.9212,127.1568,131.776,135.3615,138.2443,141.2134,144.1826,146.9703,149.9394,152.9086,155.6012,158.2392,160.8368,163.4748,166.0724,168.7104,171.5933,175.9853,183.2021,192.5269,201.4888,209.086,215.5455,220.7811,224.8879,228.4734,231.8687,234.8378,237.1043,238.9446,240.88,243.4775,246.8182,250.3632,254.3203,258.663,263.3774,267.9966,272.0083,275.5937,279.0841,282.6696,286.6813,291.3956,296.6312,302.293,308.2313,313.893,319.1286,323.938,328.3759,332.664,336.6757,340.7825,345.4968,350.6373,355.7778,360.5872,365.1202,369.7394,374.0275,377.8578,382.2411,387.2865,392.6172,398.1839,403.6959,408.5599,413.0383,417.381,421.5741,424.9694,427.331,429.1712,430.8214,432.1404,433.1829,434.597,436.5782,438.5999,440.1637,442.1942,445.3993,449.1662,452.8063,456.6683,460.4897,464.1703,467.9918,471.7587,474.9726,478.1319,481.5272,484.9225,488.0818,491.3909,495.5839,500.2982,505.0672,509.6318,513.1768,516.1001,519.2189,522.8907,526.1909,528.5525,530.3928,532.138,533.7881,535.1071,536.0546,536.9474,537.9899,539.9253,543.3206,547.9399,552.9853,557.6045,561.19,564.0728,567.2321,571.1487,575.9581,581.6199,587.9843,594.1586,598.968,602.277,605.0102,607.6077,610.1507,612.2269,613.7361,615.4902,618.8855,623.4959,627.4125,630.4855,633.9759,638.1689,642.5117,646.7047,650.1951,653.1731,656.6635,660.7614,664.678,668.4537,672.7013,677.1709,680.7159,683.5441,686.2368,689.2059,692.0799,694.4415,696.8981,700.1983,703.8701,706.989,709.627,711.7033,713.1174,714.1599,715.479,717.1291,718.8743,720.6195,722.2696,723.5886,724.6311,725.8551,727.079,728.1215,729.4405,730.9956,732.2195,732.7408

Position (um) : 4.4949,4.4822,4.4694,4.4635,4.4625,4.4625,4.4625,4.4625,4.4614,4.4566,4.4486,4.4428,4.4369,4.4289,4.4241,4.422,4.4172,4.4092,4.4033,4.3975,4.3895,4.3847,4.3836,4.3826,4.3778,4.3688,4.3591,4.3501,4.3442,4.3384,4.3304,4.3245,4.3186,4.3107,4.3059,4.3048,4.3048,4.3048,4.3048,4.3048,4.3048,4.3038,4.2989,4.291,4.2862,4.2851,4.2851,4.2851,4.2851,4.2851,4.2851,4.2851,4.2851,4.2851,4.2851,4.2851,4.2851,4.2851,4.2851,4.2851,4.2851,4.2851,4.2851,4.2851,4.2851,4.2851,4.2841,4.2782,4.2654,4.2527,4.2457,4.2398,4.2308,4.2201,4.2052,4.1855,4.161,4.1334,4.1099,4.094,4.0822,4.0673,4.0498,4.0349,4.0242,4.0141,4.0034,3.9885,3.971,3.955,3.9395,3.9215,3.907,3.8948,3.8793,3.8554,3.8271,3.7995,3.7798,3.767,3.751,3.7286,3.7058,3.6903,3.6802,3.6743,3.6674,3.6525,3.628,3.5955,3.562,3.5305,3.4938,3.4469,3.3954,3.3505,3.3107,3.2755,3.2398,3.2025,3.1679,3.1375,3.1078,3.0784,3.0497,3.0241,2.9964,2.9581,2.9107,2.8638,2.825,2.7978,2.7717,2.7424,2.7089,2.6754,2.646,2.6221,2.6055,2.5896,2.571,2.5513,2.5315,2.5108,2.482,2.4319,2.3601,2.2904,2.2381,2.1966,2.1561,2.1108,2.0565,1.9915,1.9138,1.8292,1.7536,1.6982,1.6609,1.63,1.5996,1.5661,1.5336,1.5081,1.483,1.443,1.3856,1.334,1.2951,1.2588,1.2152,1.1683,1.1247,1.0884,1.0527,1.0133,0.96912,0.92178,0.87756,0.83815,0.80356,0.77209,0.73749,0.70023,0.66778,0.64593,0.62828,0.60438,0.57505,0.54153,0.50909,0.4835,0.46272,0.44302,0.42331,0.40361,0.38391,0.3642,0.34558,0.33068,0.31891,0.30402,0.28539,0.26569,0.24706,0.23217,0.2204,0.20658,0.19384

Intensity : 1082.7343,1101.4101,1107.0066,1116.6751,1129.9591,1149.5888,1168.0217,1182.6828,1194.1593,1201.7864,1206.8457,1211.9729,1218.9439,1233.1358,1253.3879,1268.0487,1255.9374,1247.5483,1241.1147,1237.0163,1238.4282,1231.7429,1215.1113,1197.1888,1203.1086,1238.345,1266.4782,1277.8136,1292.6597,1318.6249,1329.6085,1327.5217,1344.2193,1362.6124,1361.9763,1360.5965,1359.729,1354.1756,1347.9603,1341.3405,1335.011,1329.0932,1322.1329,1314.1377,1301.2438,1289.7655,1278.3624,1270.4458,1264.978,1240.9954,1212.2459,1233.7447,1272.0501,1280.4033,1269.45,1253.4147,1238.6319,1223.7646,1210.7634,1202.8239,1199.1602,1195.3071,1190.1358,1182.5459,1172.446,1161.1721,1138.246,1118.9042,1111.1273,1098.9491,1079.71,1053.6438,1029.1915,1004.2607,979.19779,957.62504,937.14882,937.10595,936.49388,926.64742,919.95469,919.70705,914.00293,893.21446,874.42852,855.20452,838.11634,828.23627,839.54344,872.57976,896.16771,894.63478,895.75216,891.1135,892.3771,843.55175,786.26126,743.27952,694.08806,629.5788,583.61666,568.78052,559.61615,557.52965,554.61537,549.56971,547.00146,551.32028,559.7504,572.26016,585.0369,598.01712,604.83546,618.40276,645.38952,674.1456,690.84889,703.75942,726.39578,744.67785,760.41051,764.46703,766.98253,762.89166,732.43984,706.62847,687.411,653.3928,639.55044,657.65505,690.75366,707.10601,722.99751,736.87009,746.03106,763.47093,778.30174,786.15097,786.20619,789.78551,802.71963,815.88916,825.463,839.05858,862.5922,902.92834,978.57726,966.43383,991.87185,961.8257,958.25539,957.82765,941.07034,950.2059,903.54633,855.33526,843.22335,857.00976,871.87718,899.74716,901.60119,894.21643,899.2698,911.27958,912.42868,913.705,970.89587,965.66278,993.57216,1019.357,1009.8215,1041.0624,992.06556,989.81439,989.73371,970.96591,998.42127,995.66706,1026.4425,1055.0667,1042.2635,1058.9192,1041.2722,1009.2324,996.9521,957.18626,904.78196,849.64841,795.97653,763.86835,735.66883,718.8415,710.76304,712.01598,716.4411,715.11642,721.22925,735.05417,753.80917,774.61138,792.99527,803.02899,818.07222,836.95017,852.05167,863.40046,878.28426,892.53914,900.03354

Time pixel : 2.03575,2.136,2.34991,2.62476,2.94898,3.29818,3.61234,3.86222,4.10203,4.36104,4.59079,4.79557,5.03539,5.34955,5.70881,6.08819,6.49254,6.90117,7.27627,7.62975,7.91465,8.17459,8.47869,8.80292,9.15304,9.60677,10.1306,10.6394,11.1291,11.6831,12.3014,12.9004,13.4544,13.9432,14.3226,14.6276,14.9418,15.2559,15.5509,15.8651,16.1792,16.4641,16.7433,17.0181,17.2972,17.5721,17.8512,18.1562,18.621,19.3846,20.3712,21.3195,22.1233,22.8068,23.3608,23.7953,24.1747,24.534,24.8481,25.0879,25.2827,25.4875,25.7623,26.1158,26.4909,26.9096,27.3691,27.8679,28.3567,28.7811,29.1605,29.5298,29.9092,30.3337,30.8325,31.3865,31.9856,32.6139,33.2129,33.7669,34.2758,34.7454,35.1991,35.6236,36.0581,36.5569,37.1009,37.6448,38.1537,38.6333,39.122,39.5758,39.9811,40.4448,40.9787,41.5427,42.1317,42.715,43.2296,43.7035,44.163,44.6067,44.9659,45.2158,45.4105,45.5851,45.7247,45.835,45.9846,46.1942,46.4082,46.5736,46.7885,47.1276,47.5262,47.9113,48.32,48.7243,49.1138,49.5181,49.9167,50.2567,50.591,50.9503,51.3095,51.6438,51.994,52.4376,52.9364,53.441,53.924,54.2991,54.6084,54.9384,55.3269,55.6761,55.926,56.1207,56.3054,56.48,56.6196,56.7198,56.8143,56.9246,57.1294,57.4886,57.9774,58.5112,59,59.3794,59.6844,60.0187,60.4331,60.942,61.5411,62.2145,62.8678,63.3767,63.7268,64.016,64.2908,64.5599,64.7796,64.9393,65.1249,65.4841,65.972,66.3864,66.7115,67.0808,67.5245,67.984,68.4277,68.797,69.1121,69.4814,69.915,70.3294,70.7289,71.1784,71.6513,72.0264,72.3256,72.6106,72.9247,73.2288,73.4787,73.7386,74.0878,74.4763,74.8063,75.0855,75.3052,75.4548,75.5651,75.7047,75.8793,76.0639,76.2486,76.4232,76.5627,76.6731,76.8026,76.9321,77.0424,77.1819,77.3465,77.476,77.5311

Position pixel : 42.1265,42.0071,41.8877,41.8325,41.8224,41.8224,41.8224,41.8224,41.8124,41.7673,41.6929,41.6378,41.5826,41.5083,41.4632,41.4431,41.398,41.3236,41.2685,41.2133,41.139,41.0939,41.0838,41.0737,41.0287,40.9442,40.8541,40.7696,40.7145,40.6593,40.585,40.5298,40.4747,40.4003,40.3552,40.3452,40.3452,40.3452,40.3452,40.3452,40.3452,40.3351,40.29,40.2157,40.1706,40.1605,40.1605,40.1605,40.1605,40.1605,40.1605,40.1605,40.1605,40.1605,40.1605,40.1605,40.1605,40.1605,40.1605,40.1605,40.1605,40.1605,40.1605,40.1605,40.1605,40.1605,40.1504,40.0953,39.9759,39.8564,39.7912,39.736,39.6516,39.5514,39.4118,39.2272,38.9974,38.7384,38.5187,38.3691,38.2588,38.1192,37.9547,37.8151,37.7148,37.6204,37.5201,37.3806,37.216,37.0664,36.9211,36.7522,36.617,36.5024,36.357,36.133,35.8683,35.6093,35.4246,35.3042,35.1546,34.945,34.7311,34.5857,34.4912,34.4361,34.3709,34.2313,34.0015,33.6974,33.3833,33.0883,32.744,32.3046,31.8216,31.4014,31.0278,30.6978,30.3635,30.0143,29.6901,29.4052,29.1261,28.8512,28.5821,28.3423,28.0824,27.7231,27.2795,26.8401,26.4765,26.2209,25.9768,25.7019,25.3878,25.0736,24.7988,24.5748,24.4194,24.2698,24.0952,23.9105,23.7259,23.5311,23.2611,22.7916,22.1191,21.4658,20.9761,20.5866,20.2073,19.7828,19.2739,18.6648,17.9362,17.1433,16.4349,15.9159,15.5658,15.2766,14.9917,14.6776,14.3735,14.1336,13.8987,13.5236,12.9864,12.5019,12.1374,11.7974,11.3887,10.9493,10.5407,10.2006,9.86636,9.49704,9.08263,8.63896,8.22455,7.85523,7.53101,7.23604,6.91181,6.56262,6.25852,6.05374,5.88827,5.66429,5.38945,5.07528,4.77118,4.53137,4.33665,4.15199,3.96733,3.78267,3.59801,3.41335,3.23876,3.09919,2.98888,2.84931,2.67472,2.49006,2.31546,2.17589,2.06558,1.93608,1.81664

Pole type : Curve
Start frame : 1
End frame : 196
Start time (s) : 0.000
End time (s) : 1842.930
Time step (s) : 9.451

Pole number : 2

Time (s) : 18.01578,19.66588,22.30392,25.94403,30.83973,35.79004,39.80172,42.86593,45.13241,46.9727,48.7179,50.55819,52.72957,55.17742,57.3488,59.18909,60.93429,62.67949,64.42469,66.16989,67.91509,69.75538,71.92676,74.37461,76.64108,79.09774,82.49304,86.591,90.50758,94.09307,97.58347,101.0739,104.4692,107.6285,110.8424,114.5142,117.9095,120.6972,123.1451,124.8903,126.0279,127.6322,131.1314,137.6368,145.3026,150.6879,153.856,156.399,158.6654,160.9319,163.4748,166.1675,169.2317,172.5319,175.501,177.9577,180.8405,184.8434,188.8463,191.634,193.5694,195.3146,197.0598,198.805,200.6453,202.9118,206.0711,210.3187,215.2144,219.4621,222.8116,226.1206,230.3137,234.8378,238.7544,241.8186,244.1802,246.4466,248.9987,251.6683,254.4745,257.6673,261.6996,266.6402,272.5616,278.2948,282.6743,286.4947,290.5312,293.7417,296.4839,300.7393,308.255,317.3789,323.3562,326.4979,329.2531,332.9662,338.9832,346.5313,352.7894,357.5688,362.6357,371.0049,382.7851,393.262,401.9864,409.3006,416.4061,425.8664,439.2785,454.6984,470.742,485.3705,497.8412,509.1373,519.0943,528.5845,538.0616,547.7588,555.1907,560.9092,566.1411,570.4873,574.1707,578.1851,583.4239,590.0288,596.9116,602.4862,606.5079,609.4894,611.6755,613.4379,615.0125,616.2584,617.3251,619.0014,621.2872,623.3933,625.1699,626.7577,628.0157,628.9982,630.163,631.3287,632.2186,633.0546,633.8506,634.5926

Position (um) : 6.2554,6.2554,6.2554,6.2554,6.2554,6.2554,6.2554,6.2554,6.2554,6.2544,6.2496,6.2416,6.2368,6.2357,6.2357,6.2357,6.2357,6.2357,6.2357,6.2357,6.2357,6.2357,6.2357,6.2357,6.2357,6.2357,6.2357,6.2357,6.2357,6.2357,6.2357,6.2357,6.2357,6.2357,6.2368,6.2416,6.2496,6.2554,6.2624,6.2751,6.2879,6.2948,6.304,6.3263,6.356,6.3774,6.3934,6.4061,6.4131,6.42,6.4338,6.4525,6.4722,6.4908,6.5057,6.5164,6.5265,6.5361,6.5451,6.5499,6.5521,6.5569,6.5648,6.5696,6.5718,6.5766,6.5856,6.5963,6.6101,6.6228,6.6298,6.6368,6.6516,6.6751,6.7017,6.7214,6.7331,6.7432,6.7539,6.768,6.7832,6.8001,6.8242,6.8538,6.8877,6.9204,6.9474,6.9722,6.9954,7.0123,7.0297,7.06,7.1169,7.1883,7.2346,7.2581,7.2824,7.3154,7.3638,7.4227,7.4727,7.513,7.5481,7.5944,7.6573,7.7157,7.7659,7.805,7.8403,7.8884,7.9665,8.0703,8.1835,8.2878,8.3819,8.4689,8.5439,8.6155,8.6872,8.7565,8.8079,8.8502,8.8913,8.9262,8.9557,8.982,9.0131,9.0542,9.0959,9.1313,9.1614,9.1887,9.2081,9.2196,9.2294,9.2387,9.2485,9.259,9.2736,9.292,9.3104,9.325,9.3366,9.3502,9.3638,9.3742,9.3831,9.388,9.3894,9.3896

Intensity : 1114.7971,1118.9889,1119.4461,1120.0769,1113.4062,1099.2973,1090.0408,1084.6465,1080.6565,1077.9775,1080.0296,1082.5296,1082.277,1080.3155,1077.8783,1074.7385,1071.7608,1068.7832,1065.8056,1062.7788,1053.416,1043.5431,1031.8939,1018.7614,1013.1448,1015.5146,1018.7897,1021.1437,1020.8359,1020.554,1028.2145,1036.949,1039.9019,1013.3993,988.03856,959.85968,929.47971,904.414,886.33744,887.8045,896.24291,888.66674,856.81899,842.04163,850.80771,864.87263,874.06916,878.55196,876.14878,874.46804,874.2022,878.53914,888.70154,899.59683,909.93618,909.60492,908.51145,912.26531,917.57396,920.16235,922.47897,923.70747,924.18891,927.83813,941.21355,957.4632,980.51447,1001.8366,1023.1631,1027.8077,1024.3681,1026.2103,1024.8077,1045.3403,1075.2458,1097.6589,1096.5597,1089.1621,1063.4815,1040.5532,1019.6128,1018.0988,1034.272,1032.1742,1031.6088,1060.2264,1075.505,1055.8004,1039.1907,1029.1034,1013.9916,980.14499,916.11129,853.28003,845.92763,857.99575,862.05506,862.78346,867.20901,855.60317,871.70363,882.296,909.17221,922.62132,864.05319,802.64935,768.53711,735.73722,718.2719,729.13119,803.06287,902.81325,871.09319,884.88678,874.46949,846.15209,829.98796,763.08643,709.02305,727.9314,721.22024,738.05019,744.26546,748.19384,761.53769,770.84765,788.95874,799.29112,778.05226,756.12576,735.79676,700.78256,671.65058,654.16669,640.31265,629.12957,619.06719,608.21792,595.61009,583.93989,574.35675,568.55819,565.32969,562.41567,560.91605,561.23714,562.03472,563.70821,567.66207,571.89132

Time pixel : 1.90625,2.08084,2.35997,2.74513,3.26314,3.78694,4.21141,4.53563,4.77545,4.97017,5.15483,5.34955,5.5793,5.83831,6.06806,6.26278,6.44744,6.6321,6.81676,7.00142,7.18608,7.3808,7.61055,7.86956,8.10938,8.36931,8.72857,9.16217,9.57659,9.95597,10.3253,10.6946,11.0539,11.3881,11.7282,12.1167,12.476,12.7709,13.03,13.2146,13.335,13.5047,13.875,14.5633,15.3744,15.9443,16.2795,16.5485,16.7884,17.0282,17.2972,17.5821,17.9064,18.2556,18.5697,18.8297,19.1347,19.5582,19.9818,20.2768,20.4815,20.6662,20.8509,21.0355,21.2302,21.47,21.8043,22.2538,22.7718,23.2212,23.5756,23.9258,24.3694,24.8481,25.2625,25.5868,25.8366,26.0765,26.3465,26.629,26.9259,27.2637,27.6904,28.2131,28.8397,29.4463,29.9097,30.3139,30.741,31.0807,31.3709,31.8212,32.6164,33.5818,34.2142,34.5467,34.8382,35.2311,35.8677,36.6664,37.3286,37.8343,38.3704,39.2559,40.5024,41.611,42.5341,43.308,44.0598,45.0608,46.48,48.1115,49.8091,51.3569,52.6765,53.8717,54.9252,55.9294,56.9322,57.9582,58.7446,59.3497,59.9033,60.3631,60.7529,61.1776,61.732,62.4308,63.1591,63.7489,64.1745,64.4899,64.7212,64.9077,65.0743,65.2062,65.319,65.4964,65.7383,65.9611,66.1491,66.3171,66.4502,66.5542,66.6774,66.8007,66.8949,66.9834,67.0676,67.1461

Position pixel : 58.6264,58.6264,58.6264,58.6264,58.6264,58.6264,58.6264,58.6264,58.6264,58.6164,58.5713,58.4969,58.4518,58.4418,58.4418,58.4418,58.4418,58.4418,58.4418,58.4418,58.4418,58.4418,58.4418,58.4418,58.4418,58.4418,58.4418,58.4418,58.4418,58.4418,58.4418,58.4418,58.4418,58.4418,58.4518,58.4969,58.5713,58.6264,58.6916,58.8111,58.9305,58.9957,59.0811,59.2907,59.5689,59.7694,59.919,60.0385,60.1037,60.1689,60.2984,60.473,60.6577,60.8323,60.9718,61.0721,61.1666,61.2567,61.3412,61.3862,61.4064,61.4515,61.5258,61.5709,61.591,61.6361,61.7205,61.8208,61.9503,62.0697,62.1349,62.2002,62.3397,62.5594,62.8084,62.993,63.1033,63.1978,63.2984,63.4304,63.5726,63.7306,63.9572,64.2348,64.5517,64.8586,65.1114,65.3442,65.5612,65.7198,65.8829,66.1664,66.6997,67.3692,67.8034,68.0232,68.2513,68.5606,69.0142,69.5656,70.035,70.4125,70.7414,71.175,71.7646,72.3125,72.7827,73.1492,73.4796,73.9303,74.6629,75.6356,76.6966,77.6738,78.5562,79.3716,80.0745,80.7449,81.4172,82.0662,82.5486,82.945,83.3304,83.6571,83.933,84.1796,84.4713,84.8567,85.2478,85.579,85.8609,86.117,86.2988,86.4064,86.4982,86.5858,86.6778,86.7756,86.9128,87.0851,87.2574,87.3948,87.503,87.6304,87.7578,87.856,87.939,87.9852,87.9985,87.9996

Pole type : Curve
Start frame : 1
End frame : 196
Start time (s) : 0.000
End time (s) : 1842.930
Time step (s) : 9.451

Feature Information :


Feature number : 1

Time (s) : 307.5286,308.3263,309.2738,310.4977,311.6266,312.2429,312.7642,313.4669,313.893,314.0832,314.5094,315.2121,315.6382,315.8284,316.2546,316.9572,317.4785,318.0949,319.2237,320.3526,320.8738,321.064,321.4902,322.2879,323.1403,323.938,324.4593,324.9806,325.6832,326.1094,326.2996,326.7258,327.4284,327.8546

Position (um) : 6.609,6.6031,6.5882,6.5648,6.5372,6.5127,6.4919,6.4722,6.4525,6.4328,6.4131,6.3934,6.3737,6.354,6.3343,6.3145,6.2948,6.2751,6.2554,6.2357,6.216,6.1974,6.1814,6.1659,6.1479,6.1324,6.1175,6.1037,6.0919,6.077,6.0595,6.0446,6.0339,6.0249

Intensity : 512.1392,504.4612,490.2379,470.1909,449.2521,432.3004,421.4732,411.8191,403.2422,395.3682,387.3365,380.5981,375.9626,371.6201,367.2142,362.8408,358.7462,355.657,352.5924,349.6601,346.8455,344.2163,341.7603,338.6314,335.1314,332.1063,329.4722,327.0221,324.7336,322.4782,320.6153,318.8859,317.4413,316.3759

Time pixel : 32.5395,32.6239,32.7242,32.8537,32.9731,33.0384,33.0935,33.1679,33.2129,33.2331,33.2782,33.3525,33.3976,33.4177,33.4628,33.5372,33.5923,33.6575,33.777,33.8964,33.9516,33.9717,34.0168,34.1012,34.1914,34.2758,34.331,34.3861,34.4605,34.5056,34.5257,34.5708,34.6451,34.6902

Position pixel : 61.9402,61.8851,61.7455,61.5258,61.2668,61.0371,60.8423,60.6577,60.473,60.2884,60.1037,59.919,59.7344,59.5497,59.3651,59.1804,58.9957,58.8111,58.6264,58.4418,58.2571,58.0825,57.9329,57.7875,57.6187,57.4734,57.3338,57.2043,57.094,56.9544,56.7899,56.6503,56.5501,56.4657

Brightness max : 510.49
Brightness min :  0.00
Feature direction : Antipoleward
Feature speed : Slow
Feature type : Curve
Start frame : 1
End frame : 196
Start time (s) : 0.000
End time (s) : 1842.930
Time step (s) : 9.451

Feature number : 2

Time (s) : 413.8106,414.2421,415.0979,416.0777,417.204,418.4614,419.5579,420.4037,421.0985,421.6938,422.3587,423.011,423.5891,424.1373,424.6855,425.2636,425.9457,426.7146,427.3967,428.0047,428.6868,429.4856,430.3912,431.6813,433.5168,435.5604,437.2919,438.525,439.7409,441.296,442.9677,444.3618,445.518,446.6443,447.8747,449.2516,450.8094,452.7047,454.7781,456.7331,458.6184,460.7045,462.6739,464.2915,465.862,467.6107,469.4463,471.0611,472.3212,473.3436,474.3532,475.5365,476.7668,478.027,479.374,480.7681,482.2789,483.834,485.2407,486.5778,488.2054,490.0879,492.1171,494.0566,495.5973,496.8901,498.5646,500.7548,503.0815,505.3784,507.5243,509.32,510.8435,512.091,513.2002,514.1799,515.1723,516.2389,517.3055,518.2681,519.1737,520.2701,521.5574,522.7877,523.9439,525.2041,526.685,528.27,529.721,530.8473,531.7231,532.5219,533.2339,533.9458,534.6849,535.2033

Position (um) : 4.4807,4.4832,4.4847,4.485,4.485,4.4847,4.4832,4.4804,4.477,4.4723,4.4665,4.4603,4.4541,4.4482,4.4436,4.4395,4.4333,4.4253,4.4191,4.4148,4.4086,4.4002,4.3919,4.382,4.3686,4.3539,4.3405,4.3306,4.3223,4.3132,4.3044,4.2965,4.2901,4.2842,4.2789,4.2721,4.2619,4.2502,4.2393,4.2294,4.2186,4.2069,4.1963,4.1883,4.1814,4.1737,4.1654,4.1592,4.1555,4.1523,4.1493,4.1461,4.1428,4.1384,4.1341,4.1301,4.1239,4.1159,4.1093,4.1035,4.0948,4.0846,4.075,4.0663,4.0602,4.0561,4.0514,4.0453,4.0372,4.027,4.0168,4.0091,4.0041,4.0004,3.9957,3.9899,3.9837,3.9775,3.9717,3.9673,3.9651,3.9626,3.9568,3.9484,3.9407,3.9335,3.9233,3.9076,3.8906,3.8773,3.8661,3.8559,3.8479,3.8417,3.8373,3.8355

Intensity : 396.8951,397.6414,399.5427,401.9994,405.0777,408.5786,411.8741,414.6073,416.6845,418.5397,420.6215,422.6609,424.4783,426.1814,427.8194,429.4963,429.1201,428.6982,428.3479,428.0206,427.7757,427.6364,427.5114,427.3479,426.9692,426.3262,426.1701,426.3373,426.6024,427.0439,427.7067,428.588,429.8808,431.2348,432.6443,434.5302,436.3836,438.1388,436.9449,433.271,429.7906,425.9244,422.2502,422.5864,424.1949,426.2173,428.6257,430.6994,432.1565,433.6714,435.2297,437.0181,438.8658,440.7905,442.8083,444.8496,447.4236,451.5957,455.4692,459.2439,464.1225,470.0258,473.2127,469.7583,466.8305,464.2015,459.9752,453.855,449.798,446.0215,442.8036,440.4807,437.7192,433.6943,430.0695,426.8142,423.5612,420.1544,416.8266,413.9101,411.2633,408.5779,406.1825,403.9485,400.5296,397.1171,393.0279,388.2232,383.4224,379.2558,376.062,373.2878,371.0479,369.1073,367.0594,365.8643

Time pixel : 43.7852,43.8309,43.9214,44.0251,44.1443,44.2773,44.3933,44.4828,44.5563,44.6193,44.6897,44.7587,44.8199,44.8779,44.9359,44.997,45.0692,45.1506,45.2228,45.2871,45.3593,45.4438,45.5396,45.6761,45.8703,46.0865,46.2698,46.4002,46.5289,46.6934,46.8703,47.0178,47.1402,47.2593,47.3895,47.5352,47.7,47.9006,48.12,48.3268,48.5263,48.747,48.9554,49.1266,49.2928,49.4778,49.672,49.8429,49.9762,50.0844,50.1912,50.3164,50.4466,50.5799,50.7225,50.87,51.0298,51.1944,51.3432,51.4847,51.6569,51.8561,52.0708,52.276,52.439,52.5758,52.753,52.9847,53.2309,53.474,53.701,53.891,54.0522,54.1842,54.3016,54.4053,54.5103,54.6231,54.736,54.8378,54.9336,55.0497,55.1859,55.316,55.4384,55.5717,55.7284,55.8961,56.0497,56.1688,56.2615,56.346,56.4214,56.4967,56.5749,56.6297

Position pixel : 41.9934,42.0168,42.031,42.0341,42.0341,42.031,42.0168,41.9903,41.9588,41.915,41.8601,41.8021,41.7441,41.6892,41.6454,41.6076,41.5496,41.4745,41.4165,41.3756,41.3176,41.2394,41.1609,41.0682,40.943,40.805,40.6798,40.5871,40.5086,40.4241,40.3409,40.2674,40.2076,40.1514,40.1026,40.0382,39.9427,39.833,39.7312,39.6385,39.5366,39.427,39.3283,39.2529,39.1886,39.1164,39.0382,38.9802,38.9456,38.9159,38.8876,38.8579,38.8264,38.7857,38.745,38.7072,38.6492,38.5742,38.513,38.4579,38.3765,38.281,38.1915,38.1101,38.0521,38.0143,37.9704,37.9124,37.8371,37.7416,37.646,37.5739,37.5269,37.4922,37.4484,37.3935,37.3355,37.2775,37.2227,37.182,37.1615,37.1379,37.083,37.0048,36.9326,36.8651,36.7693,36.6221,36.4625,36.3384,36.2334,36.1379,36.0625,36.0045,35.9638,35.9465

Brightness max : 512.78
Brightness min :  0.00
Feature direction : Ambiguous
Feature speed : Slow
Feature type : Curve
Start frame : 1
End frame : 196
Start time (s) : 0.000
End time (s) : 1842.930
Time step (s) : 9.451

Feature number : 3

Time (s) : 284.4148,284.9361,286.16,287.715,289.0341,290.0766,291.3005,292.5245,293.4719,294.3648,295.2171,296.0149,296.5361,297.0574,297.8552,298.7075,299.5053,299.9314,300.1216,300.5478,301.2505,301.7717,302.293,302.9957,303.5169,304.0382,304.7409

Position (um) : 5.4768,5.4464,5.3944,5.3444,5.3118,5.29,5.2703,5.2506,5.2309,5.2112,5.1915,5.1718,5.1521,5.1324,5.1116,5.0871,5.0594,5.0349,5.0152,5.0003,4.9886,4.9737,4.955,4.9353,4.9156,4.897,4.8832

Intensity : 314.5196,317.7614,320.5585,323.2807,324.7328,325.8691,327.3618,329.0459,330.0548,330.9354,331.8544,332.7618,333.6108,334.4597,335.6921,337.5464,339.6816,341.5409,343.001,345.1439,347.0815,349.4112,352.326,353.9586,355.5558,357.6662,358.9034

Time pixel : 30.0939,30.149,30.2785,30.4431,30.5826,30.6929,30.8224,30.9519,31.0522,31.1467,31.2369,31.3213,31.3764,31.4316,31.516,31.6062,31.6906,31.7357,31.7558,31.8009,31.8752,31.9304,31.9856,32.0599,32.1151,32.1702,32.2446

Position pixel : 51.3293,51.0444,50.5566,50.0879,49.7829,49.5781,49.3935,49.2088,49.0241,48.8395,48.6548,48.4702,48.2855,48.1009,47.9061,47.6764,47.4174,47.1876,47.003,46.8634,46.7531,46.6135,46.4389,46.2543,46.0696,45.895,45.7655

Brightness max : 364.31
Brightness min :  0.00
Feature direction : Poleward
Feature speed : Slow
Feature type : Curve
Start frame : 1
End frame : 196
Start time (s) : 0.000
End time (s) : 1842.930
Time step (s) : 9.451

Feature number : 4

Time (s) : 377.5267,379.2719,382.0509,384.9249,387.1914,388.9366,390.2556,391.2981,392.6172,394.2673,396.0125,397.7577,399.5029,401.2481,402.9933,404.7385,406.4837,408.2289,409.9741,411.7193,413.4645,415.2097,416.9549,418.7001,420.4453,422.1905,423.9357,425.6809,427.4261,429.2663,431.4377,433.8856,436.152,438.4185,440.8664,442.9427,444.3568,445.3042,446.1971,447.1445,448.4635,450.2087,452.3801,454.7329,456.4781,457.6157,458.9347,460.4897,461.8088,462.9464,464.6916,467.0444,469.2157,471.1511,473.2274,475.2491,476.7178,478.227,480.4935,483.8888,487.8916,491.2869,493.6485,495.4888,497.234,498.9792,500.7244,502.5647,504.7361,507.1839,509.3553,511.2907,513.4621,515.9099,518.2715,521.0592,524.6359,528.0312,530.9141,533.8832,536.7572,538.9286,540.3427,541.2902,542.183,543.0354,543.8331,544.2593,544.3544,544.3544,544.3544,544.3544,544.3544,544.3544,544.3544,544.3544,544.3544,544.4495,544.8756,545.6734,546.5258,547.4186,548.271,549.2589,550.5374,552.228,554.1229,556.6659,559.4448,561.6162,563.0303,564.0728,565.3919,566.9469,568.1708,568.7872,569.3084,570.0111,570.4373,570.5324,570.5324,570.5324,570.5324,570.6275,571.0536,571.7563,572.1825,572.2776

Position (um) : 6.9243,6.9184,6.9046,6.887,6.8732,6.8662,6.8604,6.8513,6.8417,6.8327,6.8268,6.8209,6.813,6.8082,6.8071,6.8071,6.8061,6.8012,6.7933,6.7885,6.7874,6.7874,6.7885,6.7933,6.8012,6.8071,6.813,6.8209,6.8258,6.8268,6.8268,6.8268,6.8258,6.8199,6.8071,6.7933,6.7826,6.7725,6.7629,6.7528,6.7421,6.7272,6.7097,6.6948,6.6841,6.674,6.6633,6.6484,6.6309,6.6149,6.5983,6.5755,6.551,6.5243,6.4919,6.4605,6.4408,6.4317,6.4178,6.3853,6.3423,6.3077,6.2841,6.2613,6.2438,6.2357,6.2299,6.2219,6.2171,6.216,6.215,6.2101,6.2022,6.1974,6.1963,6.1963,6.1963,6.1963,6.1963,6.1963,6.1963,6.1974,6.2033,6.2171,6.2368,6.2613,6.2911,6.3274,6.3758,6.4317,6.486,6.535,6.5786,6.616,6.6565,6.7027,6.7459,6.7815,6.813,6.8455,6.8742,6.8977,6.9264,6.9589,6.9893,7.019,7.0494,7.0851,7.1283,7.1745,7.2139,7.2465,7.2811,7.3205,7.3636,7.4051,7.4366,7.4632,7.4909,7.5154,7.5361,7.5558,7.5755,7.5953,7.615,7.6347,7.6533,7.6671

Intensity : 369.2497,369.6541,372.8183,375.1621,376.9468,378.9354,380.2563,380.2122,380.6567,382.0386,384.4522,385.2849,383.899,383.3313,383.6978,384.3267,384.4835,379.8958,374.6045,370.0555,366.3727,362.9358,360.8291,360.1933,360.2905,359.9417,359.6132,360.7422,364.4616,367.4419,370.6669,374.3026,376.4049,376.9282,376.3904,375.5776,374.8669,373.6365,372.5076,371.3879,370.4754,369.2787,368.6362,368.2745,367.6254,366.8529,366.0686,364.8874,363.3317,361.934,361.0694,360.5007,360.7701,361.8492,363.8654,366.4221,368.4861,370.3863,373.4569,374.6124,371.5971,369.6836,366.188,361.9036,358.5072,356.5287,354.8801,354.3339,354.523,355.3456,356.0636,355.1294,352.6005,350.3825,348.6815,347.3953,346.6658,345.9734,341.8165,334.8367,328.0804,323.2189,321.3606,320.7633,320.6389,320.8943,321.5821,322.9325,325.4089,328.8392,332.5062,334.7798,336.0057,337.043,337.2699,337.5292,337.1049,336.0917,334.3637,332.0845,329.9024,327.3939,325.2175,327.8848,331.0432,333.9811,336.959,340.8383,338.7715,335.0331,332.2402,329.8513,325.0137,317.991,312.1239,306.9289,302.8041,298.426,294.663,292.2467,290.4629,288.7713,287.0798,285.6307,283.356,280.5211,278.5696,277.6845

Time pixel : 39.946,40.1307,40.4247,40.7288,40.9686,41.1533,41.2929,41.4032,41.5427,41.7173,41.902,42.0866,42.2713,42.456,42.6406,42.8253,43.0099,43.1946,43.3793,43.5639,43.7486,43.9332,44.1179,44.3026,44.4872,44.6719,44.8565,45.0412,45.2259,45.4206,45.6503,45.9093,46.1491,46.389,46.648,46.8677,47.0173,47.1175,47.212,47.3123,47.4518,47.6365,47.8662,48.1152,48.2998,48.4202,48.5598,48.7243,48.8639,48.9843,49.1689,49.4179,49.6476,49.8524,50.0721,50.286,50.4414,50.6011,50.8409,51.2002,51.6237,51.983,52.2328,52.4276,52.6122,52.7969,52.9815,53.1763,53.406,53.665,53.8948,54.0996,54.3293,54.5883,54.8382,55.1332,55.5116,55.8709,56.1759,56.4901,56.7942,57.0239,57.1735,57.2738,57.3683,57.4584,57.5429,57.5879,57.598,57.598,57.598,57.598,57.598,57.598,57.598,57.598,57.598,57.6081,57.6532,57.7376,57.8278,57.9222,58.0124,58.117,58.2522,58.4311,58.6316,58.9007,59.1947,59.4245,59.5741,59.6844,59.824,59.9885,60.118,60.1832,60.2384,60.3127,60.3578,60.3679,60.3679,60.3679,60.3679,60.378,60.4231,60.4974,60.5425,60.5526

Position pixel : 64.8948,64.8396,64.7101,64.5456,64.4161,64.3509,64.2957,64.2113,64.1211,64.0367,63.9815,63.9264,63.852,63.8069,63.7969,63.7969,63.7868,63.7417,63.6674,63.6223,63.6122,63.6122,63.6223,63.6674,63.7417,63.7969,63.852,63.9264,63.9715,63.9815,63.9815,63.9815,63.9715,63.9163,63.7969,63.6674,63.5671,63.4727,63.3825,63.288,63.1877,63.0482,62.8836,62.7441,62.6438,62.5494,62.4491,62.3095,62.145,61.9954,61.84,61.6261,61.3963,61.1464,60.8423,60.5483,60.3636,60.2783,60.1479,59.8438,59.4403,59.1161,58.8955,58.6816,58.517,58.4418,58.3866,58.3123,58.2672,58.2571,58.247,58.2019,58.1276,58.0825,58.0724,58.0724,58.0724,58.0724,58.0724,58.0724,58.0724,58.0825,58.1377,58.2672,58.4518,58.6816,58.9607,59.3008,59.7545,60.2783,60.7872,61.2467,61.6553,62.0054,62.3848,62.8184,63.2228,63.5571,63.852,64.1561,64.4252,64.6458,64.9149,65.219,65.5039,65.783,66.0679,66.4022,66.8066,67.2402,67.6095,67.9145,68.2388,68.6081,69.0124,69.4009,69.6959,69.9458,70.2048,70.4345,70.6293,70.8139,70.9986,71.1832,71.3679,71.5526,71.7272,71.8567

Brightness max : 364.31
Brightness min :  0.00
Feature direction : Poleward
Feature speed : Slow
Feature type : Curve
Start frame : 1
End frame : 196
Start time (s) : 0.000
End time (s) : 1842.930
Time step (s) : 9.451

