KYMOANALYSIS DATA

General Information :

Tiff path : E:\Google Drive\microtubule dynamics and cut7\20-15 screens and tests\wild type\18-11-09 (cut7-3GFP and sid4-mCh)\
Spindle type : Bipolar
Start frame : 1
End frame : 208
Start time (s) : 0.000
End time (s) : 1482.400
Time step (s) : 7.161
Num poles : 2
Num tracks : 8
Num tracks poleward : 1
Num tracks antipoleward : 4
Num tracks ambiguous : 3
Comments : {

}
Poles Information :


Pole number : 1

Time (s) : 15.530955,17.430531,20.916635,24.931087,28.544698,31.873536,34.458726,36.777599,39.388263,41.896963,44.361731,46.673519,48.573095,50.39618,52.441652,54.531053,56.576525,58.32312,59.803398,61.207186,62.610974,64.091252,65.837847,67.883319,70.049211,72.51398,75.245065,78.052641,80.783726,83.248495,85.414387,87.536349,89.62575,91.671222,93.494307,95.393883,97.782161,100.43676,102.90152,105.06742,107.11289,108.93597,110.75906,112.72804,114.47463,115.95491,117.3587,118.76249,120.16628,121.49357,122.55456,124.08157,128.61026,136.9678,145.69369,153.06252,159.46525,164.28574,167.32279,169.22236,170.77913,172.52573,174.49471,176.2413,177.72158,179.20186,181.10143,183.75603,186.63301,188.87539,190.92795,193.58254,196.53602,199.1212,201.81545,205.23214,209.2466,213.08259,216.53185,219.41592,222.15409,225.52686,229.16594,232.31633,234.85759,237.17646,239.98403,243.28031,246.58368,250.38283,255.4257,261.11026,266.57951,272.04168,277.04063,280.88371,284.40946,287.85872,291.20601,294.80117,297.87506,300.34691,303.15449,306.37428,309.18185,311.50073,313.96549,316.77307,319.92345,323.37271,326.78941,329.97235,332.90035,336.15978,340.07227,344.77234,349.4724,353.53787,357.40643,361.19849,364.69168,367.72165,369.96403,371.8636,373.90908,376.15146,378.95903,382.17882,384.9864,387.38176,390.18934,393.6386,397.55108,402.13781,407.30111,412.64286,417.27352,421.41548,425.77274,429.83112,433.21097,436.36136,439.39132,442.053,444.93706,448.23334,451.38373,454.34428,457.41817,460.44814,463.18631,466.48967,470.69395,474.90531,478.8178,482.56594,485.91323,489.43898,493.00157,496.03862,499.1196,503.05756,507.19243,511.41088,516.45376,521.71902,525.97431,529.15725,531.39963,533.29921,535.26819,537.01479,538.41857,539.63254,541.23324,543.92039,547.33709,551.28214,555.75982,560.53637,565.16703,569.87419,574.99355,580.11291,584.66708,588.45915,591.41971,594.08139,597.11135,600.18524,603.22229,606.71548,610.65344,614.29961,618.02227,622.37953,626.9337,631.56436,636.41741,641.16141,645.25235,648.33333,651.21739,654.24735,657.17535,660.20531,662.85991,664.75948,666.54572,669.47372,673.82389,677.95877,681.38255,684.86437,688.47798,692.7984,698.03818,704.29502,711.31395,718.94202,726.74854,733.81141,740.22122,746.10269,751.60451,757.34008,763.89579,770.72919,777.20841,782.60117,787.38482,792.16137,796.71554,801.07989,805.55757,810.06781,814.39959,818.90983,823.464,828.17116,833.36701,838.75269,843.75872,848.58629,854.08102,859.96249,865.92045,871.68149,876.50198,880.18071,883.41467,887.62603,892.89129,898.20757,903.70938,909.93366,916.6792,923.13294,929.66318,936.90451,944.45608,951.62091,957.42589,961.52392,964.83437,969.04573,974.2345,979.28446,984.33442,989.67617,994.72613,999.85257,1005.3841,1010.1607,1013.9669,1018.5976,1024.3516,1029.5149,1033.4599,1036.344,1038.7393,1041.6999,1045.6053,1049.5433,1052.5477,1055.395,1059.231,1064.0769,1068.5546,1072.2008,1075.2307,1077.4731,1079.7551,1083.4382,1088.2402,1092.6159,1096.7833,1100.6519,1104.648,1110.1427,1116.7027,1122.883,1127.933,1132.4503,1137.3473,1142.7655,1148.0818,1153.3542,1158.55,1163.447,1168.0337,1172.3655,1176.7228,1180.5148,1183.5193,1186.3595,1189.3639,1193.2325,1197.8561,1202.3338,1206.2788,1209.8485,1213.4507,1217.2867,1221.4541,1225.7094,1230.0667,1233.9353,1237.4355,1241.5265,1246.0806,1251.0541,1256.4724,1261.7121,1266.6417,1271.1194,1275.0644,1278.7871,1282.9219,1287.3557,1291.5345,1295.3591,1298.7064,1302.3851,1306.7863,1311.4864,1315.6213,1318.8481,1321.3894,1323.6318,1326.0201,1328.3319,1330.1549,1331.6352,1333.039,1334.4428,1335.9996,1338.089,1340.6996,1343.1318,1345.2538,1347.0004,1348.4807,1349.808,1350.8689,1351.7075,1352.7685,1354.2488,1356.3382,1358.8724,1360.9618,1362.5185,1363.9223,1365.3261,1366.7299,1368.1337,1369.614,1371.3606,1373.3296,1375.0761,1376.5564,1377.9602,1379.4405,1381.1871,1383.1561,1384.9027,1386.3829,1387.7867,1389.1905,1390.5943,1391.9981,1393.3254,1394.3099

Position (um) : 4.3879,4.3879,4.3879,4.3879,4.3879,4.3879,4.3867,4.3816,4.3732,4.3681,4.3658,4.3607,4.3523,4.3472,4.3461,4.3461,4.3461,4.3461,4.3461,4.3461,4.3461,4.3461,4.3461,4.3449,4.3398,4.3314,4.3263,4.3251,4.3251,4.3251,4.3251,4.3251,4.3251,4.3251,4.3251,4.3251,4.3251,4.3251,4.3251,4.324,4.3189,4.3105,4.3054,4.3042,4.3042,4.3042,4.3042,4.3042,4.3042,4.3031,4.298,4.2884,4.2771,4.2624,4.2489,4.2426,4.2415,4.2415,4.2415,4.2415,4.2415,4.2415,4.2415,4.2415,4.2415,4.2415,4.2415,4.2415,4.2415,4.2415,4.2415,4.2415,4.2415,4.2415,4.2415,4.2415,4.2415,4.2415,4.2415,4.2415,4.2415,4.2415,4.2415,4.2426,4.2477,4.2561,4.2613,4.2624,4.2624,4.2624,4.2624,4.2624,4.2624,4.2624,4.2624,4.2624,4.2624,4.2624,4.2624,4.2613,4.2561,4.2477,4.2415,4.2352,4.2268,4.2217,4.2206,4.2194,4.2143,4.2059,4.1996,4.1934,4.185,4.1787,4.1725,4.1641,4.1578,4.1516,4.142,4.1318,4.1222,4.116,4.1097,4.1013,4.0962,4.0939,4.0888,4.0804,4.0742,4.0679,4.0595,4.0532,4.047,4.0374,4.0261,4.0114,3.9967,3.9842,3.9696,3.956,3.9487,3.9424,3.934,3.9277,3.9215,3.9131,3.9068,3.8994,3.8859,3.8712,3.8587,3.8429,3.8232,3.8022,3.7825,3.7667,3.7542,3.7395,3.7248,3.7123,3.6965,3.6768,3.6536,3.6201,3.571,3.5168,3.471,3.4394,3.4207,3.4049,3.3902,3.3788,3.3681,3.3579,3.3472,3.3347,3.3138,3.2845,3.2533,3.2217,3.1894,3.1527,3.1132,3.0764,3.0442,3.0148,2.9928,2.9752,2.9561,2.9396,2.9215,2.8955,2.861,2.8255,2.7921,2.7542,2.7084,2.6593,2.6163,2.5789,2.544,2.515,2.4846,2.4552,2.4314,2.406,2.3823,2.3653,2.3505,2.3245,2.289,2.2619,2.242,2.2178,2.1917,2.1634,2.1267,2.0809,2.0295,1.9763,1.9187,1.8594,1.808,1.7683,1.7305,1.6898,1.6468,1.601,1.5559,1.5185,1.4869,1.4608,1.4399,1.423,1.4065,1.3874,1.3709,1.354,1.3353,1.3195,1.307,1.2924,1.2777,1.2652,1.2494,1.2296,1.2087,1.1889,1.1743,1.1669,1.1595,1.1448,1.1262,1.1104,1.0979,1.0821,1.0623,1.0425,1.0267,1.0154,1.0058,1.0007,0.99955,0.99955,0.99955,0.99955,0.99955,0.99955,0.99955,0.99955,0.99955,0.99842,0.99331,0.98489,0.97978,0.9775,0.97239,0.96397,0.95886,0.95772,0.95658,0.95148,0.94306,0.93795,0.93681,0.93567,0.93056,0.92214,0.91589,0.90964,0.90122,0.89612,0.89498,0.89498,0.89498,0.89498,0.89498,0.89498,0.89498,0.89498,0.89498,0.89498,0.89498,0.89384,0.88873,0.88031,0.87406,0.86781,0.85939,0.85428,0.85201,0.8469,0.83848,0.83337,0.83223,0.83223,0.83109,0.82598,0.81756,0.81245,0.81017,0.80507,0.79665,0.79154,0.7904,0.7904,0.7904,0.7904,0.7904,0.7904,0.7904,0.7904,0.7904,0.7904,0.7904,0.7904,0.7904,0.7904,0.79154,0.79779,0.81131,0.82484,0.83223,0.84076,0.86053,0.88873,0.91475,0.93567,0.95148,0.96283,0.97353,0.98489,0.99955,1.0142,1.0256,1.0363,1.0476,1.0634,1.0832,1.103,1.1177,1.125,1.1313,1.1409,1.1511,1.1606,1.1669,1.1731,1.1815,1.1867,1.1878,1.1878,1.1878,1.1878,1.1878,1.1878,1.1878,1.1878,1.1878,1.1878,1.1878,1.1878,1.1878,1.1878,1.1878,1.1878,1.1878,1.1878,1.1878,1.1878,1.1878,1.1878,1.1878

Intensity : 1719.9515,1719.7458,1719.3683,1725.5533,1732.1016,1710.966,1695.7698,1686.5806,1672.8464,1644.5633,1614.1093,1578.4227,1544.8873,1517.8754,1501.5623,1486.1089,1470.9804,1464.6653,1463.1852,1461.7815,1460.3779,1458.8978,1448.6844,1434.3923,1420.9169,1408.6363,1394.8392,1378.9097,1344.7319,1308.016,1275.7522,1266.2156,1263.9135,1261.6597,1261.6235,1268.9752,1278.2183,1289.5554,1313.8321,1336.1191,1360.5252,1377.0041,1388.7525,1397.8236,1405.0756,1393.4602,1381.1325,1368.8047,1356.477,1345.4686,1338.5661,1330.5037,1299.0479,1185.8278,1152.2341,1135.1513,1113.0649,1075.3507,1059.6108,1050.5832,1043.1847,1032.8123,1017.2103,1003.3705,991.64091,981.44322,983.70767,986.87217,990.63856,995.03651,999.06216,1007.7314,1058.7734,1103.4508,1136.189,1158.8364,1174.7105,1173.8629,1188.5972,1214.3854,1238.0121,1249.1742,1261.2338,1290.5669,1313.5088,1309.9288,1254.5808,1190.1893,1156.6537,1120.4112,1050.1778,1017.6705,1030.5217,1069.137,1131.4298,1152.9691,1138.0174,1117.2894,1088.5563,1054.1508,1023.7733,1009.5662,1009.5715,1013.0398,1024.8113,1030.6415,1025.7049,1028.7144,1049.7153,1081.477,1107.5745,1130.5117,1146.5984,1155.0066,1159.2065,1161.146,1142.3518,1145.7234,1164.496,1150.3927,1131.0948,1108.2215,1093.006,1084.4928,1069.4761,1048.2505,1025.267,1007.869,991.10193,981.44179,984.25983,982.50911,949.86847,915.53948,894.45242,873.55702,866.89893,873.02646,883.00756,890.92512,872.62977,851.99681,850.45832,852.33495,850.82824,839.91894,827.45764,814.9624,806.7072,778.90367,745.33241,712.59944,699.33791,706.27774,722.76815,723.23726,716.79093,719.06479,723.71275,720.95372,716.47949,722.01612,744.00734,773.22084,816.26362,863.04808,852.43742,835.15959,822.1859,809.88365,797.79598,789.34724,783.40619,779.74143,774.3047,763.50823,767.09414,781.60822,777.62258,782.97536,791.70209,790.83945,796.62326,809.77412,824.44767,834.12349,818.63607,793.95172,744.1855,697.74113,671.77512,666.90155,666.15372,660.47797,662.19084,670.35047,626.48956,576.09751,550.52816,537.43073,549.79443,616.61119,690.37409,772.43021,834.95413,893.09724,940.32316,974.3695,1000.3662,992.37448,974.60302,992.17153,1007.8519,978.75634,957.19456,954.82541,896.25931,795.49502,760.84389,814.69638,950.71525,995.71648,984.86438,896.34087,891.99403,952.24924,1042.8344,1127.3725,1083.1237,1019.4241,950.81323,924.81301,927.45169,947.51535,1005.7242,1072.4919,1083.0936,1111.7618,1158.0004,1141.8441,1131.6117,1120.7543,1111.3463,1097.5838,1088.3122,1093.1156,1076.4586,1130.9112,1201.2442,1248.4049,1266.2533,1278.6668,1263.8333,1228.6848,1192.9747,1186.0272,1191.9539,1214.8857,1189.9612,1170.4699,1111.5688,1098.6101,1094.9287,1092.9625,1091.1968,1097.6945,1117.567,1179.4425,1229.2537,1265.6656,1276.1369,1258.2548,1255.0595,1268.7293,1257.5914,1241.1654,1214.1216,1208.1041,1217.5344,1232.2773,1242.0607,1232.6285,1218.0482,1176.7482,1148.469,1136.1858,1117.0422,1128.0513,1143.7938,1152.2198,1163.8599,1182.2685,1203.6431,1206.4228,1177.1101,1208.8215,1217.345,1158.794,1120.4327,1103.6096,1026.0087,1058.1029,1071.1508,1073.984,1071.648,1064.093,1061.0646,1069.4968,1084.297,1076.8383,1060.85,1071.3095,1067.6471,1051.9842,1042.6486,1035.5116,1021.5512,968.08022,929.26863,920.70046,906.62752,895.82256,916.60063,940.11348,937.87383,937.63736,949.49245,953.07604,951.4667,957.88085,970.27378,1008.7004,1030.8048,1036.7567,1035.2314,1021.2919,1006.0045,990.04936,961.07749,896.02787,842.5832,799.83348,779.72949,766.72489,801.21292,843.83817,857.73796,867.85374,869.91751,866.24231,851.10857,837.20219,826.75282,819.58814,818.58688,819.7933,821.83353,825.67183,818.32078,810.40216,807.46462,807.78303,806.29988,803.15314,799.82323,796.92606,796.92793,799.50842,798.26913,803.30919,809.57301,806.92765,804.54224,802.15684,799.77143,797.62446,796.22833,794.58102,792.72396,789.97646,771.69316,754.35462,736.07132,714.49868,689.97333,668.04629,649.46262,631.83923,614.21584,596.184,578.11677,561.034,548.36328

Time pixel : 2.168718,2.433972,2.920766,3.481338,3.985937,4.45077,4.811762,5.135566,5.500115,5.850426,6.194602,6.517417,6.78267,7.037243,7.32287,7.61463,7.900257,8.144149,8.350852,8.546875,8.742898,8.949601,9.193493,9.47912,9.781561,10.12574,10.5071,10.89915,11.28051,11.62469,11.92713,12.22344,12.5152,12.80082,13.0554,13.32065,13.65415,14.02483,14.36901,14.67145,14.95707,15.21165,15.46622,15.74117,15.98506,16.19176,16.38778,16.58381,16.77983,16.96517,17.11332,17.32655,17.95893,19.12597,20.34444,21.37341,22.26748,22.9406,23.36469,23.62994,23.84733,24.09122,24.36617,24.61006,24.81676,25.02347,25.28872,25.6594,26.06114,26.37426,26.66088,27.03156,27.44398,27.80497,28.18119,28.65829,29.21887,29.75452,30.23617,30.63889,31.02125,31.49222,32.00037,32.44029,32.79514,33.11895,33.51099,33.97128,34.43256,34.96306,35.66724,36.46102,37.22474,37.98747,38.68552,39.22216,39.71449,40.19614,40.66355,41.16557,41.5948,41.93997,42.33202,42.78162,43.17367,43.49747,43.84165,44.23369,44.67361,45.15526,45.63236,46.07682,46.48568,46.94082,47.48716,48.14347,48.79978,49.36747,49.90767,50.43719,50.92497,51.34807,51.66119,51.92645,52.21207,52.5252,52.91724,53.36685,53.75889,54.09338,54.48542,54.96707,55.51341,56.15389,56.87488,57.6208,58.26742,58.84579,59.45423,60.02094,60.4929,60.93281,61.35591,61.72758,62.13031,62.5906,63.03051,63.44392,63.87315,64.29625,64.67861,65.13988,65.72696,66.31503,66.86136,67.38475,67.85216,68.34449,68.84196,69.26605,69.69627,70.24617,70.82355,71.41261,72.11679,72.85202,73.44622,73.89068,74.20381,74.46906,74.74401,74.9879,75.18392,75.35344,75.57696,75.95219,76.42929,76.98017,77.60543,78.27242,78.91903,79.57633,80.29119,81.00605,81.64199,82.17151,82.58492,82.95659,83.37969,83.80892,84.23301,84.72079,85.27068,85.77983,86.29966,86.9081,87.54403,88.19065,88.86832,89.53077,90.10202,90.53224,90.93497,91.35807,91.76693,92.19003,92.56071,92.82597,93.07539,93.48426,94.09171,94.66909,95.14719,95.63338,96.13798,96.74128,97.47295,98.34665,99.32676,100.3919,101.482,102.4683,103.3633,104.1846,104.9529,105.7538,106.6692,107.6234,108.5282,109.2812,109.9492,110.6162,111.2521,111.8615,112.4868,113.1166,113.7215,114.3513,114.9872,115.6445,116.3701,117.1221,117.8211,118.4953,119.2625,120.0838,120.9158,121.7202,122.3934,122.907,123.3586,123.9467,124.6819,125.4243,126.1926,127.0617,128.0036,128.9048,129.8167,130.8279,131.8824,132.8828,133.6934,134.2657,134.728,135.316,136.0406,136.7457,137.4509,138.1968,138.902,139.6178,140.3903,141.0572,141.5887,142.2354,143.0388,143.7598,144.3107,144.7134,145.0479,145.4613,146.0067,146.5566,146.9761,147.3737,147.9093,148.586,149.2113,149.7204,150.1435,150.4566,150.7753,151.2896,151.9601,152.5712,153.1531,153.6933,154.2513,155.0186,155.9346,156.7976,157.5028,158.1336,158.8174,159.574,160.3163,161.0526,161.7781,162.4619,163.1024,163.7073,164.3157,164.8452,165.2648,165.6614,166.0809,166.6211,167.2667,167.892,168.4429,168.9413,169.4443,169.98,170.5619,171.1561,171.7646,172.3048,172.7935,173.3648,174.0007,174.6952,175.4518,176.1835,176.8718,177.4971,178.048,178.5678,179.1452,179.7643,180.3478,180.8819,181.3493,181.863,182.4776,183.1339,183.7113,184.1619,184.5167,184.8299,185.1634,185.4862,185.7407,185.9474,186.1435,186.3395,186.5569,186.8486,187.2132,187.5528,187.8491,188.093,188.2997,188.4851,188.6332,188.7503,188.8985,189.1052,189.3969,189.7508,190.0426,190.2599,190.456,190.652,190.848,191.044,191.2507,191.4946,191.7696,192.0135,192.2202,192.4162,192.6229,192.8668,193.1417,193.3856,193.5923,193.7884,193.9844,194.1804,194.3764,194.5618,194.6992

Position pixel : 41.1236,41.1236,41.1236,41.1236,41.1236,41.1236,41.1129,41.065,40.9861,40.9382,40.9169,40.869,40.7901,40.7422,40.7315,40.7315,40.7315,40.7315,40.7315,40.7315,40.7315,40.7315,40.7315,40.7209,40.673,40.5941,40.5462,40.5355,40.5355,40.5355,40.5355,40.5355,40.5355,40.5355,40.5355,40.5355,40.5355,40.5355,40.5355,40.5248,40.477,40.398,40.3502,40.3395,40.3395,40.3395,40.3395,40.3395,40.3395,40.3288,40.2809,40.1913,40.0849,39.9474,39.8207,39.7621,39.7514,39.7514,39.7514,39.7514,39.7514,39.7514,39.7514,39.7514,39.7514,39.7514,39.7514,39.7514,39.7514,39.7514,39.7514,39.7514,39.7514,39.7514,39.7514,39.7514,39.7514,39.7514,39.7514,39.7514,39.7514,39.7514,39.7514,39.7621,39.81,39.8889,39.9368,39.9474,39.9474,39.9474,39.9474,39.9474,39.9474,39.9474,39.9474,39.9474,39.9474,39.9474,39.9474,39.9368,39.8889,39.81,39.7514,39.6929,39.6139,39.5661,39.5554,39.5447,39.4968,39.4179,39.3594,39.3008,39.2219,39.1634,39.1048,39.0259,38.9673,38.9088,38.8192,38.7234,38.6338,38.5753,38.5167,38.4378,38.3899,38.3686,38.3207,38.2418,38.1832,38.1247,38.0458,37.9872,37.9287,37.8391,37.7326,37.5952,37.4577,37.3406,37.2031,37.0763,37.0071,36.9486,36.8696,36.8111,36.7525,36.6736,36.6151,36.5458,36.419,36.2816,36.1645,36.0163,35.831,35.6349,35.4496,35.3014,35.1843,35.0469,34.9094,34.7923,34.6441,34.4588,34.2414,33.9283,33.468,32.9599,32.5306,32.2343,32.0587,31.9105,31.773,31.6666,31.5663,31.4706,31.3703,31.2532,31.0572,30.7822,30.4905,30.1942,29.8917,29.5476,29.1769,28.8327,28.5303,28.2553,28.0486,27.8836,27.7044,27.5501,27.3806,27.1367,26.8139,26.4804,26.1673,25.8124,25.3832,24.9229,24.5202,24.1699,23.8425,23.5711,23.2855,23.0106,22.787,22.5493,22.3268,22.1679,22.0295,21.7856,21.4531,21.1985,21.0122,20.7851,20.5412,20.2759,19.9318,19.5025,19.0209,18.5224,17.9822,17.4262,16.9445,16.5729,16.218,15.8366,15.4339,15.0047,14.5816,14.2313,13.935,13.6911,13.4951,13.3362,13.1819,13.0027,12.8484,12.6896,12.5149,12.3668,12.2497,12.1122,11.9747,11.8576,11.7095,11.5241,11.3281,11.1428,11.0053,10.9361,10.8668,10.7294,10.5547,10.4066,10.2895,10.1413,9.95597,9.77062,9.62247,9.51605,9.42645,9.37858,9.3679,9.3679,9.3679,9.3679,9.3679,9.3679,9.3679,9.3679,9.3679,9.35722,9.30935,9.23043,9.18256,9.16119,9.11332,9.0344,8.98653,8.97585,8.96517,8.9173,8.83838,8.79051,8.77983,8.76915,8.72128,8.64236,8.58381,8.52526,8.44633,8.39847,8.38778,8.38778,8.38778,8.38778,8.38778,8.38778,8.38778,8.38778,8.38778,8.38778,8.38778,8.3771,8.32923,8.25031,8.19176,8.13321,8.05429,8.00642,7.98506,7.93719,7.85827,7.8104,7.79972,7.79972,7.78903,7.74117,7.66224,7.61437,7.59301,7.54514,7.46622,7.41835,7.40767,7.40767,7.40767,7.40767,7.40767,7.40767,7.40767,7.40767,7.40767,7.40767,7.40767,7.40767,7.40767,7.40767,7.41835,7.4769,7.60369,7.73048,7.79972,7.87963,8.06497,8.32923,8.57313,8.76915,8.9173,9.02372,9.12401,9.23043,9.3679,9.50537,9.61179,9.71207,9.81849,9.96665,10.152,10.3373,10.4748,10.544,10.6026,10.6922,10.7879,10.8775,10.9361,10.9946,11.0736,11.1214,11.1321,11.1321,11.1321,11.1321,11.1321,11.1321,11.1321,11.1321,11.1321,11.1321,11.1321,11.1321,11.1321,11.1321,11.1321,11.1321,11.1321,11.1321,11.1321,11.1321,11.1321,11.1321,11.1321

Pole type : Curve
Start frame : 1
End frame : 208
Start time (s) : 0.000
End time (s) : 1482.400
Time step (s) : 7.161

Pole number : 2

Time (s) : 16.85825,18.87396,24.38715,33.8496,43.47641,50.08313,53.95877,56.57652,58.74242,60.78789,62.53448,64.09125,65.83785,67.80683,69.62991,71.52949,73.84128,76.22956,78.47194,81.0132,84.08709,87.45986,90.53375,93.1515,95.81318,99.26244,103.1678,106.6171,109.2788,111.82,114.4746,116.9394,119.1053,121.2273,123.3932,125.9344,129.0848,132.8769,136.8588,140.308,143.0462,145.9302,149.2265,152.3769,155.261,158.145,161.3719,165.0875,168.8031,171.9534,174.4947,176.7371,179.1254,181.5901,184.0988,186.786,189.2182,191.4167,193.659,196.3901,199.3436,201.8523,203.9743,205.7973,207.6204,209.5129,210.9167,211.8318,212.9693,214.7159,217.0276,219.3394,221.3155,223.6344,226.9306,230.5697,233.7201,236.1849,238.008,239.4882,240.9685,242.7151,244.6841,246.4307,247.911,249.3148,250.7185,252.1223,253.5261,254.9299,256.3337,257.7375,259.1413,260.5451,261.9489,263.3526,264.7564,266.1602,267.564,268.9678,270.3716,271.9283,274.0178,276.8579,280.548,285.5469,290.7031,294.7247,297.8057,300.9121,303.9095,306.2978,307.8546,309.1124,310.7386,312.4852,314.3848,316.8496,319.9235,323.2962,326.3701,328.8349,330.658,332.1382,333.7715,336.3567,340.4476,345.6109,351.4485,357.2534,362.4493,366.5842,369.4682,371.3678,372.8481,374.2519,375.5792,376.7167,377.8981,379.6007,381.8431,384.9935,388.7785,391.9288,394.2477,396.2932,398.1163,399.9394,401.9083,403.6549,405.1352,406.539,408.0193,409.7659,411.7349,413.4815,414.9617,416.5185,418.6844,421.6379,424.7882,427.9386,430.8921,433.058,434.6148,436.1715,438.3374,441.2909,444.2883,446.8296,449.0719,451.5367,454.1913,456.6561,458.8985,461.2867,463.675,465.8409,467.8864,469.633,471.2662,473.3556,475.8898,478.1322,480.4511,483.5575,487.47,492.0936,496.2979,498.9595,500.5928,501.9966,503.4004,504.8806,506.6272,508.6727,510.7621,512.8076,514.6307,516.5302,518.842,521.1538,522.9769,524.4572,525.861,527.4942,530.0029,533.4451,536.519,538.9909,541.7219,544.5989,546.6883,547.9023,548.7409,549.8019,551.2056,553.0287,555.417,558.0716,560.5364,562.8552,565.6628,568.8826,571.6902,573.9326,576.0545,578.1439,580.1129,581.5932,582.8511,584.4773,586.0709,587.2083,587.9704,588.7651,589.87,591.4962,593.1663,594.6466,596.0504,597.5306,599.3537,601.6655,603.9773,605.8769,607.6235,609.2497,610.4311,611.5685,612.9723,614.9484,617.9458,621.4644,624.3924,626.9337,629.2455,631.0686,632.5489,633.9526,635.3564,636.6837,637.7447,638.5833,639.6443,640.9716,642.3754,643.8556,645.7552,648.4098,651.2103,653.0334,654.025,655.0859,656.4132,657.817,659.2973,661.1204,663.4322,665.8205,668.0628,670.5276,673.1822,675.494,676.9743,677.8129,678.531,679.2932,680.2776,681.2621,682.1772,683.5045,685.1307,686.7314,688.9298,691.8508,694.8042,696.9701,698.6034,700.6559,704.1491,708.8421,712.824,715.2194,716.7761,718.1034,719.1644,720.003,721.064,722.6972,725.5487,729.6326,733.4686,736.8485,740.2212,743.2951,745.7599,747.5065,748.6439,749.712,752.0309,756.1587,760.7058,764.3519,767.236,769.6243,771.4474,772.9276,774.2549,775.3159,776.1545,777.292,778.8856,780.5118,781.6932,782.7542,783.6622,784.2344,785.226,787.5378,790.7576,793.9845,797.2878,800.8504,803.8039,805.5576,807.2673,809.9219,813.3712,817.5131,822.8988,828.7293,833.4039,837.0061,839.7372,841.7132,843.6128,846.1541,849.5708,853.6617,857.917,862.2743,866.0663,869.2238,872.5966,875.8164,878.1352,880.1878,882.9954,886.7109,890.6928,893.9891,895.9652,897.3761,899.4215,902.0761,904.8837,907.6148,910.0031,911.8261,913.2299,914.2909,915.206,916.9922,920.8282,926.8117,933.7216,940.9629,947.5994,952.4524,955.1141,956.4046,957.2432,958.3806,960.1272,962.439,964.9038,967.4125,970.0231,972.1125,973.6693,975.0731,976.4769,978.1101,980.4659,983.1459

Position (um) : 6.12388,6.12388,6.12388,6.12388,6.12388,6.12388,6.12388,6.12388,6.12388,6.12388,6.12388,6.12502,6.13013,6.13855,6.14366,6.1448,6.1448,6.1448,6.1448,6.1448,6.1448,6.1448,6.1448,6.1448,6.1448,6.1448,6.1448,6.1448,6.1448,6.1448,6.1448,6.1448,6.1448,6.1448,6.1448,6.1448,6.1448,6.1448,6.1448,6.1448,6.1448,6.14594,6.15105,6.15947,6.16571,6.17196,6.18152,6.19174,6.20244,6.21265,6.22221,6.22846,6.23471,6.24427,6.25448,6.26518,6.2754,6.2861,6.29746,6.31326,6.3319,6.34771,6.35906,6.36976,6.37998,6.39068,6.40089,6.41159,6.42181,6.43251,6.44272,6.45343,6.46364,6.47548,6.4908,6.50879,6.519,6.52242,6.52753,6.53595,6.54106,6.54333,6.54844,6.55686,6.56197,6.56311,6.56311,6.56311,6.56311,6.56311,6.56311,6.56425,6.56936,6.57778,6.58403,6.59027,6.59869,6.6038,6.60608,6.61119,6.61961,6.62586,6.63211,6.64167,6.65302,6.66883,6.68747,6.70327,6.71577,6.73044,6.74396,6.75135,6.7576,6.76602,6.77227,6.77851,6.78808,6.79829,6.80785,6.8141,6.82035,6.82877,6.83387,6.83501,6.83615,6.84126,6.85082,6.86104,6.87288,6.8882,6.90732,6.92264,6.93334,6.93845,6.94073,6.94584,6.9554,6.96562,6.97632,6.98767,7.00348,7.02325,7.04303,7.0577,7.06395,7.06623,7.07247,7.086,7.09953,7.10692,7.1143,7.12783,7.1425,7.15386,7.16456,7.17477,7.18433,7.19058,7.19797,7.21263,7.23127,7.24594,7.25333,7.25957,7.26799,7.27538,7.28788,7.31097,7.33585,7.35677,7.37257,7.38621,7.40598,7.42907,7.44667,7.46248,7.47715,7.48965,7.50431,7.51784,7.52523,7.53262,7.54615,7.56081,7.57331,7.58912,7.60889,7.62867,7.64448,7.65583,7.66539,7.67164,7.67789,7.68745,7.69766,7.70722,7.71233,7.71461,7.71972,7.72814,7.73325,7.73439,7.73439,7.73439,7.73439,7.73553,7.74063,7.74905,7.75416,7.75644,7.76155,7.76997,7.77622,7.78246,7.79089,7.79713,7.80452,7.81805,7.83272,7.84521,7.86102,7.8808,7.90171,7.92149,7.93729,7.94865,7.95935,7.96957,7.98027,7.99162,8.00743,8.02607,8.04187,8.05323,8.06393,8.07528,8.09109,8.11087,8.13064,8.14645,8.15895,8.17475,8.19453,8.21431,8.23011,8.24147,8.25217,8.26238,8.27308,8.2833,8.294,8.30536,8.32116,8.34094,8.36072,8.37652,8.38788,8.39744,8.40255,8.40369,8.40369,8.40483,8.40993,8.41835,8.42346,8.4246,8.4246,8.42574,8.43199,8.44666,8.46643,8.48621,8.50088,8.50826,8.51565,8.52918,8.54385,8.55748,8.5784,8.60546,8.62637,8.64228,8.66717,8.69868,8.72025,8.73323,8.74458,8.76039,8.78017,8.80108,8.822,8.84291,8.86383,8.88475,8.9068,8.93282,8.96102,8.9808,8.98818,8.98932,8.98932,8.98932,8.98932,8.98932,8.98932,8.99046,8.99557,9.00513,9.01535,9.02719,9.04365,9.06788,9.0939,9.12106,9.14926,9.17018,9.18267,9.19337,9.20359,9.21543,9.23303,9.26237,9.29567,9.32283,9.34489,9.36467,9.37933,9.38558,9.38786,9.39411,9.40878,9.42969,9.45571,9.48391,9.50483,9.51846,9.53427,9.55405,9.57724,9.60837,9.64727,9.68351,9.7174,9.75364,9.7914,9.81742,9.83448,9.8605,9.90054,9.95155,10.0204,10.0926,10.1488,10.1962,10.2357,10.264,10.2884,10.3229,10.3771,10.4409,10.4992,10.5506,10.5913,10.6196,10.6417,10.6614,10.6772,10.6909,10.7118,10.7411,10.7711,10.7965,10.813,10.8271,10.8486,10.8813,10.9124,10.9407,10.9689,10.9887,10.9972,11.0035,11.0142,11.0318,11.0634,11.1103,11.1708,11.2346,11.2866,11.3233,11.3454,11.3579,11.3686,11.3811,11.402,11.4302,11.4574,11.4845,11.5127,11.5336,11.5461,11.5568,11.5682,11.584,11.6026,11.6173

Intensity : 1177.601,1138.5273,1096.0193,1074.4175,995.56268,933.25235,943.08132,950.09925,969.6461,994.49154,1015.7067,1034.5654,1047.8918,1065.1849,1083.7759,1101.533,1119.4048,1137.7684,1155.0102,1130.2196,1092.9756,1073.2921,1078.7819,1083.3163,1081.1217,1078.2776,1145.6373,1226.4838,1248.9893,1254.0209,1259.2768,1252.5331,1246.1436,1239.8837,1196.3155,1131.5631,1051.8151,966.22801,880.19859,819.05926,770.52421,748.94563,732.03704,730.68554,732.23253,729.88852,714.26253,696.2583,694.80047,696.59853,706.39683,711.22259,716.86504,759.09117,804.80438,851.6375,883.49865,914.59643,946.31588,989.96105,1042.1457,1077.5244,1099.2177,1122.8151,1148.3359,1163.56,1182.1339,1193.5065,1205.1759,1221.0129,1278.4208,1340.86,1397.9267,1423.5394,1435.0805,1476.1551,1504.3427,1526.045,1489.2103,1458.1495,1428.8899,1394.562,1378.6693,1379.6766,1379.6948,1376.9681,1372.5171,1353.4472,1334.3773,1315.3074,1296.2375,1278.9864,1296.6494,1323.1604,1347.4716,1373.3207,1405.5158,1425.107,1437.8121,1458.5406,1481.281,1497.3959,1509.8546,1529.571,1539.3301,1514.6611,1462.531,1421.4374,1403.3315,1372.1279,1335.6861,1306.9512,1288.3329,1293.256,1302.2779,1312.9845,1326.7736,1317.5315,1292.0581,1263.4185,1237.3418,1217.7246,1188.4664,1165.9201,1141.3744,1100.6661,1133.2097,1166.5339,1170.0859,1188.0078,1101.7291,1027.9572,993.99679,966.65328,948.39188,939.56065,931.21925,924.58193,918.42771,910.93039,911.26201,914.28555,910.00869,891.59264,877.60862,853.75409,832.15453,810.88225,793.86045,784.30379,777.07156,772.02433,768.29765,764.24163,758.90411,755.7393,754.36036,749.92684,743.10766,737.88019,735.66552,732.50957,719.37235,699.53618,684.99352,671.84907,665.38801,666.78136,673.16666,682.50566,688.32847,692.81803,690.6834,690.25982,691.84269,701.07079,706.89876,707.84426,699.77813,694.38312,690.77798,689.11514,692.1849,694.90813,693.40293,672.4731,650.76859,635.06483,640.09004,654.1893,664.01332,670.05657,673.97936,677.98755,682.22809,689.00826,701.12891,712.54996,722.65355,729.20187,732.26713,735.33455,736.64285,730.33545,724.35397,717.13815,704.61122,690.75281,678.95355,671.4556,662.78034,657.44026,679.0359,690.81628,697.50365,706.89578,719.58332,728.49857,741.91646,759.88455,769.61005,777.06142,785.31518,752.55907,730.42898,716.58131,705.58095,697.28286,691.61025,679.26988,670.5087,660.60374,653.16968,649.54707,649.2818,649.46543,650.35826,650.79345,648.3453,646.94834,642.3928,638.7329,634.59617,628.72549,633.56032,638.73838,644.76803,651.80606,658.25488,665.55249,675.77945,691.69212,724.05479,755.1045,754.16871,725.00446,699.62981,686.94478,684.14008,682.31579,680.65321,679.08603,676.97268,674.24351,670.83279,666.32153,661.44435,656.52722,657.22652,662.60985,678.20591,679.78235,681.5948,682.64442,684.88043,693.19526,697.78245,693.0596,696.7936,716.00075,715.1248,709.73457,708.71125,730.43317,751.15059,765.73247,779.69818,789.25328,797.79285,807.15607,819.81164,838.25348,854.32261,858.76933,855.04968,840.39147,824.15472,764.97037,730.56575,699.21369,664.10256,627.24544,635.85988,641.8635,648.66988,657.00972,660.55707,660.07051,662.61317,672.06286,671.46223,674.85234,652.91637,640.37286,600.57023,561.32534,533.91878,518.05115,507.92337,499.11131,485.44602,457.40963,446.27582,454.64195,466.35402,477.5843,489.22463,496.84994,495.92235,493.86037,496.06973,501.90948,513.06239,530.67554,534.40177,532.0871,532.48036,536.34809,542.45497,553.62942,550.95686,562.58492,570.94245,574.17942,586.68049,596.3057,594.77601,591.99197,582.41198,567.93661,544.90251,520.42688,510.65924,495.94017,487.55742,474.20051,463.38913,456.82376,455.50003,452.60043,430.9464,415.49629,405.01681,383.07217,362.90785,354.39733,350.98099,347.66896,340.71364,331.80821,326.98148,323.77644,322.46929,322.41045,324.1595,330.32615,333.18414,337.90454,343.23247,346.51218,347.55192,348.28654,348.25412,347.96529,340.51479,337.4019,342.99021,348.5935,335.84495,320.03495,308.58686,303.60762,300.60496,296.9243,294.77411,300.37924,305.92203,312.73793,321.23969,327.73757,331.95328,331.93406,330.96857,329.66853,328.2672,318.72848

Time pixel : 2.35406,2.635531,3.405383,4.726705,6.070977,6.99353,7.534718,7.900257,8.202699,8.488325,8.732217,8.949601,9.193493,9.468439,9.723011,9.988265,10.31108,10.64457,10.9577,11.31256,11.74179,12.21276,12.64199,13.00753,13.3792,13.86085,14.40619,14.88784,15.25952,15.61437,15.98506,16.32923,16.63168,16.92798,17.23043,17.58528,18.0252,18.55472,19.11074,19.59239,19.97474,20.37747,20.83776,21.27767,21.6804,22.08312,22.53372,23.05256,23.57139,24.01131,24.36617,24.67929,25.01278,25.35696,25.70727,26.0825,26.42213,26.72912,27.04224,27.42361,27.83602,28.18634,28.48264,28.73722,28.99179,29.25605,29.45208,29.57986,29.73869,29.98258,30.3054,30.62821,30.90415,31.22795,31.68824,32.19639,32.63631,32.98048,33.23506,33.44176,33.64847,33.89236,34.1673,34.41119,34.6179,34.81392,35.00994,35.20597,35.40199,35.59801,35.79403,35.99006,36.18608,36.3821,36.57813,36.77415,36.97017,37.16619,37.36222,37.55824,37.75426,37.97165,38.26341,38.66,39.17528,39.87332,40.59333,41.15489,41.58511,42.01889,42.43744,42.77094,42.98832,43.16398,43.39105,43.63494,43.9002,44.24437,44.67361,45.14457,45.57381,45.91798,46.17256,46.37926,46.60733,46.96832,47.53957,48.26057,49.07571,49.88631,50.61185,51.18924,51.59196,51.85722,52.06392,52.25994,52.44528,52.60412,52.76909,53.00685,53.31997,53.75988,54.28841,54.72833,55.05213,55.33776,55.59233,55.8469,56.12185,56.36574,56.57244,56.76847,56.97517,57.21906,57.49401,57.7379,57.9446,58.16199,58.46443,58.87685,59.31676,59.75668,60.16909,60.47154,60.68892,60.90631,61.20875,61.62117,62.03972,62.39457,62.7077,63.05187,63.42256,63.76673,64.07986,64.41335,64.74685,65.04929,65.33492,65.57881,65.80687,66.09863,66.4525,66.76563,67.08943,67.52321,68.06954,68.71517,69.30225,69.67392,69.90199,70.09801,70.29403,70.50074,70.74463,71.03026,71.32202,71.60764,71.86222,72.12747,72.45028,72.7731,73.02767,73.23438,73.4304,73.65846,74.00877,74.48943,74.91867,75.26383,75.6452,76.04693,76.3387,76.50821,76.62531,76.77347,76.96949,77.22406,77.55756,77.92824,78.27242,78.59622,78.98827,79.43787,79.82992,80.14304,80.43935,80.73111,81.00605,81.21276,81.38841,81.61548,81.83801,81.99685,82.10327,82.21423,82.36852,82.5956,82.82881,83.03551,83.23153,83.43824,83.69281,84.01563,84.33844,84.60369,84.84758,85.07466,85.23963,85.39847,85.59449,85.87042,86.28898,86.78032,87.18918,87.54403,87.86685,88.12142,88.32813,88.52415,88.72017,88.90551,89.05367,89.17077,89.31892,89.50426,89.70028,89.90699,90.17224,90.54293,90.93398,91.18855,91.32702,91.47517,91.66051,91.85653,92.06324,92.31781,92.64063,92.97412,93.28724,93.63142,94.0021,94.32492,94.53162,94.64872,94.74901,94.85543,94.9929,95.13037,95.25815,95.44349,95.67057,95.89409,96.20108,96.60895,97.02137,97.32381,97.55187,97.83849,98.32627,98.98159,99.53762,99.8721,100.0895,100.2748,100.423,100.5401,100.6882,100.9163,101.3145,101.8847,102.4204,102.8924,103.3633,103.7926,104.1367,104.3806,104.5395,104.6886,105.0124,105.5888,106.2238,106.7329,107.1356,107.4691,107.7237,107.9304,108.1157,108.2639,108.381,108.5398,108.7624,108.9894,109.1544,109.3026,109.4293,109.5093,109.6477,109.9705,110.4201,110.8707,111.332,111.8295,112.2419,112.4868,112.7255,113.0962,113.5779,114.1562,114.9083,115.7224,116.3752,116.8782,117.2596,117.5355,117.8008,118.1556,118.6327,119.204,119.7982,120.4066,120.9361,121.377,121.848,122.2976,122.6214,122.908,123.3001,123.8189,124.3749,124.8352,125.1112,125.3082,125.5938,125.9645,126.3565,126.7379,127.0714,127.326,127.522,127.6701,127.7979,128.0474,128.583,129.4185,130.3834,131.3946,132.3213,132.999,133.3706,133.5508,133.6679,133.8268,134.0707,134.3935,134.7376,135.088,135.4525,135.7443,135.9616,136.1577,136.3537,136.5818,136.9107,137.2849

Position pixel : 57.39347,57.39347,57.39347,57.39347,57.39347,57.39347,57.39347,57.39347,57.39347,57.39347,57.39347,57.40415,57.45202,57.53094,57.57881,57.58949,57.58949,57.58949,57.58949,57.58949,57.58949,57.58949,57.58949,57.58949,57.58949,57.58949,57.58949,57.58949,57.58949,57.58949,57.58949,57.58949,57.58949,57.58949,57.58949,57.58949,57.58949,57.58949,57.58949,57.58949,57.58949,57.60017,57.64804,57.72696,57.78551,57.84406,57.93367,58.0294,58.12969,58.22543,58.31503,58.37358,58.43213,58.52173,58.61747,58.71776,58.81349,58.91378,59.0202,59.16835,59.34301,59.49117,59.59758,59.69787,59.79361,59.89389,59.98963,60.08992,60.18565,60.28594,60.38168,60.48196,60.5777,60.68866,60.83227,61.0008,61.09654,61.12858,61.17645,61.25537,61.30324,61.3246,61.37247,61.45139,61.49926,61.50994,61.50994,61.50994,61.50994,61.50994,61.50994,61.52062,61.56849,61.64742,61.70597,61.76452,61.84344,61.89131,61.91267,61.96054,62.03946,62.09801,62.15656,62.24617,62.35258,62.50074,62.6754,62.82355,62.94065,63.07812,63.20492,63.27415,63.3327,63.41162,63.47017,63.52872,63.61832,63.71406,63.80367,63.86222,63.92077,63.99969,64.04756,64.05824,64.06892,64.11679,64.20639,64.30213,64.4131,64.5567,64.73591,64.87952,64.9798,65.02767,65.04903,65.0969,65.18651,65.28224,65.38253,65.48895,65.6371,65.82244,66.00778,66.14526,66.20381,66.22517,66.28372,66.41051,66.5373,66.60653,66.67577,66.80256,66.94003,67.04645,67.14673,67.24247,67.33207,67.39062,67.45986,67.59733,67.77199,67.90946,67.97869,68.03724,68.11617,68.1854,68.3025,68.51889,68.7521,68.94813,69.09628,69.22406,69.4094,69.6258,69.79077,69.93892,70.07639,70.19349,70.33097,70.45776,70.52699,70.59622,70.72301,70.86048,70.97758,71.12574,71.31108,71.49642,71.64457,71.75099,71.8406,71.89915,71.9577,72.0473,72.14304,72.23264,72.28051,72.30187,72.34974,72.42867,72.47653,72.48722,72.48722,72.48722,72.48722,72.4979,72.54577,72.62469,72.67256,72.69392,72.74179,72.82071,72.87926,72.93781,73.01673,73.07528,73.14452,73.27131,73.40878,73.52588,73.67403,73.85937,74.0554,74.24074,74.38889,74.49531,74.5956,74.69133,74.79162,74.89804,75.04619,75.22085,75.36901,75.47543,75.57571,75.68213,75.83028,76.01562,76.20097,76.34912,76.46622,76.61437,76.79972,76.98506,77.13321,77.23963,77.33992,77.43565,77.53594,77.63168,77.73196,77.83838,77.98653,78.17187,78.35722,78.50537,78.61179,78.70139,78.74926,78.75994,78.75994,78.77062,78.81849,78.89742,78.94528,78.95597,78.95597,78.96665,79.0252,79.16267,79.34801,79.53335,79.67083,79.74006,79.80929,79.93608,80.07355,80.20133,80.39736,80.65094,80.84696,80.99611,81.22932,81.52463,81.72679,81.84844,81.95486,82.10301,82.28835,82.48437,82.6804,82.87642,83.07244,83.26847,83.47517,83.71906,83.98333,84.16867,84.2379,84.24858,84.24858,84.24858,84.24858,84.24858,84.24858,84.25926,84.30713,84.39673,84.49247,84.60344,84.75773,84.9848,85.22869,85.48327,85.74753,85.94355,86.06065,86.16094,86.25668,86.36764,86.53261,86.80756,87.11969,87.37426,87.58097,87.76631,87.90378,87.96233,87.98369,88.04224,88.17972,88.37574,88.61963,88.88389,89.07992,89.2077,89.35585,89.54119,89.75858,90.05034,90.41489,90.75452,91.07219,91.41182,91.76568,92.00958,92.1694,92.41329,92.78852,93.26661,93.91224,94.58893,95.11489,95.55935,95.93003,96.19528,96.42335,96.74715,97.25531,97.85307,98.3994,98.88105,99.26242,99.52767,99.73437,99.91972,100.0679,100.1957,100.3917,100.6666,100.9477,101.1855,101.3397,101.4721,101.6742,101.9802,102.272,102.5372,102.8015,102.9868,103.0668,103.1253,103.2256,103.3906,103.6869,104.1268,104.6935,105.2913,105.779,106.1232,106.3299,106.447,106.5473,106.6644,106.8604,107.1247,107.3793,107.6338,107.8981,108.0941,108.2112,108.3115,108.4179,108.5661,108.7407,108.8782

Pole type : Curve
Start frame : 1
End frame : 208
Start time (s) : 0.000
End time (s) : 1482.400
Time step (s) : 7.161

Feature Information :


Feature number : 1

Time (s) : 555.6546,556.0954,557.6203,560.2179,562.5917,564.0011,564.739,565.2022,565.6387,566.102,566.7004,567.2988,567.762,568.1985,568.6617,569.2601,569.8585,570.3217,570.7583,571.175,571.6115,572.0282,572.4183,572.6731,572.9745,573.5729,574.3331,574.978,575.5342,576.341,577.2829,578.001,578.6924,579.4991,580.3524,581.2056,582.0589,582.9586,584.0667,585.4719,586.877,588.0316,589.1862,590.5914,591.9966,593.1047,594.0044,594.9041,595.9658,597.209,598.479,599.7688,601.0853,602.5834,604.1969,605.6951,607.058,608.5097,609.9148,611.0229,611.9227,612.7759,613.6757,614.7373,615.9341,616.9957,617.9419,619.0036,620.2468,621.5633,623.015,624.4666,625.7831,627.0728,628.3428,629.6326,630.9026,632.1924,633.5553,635.3083,637.5667,640.08,642.5932,644.8981,646.8595,648.6125,650.2725,651.7241,652.8787,654.0334,655.392,656.6353,657.6547,658.8515,660.0018,660.8129,661.7126,662.8629,663.9245,664.8243,665.6775,666.5308,667.384,668.2373,669.0905,669.9438,670.797,671.6503,672.5035,673.3568,674.2565,675.2716,676.2601,676.9317,677.4147,677.8779,678.4763,679.0747,679.5844,680.2293,681.036,681.9358,682.9974,684.1477,685.0009,685.5572,686.1556,686.7539,687.2637,687.9085,688.6688,689.3137,689.8234,690.4218,690.9737,691.2751,691.5299,691.9664,692.6845,693.8813,695.333,696.8113,698.1897,699.0697,699.5527

Position (um) : 4.019,4.0306,4.0558,4.0928,4.1254,4.146,4.1574,4.1677,4.179,4.1886,4.1962,4.2059,4.2179,4.2313,4.2464,4.2611,4.2718,4.2821,4.2935,4.3031,4.31,4.3165,4.3234,4.333,4.345,4.357,4.3666,4.3742,4.3845,4.3996,4.4175,4.4326,4.4429,4.4498,4.4556,4.4587,4.4594,4.4594,4.4594,4.4594,4.4594,4.4594,4.4594,4.4594,4.4594,4.4594,4.4594,4.4594,4.4587,4.4549,4.446,4.434,4.4213,4.4086,4.3952,4.378,4.3539,4.3272,4.3051,4.289,4.2783,4.2687,4.2598,4.2522,4.2433,4.2344,4.2275,4.221,4.2141,4.2052,4.1969,4.1918,4.1849,4.1746,4.1684,4.167,4.167,4.167,4.167,4.167,4.167,4.167,4.1677,4.1715,4.1804,4.1931,4.209,4.2275,4.2464,4.267,4.2935,4.3313,4.3773,4.425,4.4618,4.4835,4.4982,4.5141,4.5319,4.5484,4.5649,4.5827,4.5986,4.612,4.6247,4.6374,4.6501,4.6635,4.6793,4.6972,4.7123,4.7226,4.7295,4.736,4.7422,4.748,4.7518,4.7556,4.7607,4.7638,4.7645,4.7618,4.7486,4.7244,4.703,4.6882,4.6755,4.6628,4.6494,4.6336,4.6151,4.5962,4.5769,4.558,4.5395,4.5244,4.5134,4.502,4.4814,4.448,4.4059,4.3656,4.3317,4.3096,4.2986

Intensity : 427.5407,430.2278,436.6037,442.5825,449.5464,455.0697,458.4677,460.3133,461.5846,462.3226,462.8566,463.9631,465.7871,468.1808,471.2896,474.9752,477.5782,478.8637,480.3369,481.8673,483.4397,485.0521,486.732,488.3433,490.512,494.4223,499.0421,503.0569,504.9994,507.8679,511.5288,514.4653,517.7288,521.9479,524.98,524.9551,525.0279,525.1201,525.2336,525.3776,525.5215,528.9616,533.8697,539.8429,545.816,550.5265,554.3512,558.6996,564.3385,571.3191,579.561,589.365,600.6526,613.9518,628.8339,644.9703,656.2971,668.1635,671.4008,673.6134,675.7592,678.1415,678.965,680.6688,682.9139,677.2512,672.3206,666.884,660.6426,654.304,647.4436,648.0594,649.0908,650.6932,652.036,652.86,650.5321,645.7465,640.6894,634.1852,626.1787,621.3971,616.5967,613.5853,617.3232,621.2608,625.7762,630.3092,624.8238,620.7272,615.7782,614.9933,618.523,615.5111,612.6111,610.3569,604.951,599.2884,593.8544,589.4031,585.421,581.1536,574.5296,568.0221,562.3549,557.2271,552.6388,548.3625,543.9146,539.9894,537.7809,537.9848,539.3881,539.1832,538.0677,536.9534,537.4785,537.9025,537.0498,537.8825,539.1198,542.4177,552.3536,569.254,583.7825,592.8592,599.9043,606.9891,614.2855,620.0147,625.0923,631.2988,634.6124,635.1571,636.4354,638.3505,639.8143,641.1101,644.2928,638.9033,625.5558,601.5899,572.7097,556.2047,548.1753

Time pixel : 77.5907,77.6523,77.8652,78.2279,78.5594,78.7562,78.8593,78.9239,78.9849,79.0496,79.1331,79.2167,79.2814,79.3423,79.407,79.4906,79.5741,79.6388,79.6998,79.758,79.8189,79.8771,79.9316,79.9672,80.0093,80.0928,80.199,80.289,80.3667,80.4793,80.6109,80.7111,80.8077,80.9203,81.0395,81.1586,81.2778,81.4034,81.5582,81.7544,81.9506,82.1118,82.273,82.4693,82.6655,82.8202,82.9458,83.0715,83.2197,83.3933,83.5707,83.7508,83.9346,84.1438,84.3691,84.5783,84.7686,84.9713,85.1675,85.3223,85.4479,85.5671,85.6927,85.8409,86.0081,86.1563,86.2884,86.4367,86.6103,86.7941,86.9968,87.1995,87.3834,87.5635,87.7408,87.9209,88.0982,88.2783,88.4687,88.7135,89.0288,89.3798,89.7307,90.0526,90.3264,90.5712,90.803,91.0057,91.167,91.3282,91.5179,91.6915,91.8339,92.001,92.1616,92.2749,92.4005,92.5611,92.7094,92.835,92.9542,93.0733,93.1925,93.3116,93.4307,93.5499,93.669,93.7882,93.9073,94.0265,94.1521,94.2939,94.4319,94.5257,94.5931,94.6578,94.7414,94.8249,94.8961,94.9861,95.0988,95.2244,95.3727,95.5333,95.6525,95.7301,95.8137,95.8972,95.9684,96.0585,96.1646,96.2547,96.3259,96.4094,96.4865,96.5286,96.5641,96.6251,96.7254,96.8925,97.0952,97.3016,97.4941,97.617,97.6844

Position pixel : 37.6659,37.7754,38.011,38.3576,38.6637,38.8568,38.9635,39.0601,39.1663,39.2563,39.3275,39.4175,39.5302,39.6558,39.7976,39.9356,40.0359,40.1324,40.2386,40.3286,40.3933,40.4543,40.5189,40.609,40.7216,40.8343,40.9244,40.9955,41.0921,41.2338,41.4009,41.5427,41.6392,41.7039,41.7584,41.7875,41.794,41.794,41.794,41.794,41.794,41.794,41.794,41.794,41.794,41.794,41.794,41.794,41.7875,41.7519,41.6683,41.5557,41.4365,41.3174,41.1917,41.0305,40.8052,40.5545,40.3481,40.1971,40.0968,40.0068,39.9232,39.852,39.7685,39.6849,39.6202,39.5593,39.4946,39.411,39.334,39.2854,39.2207,39.1248,39.0666,39.0536,39.0536,39.0536,39.0536,39.0536,39.0536,39.0536,39.0601,39.0957,39.1792,39.2984,39.4466,39.6202,39.7976,39.9907,40.2392,40.5929,41.0246,41.4715,41.816,42.0193,42.1579,42.3061,42.4733,42.628,42.7827,42.9498,43.0981,43.2237,43.3429,43.462,43.5812,43.7068,43.8551,44.0222,44.1639,44.2605,44.3251,44.3861,44.4443,44.4988,44.5343,44.5699,44.6179,44.647,44.6535,44.6275,44.5046,44.2772,44.0772,43.9386,43.8195,43.7003,43.5747,43.4264,43.2528,43.0755,42.8954,42.718,42.5444,42.4027,42.2997,42.1929,41.9998,41.6872,41.292,40.9147,40.5966,40.3902,40.2871

Brightness max : 625.89
Brightness min : 168.00
Feature direction : Ambiguous
Feature speed : Slow
Feature type : Curve
Start frame : 1
End frame : 208
Start time (s) : 0.000
End time (s) : 1482.400
Time step (s) : 7.161

Feature number : 2

Time (s) : 712.5917,713.1442,714.3434,716.0803,717.2795,717.8766,718.3656,719.2287,720.5765,722.1243,723.5167,724.5797,725.4427,726.3058,727.3242,728.4722,729.4905,730.3982,731.4611,732.809,734.2014,735.5089,736.9459,738.4937,739.8861,740.9937,742.0566,743.2492,744.4674,745.7046,746.9228,748.1154,749.1338,750.0414,751.0598,752.1632,752.9817,753.4706,753.8893,754.2891,754.7078,755.1521,755.7261,756.3001,756.8337,757.6521,758.7555,759.7739,760.5923,761.2109,761.6999,762.3185,763.0924,763.9108,764.7293,765.5924,766.6553,768.0924,769.9292,772.1401,774.4617,776.4282,777.7356,778.6433,779.5063,780.5693,782.0064,783.8432,786.0541,788.4203,790.6313,792.5127,794.1942,795.7865,797.179,798.242,799.105,799.8789,800.4529,800.6974,800.7866,801.031,801.5604,802.1344,802.6234,803.242,804.0158,804.8343,805.6528,806.4267,807.0007

Position (um) : 4.1086,4.0892,4.0479,3.9915,3.9555,3.9429,3.9366,3.93,3.9201,3.9063,3.8922,3.8826,3.8763,3.8727,3.869,3.8635,3.8575,3.8519,3.849,3.8483,3.8483,3.8483,3.8483,3.849,3.8519,3.8575,3.8648,3.8777,3.8971,3.9178,3.9366,3.9551,3.9739,3.9966,4.0256,4.0575,4.086,4.1143,4.1426,4.1666,4.1842,4.2039,4.2293,4.2563,4.2811,4.3051,4.3269,4.3489,4.372,4.3921,4.405,4.4122,4.4178,4.4208,4.4215,4.4215,4.4215,4.4215,4.4215,4.4208,4.4178,4.4129,4.4099,4.4093,4.4086,4.405,4.3964,4.3842,4.369,4.3526,4.3411,4.3368,4.3361,4.3361,4.3361,4.3361,4.3368,4.3411,4.3526,4.3697,4.3878,4.4056,4.4208,4.433,4.4422,4.4488,4.4551,4.4617,4.4702,4.4781,4.4818

Intensity : 441.3519,441.1,442.7455,449.5585,455.5803,457.9911,459.6184,462.6866,467.3362,472.1828,475.6167,476.214,476.7065,477.428,478.2756,478.8639,479.0593,479.0476,476.4374,473.4951,470.5914,467.8651,464.8684,464.8932,467.6355,470.6529,474.1592,479.5286,487.0907,494.3387,500.8339,506.5282,510.9883,516.2484,523.0804,529.3201,527.7216,527.6547,528.1445,528.2757,527.1347,526.118,525.1459,524.5564,522.7768,519.9787,517.9604,516.185,514.9747,510.3831,507.1503,505.5579,504.5571,504.3067,504.6856,505.2733,505.0424,502.5081,499.2689,495.5749,491.4844,487.8312,485.3483,483.1667,481.1079,479.5576,483.8254,489.5939,494.3368,494.7306,493.5176,492.5944,492.0465,493.3323,495.6899,497.4895,499.1259,501.6673,506.1362,511.837,512.9338,512.823,513.9475,515.0202,512.1376,508.669,504.4268,499.9948,495.6015,491.516,488.4158

Time pixel : 99.50518,99.58233,99.74979,99.99233,100.1598,100.2432,100.3114,100.432,100.6202,100.8363,101.0307,101.1792,101.2997,101.4202,101.5624,101.7227,101.8649,101.9916,102.1401,102.3283,102.5227,102.7053,102.906,103.1221,103.3165,103.4712,103.6196,103.7861,103.9563,104.129,104.2991,104.4657,104.6079,104.7346,104.8768,105.0309,105.1452,105.2134,105.2719,105.3277,105.3862,105.4483,105.5284,105.6086,105.6831,105.7973,105.9514,106.0936,106.2079,106.2943,106.3626,106.449,106.557,106.6713,106.7856,106.9061,107.0545,107.2552,107.5117,107.8204,108.1446,108.4192,108.6018,108.7285,108.849,108.9975,109.1981,109.4546,109.7634,110.0938,110.4025,110.6652,110.9,111.1224,111.3168,111.4652,111.5858,111.6938,111.774,111.8081,111.8206,111.8547,111.9286,112.0088,112.0771,112.1634,112.2715,112.3858,112.5001,112.6081,112.6883

Position pixel : 38.5064,38.3242,37.9371,37.4086,37.0711,36.953,36.8945,36.8324,36.7398,36.6101,36.4777,36.3877,36.3293,36.2951,36.261,36.2088,36.1529,36.1007,36.0728,36.0666,36.0666,36.0666,36.0666,36.0728,36.1007,36.1529,36.2212,36.3417,36.5237,36.7182,36.8945,37.0673,37.2436,37.4567,37.7287,38.0276,38.2939,38.5592,38.825,39.05,39.2144,39.3996,39.6374,39.8904,40.1225,40.3475,40.5518,40.7587,40.9748,41.163,41.2835,41.3518,41.404,41.4319,41.4382,41.4382,41.4382,41.4382,41.4382,41.4319,41.404,41.358,41.3301,41.3239,41.3177,41.2835,41.2034,41.0891,40.9469,40.7928,40.6847,40.6444,40.6381,40.6381,40.6381,40.6381,40.6444,40.6847,40.7928,40.9531,41.1232,41.2897,41.4319,41.5462,41.6326,41.6947,41.7531,41.8152,41.8953,41.9693,42.0034

Brightness max : 625.89
Brightness min : 168.00
Feature direction : Ambiguous
Feature speed : Slow
Feature type : Curve
Start frame : 1
End frame : 208
Start time (s) : 0.000
End time (s) : 1482.400
Time step (s) : 7.161

Feature number : 3

Time (s) : 574.9935,574.9935,575.07,575.5658,576.9696,579.1284,581.0974,582.3553,583.5693,585.2394,587.1319,588.5356,589.3742,590.0924,590.8545,591.839,592.8235,593.6621,594.7231,596.0504,597.4542,598.7815,599.8424,600.6045,601.3227,602.0848,603.1458,604.4821,606.0158,607.5529,609.0943,610.6415,612.1968,613.7621,615.3395,616.93,618.5332,620.1462,621.7637,623.3773,624.9001,626.1304,627.1003,628.1681,629.1046

Position (um) : 7.8943,7.8797,7.8599,7.8378,7.8118,7.7825,7.7576,7.7406,7.7281,7.7135,7.6988,7.6874,7.6767,7.6665,7.657,7.6507,7.6445,7.6361,7.6298,7.6224,7.6078,7.588,7.5682,7.5524,7.541,7.5303,7.5201,7.5092,7.4944,7.4761,7.4589,7.4477,7.4374,7.4246,7.4149,7.4088,7.4034,7.3978,7.3921,7.3865,7.3801,7.3705,7.3586,7.3512,7.3493

Intensity : 717.2792,716.0594,713.7951,707.8953,694.0364,673.1816,653.697,642.1881,632.4997,620.8418,609.5981,603.3675,599.0272,594.058,588.8388,582.5142,576.1575,570.4618,562.3226,549.0787,535.8228,524.795,516.6089,510.8393,506.4003,502.2671,497.0704,491.6374,487.7659,487.2645,485.728,481.7625,478.8137,477.7602,477.0512,474.2285,470.1272,465.8507,461.3569,454.0312,438.0195,425.911,415.7545,402.2505,391.0305

Time pixel : 80.2912,80.2912,80.3019,80.3711,80.5671,80.8686,81.1435,81.3192,81.4887,81.7219,81.9862,82.1822,82.2993,82.3996,82.506,82.6435,82.7809,82.898,83.0462,83.2315,83.4276,83.6129,83.7611,83.8675,83.9678,84.0742,84.2223,84.4089,84.6231,84.8377,85.053,85.269,85.4862,85.7048,85.925,86.1471,86.371,86.5962,86.8221,87.0474,87.2601,87.4319,87.5673,87.7164,87.8472

Position pixel : 73.9862,73.8487,73.6634,73.4566,73.2128,72.9378,72.7046,72.5458,72.4287,72.2912,72.1537,72.0473,71.947,71.8513,71.7617,71.7031,71.6446,71.5657,71.5071,71.4379,71.3004,71.1151,70.9297,70.7816,70.6751,70.5749,70.4791,70.3766,70.2376,70.0667,69.9054,69.8002,69.7037,69.5843,69.4929,69.4354,69.3854,69.333,69.2794,69.2268,69.1671,69.0768,68.9649,68.8962,68.8783

Brightness max : 625.89
Brightness min : 168.00
Feature direction : Antipoleward
Feature speed : Slow
Feature type : Curve
Start frame : 1
End frame : 208
Start time (s) : 0.000
End time (s) : 1482.400
Time step (s) : 7.161

Feature number : 4

Time (s) : 749.0632,749.2162,749.9783,751.528,753.1981,754.6784,756.0822,757.486,758.8898,760.2935,761.6208,762.6818,763.5204,764.5814,765.9087,767.3125,768.7163,770.0436,771.1046,771.9432,773.0041,774.3314,775.7352,777.139,778.4663,779.5273,780.2894,781.0076,781.7697,782.7542,783.7386,784.5008,785.1424,785.5617,785.981,786.5462,786.9655,787.4613,788.4458,789.6966,790.7576,791.5197,792.2379,792.9235,793.5652,793.908,794.0609,794.4038,795.0454,795.7311,796.3727,796.7155,796.8685,797.2113,797.853,798.6151,799.5996,800.5841,801.3462,802.0644,802.75,803.3917,803.7345,803.811,803.811,803.811,803.811,803.811,803.811,803.811,803.811,803.8875,804.2303,804.7955,805.1383,805.2148,805.2913,805.6341,806.1993,806.6185,807.0378,807.603,807.9458,808.0223,808.0988,808.4416,809.0068,809.3496,809.4261,809.4261,809.4261,809.4261

Position (um) : 3.8367,3.822,3.8034,3.7864,3.7688,3.7457,3.726,3.7123,3.6965,3.6779,3.6621,3.6507,3.64,3.6298,3.618,3.6015,3.5773,3.5524,3.5315,3.5157,3.5032,3.4874,3.4676,3.4467,3.4258,3.4049,3.3839,3.363,3.3421,3.3212,3.3014,3.2856,3.2731,3.2584,3.2438,3.2313,3.2155,3.1957,3.1736,3.1476,3.1183,3.0923,3.0702,3.0493,3.0284,3.0075,2.9877,2.9719,2.9594,2.9436,2.9238,2.9029,2.882,2.8599,2.8327,2.796,2.7502,2.6988,2.6479,2.6028,2.5705,2.5473,2.5264,2.5055,2.4834,2.4574,2.4269,2.3958,2.3653,2.3393,2.3161,2.2901,2.2607,2.2347,2.2127,2.1917,2.1708,2.1499,2.129,2.1081,2.0872,2.0663,2.0453,2.0244,2.0046,1.9888,1.9763,1.9605,1.9408,1.9198,1.9001,1.8854

Intensity : 472.6854,467.2205,460.631,455.2107,442.627,427.0241,414.0886,404.2251,394.3676,381.9177,370.634,362.2039,355.4433,347.7257,338.8105,332.408,326.4628,320.986,316.7675,313.5347,310.1452,306.8947,304.0548,301.7337,300.0579,299.0244,298.429,297.5003,296.3936,295.4341,294.7645,294.3639,294.2608,294.4254,294.7509,295.218,295.9233,296.9245,297.2602,297.2772,297.7821,298.4234,298.2914,298.3957,298.7208,299.1782,299.6426,300.0097,300.4923,300.6707,301.0719,301.6325,302.2427,302.5039,303.0724,304.1912,304.7544,304.1335,304.1791,305.5946,305.3406,304.6411,303.9618,303.5057,303.0923,302.6045,303.9398,305.5403,307.1072,308.9009,311.3978,314.1678,317.2179,320.5425,325.2253,329.7308,334.2279,338.579,343.6075,351.2455,358.6769,365.7038,372.8086,381.6633,398.4267,411.077,420.1263,432.5031,448.8556,466.8283,497.6,520.4242

Time pixel : 104.598,104.6194,104.7258,104.9422,105.1754,105.3821,105.5781,105.7741,105.9702,106.1662,106.3515,106.4997,106.6168,106.7649,106.9503,107.1463,107.3423,107.5277,107.6758,107.7929,107.9411,108.1264,108.3224,108.5185,108.7038,108.852,108.9584,109.0587,109.1651,109.3026,109.44,109.5464,109.6361,109.6946,109.7532,109.8321,109.8906,109.9599,110.0973,110.272,110.4201,110.5266,110.6268,110.7226,110.8122,110.8601,110.8814,110.9293,111.0189,111.1146,111.2042,111.2521,111.2735,111.3213,111.4109,111.5174,111.6548,111.7923,111.8987,111.999,112.0947,112.1843,112.2322,112.2429,112.2429,112.2429,112.2429,112.2429,112.2429,112.2429,112.2429,112.2536,112.3014,112.3804,112.4282,112.4389,112.4496,112.4975,112.5764,112.6349,112.6935,112.7724,112.8203,112.831,112.8416,112.8895,112.9684,113.0163,113.027,113.027,113.027,113.027

Position pixel : 35.9578,35.8203,35.6456,35.4868,35.3218,35.1054,34.9201,34.7923,34.6441,34.4695,34.3213,34.2149,34.1146,34.0189,33.9079,33.7536,33.5266,33.2934,33.0973,32.9492,32.8321,32.6839,32.4986,32.3026,32.1065,31.9105,31.7145,31.5185,31.3224,31.1264,30.9411,30.7929,30.6758,30.5384,30.4009,30.2838,30.1356,29.9503,29.7436,29.4997,29.2247,28.9809,28.7741,28.5781,28.3821,28.1861,28.0007,27.8526,27.7355,27.5873,27.402,27.206,27.0099,26.8032,26.5487,26.2045,25.7753,25.2936,24.8165,24.3934,24.091,23.8736,23.6776,23.4815,23.2748,23.0309,22.7453,22.4536,22.1679,21.924,21.7066,21.4628,21.1878,20.9439,20.7372,20.5412,20.3452,20.1491,19.9531,19.7571,19.5611,19.3651,19.169,18.973,18.7877,18.6395,18.5224,18.3743,18.1889,17.9929,17.8076,17.6701

Brightness max : 545.47
Brightness min : 168.00
Feature direction : Poleward
Feature speed : Slow
Feature type : Curve
Start frame : 1
End frame : 208
Start time (s) : 0.000
End time (s) : 1482.400
Time step (s) : 7.161

Feature number : 5

Time (s) : 810.9829,811.745,813.3712,815.3841,817.3531,818.7569,819.6719,820.7329,822.0321,822.5596,823.0212,823.2863,823.1118,822.5619,822.2507,822.5347,823.5449,825.16,827.1569,829.4286,831.8399,834.1925,836.2165,837.9232,839.7608,841.7952,843.7838,845.4007

Position (um) : 4.4432,4.4297,4.415,4.4037,4.393,4.3828,4.3732,4.3681,4.3674,4.3796,4.3889,4.3955,4.4041,4.4157,4.4315,4.4463,4.4523,4.4491,4.44,4.4268,4.4114,4.3969,4.3874,4.3826,4.377,4.3724,4.3708,4.3663

Intensity : 464.3201,459.272,448.7667,436.1439,424.9596,418.1521,414.0686,408.1937,401.3475,397.5336,393.241,390.4618,389.8338,390.9802,390.0887,385.6202,377.8037,378.1224,379.7251,382.3682,385.2678,387.5409,388.8454,389.0749,383.9273,377.2779,370.2392,364.7432

Time pixel : 113.2444,113.3508,113.5779,113.8589,114.1339,114.3299,114.4577,114.6059,114.7873,114.8609,114.9254,114.9624,114.938,114.8613,114.8178,114.8575,114.9985,115.224,115.5029,115.8201,116.1568,116.4853,116.768,117.0063,117.2629,117.547,117.8246,118.0504

Position pixel : 41.6424,41.5156,41.3782,41.2717,41.1714,41.0757,40.9861,40.9382,40.9316,41.0461,41.1328,41.1949,41.2756,41.3843,41.5324,41.6708,41.727,41.6968,41.6121,41.4881,41.3442,41.2085,41.1188,41.0737,41.0213,40.9789,40.9634,40.9209

Brightness max : 366.46
Brightness min : 168.00
Feature direction : Ambiguous
Feature speed : Slow
Feature type : Curve
Start frame : 1
End frame : 208
Start time (s) : 0.000
End time (s) : 1482.400
Time step (s) : 7.161

Feature number : 6

Time (s) : 502.2064,502.6691,502.9497,503.0123,503.0123,503.0123,503.0123,503.0123,503.0123,503.0123,503.0123,503.0749,503.3555,503.8182,504.1614,504.5672,505.3105,506.1163,506.8028,507.6713,508.6951,509.5636,510.2501,511.1811,512.5482,514.16,515.5897,516.7388,517.6073,518.2937,519.1622,520.2487,521.3977,522.5468,523.6959,524.845,525.9941,527.1432,528.2923,529.4414,530.5905,531.677,532.5454,533.2319,534.163,535.5301,537.1418,538.5715,539.7206,540.5891,541.2755,542.144,543.1679,544.0364,544.6602,545.2481,545.8719,546.7404,547.7642,548.5701,548.9759,549.3192,549.8444,550.4683,551.2741,552.0174,552.3606,552.4858,552.8291,553.5723,554.3156,554.7214,555.0646,555.5273,555.8705,556.2137,556.6764

Position (um) : 6.7885,6.7499,6.6828,6.6331,6.6085,6.5914,6.5743,6.5562,6.534,6.5058,6.4776,6.4554,6.4373,6.4202,6.4031,6.385,6.3637,6.3397,6.3175,6.2962,6.2764,6.2619,6.2481,6.2328,6.2199,6.2106,6.2028,6.1976,6.1925,6.1856,6.1815,6.1805,6.1796,6.1754,6.1685,6.1634,6.1583,6.1514,6.1472,6.1463,6.1463,6.1454,6.1412,6.1343,6.1292,6.124,6.1172,6.113,6.1111,6.1069,6.1,6.0959,6.094,6.0898,6.082,6.0718,6.0537,6.0274,6.0034,5.988,5.9741,5.958,5.9408,5.9237,5.9066,5.8895,5.8724,5.8562,5.8423,5.8279,5.808,5.7877,5.7696,5.7525,5.7363,5.7243,5.7192

Intensity : 399.3991,393.8209,387.5898,384.5631,383.4335,383.318,383.2025,383.0808,382.9309,382.9297,384.5893,385.8762,386.8166,387.5759,388.3393,387.668,386.7684,385.9605,385.4,385.012,384.283,385.8826,387.1348,389.263,393.1973,398.3724,403.1679,401.7735,400.5832,399.1785,397.4727,396.0132,394.4885,392.5449,391.3258,390.7302,390.273,389.8122,389.7177,389.9077,388.2524,385.2798,382.8653,380.9884,378.6085,375.272,371.6464,370.6632,369.8107,369.2539,368.9221,368.3442,367.5602,366.9651,366.831,366.0393,365.0103,363.976,363.6196,363.7994,363.9679,364.6169,365.6474,367.0321,368.9681,369.538,370.1469,370.1603,369.8217,369.2337,368.6434,368.2892,368.0027,367.2599,366.2646,365.4493,364.8835

Time pixel : 70.1273,70.1919,70.2311,70.2398,70.2398,70.2398,70.2398,70.2398,70.2398,70.2398,70.2398,70.2486,70.2878,70.3524,70.4003,70.457,70.5608,70.6733,70.7691,70.8904,71.0334,71.1547,71.2505,71.3805,71.5714,71.7965,71.9961,72.1566,72.2779,72.3737,72.495,72.6467,72.8072,72.9676,73.1281,73.2885,73.449,73.6094,73.7699,73.9304,74.0908,74.2425,74.3638,74.4597,74.5897,74.7806,75.0056,75.2053,75.3657,75.487,75.5829,75.7041,75.8471,75.9684,76.0555,76.1376,76.2247,76.346,76.4889,76.6015,76.6581,76.7061,76.7794,76.8665,76.9791,77.0828,77.1308,77.1483,77.1962,77.3,77.4038,77.4604,77.5083,77.573,77.6209,77.6688,77.7334

Position pixel : 63.6221,63.2607,62.6313,62.1662,61.9358,61.7753,61.6148,61.4456,61.2373,60.973,60.7088,60.5004,60.3312,60.1707,60.0103,59.8411,59.6414,59.4164,59.208,59.0083,58.8225,58.6874,58.5574,58.4144,58.2932,58.206,58.1327,58.0848,58.0368,57.9722,57.9331,57.9243,57.9156,57.8764,57.8118,57.7639,57.7159,57.6513,57.6121,57.6034,57.6034,57.5947,57.5555,57.4909,57.4429,57.395,57.3304,57.2912,57.2737,57.2346,57.17,57.1308,57.1133,57.0741,57.0008,56.9049,56.7357,56.4889,56.2639,56.1201,55.9901,55.8384,55.6779,55.5175,55.357,55.1965,55.0361,54.8844,54.7544,54.6193,54.4334,54.2425,54.0733,53.9129,53.7612,53.6486,53.6007

Brightness max : 366.46
Brightness min : 168.00
Feature direction : Antipoleward
Feature speed : Slow
Feature type : Curve
Start frame : 1
End frame : 208
Start time (s) : 0.000
End time (s) : 1482.400
Time step (s) : 7.161

Feature number : 7

Time (s) : 378.6162,379.3783,381.081,383.4367,386.0474,388.1368,389.6935,391.0208,392.0818,392.9204,393.9814,395.2322,396.2932,397.0553,397.7735,398.4591,399.1008,399.5201,400.0159,401.0003,402.3276,403.6549,404.7159,405.478,406.1962,406.9583,408.0193,409.3466,410.7504,412.0777,413.1386,413.9008,414.5424,414.9617,415.4575,416.3655,417.35,418.1886,419.1731,420.1576,420.9197,421.6379,422.3235,423.0417,423.7273,424.4454,425.2075,426.192,427.1765,428.0151,428.9996,429.9841,430.8227,431.8072,432.7917,433.6303,434.6148,435.5993,436.4378,437.4223,438.4068,439.1689,439.8106,440.1534

Position (um) : 6.3652,6.3415,6.3065,6.2662,6.2138,6.1658,6.1346,6.1081,6.0832,6.0611,6.0402,6.0193,5.9984,5.9775,5.9577,5.9419,5.9294,5.9147,5.8989,5.8813,5.8571,5.8311,5.805,5.7808,5.7632,5.7451,5.7202,5.6909,5.6649,5.6428,5.623,5.6072,5.5947,5.5789,5.5592,5.5382,5.5173,5.4964,5.4755,5.4557,5.4399,5.4263,5.4054,5.3772,5.3511,5.3268,5.2945,5.2494,5.2008,5.1585,5.1244,5.0872,5.047,5.0058,4.9684,4.9317,4.8961,4.8638,4.8334,4.8073,4.7853,4.7644,4.7446,4.7299

Intensity : 432.0012,425.4252,417.0077,411.9479,408.2672,406.5445,404.6534,402.1485,399.1434,395.7175,392.082,388.9398,386.6567,384.9733,385.0412,385.749,386.755,387.7547,389.1926,392.1943,389.5708,386.7608,385.4085,385.1781,385.1569,384.9221,385.0592,387.0731,388.7747,388.4127,386.8588,385.5466,384.5004,383.0215,381.2546,380.7587,380.5676,380.0644,379.6656,379.2588,378.8628,378.6422,377.4506,374.7063,372.1914,370.6659,370.6256,371.3716,374.3581,377.9539,381.151,379.1992,375.2042,371.0698,365.7858,362.0246,359.572,358.2679,357.6851,356.8773,356.4302,356.3966,356.4089,356.4923

Time pixel : 52.8694,52.9758,53.2135,53.5425,53.907,54.1988,54.4162,54.6015,54.7497,54.8668,55.0149,55.1896,55.3378,55.4442,55.5445,55.6402,55.7298,55.7884,55.8576,55.9951,56.1804,56.3657,56.5139,56.6203,56.7206,56.827,56.9752,57.1605,57.3565,57.5419,57.69,57.7964,57.8861,57.9446,58.0138,58.1406,58.2781,58.3952,58.5327,58.6701,58.7766,58.8768,58.9726,59.0729,59.1686,59.2689,59.3753,59.5128,59.6503,59.7674,59.9048,60.0423,60.1594,60.2969,60.4343,60.5514,60.6889,60.8264,60.9435,61.081,61.2184,61.3249,61.4145,61.4623

Position pixel : 59.6551,59.4326,59.1053,58.7274,58.2361,57.7865,57.4938,57.2453,57.0121,56.8054,56.6094,56.4134,56.2173,56.0213,55.836,55.6878,55.5707,55.4332,55.2851,55.1201,54.893,54.6491,54.4053,54.1782,54.0132,53.8437,53.6105,53.3355,53.0916,52.8849,52.6996,52.5514,52.4343,52.2862,52.1009,51.9048,51.7088,51.5128,51.3168,51.1314,50.9833,50.8555,50.6595,50.3952,50.1513,49.9232,49.6208,49.1977,48.742,48.3454,48.0261,47.6774,47.3006,46.9147,46.5643,46.2202,45.8867,45.5842,45.2986,45.0547,44.848,44.652,44.4666,44.3292

Brightness max : 444.29
Brightness min : 168.00
Feature direction : Antipoleward
Feature speed : Slow
Feature type : Curve
Start frame : 1
End frame : 208
Start time (s) : 0.000
End time (s) : 1482.400
Time step (s) : 7.161

Feature number : 8

Time (s) : 461.2867,461.3632,461.9355,463.5291,465.7205,467.5875,469.3667,470.9603,472.0977,472.8598,473.578,474.2636,474.9818,475.6674,476.3091,476.6519,476.7284,476.8049,477.1477,477.7129,478.0557,478.2087,478.5515,479.1167,479.4595,479.6125,479.9553,480.5205,480.9398,481.3591,481.9243,482.3435,482.8393,483.7473,484.7318,485.5704,486.5549,487.5394,488.378,489.439,490.6898,491.7508,492.5894,493.6503,494.9776,496.3814,497.7852,499.189,500.5163,501.6538,502.7587,503.9656,504.7277,505.2999,506.2079,507.1159,507.6117,508.1075,509.0155,510,510.7621,511.4803,512.1659,512.8841,513.5697,514.2879,514.9735,515.6152,515.958

Position (um) : 6.4302,6.4144,6.385,6.3352,6.2721,6.2131,6.155,6.1001,6.0539,6.0204,5.991,5.9554,5.9147,5.874,5.8385,5.8113,5.7892,5.7683,5.7474,5.7265,5.7056,5.6835,5.6575,5.6282,5.601,5.575,5.5496,5.5269,5.5015,5.4755,5.4483,5.419,5.393,5.3698,5.3449,5.3195,5.2968,5.2703,5.2403,5.2098,5.1838,5.1618,5.1408,5.1199,5.099,5.077,5.0509,5.0216,4.9956,4.9735,4.9526,4.9317,4.9119,4.8961,4.8836,4.8678,4.8492,4.8334,4.8209,4.8062,4.7915,4.779,4.7632,4.7446,4.7288,4.7174,4.7067,4.6965,4.687

Intensity : 349.5469,347.687,345.38,343.4046,343.0625,345.5618,350.0907,355.2003,357.6067,357.6316,356.552,355.2732,353.7627,352.7581,351.4888,350.8276,350.5516,350.3164,350.6241,351.2829,352.1222,353.0885,354.3617,355.3935,356.2996,357.1076,357.8237,356.6796,355.7624,355.0831,354.6738,354.0329,353.651,354.0194,354.9185,355.6677,356.6394,356.1392,354.7846,352.5027,350.1131,348.4208,347.1669,346.0963,345.5087,345.112,344.841,344.7429,345.533,346.3916,347.8421,349.6217,351.1844,352.9081,354.7049,356.6235,358.3083,359.7056,360.1684,360.1731,360.9273,361.7482,363.0497,364.7315,366.1529,367.038,367.9046,368.7768,371.0827

Time pixel : 64.4134,64.424,64.5039,64.7265,65.0325,65.2932,65.5416,65.7641,65.923,66.0294,66.1297,66.2254,66.3257,66.4214,66.5111,66.5589,66.5696,66.5803,66.6282,66.7071,66.7549,66.7763,66.8242,66.9031,66.951,66.9723,67.0202,67.0991,67.1577,67.2162,67.2951,67.3537,67.4229,67.5497,67.6872,67.8043,67.9418,68.0792,68.1963,68.3445,68.5191,68.6673,68.7844,68.9326,69.1179,69.3139,69.5099,69.706,69.8913,70.0501,70.2044,70.373,70.4794,70.5593,70.6861,70.8129,70.8821,70.9513,71.0781,71.2156,71.322,71.4223,71.518,71.6183,71.7141,71.8143,71.9101,71.9997,72.0476

Position pixel : 60.2646,60.1164,59.8405,59.3741,58.7824,58.23,57.6852,57.1709,56.7372,56.424,56.1481,55.8146,55.4332,55.0519,54.7184,54.4638,54.2571,54.0611,53.8651,53.669,53.473,53.2663,53.0224,52.7475,52.4929,52.249,52.0112,51.7984,51.5607,51.3168,51.0622,50.7872,50.5434,50.326,50.0928,49.855,49.6422,49.3937,49.1126,48.827,48.5831,48.3764,48.1804,47.9844,47.7884,47.5816,47.3378,47.0628,46.8189,46.6122,46.4162,46.2202,46.0348,45.8867,45.7696,45.6214,45.4468,45.2986,45.1815,45.044,44.9066,44.7895,44.6413,44.4666,44.3185,44.2121,44.1118,44.0161,43.9264

Brightness max : 444.29
Brightness min : 168.00
Feature direction : Antipoleward
Feature speed : Slow
Feature type : Curve
Start frame : 1
End frame : 208
Start time (s) : 0.000
End time (s) : 1482.400
Time step (s) : 7.161

