KYMOANALYSIS DATA

General Information :

Tiff path : E:\Google Drive\microtubule dynamics and cut7\20-15 screens and tests\wild type\19-03-01&06&07 (Cut73GFP and cdc7mCh_int_mono_bipole_25 deg)\
Spindle type : Bipolar
Start frame : 1
End frame : 210
Start time (s) : 0.000
End time (s) : 1570.000
Time step (s) : 7.512
Num poles : 2
Num tracks : 5
Num tracks poleward : 1
Num tracks antipoleward : 2
Num tracks ambiguous : 2
Comments : {

}
Poles Information :


Pole number : 1

Time (s) : 305.04721,308.39127,314.96835,321.94298,326.45723,329.3917,331.8401,333.77091,335.33867,336.82541,338.31215,339.79889,341.28564,342.77238,344.25912,345.74586,347.23261,348.80036,350.65017,352.7355,354.66632,356.59714,358.76348,360.97635,363.1427,364.9925,366.64127,368.49107,370.57641,372.42622,374.07498,376.0058,378.53521,381.42768,384.32016,386.84957,388.86139,390.79221,392.95856,395.25244,397.78185,400.31126,402.76716,405.74065,409.23171,412.64927,415.98582,419.27584,422.45788,426.11096,430.04611,433.90774,438.08591,442.74719,447.52395,451.94969,455.91932,459.02034,461.79278,464.76627,468.18383,472.11897,476.13512,480.15878,484.90106,490.03338,494.17707,497.39359,500.28606,502.9775,505.79646,509.53056,514.11082,518.72557,522.50619,525.72271,529.14027,533.15642,537.61665,542.43994,547.41775,551.95899,556.2647,560.87944,565.17765,568.59521,571.28664,573.66153,576.27195,579.16442,582.21892,585.47446,588.76448,591.94651,595.5996,599.45373,602.79028,605.48171,607.85661,610.38601,612.91542,615.37133,618.42582,622.36096,626.65917,630.67532,634.2549,638.11654,642.65027,646.86747,650.00297,652.45888,655.0693,658.04278,661.46034,665.55751,670.46181,676.24676,682.42925,688.66578,695.65542,703.24365,710.72389,718.03006,724.62215,730.28707,735.19137,739.6516,743.74876,747.61039,751.70756,756.08677,760.547,764.92622,769.02338,772.88501,777.06319,781.96749,787.67143,793.32884,797.99761,802.2568,806.63601,811.09624,815.55647,820.09771,825.00201,830.58591,836.81494,843.44151,850.19562,857.18526,864.17489,870.929,877.7176,884.75376,891.89791,898.04593,902.66818,906.16675,909.22124,912.19473,915.16821,918.38473,922.69044,928.87294,936.42668,944.62101,953.30593,962.74397,972.01998,979.73575,985.48168,989.8684,993.88455,997.53764,1000.8817,1004.8168,1009.0685,1013.2197,1018.4405,1024.8241,1031.5782,1038.4058,1044.4263,1048.651,1051.4234,1053.3542,1054.922,1056.4898,1058.4206,1060.95,1064.0045,1067.7851,1072.3998,1077.6282,1084.3478,1092.6426,1100.2894,1106.7494,1112.0633,1116.8401,1120.8562,1124.1193,1127.4093,1130.5838,1133.2753,1135.5692,1137.8165,1140.2724,1143.69,1148.1427,1152.5219,1156.3835,1160.0366,1163.4542,1166.8718,1170.6059,1174.6685,1179.0012,1183.2259,1187.7672,1192.745,1197.5683,1202.1905,1206.9328,1211.6285,1215.8532,1220.1124,1224.7737,1229.3884,1233.0881,1235.8605,1238.1544,1240.4017,1242.6956,1245.225,1247.8355,1250.6544,1254.3075,1258.5247,1262.6219,1266.4835,1270.5807,1274.8789,1278.895,1282.2316,1284.842,1286.7728,1288.4216,1290.1904,1291.9936,1293.6889,1295.9363,1298.7478,1301.6402,1304.2507,1306.5445,1308.7919,1311.1668,1314.2213,1317.9944,1321.6475,1324.8295,1328.0385,1331.012,1333.831,1336.959,1339.8515,1342.2264,1344.3927,1346.3235,1348.3353,1350.8648,1353.8382,1357.1748,1360.7469,1364.0834,1367.1379,1370.2734,1373.973,1378.1437,1381.8433,1384.9788,1387.9523,1391.0068,1394.3433,1397.9154,1401.252,1404.2255,1406.8359,1409.2918,1412.2653,1415.7563,1419.1739,1422.5915,1426.2445,1430.1062,1434.6474,1439.9883,1445.4912,1450.6775,1455.5353,1459.9611,1464.0927,1468.0819,1472.9397,1478.7246,1485.0346,1491.3372,1496.477,1500.1031,1503.1921,1506.2931,1509.8652,1513.3562,1516.0942,1518.3416,1520.4344,1523.2534,1527.424,1532.0853,1536.6265,1541.0868,1545.385,1549.0381,1551.857,1554.4675,1556.9969,1559.4528,1562.5073,1566.3614,1570.2155,1573.189,1575.1603,1576.4655,1577.2089,1577.4715,1577.512

Position (um) : 4.1474,4.1486,4.1537,4.1622,4.1674,4.1685,4.1685,4.1685,4.1685,4.1685,4.1685,4.1685,4.1685,4.1685,4.1685,4.1685,4.1685,4.1685,4.1674,4.1622,4.1526,4.1422,4.1314,4.1211,4.1103,4.1,4.0892,4.0789,4.0692,4.0629,4.0555,4.0418,4.0259,4.0092,3.9899,3.9745,3.9625,3.9522,3.9425,3.9362,3.9299,3.9214,3.9151,3.9088,3.9003,3.894,3.8877,3.878,3.8677,3.8569,3.8466,3.8358,3.8255,3.8158,3.8095,3.8032,3.7947,3.7896,3.7884,3.7884,3.7884,3.7884,3.7884,3.7884,3.7884,3.7884,3.7884,3.7884,3.7884,3.7884,3.7884,3.7884,3.7884,3.7896,3.7947,3.8032,3.8084,3.8095,3.8095,3.8095,3.8095,3.8095,3.8095,3.8095,3.8095,3.8095,3.8095,3.8095,3.8095,3.8095,3.8095,3.8095,3.8095,3.8095,3.8107,3.8158,3.8243,3.8295,3.8306,3.8306,3.8306,3.8306,3.8306,3.8306,3.8306,3.8306,3.8306,3.8306,3.8306,3.8306,3.8306,3.8306,3.8306,3.8306,3.8306,3.8306,3.8306,3.8306,3.8295,3.8243,3.8147,3.8044,3.7936,3.7821,3.7673,3.7525,3.741,3.7302,3.7199,3.7102,3.7051,3.7028,3.6976,3.6891,3.684,3.6828,3.6828,3.6828,3.6828,3.6828,3.6828,3.6828,3.6828,3.6828,3.6828,3.6828,3.6828,3.6828,3.6828,3.6828,3.6828,3.6828,3.6828,3.6828,3.6828,3.6828,3.6828,3.6828,3.6828,3.6828,3.6828,3.6828,3.6828,3.6828,3.6828,3.6828,3.6828,3.684,3.6891,3.6988,3.7091,3.7187,3.7239,3.7251,3.7262,3.7314,3.741,3.7513,3.761,3.7673,3.7736,3.7821,3.7884,3.7947,3.8032,3.8084,3.8095,3.8095,3.8095,3.8095,3.8095,3.8095,3.8095,3.8095,3.8095,3.8084,3.8032,3.7947,3.7896,3.7884,3.7884,3.7884,3.7884,3.7884,3.7884,3.7884,3.7884,3.7884,3.7884,3.7873,3.7821,3.7736,3.7684,3.7661,3.761,3.7525,3.7462,3.7399,3.7302,3.7199,3.7091,3.6988,3.688,3.6777,3.668,3.6617,3.6554,3.6457,3.6354,3.6258,3.6195,3.6132,3.6035,3.5932,3.5835,3.5772,3.5698,3.555,3.535,3.5127,3.4876,3.4631,3.4454,3.4283,3.4094,3.3935,3.3809,3.3661,3.3524,3.3461,3.3438,3.3386,3.329,3.3175,3.3015,3.2816,3.2605,3.2405,3.2234,3.2045,3.1748,3.1412,3.1138,3.0915,3.0716,3.0556,3.043,3.0282,3.0134,3.0019,2.9922,2.9859,2.9796,2.97,2.9585,2.9437,2.9289,2.9174,2.9066,2.8952,2.8792,2.8592,2.8393,2.8233,2.8107,2.7936,2.7696,2.744,2.7222,2.7017,2.6851,2.6692,2.6544,2.6417,2.6258,2.6058,2.5847,2.5636,2.5413,2.515,2.4843,2.4528,2.4209,2.3883,2.3513,2.3102,2.2668,2.2182,2.1612,2.1024,2.0557,2.0253,1.9974,1.9671,1.9364,1.9101,1.8878,1.8667,1.8456,1.8222,1.7896,1.7451,1.6989,1.6555,1.6144,1.5774,1.5459,1.5192,1.4939,1.4545,1.3935,1.3188,1.2492,1.2007,1.171,1.1475,1.1213,1.0928,1.0728

Intensity : 1804.4676,1794.2962,1759.7562,1702.6871,1626.2856,1576.2829,1525.2725,1477.0669,1437.9257,1400.807,1363.7761,1327.1337,1290.4913,1253.8489,1217.2065,1181.8706,1155.158,1126.9899,1095.0658,1062.9846,1054.9787,1050.9471,1045.0378,1037.6522,1032.3207,1031.0036,1033.9676,1035.6155,1036.4039,1032.8138,1033.4192,1054.4237,1097.0042,1144.8081,1197.2144,1231.2522,1256.4685,1277.1337,1294.4224,1302.4028,1310.6679,1325.4915,1336.5212,1348.0541,1381.9097,1410.9592,1430.2296,1454.0962,1460.6997,1450.7493,1437.4174,1415.7449,1411.2956,1432.2566,1436.7308,1438.7619,1442.7001,1440.5426,1425.0633,1407.826,1391.8514,1375.2219,1359.3768,1343.9467,1336.5676,1344.4842,1372.9008,1393.4709,1410.6237,1426.5842,1453.5836,1491.1162,1530.0575,1564.5541,1587.5297,1597.8678,1594.2895,1599.82,1582.3886,1564.4403,1550.5557,1521.6069,1490.9367,1467.9381,1442.3099,1417.2024,1399.9628,1398.4512,1396.7897,1399.558,1416.5534,1434.6673,1445.2579,1454.2924,1459.5717,1449.2553,1407.7477,1370.3476,1350.7829,1338.6404,1327.769,1317.2135,1311.0678,1305.3927,1307.3366,1311.8727,1327.2414,1345.0596,1342.123,1336.1915,1328.6326,1322.7121,1308.5358,1286.0331,1262.6808,1256.9085,1263.1768,1295.2758,1336.6117,1365.547,1391.0211,1395.1087,1426.944,1493.2038,1573.0293,1624.7578,1619.491,1595.2154,1558.1436,1523.249,1484.5605,1488.7496,1487.0045,1476.2308,1475.6866,1476.879,1468.453,1458.4787,1462.8684,1449.1313,1422.4857,1379.9351,1366.6317,1369.619,1399.3507,1438.9453,1503.5892,1518.5614,1513.4198,1506.0067,1501.4905,1508.5156,1510.1286,1486.2318,1477.9998,1506.1972,1531.2382,1527.8539,1507.2176,1470.9413,1441.8399,1438.9145,1435.989,1453.5136,1495.5438,1558.5452,1619.1124,1641.0968,1624.5869,1602.9724,1560.644,1528.7354,1503.8273,1503.4661,1503.8735,1494.4672,1464.0362,1426.8353,1389.9717,1365.6919,1345.1769,1320.8338,1307.7675,1286.4578,1251.723,1206.024,1186.1986,1181.2714,1177.9224,1174.5734,1170.4489,1167.0006,1163.862,1163.6204,1174.3518,1168.0646,1141.7625,1077.4703,1007.1222,954.81793,926.02827,919.9509,914.50623,909.66018,902.45038,885.74242,871.57705,861.88579,854.2959,848.58068,843.1476,830.75925,818.53751,806.08658,796.32489,790.87119,796.69637,809.51692,827.10212,848.46527,851.67994,848.64713,823.85677,790.28195,750.05519,706.70189,668.82728,645.80342,619.63997,590.33078,580.49537,574.0734,574.32728,575.02912,578.81132,586.78709,595.96534,610.87222,630.06406,653.39293,677.63195,700.00099,700.20169,696.83179,691.64203,678.17624,661.51479,651.02893,647.48386,642.19756,634.08118,628.14932,618.41518,604.81821,590.62633,581.60191,578.80399,580.18316,583.03206,587.8439,596.67607,631.05363,669.98959,705.98725,731.81204,748.67114,754.28793,762.05276,760.41546,758.79843,757.19934,741.84823,720.54717,696.13327,665.44459,630.86436,593.2373,550.7009,512.58581,492.80086,470.45824,464.51988,469.37498,489.97442,511.82683,537.21142,566.30496,596.73004,616.09636,636.11429,644.80348,652.68554,653.71818,647.36514,646.86787,647.05099,649.62098,652.80987,650.17901,631.02841,621.35435,613.52125,601.922,602.14722,610.10117,617.19228,621.52139,636.48595,682.4817,705.77391,720.19995,734.78287,732.56604,716.14474,703.2853,709.96006,715.8093,722.67553,727.47757,733.49037,715.07037,692.7236,697.09824,696.75342,687.46001,673.07931,663.05006,659.09126,648.9635,636.19941,649.69641,659.89566,680.35673,688.45202,699.60799,691.46871,678.83803,661.83213,648.87962

Time pixel : 40.6082,41.05336,41.92891,42.85738,43.45832,43.84896,44.17489,44.43192,44.64063,44.83854,45.03646,45.23438,45.43229,45.63021,45.82813,46.02604,46.22396,46.43266,46.67891,46.95651,47.21354,47.47057,47.75896,48.05354,48.34193,48.58817,48.80766,49.05391,49.33151,49.57776,49.79724,50.05427,50.39099,50.77604,51.16109,51.49781,51.76563,52.02266,52.31104,52.61641,52.95313,53.28984,53.61677,54.01261,54.47734,54.93229,55.37646,55.81443,56.23802,56.72433,57.24818,57.76224,58.31844,58.93896,59.57484,60.164,60.69244,61.10526,61.47433,61.87016,62.32511,62.84896,63.38359,63.91923,64.55052,65.23374,65.78536,66.21354,66.59859,66.95688,67.33214,67.82923,68.43896,69.05328,69.55656,69.98474,70.43969,70.97433,71.56808,72.21016,72.87281,73.47734,74.05052,74.66484,75.23702,75.69197,76.05026,76.36641,76.71391,77.09896,77.50558,77.93896,78.37693,78.80052,79.28683,79.79989,80.24406,80.60234,80.91849,81.25521,81.59193,81.91886,82.32548,82.84933,83.42151,83.95614,84.43266,84.94672,85.55026,86.11166,86.52906,86.85599,87.20349,87.59933,88.05427,88.59969,89.25256,90.02266,90.84568,91.67589,92.60636,93.61651,94.61229,95.58489,96.46244,97.21656,97.86942,98.46317,99.00859,99.52266,100.0681,100.651,101.2448,101.8278,102.3732,102.8872,103.4434,104.0963,104.8556,105.6087,106.2303,106.7972,107.3802,107.974,108.5677,109.1722,109.8251,110.5684,111.3977,112.2798,113.1789,114.1094,115.0398,115.939,116.8427,117.7793,118.7304,119.5488,120.1641,120.6298,121.0365,121.4323,121.8281,122.2563,122.8295,123.6525,124.6581,125.7489,126.9051,128.1615,129.3963,130.4234,131.1883,131.7723,132.3069,132.7932,133.2384,133.7622,134.3282,134.8808,135.5758,136.4256,137.3247,138.2336,139.0351,139.5975,139.9666,140.2236,140.4323,140.641,140.898,141.2347,141.6414,142.1446,142.759,143.455,144.3495,145.4537,146.4716,147.3316,148.039,148.6749,149.2095,149.6439,150.0819,150.5045,150.8628,151.1681,151.4673,151.7942,152.2492,152.8419,153.4249,153.939,154.4253,154.8802,155.3352,155.8322,156.3731,156.9498,157.5122,158.1168,158.7794,159.4215,160.0368,160.6681,161.2932,161.8556,162.4226,163.0431,163.6574,164.1499,164.519,164.8244,165.1235,165.4289,165.7656,166.1131,166.4884,166.9747,167.5361,168.0815,168.5956,169.141,169.7132,170.2478,170.692,171.0395,171.2965,171.516,171.7515,171.9915,172.2172,172.5164,172.8906,173.2757,173.6232,173.9285,174.2277,174.5439,174.9505,175.4528,175.9391,176.3627,176.7898,177.1857,177.5609,177.9773,178.3624,178.6785,178.9669,179.224,179.4918,179.8285,180.2243,180.6685,181.144,181.5882,181.9948,182.4122,182.9047,183.4599,183.9524,184.3698,184.7656,185.1722,185.6164,186.0919,186.5361,186.9319,187.2794,187.6064,188.0022,188.4669,188.9219,189.3768,189.8631,190.3772,190.9817,191.6927,192.4253,193.1157,193.7623,194.3515,194.9015,195.4326,196.0792,196.8493,197.6893,198.5283,199.2125,199.6953,200.1065,200.5193,200.9948,201.4595,201.824,202.1232,202.4018,202.777,203.3322,203.9528,204.5573,205.151,205.7232,206.2095,206.5848,206.9323,207.269,207.5959,208.0026,208.5156,209.0287,209.4245,209.6869,209.8607,209.9597,209.9946,210

Position pixel : 38.8698,38.8806,38.9289,39.0086,39.0569,39.0677,39.0677,39.0677,39.0677,39.0677,39.0677,39.0677,39.0677,39.0677,39.0677,39.0677,39.0677,39.0677,39.0569,39.0086,38.9181,38.8215,38.7202,38.6235,38.5223,38.4256,38.3244,38.2277,38.1372,38.0781,38.0082,37.8802,37.7306,37.5748,37.3939,37.2489,37.1369,37.0402,36.9497,36.8906,36.8315,36.7518,36.6927,36.6336,36.5539,36.4948,36.4357,36.3452,36.2485,36.1473,36.0506,35.9494,35.8527,35.7622,35.7031,35.644,35.5643,35.516,35.5052,35.5052,35.5052,35.5052,35.5052,35.5052,35.5052,35.5052,35.5052,35.5052,35.5052,35.5052,35.5052,35.5052,35.5052,35.516,35.5643,35.644,35.6923,35.7031,35.7031,35.7031,35.7031,35.7031,35.7031,35.7031,35.7031,35.7031,35.7031,35.7031,35.7031,35.7031,35.7031,35.7031,35.7031,35.7031,35.7139,35.7622,35.8419,35.8903,35.901,35.901,35.901,35.901,35.901,35.901,35.901,35.901,35.901,35.901,35.901,35.901,35.901,35.901,35.901,35.901,35.901,35.901,35.901,35.901,35.8903,35.8419,35.7515,35.6548,35.5535,35.4461,35.3073,35.1685,35.061,34.9598,34.8631,34.7727,34.7243,34.7028,34.6544,34.5747,34.5264,34.5156,34.5156,34.5156,34.5156,34.5156,34.5156,34.5156,34.5156,34.5156,34.5156,34.5156,34.5156,34.5156,34.5156,34.5156,34.5156,34.5156,34.5156,34.5156,34.5156,34.5156,34.5156,34.5156,34.5156,34.5156,34.5156,34.5156,34.5156,34.5156,34.5156,34.5156,34.5156,34.5264,34.5747,34.6652,34.7619,34.8523,34.9007,34.9115,34.9222,34.9706,35.061,35.1577,35.2482,35.3073,35.3664,35.4461,35.5052,35.5643,35.644,35.6923,35.7031,35.7031,35.7031,35.7031,35.7031,35.7031,35.7031,35.7031,35.7031,35.6923,35.644,35.5643,35.516,35.5052,35.5052,35.5052,35.5052,35.5052,35.5052,35.5052,35.5052,35.5052,35.5052,35.4944,35.4461,35.3664,35.3181,35.2965,35.2482,35.1685,35.1094,35.0503,34.9598,34.8631,34.7619,34.6652,34.564,34.4673,34.3768,34.3177,34.2586,34.1681,34.0715,33.981,33.9219,33.8628,33.7723,33.6756,33.5852,33.526,33.4561,33.3173,33.1302,32.9215,32.686,32.4568,32.2902,32.1298,31.9535,31.8039,31.6857,31.5469,31.4189,31.3597,31.3382,31.2898,31.1994,31.0919,30.9423,30.7552,30.5573,30.3702,30.2098,30.0324,29.7548,29.4397,29.1827,28.974,28.7868,28.6372,28.519,28.3802,28.2414,28.134,28.0435,27.9844,27.9253,27.8348,27.7273,27.5885,27.4497,27.3423,27.241,27.1336,26.984,26.7969,26.6097,26.4602,26.3419,26.1816,25.9569,25.7168,25.5127,25.321,25.1652,25.0156,24.8768,24.7586,24.609,24.4219,24.224,24.026,23.8173,23.5711,23.2827,22.9881,22.689,22.3836,22.0361,21.651,21.2444,20.7895,20.2548,19.7042,19.2663,18.9815,18.7198,18.436,18.1477,17.9014,17.6927,17.4948,17.2969,17.0774,16.772,16.3556,15.9222,15.5156,15.1306,14.7831,14.4885,14.2377,14.0012,13.6321,13.0599,12.3597,11.7079,11.2529,10.9743,10.7548,10.5086,10.2418,10.0546

Pole type : Curve
Start frame : 1
End frame : 210
Start time (s) : 0.000
End time (s) : 1570.000
Time step (s) : 7.512

Pole number : 2

Time (s) : 311.87483,313.4081,316.40856,319.79164,323.44473,326.85478,329.22968,330.87844,332.36518,333.85192,335.33867,336.82541,338.31215,339.79889,341.28564,342.69137,343.81505,344.7032,345.82687,347.23261,348.71935,350.20609,351.69283,353.17958,354.66632,356.07205,357.19573,358.08388,359.20756,360.61329,362.18104,364.11186,366.56026,369.00866,370.93947,372.50723,373.99397,375.48071,376.96745,378.53521,380.38501,382.47035,384.32016,385.96892,387.81873,389.90406,391.83488,393.7657,395.93204,398.14491,400.31126,402.16106,403.72882,405.29657,407.14638,409.23171,411.16253,413.09335,415.17868,417.1095,419.04032,421.20666,423.41953,425.66689,427.96077,430.49018,432.93858,434.95041,436.88123,438.96656,440.89738,442.8282,444.83252,446.31926,447.36943,448.85618,450.8605,452.71031,454.19705,455.32073,456.20888,457.33256,458.73829,460.22503,461.79278,463.64259,465.80894,468.02181,470.18815,472.11897,474.1308,476.66021,479.47167,482.08209,484.37597,486.54232,488.39213,490.04089,491.8907,494.21906,497.32008,501.49075,505.62694,508.68143,510.69326,512.26101,513.74776,515.2345,516.80225,518.65206,520.8184,523.03128,525.35964,528.0976,531.66968,535.4428,538.49729,541.03421,544.00769,547.57977,551.27938,554.85146,557.74393,559.83677,561.92961,564.82209,568.39416,572.09378,575.82787,579.52749,583.09957,585.99204,588.08488,590.17772,593.1512,596.92432,600.41539,603.11432,606.45838,611.50969,616.76956,621.23729,625.85954,631.20041,636.62229,641.60761,646.51191,651.65174,656.67607,661.08977,664.63487,668.08692,671.70552,675.43962,679.13923,682.87333,686.65395,690.83213,695.65542,701.15831,707.10528,713.2533,719.07273,724.10457,729.04335,734.06769,738.76344,742.62508,746.28567,750.66489,755.80472,761.35414,766.93054,771.55279,775.78499,781.16035,787.47038,794.58756,802.41132,809.64852,815.46795,819.32959,821.94751,824.47692,827.00633,829.46224,832.59774,836.97696,842.47985,848.54686,854.4473,860.16625,867.23689,875.38173,882.53338,888.85843,896.60868,905.64166,914.19905,921.84131,929.14749,935.73957,941.4855,946.83388,952.49879,958.64681,964.91031,970.90381,976.80425,982.43469,987.93758,993.07741,997.74618,1002.604,1007.7903,1013.1312,1017.989,1022.4222,1027.5155,1032.9839,1038.5678,1044.0707,1049.2571,1054.0338,1058.2585,1062.2747,1066.0088,1069.4729,1072.9984,1076.0184,1078.7099,1081.2393,1083.6952,1086.6687,1090.0787,1093.1332,1096.0332,1099.6053,1103.2974,1106.0698,1108.5332,1112.5494,1118.0448,1123.6752,1129.2591,1134.6,1139.1412,1143.0029,1146.656,1149.9925,1153.047,1156.1015,1159.5191,1163.4542,1167.4703,1171.413,1176.0352,1181.6582,1187.3966,1192.3474,1196.7611,1200.3797,1203.2332,1205.8901,1208.8171,1211.9181,1215.6522,1220.0314,1224.8547,1230.1566,1236.069,1242.4871,1248.4806,1254.1455,1259.4053,1263.4215,1265.9584,1268.0513,1270.5807,1273.4731,1276.5276,1279.8642,1283.5173,1287.2979,1291.314,1295.2492,1298.5857,1301.1962,1303.37,1306.108,1309.8346,1313.4532,1316.6697,1320.0872,1324.1844,1328.9267,1333.8235,1338.0017,1341.7898,1346.5665,1352.2705,1358.2175,1364.0024,1369.1422,1373.3669,1377.02,1379.9935,1382.5304,1385.5039,1389.076,1392.8566,1396.8728,1400.8079,1404.1444,1406.7549,1408.7667,1410.8595,1413.752,1417.2431,1420.4986,1423.19,1425.5649,1428.0943,1430.6238,1432.9176,1435.165,1437.4589,1439.9883,1442.4367,1444.3675,1445.9353,1447.584,1449.9589,1453.531,1457.8292,1462.2894,1466.6686,1470.6848,1474.0213,1476.6318,1478.6436,1480.6554,1483.1038,1485.6332,1488.0891,1491.1436,1494.9167,1498.5698,1501.7519,1504.9609,1507.9344,1510.7533,1513.8813,1516.6928,1518.7046,1520.2724,1521.8401,1523.6899,1525.7753,1527.7871,1530.243,1533.8961,1538.6384,1544.1413,1549.9262,1555.4291,1560.2524,1564.3496,1567.6861,1570.3775,1572.6714,1574.7973,1576.3845,1577.2089,1577.4715,1577.512

Position (um) : 4.22787,4.22968,4.24268,4.25815,4.27526,4.29408,4.31004,4.32151,4.33231,4.34377,4.35858,4.37339,4.38486,4.39451,4.39967,4.40197,4.40713,4.41563,4.42079,4.42194,4.42194,4.42194,4.42194,4.42194,4.42194,4.42309,4.42824,4.43675,4.4419,4.44305,4.44305,4.44305,4.44305,4.44305,4.44305,4.44421,4.44936,4.45786,4.46302,4.46417,4.46417,4.46532,4.47163,4.48529,4.5001,4.51272,4.52868,4.54749,4.56345,4.57607,4.59088,4.60454,4.612,4.61945,4.63311,4.64792,4.65939,4.67019,4.68051,4.69131,4.70162,4.71243,4.72274,4.7347,4.75017,4.76947,4.78494,4.79575,4.80206,4.80951,4.82432,4.84314,4.8591,4.87057,4.88137,4.89283,4.90879,4.92761,4.94357,4.95619,4.971,4.98466,4.99212,4.99957,5.01438,5.0332,5.04916,5.06178,5.07659,5.0914,5.10286,5.11366,5.12398,5.13363,5.13994,5.14625,5.15475,5.16106,5.16852,5.18333,5.20444,5.22957,5.25288,5.26549,5.27295,5.28146,5.28776,5.29407,5.30257,5.30773,5.30888,5.30888,5.30888,5.30888,5.30888,5.30888,5.31003,5.31519,5.32369,5.32885,5.33,5.33115,5.33631,5.34481,5.35112,5.35857,5.37223,5.38704,5.39966,5.41562,5.43444,5.44925,5.4567,5.46301,5.47267,5.48298,5.49263,5.50009,5.51271,5.53487,5.55368,5.56114,5.56344,5.5686,5.5771,5.58226,5.58341,5.58341,5.58341,5.58341,5.58341,5.58341,5.58341,5.58341,5.58341,5.58341,5.58341,5.58456,5.58972,5.59822,5.60453,5.61199,5.62565,5.64046,5.65192,5.66157,5.66673,5.66788,5.66788,5.66903,5.67534,5.689,5.70266,5.71012,5.71642,5.72493,5.73008,5.73239,5.73754,5.74604,5.7512,5.75235,5.75235,5.75235,5.75235,5.75235,5.75235,5.75235,5.75235,5.75235,5.75235,5.75465,5.76497,5.78197,5.79229,5.79459,5.79574,5.8009,5.8094,5.81456,5.81571,5.81571,5.81686,5.82316,5.83682,5.85048,5.85794,5.86425,5.87275,5.87791,5.87906,5.87906,5.87906,5.87906,5.88021,5.88537,5.89502,5.90648,5.92244,5.94241,5.96353,5.9835,5.99831,6.00577,6.01207,6.02173,6.03204,6.04169,6.04685,6.04915,6.05431,6.06396,6.07428,6.08393,6.09024,6.09654,6.1062,6.11651,6.12731,6.13878,6.15474,6.17471,6.19698,6.2221,6.24656,6.26433,6.28145,6.30026,6.31737,6.33515,6.35961,6.38473,6.40815,6.43443,6.4652,6.49893,6.54347,6.60337,6.66662,6.71286,6.73743,6.75119,6.76715,6.78712,6.80824,6.82936,6.85162,6.87905,6.91498,6.95836,7.01206,7.07991,7.15759,7.23794,7.30415,7.34869,7.37842,7.40699,7.44292,7.484,7.52624,7.56848,7.61186,7.65925,7.70999,7.75623,7.79331,7.81959,7.839,7.86308,7.9012,7.94114,7.97602,8.01195,8.04903,8.08792,8.1312,8.16827,8.19981,8.24024,8.28648,8.33502,8.38461,8.42684,8.45943,8.48619,8.50797,8.52958,8.55251,8.58443,8.62321,8.66029,8.69287,8.72249,8.74361,8.75737,8.77449,8.79961,8.83038,8.86181,8.89258,8.91886,8.94113,8.96339,8.98967,9.01929,9.04672,9.07414,9.10261,9.12373,9.13749,9.1546,9.18203,9.22427,9.27786,9.3286,9.36864,9.40457,9.43419,9.45311,9.47022,9.49134,9.51646,9.54092,9.55985,9.58327,9.61689,9.65167,9.68025,9.70652,9.73213,9.75506,9.77953,9.79949,9.81326,9.82922,9.84919,9.87031,9.89027,9.90738,9.92631,9.95708,9.99701,10.0392,10.0815,10.1226,10.1585,10.1859,10.2082,10.2293,10.2493,10.2652,10.2767,10.2864,10.2915,10.2927

Intensity : 1596.0377,1583.1215,1531.2106,1464.1301,1392.2127,1321.2517,1273.153,1240.4218,1205.6686,1173.0565,1140.0302,1111.0147,1096.201,1084.0924,1072.9863,1062.7252,1055.7047,1052.0649,1044.7894,1027.5058,1008.7686,990.03149,971.29435,953.11743,941.47643,931.03283,924.96161,922.81991,917.48684,907.98421,896.08174,881.42286,862.83447,847.08603,838.37102,832.29713,830.33623,831.98352,833.4518,831.14911,827.12962,823.71807,829.23913,844.79863,864.92748,882.85555,903.91744,925.82567,941.67827,951.48646,943.19933,931.46898,919.08773,906.53142,898.09642,891.47214,885.90455,881.57352,881.01022,883.01074,883.01049,883.52718,885.00532,891.19236,905.14419,917.83153,926.37173,931.62793,931.38656,929.05838,935.30893,947.59716,933.43879,917.96589,909.52265,893.50661,871.83301,845.67184,824.97858,809.55399,798.30797,783.28591,763.54221,743.85791,724.1595,689.84019,655.85412,675.3947,696.60378,717.8739,750.22385,806.67923,870.95094,919.3831,959.54562,997.74783,1027.6153,1034.6491,1042.7679,1051.3508,1041.3857,1001.0457,926.40117,876.81786,847.9662,831.82867,819.76392,808.65856,796.8022,786.81476,776.21528,766.03233,755.31792,756.23997,761.17099,755.04467,742.98258,733.79932,710.93345,682.16846,669.36362,662.04357,645.70535,626.09469,606.6739,584.74833,564.08554,540.98926,512.95889,501.40978,525.36506,543.06067,537.74064,532.79957,525.79952,484.0297,443.75243,404.00736,351.94345,316.95154,315.70939,339.2947,372.22566,417.50158,466.03013,501.44619,532.20267,549.98168,559.8156,564.36223,558.66961,553.12642,533.3805,510.81741,482.76118,453.24664,426.7756,397.89255,372.63652,348.3352,329.81789,313.17407,308.7131,307.42953,309.79112,339.01807,385.06397,435.65038,474.96029,516.99959,531.06801,524.81105,509.73513,530.54633,549.01298,571.88191,592.81964,581.34671,553.97015,556.34009,558.33111,560.93881,573.41949,585.47819,595.44462,599.71176,605.15973,586.73297,550.48837,509.21431,448.84868,434.71265,463.09254,534.82928,590.79549,611.71507,603.53548,569.57578,537.1548,542.07523,561.43705,579.944,595.66623,608.4128,611.73021,589.10041,527.07547,454.74758,409.61285,386.98214,368.65429,356.64808,353.97752,359.1905,372.51768,401.53875,416.32141,424.87106,426.35582,430.7762,422.73918,384.8009,349.43879,315.66854,283.93727,277.97455,279.31614,288.01745,299.03092,313.05643,328.06196,342.05361,351.91664,362.69006,369.94223,364.32764,358.96289,346.59013,333.25789,331.57447,335.0776,344.11724,364.03883,380.6533,390.61198,389.97767,404.75926,417.87956,424.24589,430.97769,443.05826,456.43345,461.79626,466.3517,470.17604,474.9315,468.58766,471.33724,482.97488,504.06492,504.82572,498.99064,493.25081,486.86004,481.40639,475.05897,464.84698,455.02826,447.38194,451.53292,468.52488,484.12395,499.35247,534.856,547.38886,557.24067,557.82576,557.75829,559.9116,555.93701,547.54716,555.76719,555.07244,547.80709,535.33402,520.82032,521.19148,518.80744,521.00117,527.93636,530.77869,525.44888,520.78893,514.87498,503.4374,504.99333,502.24584,505.91979,515.42685,521.57995,526.09603,517.34899,504.69685,504.88441,499.74667,496.0144,494.88416,498.37465,502.49521,509.22921,494.84791,478.27372,475.67885,484.03976,491.61453,496.81589,506.32174,524.52862,552.13286,580.14261,583.49953,591.05067,597.53027,603.11455,606.38649,616.58526,619.29734,621.36181,618.48706,620.30319,622.42659,628.66191,639.9007,628.34869,641.70678,623.16098,618.51773,610.62207,609.37067,612.61784,621.56112,639.7147,656.46737,675.4584,693.29592,717.39741,751.98846,774.09506,805.88073,817.72309,811.89818,810.95664,812.83206,819.59491,820.7366,816.47266,816.41702,822.51296,833.71998,845.99339,861.04938,872.16747,905.9796,934.48837,928.4118,929.09859,910.16712,891.60942,881.90719,879.02116,873.33431,858.86007,849.54005,840.11077,834.44009,833.10417

Time pixel : 41.5171,41.72121,42.12063,42.57099,43.05729,43.51124,43.82739,44.04688,44.24479,44.44271,44.64063,44.83854,45.03646,45.23438,45.43229,45.61942,45.76901,45.88724,46.03683,46.22396,46.42188,46.61979,46.81771,47.01563,47.21354,47.40067,47.55026,47.66849,47.81808,48.00521,48.21391,48.47094,48.79688,49.12281,49.37984,49.58854,49.78646,49.98438,50.18229,50.39099,50.63724,50.91484,51.16109,51.38058,51.62682,51.90443,52.16146,52.41849,52.70688,53.00146,53.28984,53.53609,53.74479,53.95349,54.19974,54.47734,54.73438,54.99141,55.26901,55.52604,55.78307,56.07146,56.36604,56.66521,56.97057,57.30729,57.63323,57.90104,58.15807,58.43568,58.69271,58.94974,59.21656,59.41448,59.55427,59.75219,60.01901,60.26526,60.46317,60.61276,60.73099,60.88058,61.06771,61.26563,61.47433,61.72057,62.00896,62.30354,62.59193,62.84896,63.11677,63.45349,63.82776,64.17526,64.48062,64.76901,65.01526,65.23474,65.48099,65.79095,66.20376,66.75896,67.30957,67.71619,67.98401,68.19271,68.39063,68.58854,68.79724,69.04349,69.33188,69.62646,69.93641,70.30089,70.77641,71.27869,71.68531,72.02302,72.41886,72.89438,73.38687,73.86239,74.24744,74.52604,74.80464,75.18969,75.66521,76.15771,76.65479,77.14729,77.62281,78.00786,78.28646,78.56506,78.96089,79.46317,79.92791,80.28719,80.73236,81.40479,82.10499,82.69974,83.31506,84.02604,84.74781,85.41146,86.06432,86.74854,87.41739,88.00494,88.47687,88.93641,89.41812,89.91521,90.40771,90.90479,91.40807,91.96428,92.60636,93.33891,94.13058,94.94901,95.72369,96.39354,97.05099,97.71984,98.34494,98.85901,99.34631,99.92927,100.6135,101.3522,102.0946,102.7099,103.2733,103.9889,104.8289,105.7763,106.8178,107.7812,108.5559,109.07,109.4185,109.7552,110.0919,110.4189,110.8363,111.4192,112.1518,112.9594,113.7449,114.5062,115.4475,116.5317,117.4837,118.3257,119.3575,120.5599,121.6991,122.7165,123.6891,124.5666,125.3315,126.0435,126.7976,127.616,128.4498,129.2477,130.0332,130.7827,131.5153,132.1995,132.821,133.4677,134.1581,134.8691,135.5157,136.1059,136.7839,137.5119,138.2552,138.9878,139.6782,140.3141,140.8765,141.4111,141.9082,142.3693,142.8386,143.2407,143.599,143.9357,144.2626,144.6584,145.1124,145.519,145.9051,146.3806,146.8721,147.2411,147.5691,148.1037,148.8353,149.5848,150.3281,151.0391,151.6436,152.1577,152.644,153.0882,153.4948,153.9014,154.3564,154.8802,155.4148,155.9397,156.555,157.3035,158.0674,158.7265,159.3141,159.7958,160.1756,160.5293,160.919,161.3318,161.8289,162.4118,163.0539,163.7597,164.5468,165.4011,166.199,166.9531,167.6533,168.188,168.5257,168.8043,169.141,169.526,169.9327,170.3768,170.8631,171.3664,171.901,172.4249,172.8691,173.2166,173.5059,173.8704,174.3665,174.8482,175.2764,175.7314,176.2768,176.9081,177.5599,178.1161,178.6204,179.2563,180.0156,180.8073,181.5774,182.2616,182.824,183.3103,183.7061,184.0439,184.4397,184.9152,185.4185,185.9531,186.477,186.9211,187.2686,187.5365,187.8151,188.2001,188.6648,189.0982,189.4565,189.7727,190.1094,190.4461,190.7515,191.0506,191.356,191.6927,192.0186,192.2757,192.4844,192.7039,193.02,193.4955,194.0677,194.6615,195.2444,195.7791,196.2232,196.5707,196.8385,197.1064,197.4323,197.769,198.0959,198.5026,199.0048,199.4911,199.9147,200.3419,200.7378,201.113,201.5294,201.9037,202.1715,202.3802,202.5889,202.8352,203.1128,203.3806,203.7075,204.1938,204.8251,205.5577,206.3278,207.0603,207.7024,208.2478,208.692,209.0503,209.3556,209.6386,209.8499,209.9597,209.9946,210

Position pixel : 39.6239,39.6409,39.7627,39.9077,40.0681,40.2444,40.394,40.5015,40.6027,40.7102,40.849,40.9878,41.0952,41.1857,41.234,41.2556,41.3039,41.3836,41.4319,41.4427,41.4427,41.4427,41.4427,41.4427,41.4427,41.4535,41.5018,41.5815,41.6298,41.6406,41.6406,41.6406,41.6406,41.6406,41.6406,41.6514,41.6997,41.7794,41.8278,41.8385,41.8385,41.8493,41.9084,42.0365,42.1753,42.2935,42.4431,42.6194,42.769,42.8872,43.026,43.1541,43.224,43.2939,43.4219,43.5607,43.6681,43.7694,43.866,43.9673,44.064,44.1652,44.2619,44.3739,44.5189,44.6998,44.8448,44.9461,45.0052,45.0751,45.2139,45.3903,45.5398,45.6473,45.7485,45.856,46.0056,46.1819,46.3315,46.4497,46.5885,46.7166,46.7865,46.8564,46.9952,47.1715,47.3211,47.4393,47.5781,47.7169,47.8244,47.9256,48.0223,48.1128,48.1719,48.231,48.3107,48.3698,48.4397,48.5785,48.7764,49.0119,49.2304,49.3486,49.4185,49.4982,49.5573,49.6164,49.6961,49.7444,49.7552,49.7552,49.7552,49.7552,49.7552,49.7552,49.766,49.8143,49.894,49.9423,49.9531,49.9639,50.0122,50.0919,50.151,50.2209,50.349,50.4878,50.606,50.7556,50.9319,51.0707,51.1406,51.1997,51.2902,51.3869,51.4773,51.5472,51.6655,51.8732,52.0495,52.1194,52.141,52.1893,52.269,52.3173,52.3281,52.3281,52.3281,52.3281,52.3281,52.3281,52.3281,52.3281,52.3281,52.3281,52.3281,52.3389,52.3872,52.4669,52.526,52.5959,52.724,52.8628,52.9702,53.0607,53.109,53.1198,53.1198,53.1306,53.1897,53.3177,53.4457,53.5156,53.5747,53.6544,53.7028,53.7243,53.7727,53.8523,53.9007,53.9115,53.9115,53.9115,53.9115,53.9115,53.9115,53.9115,53.9115,53.9115,53.9115,53.933,54.0297,54.1891,54.2857,54.3073,54.3181,54.3664,54.4461,54.4944,54.5052,54.5052,54.516,54.5751,54.7031,54.8311,54.901,54.9602,55.0398,55.0882,55.099,55.099,55.099,55.099,55.1097,55.1581,55.2485,55.356,55.5056,55.6927,55.8906,56.0778,56.2166,56.2865,56.3456,56.436,56.5327,56.6232,56.6715,56.6931,56.7414,56.8319,56.9285,57.019,57.0781,57.1372,57.2277,57.3244,57.4256,57.5331,57.6827,57.8698,58.0785,58.314,58.5432,58.7098,58.8702,59.0465,59.2069,59.3734,59.6027,59.8382,60.0577,60.3039,60.5923,60.9084,61.3258,61.8872,62.48,62.9134,63.1436,63.2727,63.4222,63.6094,63.8073,64.0052,64.2139,64.4709,64.8077,65.2143,65.7176,66.3534,67.0814,67.8345,68.455,68.8724,69.151,69.4189,69.7556,70.1406,70.5365,70.9323,71.3389,71.7831,72.2586,72.692,73.0395,73.2857,73.4677,73.6933,74.0506,74.4249,74.7518,75.0885,75.436,75.8005,76.2061,76.5536,76.8492,77.2281,77.6615,78.1164,78.5811,78.977,79.2823,79.5332,79.7373,79.9398,80.1547,80.4539,80.8173,81.1648,81.4702,81.7478,81.9457,82.0747,82.2351,82.4706,82.759,83.0535,83.3419,83.5882,83.7969,84.0056,84.2518,84.5294,84.7865,85.0435,85.3103,85.5082,85.6372,85.7976,86.0546,86.4505,86.9528,87.4283,87.8035,88.1403,88.4179,88.5952,88.7556,88.9535,89.189,89.4182,89.5956,89.8151,90.1302,90.4561,90.724,90.9702,91.2103,91.4252,91.6544,91.8416,91.9706,92.1202,92.3073,92.5052,92.6923,92.8527,93.0301,93.3184,93.6927,94.0885,94.4844,94.8694,95.2061,95.4632,95.6719,95.8698,96.0569,96.2065,96.314,96.4044,96.4528,96.4635

Pole type : Curve
Start frame : 1
End frame : 210
Start time (s) : 0.000
End time (s) : 1570.000
Time step (s) : 7.512

Feature Information :


Feature number : 1

Time (s) : 1186.2804,1187.4041,1189.0919,1190.8142,1192.0654,1193.2701,1194.6758,1196.2435,1198.0933,1200.1787,1202.0285,1203.5962,1205.083,1206.4887,1207.6124,1208.5005,1209.6242,1211.111,1212.9608,1215.0461,1216.8959,1218.4637,1219.9504,1221.4372,1222.8429,1223.9666,1224.8547,1225.9784,1227.3031,1228.4268,1229.3959,1230.8017,1232.4429,1233.6942,1234.8178,1235.8605,1236.6676,1237.4283,1238.2354,1239.3591,1240.6838,1241.8075,1242.6956,1243.8193,1245.144,1246.2677,1247.0748,1247.8355,1248.6426,1249.7663,1251.253,1253.1028,1255.1071,1256.5939,1257.563,1258.6057,1259.6484,1260.4555,1261.1351

Position (um) : 3.7896,3.7947,3.8044,3.8147,3.8243,3.8306,3.8381,3.8529,3.8729,3.8928,3.9088,3.9214,3.9362,3.951,3.9625,3.9733,3.9836,3.9944,4.0059,4.0219,4.0407,4.0555,4.0618,4.0629,4.0641,4.0692,4.0777,4.0829,4.0852,4.0904,4.1,4.1115,4.1263,4.1411,4.1537,4.1685,4.1833,4.1959,4.2131,4.2382,4.2678,4.2941,4.3163,4.3375,4.3586,4.3786,4.3945,4.406,4.4156,4.4208,4.4231,4.4282,4.4379,4.4482,4.4579,4.4642,4.4705,4.479,4.4841

Intensity : 690.3056,676.2099,654.1554,632.5295,614.6797,602.8226,590.329,578.7145,566.7008,556.4225,549.4293,542.3998,535.7883,531.1869,529.6307,528.225,526.5041,518.4861,510.1255,501.9944,496.3567,490.3829,484.3382,479.1547,474.3253,470.4318,468.3915,467.3351,466.1662,465.3195,464.8904,464.4628,464.3007,464.5462,465.0914,464.8319,463.8117,463.5805,463.9507,465.9326,468.4396,466.5853,465.2294,464.7005,464.9042,464.4322,461.0584,457.6201,454.725,453.1784,452.4882,450.9416,445.2547,435.3786,428.0938,421.4846,414.8918,408.7409,404.0067

Time pixel : 157.9189,158.0684,158.2931,158.5224,158.689,158.8493,159.0365,159.2452,159.4914,159.769,160.0153,160.224,160.4219,160.609,160.7586,160.8768,161.0264,161.2243,161.4706,161.7482,161.9944,162.2031,162.401,162.599,162.7861,162.9357,163.0539,163.2035,163.3798,163.5294,163.6584,163.8456,164.0641,164.2306,164.3802,164.519,164.6265,164.7277,164.8352,164.9847,165.1611,165.3107,165.4289,165.5785,165.7548,165.9044,166.0119,166.1131,166.2206,166.3702,166.5681,166.8143,167.0811,167.2791,167.4081,167.5469,167.6857,167.7931,167.8836

Position pixel : 35.516,35.5643,35.6548,35.7515,35.8419,35.901,35.9709,36.1097,36.2969,36.484,36.6336,36.7518,36.8906,37.0294,37.1369,37.2381,37.3348,37.436,37.5435,37.6931,37.8694,38.0082,38.0673,38.0781,38.0889,38.1372,38.2169,38.2653,38.2868,38.3352,38.4256,38.5331,38.6719,38.8107,38.9289,39.0677,39.2065,39.3247,39.4851,39.7206,39.9982,40.2444,40.4531,40.651,40.849,41.0361,41.1857,41.2931,41.3836,41.4319,41.4535,41.5018,41.5923,41.689,41.7794,41.8385,41.8977,41.9773,42.0257

Brightness max : 691.29
Brightness min : 231.00
Feature direction : Antipoleward
Feature speed : Slow
Feature type : Curve
Start frame : 1
End frame : 210
Start time (s) : 0.000
End time (s) : 1570.000
Time step (s) : 7.512

Feature number : 2

Time (s) : 1269.619,1271.1057,1273.5541,1276.4466,1279.2581,1281.4244,1282.6756,1283.4363,1283.8803,1284.3244,1284.923,1285.3671,1285.8112,1286.4908,1287.2169,1287.9775,1288.7846,1289.8273,1290.87,1291.7581,1292.8818,1294.2875,1295.6933,1296.8169,1297.6241,1298.3847,1299.1918,1300.2345,1301.2772,1302.1653,1303.289,1304.6947,1306.1815,1307.6682,1309.317,1311.6109,1314.6578,1317.4693,1319.4811,1321.0489,1322.5356,1324.0224,1325.4281,1326.7138,1328.2471,1330.2859,1332.1822,1334.0665,1335.8353,1337.4031,1338.8898,1340.3765,1341.8633,1343.35,1344.8368,1346.2425,1347.3662,1348.2543,1349.297,1350.3397,1351.1468,1351.8264,1352.3515,1353.1586,1354.3558,1355.163,1355.7691,1356.8117,1358.2175,1359.6232,1360.6659,1361.1909,1361.716,1362.6777,1363.7203,1364.5275,1365.2881,1366.0142,1366.7748,1367.501,1368.2616,1369.0687,1370.1114,1371.1541,1371.9612,1372.7218,1373.529,1374.6526,1376.0584,1377.5451,1379.0318,1380.5186,1381.9243,1382.967

Position (um) : 3.5236,3.5522,3.6081,3.6817,3.7512,3.7998,3.8295,3.8518,3.8717,3.8877,3.9003,3.9151,3.9299,3.9425,3.9585,3.9785,4.0007,4.027,4.0578,4.0904,4.1274,4.1674,4.2033,4.2296,4.2467,4.2593,4.2753,4.2952,4.3163,4.3375,4.3574,4.3734,4.3849,4.3945,4.4008,4.4071,4.4156,4.4208,4.4219,4.4231,4.4282,4.4367,4.4431,4.4494,4.459,4.4693,4.479,4.4841,4.4853,4.4853,4.4853,4.4853,4.4864,4.4916,4.5001,4.5064,4.5127,4.5201,4.5189,4.5053,4.4853,4.4642,4.4431,4.4219,4.4008,4.3786,4.3511,4.3163,4.2827,4.2605,4.2467,4.2319,4.2171,4.2045,4.1896,4.1748,4.1634,4.1526,4.1411,4.1251,4.1052,4.0852,4.0692,4.0578,4.047,4.0367,4.0259,4.0144,3.9984,3.9785,3.9573,3.9362,3.9163,3.9015

Intensity : 620.7873,595.6603,550.631,504.3289,467.9128,450.5968,441.4602,436.9627,434.8053,433.4524,431.9198,429.8822,428.1565,426.9743,426.7025,427.2076,428.2217,430.1749,432.8368,433.4232,434.3681,433.8318,427.1146,421.9904,418.5731,416.1269,412.0001,407.7087,404.7026,401.6397,400.6609,402.9865,406.9731,408.5538,406.7904,405.4095,403.9657,400.1511,398.0738,396.4234,393.3169,387.8922,383.3221,379.261,374.4263,369.9572,368.2094,366.683,365.7926,365.7097,367.894,370.0783,372.0645,373.3726,373.6233,370.926,368.4957,366.1061,365.059,366.3978,369.3207,371.3696,373.5365,375.7707,378.2435,381.4151,384.0454,388.0496,393.6328,398.2756,399.6911,401.0585,402.6394,404.8083,407.6523,410.5249,413.2232,415.292,417.4845,418.9002,419.3446,420.083,420.6037,421.0024,420.8096,420.5336,420.5366,420.8828,417.8424,415.2329,413.3197,409.8816,405.7269,399.5557

Time pixel : 169.013,169.2109,169.5368,169.9219,170.2961,170.5845,170.7511,170.8523,170.9115,170.9706,171.0503,171.1094,171.1685,171.259,171.3556,171.4569,171.5643,171.7031,171.8419,171.9602,172.1097,172.2969,172.484,172.6336,172.741,172.8423,172.9497,173.0885,173.2273,173.3456,173.4952,173.6823,173.8802,174.0781,174.2976,174.603,175.0086,175.3829,175.6507,175.8594,176.0573,176.2552,176.4423,176.6135,176.8176,177.089,177.3415,177.5923,177.8278,178.0365,178.2344,178.4323,178.6302,178.8281,179.026,179.2132,179.3628,179.481,179.6198,179.7586,179.866,179.9565,180.0264,180.1339,180.2932,180.4007,180.4814,180.6202,180.8073,180.9944,181.1332,181.2031,181.273,181.401,181.5398,181.6473,181.7485,181.8452,181.9465,182.0431,182.1444,182.2518,182.3906,182.5294,182.6369,182.7381,182.8456,182.9952,183.1823,183.3802,183.5781,183.776,183.9632,184.102

Position pixel : 33.0238,33.2916,33.8154,34.5048,35.1567,35.6117,35.8903,36.099,36.2861,36.4357,36.5539,36.6927,36.8315,36.9497,37.0993,37.2865,37.4952,37.7414,38.0298,38.3352,38.6827,39.0569,39.3936,39.6399,39.8003,39.9185,40.0681,40.2552,40.4531,40.651,40.8382,40.9878,41.0952,41.1857,41.2448,41.3039,41.3836,41.4319,41.4427,41.4535,41.5018,41.5815,41.6406,41.6997,41.7902,41.8869,41.9773,42.0257,42.0365,42.0365,42.0365,42.0365,42.0472,42.0956,42.1753,42.2344,42.2935,42.3624,42.3516,42.2236,42.0365,41.8385,41.6406,41.4427,41.2448,41.0361,40.7791,40.4531,40.138,39.9293,39.8003,39.6615,39.5227,39.4044,39.2656,39.1268,39.0194,38.9181,38.8107,38.6611,38.474,38.2868,38.1372,38.0298,37.9285,37.8319,37.7306,37.6232,37.4736,37.2865,37.0885,36.8906,36.7035,36.5647

Brightness max : 691.29
Brightness min : 231.00
Feature direction : Ambiguous
Feature speed : Slow
Feature type : Curve
Start frame : 1
End frame : 210
Start time (s) : 0.000
End time (s) : 1570.000
Time step (s) : 7.512

Feature number : 3

Time (s) : 1349.8221,1350.8648,1352.5945,1355.5335,1359.4146,1362.4346,1364.6085,1366.6938,1368.5436,1370.1114,1371.5981,1373.0849,1374.6526,1376.5024,1378.5878,1380.4376,1382.0863,1383.9362,1385.9405,1387.4272,1388.3964,1389.439,1390.4817,1391.2889,1392.0495,1392.7756,1393.5362,1394.2623,1395.023,1395.8301,1396.9538,1398.3595,1399.8462,1401.333,1402.8197,1404.3065,1405.7122,1406.8359,1407.724,1408.7667,1409.8094,1410.6975,1411.8212,1413.2269,1414.7137,1416.2004,1417.6872,1419.2549,1421.1857,1423.6341,1426.0825,1428.0943,1430.0252,1432.1105,1433.9603,1435.447,1436.5707,1437.4589,1438.5826,1439.9883,1441.475,1442.9618,1444.4485,1445.9353,1447.503,1449.2718,1451.0751,1452.6084,1453.9676,1454.6937

Position (um) : 6.9201,6.9286,6.9361,6.9487,6.972,6.9971,7.0194,7.0394,7.0553,7.0668,7.0765,7.0828,7.0902,7.1039,7.1175,7.125,7.1325,7.1461,7.1609,7.1724,7.1832,7.1947,7.2095,7.2243,7.2357,7.2466,7.2569,7.2677,7.278,7.2888,7.2991,7.3099,7.3202,7.331,7.3413,7.351,7.3573,7.3636,7.3721,7.3784,7.3847,7.3932,7.3995,7.407,7.4207,7.4343,7.4418,7.4492,7.4629,7.4777,7.4892,7.5,7.5103,7.5199,7.5251,7.5274,7.5325,7.5411,7.5474,7.5537,7.5645,7.5811,7.6056,7.6295,7.6489,7.6719,7.7048,7.7351,7.7574,7.7722

Intensity : 393.214,397.6508,403.2502,404.4267,406.0876,411.0676,414.9739,418.9891,419.7508,420.8461,422.7618,425.4022,428.723,431.1268,434.589,437.8245,441.2132,446.0741,447.784,448.4361,448.459,448.563,444.5628,440.2974,436.8051,433.6872,430.4244,425.2531,420.3987,415.5646,410.5225,405.6129,401.2519,397.2563,393.8246,390.9492,389.6423,388.7282,387.0674,386.0342,385.1652,384.0538,383.567,385.4515,387.6875,389.9235,393.0312,396.3655,401.6855,408.5811,415.5786,418.0883,416.7893,416.2118,416.7478,416.5278,414.793,412.8672,411.3297,409.8639,408.1833,403.5015,392.9794,383.6574,376.1757,368.6472,357.1575,346.374,338.5271,333.9114

Time pixel : 179.6897,179.8285,180.0588,180.45,180.9667,181.3687,181.6581,181.9357,182.1819,182.3906,182.5885,182.7865,182.9952,183.2414,183.519,183.7653,183.9847,184.231,184.4978,184.6957,184.8247,184.9635,185.1023,185.2098,185.311,185.4077,185.509,185.6056,185.7069,185.8143,185.9639,186.151,186.349,186.5469,186.7448,186.9427,187.1298,187.2794,187.3977,187.5365,187.6753,187.7935,187.9431,188.1302,188.3281,188.526,188.724,188.9327,189.1897,189.5156,189.8416,190.1094,190.3664,190.644,190.8903,191.0882,191.2378,191.356,191.5056,191.6927,191.8906,192.0885,192.2865,192.4844,192.6931,192.9285,193.1686,193.3727,193.5536,193.6503

Position pixel : 64.856,64.9357,65.0056,65.1238,65.3423,65.5778,65.7865,65.9736,66.1232,66.2306,66.3211,66.3802,66.4501,66.5781,66.7061,66.776,66.8459,66.974,67.1128,67.2202,67.3215,67.4289,67.5677,67.7065,67.814,67.9152,68.0119,68.1131,68.2098,68.311,68.4077,68.509,68.6056,68.7069,68.8035,68.894,68.9531,69.0122,69.0919,69.151,69.2102,69.2898,69.349,69.4189,69.5469,69.6749,69.7448,69.8147,69.9427,70.0815,70.189,70.2902,70.3869,70.4773,70.5257,70.5472,70.5956,70.6753,70.7344,70.7935,70.8947,71.0505,71.2798,71.5045,71.6864,71.9013,72.2103,72.4941,72.7028,72.8416

Brightness max : 691.29
Brightness min : 231.00
Feature direction : Ambiguous
Feature speed : Slow
Feature type : Curve
Start frame : 1
End frame : 210
Start time (s) : 0.000
End time (s) : 1570.000
Time step (s) : 7.512

Feature number : 4

Time (s) : 1422.6725,1423.8772,1426.009,1428.6119,1430.4617,1431.4309,1432.1915,1432.9176,1433.6783,1434.4854,1435.5281,1436.4897,1437.0148,1437.4589,1438.1385,1438.8646,1439.6252,1440.3514,1441.112,1441.8381,1442.5987,1443.4058,1444.5295,1445.9353,1447.422,1448.8277,1450.0324,1451.2836,1452.9249,1454.3306,1455.2188,1455.8984

Position (um) : 6.6393,6.6393,6.6393,6.6381,6.6318,6.617,6.5982,6.5823,6.5696,6.5548,6.54,6.5274,6.5126,6.4978,6.4852,6.4692,6.4504,6.4344,6.423,6.4122,6.4007,6.3859,6.3711,6.3585,6.3436,6.3288,6.3174,6.3077,6.3014,6.2951,6.2866,6.2814

Intensity : 378.4691,374.7973,368.2996,360.9659,356.4693,355.0387,354.839,354.9345,355.048,355.701,356.393,356.9058,358.151,358.3568,357.8695,357.3953,356.938,356.4639,355.8687,355.2979,354.1627,350.7716,347.1266,343.6349,340.3961,337.8636,336.1148,334.3513,332.2622,330.5713,329.0781,328.0616

Time pixel : 189.3876,189.548,189.8318,190.1783,190.4245,190.5535,190.6548,190.7515,190.8527,190.9602,191.099,191.227,191.2969,191.356,191.4465,191.5431,191.6444,191.741,191.8423,191.939,192.0402,192.1477,192.2972,192.4844,192.6823,192.8694,193.0298,193.1964,193.4148,193.602,193.7202,193.8107

Position pixel : 62.224,62.224,62.224,62.2132,62.1541,62.0153,61.8389,61.6893,61.5711,61.4323,61.2935,61.1753,61.0365,60.8977,60.7794,60.6298,60.4535,60.3039,60.1965,60.0952,59.9878,59.849,59.7102,59.5919,59.4531,59.3143,59.2069,59.1164,59.0573,58.9982,58.9185,58.8702

Brightness max : 691.29
Brightness min : 231.00
Feature direction : Antipoleward
Feature speed : Slow
Feature type : Curve
Start frame : 1
End frame : 210
Start time (s) : 0.000
End time (s) : 1570.000
Time step (s) : 7.512

Feature number : 5

Time (s) : 1229.3959,1230.4386,1231.8443,1233.3311,1234.8178,1236.2236,1237.3472,1238.1544,1238.915,1239.6411,1240.3207,1240.7648,1241.2089,1241.8075,1242.2515,1242.6956,1243.3752,1244.1014,1244.781,1245.144,1245.306,1245.6691,1246.3487,1247.0748,1247.7544,1248.1175,1248.1985,1248.1985

Position (um) : 5.3202,5.2905,5.2341,5.1703,5.1205,5.0795,5.0515,5.0269,4.9984,4.9721,4.9499,4.9299,4.914,4.9013,4.8854,4.8654,4.8454,4.8295,4.8169,4.8009,4.7798,4.7524,4.7187,4.6891,4.6702,4.6531,4.6343,4.6195

Intensity : 389.4718,396.7933,408.8594,409.0909,405.8176,399.1897,394.0358,390.0453,385.5665,381.5005,378.8018,376.8362,375.2652,374.1596,373.5371,372.9108,372.0429,371.1724,370.3902,369.9947,371.0097,372.1652,373.3324,375.105,378.165,381.5361,385.8355,389.3236

Time pixel : 163.6584,163.7972,163.9844,164.1823,164.3802,164.5673,164.7169,164.8244,164.9256,165.0223,165.1128,165.1719,165.231,165.3107,165.3698,165.4289,165.5194,165.616,165.7065,165.7548,165.7764,165.8247,165.9152,166.0119,166.1023,166.1507,166.1615,166.1615

Position pixel : 49.8617,49.5831,49.054,48.4567,47.9893,47.6059,47.3427,47.1124,46.8456,46.5993,46.3906,46.2035,46.0539,45.9357,45.7861,45.599,45.4118,45.2622,45.144,44.9944,44.7965,44.5395,44.2243,43.9467,43.7694,43.609,43.4327,43.2939

Brightness max : 691.29
Brightness min : 231.00
Feature direction : Poleward
Feature speed : Slow
Feature type : Curve
Start frame : 1
End frame : 210
Start time (s) : 0.000
End time (s) : 1570.000
Time step (s) : 7.512

