KYMOANALYSIS DATA

General Information :

Tiff path : E:\Google Drive\microtubule dynamics and cut7\20-15 screens and tests\wild type\18-11-09 (cut7-3GFP and sid4-mCh)\
Spindle type : Bipolar
Start frame : 1
End frame : 244
Start time (s) : 0.000
End time (s) : 1710.980
Time step (s) : 7.041
Num poles : 2
Num tracks : 10
Num tracks poleward : 2
Num tracks antipoleward : 2
Num tracks ambiguous : 6
Comments : {

}
Poles Information :


Pole number : 1

Time (s) : 15.080985,17.273467,21.473684,26.633626,30.922128,33.598562,35.395379,37.015625,38.635871,40.344402,42.360315,44.632905,46.825387,49.413536,52.734136,55.798058,57.990541,59.699072,61.319318,63.027849,65.043762,67.492922,70.300167,73.40167,76.208915,78.658075,80.673988,82.382519,84.002765,85.623011,87.331543,89.43574,92.192281,95.256203,98.012744,100.11694,101.82547,103.44572,105.06597,106.7745,108.70212,110.57905,111.94262,113.25548,114.78744,116.40769,118.02794,119.64818,121.35671,123.37263,125.7335,128.14508,130.68252,133.48977,136.59127,139.39852,141.93596,144.43583,147.28065,150.60943,154.64125,159.18643,163.30654,167.20756,171.49606,175.78456,179.59729,183.32174,187.30286,191.2464,194.92014,198.21133,201.48941,204.86889,208.85001,213.05023,216.77467,220.19173,223.82789,227.80901,231.84084,235.82196,239.45812,242.78689,246.11567,249.66354,253.16071,256.05624,258.59369,261.00527,263.45443,265.86601,268.22688,270.33108,272.52356,275.2801,278.43231,281.6728,285.00158,288.63774,292.53058,296.07845,298.92327,301.11576,303.21996,305.49254,307.50846,309.1287,310.35328,311.32119,312.54577,314.07773,315.69797,317.31822,318.93847,320.55871,322.26724,324.28316,326.64403,329.14389,331.98872,335.05264,337.89747,340.39733,342.75821,344.95069,347.62712,351.43168,355.72018,359.92857,364.39364,369.07781,373.54289,377.75128,382.03978,385.93262,389.093,392.3335,395.74238,398.7262,401.83588,405.95599,411.38078,417.20125,422.63422,427.97891,433.40371,438.08788,441.59323,444.57704,447.67855,450.66236,454.16771,459.02845,465.33286,472.3779,479.07799,484.59107,488.4038,491.08023,493.44111,495.45702,497.16555,498.96237,501.55051,505.35507,509.64357,513.76368,517.65651,520.80872,523.0012,524.79802,526.81393,529.17481,531.58639,534.21212,537.5916,542.22506,547.12833,551.28602,554.93035,559.30714,564.1597,568.3681,572.18083,576.07366,579.70982,582.95031,585.88342,588.86724,592.45269,596.48452,600.94959,605.89862,611.55069,617.89268,624.33609,630.76637,636.90239,642.81114,647.92855,651.79199,655.15835,658.44954,662.12328,666.06682,670.04794,673.77239,677.49683,681.38967,685.02582,688.26632,691.19943,694.27153,698.34093,703.50905,709.4178,715.41484,721.33176,727.63618,733.97817,739.85752,745.80385,751.45592,756.80061,762.0946,767.48999,773.34803,778.91182,783.86084,788.14935,791.47812,794.15456,796.99938,800.15159,803.3038,806.23691,809.30901,813.37842,818.28168,823.00343,826.86686,830.5406,834.00019,836.9333,839.43317,841.88233,844.38219,847.22702,850.55579,854.58762,859.1328,863.25291,867.15392,871.35414,875.33526,878.89131,882.78415,886.67698,890.23304,894.30244,898.98661,903.84735,908.79637,914.14106,920.1381,926.61908,933.49573,940.45249,946.36124,950.65792,954.07498,957.31547,960.55597,963.79646,966.94867,969.88178,972.86559,976.45105,980.39459,984.28742,987.52791,990.20435,993.04918,996.37795,1000.4098,1005.1315,1010.043,1015.4252,1021.473,1028.0341,1034.0311,1039.4723,1045.9532,1053.6506,1061.142,1067.484,1071.9998,1075.0212,1077.1254,1078.8339,1080.4542,1082.0744,1083.783,1085.8872,1088.5554,1091.2237,1093.5044,1096.0926,1099.5898,1103.445,1107.0305,1109.926,1112.64,1115.8429,1119.5085,1122.2274,1123.6286

Position (um) : 4.0886,4.0826,4.0714,4.0594,4.0481,4.0408,4.0335,4.0236,4.0176,4.0163,4.0163,4.0163,4.0163,4.0163,4.0163,4.0163,4.0163,4.0163,4.0163,4.0163,4.0163,4.0163,4.0163,4.0163,4.0163,4.0163,4.0163,4.0163,4.0163,4.0163,4.0163,4.0163,4.0163,4.0149,4.0089,3.999,3.9917,3.9844,3.9745,3.9685,3.9658,3.9598,3.9499,3.9439,3.9426,3.9426,3.9413,3.9353,3.9254,3.9194,3.918,3.9167,3.9107,3.8995,3.8875,3.8763,3.8703,3.8676,3.8616,3.8504,3.8384,3.8272,3.8212,3.8198,3.8185,3.8125,3.8013,3.7893,3.7767,3.7647,3.7535,3.7462,3.7388,3.729,3.7216,3.7129,3.6971,3.6798,3.6665,3.654,3.6406,3.6221,3.6002,3.583,3.5743,3.567,3.5571,3.5511,3.5497,3.5484,3.5424,3.5325,3.5265,3.5252,3.5252,3.5252,3.5252,3.5252,3.5239,3.5179,3.508,3.502,3.5006,3.4993,3.4933,3.4834,3.4774,3.4747,3.4688,3.4589,3.4529,3.4502,3.4442,3.4343,3.4283,3.427,3.427,3.427,3.427,3.427,3.427,3.427,3.427,3.427,3.427,3.4256,3.4183,3.4024,3.3852,3.3719,3.3607,3.3547,3.352,3.346,3.3348,3.3228,3.3102,3.2982,3.287,3.281,3.2797,3.2783,3.2723,3.2624,3.2564,3.2538,3.2478,3.2379,3.2306,3.2232,3.212,3.2,3.1874,3.1741,3.1569,3.1397,3.125,3.1078,3.0919,3.0846,3.0832,3.0832,3.0832,3.0819,3.0746,3.0587,3.0428,3.0355,3.0341,3.0341,3.0341,3.0341,3.0341,3.0328,3.0255,3.0082,2.985,2.9605,2.9373,2.9187,2.904,2.8855,2.8636,2.845,2.8317,2.8191,2.8072,2.7946,2.7826,2.7714,2.764,2.7554,2.7382,2.7149,2.6904,2.6658,2.6413,2.6167,2.5922,2.5676,2.5444,2.5258,2.5112,2.494,2.4754,2.4561,2.4336,2.4143,2.3944,2.3712,2.3466,2.3234,2.3035,2.2815,2.2471,2.2067,2.1688,2.1303,2.0878,2.0408,1.9982,1.9598,1.9232,1.8875,1.8556,1.8237,1.7893,1.7587,1.7328,1.7096,1.691,1.6777,1.6665,1.6592,1.6505,1.6346,1.6187,1.6114,1.6074,1.5954,1.5756,1.5623,1.5536,1.5437,1.5377,1.5364,1.5351,1.5291,1.5192,1.5118,1.5045,1.4933,1.4813,1.4701,1.4627,1.4554,1.4442,1.4322,1.4196,1.4063,1.3877,1.3645,1.34,1.3141,1.2835,1.2491,1.2185,1.1926,1.1694,1.1509,1.1375,1.125,1.113,1.1018,1.0944,1.0871,1.0772,1.0699,1.0625,1.0513,1.0393,1.0281,1.0221,1.0194,1.0134,1.0036,0.99756,0.99488,0.98755,0.97167,0.95579,0.94711,0.93844,0.92122,0.89801,0.87479,0.85624,0.84291,0.83168,0.82569,0.82435,0.82435,0.82435,0.82435,0.82301,0.81701,0.80713,0.80113,0.7998,0.7998,0.7998,0.7998,0.7998,0.80113,0.80713,0.81701,0.82301,0.82435

Intensity : 1167.7488,1169.0256,1173.8217,1174.9312,1180.4701,1185.3927,1193.7172,1202.5653,1203.6104,1194.8267,1181.2002,1163.06,1145.5592,1124.7471,1094.2107,1066.0348,1054.7131,1048.0894,1041.808,1035.1844,1031.6229,1028.351,1024.6008,1001.9194,980.76982,960.99028,943.58366,928.83117,914.84098,900.55484,885.35496,866.63504,844.54269,831.63948,830.95045,833.56287,830.62475,827.83641,829.46391,821.01791,802.67605,790.75117,791.56907,786.72077,777.60471,766.19055,756.52054,753.04963,768.39492,779.9552,785.9111,787.30572,792.07125,804.49645,828.88205,852.37437,868.14407,880.10436,898.81794,921.02449,942.34831,909.58591,872.79571,826.89485,793.77044,778.98329,786.43321,798.37257,804.05006,802.04889,776.52655,751.31062,732.56827,719.84756,721.31597,724.17229,740.08767,761.36718,777.55249,784.40535,786.97921,794.85885,803.15369,795.89477,778.03756,748.05763,720.79957,724.73462,726.29317,729.64491,746.92795,771.00382,793.94683,816.79874,838.35772,858.26285,855.8012,853.22683,848.58174,853.45568,858.97133,858.48545,859.70504,861.55616,876.11209,904.29941,922.94967,932.66912,947.84285,970.79816,982.48753,984.22301,994.62505,1016.4956,1030.1945,1031.3407,1028.7139,1020.8034,988.3407,953.96684,920.45494,894.55115,870.49969,838.38278,807.73564,782.09992,798.94633,835.59657,865.07848,878.47822,871.4251,836.07285,788.12019,747.38748,740.62619,770.80069,807.32358,848.12149,890.12229,918.09287,935.32876,946.58207,977.03512,1017.2548,1033.1059,1025.2489,1011.7587,1015.033,1027.2191,1049.8333,1103.5733,1159.4873,1168.1553,1168.4443,1150.9837,1055.2258,1017.8203,1017.3066,1037.467,1043.5624,1040.1037,1024.6537,1011.5594,999.40159,983.5902,965.3007,928.91558,871.91707,855.91337,843.93007,832.6452,823.11288,812.41823,805.88137,810.64422,825.64285,828.7299,806.89361,798.07252,789.74209,775.44231,762.18317,745.45039,747.56123,761.80209,792.36036,826.3865,861.55267,885.46593,898.16055,897.33563,868.05359,847.49052,837.64369,830.42187,865.05098,874.60071,858.11156,795.8534,713.64323,663.03525,658.32765,656.1135,673.65732,688.24157,700.93152,704.9128,704.61868,705.23824,710.5202,720.1655,728.98176,737.55126,744.80132,748.91992,737.2853,724.32022,740.25671,779.79978,837.14061,874.58163,889.52973,874.31163,803.70868,759.48053,742.79522,731.15182,724.56023,751.07208,775.54586,774.09415,767.88223,760.98182,754.5965,743.58239,729.8448,727.53226,736.32166,765.41006,790.43545,784.76504,772.09389,761.66192,759.05579,760.07772,763.75442,767.37693,768.15566,761.64051,755.38722,747.30585,736.47855,727.25218,725.07404,741.87063,755.67333,762.27997,771.71858,783.93224,798.67757,818.44185,798.69569,788.20677,789.54911,801.82548,803.2699,815.37813,850.16035,880.53014,889.35072,902.20883,898.06557,897.31171,912.99034,936.80571,938.00763,932.61855,933.81766,937.16968,927.659,910.22908,897.55306,889.26289,881.13955,854.00137,827.71925,807.19473,783.5397,763.27288,752.44528,742.44802,767.2117,834.56327,934.05577,1023.2824,1052.0014,1061.8596,1048.5308,1031.8507,1021.7325,1011.4772,1002.5472,993.61724,984.20068,962.24392,926.59907,888.06621,868.01974,850.94459,820.38096,767.29775,718.04468,678.38685,641.18624,585.65676,522.36862,491.93205,475.59332

Time pixel : 2.14186,2.453245,3.049776,3.782611,4.39168,4.771798,5.026989,5.257102,5.487216,5.729868,6.016176,6.338938,6.650323,7.017902,7.489506,7.924656,8.236041,8.478693,8.708807,8.951459,9.237767,9.585606,9.984302,10.42479,10.82349,11.17132,11.45763,11.70028,11.9304,12.16051,12.40316,12.70201,13.0935,13.52865,13.92015,14.219,14.46165,14.69176,14.92187,15.16453,15.4383,15.70486,15.89852,16.08498,16.30256,16.53267,16.76278,16.9929,17.23555,17.52186,17.85716,18.19966,18.56004,18.95873,19.39922,19.79792,20.15829,20.51333,20.91737,21.39013,21.96275,22.60827,23.19343,23.74746,24.35653,24.9656,25.5071,26.03606,26.60148,27.16155,27.68331,28.15074,28.61631,29.09627,29.66169,30.25822,30.78718,31.27248,31.7889,32.35432,32.92693,33.49235,34.00877,34.48153,34.9543,35.45818,35.95486,36.3661,36.72648,37.06898,37.41682,37.75932,38.09462,38.39347,38.70485,39.09635,39.54403,40.00426,40.47703,40.99345,41.54632,42.05021,42.45424,42.76562,43.06447,43.38723,43.67354,43.90365,44.07757,44.21504,44.38896,44.60653,44.83665,45.06676,45.29687,45.52699,45.76964,46.05595,46.39125,46.74629,47.15032,47.58547,47.98951,48.34455,48.67985,48.99123,49.37135,49.91169,50.52076,51.11845,51.7526,52.41786,53.05201,53.6497,54.25877,54.81164,55.26049,55.72072,56.20486,56.62864,57.07029,57.65544,58.42589,59.25254,60.02415,60.78322,61.55367,62.21894,62.71678,63.14055,63.58104,64.00481,64.50266,65.193,66.08837,67.08894,68.04051,68.8235,69.365,69.74511,70.08042,70.36672,70.60937,70.86457,71.23214,71.77248,72.38155,72.96671,73.51958,73.96727,74.27865,74.53385,74.82015,75.15545,75.49796,75.87087,76.35084,77.0089,77.70528,78.29577,78.81336,79.43496,80.12414,80.72184,81.26333,81.81621,82.33263,82.79286,83.20943,83.6332,84.14242,84.71504,85.34919,86.05207,86.85479,87.75551,88.67063,89.58388,90.45534,91.29453,92.02132,92.57002,93.04812,93.51555,94.03731,94.59739,95.1628,95.69176,96.22072,96.7736,97.29002,97.75025,98.16682,98.60313,99.18108,99.91508,100.7543,101.606,102.4463,103.3417,104.2424,105.0774,105.9219,106.7247,107.4838,108.2356,109.0019,109.8339,110.6241,111.327,111.936,112.4088,112.7889,113.1929,113.6406,114.0883,114.5049,114.9412,115.5191,116.2155,116.8861,117.4348,117.9566,118.4479,118.8645,119.2195,119.5674,119.9224,120.3265,120.7992,121.3718,122.0174,122.6025,123.1566,123.7531,124.3185,124.8235,125.3764,125.9293,126.4343,127.0123,127.6776,128.3679,129.0708,129.8299,130.6816,131.602,132.5787,133.5667,134.4059,135.0161,135.5014,135.9616,136.4219,136.8821,137.3298,137.7464,138.1701,138.6794,139.2394,139.7923,140.2525,140.6327,141.0367,141.5095,142.0821,142.7527,143.4502,144.2146,145.0735,146.0054,146.8571,147.6299,148.5503,149.6435,150.7075,151.6082,152.2496,152.6787,152.9775,153.2202,153.4503,153.6804,153.923,154.2219,154.6009,154.9798,155.3037,155.6713,156.168,156.7155,157.2248,157.636,158.0214,158.4763,158.9969,159.3831,159.5821

Position pixel : 38.3184,38.2622,38.157,38.0447,37.9395,37.8707,37.802,37.7094,37.6532,37.6406,37.6406,37.6406,37.6406,37.6406,37.6406,37.6406,37.6406,37.6406,37.6406,37.6406,37.6406,37.6406,37.6406,37.6406,37.6406,37.6406,37.6406,37.6406,37.6406,37.6406,37.6406,37.6406,37.6406,37.6281,37.5719,37.4792,37.4105,37.3418,37.2491,37.1929,37.1679,37.1117,37.019,36.9628,36.9503,36.9503,36.9377,36.8816,36.7889,36.7327,36.7202,36.7076,36.6514,36.5463,36.4339,36.3287,36.2725,36.2474,36.1912,36.086,35.9736,35.8684,35.8123,35.7997,35.7872,35.731,35.6258,35.5134,35.3957,35.2833,35.1781,35.1094,35.0406,34.948,34.8793,34.798,34.6491,34.4878,34.3628,34.2451,34.1202,33.9463,33.7412,33.5799,33.4986,33.4298,33.3372,33.281,33.2685,33.2559,33.1997,33.1071,33.0509,33.0384,33.0384,33.0384,33.0384,33.0384,33.0258,32.9696,32.877,32.8208,32.8082,32.7957,32.7395,32.6469,32.5907,32.5656,32.5094,32.4167,32.3605,32.3355,32.2793,32.1866,32.1304,32.1179,32.1179,32.1179,32.1179,32.1179,32.1179,32.1179,32.1179,32.1179,32.1179,32.1054,32.0366,31.8878,31.7264,31.6015,31.4963,31.4401,31.415,31.3588,31.2536,31.1412,31.0235,30.9111,30.8059,30.7498,30.7372,30.7247,30.6685,30.5758,30.5196,30.4946,30.4384,30.3457,30.277,30.2083,30.1031,29.9907,29.873,29.748,29.5866,29.4253,29.2878,29.1264,28.9776,28.9088,28.8963,28.8963,28.8963,28.8838,28.815,28.6662,28.5174,28.4486,28.4361,28.4361,28.4361,28.4361,28.4361,28.4235,28.3548,28.1934,27.9759,27.7457,27.5282,27.3542,27.2168,27.0429,26.8378,26.6639,26.539,26.4213,26.3089,26.1911,26.0787,25.9736,25.9048,25.8236,25.6622,25.4446,25.2145,24.9844,24.7543,24.5241,24.294,24.0639,23.8463,23.6724,23.535,23.3736,23.1997,23.0185,22.8082,22.627,22.4406,22.223,21.9929,21.7753,21.5889,21.3827,21.0599,20.6809,20.3259,19.9655,19.5668,19.1263,18.7277,18.3673,18.0248,17.6895,17.3906,17.0918,16.769,16.4827,16.2401,16.0225,15.8486,15.7236,15.6184,15.5497,15.4684,15.3196,15.1708,15.102,15.0644,14.952,14.7667,14.6418,14.5605,14.4679,14.4117,14.3991,14.3866,14.3304,14.2378,14.169,14.1003,13.9951,13.8827,13.7775,13.7088,13.6401,13.5349,13.4225,13.3048,13.1798,13.0059,12.7884,12.5582,12.3156,12.0293,11.7065,11.4202,11.1776,10.96,10.7861,10.6611,10.5434,10.431,10.3258,10.2571,10.1884,10.0957,10.027,9.95826,9.85307,9.74068,9.63549,9.5793,9.55422,9.49803,9.40538,9.34919,9.32411,9.25538,9.10653,8.95769,8.87642,8.79515,8.63377,8.41619,8.19862,8.0247,7.89977,7.79458,7.73839,7.72585,7.72585,7.72585,7.72585,7.71331,7.65712,7.56447,7.50828,7.49574,7.49574,7.49574,7.49574,7.49574,7.50828,7.56447,7.65712,7.71331,7.72585

Pole type : Curve
Start frame : 1
End frame : 244
Start time (s) : 0.000
End time (s) : 1710.980
Time step (s) : 7.041

Pole number : 2

Time (s) : 18.144907,19.546057,22.265017,25.930579,29.31006,32.638838,36.047722,38.943252,41.480697,43.980561,46.737102,49.493643,52.081792,54.838333,57.506589,59.610787,61.319318,63.027849,65.132047,67.800303,70.556844,73.056708,75.505868,78.005732,80.762273,83.518814,86.195248,89.347455,92.668054,95.344489,98.020923,101.34152,104.49373,107.34673,110.98289,115.61636,120.43951,125.33783,130.33756,135.93893,141.75939,147.10408,152.05311,156.91384,161.77458,166.63532,171.31949,175.3889,179.03323,183.41002,188.26258,192.55926,196.76766,201.31284,205.52123,209.9062,215.33099,221.23974,226.9801,232.58147,237.83787,242.69861,247.0754,250.79984,254.2169,257.94135,262.31813,267.0023,271.2908,274.61958,277.20773,279.56861,281.58452,283.29305,284.9133,286.53354,288.15379,289.77403,291.39428,293.01453,294.63477,296.25502,297.87527,299.49551,301.11576,302.736,304.35625,305.9765,307.8616,310.66884,314.51097,318.77007,323.97577,329.61967,334.48041,338.20485,341.04968,343.15387,344.86241,346.65922,349.15909,352.74454,357.17203,362.46602,368.51375,375.07485,380.9836,385.67594,389.83363,394.04203,398.99105,404.63494,409.75236,413.79236,417.77348,421.57804,424.91499,429.21167,435.20053,441.50494,447.33358,453.02324,458.76359,464.84891,471.24161,477.81088,484.59925,491.33691,497.6495,504.13049,510.86815,517.39984,523.83012,529.87785,535.65579,541.30786,546.99752,552.73787,558.91148,565.78813,573.40541,581.50664,589.82696,597.61264,603.66037,607.90635,610.97845,613.99985,617.45944,620.86832,623.45647,625.82552,628.97773,632.78228,636.50672,640.31945,644.60795,649.07303,653.67709,658.70622,663.56696,668.17102,672.89277,677.23197,680.90571,683.80124,686.33869,688.83855,691.85995,695.7152,700.04129,704.30039,709.11042,714.19026,718.96271,723.03212,726.58817,730.481,734.19727,736.78542,738.58223,740.20248,741.73444,742.95902,743.83864,744.66755,745.45889,746.37608,747.65137,749.61658,752.11644,755.5335,760.21767,765.55418,770.41492,774.62332,778.51615,781.66836,783.77256,785.08542,786.05333,787.27791,788.80987,790.5184,792.6226,795.29085,797.95911,800.15159,802.43236,805.58457,809.4774,813.50923,817.66692,822.09441,826.81616,831.24365,835.31306,838.94921,842.18971,844.94625,846.96216,848.27503,849.15464,850.07184,851.34713,853.40062,856.20786,859.79332,863.82514,868.29022,872.97439,877.35117,881.07562,884.40439,887.64489,890.88538,894.03759,896.88241,899.47056,902.2271,904.98364,907.57179,910.32833,912.99659,915.10079,916.8976,919.0018,921.67006,924.4266,927.01475,929.85957,932.9235,935.85661,938.92871,942.90983,947.594,952.45473,957.40376,962.74845,968.6572,974.38938,978.76616,981.4426,983.23941,984.77137,985.99595,986.96386,988.27672,990.29263,993.04918,996.20138,999.35359,1002.1101,1004.3026,1006.4951,1009.2516,1012.3156,1015.0721,1017.1763,1018.8848,1020.4168,1021.6414,1022.521,1023.2616

Position (um) : 5.2194,5.218,5.212,5.2021,5.1961,5.1935,5.1875,5.1776,5.1716,5.1703,5.1703,5.1703,5.1703,5.1703,5.1703,5.1703,5.1716,5.1776,5.1888,5.2008,5.212,5.218,5.2194,5.2194,5.2207,5.2267,5.2366,5.2439,5.2512,5.2611,5.2685,5.2758,5.2857,5.293,5.3004,5.3116,5.3236,5.3361,5.3481,5.3593,5.3653,5.3667,5.3667,5.3667,5.3667,5.3667,5.3667,5.3667,5.3667,5.3667,5.3667,5.3667,5.3667,5.3667,5.3667,5.3667,5.3667,5.3667,5.3667,5.368,5.374,5.3839,5.3899,5.3926,5.3986,5.4084,5.4144,5.4158,5.4158,5.4171,5.4231,5.433,5.4403,5.4477,5.4576,5.4636,5.4649,5.4649,5.4649,5.4662,5.4722,5.4821,5.4881,5.4894,5.4894,5.4894,5.4894,5.4894,5.4894,5.4894,5.4894,5.4894,5.4894,5.4894,5.4894,5.4894,5.4894,5.4894,5.4894,5.4894,5.4908,5.4968,5.5067,5.514,5.5213,5.5312,5.5385,5.5459,5.5558,5.5631,5.5718,5.5877,5.6035,5.6109,5.6122,5.6122,5.6135,5.6195,5.6294,5.6368,5.6441,5.6553,5.6673,5.6785,5.6845,5.6872,5.6932,5.7031,5.7091,5.7104,5.7118,5.7178,5.7276,5.7336,5.735,5.735,5.7363,5.7423,5.7535,5.7669,5.7854,5.8086,5.8332,5.8577,5.881,5.8982,5.9068,5.9155,5.9314,5.9486,5.9633,5.9832,6.0124,6.0482,6.0861,6.1278,6.1696,6.2088,6.2506,6.291,6.3229,6.3475,6.366,6.3794,6.3919,6.4039,6.4165,6.4285,6.4397,6.447,6.4557,6.4729,6.4961,6.5193,6.5379,6.5512,6.5638,6.5771,6.5943,6.6116,6.6262,6.6434,6.6607,6.6753,6.6939,6.7158,6.7357,6.7563,6.7848,6.8153,6.8472,6.883,6.9209,6.964,7.0104,7.0508,7.0767,7.0914,7.104,7.1159,7.1285,7.1405,7.1531,7.1664,7.1863,7.2142,7.2426,7.2633,7.2832,7.3077,7.3396,7.3814,7.4291,7.4769,7.52,7.5579,7.595,7.6302,7.66,7.6807,7.7006,7.7224,7.741,7.7557,7.7729,7.7928,7.8194,7.8604,7.9076,7.956,7.9985,8.0356,8.0662,8.0934,8.124,8.1584,8.1889,8.2148,8.2394,8.2639,8.2885,8.3131,8.3376,8.3622,8.3867,8.4113,8.4372,8.4677,8.5021,8.5327,8.5586,8.5831,8.609,8.6409,8.6813,8.7245,8.7697,8.8227,8.8738,8.9122,8.9415,8.9773,9.0151,9.041,9.057,9.0742,9.0914,9.1061,9.126,9.1552,9.1896,9.2202,9.2461,9.2706,9.2952,9.3197,9.3443,9.3675,9.3861,9.3994,9.4119,9.4239,9.4352,9.4412

Intensity : 1313.3409,1328.3794,1350.4675,1366.5637,1368.2506,1349.7145,1323.8238,1289.0452,1261.7595,1241.4207,1221.3165,1202.8873,1205.0396,1207.3318,1215.559,1228.0409,1240.2553,1260.1767,1282.5651,1304.7421,1325.7126,1343.6643,1354.0826,1362.7933,1375.5077,1395.6873,1428.6887,1480.9692,1521.5461,1530.8394,1541.4589,1546.7344,1551.9516,1552.0444,1548.1005,1545.8733,1545.7489,1542.6656,1555.1802,1573.6344,1577.8277,1606.1926,1579.9893,1571.7923,1602.3831,1619.473,1641.9028,1667.0167,1652.2188,1625.4591,1602.5008,1570.4434,1530.3887,1525.9001,1512.5161,1470.3332,1420.3484,1396.1134,1412.5992,1456.3179,1484.3383,1485.8199,1470.6149,1437.7787,1412.0442,1381.246,1333.7555,1271.0712,1232.3518,1206.6868,1205.7443,1212.3258,1217.0189,1228.2532,1237.2444,1248.2114,1260.4168,1266.7875,1270.2189,1273.7014,1277.6463,1279.8072,1276.6328,1273.0304,1269.2097,1265.3889,1249.3064,1232.9925,1214.0119,1189.3508,1166.7356,1151.7508,1147.7943,1103.0773,1101.9156,1110.1659,1100.1936,1092.8175,1086.8284,1097.234,1116.1996,1146.5734,1164.1447,1183.5974,1207.6812,1238.0251,1266.4613,1298.6676,1286.2978,1243.5417,1181.1628,1116.4067,1087.7232,1098.5772,1093.3568,1081.2307,1068.0321,1055.9183,1078.7855,1127.2067,1160.2694,1175.5107,1147.1477,1096.8268,1128.779,1136.0099,1149.3657,1156.5813,1145.3289,1133.3461,1108.6399,1072.4372,1031.2471,987.07032,954.26631,991.15079,1008.0618,1016.5817,989.43488,900.50504,816.98586,799.29704,861.03319,917.26201,906.84444,897.46152,892.45948,878.6336,855.08521,841.53343,845.2085,851.22441,845.2207,838.70225,815.86345,775.6877,700.21325,617.41625,551.61049,529.06049,527.09607,550.98833,567.48521,582.28119,597.68116,610.91904,620.42867,630.43735,637.97211,643.699,645.2132,652.25904,674.27283,699.33025,711.29907,691.09505,662.72816,609.81179,561.38239,529.42425,503.58606,487.74557,479.13636,473.05737,471.72452,472.41338,467.51938,460.30495,458.03165,458.19297,455.46234,444.71857,431.89538,403.10164,378.67274,366.38657,366.12176,369.49351,374.55147,379.70896,385.2966,392.19825,400.22652,408.14105,422.65477,449.04182,472.10423,489.19276,506.20204,519.11393,542.33521,530.85826,515.59021,493.45668,462.58059,439.12351,427.47836,418.15893,414.39847,410.1135,407.23122,404.31571,402.09277,400.65012,399.37414,398.60891,399.52218,407.0879,423.01092,449.86759,490.98446,512.6102,538.98707,565.05556,593.0486,599.80925,612.17405,630.64132,642.75874,659.00606,672.87795,696.58592,719.24856,743.80095,773.9242,783.61659,784.80559,771.82239,759.20016,750.45849,719.86064,694.21327,681.33771,676.20894,654.13374,655.21672,666.15978,687.62725,723.35546,755.54935,783.14083,786.41535,765.95998,763.36084,769.64203,770.06257,749.97822,736.1088,723.20503,712.64952,686.02419,666.92648,660.23385,661.72082,663.61501,651.77698,648.01944,646.59491,642.53192,632.58194,621.16757,600.675,577.47719,561.42762

Time pixel : 2.57701,2.776007,3.162164,3.682761,4.162728,4.635494,5.119637,5.530871,5.891249,6.246289,6.637784,7.029279,7.396858,7.788352,8.167308,8.466155,8.708807,8.951459,9.250305,9.629261,10.02076,10.3758,10.72364,11.07868,11.47017,11.86167,12.24178,12.68947,13.16108,13.54119,13.92131,14.39292,14.8406,15.2458,15.76222,16.42028,17.10529,17.80096,18.51104,19.30657,20.13322,20.89229,21.59517,22.28551,22.97585,23.66619,24.33146,24.90941,25.42699,26.0486,26.73778,27.34801,27.9457,28.59123,29.18892,29.81169,30.58214,31.42132,32.23659,33.03212,33.77865,34.469,35.0906,35.61956,36.10487,36.63383,37.25544,37.9207,38.52977,39.00254,39.37011,39.70542,39.99172,40.23437,40.46449,40.6946,40.92472,41.15483,41.38494,41.61506,41.84517,42.07528,42.3054,42.53551,42.76562,42.99574,43.22585,43.45597,43.7237,44.12239,44.66807,45.27296,46.01229,46.81386,47.5042,48.03316,48.43719,48.73604,48.97869,49.23388,49.58892,50.09814,50.72695,51.47883,52.33775,53.26958,54.10876,54.77519,55.36568,55.96337,56.66625,57.46782,58.19462,58.76839,59.33381,59.87414,60.34807,60.9583,61.80886,62.70424,63.53205,64.34011,65.15538,66.01964,66.92756,67.86055,68.82466,69.78157,70.67811,71.59856,72.55547,73.48313,74.39638,75.2553,76.07591,76.87864,77.6867,78.50197,79.37877,80.35542,81.43725,82.58782,83.76951,84.87526,85.73418,86.33721,86.77352,87.20263,87.69398,88.17812,88.5457,88.88216,89.32985,89.87019,90.39915,90.94065,91.54972,92.18386,92.83775,93.55201,94.24235,94.89623,95.56683,96.18311,96.70486,97.1161,97.47648,97.83152,98.26063,98.80817,99.42257,100.0275,100.7106,101.4321,102.1099,102.6878,103.1929,103.7457,104.2735,104.6411,104.8963,105.1264,105.344,105.5179,105.6428,105.7606,105.873,106.0032,106.1843,106.4634,106.8185,107.3038,107.9691,108.727,109.4173,110.015,110.5679,111.0156,111.3144,111.5009,111.6383,111.8123,112.0298,112.2725,112.5713,112.9503,113.3292,113.6406,113.9645,114.4122,114.9651,115.5377,116.1282,116.757,117.4276,118.0564,118.6344,119.1508,119.611,120.0025,120.2888,120.4753,120.6002,120.7305,120.9116,121.2033,121.602,122.1112,122.6838,123.3179,123.9832,124.6048,125.1338,125.6065,126.0668,126.527,126.9747,127.3787,127.7463,128.1378,128.5293,128.8969,129.2884,129.6673,129.9662,130.2213,130.5202,130.8991,131.2906,131.6582,132.0623,132.4974,132.914,133.3503,133.9157,134.581,135.2713,135.9742,136.7333,137.5724,138.3865,139.0082,139.3883,139.6435,139.861,140.035,140.1724,140.3589,140.6452,141.0367,141.4844,141.9321,142.3236,142.6349,142.9463,143.3378,143.773,144.1645,144.4633,144.706,144.9235,145.0975,145.2224,145.3276

Position pixel : 48.9162,48.9037,48.8475,48.7548,48.6986,48.6735,48.6173,48.5247,48.4685,48.456,48.456,48.456,48.456,48.456,48.456,48.456,48.4685,48.5247,48.6299,48.7423,48.8475,48.9037,48.9162,48.9162,48.9287,48.9849,49.0776,49.1463,49.215,49.3077,49.3764,49.4452,49.5378,49.6065,49.6753,49.7805,49.8928,50.0106,50.123,50.2281,50.2843,50.2969,50.2969,50.2969,50.2969,50.2969,50.2969,50.2969,50.2969,50.2969,50.2969,50.2969,50.2969,50.2969,50.2969,50.2969,50.2969,50.2969,50.2969,50.3094,50.3656,50.4583,50.5145,50.5395,50.5957,50.6884,50.7446,50.7571,50.7571,50.7696,50.8258,50.9185,50.9872,51.0559,51.1486,51.2048,51.2173,51.2173,51.2173,51.2299,51.2861,51.3787,51.4349,51.4474,51.4474,51.4474,51.4474,51.4474,51.4474,51.4474,51.4474,51.4474,51.4474,51.4474,51.4474,51.4474,51.4474,51.4474,51.4474,51.4474,51.46,51.5162,51.6088,51.6776,51.7463,51.8389,51.9077,51.9764,52.0691,52.1378,52.2191,52.3679,52.5167,52.5855,52.598,52.598,52.6105,52.6667,52.7594,52.8281,52.8969,53.002,53.1144,53.2196,53.2758,53.3009,53.3571,53.4497,53.5059,53.5185,53.531,53.5872,53.6798,53.736,53.7486,53.7486,53.7611,53.8173,53.9225,54.0474,54.2213,54.4389,54.669,54.8991,55.1167,55.2781,55.3594,55.4406,55.5895,55.7509,55.8883,56.0748,56.3486,56.6839,57.0389,57.4304,57.8219,58.1895,58.581,58.9599,59.2588,59.4889,59.6628,59.7877,59.9055,60.0178,60.1356,60.248,60.3531,60.4219,60.5031,60.6645,60.8821,61.0997,61.2736,61.3985,61.5162,61.6412,61.8026,61.9639,62.1014,62.2628,62.4242,62.5616,62.7355,62.9406,63.127,63.3207,63.5873,63.8736,64.1724,64.5077,64.8628,65.2668,65.702,66.0809,66.3236,66.461,66.5787,66.6911,66.8089,66.9213,67.039,67.1639,67.3504,67.6116,67.8782,68.0718,68.2583,68.4884,68.7872,69.1787,69.6264,70.0741,70.4781,70.8332,71.181,71.511,71.7901,71.9838,72.1702,72.3752,72.5492,72.6866,72.848,73.0345,73.2843,73.6686,74.111,74.564,74.9627,75.3105,75.5968,75.852,76.1383,76.4611,76.7474,76.9901,77.2202,77.4503,77.6804,77.9105,78.1406,78.3707,78.6009,78.831,79.0736,79.3599,79.6827,79.969,80.2116,80.4418,80.6844,80.9833,81.3622,81.7662,82.19,82.6867,83.1655,83.5259,83.8008,84.1361,84.49,84.7326,84.8827,85.044,85.2054,85.3429,85.5293,85.8031,86.1259,86.4122,86.6548,86.8849,87.1151,87.3452,87.5753,87.7929,87.9668,88.0917,88.2094,88.3218,88.427,88.4832

Pole type : Curve
Start frame : 1
End frame : 244
Start time (s) : 0.000
End time (s) : 1710.980
Time step (s) : 7.041

Feature Information :


Feature number : 1

Time (s) : 133.1406,133.2076,133.5747,134.3696,135.1646,135.5316,135.6656,135.9657,136.5275,137.1947,138.0566,138.9185,139.5857,140.1475,140.4476,140.5815,140.9486,141.7435,142.5385,142.9725,143.3396,143.8344,144.2015,144.6356,145.4975,146.5925,147.4544

Position (um) : 4.2247,4.2439,4.2888,4.3534,4.4039,4.4361,4.4582,4.4733,4.4844,4.4985,4.5161,4.5337,4.5478,4.5589,4.573,4.5896,4.6047,4.6204,4.6419,4.6631,4.6782,4.6893,4.7034,4.721,4.7416,4.7683,4.7964

Intensity : 403.5894,393.1469,376.0875,363.3133,356.6521,353.7667,351.6456,350.5638,350.7277,352.062,353.7411,355.3799,356.6256,357.6476,358.267,358.9095,361.8434,363.2693,366.1744,369.8842,372.5764,374.369,380.6918,391.6807,404.552,421.7635,440.5335

Time pixel : 18.9091,18.9187,18.9708,19.0837,19.1966,19.2487,19.2677,19.3104,19.3902,19.4849,19.6073,19.7297,19.8245,19.9043,19.9469,19.9659,20.0181,20.131,20.2439,20.3055,20.3576,20.4279,20.4801,20.5417,20.6641,20.8196,20.942

Position pixel : 39.5943,39.7738,40.1946,40.8003,41.2732,41.5751,41.7827,41.9242,42.0284,42.1604,42.3254,42.4904,42.6224,42.7266,42.8585,43.0141,43.1555,43.3024,43.5046,43.7027,43.8442,43.9484,44.0804,44.2454,44.439,44.6892,44.9522

Brightness max : 420.00
Brightness min :  0.00
Feature direction : Antipoleward
Feature speed : Slow
Feature type : Curve
Start frame : 1
End frame : 244
Start time (s) : 0.000
End time (s) : 1710.980
Time step (s) : 7.041

Feature number : 2

Time (s) : 193.0432,193.7838,194.7517,196.372,198.5563,200.4839,201.7968,202.6764,203.417,203.901,204.3849,205.0373,205.5212,206.0052,206.6575,207.0532,207.2298,207.6254,208.2778,208.6734,208.85,209.2457,209.898,210.382,210.8659,211.5183

Position (um) : 4.8252,4.8152,4.7833,4.727,4.6646,4.6155,4.5837,4.5638,4.5491,4.5305,4.5073,4.4828,4.4582,4.4337,4.4078,4.3772,4.3428,4.3109,4.279,4.2446,4.214,4.1868,4.1562,4.1218,4.0926,4.074

Intensity : 520.1216,510.8574,487.2517,458.5457,434.0446,423.2802,418.1932,418.0472,418.1734,418.2447,417.7397,415.7338,413.3649,410.9827,408.1355,405.7915,401.437,396.9709,392.5114,389.3104,387.1423,385.2799,384.2284,387.1663,389.7101,390.6404

Time pixel : 27.4167,27.5219,27.6594,27.8895,28.1997,28.4735,28.66,28.7849,28.8901,28.9588,29.0275,29.1202,29.1889,29.2577,29.3503,29.4065,29.4316,29.4878,29.5804,29.6366,29.6617,29.7179,29.8105,29.8793,29.948,30.0406

Position pixel : 45.2218,45.128,44.8292,44.3014,43.7174,43.2572,42.9583,42.7719,42.6344,42.4605,42.2429,42.0128,41.7827,41.5526,41.3099,41.0236,40.7008,40.402,40.1031,39.7804,39.4941,39.2389,38.9526,38.6298,38.356,38.1821

Brightness max : 420.00
Brightness min :  0.00
Feature direction : Antipoleward
Feature speed : Slow
Feature type : Curve
Start frame : 1
End frame : 244
Start time (s) : 0.000
End time (s) : 1710.980
Time step (s) : 7.041

Feature number : 3

Time (s) : 791.00235,792.22693,794.15456,796.42715,798.44306,800.15159,801.77184,803.39208,805.01233,806.63258,808.25282,809.87307,811.49331,813.11356,814.73381,816.35405,817.9743,819.50626,820.73084,821.69874,822.83504,823.97133,824.93924,826.16382,827.60749,828.83207,829.97654,832.25731,836.36924,841.2218,845.25363,848.18674,850.29094,851.99947,853.61972,855.23996,856.86021,858.48045,860.1007,861.72095,863.25291,864.47749,865.35711,866.18602,867.06564,868.20193,869.33823,870.30613,871.53071,873.06267,874.68292,876.30316,877.92341,879.54366,881.1639,882.78415,884.40439,886.02464,887.64489,889.35342,891.36933,893.64192,895.65783,897.36636,898.98661,900.60686,902.2271,903.84735,905.46759,907.08784,908.70809,910.32833,911.94858,913.56883,915.10079,916.32537,917.29327,918.51785,920.04981,921.67006,923.2903,924.91055,926.61908,928.63499,931.08415,934.15625,938.44476,943.20903,946.84519,949.12596,950.83449,952.6313,955.04288,957.96782,960.3794,962.17621,963.79646,965.32842,966.553,967.5209,968.74548,970.27744,971.8094,973.03398,974.00189,975.22647,976.75843,978.37867,980.08721,982.10312,984.28742,985.90767,986.96386,988.18844,989.7204,991.34064,992.96089,994.58114,996.20138,997.90991,999.92583,1002.1984,1004.2143,1005.9229,1007.5431,1009.1634,1010.7836,1012.4038,1014.0241,1015.6443,1017.2646,1018.7965,1019.9328

Position (um) : 4.6792,4.6792,4.6792,4.6792,4.6805,4.6865,4.6964,4.7024,4.7037,4.7037,4.7037,4.7037,4.7037,4.7037,4.7037,4.7037,4.7037,4.7024,4.6964,4.6865,4.6792,4.6719,4.662,4.656,4.6533,4.6473,4.6374,4.6314,4.6301,4.6287,4.6227,4.6129,4.6069,4.6055,4.6055,4.6055,4.6055,4.6055,4.6055,4.6055,4.6069,4.6129,4.6241,4.6361,4.6473,4.6546,4.662,4.6719,4.6765,4.6705,4.6546,4.6388,4.6314,4.6287,4.6227,4.6129,4.6055,4.5982,4.5883,4.581,4.5736,4.5624,4.5504,4.5392,4.5332,4.5319,4.5319,4.5319,4.5319,4.5319,4.5319,4.5319,4.5319,4.5319,4.5305,4.5245,4.5147,4.5087,4.5073,4.5073,4.5073,4.5073,4.5073,4.506,4.4973,4.4741,4.441,4.4118,4.3932,4.3859,4.3846,4.3846,4.3846,4.3846,4.3846,4.3846,4.3846,4.3859,4.3919,4.4031,4.4164,4.4337,4.4509,4.4655,4.4841,4.5073,4.5305,4.5478,4.5564,4.5638,4.575,4.587,4.5982,4.6042,4.6055,4.6055,4.6055,4.6055,4.6055,4.6069,4.6129,4.6227,4.6287,4.6301,4.6301,4.6301,4.6301,4.6301,4.6301,4.6301,4.6301,4.6301,4.6301

Intensity : 425.827,434.3916,447.8731,458.5218,459.2589,460.2855,461.2689,460.3241,459.7975,459.5481,459.2987,458.6534,454.1283,449.6032,445.0781,440.5529,440.2382,441.5376,443.5135,444.2715,444.8722,444.5711,439.7123,433.7321,426.8025,420.7868,414.9914,406.7727,395.5288,394.2675,398.3189,404.4761,409.0508,412.5454,413.3861,414.2268,415.0675,415.9082,414.2938,411.4857,408.851,406.9516,406.0386,405.8058,407.0975,408.3079,409.4519,410.5165,411.4844,412.2973,408.2889,404.9394,401.9792,399.058,396.7566,395.2583,393.8501,392.7582,391.7632,387.297,382.006,375.9859,375.5105,376.6005,377.6683,378.8647,379.9385,380.8962,381.8539,382.8117,384.2935,387.3223,390.351,393.3797,396.3287,396.714,397.2493,397.6157,397.5252,397.2588,394.9409,391.0225,386.8905,382.2213,379.6299,377.7882,375.8253,378.819,380.6467,382.0561,383.7782,388.5993,395.0699,401.3742,398.1072,395.6731,393.4782,392.3761,392.1902,391.6568,391.0756,390.3781,389.4143,386.1671,383.327,378.2822,373.4362,369.7795,368.6933,368.2054,367.6067,367.4651,368.1982,370.3283,374.1808,378.5108,382.5431,384.0365,385.53,386.9315,387.9234,385.2158,383.0841,381.744,380.3944,378.693,376.9917,375.2904,373.5952,371.9844,370.3736,368.8506,367.7209

Time pixel : 112.3412,112.5151,112.7889,113.1117,113.398,113.6406,113.8707,114.1009,114.331,114.5611,114.7912,115.0213,115.2514,115.4815,115.7116,115.9418,116.1719,116.3895,116.5634,116.7008,116.8622,117.0236,117.1611,117.335,117.54,117.7139,117.8765,118.2004,118.7844,119.4736,120.0462,120.4628,120.7616,121.0043,121.2344,121.4645,121.6946,121.9247,122.1548,122.3849,122.6025,122.7764,122.9014,123.0191,123.144,123.3054,123.4668,123.6042,123.7782,123.9957,124.2259,124.456,124.6861,124.9162,125.1463,125.3764,125.6065,125.8366,126.0668,126.3094,126.5957,126.9185,127.2048,127.4474,127.6776,127.9077,128.1378,128.3679,128.598,128.8281,129.0582,129.2884,129.5185,129.7486,129.9662,130.1401,130.2775,130.4515,130.669,130.8991,131.1293,131.3594,131.602,131.8883,132.2362,132.6725,133.2816,133.9582,134.4746,134.7985,135.0412,135.2964,135.6389,136.0543,136.3968,136.652,136.8821,137.0997,137.2736,137.4111,137.585,137.8026,138.0201,138.1941,138.3315,138.5054,138.723,138.9531,139.1958,139.4821,139.7923,140.0224,140.1724,140.3463,140.5639,140.794,141.0241,141.2543,141.4844,141.727,142.0133,142.3361,142.6224,142.8651,143.0952,143.3253,143.5554,143.7855,144.0156,144.2457,144.4759,144.6934,144.8548

Position pixel : 43.8537,43.8537,43.8537,43.8537,43.8662,43.9224,44.0151,44.0713,44.0838,44.0838,44.0838,44.0838,44.0838,44.0838,44.0838,44.0838,44.0838,44.0713,44.0151,43.9224,43.8537,43.785,43.6923,43.6361,43.611,43.5548,43.4622,43.406,43.3935,43.3809,43.3247,43.2321,43.1759,43.1634,43.1634,43.1634,43.1634,43.1634,43.1634,43.1634,43.1759,43.2321,43.3373,43.4497,43.5548,43.6236,43.6923,43.785,43.8286,43.7724,43.6236,43.4747,43.406,43.3809,43.3247,43.2321,43.1634,43.0946,43.002,42.9332,42.8645,42.7593,42.6469,42.5417,42.4855,42.473,42.473,42.473,42.473,42.473,42.473,42.473,42.473,42.473,42.4605,42.4043,42.3116,42.2554,42.2429,42.2429,42.2429,42.2429,42.2429,42.2304,42.1491,41.9315,41.6213,41.3475,41.1736,41.1049,41.0923,41.0923,41.0923,41.0923,41.0923,41.0923,41.0923,41.1049,41.1611,41.2662,41.3912,41.5526,41.7139,41.8514,42.0253,42.2429,42.4605,42.6219,42.7031,42.7719,42.877,42.9894,43.0946,43.1508,43.1634,43.1634,43.1634,43.1634,43.1634,43.1759,43.2321,43.3247,43.3809,43.3935,43.3935,43.3935,43.3935,43.3935,43.3935,43.3935,43.3935,43.3935,43.3935

Brightness max : 420.00
Brightness min :  0.00
Feature direction : Ambiguous
Feature speed : Slow
Feature type : Curve
Start frame : 1
End frame : 244
Start time (s) : 0.000
End time (s) : 1710.980
Time step (s) : 7.041

Feature number : 4

Time (s) : 892.59391,893.07786,894.21416,895.74612,897.27808,898.41437,898.98661,899.55885,900.60686,901.74315,902.71105,903.84735,904.98364,905.95155,907.08784,908.22414,909.10375,909.93267,910.81228,912.03686,913.56883,915.27736,917.29327,919.56586,921.58177,923.37859,925.3945,927.66709,929.683,931.39153,933.01178,934.63203,936.25227,937.87252,939.49277,941.11301,942.64497,943.86955,944.83746,946.06203,947.594,949.21424,950.83449,952.36645,953.59103,954.55893,955.78351,957.31547,958.93572,960.55597,962.17621,963.79646,965.4167,967.03695,968.6572,970.27744,971.89769,973.51794,975.22647,977.33066,979.99892,982.66718,984.77137,986.44172,987.77906,989.11301,990.44324,991.76922,993.09025,994.40548,995.71388,997.01432,998.30554,999.58623,1000.8551,1002.0228,1002.869,1003.4439,1004.2605,1005.3697,1006.5533,1007.7245,1008.8858,1010.0403,1011.1039,1011.8622,1012.3718,1013.1521,1014.2608,1015.4856,1016.7454,1018.2236,1020.453,1023.6452,1027.123,1030.5745,1033.467

Position (um) : 3.7375,3.7203,3.6944,3.6592,3.6209,3.5942,3.5743,3.5584,3.5497,3.5397,3.5165,3.4834,3.4529,3.427,3.4024,3.3779,3.3533,3.3301,3.3129,3.3056,3.3042,3.3042,3.3042,3.3042,3.3042,3.3042,3.3042,3.3042,3.3042,3.3042,3.3042,3.3042,3.3042,3.3042,3.3015,3.2895,3.2684,3.2504,3.2366,3.2232,3.2047,3.1814,3.1582,3.1397,3.1263,3.1151,3.1091,3.1078,3.1078,3.1078,3.1078,3.1078,3.1078,3.1091,3.1151,3.125,3.131,3.1323,3.1337,3.1397,3.1496,3.1556,3.1569,3.157,3.1576,3.1582,3.1588,3.1595,3.1601,3.1608,3.1615,3.1622,3.1615,3.1549,3.1385,3.116,3.0923,3.0699,3.0523,3.0372,3.0136,2.9828,2.9592,2.9456,2.934,2.923,2.9128,2.9078,2.906,2.9009,2.8918,2.8865,2.8844,2.8789,2.8693,2.8635,2.8623

Intensity : 365.1044,365.9135,366.6326,369.1714,372.8841,374.6939,376.2829,378.0058,380.404,382.0916,383.4594,385.3335,387.7877,390.4486,393.0366,395.6643,397.7761,399.8704,401.6304,402.6238,403.3029,404.0387,402.1498,399.9221,397.946,393.9205,387.3728,379.9915,373.8192,370.7202,367.7814,364.8425,361.9037,355.7603,349.6164,345.354,343.6848,344.5399,348.2844,352.4361,358.6785,364.7625,370.4093,372.4,373.4818,374.2872,373.9242,372.5127,371.9678,371.653,371.3383,371.0235,370.2882,369.0284,367.591,366.2113,365.7132,368.4975,371.4052,374.6992,380.4058,388.3495,394.8364,397.651,397.1542,396.6603,396.1694,395.6816,394.8669,392.9382,391.0256,389.1308,387.3014,385.6545,381.1078,376.4318,373.0359,368.9232,364.7828,360.4246,356.6256,356.8055,357.1677,358.3544,359.7034,360.7144,361.4065,362.7923,364.6554,366.1124,367.639,369.4968,372.3301,370.3875,366.2515,351.9225,337.3752

Time pixel : 126.7696,126.8384,126.9998,127.2173,127.4349,127.5963,127.6776,127.7588,127.9077,128.0691,128.2065,128.3679,128.5293,128.6667,128.8281,128.9895,129.1144,129.2322,129.3571,129.531,129.7486,129.9912,130.2775,130.6003,130.8866,131.1418,131.4281,131.7509,132.0372,132.2798,132.5099,132.7401,132.9702,133.2003,133.4304,133.6605,133.8781,134.052,134.1895,134.3634,134.581,134.8111,135.0412,135.2588,135.4327,135.5702,135.7441,135.9616,136.1918,136.4219,136.652,136.8821,137.1122,137.3423,137.5724,137.8026,138.0327,138.2628,138.5054,138.8043,139.1832,139.5622,139.861,140.0983,140.2882,140.4777,140.6666,140.8549,141.0425,141.2293,141.4151,141.5998,141.7832,141.9651,142.1453,142.3111,142.4313,142.513,142.629,142.7865,142.9546,143.1209,143.2859,143.4498,143.6009,143.7086,143.781,143.8918,144.0492,144.2232,144.4021,144.6121,144.9287,145.382,145.876,146.3662,146.777

Position pixel : 35.0281,34.8667,34.6241,34.2941,33.9349,33.685,33.4986,33.3497,33.2685,33.1747,32.9571,32.6469,32.3605,32.1179,31.8878,31.6577,31.4276,31.21,31.0486,30.9799,30.9673,30.9673,30.9673,30.9673,30.9673,30.9673,30.9673,30.9673,30.9673,30.9673,30.9673,30.9673,30.9673,30.9673,30.9423,30.8299,30.632,30.4634,30.3332,30.2083,30.0343,29.8168,29.5992,29.4253,29.3003,29.1952,29.139,29.1264,29.1264,29.1264,29.1264,29.1264,29.1264,29.139,29.1952,29.2878,29.344,29.3565,29.3691,29.4253,29.5179,29.5741,29.5866,29.5874,29.5932,29.599,29.6049,29.6108,29.6169,29.6231,29.6294,29.6359,29.6301,29.5682,29.414,29.2038,28.9814,28.7718,28.6062,28.4647,28.2435,27.9549,27.7341,27.6061,27.4979,27.395,27.2991,27.2519,27.2354,27.1873,27.1019,27.0522,27.0326,26.9808,26.8914,26.8372,26.8253

Brightness max : 420.00
Brightness min :  0.00
Feature direction : Ambiguous
Feature speed : Slow
Feature type : Curve
Start frame : 1
End frame : 244
Start time (s) : 0.000
End time (s) : 1710.980
Time step (s) : 7.041

Feature number : 5

Time (s) : 1020.0623,1020.1444,1020.5742,1021.4985,1022.5266,1023.3216,1023.9237,1024.4935,1025.034,1025.4912,1025.8084,1026.1138,1026.4702,1026.8472,1027.2241,1027.5805,1027.8654,1028.0906,1028.3755,1028.7319,1029.1088,1029.4857,1029.8627,1030.2396,1030.6371,1031.1266,1031.7679,1032.5012,1033.2346,1033.8553,1034.2733,1034.6111,1035.0477,1035.4962,1035.9142,1036.3678,1036.7452,1037.04,1037.2094,1037.3666,1037.6389,1037.9178,1038.1393,1038.3326,1038.4965,1038.5998,1038.7044,1038.918,1039.1335,1039.2895,1039.4396,1039.6588,1039.9807,1040.3934,1040.8882,1041.3551,1041.8778,1042.5557,1043.3724,1044.284,1045.3921,1046.668,1047.9528,1049.2642,1050.6191,1051.8451,1052.8476,1053.6834,1054.4944,1055.5194,1056.7229,1057.7613,1058.5583,1059.2105,1059.7209,1060.257,1060.9823,1061.8419,1062.5758,1063.1603,1063.7178,1064.4229,1065.5091,1066.9738,1068.4574,1069.7106,1070.648,1071.4579,1072.1832,1072.7036,1073.0703,1073.4541,1073.8158

Position (um) : 3.0764,3.0817,3.0933,3.111,3.1269,3.1366,3.1429,3.1487,3.1544,3.1601,3.1655,3.1698,3.1729,3.1758,3.1789,3.1832,3.1883,3.1926,3.1961,3.2007,3.2075,3.2155,3.2229,3.23,3.237,3.2435,3.2521,3.2626,3.2723,3.2797,3.2857,3.2915,3.2972,3.3032,3.3103,3.319,3.3317,3.3453,3.359,3.3719,3.3854,3.4007,3.417,3.4307,3.4431,3.4554,3.4682,3.4819,3.495,3.5072,3.5195,3.533,3.5476,3.5622,3.5763,3.589,3.601,3.6128,3.6224,3.6287,3.6327,3.6364,3.639,3.639,3.6369,3.634,3.6305,3.6269,3.624,3.6221,3.6201,3.6181,3.6163,3.6153,3.6144,3.6129,3.6126,3.6131,3.6127,3.6104,3.6084,3.6085,3.6101,3.6118,3.6123,3.6106,3.6076,3.6043,3.6015,3.5997,3.5989,3.5973,3.5946

Intensity : 357.8993,357.1895,355.829,352.3707,348.538,346.1162,344.5071,343.0613,341.6637,340.3516,339.2119,338.2748,337.5149,336.7795,336.0238,335.0949,334.0993,333.0994,331.8852,330.3729,328.6753,326.9221,325.3311,323.8621,322.4614,321.0401,319.3242,317.5364,316.0383,314.9862,314.319,313.8092,313.269,311.9856,310.8247,309.6239,308.686,308.0581,307.7607,307.5571,307.3034,307.194,307.1472,306.6118,306.1989,305.8511,305.5292,305.2852,305.1483,305.0605,305.0246,304.7646,304.5756,304.5602,304.7447,305.0069,305.4393,305.519,305.4823,305.5796,305.6882,305.8489,306.0549,306.4038,306.8084,307.1737,307.4574,307.6187,307.6206,307.6607,308.0215,308.6213,309.051,309.4271,309.7079,309.97,310.416,311.0105,311.4594,311.6726,311.1778,310.6832,310.0336,309.1252,308.1077,307.0892,305.816,304.2458,302.8542,301.8849,301.2343,300.5002,299.7365

Time pixel : 144.8732,144.8849,144.9459,145.0772,145.2232,145.3361,145.4216,145.5025,145.5793,145.6442,145.6893,145.7327,145.7833,145.8368,145.8903,145.941,145.9814,146.0134,146.0539,146.1045,146.158,146.2115,146.2651,146.3186,146.3751,146.4446,146.5357,146.6398,146.744,146.8321,146.8915,146.9395,147.0015,147.0652,147.1245,147.189,147.2426,147.2844,147.3085,147.3308,147.3695,147.4091,147.4406,147.468,147.4913,147.506,147.5208,147.5512,147.5818,147.6039,147.6252,147.6564,147.7021,147.7607,147.831,147.8973,147.9715,148.0678,148.1838,148.3133,148.4706,148.6518,148.8343,149.0206,149.213,149.3871,149.5295,149.6482,149.7634,149.9089,150.0799,150.2273,150.3405,150.4332,150.5057,150.5818,150.6848,150.8069,150.9111,150.9941,151.0733,151.1735,151.3277,151.5357,151.7465,151.9244,152.0576,152.1726,152.2756,152.3495,152.4016,152.4561,152.5075

Position pixel : 28.8324,28.8816,28.9904,29.1563,29.3052,29.3965,29.4559,29.5094,29.563,29.6165,29.6671,29.7076,29.7367,29.764,29.7931,29.8336,29.8813,29.9217,29.9537,29.9971,30.0608,30.1359,30.2054,30.272,30.3369,30.398,30.4789,30.5772,30.6683,30.7378,30.7943,30.8478,30.9013,30.9578,31.0244,31.1061,31.2248,31.3526,31.4811,31.6019,31.7279,31.8714,32.0244,32.1525,32.2693,32.3842,32.5045,32.6329,32.7552,32.8693,32.9849,33.1112,33.2484,33.3855,33.5177,33.6366,33.7492,33.8595,33.9493,34.0088,34.0462,34.0805,34.1052,34.105,34.0857,34.058,34.0255,33.9918,33.9648,33.9465,33.9279,33.9093,33.8918,33.8827,33.8741,33.8608,33.8571,33.862,33.8583,33.8374,33.818,33.8188,33.834,33.8505,33.855,33.8389,33.8106,33.7801,33.7532,33.7369,33.7295,33.7141,33.6888

Brightness max : 420.00
Brightness min :  0.00
Feature direction : Ambiguous
Feature speed : Slow
Feature type : Curve
Start frame : 1
End frame : 244
Start time (s) : 0.000
End time (s) : 1710.980
Time step (s) : 7.041

Feature number : 6

Time (s) : 1095.6086,1096.9215,1099.2448,1102.0814,1104.0974,1105.1535,1105.9825,1106.8621,1107.9984,1109.0464,1109.6186,1110.1026,1110.8432,1111.6345,1112.3752,1112.8591,1113.4313,1114.5676,1116.0996,1117.7198,1119.3401,1120.9603,1122.5806,1124.2008,1125.8211,1127.4413,1128.9733,1130.1979,1131.1658,1132.3903,1133.834,1135.1469,1136.4222,1137.9034,1139.1787,1140.4033,1141.5396,1142.5075,1143.7321,1145.264,1146.9726,1148.9002,1150.7771,1152.0524,1152.9696,1153.8492,1154.9855,1156.1218,1157.0014,1157.7421,1158.226,1158.71,1159.4506,1160.2419,1161.0708,1161.9504,1163.0867,1164.223,1165.1909,1166.3272,1167.4635,1168.4314,1169.5677,1170.6157,1171.188,1171.6719,1172.3243

Position (um) : 3.6466,3.6379,3.6147,3.5816,3.5524,3.5325,3.5179,3.5006,3.4834,3.4688,3.4502,3.427,3.4038,3.3852,3.3705,3.3533,3.3374,3.3301,3.3288,3.3288,3.3288,3.3288,3.3288,3.3288,3.3288,3.3288,3.3301,3.3361,3.3473,3.3593,3.3719,3.3852,3.4038,3.427,3.4515,3.4761,3.5006,3.5239,3.5437,3.5631,3.5869,3.6122,3.642,3.6712,3.6957,3.7143,3.729,3.7462,3.7634,3.7781,3.7953,3.8125,3.8258,3.8384,3.8504,3.8616,3.8689,3.8763,3.8862,3.8908,3.8848,3.8663,3.837,3.8026,3.7721,3.7475,3.7303

Intensity : 270.8914,270.8351,272.5147,278.0348,283.146,286.515,288.0618,288.8358,289.9457,291.2065,292.8211,294.9492,296.7567,297.8934,299.0962,299.7101,300.245,300.6505,300.927,301.1601,301.3931,301.1371,300.8161,300.4952,300.1742,299.0842,297.3312,295.6623,294.1098,292.523,290.9943,289.5912,288.4641,286.5067,284.0372,281.9925,279.7716,277.9478,275.7907,274.118,272.7838,270.8965,268.3282,266.2205,264.9757,264.3577,264.3262,264.3282,263.9846,263.6857,263.0611,262.4365,262.2128,262.0684,261.9913,261.9174,261.9018,261.8419,261.5182,261.548,262.31,263.9823,265.0615,265.3608,266.1847,266.8093,266.6005

Time pixel : 155.6026,155.789,156.119,156.5219,156.8082,156.9582,157.0759,157.2008,157.3622,157.5111,157.5923,157.6611,157.7662,157.8786,157.9838,158.0526,158.1338,158.2952,158.5128,158.7429,158.973,159.2031,159.4332,159.6634,159.8935,160.1236,160.3412,160.5151,160.6525,160.8265,161.0315,161.218,161.3991,161.6094,161.7906,161.9645,162.1259,162.2633,162.4373,162.6548,162.8975,163.1713,163.4378,163.6189,163.7492,163.8741,164.0355,164.1969,164.3218,164.427,164.4957,164.5645,164.6697,164.782,164.8998,165.0247,165.1861,165.3475,165.4849,165.6463,165.8077,165.9452,166.1065,166.2554,166.3366,166.4054,166.498

Position pixel : 34.1764,34.0951,33.8775,33.5673,33.2935,33.1071,32.9696,32.8082,32.6469,32.5094,32.3355,32.1179,31.9003,31.7264,31.5889,31.4276,31.2787,31.21,31.1974,31.1974,31.1974,31.1974,31.1974,31.1974,31.1974,31.1974,31.21,31.2662,31.3714,31.4838,31.6015,31.7264,31.9003,32.1179,32.348,32.5781,32.8082,33.0258,33.2123,33.3934,33.6163,33.8536,34.1327,34.4065,34.6366,34.8105,34.948,35.1094,35.2708,35.4082,35.5696,35.731,35.8559,35.9736,36.086,36.1912,36.2599,36.3287,36.4213,36.465,36.4088,36.2349,35.9611,35.6383,35.352,35.1219,34.9605

Brightness max : 420.00
Brightness min :  0.00
Feature direction : Ambiguous
Feature speed : Slow
Feature type : Curve
Start frame : 1
End frame : 244
Start time (s) : 0.000
End time (s) : 1710.980
Time step (s) : 7.041

Feature number : 7

Time (s) : 907.0878,907.0878,907.0878,907.0878,907.1761,907.6601,908.7964,910.24,911.4646,912.4325,913.5688,914.7051,915.673,916.8976,918.3413,919.5659,920.5338,921.6701,922.8064,923.686,924.5149,925.3062,926.1351,927.0147,928.151,929.2873,930.2552,931.4798,932.9235,934.1481,935.0277,935.8566,936.6479,937.4769,938.3565,939.5811,941.0247,942.2493,943.1289,943.9578,944.8375,946.062,947.594,949.126,950.3505,951.3184,952.543,954.075,955.6952,957.3155,959.024,961.0399,963.3125,965.3284,967.037,968.6572,970.2774,971.986,974.0019,976.1862,977.7182

Position (um) : 4.7615,4.7801,4.8106,4.8511,4.8915,4.922,4.9406,4.9493,4.9579,4.9738,4.991,5.0044,5.0169,5.0289,5.0415,5.0535,5.0647,5.072,5.0794,5.0906,5.1026,5.1151,5.1271,5.1397,5.153,5.1729,5.2021,5.2352,5.2598,5.2745,5.287,5.299,5.3116,5.3236,5.3361,5.3495,5.368,5.3899,5.4084,5.4231,5.4403,5.4589,5.4782,5.5007,5.5187,5.5312,5.5385,5.5459,5.5558,5.5618,5.5631,5.5631,5.5631,5.5631,5.5631,5.5631,5.5631,5.5631,5.5631,5.5631,5.5631

Intensity : 365.8879,364.3226,361.9169,359.2642,356.5739,353.8798,351.2223,349.1962,347.5318,345.7037,343.9579,342.7265,341.2607,338.5514,335.9877,334.2697,333.2741,332.3405,331.6467,331.4582,331.4311,331.5445,331.3231,330.8657,330.602,330.9369,330.5398,329.5977,328.0573,327.1253,326.8385,326.821,327.0417,327.0878,327.1396,326.3796,326.0681,326.6293,327.5864,328.0903,328.382,326.624,324.5798,322.725,321.4395,319.6221,317.1185,314.0037,310.2061,306.535,302.9531,298.8264,294.1743,290.986,289.7727,288.6222,287.4716,286.1928,284.3465,282.3459,280.9428

Time pixel : 128.8281,128.8281,128.8281,128.8281,128.8407,128.9094,129.0708,129.2758,129.4497,129.5872,129.7486,129.91,130.0474,130.2213,130.4264,130.6003,130.7378,130.8991,131.0605,131.1855,131.3032,131.4156,131.5333,131.6582,131.8196,131.981,132.1184,132.2924,132.4974,132.6713,132.7963,132.914,133.0264,133.1441,133.269,133.4429,133.648,133.8219,133.9468,134.0645,134.1895,134.3634,134.581,134.7985,134.9725,135.1099,135.2838,135.5014,135.7315,135.9616,136.2043,136.4906,136.8134,137.0997,137.3423,137.5724,137.8026,138.0452,138.3315,138.6417,138.8593

Position pixel : 44.6253,44.7992,45.0855,45.4645,45.8434,46.1298,46.3037,46.3849,46.4662,46.6151,46.7764,46.9014,47.0191,47.1315,47.2492,47.3616,47.4668,47.5355,47.6042,47.7094,47.8218,47.9395,48.0519,48.1697,48.2946,48.481,48.7548,49.065,49.2951,49.4326,49.5503,49.6627,49.7805,49.8928,50.0106,50.1355,50.3094,50.5145,50.6884,50.8258,50.9872,51.1611,51.3423,51.5526,51.7212,51.8389,51.9077,51.9764,52.0691,52.1252,52.1378,52.1378,52.1378,52.1378,52.1378,52.1378,52.1378,52.1378,52.1378,52.1378,52.1378

Brightness max : 381.98
Brightness min :  0.00
Feature direction : Ambiguous
Feature speed : Slow
Feature type : Curve
Start frame : 1
End frame : 244
Start time (s) : 0.000
End time (s) : 1710.980
Time step (s) : 7.041

Feature number : 8

Time (s) : 635.3704,636.1111,636.9907,638.2153,639.7472,641.2792,642.5038,643.3834,644.2123,645.0036,645.7442,646.2282,646.8004,647.9367,649.3804,650.605,651.5729,652.7092,653.8455,654.7251,655.554,656.4336,657.5699,658.7062,659.6741,660.8987,662.4307,663.9626,665.1872,666.1551,667.3797,668.8234,670.0479,671.0158,672.2404,673.7724,675.3926,677.0129,678.6331,680.2534,681.7853,683.0099,683.9778,685.1141,686.2504,687.13,687.9589,688.7503,689.4909,689.9748,690.4588,691.1994,691.9908,692.8197,693.6993,694.8356,695.8836,696.4558,696.9398,697.5921,698.0761,698.56,699.3007,700.1803,701.3166,702.4529,703.3325,704.0731,704.5571,705.041,705.7816,706.573,707.4019,708.1932,708.9339,709.4178,709.9018,710.5541,711.038,711.522,712.1743,712.6583,713.1422,713.8829,714.6742,715.4148,715.8105

Position (um) : 3.1091,3.1151,3.125,3.131,3.1323,3.1337,3.1397,3.1509,3.1629,3.1755,3.1888,3.206,3.2232,3.2379,3.2564,3.2783,3.2955,3.3042,3.3115,3.3228,3.3348,3.3473,3.3607,3.3779,3.3938,3.4011,3.4038,3.4111,3.427,3.4442,3.4575,3.4701,3.4821,3.4933,3.4993,3.5006,3.5006,3.5006,3.4993,3.4933,3.4821,3.4688,3.4502,3.427,3.4038,3.3852,3.3719,3.3593,3.346,3.3288,3.3115,3.2969,3.2783,3.2551,3.2319,3.2133,3.1987,3.1801,3.1569,3.1323,3.1091,3.0906,3.0759,3.0573,3.0341,3.0109,2.9924,2.9777,2.9605,2.9433,2.9286,2.91,2.8868,2.8623,2.8377,2.8145,2.7959,2.7813,2.764,2.7468,2.7322,2.7149,2.6977,2.6844,2.6718,2.6598,2.6486

Intensity : 442.4266,437.0754,428.9772,423.4281,420.8415,419.5883,417.5415,412.246,406.8434,401.4725,395.9945,389.2858,385.6099,384.0682,380.2542,376.2845,373.87,374.2294,375.4872,376.102,376.4417,376.7269,377.3223,377.2989,376.9957,378.1809,379.8674,379.7138,378.1901,376.2981,374.9302,373.622,370.7429,367.9348,365.5824,363.6382,361.832,359.8571,358.0475,357.0357,356.8895,357.2721,357.4297,357.1268,356.5569,356.0655,354.5472,352.7219,350.8639,350.2701,349.8743,348.9875,348.6729,348.6802,348.1405,345.364,342.3363,343.05,344.9385,347.0803,349.2558,350.4116,350.0777,349.3978,347.5616,344.8124,342.1312,340.4396,342.7718,344.8933,345.258,345.6754,346.0848,348.3165,350.5785,353.2178,354.2688,352.8719,354.2557,356.7982,357.0335,358.6749,359.806,357.2458,353.4566,350.6285,350.9683

Time pixel : 90.23777,90.34295,90.46788,90.6418,90.85937,91.07695,91.25087,91.3758,91.49352,91.60591,91.7111,91.77983,91.8611,92.02248,92.22752,92.40144,92.5389,92.70028,92.86167,92.98659,93.10432,93.22924,93.39062,93.55201,93.68947,93.86339,94.08097,94.29854,94.47246,94.60993,94.78385,94.98888,95.1628,95.30027,95.47419,95.69176,95.92187,96.15199,96.3821,96.61222,96.82979,97.00371,97.14118,97.30256,97.46394,97.58886,97.70659,97.81898,97.92417,97.9929,98.06163,98.16682,98.27921,98.39693,98.52186,98.68324,98.83208,98.91335,98.98208,99.07473,99.14347,99.2122,99.31739,99.44231,99.60369,99.76507,99.89,99.99519,100.0639,100.1327,100.2378,100.3502,100.468,100.5803,100.6855,100.7543,100.823,100.9156,100.9844,101.0531,101.1458,101.2145,101.2832,101.3884,101.5008,101.606,101.6622

Position pixel : 29.139,29.1952,29.2878,29.344,29.3565,29.3691,29.4253,29.5305,29.6428,29.7606,29.8855,30.0469,30.2083,30.3457,30.5196,30.7247,30.8861,30.9673,31.0361,31.1412,31.2536,31.3714,31.4963,31.6577,31.8065,31.8752,31.9003,31.9691,32.1179,32.2793,32.4042,32.5219,32.6343,32.7395,32.7957,32.8082,32.8082,32.8082,32.7957,32.7395,32.6343,32.5094,32.3355,32.1179,31.9003,31.7264,31.6015,31.4838,31.3588,31.1974,31.0361,30.8986,30.7247,30.5071,30.2895,30.1156,29.9781,29.8042,29.5866,29.3565,29.139,28.965,28.8276,28.6537,28.4361,28.2185,28.0446,27.9071,27.7457,27.5844,27.4469,27.273,27.0554,26.8253,26.5952,26.3776,26.2037,26.0662,25.9048,25.7434,25.606,25.4446,25.2832,25.1583,25.0406,24.9282,24.823

Brightness max : 381.98
Brightness min :  0.00
Feature direction : Ambiguous
Feature speed : Slow
Feature type : Curve
Start frame : 1
End frame : 244
Start time (s) : 0.000
End time (s) : 1710.980
Time step (s) : 7.041

Feature number : 9

Time (s) : 745.5472,746.2878,747.2557,748.7877,750.5763,751.9399,753.2527,754.7847,756.4049,757.9369,759.1615,760.0411,760.87,761.7496,762.8859,764.1105,765.3858,766.867,768.054,768.9712,769.7626,770.5915,771.3828,772.2117,773.0031,773.832,774.6233,775.3639,775.7596

Position (um) : 3.131,3.1237,3.1065,3.0832,3.06,3.0415,3.0268,3.0096,2.9937,2.985,2.9777,2.9665,2.9545,2.9419,2.9286,2.91,2.8868,2.8623,2.8377,2.8145,2.7959,2.7826,2.77,2.758,2.7455,2.7335,2.7209,2.7089,2.6977

Intensity : 369.6547,373.0807,374.9574,376.4534,377.2276,377.8744,378.6213,375.4792,372.3362,369.6624,367.7672,366.9594,365.9647,364.5838,362.9849,362.2588,362.7472,363.3185,365.6579,369.4738,373.271,376.7291,380.5173,384.7755,389.5336,394.639,399.8619,402.7902,405.9582

Time pixel : 105.8855,105.9907,106.1281,106.3457,106.5998,106.7934,106.9799,107.1974,107.4276,107.6451,107.8191,107.944,108.0617,108.1866,108.348,108.5219,108.7031,108.9134,109.082,109.2123,109.3247,109.4424,109.5548,109.6725,109.7849,109.9026,110.015,110.1202,110.1764

Position pixel : 29.344,29.2753,29.1139,28.8963,28.6787,28.5048,28.3673,28.206,28.0571,27.9759,27.9071,27.8019,27.6895,27.5718,27.4469,27.273,27.0554,26.8253,26.5952,26.3776,26.2037,26.0787,25.961,25.8486,25.7309,25.6185,25.5008,25.3884,25.2832

Brightness max : 381.98
Brightness min :  0.00
Feature direction : Poleward
Feature speed : Slow
Feature type : Curve
Start frame : 1
End frame : 244
Start time (s) : 0.000
End time (s) : 1710.980
Time step (s) : 7.041

Feature number : 10

Time (s) : 814.3749,814.7796,815.6744,816.6888,817.5148,818.2643,818.9233,819.5012,820.1601,820.8727,821.4965,822.1096,822.7501,823.3448,823.8489,824.2782,824.6644,825.1579,825.6972,826.1371,826.4942,826.8329,827.1716,827.5288,827.9502,828.4253,828.8651,829.305,829.7801,830.183,830.4759,830.7609,831.1533,831.5563,831.895,832.1509,832.3533,832.6093,832.9295,833.2682,833.6254,834.0468,834.5403,835.0629,835.6391,836.1969,836.6552,837.095,837.5701,838.01,838.4498,838.9064,839.2267

Position (um) : 2.5908,2.5811,2.5629,2.5442,2.5314,2.5216,2.5116,2.5011,2.4898,2.4785,2.4678,2.4561,2.4436,2.4313,2.4213,2.4144,2.4087,2.4023,2.3948,2.3872,2.3797,2.3733,2.3676,2.3612,2.354,2.3474,2.3404,2.332,2.3235,2.3169,2.3114,2.306,2.2999,2.294,2.2897,2.2855,2.2809,2.277,2.274,2.2698,2.2634,2.2547,2.2447,2.2344,2.2245,2.2157,2.2091,2.2034,2.197,2.1895,2.1819,2.1747,2.1698

Intensity : 373.6749,375.8208,379.8363,383.1319,385.2858,386.8743,388.3044,389.6467,390.9605,392.1519,393.1376,394.0759,393.0657,391.4693,389.9765,388.9051,388.095,387.2649,386.4487,385.7736,385.226,384.845,384.5855,384.3697,384.2393,384.277,383.8308,383.3371,383.0116,382.888,382.8103,382.7763,381.4374,379.7262,378.3746,377.3232,376.4371,375.4504,374.3389,373.1469,371.843,370.3311,368.6798,367.2669,365.9674,364.8081,363.9207,363.1098,362.302,361.7852,361.6432,361.5445,361.5119

Time pixel : 115.6607,115.7182,115.8452,115.9893,116.1066,116.2131,116.3067,116.3887,116.4823,116.5835,116.6721,116.7592,116.8502,116.9346,117.0062,117.0672,117.122,117.1921,117.2687,117.3312,117.3819,117.43,117.4781,117.5288,117.5887,117.6562,117.7186,117.7811,117.8486,117.9058,117.9474,117.9879,118.0436,118.1008,118.1489,118.1853,118.214,118.2504,118.2959,118.344,118.3947,118.4545,118.5246,118.5989,118.6807,118.7599,118.825,118.8875,118.9549,119.0174,119.0799,119.1447,119.1902

Position pixel : 24.2812,24.19,24.02,23.8448,23.7249,23.6326,23.539,23.4402,23.3348,23.2284,23.1281,23.019,22.9019,22.7863,22.6927,22.6277,22.5743,22.5145,22.4444,22.3728,22.3027,22.2428,22.1895,22.1296,22.0622,21.9997,21.9346,21.8554,21.7762,21.7137,21.663,21.6122,21.555,21.4993,21.4588,21.4198,21.377,21.3406,21.3119,21.2729,21.2131,21.1312,21.0376,20.9414,20.8478,20.766,20.7035,20.6502,20.5903,20.5202,20.4486,20.3812,20.3357

Brightness max : 381.98
Brightness min :  0.00
Feature direction : Poleward
Feature speed : Slow
Feature type : Curve
Start frame : 1
End frame : 244
Start time (s) : 0.000
End time (s) : 1710.980
Time step (s) : 7.041

